1.000000e-01 1.837357e-22 1.381458e-22 3.218815e-22 
1.020000e-01 1.833955e-22 1.371075e-22 3.205030e-22 
1.040000e-01 1.825983e-22 1.359095e-22 3.185078e-22 
1.060000e-01 1.813949e-22 1.348432e-22 3.162382e-22 
1.080000e-01 1.797211e-22 1.337130e-22 3.134341e-22 
1.100000e-01 1.773901e-22 1.325210e-22 3.099111e-22 
1.120000e-01 1.740046e-22 1.314214e-22 3.054259e-22 
1.140000e-01 1.682642e-22 1.302522e-22 2.985164e-22 
1.160000e-01 1.512838e-22 1.290206e-22 2.803043e-22 
1.180000e-01 1.660764e-22 1.279319e-22 2.940083e-22 
1.200000e-01 1.719661e-22 1.268009e-22 2.987670e-22 
1.220000e-01 1.749105e-22 1.255919e-22 3.005024e-22 
1.240000e-01 1.768198e-22 1.244715e-22 3.012913e-22 
1.260000e-01 1.782233e-22 1.233214e-22 3.015447e-22 
1.280000e-01 1.792900e-22 1.221669e-22 3.014570e-22 
1.300000e-01 1.801009e-22 1.210264e-22 3.011273e-22 
1.320000e-01 1.807476e-22 1.198853e-22 3.006330e-22 
1.340000e-01 1.812673e-22 1.187324e-22 2.999996e-22 
1.360000e-01 1.816742e-22 1.176073e-22 2.992815e-22 
1.380000e-01 1.819871e-22 1.164443e-22 2.984315e-22 
1.400000e-01 1.822195e-22 1.153281e-22 2.975476e-22 
1.420000e-01 1.824038e-22 1.141606e-22 2.965644e-22 
1.440000e-01 1.825158e-22 1.130114e-22 2.955272e-22 
1.460000e-01 1.825604e-22 1.118572e-22 2.944176e-22 
1.480000e-01 1.825385e-22 1.107222e-22 2.932608e-22 
1.500000e-01 1.824697e-22 1.095745e-22 2.920442e-22 
1.520000e-01 1.823510e-22 1.083996e-22 2.907506e-22 
1.540000e-01 1.821428e-22 1.072794e-22 2.894222e-22 
1.560000e-01 1.818577e-22 1.045827e-22 2.864404e-22 
1.580000e-01 1.814735e-22 1.034324e-22 2.849059e-22 
1.600000e-01 1.810060e-22 1.023396e-22 2.833456e-22 
1.620000e-01 1.803810e-22 1.012055e-22 2.815865e-22 
1.640000e-01 1.794325e-22 1.000482e-22 2.794807e-22 
1.660000e-01 1.777223e-22 9.893303e-23 2.766553e-22 
1.680000e-01 1.727109e-22 9.783764e-23 2.705485e-22 
1.700000e-01 1.745973e-22 9.674939e-23 2.713467e-22 
1.720000e-01 1.766888e-22 9.564345e-23 2.723323e-22 
1.740000e-01 1.776807e-22 9.452741e-23 2.722081e-22 
1.760000e-01 1.783211e-22 9.341017e-23 2.717313e-22 
1.780000e-01 1.788108e-22 9.229081e-23 2.711017e-22 
1.800000e-01 1.792113e-22 9.116560e-23 2.703769e-22 
1.820000e-01 1.795501e-22 9.003463e-23 2.695847e-22 
1.840000e-01 1.798601e-22 8.889710e-23 2.687572e-22 
1.860000e-01 1.801465e-22 8.776449e-23 2.679110e-22 
1.880000e-01 1.804281e-22 8.660346e-23 2.670316e-22 
1.900000e-01 1.807063e-22 8.544702e-23 2.661533e-22 
1.920000e-01 1.810348e-22 8.428402e-23 2.653188e-22 
1.940000e-01 1.815013e-22 8.313442e-23 2.646357e-22 
1.960000e-01 1.822232e-22 8.195822e-23 2.641814e-22 
1.980000e-01 1.839550e-22 8.078976e-23 2.647447e-22 
2.000000e-01 1.875345e-22 7.961266e-23 2.671472e-22 
2.020000e-01 1.848989e-22 7.844594e-23 2.633448e-22 
2.040000e-01 1.838513e-22 7.727458e-23 2.611259e-22 
2.060000e-01 1.831168e-22 7.605600e-23 2.591727e-22 
2.080000e-01 1.825252e-22 7.483880e-23 2.573640e-22 
2.100000e-01 1.819941e-22 7.360454e-23 2.555986e-22 
2.120000e-01 1.815049e-22 7.232384e-23 2.538287e-22 
2.140000e-01 1.810546e-22 7.101971e-23 2.520744e-22 
2.160000e-01 1.806224e-22 6.969540e-23 2.503178e-22 
2.180000e-01 1.801897e-22 6.831789e-23 2.485076e-22 
2.200000e-01 1.798072e-22 6.698039e-23 2.467876e-22 
2.220000e-01 1.794388e-22 6.563047e-23 2.450693e-22 
2.240000e-01 1.790412e-22 6.426480e-23 2.433060e-22 
2.260000e-01 1.786331e-22 6.285742e-23 2.414905e-22 
2.280000e-01 1.781858e-22 6.136599e-23 2.395518e-22 
2.300000e-01 1.777483e-22 5.987554e-23 2.376238e-22 
2.320000e-01 1.773185e-22 5.832422e-23 2.356427e-22 
2.340000e-01 1.768652e-22 5.671106e-23 2.335762e-22 
2.360000e-01 1.764151e-22 5.506391e-23 2.314790e-22 
2.380000e-01 1.759493e-22 5.335577e-23 2.293051e-22 
2.400000e-01 1.754619e-22 5.193142e-23 2.273934e-22 
2.420000e-01 1.749946e-22 5.079740e-23 2.257920e-22 
2.440000e-01 1.745063e-22 4.969945e-23 2.242057e-22 
2.460000e-01 1.740424e-22 4.826236e-23 2.223048e-22 
2.480000e-01 1.735843e-22 4.655443e-23 2.201387e-22 
2.500000e-01 1.731266e-22 4.453611e-23 2.176628e-22 
2.520000e-01 1.726702e-22 4.203403e-23 2.147042e-22 
2.540000e-01 1.721963e-22 3.923353e-23 2.114299e-22 
2.560000e-01 1.717317e-22 3.614757e-23 2.078792e-22 
2.580000e-01 1.712501e-22 3.260810e-23 2.038582e-22 
2.600000e-01 1.707740e-22 2.807851e-23 1.988525e-22 
2.620000e-01 1.702816e-22 2.257856e-23 1.928601e-22 
2.640000e-01 1.697846e-22 1.600269e-23 1.857873e-22 
2.660000e-01 1.692974e-22 9.704963e-24 1.790024e-22 
2.680000e-01 1.687965e-22 4.349251e-24 1.731458e-22 
2.700000e-01 1.683136e-22 9.198568e-25 1.692334e-22 
2.720000e-01 1.678172e-22 7.790048e-25 1.685962e-22 
2.740000e-01 1.673426e-22 4.765424e-24 1.721080e-22 
2.760000e-01 1.668731e-22 1.323747e-23 1.801106e-22 
2.780000e-01 1.664142e-22 1.936313e-23 1.857774e-22 
2.800000e-01 1.659448e-22 3.199228e-23 1.979371e-22 
2.820000e-01 1.654667e-22 3.725860e-23 2.027253e-22 
2.840000e-01 1.649619e-22 3.542680e-23 2.003887e-22 
2.860000e-01 1.644666e-22 3.361980e-23 1.980864e-22 
2.880000e-01 1.639447e-22 3.260621e-23 1.965509e-22 
2.900000e-01 1.634294e-22 3.236144e-23 1.957908e-22 
2.920000e-01 1.628849e-22 3.274883e-23 1.956338e-22 
2.940000e-01 1.623492e-22 3.368092e-23 1.960301e-22 
2.960000e-01 1.617978e-22 3.488882e-23 1.966866e-22 
2.980000e-01 1.612544e-22 3.634907e-23 1.976034e-22 
3.000000e-01 1.606971e-22 3.773560e-23 1.984327e-22 
3.020000e-01 1.601408e-22 3.885209e-23 1.989929e-22 
3.040000e-01 1.595611e-22 3.971388e-23 1.992749e-22 
3.060000e-01 1.589913e-22 4.043591e-23 1.994272e-22 
3.080000e-01 1.584014e-22 4.115473e-23 1.995561e-22 
3.100000e-01 1.578191e-22 4.165463e-23 1.994737e-22 
3.120000e-01 1.572177e-22 4.209755e-23 1.993152e-22 
3.140000e-01 1.566168e-22 4.233404e-23 1.989509e-22 
3.160000e-01 1.560041e-22 4.243028e-23 1.984344e-22 
3.180000e-01 1.553895e-22 4.235553e-23 1.977450e-22 
3.200000e-01 1.547733e-22 4.237723e-23 1.971505e-22 
3.220000e-01 1.541486e-22 4.245751e-23 1.966061e-22 
3.240000e-01 1.535283e-22 4.269949e-23 1.962278e-22 
3.260000e-01 1.528905e-22 4.298843e-23 1.958789e-22 
3.280000e-01 1.522619e-22 4.323538e-23 1.954973e-22 
3.300000e-01 1.516223e-22 4.348869e-23 1.951110e-22 
3.320000e-01 1.509963e-22 4.370332e-23 1.946996e-22 
3.340000e-01 1.503760e-22 4.391875e-23 1.942948e-22 
3.360000e-01 1.497582e-22 4.408823e-23 1.938464e-22 
3.380000e-01 1.491376e-22 4.425215e-23 1.933897e-22 
3.400000e-01 1.485084e-22 4.438670e-23 1.928951e-22 
3.420000e-01 1.478802e-22 4.452970e-23 1.924099e-22 
3.440000e-01 1.472278e-22 4.468757e-23 1.919154e-22 
3.460000e-01 1.465788e-22 4.484252e-23 1.914213e-22 
3.480000e-01 1.459173e-22 4.496591e-23 1.908832e-22 
3.500000e-01 1.452491e-22 4.511628e-23 1.903654e-22 
3.520000e-01 1.445832e-22 4.523064e-23 1.898138e-22 
3.540000e-01 1.438947e-22 4.534329e-23 1.892380e-22 
3.560000e-01 1.432230e-22 4.544391e-23 1.886669e-22 
3.580000e-01 1.425364e-22 4.554339e-23 1.880798e-22 
3.600000e-01 1.418540e-22 4.562037e-23 1.874744e-22 
3.620000e-01 1.411705e-22 4.569964e-23 1.868701e-22 
3.640000e-01 1.404816e-22 4.577564e-23 1.862572e-22 
3.660000e-01 1.397985e-22 4.585656e-23 1.856550e-22 
3.680000e-01 1.391045e-22 4.591955e-23 1.850240e-22 
3.700000e-01 1.384125e-22 4.598648e-23 1.843989e-22 
3.720000e-01 1.377141e-22 4.604754e-23 1.837616e-22 
3.740000e-01 1.370004e-22 4.611403e-23 1.831144e-22 
3.760000e-01 1.362898e-22 4.616037e-23 1.824502e-22 
3.780000e-01 1.355612e-22 4.620373e-23 1.817650e-22 
3.800000e-01 1.348198e-22 4.623180e-23 1.810516e-22 
3.820000e-01 1.340830e-22 4.625280e-23 1.803358e-22 
3.840000e-01 1.333159e-22 4.626963e-23 1.795855e-22 
3.860000e-01 1.325637e-22 4.629240e-23 1.788561e-22 
3.880000e-01 1.318106e-22 4.631281e-23 1.781234e-22 
3.900000e-01 1.310478e-22 4.632849e-23 1.773763e-22 
3.920000e-01 1.302904e-22 4.634685e-23 1.766373e-22 
3.940000e-01 1.295274e-22 4.636349e-23 1.758909e-22 
3.960000e-01 1.287715e-22 4.638071e-23 1.751523e-22 
3.980000e-01 1.280226e-22 4.639319e-23 1.744157e-22 
4.000000e-01 1.272656e-22 4.640205e-23 1.736677e-22 
4.020000e-01 1.265152e-22 4.640435e-23 1.729195e-22 
4.040000e-01 1.257617e-22 4.639334e-23 1.721550e-22 
4.060000e-01 1.249954e-22 4.638524e-23 1.713806e-22 
4.080000e-01 1.242270e-22 4.637619e-23 1.706032e-22 
4.100000e-01 1.234565e-22 4.636994e-23 1.698264e-22 
4.120000e-01 1.226800e-22 4.635873e-23 1.690388e-22 
4.140000e-01 1.219130e-22 4.634867e-23 1.682616e-22 
4.160000e-01 1.211379e-22 4.633783e-23 1.674757e-22 
4.180000e-01 1.203492e-22 4.632614e-23 1.666754e-22 
4.200000e-01 1.195795e-22 4.631615e-23 1.658957e-22 
4.220000e-01 1.187902e-22 4.630072e-23 1.650909e-22 
4.240000e-01 1.179988e-22 4.628741e-23 1.642862e-22 
4.260000e-01 1.172120e-22 4.626911e-23 1.634811e-22 
4.280000e-01 1.164203e-22 4.624923e-23 1.626696e-22 
4.300000e-01 1.156292e-22 4.552994e-23 1.611591e-22 
4.320000e-01 1.148410e-22 4.551096e-23 1.603520e-22 
4.340000e-01 1.140399e-22 4.549459e-23 1.595345e-22 
4.360000e-01 1.132403e-22 4.547914e-23 1.587195e-22 
4.380000e-01 1.124349e-22 4.546767e-23 1.579025e-22 
4.400000e-01 1.116244e-22 4.545441e-23 1.570788e-22 
4.420000e-01 1.108176e-22 4.542573e-23 1.562433e-22 
4.440000e-01 1.100154e-22 4.540004e-23 1.554154e-22 
4.460000e-01 1.092011e-22 4.537227e-23 1.545734e-22 
4.480000e-01 1.083815e-22 4.534522e-23 1.537267e-22 
4.500000e-01 1.075713e-22 4.532070e-23 1.528920e-22 
4.520000e-01 1.067505e-22 4.527274e-23 1.520232e-22 
4.540000e-01 1.059228e-22 4.522309e-23 1.511459e-22 
4.560000e-01 1.051001e-22 4.517722e-23 1.502773e-22 
4.580000e-01 1.042740e-22 4.512805e-23 1.494021e-22 
4.600000e-01 1.034355e-22 4.508116e-23 1.485167e-22 
4.620000e-01 1.026073e-22 4.503414e-23 1.476414e-22 
4.640000e-01 1.017711e-22 4.498568e-23 1.467568e-22 
4.660000e-01 1.009237e-22 4.493620e-23 1.458599e-22 
4.680000e-01 1.000788e-22 4.489014e-23 1.449689e-22 
4.700000e-01 9.923127e-23 4.484375e-23 1.440750e-22 
4.720000e-01 9.836640e-23 4.479523e-23 1.431616e-22 
4.740000e-01 9.749970e-23 4.473386e-23 1.422336e-22 
4.760000e-01 9.662929e-23 4.467367e-23 1.413030e-22 
4.780000e-01 9.575343e-23 4.461063e-23 1.403641e-22 
4.800000e-01 9.486709e-23 4.454597e-23 1.394131e-22 
4.820000e-01 9.397484e-23 4.447737e-23 1.384522e-22 
4.840000e-01 9.307597e-23 4.441115e-23 1.374871e-22 
4.860000e-01 9.216200e-23 4.433899e-23 1.365010e-22 
4.880000e-01 9.123920e-23 4.426167e-23 1.355009e-22 
4.900000e-01 9.030809e-23 4.418420e-23 1.344923e-22 
4.920000e-01 8.935719e-23 4.410559e-23 1.334628e-22 
4.940000e-01 8.839883e-23 4.402795e-23 1.324268e-22 
4.960000e-01 8.743621e-23 4.394614e-23 1.313824e-22 
4.980000e-01 8.645065e-23 4.386622e-23 1.303169e-22 
5.000000e-01 8.544236e-23 4.378424e-23 1.292266e-22 
5.020000e-01 8.442445e-23 4.370978e-23 1.281342e-22 
5.040000e-01 8.338461e-23 4.363338e-23 1.270180e-22 
5.060000e-01 8.232058e-23 4.355680e-23 1.258774e-22 
5.080000e-01 8.122912e-23 4.347834e-23 1.247075e-22 
5.100000e-01 8.011121e-23 4.340298e-23 1.235142e-22 
5.120000e-01 7.895429e-23 4.332762e-23 1.222819e-22 
5.140000e-01 7.776809e-23 4.325128e-23 1.210194e-22 
5.160000e-01 7.653845e-23 4.317929e-23 1.197177e-22 
5.180000e-01 7.525967e-23 4.310625e-23 1.183659e-22 
5.200000e-01 7.391000e-23 4.303366e-23 1.169437e-22 
5.220000e-01 7.250053e-23 4.296226e-23 1.154628e-22 
5.240000e-01 7.100484e-23 4.288638e-23 1.138912e-22 
5.260000e-01 6.940606e-23 4.280736e-23 1.122134e-22 
5.280000e-01 6.768246e-23 4.272695e-23 1.104094e-22 
5.300000e-01 6.580721e-23 4.264725e-23 1.084545e-22 
5.320000e-01 6.358453e-23 4.256870e-23 1.061532e-22 
5.340000e-01 6.131322e-23 4.248656e-23 1.037998e-22 
5.360000e-01 5.839509e-23 4.240018e-23 1.007953e-22 
5.380000e-01 5.441671e-23 4.230778e-23 9.672449e-23 
5.400000e-01 4.877785e-23 4.221457e-23 9.099243e-23 
5.420000e-01 4.249219e-23 4.212539e-23 8.461758e-23 
5.440000e-01 3.848332e-23 4.204374e-23 8.052706e-23 
5.460000e-01 3.915743e-23 4.196321e-23 8.112063e-23 
5.480000e-01 4.332464e-23 4.187969e-23 8.520433e-23 
5.500000e-01 4.773435e-23 4.178668e-23 8.952103e-23 
5.520000e-01 5.112566e-23 4.169451e-23 9.282018e-23 
5.540000e-01 5.317390e-23 4.160460e-23 9.477850e-23 
5.560000e-01 5.470375e-23 4.152277e-23 9.622652e-23 
5.580000e-01 5.586697e-23 4.144636e-23 9.731333e-23 
5.600000e-01 5.683570e-23 4.136627e-23 9.820198e-23 
5.620000e-01 5.765714e-23 4.127821e-23 9.893535e-23 
5.640000e-01 5.835373e-23 4.118949e-23 9.954322e-23 
5.660000e-01 5.895147e-23 4.110121e-23 1.000527e-22 
5.680000e-01 5.945586e-23 4.101093e-23 1.004668e-22 
5.700000e-01 5.988555e-23 4.092041e-23 1.008060e-22 
5.720000e-01 6.025044e-23 4.082772e-23 1.010782e-22 
5.740000e-01 6.057128e-23 4.073590e-23 1.013072e-22 
5.760000e-01 6.085845e-23 4.064227e-23 1.015007e-22 
5.780000e-01 6.109135e-23 4.055251e-23 1.016439e-22 
5.800000e-01 6.128351e-23 4.046012e-23 1.017436e-22 
5.820000e-01 6.145044e-23 4.037116e-23 1.018216e-22 
5.840000e-01 6.159191e-23 4.028197e-23 1.018739e-22 
5.860000e-01 6.170948e-23 4.019785e-23 1.019073e-22 
5.880000e-01 6.178524e-23 4.010615e-23 1.018914e-22 
5.900000e-01 6.184752e-23 4.001661e-23 1.018641e-22 
5.920000e-01 6.189119e-23 3.992472e-23 1.018159e-22 
5.940000e-01 6.191639e-23 3.983038e-23 1.017468e-22 
5.960000e-01 6.191973e-23 3.973989e-23 1.016596e-22 
5.980000e-01 6.190083e-23 3.964664e-23 1.015475e-22 
6.000000e-01 6.187706e-23 3.955233e-23 1.014294e-22 
6.020000e-01 6.183504e-23 3.944948e-23 1.012845e-22 
6.040000e-01 6.177599e-23 3.934494e-23 1.011209e-22 
6.060000e-01 6.170237e-23 3.923892e-23 1.009413e-22 
6.080000e-01 6.161892e-23 3.914505e-23 1.007640e-22 
6.100000e-01 6.152907e-23 3.906586e-23 1.005949e-22 
6.120000e-01 6.142409e-23 3.897717e-23 1.004013e-22 
6.140000e-01 6.129522e-23 3.889559e-23 1.001908e-22 
6.160000e-01 6.117025e-23 3.879849e-23 9.996874e-23 
6.180000e-01 6.103190e-23 3.869988e-23 9.973178e-23 
6.200000e-01 6.088638e-23 3.859902e-23 9.948540e-23 
6.220000e-01 6.072709e-23 3.850210e-23 9.922919e-23 
6.240000e-01 6.055681e-23 3.840901e-23 9.896583e-23 
6.260000e-01 6.038661e-23 3.831743e-23 9.870404e-23 
6.280000e-01 6.021081e-23 3.822534e-23 9.843615e-23 
6.300000e-01 6.001542e-23 3.812888e-23 9.814430e-23 
6.320000e-01 5.981292e-23 3.802686e-23 9.783978e-23 
6.340000e-01 5.960358e-23 3.792457e-23 9.752815e-23 
6.360000e-01 5.938361e-23 3.782323e-23 9.720684e-23 
6.380000e-01 5.915557e-23 3.773050e-23 9.688607e-23 
6.400000e-01 5.891633e-23 3.763123e-23 9.654756e-23 
6.420000e-01 5.866243e-23 3.752378e-23 9.618620e-23 
6.440000e-01 5.840946e-23 3.743245e-23 9.584190e-23 
6.460000e-01 5.814408e-23 3.734808e-23 9.549216e-23 
6.480000e-01 5.786623e-23 3.726259e-23 9.512882e-23 
6.500000e-01 5.757297e-23 3.718446e-23 9.475743e-23 
6.520000e-01 5.726865e-23 3.708582e-23 9.435447e-23 
6.540000e-01 5.695702e-23 3.697846e-23 9.393547e-23 
6.560000e-01 5.662549e-23 3.687189e-23 9.349738e-23 
6.580000e-01 5.628189e-23 3.676440e-23 9.304629e-23 
6.600000e-01 5.592490e-23 3.667076e-23 9.259566e-23 
6.620000e-01 5.555031e-23 3.657362e-23 9.212394e-23 
6.640000e-01 5.516683e-23 3.647996e-23 9.164678e-23 
6.660000e-01 5.475745e-23 3.638398e-23 9.114143e-23 
6.680000e-01 5.433314e-23 3.628592e-23 9.061906e-23 
6.700000e-01 5.388922e-23 3.618495e-23 9.007417e-23 
6.720000e-01 5.343468e-23 3.608318e-23 8.951786e-23 
6.740000e-01 5.295562e-23 3.598289e-23 8.893850e-23 
6.760000e-01 5.244748e-23 3.588837e-23 8.833586e-23 
6.780000e-01 5.191835e-23 3.579659e-23 8.771494e-23 
6.800000e-01 5.136931e-23 3.570340e-23 8.707271e-23 
6.820000e-01 5.077324e-23 3.560635e-23 8.637959e-23 
6.840000e-01 5.014657e-23 3.551380e-23 8.566037e-23 
6.860000e-01 4.947685e-23 3.542143e-23 8.489828e-23 
6.880000e-01 4.874796e-23 3.532670e-23 8.407467e-23 
6.900000e-01 4.796938e-23 3.522892e-23 8.319829e-23 
6.920000e-01 4.709996e-23 3.513477e-23 8.223473e-23 
6.940000e-01 4.611043e-23 3.503797e-23 8.114840e-23 
6.960000e-01 4.502184e-23 3.494546e-23 7.996731e-23 
6.980000e-01 4.368450e-23 3.484454e-23 7.852904e-23 
7.000000e-01 4.181026e-23 3.474820e-23 7.655846e-23 
7.020000e-01 3.958807e-23 3.464709e-23 7.423516e-23 
7.040000e-01 3.686776e-23 3.455189e-23 7.141964e-23 
7.060000e-01 3.503693e-23 3.445054e-23 6.948746e-23 
7.080000e-01 3.404163e-23 3.435705e-23 6.839867e-23 
7.100000e-01 3.510358e-23 3.425543e-23 6.935900e-23 
7.120000e-01 3.684923e-23 3.415894e-23 7.100818e-23 
7.140000e-01 3.932293e-23 3.406059e-23 7.338352e-23 
7.160000e-01 4.133730e-23 3.396681e-23 7.530411e-23 
7.180000e-01 4.304578e-23 3.387033e-23 7.691612e-23 
7.200000e-01 4.408833e-23 3.377484e-23 7.786317e-23 
7.220000e-01 4.490822e-23 3.368048e-23 7.858870e-23 
7.240000e-01 4.561973e-23 3.358961e-23 7.920933e-23 
7.260000e-01 4.618642e-23 3.349664e-23 7.968306e-23 
7.280000e-01 4.669435e-23 3.340849e-23 8.010284e-23 
7.300000e-01 4.715470e-23 3.330989e-23 8.046459e-23 
7.320000e-01 4.752461e-23 3.321484e-23 8.073946e-23 
7.340000e-01 4.787356e-23 3.311459e-23 8.098815e-23 
7.360000e-01 4.817660e-23 3.301708e-23 8.119369e-23 
7.380000e-01 4.845285e-23 3.291601e-23 8.136885e-23 
7.400000e-01 4.870729e-23 3.281652e-23 8.152381e-23 
7.420000e-01 4.892226e-23 3.271802e-23 8.164027e-23 
7.440000e-01 4.911863e-23 3.262341e-23 8.174205e-23 
7.460000e-01 4.929576e-23 3.252230e-23 8.181805e-23 
7.480000e-01 4.946015e-23 3.242589e-23 8.188604e-23 
7.500000e-01 4.960714e-23 3.233270e-23 8.193985e-23 
7.520000e-01 4.973868e-23 3.224368e-23 8.198236e-23 
7.540000e-01 4.985159e-23 3.214794e-23 8.199954e-23 
7.560000e-01 4.995038e-23 3.205401e-23 8.200439e-23 
7.580000e-01 5.004038e-23 3.196513e-23 8.200551e-23 
7.600000e-01 5.012454e-23 3.187299e-23 8.199753e-23 
7.620000e-01 5.019264e-23 3.178470e-23 8.197734e-23 
7.640000e-01 5.025509e-23 3.169365e-23 8.194875e-23 
7.660000e-01 5.030396e-23 3.160542e-23 8.190938e-23 
7.680000e-01 5.034557e-23 3.152225e-23 8.186782e-23 
7.700000e-01 5.038155e-23 3.141981e-23 8.180136e-23 
7.720000e-01 5.040926e-23 3.135395e-23 8.176321e-23 
7.740000e-01 5.042663e-23 3.126221e-23 8.168883e-23 
7.760000e-01 5.043615e-23 3.116340e-23 8.159955e-23 
7.780000e-01 5.043854e-23 3.107013e-23 8.150868e-23 
7.800000e-01 5.043474e-23 3.097468e-23 8.140942e-23 
7.820000e-01 5.042252e-23 3.087294e-23 8.129546e-23 
7.840000e-01 5.040587e-23 3.078575e-23 8.119161e-23 
7.860000e-01 5.037245e-23 3.069436e-23 8.106681e-23 
7.880000e-01 5.033735e-23 3.060317e-23 8.094052e-23 
7.900000e-01 5.029581e-23 3.051254e-23 8.080834e-23 
7.920000e-01 5.024347e-23 3.042009e-23 8.066356e-23 
7.940000e-01 5.018401e-23 3.033434e-23 8.051835e-23 
7.960000e-01 5.009275e-23 3.024851e-23 8.034127e-23 
7.980000e-01 5.000215e-23 3.015878e-23 8.016092e-23 
8.000000e-01 4.991023e-23 3.007071e-23 7.998093e-23 
8.020000e-01 4.982961e-23 2.998590e-23 7.981551e-23 
8.040000e-01 4.975922e-23 2.990370e-23 7.966292e-23 
8.060000e-01 4.968646e-23 2.981434e-23 7.950079e-23 
8.080000e-01 4.962228e-23 2.972549e-23 7.934777e-23 
8.100000e-01 4.955230e-23 2.963825e-23 7.919055e-23 
8.120000e-01 4.948890e-23 2.954770e-23 7.903659e-23 
8.140000e-01 4.943556e-23 2.944765e-23 7.888321e-23 
8.160000e-01 4.937353e-23 2.935579e-23 7.872932e-23 
8.180000e-01 4.933977e-23 2.927285e-23 7.861262e-23 
8.200000e-01 4.928077e-23 2.918710e-23 7.846787e-23 
8.220000e-01 4.922745e-23 2.910567e-23 7.833312e-23 
8.240000e-01 4.916880e-23 2.902483e-23 7.819364e-23 
8.260000e-01 4.912166e-23 2.894960e-23 7.807127e-23 
8.280000e-01 4.906943e-23 2.886777e-23 7.793721e-23 
8.300000e-01 4.901484e-23 2.878335e-23 7.779819e-23 
8.320000e-01 4.896619e-23 2.869664e-23 7.766283e-23 
8.340000e-01 4.891529e-23 2.860889e-23 7.752418e-23 
8.360000e-01 4.886725e-23 2.852001e-23 7.738726e-23 
8.380000e-01 4.882288e-23 2.843057e-23 7.725345e-23 
8.400000e-01 4.877879e-23 2.834274e-23 7.712153e-23 
8.420000e-01 4.873950e-23 2.826722e-23 7.700672e-23 
8.440000e-01 4.870230e-23 2.817971e-23 7.688201e-23 
8.460000e-01 4.866115e-23 2.809607e-23 7.675723e-23 
8.480000e-01 4.862670e-23 2.800976e-23 7.663646e-23 
8.500000e-01 4.859621e-23 2.793055e-23 7.652677e-23 
8.520000e-01 4.856639e-23 2.784890e-23 7.641529e-23 
8.540000e-01 4.853883e-23 2.776909e-23 7.630792e-23 
8.560000e-01 4.851351e-23 2.761190e-23 7.612541e-23 
8.580000e-01 4.848610e-23 2.760907e-23 7.609517e-23 
8.600000e-01 4.845950e-23 2.751794e-23 7.597744e-23 
8.620000e-01 4.842916e-23 2.742974e-23 7.585890e-23 
8.640000e-01 4.840132e-23 2.734187e-23 7.574319e-23 
8.660000e-01 4.836339e-23 2.725368e-23 7.561707e-23 
8.680000e-01 4.833532e-23 2.716912e-23 7.550443e-23 
8.700000e-01 4.830263e-23 2.708137e-23 7.538400e-23 
8.720000e-01 4.825656e-23 2.699365e-23 7.525021e-23 
8.740000e-01 4.821402e-23 2.691387e-23 7.512789e-23 
8.760000e-01 4.815819e-23 2.682558e-23 7.498377e-23 
8.780000e-01 4.809940e-23 2.674147e-23 7.484087e-23 
8.800000e-01 4.803849e-23 2.665015e-23 7.468863e-23 
8.820000e-01 4.797395e-23 2.657850e-23 7.455245e-23 
8.840000e-01 4.791625e-23 2.650934e-23 7.442560e-23 
8.860000e-01 4.785465e-23 2.643287e-23 7.428752e-23 
8.880000e-01 4.778578e-23 2.636226e-23 7.414804e-23 
8.900000e-01 4.771695e-23 2.628245e-23 7.399940e-23 
8.920000e-01 4.764184e-23 2.620555e-23 7.384739e-23 
8.940000e-01 4.756760e-23 2.612516e-23 7.369276e-23 
8.960000e-01 4.749824e-23 2.604862e-23 7.354686e-23 
8.980000e-01 4.742927e-23 2.597089e-23 7.340016e-23 
9.000000e-01 4.735209e-23 2.588735e-23 7.323944e-23 
9.020000e-01 4.727630e-23 2.579849e-23 7.307480e-23 
9.040000e-01 4.719556e-23 2.571234e-23 7.290789e-23 
9.060000e-01 4.711466e-23 2.563003e-23 7.274468e-23 
9.080000e-01 4.704106e-23 2.553932e-23 7.258038e-23 
9.100000e-01 4.695632e-23 2.546686e-23 7.242318e-23 
9.120000e-01 4.687865e-23 2.539492e-23 7.227357e-23 
9.140000e-01 4.679187e-23 2.531966e-23 7.211153e-23 
9.160000e-01 4.670549e-23 2.524698e-23 7.195247e-23 
9.180000e-01 4.662267e-23 2.517719e-23 7.179986e-23 
9.200000e-01 4.653138e-23 2.509975e-23 7.163113e-23 
9.220000e-01 4.644842e-23 2.501608e-23 7.146449e-23 
9.240000e-01 4.636536e-23 2.493586e-23 7.130122e-23 
9.260000e-01 4.628211e-23 2.484384e-23 7.112595e-23 
9.280000e-01 4.619632e-23 2.476238e-23 7.095869e-23 
9.300000e-01 4.610372e-23 2.468413e-23 7.078784e-23 
9.320000e-01 4.598790e-23 2.461705e-23 7.060494e-23 
9.340000e-01 4.589612e-23 2.455174e-23 7.044786e-23 
9.360000e-01 4.580323e-23 2.448502e-23 7.028826e-23 
9.380000e-01 4.571690e-23 2.441251e-23 7.012941e-23 
9.400000e-01 4.561970e-23 2.434549e-23 6.996519e-23 
9.420000e-01 4.553364e-23 2.427587e-23 6.980951e-23 
9.440000e-01 4.543601e-23 2.420257e-23 6.963858e-23 
9.460000e-01 4.534171e-23 2.412761e-23 6.946932e-23 
9.480000e-01 4.524505e-23 2.405456e-23 6.929961e-23 
9.500000e-01 4.515766e-23 2.398173e-23 6.913939e-23 
9.520000e-01 4.505930e-23 2.390518e-23 6.896448e-23 
9.540000e-01 4.496074e-23 2.383688e-23 6.879762e-23 
9.560000e-01 4.486890e-23 2.376893e-23 6.863783e-23 
9.580000e-01 4.476922e-23 2.369529e-23 6.846451e-23 
9.600000e-01 4.467860e-23 2.362424e-23 6.830283e-23 
9.620000e-01 4.458262e-23 2.355330e-23 6.813592e-23 
9.640000e-01 4.448261e-23 2.347866e-23 6.796127e-23 
9.660000e-01 4.438782e-23 2.339920e-23 6.778702e-23 
9.680000e-01 4.428963e-23 2.331994e-23 6.760957e-23 
9.700000e-01 4.419109e-23 2.323674e-23 6.742783e-23 
9.720000e-01 4.409158e-23 2.315843e-23 6.725002e-23 
9.740000e-01 4.399469e-23 2.308618e-23 6.708087e-23 
9.760000e-01 4.389683e-23 2.301921e-23 6.691604e-23 
9.780000e-01 4.380129e-23 2.295160e-23 6.675290e-23 
9.800000e-01 4.369914e-23 2.287977e-23 6.657892e-23 
9.820000e-01 4.359951e-23 2.281256e-23 6.641208e-23 
9.840000e-01 4.349300e-23 2.274461e-23 6.623761e-23 
9.860000e-01 4.339482e-23 2.267435e-23 6.606917e-23 
9.880000e-01 4.329790e-23 2.259632e-23 6.589423e-23 
9.900000e-01 4.319520e-23 2.252542e-23 6.572061e-23 
9.920000e-01 4.309285e-23 2.244795e-23 6.554080e-23 
9.940000e-01 4.300020e-23 2.237440e-23 6.537460e-23 
9.960000e-01 4.289344e-23 2.230667e-23 6.520012e-23 
9.980000e-01 4.279778e-23 2.226577e-23 6.506355e-23 
1.000000e+00 4.269612e-23 2.222363e-23 6.491975e-23 
1.002000e+00 4.259643e-23 2.216433e-23 6.476076e-23 
1.004000e+00 4.250005e-23 2.210259e-23 6.460264e-23 
1.006000e+00 4.239832e-23 2.204297e-23 6.444129e-23 
1.008000e+00 4.229957e-23 2.198051e-23 6.428007e-23 
1.010000e+00 4.219875e-23 2.192432e-23 6.412308e-23 
1.012000e+00 4.209669e-23 2.185886e-23 6.395555e-23 
1.014000e+00 4.199496e-23 2.179710e-23 6.379206e-23 
1.016000e+00 4.189203e-23 2.173821e-23 6.363024e-23 
1.018000e+00 4.179444e-23 2.167204e-23 6.346648e-23 
1.020000e+00 4.169336e-23 2.161126e-23 6.330462e-23 
1.022000e+00 4.159352e-23 2.154765e-23 6.314117e-23 
1.024000e+00 4.148914e-23 2.148358e-23 6.297272e-23 
1.026000e+00 4.138712e-23 2.142701e-23 6.281413e-23 
1.028000e+00 4.129016e-23 2.137211e-23 6.266226e-23 
1.030000e+00 4.118355e-23 2.131191e-23 6.249547e-23 
1.032000e+00 4.108337e-23 2.125342e-23 6.233679e-23 
1.034000e+00 4.098311e-23 2.119279e-23 6.217590e-23 
1.036000e+00 4.088550e-23 2.113440e-23 6.201990e-23 
1.038000e+00 4.078152e-23 2.107199e-23 6.185351e-23 
1.040000e+00 4.067560e-23 2.101663e-23 6.169223e-23 
1.042000e+00 4.057965e-23 2.095397e-23 6.153363e-23 
1.044000e+00 4.047514e-23 2.089450e-23 6.136965e-23 
1.046000e+00 4.037460e-23 2.083693e-23 6.121153e-23 
1.048000e+00 4.027769e-23 2.077512e-23 6.105281e-23 
1.050000e+00 4.017561e-23 2.071991e-23 6.089553e-23 
1.052000e+00 4.007272e-23 2.066694e-23 6.073967e-23 
1.054000e+00 3.997047e-23 2.061138e-23 6.058185e-23 
1.056000e+00 3.987234e-23 2.056004e-23 6.043238e-23 
1.058000e+00 3.976867e-23 2.050055e-23 6.026922e-23 
1.060000e+00 3.967363e-23 2.044201e-23 6.011564e-23 
1.062000e+00 3.956518e-23 2.038706e-23 5.995224e-23 
1.064000e+00 3.946849e-23 2.033005e-23 5.979854e-23 
1.066000e+00 3.936582e-23 2.027337e-23 5.963920e-23 
1.068000e+00 3.926427e-23 2.021248e-23 5.947675e-23 
1.070000e+00 3.915837e-23 2.015796e-23 5.931633e-23 
1.072000e+00 3.906456e-23 2.010276e-23 5.916732e-23 
1.074000e+00 3.895785e-23 2.004638e-23 5.900423e-23 
1.076000e+00 3.885867e-23 1.999244e-23 5.885111e-23 
1.078000e+00 3.875758e-23 1.993771e-23 5.869529e-23 
1.080000e+00 3.865237e-23 1.988253e-23 5.853490e-23 
1.082000e+00 3.855279e-23 1.982799e-23 5.838078e-23 
1.084000e+00 3.844149e-23 1.977410e-23 5.821559e-23 
1.086000e+00 3.834927e-23 1.972040e-23 5.806966e-23 
1.088000e+00 3.824013e-23 1.966957e-23 5.790971e-23 
1.090000e+00 3.814241e-23 1.960967e-23 5.775209e-23 
1.092000e+00 3.804670e-23 1.955333e-23 5.760003e-23 
1.094000e+00 3.793772e-23 1.950096e-23 5.743868e-23 
1.096000e+00 3.783659e-23 1.944727e-23 5.728386e-23 
1.098000e+00 3.772935e-23 1.939081e-23 5.712016e-23 
1.100000e+00 3.762951e-23 1.934054e-23 5.697006e-23 
1.102000e+00 3.753255e-23 1.928814e-23 5.682069e-23 
1.104000e+00 3.742905e-23 1.923410e-23 5.666315e-23 
1.106000e+00 3.733264e-23 1.918468e-23 5.651732e-23 
1.108000e+00 3.722819e-23 1.913170e-23 5.635989e-23 
1.110000e+00 3.713111e-23 1.908305e-23 5.621416e-23 
1.112000e+00 3.702646e-23 1.902239e-23 5.604886e-23 
1.114000e+00 3.692820e-23 1.897254e-23 5.590074e-23 
1.116000e+00 3.682913e-23 1.891855e-23 5.574768e-23 
1.118000e+00 3.672628e-23 1.886627e-23 5.559256e-23 
1.120000e+00 3.662154e-23 1.881151e-23 5.543305e-23 
1.122000e+00 3.653012e-23 1.875598e-23 5.528610e-23 
1.124000e+00 3.642268e-23 1.871066e-23 5.513333e-23 
1.126000e+00 3.632599e-23 1.866129e-23 5.498728e-23 
1.128000e+00 3.622280e-23 1.861275e-23 5.483555e-23 
1.130000e+00 3.612041e-23 1.856477e-23 5.468518e-23 
1.132000e+00 3.602347e-23 1.851052e-23 5.453400e-23 
1.134000e+00 3.592406e-23 1.846385e-23 5.438791e-23 
1.136000e+00 3.583249e-23 1.841217e-23 5.424466e-23 
1.138000e+00 3.573673e-23 1.836572e-23 5.410245e-23 
1.140000e+00 3.563364e-23 1.831548e-23 5.394912e-23 
1.142000e+00 3.552890e-23 1.826356e-23 5.379245e-23 
1.144000e+00 3.543277e-23 1.821227e-23 5.364503e-23 
1.146000e+00 3.532647e-23 1.816286e-23 5.348933e-23 
1.148000e+00 3.522834e-23 1.811537e-23 5.334371e-23 
1.150000e+00 3.513126e-23 1.806469e-23 5.319595e-23 
1.152000e+00 3.503981e-23 1.801994e-23 5.305975e-23 
1.154000e+00 3.493880e-23 1.797307e-23 5.291187e-23 
1.156000e+00 3.484491e-23 1.792694e-23 5.277185e-23 
1.158000e+00 3.474031e-23 1.787551e-23 5.261582e-23 
1.160000e+00 3.465325e-23 1.782578e-23 5.247903e-23 
1.162000e+00 3.455304e-23 1.777549e-23 5.232853e-23 
1.164000e+00 3.445260e-23 1.773131e-23 5.218391e-23 
1.166000e+00 3.436571e-23 1.768168e-23 5.204738e-23 
1.168000e+00 3.426833e-23 1.763356e-23 5.190190e-23 
1.170000e+00 3.417027e-23 1.758485e-23 5.175512e-23 
1.172000e+00 3.407440e-23 1.753888e-23 5.161328e-23 
1.174000e+00 3.398335e-23 1.748314e-23 5.146649e-23 
1.176000e+00 3.388158e-23 1.744053e-23 5.132211e-23 
1.178000e+00 3.377914e-23 1.739451e-23 5.117366e-23 
1.180000e+00 3.368893e-23 1.734425e-23 5.103318e-23 
1.182000e+00 3.358519e-23 1.730464e-23 5.088983e-23 
1.184000e+00 3.347945e-23 1.725617e-23 5.073562e-23 
1.186000e+00 3.338207e-23 1.721142e-23 5.059349e-23 
1.188000e+00 3.328787e-23 1.716582e-23 5.045369e-23 
1.190000e+00 3.318553e-23 1.712104e-23 5.030657e-23 
1.192000e+00 3.309033e-23 1.707290e-23 5.016323e-23 
1.194000e+00 3.299287e-23 1.702916e-23 5.002203e-23 
1.196000e+00 3.289275e-23 1.698328e-23 4.987603e-23 
1.198000e+00 3.279966e-23 1.693708e-23 4.973674e-23 
1.200000e+00 3.269877e-23 1.688808e-23 4.958685e-23 
1.202000e+00 3.259594e-23 1.684479e-23 4.944073e-23 
1.204000e+00 3.249534e-23 1.679853e-23 4.929387e-23 
1.206000e+00 3.240164e-23 1.676172e-23 4.916336e-23 
1.208000e+00 3.230233e-23 1.671306e-23 4.901539e-23 
1.210000e+00 3.220057e-23 1.667277e-23 4.887334e-23 
1.212000e+00 3.210606e-23 1.662456e-23 4.873061e-23 
1.214000e+00 3.200572e-23 1.658430e-23 4.859003e-23 
1.216000e+00 3.191013e-23 1.654415e-23 4.845427e-23 
1.218000e+00 3.180882e-23 1.649692e-23 4.830574e-23 
1.220000e+00 3.170691e-23 1.645316e-23 4.816006e-23 
1.222000e+00 3.160409e-23 1.640887e-23 4.801297e-23 
1.224000e+00 3.149984e-23 1.636634e-23 4.786618e-23 
1.226000e+00 3.139721e-23 1.632536e-23 4.772257e-23 
1.228000e+00 3.129895e-23 1.627900e-23 4.757795e-23 
1.230000e+00 3.120029e-23 1.623311e-23 4.743340e-23 
1.232000e+00 3.110062e-23 1.619081e-23 4.729143e-23 
1.234000e+00 3.099781e-23 1.615840e-23 4.715621e-23 
1.236000e+00 3.089128e-23 1.611572e-23 4.700700e-23 
1.238000e+00 3.079002e-23 1.606736e-23 4.685738e-23 
1.240000e+00 3.068121e-23 1.602717e-23 4.670838e-23 
1.242000e+00 3.058736e-23 1.598602e-23 4.657338e-23 
1.244000e+00 3.048413e-23 1.594506e-23 4.642918e-23 
1.246000e+00 3.036557e-23 1.590418e-23 4.626975e-23 
1.248000e+00 3.025740e-23 1.586429e-23 4.612169e-23 
1.250000e+00 3.015401e-23 1.582464e-23 4.597864e-23 
1.252000e+00 3.004815e-23 1.578229e-23 4.583044e-23 
1.254000e+00 2.993714e-23 1.574076e-23 4.567790e-23 
1.256000e+00 2.982309e-23 1.569689e-23 4.551997e-23 
1.258000e+00 2.971536e-23 1.565273e-23 4.536809e-23 
1.260000e+00 2.959769e-23 1.560942e-23 4.520711e-23 
1.262000e+00 2.948129e-23 1.557493e-23 4.505621e-23 
1.264000e+00 2.937053e-23 1.553560e-23 4.490613e-23 
1.266000e+00 2.925061e-23 1.549627e-23 4.474688e-23 
1.268000e+00 2.912154e-23 1.545627e-23 4.457781e-23 
1.270000e+00 2.900144e-23 1.541830e-23 4.441974e-23 
1.272000e+00 2.886784e-23 1.537972e-23 4.424756e-23 
1.274000e+00 2.873903e-23 1.533861e-23 4.407764e-23 
1.276000e+00 2.860377e-23 1.529824e-23 4.390201e-23 
1.278000e+00 2.845921e-23 1.525804e-23 4.371725e-23 
1.280000e+00 2.831502e-23 1.521626e-23 4.353128e-23 
1.282000e+00 2.816170e-23 1.517949e-23 4.334120e-23 
1.284000e+00 2.798738e-23 1.513561e-23 4.312300e-23 
1.286000e+00 2.780507e-23 1.509539e-23 4.290045e-23 
1.288000e+00 2.760005e-23 1.514459e-23 4.274464e-23 
1.290000e+00 2.732092e-23 1.502006e-23 4.234099e-23 
1.292000e+00 2.704772e-23 1.498179e-23 4.202951e-23 
1.294000e+00 2.676567e-23 1.494143e-23 4.170710e-23 
1.296000e+00 2.647020e-23 1.490296e-23 4.137316e-23 
1.298000e+00 2.618168e-23 1.486342e-23 4.104511e-23 
1.300000e+00 2.600502e-23 1.482645e-23 4.083147e-23 
1.302000e+00 2.588471e-23 1.479115e-23 4.067586e-23 
1.304000e+00 2.576903e-23 1.474986e-23 4.051890e-23 
1.306000e+00 2.579343e-23 1.471267e-23 4.050610e-23 
1.308000e+00 2.584183e-23 1.467249e-23 4.051432e-23 
1.310000e+00 2.590066e-23 1.463551e-23 4.053617e-23 
1.312000e+00 2.603912e-23 1.460077e-23 4.063989e-23 
1.314000e+00 2.617844e-23 1.456399e-23 4.074242e-23 
1.316000e+00 2.632623e-23 1.451236e-23 4.083858e-23 
1.318000e+00 2.640108e-23 1.447380e-23 4.087488e-23 
1.320000e+00 2.647824e-23 1.443761e-23 4.091585e-23 
1.322000e+00 2.654342e-23 1.440567e-23 4.094910e-23 
1.324000e+00 2.654804e-23 1.436606e-23 4.091410e-23 
1.326000e+00 2.657826e-23 1.433350e-23 4.091176e-23 
1.328000e+00 2.659614e-23 1.429739e-23 4.089353e-23 
1.330000e+00 2.659902e-23 1.426604e-23 4.086505e-23 
1.332000e+00 2.660152e-23 1.421999e-23 4.082151e-23 
1.334000e+00 2.660296e-23 1.418615e-23 4.078911e-23 
1.336000e+00 2.659225e-23 1.415069e-23 4.074295e-23 
1.338000e+00 2.658098e-23 1.411332e-23 4.069431e-23 
1.340000e+00 2.656677e-23 1.408090e-23 4.064767e-23 
1.342000e+00 2.654337e-23 1.404435e-23 4.058772e-23 
1.344000e+00 2.652830e-23 1.400965e-23 4.053795e-23 
1.346000e+00 2.650932e-23 1.396904e-23 4.047836e-23 
1.348000e+00 2.647546e-23 1.393976e-23 4.041522e-23 
1.350000e+00 2.645731e-23 1.390250e-23 4.035981e-23 
1.352000e+00 2.643042e-23 1.386932e-23 4.029974e-23 
1.354000e+00 2.639817e-23 1.383701e-23 4.023517e-23 
1.356000e+00 2.636508e-23 1.379999e-23 4.016506e-23 
1.358000e+00 2.634145e-23 1.376936e-23 4.011081e-23 
1.360000e+00 2.630716e-23 1.373041e-23 4.003757e-23 
1.362000e+00 2.628002e-23 1.369782e-23 3.997784e-23 
1.364000e+00 2.624428e-23 1.366339e-23 3.990767e-23 
1.366000e+00 2.620838e-23 1.362969e-23 3.983807e-23 
1.368000e+00 2.616228e-23 1.359376e-23 3.975604e-23 
1.370000e+00 2.613027e-23 1.355967e-23 3.968993e-23 
1.372000e+00 2.608683e-23 1.352700e-23 3.961384e-23 
1.374000e+00 2.605369e-23 1.349140e-23 3.954510e-23 
1.376000e+00 2.601138e-23 1.345745e-23 3.946884e-23 
1.378000e+00 2.597470e-23 1.342272e-23 3.939742e-23 
1.380000e+00 2.594248e-23 1.338655e-23 3.932903e-23 
1.382000e+00 2.590045e-23 1.335777e-23 3.925822e-23 
1.384000e+00 2.585714e-23 1.332612e-23 3.918326e-23 
1.386000e+00 2.581494e-23 1.328797e-23 3.910291e-23 
1.388000e+00 2.576584e-23 1.325833e-23 3.902417e-23 
1.390000e+00 2.572831e-23 1.322871e-23 3.895702e-23 
1.392000e+00 2.568256e-23 1.319778e-23 3.888033e-23 
1.394000e+00 2.564487e-23 1.316111e-23 3.880598e-23 
1.396000e+00 2.559438e-23 1.313048e-23 3.872485e-23 
1.398000e+00 2.555715e-23 1.309885e-23 3.865600e-23 
1.400000e+00 2.551177e-23 1.306362e-23 3.857539e-23 
1.402000e+00 2.544846e-23 1.303343e-23 3.848189e-23 
1.404000e+00 2.540635e-23 1.300003e-23 3.840638e-23 
1.406000e+00 2.535882e-23 1.296363e-23 3.832246e-23 
1.408000e+00 2.530758e-23 1.293199e-23 3.823956e-23 
1.410000e+00 2.526916e-23 1.289723e-23 3.816638e-23 
1.412000e+00 2.521834e-23 1.286571e-23 3.808405e-23 
1.414000e+00 2.517893e-23 1.283969e-23 3.801862e-23 
1.416000e+00 2.512724e-23 1.280606e-23 3.793330e-23 
1.418000e+00 2.508428e-23 1.278606e-23 3.787034e-23 
1.420000e+00 2.503358e-23 1.275517e-23 3.778875e-23 
1.422000e+00 2.498916e-23 1.272572e-23 3.771489e-23 
1.424000e+00 2.495258e-23 1.269666e-23 3.764924e-23 
1.426000e+00 2.489763e-23 1.266372e-23 3.756135e-23 
1.428000e+00 2.484188e-23 1.263482e-23 3.747670e-23 
1.430000e+00 2.479277e-23 1.260446e-23 3.739723e-23 
1.432000e+00 2.474849e-23 1.257169e-23 3.732018e-23 
1.434000e+00 2.470668e-23 1.254348e-23 3.725016e-23 
1.436000e+00 2.466341e-23 1.251160e-23 3.717501e-23 
1.438000e+00 2.461463e-23 1.248477e-23 3.709941e-23 
1.440000e+00 2.456761e-23 1.244826e-23 3.701587e-23 
1.442000e+00 2.452117e-23 1.241989e-23 3.694106e-23 
1.444000e+00 2.446601e-23 1.238889e-23 3.685490e-23 
1.446000e+00 2.442298e-23 1.235842e-23 3.678140e-23 
1.448000e+00 2.437630e-23 1.232686e-23 3.670316e-23 
1.450000e+00 2.432869e-23 1.230614e-23 3.663483e-23 
1.452000e+00 2.427233e-23 1.227126e-23 3.654360e-23 
1.454000e+00 2.422685e-23 1.224176e-23 3.646861e-23 
1.456000e+00 2.417581e-23 1.221773e-23 3.639354e-23 
1.458000e+00 2.412744e-23 1.218706e-23 3.631450e-23 
1.460000e+00 2.408448e-23 1.216103e-23 3.624551e-23 
1.462000e+00 2.403350e-23 1.212958e-23 3.616308e-23 
1.464000e+00 2.398879e-23 1.209794e-23 3.608673e-23 
1.466000e+00 2.393538e-23 1.207150e-23 3.600688e-23 
1.468000e+00 2.389378e-23 1.204259e-23 3.593638e-23 
1.470000e+00 2.384401e-23 1.201569e-23 3.585970e-23 
1.472000e+00 2.379124e-23 1.198440e-23 3.577564e-23 
1.474000e+00 2.375054e-23 1.195674e-23 3.570728e-23 
1.476000e+00 2.370218e-23 1.192513e-23 3.562731e-23 
1.478000e+00 2.365264e-23 1.189883e-23 3.555147e-23 
1.480000e+00 2.360674e-23 1.186928e-23 3.547602e-23 
1.482000e+00 2.355831e-23 1.183969e-23 3.539800e-23 
1.484000e+00 2.351600e-23 1.180936e-23 3.532536e-23 
1.486000e+00 2.346177e-23 1.178257e-23 3.524434e-23 
1.488000e+00 2.340841e-23 1.175298e-23 3.516139e-23 
1.490000e+00 2.336516e-23 1.173214e-23 3.509731e-23 
1.492000e+00 2.331155e-23 1.170474e-23 3.501629e-23 
1.494000e+00 2.326854e-23 1.167739e-23 3.494593e-23 
1.496000e+00 2.321785e-23 1.164967e-23 3.486752e-23 
1.498000e+00 2.317307e-23 1.162168e-23 3.479475e-23 
1.500000e+00 2.312586e-23 1.159637e-23 3.472223e-23 
1.502000e+00 2.307249e-23 1.156514e-23 3.463763e-23 
1.504000e+00 2.302316e-23 1.153577e-23 3.455893e-23 
1.506000e+00 2.297971e-23 1.151118e-23 3.449088e-23 
1.508000e+00 2.292963e-23 1.148159e-23 3.441122e-23 
1.510000e+00 2.288692e-23 1.145023e-23 3.433715e-23 
1.512000e+00 2.284494e-23 1.142653e-23 3.427147e-23 
1.514000e+00 2.279796e-23 1.139925e-23 3.419721e-23 
1.516000e+00 2.275323e-23 1.137280e-23 3.412604e-23 
1.518000e+00 2.270359e-23 1.134594e-23 3.404954e-23 
1.520000e+00 2.265326e-23 1.132215e-23 3.397541e-23 
1.522000e+00 2.260547e-23 1.129518e-23 3.390065e-23 
1.524000e+00 2.255842e-23 1.126719e-23 3.382562e-23 
1.526000e+00 2.251268e-23 1.124081e-23 3.375350e-23 
1.528000e+00 2.245876e-23 1.121978e-23 3.367854e-23 
1.530000e+00 2.241256e-23 1.119343e-23 3.360598e-23 
1.532000e+00 2.237159e-23 1.116644e-23 3.353803e-23 
1.534000e+00 2.231869e-23 1.114090e-23 3.345958e-23 
1.536000e+00 2.228005e-23 1.111307e-23 3.339313e-23 
1.538000e+00 2.223093e-23 1.108378e-23 3.331472e-23 
1.540000e+00 2.218267e-23 1.105872e-23 3.324139e-23 
1.542000e+00 2.213328e-23 1.103281e-23 3.316609e-23 
1.544000e+00 2.208534e-23 1.100945e-23 3.309480e-23 
1.546000e+00 2.203527e-23 1.098122e-23 3.301649e-23 
1.548000e+00 2.199500e-23 1.095984e-23 3.295484e-23 
1.550000e+00 2.194448e-23 1.093319e-23 3.287767e-23 
1.552000e+00 2.190280e-23 1.090330e-23 3.280609e-23 
1.554000e+00 2.184622e-23 1.087757e-23 3.272379e-23 
1.556000e+00 2.180158e-23 1.085498e-23 3.265657e-23 
1.558000e+00 2.175968e-23 1.083306e-23 3.259274e-23 
1.560000e+00 2.170888e-23 1.080542e-23 3.251430e-23 
1.562000e+00 2.166126e-23 1.078700e-23 3.244826e-23 
1.564000e+00 2.161228e-23 1.075719e-23 3.236947e-23 
1.566000e+00 2.156442e-23 1.073403e-23 3.229845e-23 
1.568000e+00 2.152040e-23 1.071080e-23 3.223120e-23 
1.570000e+00 2.147380e-23 1.068377e-23 3.215757e-23 
1.572000e+00 2.142873e-23 1.065710e-23 3.208582e-23 
1.574000e+00 2.138752e-23 1.062578e-23 3.201330e-23 
1.576000e+00 2.133688e-23 1.060066e-23 3.193754e-23 
1.578000e+00 2.128587e-23 1.058119e-23 3.186706e-23 
1.580000e+00 2.123541e-23 1.055038e-23 3.178580e-23 
1.582000e+00 2.119476e-23 1.052449e-23 3.171925e-23 
1.584000e+00 2.114713e-23 1.050434e-23 3.165148e-23 
1.586000e+00 2.110119e-23 1.047525e-23 3.157644e-23 
1.588000e+00 2.105191e-23 1.045058e-23 3.150249e-23 
1.590000e+00 2.100104e-23 1.042746e-23 3.142850e-23 
1.592000e+00 2.096642e-23 1.041008e-23 3.137650e-23 
1.594000e+00 2.091815e-23 1.038175e-23 3.129990e-23 
1.596000e+00 2.087959e-23 1.036390e-23 3.124349e-23 
1.598000e+00 2.082968e-23 1.034135e-23 3.117103e-23 
1.600000e+00 2.078051e-23 1.031670e-23 3.109721e-23 
1.602000e+00 2.073208e-23 1.029625e-23 3.102833e-23 
1.604000e+00 2.068736e-23 1.026561e-23 3.095297e-23 
1.606000e+00 2.064614e-23 1.023977e-23 3.088591e-23 
1.608000e+00 2.060170e-23 1.021815e-23 3.081985e-23 
1.610000e+00 2.055451e-23 1.019326e-23 3.074777e-23 
1.612000e+00 2.050250e-23 1.017336e-23 3.067586e-23 
1.614000e+00 2.046330e-23 1.014999e-23 3.061329e-23 
1.616000e+00 2.041537e-23 1.012838e-23 3.054374e-23 
1.618000e+00 2.036593e-23 1.010437e-23 3.047030e-23 
1.620000e+00 2.032422e-23 1.008239e-23 3.040660e-23 
1.622000e+00 2.027742e-23 1.005351e-23 3.033093e-23 
1.624000e+00 2.022957e-23 1.003537e-23 3.026494e-23 
1.626000e+00 2.018756e-23 1.001517e-23 3.020274e-23 
1.628000e+00 2.014390e-23 9.998451e-24 3.014235e-23 
1.630000e+00 2.010346e-23 9.970866e-24 3.007432e-23 
1.632000e+00 2.005890e-23 9.952445e-24 3.001134e-23 
1.634000e+00 2.001696e-23 9.927643e-24 2.994460e-23 
1.636000e+00 1.996086e-23 9.910874e-24 2.987173e-23 
1.638000e+00 1.991985e-23 9.886390e-24 2.980624e-23 
1.640000e+00 1.987651e-23 9.864163e-24 2.974067e-23 
1.642000e+00 1.982824e-23 9.841234e-24 2.966947e-23 
1.644000e+00 1.979117e-23 9.822257e-24 2.961343e-23 
1.646000e+00 1.974388e-23 9.797544e-24 2.954142e-23 
1.648000e+00 1.970039e-23 9.779307e-24 2.947970e-23 
1.650000e+00 1.965218e-23 9.756492e-24 2.940867e-23 
1.652000e+00 1.960069e-23 9.735538e-24 2.933623e-23 
1.654000e+00 1.955520e-23 9.716909e-24 2.927211e-23 
1.656000e+00 1.951476e-23 9.691659e-24 2.920641e-23 
1.658000e+00 1.946663e-23 9.670283e-24 2.913692e-23 
1.660000e+00 1.943232e-23 9.653666e-24 2.908599e-23 
1.662000e+00 1.937855e-23 9.626569e-24 2.900512e-23 
1.664000e+00 1.933457e-23 9.607189e-24 2.894176e-23 
1.666000e+00 1.929037e-23 9.587538e-24 2.887791e-23 
1.668000e+00 1.924232e-23 9.564215e-24 2.880653e-23 
1.670000e+00 1.920624e-23 9.545597e-24 2.875184e-23 
1.672000e+00 1.915409e-23 9.527526e-24 2.868161e-23 
1.674000e+00 1.911504e-23 9.506305e-24 2.862135e-23 
1.676000e+00 1.907510e-23 9.485303e-24 2.856040e-23 
1.678000e+00 1.902981e-23 9.466766e-24 2.849657e-23 
1.680000e+00 1.897790e-23 9.443248e-24 2.842115e-23 
1.682000e+00 1.892485e-23 9.426387e-24 2.835123e-23 
1.684000e+00 1.888223e-23 9.402167e-24 2.828440e-23 
1.686000e+00 1.884279e-23 9.383138e-24 2.822593e-23 
1.688000e+00 1.879452e-23 9.361481e-24 2.815600e-23 
1.690000e+00 1.875380e-23 9.343542e-24 2.809734e-23 
1.692000e+00 1.870537e-23 9.322296e-24 2.802766e-23 
1.694000e+00 1.866304e-23 9.295704e-24 2.795874e-23 
1.696000e+00 1.862574e-23 9.282260e-24 2.790800e-23 
1.698000e+00 1.857744e-23 9.256576e-24 2.783402e-23 
1.700000e+00 1.854020e-23 9.235435e-24 2.777564e-23 
1.702000e+00 1.849239e-23 9.215833e-24 2.770823e-23 
1.704000e+00 1.844982e-23 9.198007e-24 2.764782e-23 
1.706000e+00 1.840953e-23 9.173865e-24 2.758340e-23 
1.708000e+00 1.836303e-23 9.155224e-24 2.751825e-23 
1.710000e+00 1.831858e-23 9.139421e-24 2.745800e-23 
1.712000e+00 1.828009e-23 9.120407e-24 2.740050e-23 
1.714000e+00 1.822753e-23 9.097161e-24 2.732469e-23 
1.716000e+00 1.819386e-23 9.078749e-24 2.727261e-23 
1.718000e+00 1.814791e-23 9.058079e-24 2.720598e-23 
1.720000e+00 1.810698e-23 9.043022e-24 2.715000e-23 
1.722000e+00 1.805664e-23 9.018450e-24 2.707509e-23 
1.724000e+00 1.801193e-23 8.998872e-24 2.701080e-23 
1.726000e+00 1.796903e-23 8.980061e-24 2.694909e-23 
1.728000e+00 1.792987e-23 8.959484e-24 2.688936e-23 
1.730000e+00 1.788272e-23 8.942023e-24 2.682474e-23 
1.732000e+00 1.784605e-23 8.916675e-24 2.676273e-23 
1.734000e+00 1.780160e-23 8.895286e-24 2.669688e-23 
1.736000e+00 1.775801e-23 8.878900e-24 2.663691e-23 
1.738000e+00 1.771615e-23 8.857404e-24 2.657355e-23 
1.740000e+00 1.767053e-23 8.839404e-24 2.650993e-23 
1.742000e+00 1.762143e-23 8.820572e-24 2.644200e-23 
1.744000e+00 1.757845e-23 8.804189e-24 2.638263e-23 
1.746000e+00 1.753167e-23 8.785281e-24 2.631696e-23 
1.748000e+00 1.749051e-23 8.763828e-24 2.625434e-23 
1.750000e+00 1.744636e-23 8.748268e-24 2.619463e-23 
1.752000e+00 1.740204e-23 8.731576e-24 2.613361e-23 
1.754000e+00 1.735698e-23 8.710431e-24 2.606741e-23 
1.756000e+00 1.731137e-23 8.698330e-24 2.600970e-23 
1.758000e+00 1.726648e-23 8.791995e-24 2.605847e-23 
1.760000e+00 1.722546e-23 8.659765e-24 2.588523e-23 
1.762000e+00 1.717976e-23 8.641938e-24 2.582170e-23 
1.764000e+00 1.713664e-23 8.617816e-24 2.575446e-23 
1.766000e+00 1.709056e-23 8.600620e-24 2.569118e-23 
1.768000e+00 1.704457e-23 8.582726e-24 2.562730e-23 
1.770000e+00 1.700000e-23 8.566555e-24 2.556656e-23 
1.772000e+00 1.695814e-23 8.547288e-24 2.550543e-23 
1.774000e+00 1.691365e-23 8.528018e-24 2.544167e-23 
1.776000e+00 1.685836e-23 8.512480e-24 2.537084e-23 
1.778000e+00 1.680791e-23 8.491279e-24 2.529919e-23 
1.780000e+00 1.676438e-23 8.473306e-24 2.523768e-23 
1.782000e+00 1.672025e-23 8.452827e-24 2.517308e-23 
1.784000e+00 1.666687e-23 8.440608e-24 2.510748e-23 
1.786000e+00 1.661466e-23 8.424200e-24 2.503886e-23 
1.788000e+00 1.656132e-23 8.403091e-24 2.496441e-23 
1.790000e+00 1.651728e-23 8.387795e-24 2.490508e-23 
1.792000e+00 1.646823e-23 8.375539e-24 2.484377e-23 
1.794000e+00 1.640931e-23 8.356911e-24 2.476622e-23 
1.796000e+00 1.636400e-23 8.334913e-24 2.469891e-23 
1.798000e+00 1.632158e-23 8.317078e-24 2.463866e-23 
1.800000e+00 1.625961e-23 8.305878e-24 2.456549e-23 
1.802000e+00 1.620385e-23 8.286160e-24 2.449001e-23 
1.804000e+00 1.614422e-23 8.265307e-24 2.440952e-23 
1.806000e+00 1.609030e-23 8.252089e-24 2.434239e-23 
1.808000e+00 1.602425e-23 8.233513e-24 2.425777e-23 
1.810000e+00 1.596874e-23 8.215498e-24 2.418424e-23 
1.812000e+00 1.590084e-23 8.203184e-24 2.410402e-23 
1.814000e+00 1.584413e-23 8.181782e-24 2.402591e-23 
1.816000e+00 1.575580e-23 8.161869e-24 2.391767e-23 
1.818000e+00 1.568486e-23 8.148023e-24 2.383288e-23 
1.820000e+00 1.560624e-23 8.131595e-24 2.373784e-23 
1.822000e+00 1.551920e-23 8.113721e-24 2.363292e-23 
1.824000e+00 1.541543e-23 8.096230e-24 2.351166e-23 
1.826000e+00 1.529745e-23 8.082440e-24 2.337988e-23 
1.828000e+00 1.519850e-23 8.065074e-24 2.326358e-23 
1.830000e+00 1.509098e-23 8.048179e-24 2.313916e-23 
1.832000e+00 1.498516e-23 8.034289e-24 2.301945e-23 
1.834000e+00 1.489140e-23 8.015745e-24 2.290714e-23 
1.836000e+00 1.479077e-23 8.000489e-24 2.279126e-23 
1.838000e+00 1.470409e-23 7.979466e-24 2.268355e-23 
1.840000e+00 1.466058e-23 7.967353e-24 2.262794e-23 
1.842000e+00 1.463275e-23 7.949548e-24 2.258230e-23 
1.844000e+00 1.460777e-23 7.933699e-24 2.254147e-23 
1.846000e+00 1.457324e-23 7.913385e-24 2.248663e-23 
1.848000e+00 1.460872e-23 7.905036e-24 2.251376e-23 
1.850000e+00 1.463777e-23 7.880820e-24 2.251859e-23 
1.852000e+00 1.467901e-23 7.868162e-24 2.254718e-23 
1.854000e+00 1.471554e-23 7.853308e-24 2.256885e-23 
1.856000e+00 1.477316e-23 7.832530e-24 2.260569e-23 
1.858000e+00 1.482062e-23 7.820265e-24 2.264088e-23 
1.860000e+00 1.487780e-23 7.802702e-24 2.268051e-23 
1.862000e+00 1.493330e-23 7.788122e-24 2.272142e-23 
1.864000e+00 1.495005e-23 7.766350e-24 2.271640e-23 
1.866000e+00 1.495873e-23 7.752061e-24 2.271079e-23 
1.868000e+00 1.496979e-23 7.737296e-24 2.270709e-23 
1.870000e+00 1.498373e-23 7.724581e-24 2.270832e-23 
1.872000e+00 1.498551e-23 7.707678e-24 2.269318e-23 
1.874000e+00 1.498218e-23 7.694327e-24 2.267651e-23 
1.876000e+00 1.498315e-23 7.676008e-24 2.265916e-23 
1.878000e+00 1.498496e-23 7.661043e-24 2.264601e-23 
1.880000e+00 1.497818e-23 7.651029e-24 2.262921e-23 
1.882000e+00 1.498398e-23 7.639219e-24 2.262320e-23 
1.884000e+00 1.497689e-23 7.624655e-24 2.260155e-23 
1.886000e+00 1.497164e-23 7.606969e-24 2.257861e-23 
1.888000e+00 1.496650e-23 7.592336e-24 2.255884e-23 
1.890000e+00 1.494945e-23 7.574565e-24 2.252402e-23 
1.892000e+00 1.494235e-23 7.561566e-24 2.250392e-23 
1.894000e+00 1.493944e-23 7.545542e-24 2.248498e-23 
1.896000e+00 1.492067e-23 7.528369e-24 2.244904e-23 
1.898000e+00 1.491841e-23 7.511333e-24 2.242974e-23 
1.900000e+00 1.489991e-23 7.498229e-24 2.239814e-23 
1.902000e+00 1.488298e-23 7.481473e-24 2.236446e-23 
1.904000e+00 1.486655e-23 7.471079e-24 2.233763e-23 
1.906000e+00 1.484556e-23 7.452877e-24 2.229844e-23 
1.908000e+00 1.484357e-23 7.437890e-24 2.228146e-23 
1.910000e+00 1.482730e-23 7.424318e-24 2.225161e-23 
1.912000e+00 1.481529e-23 7.411503e-24 2.222679e-23 
1.914000e+00 1.479517e-23 7.396547e-24 2.219172e-23 
1.916000e+00 1.478796e-23 7.379802e-24 2.216776e-23 
1.918000e+00 1.477157e-23 7.366937e-24 2.213850e-23 
1.920000e+00 1.475238e-23 7.354717e-24 2.210710e-23 
1.922000e+00 1.473596e-23 7.348309e-24 2.208427e-23 
1.924000e+00 1.471951e-23 7.331033e-24 2.205054e-23 
1.926000e+00 1.470770e-23 7.308583e-24 2.201629e-23 
1.928000e+00 1.468314e-23 7.296358e-24 2.197950e-23 
1.930000e+00 1.466705e-23 7.277244e-24 2.194429e-23 
1.932000e+00 1.464803e-23 7.266664e-24 2.191470e-23 
1.934000e+00 1.463454e-23 7.249855e-24 2.188439e-23 
1.936000e+00 1.461317e-23 7.233214e-24 2.184639e-23 
1.938000e+00 1.459770e-23 7.222004e-24 2.181970e-23 
1.940000e+00 1.458458e-23 7.204653e-24 2.178923e-23 
1.942000e+00 1.455610e-23 7.189125e-24 2.174522e-23 
1.944000e+00 1.454425e-23 7.178244e-24 2.172250e-23 
1.946000e+00 1.452757e-23 7.162849e-24 2.169042e-23 
1.948000e+00 1.450794e-23 7.144689e-24 2.165263e-23 
1.950000e+00 1.449118e-23 7.133494e-24 2.162467e-23 
1.952000e+00 1.446102e-23 7.117629e-24 2.157865e-23 
1.954000e+00 1.444867e-23 7.105992e-24 2.155466e-23 
1.956000e+00 1.443121e-23 7.086918e-24 2.151813e-23 
1.958000e+00 1.442233e-23 7.074296e-24 2.149663e-23 
1.960000e+00 1.439920e-23 7.064990e-24 2.146419e-23 
1.962000e+00 1.438275e-23 7.049590e-24 2.143234e-23 
1.964000e+00 1.436376e-23 7.038433e-24 2.140219e-23 
1.966000e+00 1.434060e-23 7.024904e-24 2.136551e-23 
1.968000e+00 1.432610e-23 7.007226e-24 2.133332e-23 
1.970000e+00 1.430508e-23 6.996577e-24 2.130165e-23 
1.972000e+00 1.426602e-23 6.979632e-24 2.124565e-23 
1.974000e+00 1.424493e-23 6.966889e-24 2.121182e-23 
1.976000e+00 1.422654e-23 6.957923e-24 2.118446e-23 
1.978000e+00 1.420935e-23 6.938605e-24 2.114796e-23 
1.980000e+00 1.419106e-23 6.926089e-24 2.111715e-23 
1.982000e+00 1.417170e-23 6.914676e-24 2.108637e-23 
1.984000e+00 1.414772e-23 6.896227e-24 2.104394e-23 
1.986000e+00 1.412542e-23 6.882988e-24 2.100841e-23 
1.988000e+00 1.410880e-23 6.873556e-24 2.098236e-23 
1.990000e+00 1.408410e-23 6.856453e-24 2.094055e-23 
1.992000e+00 1.407047e-23 6.841486e-24 2.091195e-23 
1.994000e+00 1.405037e-23 6.829159e-24 2.087953e-23 
1.996000e+00 1.402911e-23 6.813969e-24 2.084308e-23 
1.998000e+00 1.400652e-23 6.797974e-24 2.080449e-23 
2.000000e+00 1.398964e-23 6.790717e-24 2.078035e-23 
2.002000e+00 1.396378e-23 6.774253e-24 2.073803e-23 
2.004000e+00 1.394707e-23 6.764209e-24 2.071128e-23 
2.006000e+00 1.392548e-23 6.751735e-24 2.067722e-23 
2.008000e+00 1.390457e-23 6.743856e-24 2.064843e-23 
2.010000e+00 1.388309e-23 6.728812e-24 2.061190e-23 
2.012000e+00 1.386265e-23 6.717039e-24 2.057969e-23 
2.014000e+00 1.384185e-23 6.705119e-24 2.054697e-23 
2.016000e+00 1.382176e-23 6.689851e-24 2.051161e-23 
2.018000e+00 1.379975e-23 6.677058e-24 2.047681e-23 
2.020000e+00 1.378174e-23 6.668072e-24 2.044982e-23 
2.022000e+00 1.375742e-23 6.655017e-24 2.041244e-23 
2.024000e+00 1.373742e-23 6.642390e-24 2.037981e-23 
2.026000e+00 1.370802e-23 6.629889e-24 2.033791e-23 
2.028000e+00 1.369079e-23 6.616308e-24 2.030710e-23 
2.030000e+00 1.367584e-23 6.603988e-24 2.027983e-23 
2.032000e+00 1.365253e-23 6.589230e-24 2.024176e-23 
2.034000e+00 1.363646e-23 6.578221e-24 2.021468e-23 
2.036000e+00 1.361810e-23 6.557716e-24 2.017582e-23 
2.038000e+00 1.358801e-23 6.547282e-24 2.013529e-23 
2.040000e+00 1.358078e-23 6.534364e-24 2.011514e-23 
2.042000e+00 1.355734e-23 6.523565e-24 2.008090e-23 
2.044000e+00 1.353846e-23 6.517549e-24 2.005601e-23 
2.046000e+00 1.351494e-23 6.501804e-24 2.001674e-23 
2.048000e+00 1.349361e-23 6.490683e-24 1.998429e-23 
2.050000e+00 1.346910e-23 6.473469e-24 1.994257e-23 
2.052000e+00 1.344794e-23 6.462947e-24 1.991089e-23 
2.054000e+00 1.343420e-23 6.447297e-24 1.988150e-23 
2.056000e+00 1.341201e-23 6.436688e-24 1.984870e-23 
2.058000e+00 1.338784e-23 6.428971e-24 1.981682e-23 
2.060000e+00 1.336521e-23 6.415137e-24 1.978035e-23 
2.062000e+00 1.334299e-23 6.406536e-24 1.974953e-23 
2.064000e+00 1.333104e-23 6.387463e-24 1.971850e-23 
2.066000e+00 1.330870e-23 6.376093e-24 1.968479e-23 
2.068000e+00 1.328361e-23 6.362645e-24 1.964626e-23 
2.070000e+00 1.327271e-23 6.356499e-24 1.962921e-23 
2.072000e+00 1.324303e-23 6.343201e-24 1.958624e-23 
2.074000e+00 1.323190e-23 6.331714e-24 1.956361e-23 
2.076000e+00 1.320902e-23 6.318969e-24 1.952799e-23 
2.078000e+00 1.318738e-23 6.302931e-24 1.949031e-23 
2.080000e+00 1.317220e-23 6.295053e-24 1.946725e-23 
2.082000e+00 1.314754e-23 6.285680e-24 1.943322e-23 
2.084000e+00 1.312394e-23 6.272259e-24 1.939620e-23 
2.086000e+00 1.309558e-23 6.260843e-24 1.935642e-23 
2.088000e+00 1.307988e-23 6.246673e-24 1.932655e-23 
2.090000e+00 1.306376e-23 6.240668e-24 1.930443e-23 
2.092000e+00 1.303730e-23 6.223100e-24 1.926040e-23 
2.094000e+00 1.302529e-23 6.217946e-24 1.924324e-23 
2.096000e+00 1.299852e-23 6.202086e-24 1.920060e-23 
2.098000e+00 1.298468e-23 6.196545e-24 1.918123e-23 
2.100000e+00 1.296327e-23 6.181899e-24 1.914517e-23 
2.102000e+00 1.294528e-23 6.176348e-24 1.912163e-23 
2.104000e+00 1.291882e-23 6.160651e-24 1.907947e-23 
2.106000e+00 1.289293e-23 6.155632e-24 1.904856e-23 
2.108000e+00 1.287543e-23 6.137819e-24 1.901325e-23 
2.110000e+00 1.285409e-23 6.130584e-24 1.898467e-23 
2.112000e+00 1.283923e-23 6.117245e-24 1.895647e-23 
2.114000e+00 1.281825e-23 6.107985e-24 1.892623e-23 
2.116000e+00 1.279956e-23 6.093563e-24 1.889312e-23 
2.118000e+00 1.277060e-23 6.086535e-24 1.885714e-23 
2.120000e+00 1.275879e-23 6.071634e-24 1.883042e-23 
2.122000e+00 1.273720e-23 6.067224e-24 1.880443e-23 
2.124000e+00 1.271761e-23 6.050202e-24 1.876781e-23 
2.126000e+00 1.269370e-23 6.042296e-24 1.873600e-23 
2.128000e+00 1.267867e-23 6.030108e-24 1.870877e-23 
2.130000e+00 1.266309e-23 6.018215e-24 1.868130e-23 
2.132000e+00 1.264942e-23 6.009105e-24 1.865852e-23 
2.134000e+00 1.261854e-23 5.999741e-24 1.861828e-23 
2.136000e+00 1.260775e-23 5.981514e-24 1.858927e-23 
2.138000e+00 1.258882e-23 5.974225e-24 1.856304e-23 
2.140000e+00 1.257086e-23 5.970458e-24 1.854132e-23 
2.142000e+00 1.254362e-23 5.953865e-24 1.849748e-23 
2.144000e+00 1.252785e-23 5.948110e-24 1.847596e-23 
2.146000e+00 1.251293e-23 5.935081e-24 1.844801e-23 
2.148000e+00 1.248917e-23 5.920535e-24 1.840970e-23 
2.150000e+00 1.247351e-23 5.912261e-24 1.838577e-23 
2.152000e+00 1.244364e-23 5.903864e-24 1.834751e-23 
2.154000e+00 1.242918e-23 5.888379e-24 1.831756e-23 
2.156000e+00 1.241502e-23 5.880036e-24 1.829506e-23 
2.158000e+00 1.238369e-23 5.869229e-24 1.825292e-23 
2.160000e+00 1.236994e-23 5.854414e-24 1.822436e-23 
2.162000e+00 1.235019e-23 5.843655e-24 1.819384e-23 
2.164000e+00 1.233192e-23 5.839377e-24 1.817130e-23 
2.166000e+00 1.231180e-23 5.829766e-24 1.814156e-23 
2.168000e+00 1.228880e-23 5.811929e-24 1.810073e-23 
2.170000e+00 1.227399e-23 5.802541e-24 1.807653e-23 
2.172000e+00 1.225819e-23 5.795758e-24 1.805395e-23 
2.174000e+00 1.224176e-23 5.780058e-24 1.802181e-23 
2.176000e+00 1.222242e-23 5.770594e-24 1.799301e-23 
2.178000e+00 1.219728e-23 5.769394e-24 1.796667e-23 
2.180000e+00 1.218154e-23 5.764587e-24 1.794612e-23 
2.182000e+00 1.215735e-23 5.740437e-24 1.789779e-23 
2.184000e+00 1.213732e-23 5.727585e-24 1.786491e-23 
2.186000e+00 1.212616e-23 5.720585e-24 1.784674e-23 
2.188000e+00 1.210688e-23 5.710283e-24 1.781717e-23 
2.190000e+00 1.208145e-23 5.696183e-24 1.777763e-23 
2.192000e+00 1.205840e-23 5.685833e-24 1.774424e-23 
2.194000e+00 1.204306e-23 5.680513e-24 1.772357e-23 
2.196000e+00 1.202445e-23 5.668956e-24 1.769341e-23 
2.198000e+00 1.200758e-23 5.660977e-24 1.766856e-23 
2.200000e+00 1.198888e-23 5.647185e-24 1.763607e-23 
2.202000e+00 1.196604e-23 5.643673e-24 1.760971e-23 
2.204000e+00 1.194531e-23 5.632793e-24 1.757810e-23 
2.206000e+00 1.192419e-23 5.623830e-24 1.754802e-23 
2.208000e+00 1.190800e-23 5.607941e-24 1.751594e-23 
2.210000e+00 1.188425e-23 5.599309e-24 1.748356e-23 
2.212000e+00 1.187106e-23 5.584750e-24 1.745581e-23 
2.214000e+00 1.185022e-23 5.579570e-24 1.742979e-23 
2.216000e+00 1.183095e-23 5.571816e-24 1.740276e-23 
2.218000e+00 1.180940e-23 5.563269e-24 1.737267e-23 
2.220000e+00 1.179453e-23 5.551982e-24 1.734651e-23 
2.222000e+00 1.176991e-23 5.542767e-24 1.731268e-23 
2.224000e+00 1.175259e-23 5.533997e-24 1.728659e-23 
2.226000e+00 1.173078e-23 5.523457e-24 1.725424e-23 
2.228000e+00 1.171616e-23 5.508294e-24 1.722446e-23 
2.230000e+00 1.169525e-23 5.496426e-24 1.719167e-23 
2.232000e+00 1.167887e-23 5.485649e-24 1.716452e-23 
2.234000e+00 1.165649e-23 5.479926e-24 1.713642e-23 
2.236000e+00 1.164952e-23 5.466524e-24 1.711604e-23 
2.238000e+00 1.163381e-23 5.459359e-24 1.709316e-23 
2.240000e+00 1.161491e-23 5.454609e-24 1.706952e-23 
2.242000e+00 1.158826e-23 5.442473e-24 1.703074e-23 
2.244000e+00 1.157047e-23 5.429166e-24 1.699964e-23 
2.246000e+00 1.155121e-23 5.419812e-24 1.697102e-23 
2.248000e+00 1.153569e-23 5.413635e-24 1.694933e-23 
2.250000e+00 1.151281e-23 5.401117e-24 1.691393e-23 
2.252000e+00 1.148991e-23 5.391877e-24 1.688179e-23 
2.254000e+00 1.147119e-23 5.385640e-24 1.685683e-23 
2.256000e+00 1.145498e-23 5.376227e-24 1.683120e-23 
2.258000e+00 1.143241e-23 5.367694e-24 1.680011e-23 
2.260000e+00 1.141376e-23 5.355865e-24 1.676963e-23 
2.262000e+00 1.140781e-23 5.346945e-24 1.675475e-23 
2.264000e+00 1.138758e-23 5.337966e-24 1.672555e-23 
2.266000e+00 1.136383e-23 5.328933e-24 1.669276e-23 
2.268000e+00 1.134742e-23 5.316859e-24 1.666427e-23 
2.270000e+00 1.132385e-23 5.309136e-24 1.663299e-23 
2.272000e+00 1.130534e-23 5.295483e-24 1.660082e-23 
2.274000e+00 1.129508e-23 5.287903e-24 1.658298e-23 
2.276000e+00 1.128033e-23 5.277327e-24 1.655766e-23 
2.278000e+00 1.125544e-23 5.273457e-24 1.652890e-23 
2.280000e+00 1.123437e-23 5.264568e-24 1.649894e-23 
2.282000e+00 1.122679e-23 5.255018e-24 1.648181e-23 
2.284000e+00 1.120187e-23 5.244902e-24 1.644677e-23 
2.286000e+00 1.119255e-23 5.235108e-24 1.642766e-23 
2.288000e+00 1.117005e-23 5.223355e-24 1.639341e-23 
2.290000e+00 1.115199e-23 5.213951e-24 1.636595e-23 
2.292000e+00 1.113927e-23 5.201466e-24 1.634074e-23 
2.294000e+00 1.112092e-23 5.198806e-24 1.631973e-23 
2.296000e+00 1.110102e-23 5.188194e-24 1.628922e-23 
2.298000e+00 1.107473e-23 5.178287e-24 1.625302e-23 
2.300000e+00 1.106496e-23 5.172591e-24 1.623755e-23 
2.302000e+00 1.104248e-23 5.164101e-24 1.620658e-23 
2.304000e+00 1.102217e-23 5.155052e-24 1.617722e-23 
2.306000e+00 1.101417e-23 5.140594e-24 1.615476e-23 
2.308000e+00 1.098886e-23 5.138109e-24 1.612697e-23 
2.310000e+00 1.098190e-23 5.128992e-24 1.611089e-23 
2.312000e+00 1.096079e-23 5.117963e-24 1.607875e-23 
2.314000e+00 1.094569e-23 5.109877e-24 1.605557e-23 
2.316000e+00 1.092669e-23 5.100636e-24 1.602733e-23 
2.318000e+00 1.091192e-23 5.088788e-24 1.600071e-23 
2.320000e+00 1.089346e-23 5.082087e-24 1.597554e-23 
2.322000e+00 1.087203e-23 5.077016e-24 1.594904e-23 
2.324000e+00 1.086015e-23 5.064801e-24 1.592495e-23 
2.326000e+00 1.083613e-23 5.053805e-24 1.588994e-23 
2.328000e+00 1.081939e-23 5.051439e-24 1.587083e-23 
2.330000e+00 1.080493e-23 5.040084e-24 1.584501e-23 
2.332000e+00 1.078168e-23 5.032483e-24 1.581417e-23 
2.334000e+00 1.076566e-23 5.026093e-24 1.579175e-23 
2.336000e+00 1.075176e-23 5.012231e-24 1.576399e-23 
2.338000e+00 1.072663e-23 5.004061e-24 1.573069e-23 
2.340000e+00 1.071849e-23 4.998127e-24 1.571662e-23 
2.342000e+00 1.070786e-23 4.986782e-24 1.569465e-23 
2.344000e+00 1.068380e-23 4.976729e-24 1.566053e-23 
2.346000e+00 1.067223e-23 4.975762e-24 1.564799e-23 
2.348000e+00 1.065783e-23 4.963603e-24 1.562143e-23 
2.350000e+00 1.063511e-23 4.957820e-24 1.559293e-23 
2.352000e+00 1.062418e-23 4.951514e-24 1.557569e-23 
2.354000e+00 1.061782e-23 4.944198e-24 1.556202e-23 
2.356000e+00 1.058621e-23 4.935567e-24 1.552178e-23 
2.358000e+00 1.057875e-23 4.925764e-24 1.550451e-23 
2.360000e+00 1.055496e-23 4.919650e-24 1.547461e-23 
2.362000e+00 1.053320e-23 4.915184e-24 1.544838e-23 
2.364000e+00 1.051407e-23 4.902561e-24 1.541663e-23 
2.366000e+00 1.049953e-23 4.897992e-24 1.539753e-23 
2.368000e+00 1.048175e-23 4.884303e-24 1.536605e-23 
2.370000e+00 1.046074e-23 4.881104e-24 1.534185e-23 
2.372000e+00 1.044095e-23 4.870729e-24 1.531168e-23 
2.374000e+00 1.043165e-23 4.864719e-24 1.529637e-23 
2.376000e+00 1.041943e-23 4.856191e-24 1.527562e-23 
2.378000e+00 1.040485e-23 4.847121e-24 1.525197e-23 
2.380000e+00 1.038100e-23 4.836504e-24 1.521750e-23 
2.382000e+00 1.037308e-23 4.834887e-24 1.520797e-23 
2.384000e+00 1.035602e-23 4.821502e-24 1.517752e-23 
2.386000e+00 1.033405e-23 4.816699e-24 1.515075e-23 
2.388000e+00 1.032183e-23 4.804999e-24 1.512683e-23 
2.390000e+00 1.029693e-23 4.800094e-24 1.509702e-23 
2.392000e+00 1.027981e-23 4.785602e-24 1.506541e-23 
2.394000e+00 1.026810e-23 4.784613e-24 1.505271e-23 
2.396000e+00 1.024703e-23 4.769196e-24 1.501623e-23 
2.398000e+00 1.023370e-23 4.768136e-24 1.500183e-23 
2.400000e+00 1.022102e-23 4.762083e-24 1.498311e-23 
2.402000e+00 1.021060e-23 4.748818e-24 1.495942e-23 
2.404000e+00 1.019310e-23 4.745079e-24 1.493818e-23 
2.406000e+00 1.017310e-23 4.733818e-24 1.490692e-23 
2.408000e+00 1.015499e-23 4.727576e-24 1.488257e-23 
2.410000e+00 1.014067e-23 4.721492e-24 1.486217e-23 
2.412000e+00 1.012578e-23 4.712154e-24 1.483793e-23 
2.414000e+00 1.011594e-23 4.707264e-24 1.482320e-23 
2.416000e+00 1.009071e-23 4.700178e-24 1.479089e-23 
2.418000e+00 1.007470e-23 4.691854e-24 1.476655e-23 
2.420000e+00 1.006301e-23 4.682655e-24 1.474566e-23 
2.422000e+00 1.005342e-23 4.676031e-24 1.472945e-23 
2.424000e+00 1.003484e-23 4.666697e-24 1.470154e-23 
2.426000e+00 1.001460e-23 4.664175e-24 1.467877e-23 
2.428000e+00 9.999125e-24 4.650876e-24 1.465000e-23 
2.430000e+00 9.980873e-24 4.646006e-24 1.462688e-23 
2.432000e+00 9.967694e-24 4.637393e-24 1.460509e-23 
2.434000e+00 9.959444e-24 4.621516e-24 1.458096e-23 
2.436000e+00 9.942936e-24 4.616709e-24 1.455965e-23 
2.438000e+00 9.928222e-24 4.616167e-24 1.454439e-23 
2.440000e+00 9.913198e-24 4.600283e-24 1.451348e-23 
2.442000e+00 9.898713e-24 4.592679e-24 1.449139e-23 
2.444000e+00 9.885992e-24 4.589819e-24 1.447581e-23 
2.446000e+00 9.873483e-24 4.578689e-24 1.445217e-23 
2.448000e+00 9.844259e-24 4.573088e-24 1.441735e-23 
2.450000e+00 9.832459e-24 4.566965e-24 1.439942e-23 
2.452000e+00 9.815309e-24 4.552897e-24 1.436821e-23 
2.454000e+00 9.802638e-24 4.551531e-24 1.435417e-23 
2.456000e+00 9.789619e-24 4.544197e-24 1.433382e-23 
2.458000e+00 9.773750e-24 4.532092e-24 1.430584e-23 
2.460000e+00 9.759939e-24 4.526389e-24 1.428633e-23 
2.462000e+00 9.745127e-24 4.521535e-24 1.426666e-23 
2.464000e+00 9.732323e-24 4.515958e-24 1.424828e-23 
2.466000e+00 9.713711e-24 4.505737e-24 1.421945e-23 
2.468000e+00 9.697417e-24 4.496635e-24 1.419405e-23 
2.470000e+00 9.682444e-24 4.489177e-24 1.417162e-23 
2.472000e+00 9.667605e-24 4.484775e-24 1.415238e-23 
2.474000e+00 9.652409e-24 4.476361e-24 1.412877e-23 
2.476000e+00 9.624345e-24 4.469336e-24 1.409368e-23 
2.478000e+00 9.609335e-24 4.461444e-24 1.407078e-23 
2.480000e+00 9.596313e-24 4.454308e-24 1.405062e-23 
2.482000e+00 9.586383e-24 4.449352e-24 1.403574e-23 
2.484000e+00 9.566701e-24 4.442592e-24 1.400929e-23 
2.486000e+00 9.564544e-24 4.433065e-24 1.399761e-23 
2.488000e+00 9.547918e-24 4.426155e-24 1.397407e-23 
2.490000e+00 9.533978e-24 4.420535e-24 1.395451e-23 
2.492000e+00 9.517117e-24 4.411746e-24 1.392886e-23 
2.494000e+00 9.502397e-24 4.406972e-24 1.390937e-23 
2.496000e+00 9.487850e-24 4.396300e-24 1.388415e-23 
2.498000e+00 9.467186e-24 4.387664e-24 1.385485e-23 
2.500000e+00 9.457415e-24 4.383541e-24 1.384096e-23 
2.502000e+00 9.437216e-24 4.397912e-24 1.383513e-23 
2.504000e+00 9.426516e-24 4.390670e-24 1.381719e-23 
2.506000e+00 9.413070e-24 4.359177e-24 1.377225e-23 
2.508000e+00 9.406610e-24 4.353197e-24 1.375981e-23 
2.510000e+00 9.388320e-24 4.350370e-24 1.373869e-23 
2.512000e+00 9.372734e-24 4.341534e-24 1.371427e-23 
2.514000e+00 9.352757e-24 4.332731e-24 1.368549e-23 
2.516000e+00 9.339902e-24 4.329993e-24 1.366990e-23 
2.518000e+00 9.323335e-24 4.322660e-24 1.364599e-23 
2.520000e+00 9.310983e-24 4.315772e-24 1.362675e-23 
2.522000e+00 9.299701e-24 4.309998e-24 1.360970e-23 
2.524000e+00 9.291214e-24 4.297440e-24 1.358865e-23 
2.526000e+00 9.274767e-24 4.290611e-24 1.356538e-23 
2.528000e+00 9.258517e-24 4.287466e-24 1.354598e-23 
2.530000e+00 9.244591e-24 4.279991e-24 1.352458e-23 
2.532000e+00 9.233783e-24 4.272056e-24 1.350584e-23 
2.534000e+00 9.221023e-24 4.267163e-24 1.348819e-23 
2.536000e+00 9.204419e-24 4.258731e-24 1.346315e-23 
2.538000e+00 9.184230e-24 4.254791e-24 1.343902e-23 
2.540000e+00 9.170586e-24 4.250476e-24 1.342106e-23 
2.542000e+00 9.157253e-24 4.241907e-24 1.339916e-23 
2.544000e+00 9.146866e-24 4.234221e-24 1.338109e-23 
2.546000e+00 9.131862e-24 4.226256e-24 1.335812e-23 
2.548000e+00 9.117025e-24 4.222149e-24 1.333917e-23 
2.550000e+00 9.112713e-24 4.215788e-24 1.332850e-23 
2.552000e+00 9.095919e-24 4.211439e-24 1.330736e-23 
2.554000e+00 9.073582e-24 4.201652e-24 1.327523e-23 
2.556000e+00 9.068705e-24 4.197113e-24 1.326582e-23 
2.558000e+00 9.054964e-24 4.190586e-24 1.324555e-23 
2.560000e+00 9.037638e-24 4.182245e-24 1.321988e-23 
2.562000e+00 9.032599e-24 4.176624e-24 1.320922e-23 
2.564000e+00 9.010712e-24 4.163419e-24 1.317413e-23 
2.566000e+00 8.997115e-24 4.157317e-24 1.315443e-23 
2.568000e+00 8.978141e-24 4.150865e-24 1.312901e-23 
2.570000e+00 8.968801e-24 4.140700e-24 1.310950e-23 
2.572000e+00 8.960908e-24 4.136554e-24 1.309746e-23 
2.574000e+00 8.943064e-24 4.135145e-24 1.307821e-23 
2.576000e+00 8.927040e-24 4.130796e-24 1.305784e-23 
2.578000e+00 8.913906e-24 4.124499e-24 1.303840e-23 
2.580000e+00 8.895864e-24 4.118524e-24 1.301439e-23 
2.582000e+00 8.882655e-24 4.109530e-24 1.299218e-23 
2.584000e+00 8.865842e-24 4.102571e-24 1.296841e-23 
2.586000e+00 8.867225e-24 4.098454e-24 1.296568e-23 
2.588000e+00 8.845393e-24 4.090630e-24 1.293602e-23 
2.590000e+00 8.828034e-24 4.083849e-24 1.291188e-23 
2.592000e+00 8.819767e-24 4.075853e-24 1.289562e-23 
2.594000e+00 8.806777e-24 4.071192e-24 1.287797e-23 
2.596000e+00 8.795348e-24 4.065479e-24 1.286083e-23 
2.598000e+00 8.776411e-24 4.062800e-24 1.283921e-23 
2.600000e+00 8.766329e-24 4.058260e-24 1.282459e-23 
2.602000e+00 8.750217e-24 4.050831e-24 1.280105e-23 
2.604000e+00 8.735590e-24 4.043260e-24 1.277885e-23 
2.606000e+00 8.733037e-24 4.036580e-24 1.276962e-23 
2.608000e+00 8.708735e-24 4.025083e-24 1.273382e-23 
2.610000e+00 8.708133e-24 4.022100e-24 1.273023e-23 
2.612000e+00 8.694511e-24 4.013150e-24 1.270766e-23 
2.614000e+00 8.682437e-24 4.009199e-24 1.269164e-23 
2.616000e+00 8.664587e-24 4.001756e-24 1.266634e-23 
2.618000e+00 8.659993e-24 4.002121e-24 1.266211e-23 
2.620000e+00 8.643420e-24 3.996084e-24 1.263950e-23 
2.622000e+00 8.629636e-24 3.987324e-24 1.261696e-23 
2.624000e+00 8.615248e-24 3.981604e-24 1.259685e-23 
2.626000e+00 8.592133e-24 3.972953e-24 1.256509e-23 
2.628000e+00 8.590412e-24 3.967252e-24 1.255766e-23 
2.630000e+00 8.573777e-24 3.961324e-24 1.253510e-23 
2.632000e+00 8.561750e-24 3.953387e-24 1.251514e-23 
2.634000e+00 8.547499e-24 3.954384e-24 1.250188e-23 
2.636000e+00 8.529838e-24 3.946744e-24 1.247658e-23 
2.638000e+00 8.525634e-24 3.936366e-24 1.246200e-23 
2.640000e+00 8.512637e-24 3.930669e-24 1.244331e-23 
2.642000e+00 8.491893e-24 3.923833e-24 1.241573e-23 
2.644000e+00 8.490571e-24 3.923055e-24 1.241363e-23 
2.646000e+00 8.470945e-24 3.919245e-24 1.239019e-23 
2.648000e+00 8.461317e-24 3.908560e-24 1.236988e-23 
2.650000e+00 8.456342e-24 3.902781e-24 1.235912e-23 
2.652000e+00 8.435347e-24 3.894435e-24 1.232978e-23 
2.654000e+00 8.430144e-24 3.894591e-24 1.232474e-23 
2.656000e+00 8.406412e-24 3.887773e-24 1.229418e-23 
2.658000e+00 8.404070e-24 3.881876e-24 1.228595e-23 
2.660000e+00 8.387766e-24 3.871836e-24 1.225960e-23 
2.662000e+00 8.375751e-24 3.865380e-24 1.224113e-23 
2.664000e+00 8.364518e-24 3.863586e-24 1.222810e-23 
2.666000e+00 8.353834e-24 3.853700e-24 1.220753e-23 
2.668000e+00 8.334351e-24 3.847634e-24 1.218198e-23 
2.670000e+00 8.329413e-24 3.839339e-24 1.216875e-23 
2.672000e+00 8.310713e-24 3.830682e-24 1.214139e-23 
2.674000e+00 8.296958e-24 3.831120e-24 1.212808e-23 
2.676000e+00 8.282439e-24 3.826199e-24 1.210864e-23 
2.678000e+00 8.272734e-24 3.818373e-24 1.209111e-23 
2.680000e+00 8.265138e-24 3.811360e-24 1.207650e-23 
2.682000e+00 8.251461e-24 3.804839e-24 1.205630e-23 
2.684000e+00 8.239046e-24 3.804246e-24 1.204329e-23 
2.686000e+00 8.229131e-24 3.794469e-24 1.202360e-23 
2.688000e+00 8.211265e-24 3.787148e-24 1.199841e-23 
2.690000e+00 8.207769e-24 3.779477e-24 1.198725e-23 
2.692000e+00 8.183238e-24 3.777047e-24 1.196028e-23 
2.694000e+00 8.178499e-24 3.780800e-24 1.195930e-23 
2.696000e+00 8.165599e-24 3.772497e-24 1.193810e-23 
2.698000e+00 8.149972e-24 3.769938e-24 1.191991e-23 
2.700000e+00 8.138876e-24 3.763382e-24 1.190226e-23 
2.702000e+00 8.132428e-24 3.756088e-24 1.188852e-23 
2.704000e+00 8.109449e-24 3.755554e-24 1.186500e-23 
2.706000e+00 8.111100e-24 3.749132e-24 1.186023e-23 
2.708000e+00 8.097696e-24 3.742531e-24 1.184023e-23 
2.710000e+00 8.086377e-24 3.737689e-24 1.182407e-23 
2.712000e+00 8.068729e-24 3.730834e-24 1.179956e-23 
2.714000e+00 8.055851e-24 3.723753e-24 1.177960e-23 
2.716000e+00 8.055370e-24 3.720101e-24 1.177547e-23 
2.718000e+00 8.041122e-24 3.715318e-24 1.175644e-23 
2.720000e+00 8.039003e-24 3.710922e-24 1.174992e-23 
2.722000e+00 8.014019e-24 3.705628e-24 1.171965e-23 
2.724000e+00 8.011811e-24 3.699813e-24 1.171162e-23 
2.726000e+00 7.997121e-24 3.694607e-24 1.169173e-23 
2.728000e+00 7.974552e-24 3.693088e-24 1.166764e-23 
2.730000e+00 7.968213e-24 3.683448e-24 1.165166e-23 
2.732000e+00 7.958855e-24 3.677033e-24 1.163589e-23 
2.734000e+00 7.953811e-24 3.675951e-24 1.162976e-23 
2.736000e+00 7.935490e-24 3.667098e-24 1.160259e-23 
2.738000e+00 7.924860e-24 3.660559e-24 1.158542e-23 
2.740000e+00 7.913620e-24 3.659169e-24 1.157279e-23 
2.742000e+00 7.904688e-24 3.651490e-24 1.155618e-23 
2.744000e+00 7.897304e-24 3.645664e-24 1.154297e-23 
2.746000e+00 7.879786e-24 3.642051e-24 1.152184e-23 
2.748000e+00 7.870303e-24 3.633213e-24 1.150352e-23 
2.750000e+00 7.858351e-24 3.624747e-24 1.148310e-23 
2.752000e+00 7.838907e-24 3.625890e-24 1.146480e-23 
2.754000e+00 7.832068e-24 3.619890e-24 1.145196e-23 
2.756000e+00 7.822198e-24 3.614999e-24 1.143720e-23 
2.758000e+00 7.807699e-24 3.609181e-24 1.141688e-23 
2.760000e+00 7.802740e-24 3.602346e-24 1.140509e-23 
2.762000e+00 7.783273e-24 3.599076e-24 1.138235e-23 
2.764000e+00 7.776150e-24 3.590104e-24 1.136625e-23 
2.766000e+00 7.764069e-24 3.589849e-24 1.135392e-23 
2.768000e+00 7.755078e-24 3.583646e-24 1.133872e-23 
2.770000e+00 7.747424e-24 3.581837e-24 1.132926e-23 
2.772000e+00 7.739706e-24 3.572627e-24 1.131233e-23 
2.774000e+00 7.729793e-24 3.564295e-24 1.129409e-23 
2.776000e+00 7.707632e-24 3.561649e-24 1.126928e-23 
2.778000e+00 7.698097e-24 3.556245e-24 1.125434e-23 
2.780000e+00 7.684719e-24 3.551949e-24 1.123667e-23 
2.782000e+00 7.678402e-24 3.545604e-24 1.122401e-23 
2.784000e+00 7.667504e-24 3.545913e-24 1.121342e-23 
2.786000e+00 7.661261e-24 3.529409e-24 1.119067e-23 
2.788000e+00 7.651232e-24 3.530793e-24 1.118203e-23 
2.790000e+00 7.643011e-24 3.520519e-24 1.116353e-23 
2.792000e+00 7.616009e-24 3.515606e-24 1.113161e-23 
2.794000e+00 7.611458e-24 3.509555e-24 1.112101e-23 
2.796000e+00 7.597515e-24 3.505697e-24 1.110321e-23 
2.798000e+00 7.591462e-24 3.501264e-24 1.109273e-23 
2.800000e+00 7.583454e-24 3.492332e-24 1.107579e-23 
2.802000e+00 7.570970e-24 3.493199e-24 1.106417e-23 
2.804000e+00 7.558403e-24 3.483834e-24 1.104224e-23 
2.806000e+00 7.550867e-24 3.479560e-24 1.103043e-23 
2.808000e+00 7.542555e-24 3.473824e-24 1.101638e-23 
2.810000e+00 7.521042e-24 3.468797e-24 1.098984e-23 
2.812000e+00 7.514640e-24 3.469104e-24 1.098374e-23 
2.814000e+00 7.504216e-24 3.458813e-24 1.096303e-23 
2.816000e+00 7.490631e-24 3.456966e-24 1.094760e-23 
2.818000e+00 7.481731e-24 3.447889e-24 1.092962e-23 
2.820000e+00 7.476752e-24 3.444755e-24 1.092151e-23 
2.822000e+00 7.465398e-24 3.436221e-24 1.090162e-23 
2.824000e+00 7.452721e-24 3.437118e-24 1.088984e-23 
2.826000e+00 7.440363e-24 3.428254e-24 1.086862e-23 
2.828000e+00 7.436561e-24 3.426125e-24 1.086269e-23 
2.830000e+00 7.406780e-24 3.418396e-24 1.082518e-23 
2.832000e+00 7.405271e-24 3.417642e-24 1.082291e-23 
2.834000e+00 7.392264e-24 3.409002e-24 1.080127e-23 
2.836000e+00 7.380275e-24 3.407635e-24 1.078791e-23 
2.838000e+00 7.370863e-24 3.403602e-24 1.077447e-23 
2.840000e+00 7.365258e-24 3.397544e-24 1.076280e-23 
2.842000e+00 7.351591e-24 3.394494e-24 1.074608e-23 
2.844000e+00 7.338882e-24 3.387077e-24 1.072596e-23 
2.846000e+00 7.330674e-24 3.383964e-24 1.071464e-23 
2.848000e+00 7.320081e-24 3.375599e-24 1.069568e-23 
2.850000e+00 7.309893e-24 3.373957e-24 1.068385e-23 
2.852000e+00 7.306741e-24 3.364766e-24 1.067151e-23 
2.854000e+00 7.291473e-24 3.363623e-24 1.065510e-23 
2.856000e+00 7.275054e-24 3.354468e-24 1.062952e-23 
2.858000e+00 7.265701e-24 3.352785e-24 1.061849e-23 
2.860000e+00 7.256627e-24 3.346607e-24 1.060323e-23 
2.862000e+00 7.248787e-24 3.347289e-24 1.059608e-23 
2.864000e+00 7.236083e-24 3.339907e-24 1.057599e-23 
2.866000e+00 7.224175e-24 3.333672e-24 1.055785e-23 
2.868000e+00 7.211905e-24 3.331616e-24 1.054352e-23 
2.870000e+00 7.205818e-24 3.325767e-24 1.053158e-23 
2.872000e+00 7.193896e-24 3.323055e-24 1.051695e-23 
2.874000e+00 7.194204e-24 3.315280e-24 1.050948e-23 
2.876000e+00 7.181694e-24 3.314174e-24 1.049587e-23 
2.878000e+00 7.169036e-24 3.303274e-24 1.047231e-23 
2.880000e+00 7.162703e-24 3.302005e-24 1.046471e-23 
2.882000e+00 7.155218e-24 3.293134e-24 1.044835e-23 
2.884000e+00 7.140993e-24 3.290326e-24 1.043132e-23 
2.886000e+00 7.128438e-24 3.289523e-24 1.041796e-23 
2.888000e+00 7.119256e-24 3.279907e-24 1.039916e-23 
2.890000e+00 7.104629e-24 3.276408e-24 1.038104e-23 
2.892000e+00 7.103969e-24 3.276223e-24 1.038019e-23 
2.894000e+00 7.099513e-24 3.268135e-24 1.036765e-23 
2.896000e+00 7.084495e-24 3.267887e-24 1.035238e-23 
2.898000e+00 7.070836e-24 3.265938e-24 1.033677e-23 
2.900000e+00 7.060931e-24 3.255542e-24 1.031647e-23 
2.902000e+00 7.052666e-24 3.252827e-24 1.030549e-23 
2.904000e+00 7.043047e-24 3.252919e-24 1.029597e-23 
2.906000e+00 7.031462e-24 3.243051e-24 1.027451e-23 
2.908000e+00 7.026754e-24 3.244238e-24 1.027099e-23 
2.910000e+00 7.021288e-24 3.229494e-24 1.025078e-23 
2.912000e+00 7.012641e-24 3.229804e-24 1.024245e-23 
2.914000e+00 6.998061e-24 3.229655e-24 1.022772e-23 
2.916000e+00 6.985556e-24 3.220396e-24 1.020595e-23 
2.918000e+00 6.974215e-24 3.220644e-24 1.019486e-23 
2.920000e+00 6.963499e-24 3.215456e-24 1.017896e-23 
2.922000e+00 6.958117e-24 3.204962e-24 1.016308e-23 
2.924000e+00 6.943937e-24 3.205977e-24 1.014991e-23 
2.926000e+00 6.939312e-24 3.210062e-24 1.014937e-23 
2.928000e+00 6.931090e-24 3.199618e-24 1.013071e-23 
2.930000e+00 6.920535e-24 3.194227e-24 1.011476e-23 
2.932000e+00 6.908990e-24 3.187713e-24 1.009670e-23 
2.934000e+00 6.896599e-24 3.183930e-24 1.008053e-23 
2.936000e+00 6.885115e-24 3.179959e-24 1.006507e-23 
2.938000e+00 6.878758e-24 3.175312e-24 1.005407e-23 
2.940000e+00 6.867733e-24 3.168926e-24 1.003666e-23 
2.942000e+00 6.862712e-24 3.164023e-24 1.002674e-23 
2.944000e+00 6.851817e-24 3.165035e-24 1.001685e-23 
2.946000e+00 6.843554e-24 3.154786e-24 9.998340e-24 
2.948000e+00 6.977878e-24 3.152757e-24 1.013063e-23 
2.950000e+00 6.817171e-24 3.151182e-24 9.968353e-24 
2.952000e+00 6.803498e-24 3.140777e-24 9.944275e-24 
2.954000e+00 6.799033e-24 3.137027e-24 9.936060e-24 
2.956000e+00 6.789729e-24 3.137381e-24 9.927111e-24 
2.958000e+00 6.775297e-24 3.137142e-24 9.912439e-24 
2.960000e+00 6.770697e-24 3.126715e-24 9.897412e-24 
2.962000e+00 6.767497e-24 3.124036e-24 9.891533e-24 
2.964000e+00 6.754667e-24 3.124396e-24 9.879063e-24 
2.966000e+00 6.742731e-24 3.114092e-24 9.856823e-24 
2.968000e+00 6.739063e-24 3.113578e-24 9.852641e-24 
2.970000e+00 6.733298e-24 3.106689e-24 9.839986e-24 
2.972000e+00 6.716397e-24 3.107087e-24 9.823484e-24 
2.974000e+00 6.704951e-24 3.097343e-24 9.802294e-24 
2.976000e+00 6.697754e-24 3.094822e-24 9.792575e-24 
2.978000e+00 6.697076e-24 3.091428e-24 9.788504e-24 
2.980000e+00 6.685001e-24 3.082835e-24 9.767835e-24 
2.982000e+00 6.674288e-24 3.084698e-24 9.758986e-24 
2.984000e+00 6.658943e-24 3.082194e-24 9.741138e-24 
2.986000e+00 6.663023e-24 3.079019e-24 9.742042e-24 
2.988000e+00 6.648005e-24 3.068485e-24 9.716490e-24 
2.990000e+00 6.633465e-24 3.066810e-24 9.700275e-24 
2.992000e+00 6.629165e-24 3.060359e-24 9.689525e-24 
2.994000e+00 6.619044e-24 3.055976e-24 9.675020e-24 
2.996000e+00 6.607651e-24 3.052093e-24 9.659744e-24 
2.998000e+00 6.595428e-24 3.050082e-24 9.645509e-24 
