1.000000e-01 1.837313e-22 1.381449e-22 3.218762e-22 
1.020000e-01 1.833909e-22 1.371065e-22 3.204974e-22 
1.040000e-01 1.825943e-22 1.359084e-22 3.185027e-22 
1.060000e-01 1.813908e-22 1.348180e-22 3.162087e-22 
1.080000e-01 1.797168e-22 1.337104e-22 3.134272e-22 
1.100000e-01 1.773851e-22 1.325184e-22 3.099034e-22 
1.120000e-01 1.740004e-22 1.314186e-22 3.054190e-22 
1.140000e-01 1.682599e-22 1.302494e-22 2.985093e-22 
1.160000e-01 1.512823e-22 1.290177e-22 2.803000e-22 
1.180000e-01 1.660751e-22 1.279289e-22 2.940040e-22 
1.200000e-01 1.719647e-22 1.267979e-22 2.987626e-22 
1.220000e-01 1.749094e-22 1.255926e-22 3.005020e-22 
1.240000e-01 1.768180e-22 1.244689e-22 3.012869e-22 
1.260000e-01 1.782214e-22 1.233188e-22 3.015401e-22 
1.280000e-01 1.792860e-22 1.221649e-22 3.014509e-22 
1.300000e-01 1.800967e-22 1.197854e-22 2.998821e-22 
1.320000e-01 1.807433e-22 1.198833e-22 3.006266e-22 
1.340000e-01 1.812628e-22 1.187303e-22 2.999931e-22 
1.360000e-01 1.816696e-22 1.176076e-22 2.992772e-22 
1.380000e-01 1.819825e-22 1.164445e-22 2.984270e-22 
1.400000e-01 1.822148e-22 1.153280e-22 2.975428e-22 
1.420000e-01 1.823989e-22 1.141612e-22 2.965601e-22 
1.440000e-01 1.825108e-22 1.130120e-22 2.955227e-22 
1.460000e-01 1.825553e-22 1.118559e-22 2.944112e-22 
1.480000e-01 1.825346e-22 1.107209e-22 2.932555e-22 
1.500000e-01 1.824706e-22 1.095732e-22 2.920438e-22 
1.520000e-01 1.823475e-22 1.083986e-22 2.907460e-22 
1.540000e-01 1.821392e-22 1.072784e-22 2.894175e-22 
1.560000e-01 1.818539e-22 1.045851e-22 2.864390e-22 
1.580000e-01 1.814697e-22 1.034321e-22 2.849017e-22 
1.600000e-01 1.810020e-22 1.023394e-22 2.833414e-22 
1.620000e-01 1.803771e-22 1.012053e-22 2.815824e-22 
1.640000e-01 1.794285e-22 1.000480e-22 2.794765e-22 
1.660000e-01 1.777183e-22 9.893295e-23 2.766513e-22 
1.680000e-01 1.727069e-22 9.783760e-23 2.705445e-22 
1.700000e-01 1.745932e-22 9.674948e-23 2.713427e-22 
1.720000e-01 1.766877e-22 9.564355e-23 2.723312e-22 
1.740000e-01 1.776804e-22 9.452747e-23 2.722079e-22 
1.760000e-01 1.783208e-22 9.341019e-23 2.717309e-22 
1.780000e-01 1.788104e-22 9.229086e-23 2.711012e-22 
1.800000e-01 1.792079e-22 9.116566e-23 2.703735e-22 
1.820000e-01 1.795466e-22 9.003472e-23 2.695813e-22 
1.840000e-01 1.798565e-22 8.889724e-23 2.687538e-22 
1.860000e-01 1.801428e-22 8.776469e-23 2.679075e-22 
1.880000e-01 1.804251e-22 8.660369e-23 2.670288e-22 
1.900000e-01 1.807033e-22 8.544729e-23 2.661506e-22 
1.920000e-01 1.810317e-22 8.428435e-23 2.653160e-22 
1.940000e-01 1.814981e-22 8.313481e-23 2.646329e-22 
1.960000e-01 1.822191e-22 8.196033e-23 2.641794e-22 
1.980000e-01 1.839512e-22 8.079297e-23 2.647441e-22 
2.000000e-01 1.875305e-22 7.961609e-23 2.671466e-22 
2.020000e-01 1.848949e-22 7.844973e-23 2.633447e-22 
2.040000e-01 1.838473e-22 7.727855e-23 2.611258e-22 
2.060000e-01 1.831127e-22 7.606021e-23 2.591729e-22 
2.080000e-01 1.825211e-22 7.484303e-23 2.573641e-22 
2.100000e-01 1.819900e-22 7.360904e-23 2.555990e-22 
2.120000e-01 1.670073e-22 7.232825e-23 2.393355e-22 
2.140000e-01 1.810504e-22 7.102442e-23 2.520749e-22 
2.160000e-01 1.806181e-22 6.970002e-23 2.503181e-22 
2.180000e-01 1.801854e-22 6.832283e-23 2.485082e-22 
2.200000e-01 1.798029e-22 6.698565e-23 2.467886e-22 
2.220000e-01 1.794341e-22 6.563609e-23 2.450702e-22 
2.240000e-01 1.790365e-22 6.427084e-23 2.433073e-22 
2.260000e-01 1.786283e-22 6.286379e-23 2.414921e-22 
2.280000e-01 1.781809e-22 6.137276e-23 2.395537e-22 
2.300000e-01 1.777434e-22 5.988227e-23 2.376257e-22 
2.320000e-01 1.773137e-22 5.833126e-23 2.356449e-22 
2.340000e-01 1.768603e-22 5.671843e-23 2.335787e-22 
2.360000e-01 1.764102e-22 5.507159e-23 2.314818e-22 
2.380000e-01 1.759443e-22 5.336375e-23 2.293081e-22 
2.400000e-01 1.754569e-22 5.193968e-23 2.273966e-22 
2.420000e-01 1.749895e-22 5.080578e-23 2.257953e-22 
2.440000e-01 1.745012e-22 4.970807e-23 2.242092e-22 
2.460000e-01 1.740373e-22 4.827346e-23 2.223107e-22 
2.480000e-01 1.735791e-22 4.656572e-23 2.201448e-22 
2.500000e-01 1.731216e-22 4.454755e-23 2.176692e-22 
2.520000e-01 1.726651e-22 4.204555e-23 2.147106e-22 
2.540000e-01 1.721934e-22 3.924477e-23 2.114382e-22 
2.560000e-01 1.717287e-22 3.615887e-23 2.078876e-22 
2.580000e-01 1.712488e-22 3.261907e-23 2.038678e-22 
2.600000e-01 1.707727e-22 2.808854e-23 1.988612e-22 
2.620000e-01 1.702801e-22 2.258736e-23 1.928675e-22 
2.640000e-01 1.697832e-22 1.600953e-23 1.857927e-22 
2.660000e-01 1.692960e-22 9.709493e-24 1.790055e-22 
2.680000e-01 1.687952e-22 4.351488e-24 1.731466e-22 
2.700000e-01 1.683122e-22 9.203554e-25 1.692326e-22 
2.720000e-01 1.678158e-22 7.794358e-25 1.685953e-22 
2.740000e-01 1.673413e-22 4.768012e-24 1.721093e-22 
2.760000e-01 1.668719e-22 1.324409e-23 1.801160e-22 
2.780000e-01 1.664130e-22 1.937073e-23 1.857838e-22 
2.800000e-01 1.659436e-22 3.200076e-23 1.979444e-22 
2.820000e-01 1.654656e-22 3.726674e-23 2.027324e-22 
2.840000e-01 1.649608e-22 3.543489e-23 2.003956e-22 
2.860000e-01 1.644656e-22 3.362783e-23 1.980934e-22 
2.880000e-01 1.639437e-22 3.261424e-23 1.965579e-22 
2.900000e-01 1.634284e-22 3.236961e-23 1.957980e-22 
2.920000e-01 1.628840e-22 3.275719e-23 1.956412e-22 
2.940000e-01 1.623484e-22 3.368945e-23 1.960378e-22 
2.960000e-01 1.568346e-22 3.489766e-23 1.917323e-22 
2.980000e-01 1.612560e-22 3.635842e-23 1.976144e-22 
3.000000e-01 1.606988e-22 3.774484e-23 1.984436e-22 
3.020000e-01 1.601427e-22 3.886162e-23 1.990043e-22 
3.040000e-01 1.595630e-22 3.972367e-23 1.992867e-22 
3.060000e-01 1.589934e-22 4.044610e-23 1.994395e-22 
3.080000e-01 1.584035e-22 4.116518e-23 1.995687e-22 
3.100000e-01 1.578213e-22 4.166529e-23 1.994866e-22 
3.120000e-01 1.572200e-22 4.210794e-23 1.993280e-22 
3.140000e-01 1.566193e-22 4.234535e-23 1.989646e-22 
3.160000e-01 1.560067e-22 4.244260e-23 1.984493e-22 
3.180000e-01 1.553916e-22 4.236675e-23 1.977584e-22 
3.200000e-01 1.547756e-22 4.238865e-23 1.971642e-22 
3.220000e-01 1.541510e-22 4.246923e-23 1.966202e-22 
3.240000e-01 1.535308e-22 4.271145e-23 1.962423e-22 
3.260000e-01 1.528931e-22 4.300063e-23 1.958938e-22 
3.280000e-01 1.522647e-22 4.324726e-23 1.955119e-22 
3.300000e-01 1.516252e-22 4.350083e-23 1.951260e-22 
3.320000e-01 1.509993e-22 4.371553e-23 1.947149e-22 
3.340000e-01 1.503796e-22 4.393120e-23 1.943108e-22 
3.360000e-01 1.497620e-22 4.410090e-23 1.938629e-22 
3.380000e-01 1.491415e-22 4.426550e-23 1.934070e-22 
3.400000e-01 1.485124e-22 4.440030e-23 1.929127e-22 
3.420000e-01 1.478843e-22 4.454383e-23 1.924281e-22 
3.440000e-01 1.472321e-22 4.470119e-23 1.919333e-22 
3.460000e-01 1.465946e-22 4.485631e-23 1.914510e-22 
3.480000e-01 1.459334e-22 4.499544e-23 1.909288e-22 
3.500000e-01 1.452667e-22 4.513057e-23 1.903972e-22 
3.520000e-01 1.446010e-22 4.524518e-23 1.898462e-22 
3.540000e-01 1.439128e-22 4.535810e-23 1.892709e-22 
3.560000e-01 1.432414e-22 4.545902e-23 1.887004e-22 
3.580000e-01 1.425551e-22 4.555876e-23 1.881138e-22 
3.600000e-01 1.418729e-22 4.563600e-23 1.875089e-22 
3.620000e-01 1.411897e-22 4.571546e-23 1.869051e-22 
3.640000e-01 1.405011e-22 4.579344e-23 1.862945e-22 
3.660000e-01 1.398182e-22 4.587440e-23 1.856926e-22 
3.680000e-01 1.391245e-22 4.593766e-23 1.850621e-22 
3.700000e-01 1.384327e-22 4.600491e-23 1.844376e-22 
3.720000e-01 1.377346e-22 4.606573e-23 1.838004e-22 
3.740000e-01 1.370212e-22 4.612986e-23 1.831510e-22 
3.760000e-01 1.363109e-22 4.617646e-23 1.824874e-22 
3.780000e-01 1.355826e-22 4.622007e-23 1.818027e-22 
3.800000e-01 1.348419e-22 4.624834e-23 1.810902e-22 
3.820000e-01 1.341053e-22 4.626961e-23 1.803749e-22 
3.840000e-01 1.333385e-22 4.629021e-23 1.796287e-22 
3.860000e-01 1.325865e-22 4.631330e-23 1.788998e-22 
3.880000e-01 1.318337e-22 4.633387e-23 1.781676e-22 
3.900000e-01 1.310712e-22 4.635038e-23 1.774215e-22 
3.920000e-01 1.303134e-22 4.636907e-23 1.766825e-22 
3.940000e-01 1.295507e-22 4.638613e-23 1.759368e-22 
3.960000e-01 1.287951e-22 4.640468e-23 1.751998e-22 
3.980000e-01 1.280462e-22 4.641754e-23 1.744637e-22 
4.000000e-01 1.272895e-22 4.642655e-23 1.737160e-22 
4.020000e-01 1.265393e-22 4.642920e-23 1.729685e-22 
4.040000e-01 1.257861e-22 4.641861e-23 1.722047e-22 
4.060000e-01 1.250200e-22 4.641086e-23 1.714309e-22 
4.080000e-01 1.242565e-22 4.640216e-23 1.706586e-22 
4.100000e-01 1.234863e-22 4.639626e-23 1.698825e-22 
4.120000e-01 1.227101e-22 4.638490e-23 1.690950e-22 
4.140000e-01 1.219433e-22 4.637394e-23 1.683172e-22 
4.160000e-01 1.211685e-22 4.636383e-23 1.675323e-22 
4.180000e-01 1.203801e-22 4.635250e-23 1.667326e-22 
4.200000e-01 1.196107e-22 4.634277e-23 1.659535e-22 
4.220000e-01 1.188216e-22 4.632759e-23 1.651492e-22 
4.240000e-01 1.180304e-22 4.631465e-23 1.643451e-22 
4.260000e-01 1.172440e-22 4.629671e-23 1.635407e-22 
4.280000e-01 1.164525e-22 4.627720e-23 1.627297e-22 
4.300000e-01 1.156616e-22 4.555498e-23 1.612166e-22 
4.320000e-01 1.148725e-22 4.553633e-23 1.604088e-22 
4.340000e-01 1.140717e-22 4.552031e-23 1.595920e-22 
4.360000e-01 1.132723e-22 4.550520e-23 1.587775e-22 
4.380000e-01 1.124670e-22 4.549407e-23 1.579611e-22 
4.400000e-01 1.116568e-22 4.548168e-23 1.571384e-22 
4.420000e-01 1.108502e-22 4.545187e-23 1.563020e-22 
4.440000e-01 1.100482e-22 4.542643e-23 1.554746e-22 
4.460000e-01 1.092341e-22 4.539899e-23 1.546331e-22 
4.480000e-01 1.084147e-22 4.537221e-23 1.537869e-22 
4.500000e-01 1.076047e-22 4.534804e-23 1.529528e-22 
4.520000e-01 1.067841e-22 4.530042e-23 1.520845e-22 
4.540000e-01 1.059566e-22 4.525112e-23 1.512078e-22 
4.560000e-01 1.051341e-22 4.520560e-23 1.503397e-22 
4.580000e-01 1.043082e-22 4.515679e-23 1.494650e-22 
4.600000e-01 1.034699e-22 4.511026e-23 1.485802e-22 
4.620000e-01 1.026418e-22 4.506361e-23 1.477055e-22 
4.640000e-01 1.018059e-22 4.501617e-23 1.468221e-22 
4.660000e-01 1.009587e-22 4.496709e-23 1.459257e-22 
4.680000e-01 1.001139e-22 4.492090e-23 1.450348e-22 
4.700000e-01 9.926651e-23 4.487488e-23 1.441414e-22 
4.720000e-01 9.840179e-23 4.482674e-23 1.432285e-22 
4.740000e-01 9.753524e-23 4.476587e-23 1.423011e-22 
4.760000e-01 9.666497e-23 4.470606e-23 1.413710e-22 
4.780000e-01 9.578925e-23 4.464339e-23 1.404326e-22 
4.800000e-01 9.490303e-23 4.457911e-23 1.394821e-22 
4.820000e-01 9.401089e-23 4.451089e-23 1.385218e-22 
4.840000e-01 9.311085e-23 4.444506e-23 1.375559e-22 
4.860000e-01 9.219581e-23 4.437613e-23 1.365719e-22 
4.880000e-01 9.127309e-23 4.430953e-23 1.355826e-22 
4.900000e-01 9.034205e-23 4.423254e-23 1.345746e-22 
4.920000e-01 8.940155e-23 4.415442e-23 1.335560e-22 
4.940000e-01 8.844322e-23 4.407727e-23 1.325205e-22 
4.960000e-01 8.748060e-23 4.399595e-23 1.314765e-22 
4.980000e-01 8.649503e-23 4.391652e-23 1.304116e-22 
5.000000e-01 8.548678e-23 4.383503e-23 1.293218e-22 
5.020000e-01 8.446882e-23 4.376108e-23 1.282299e-22 
5.040000e-01 8.342892e-23 4.368518e-23 1.271141e-22 
5.060000e-01 8.236446e-23 4.360912e-23 1.259736e-22 
5.080000e-01 8.127290e-23 4.353393e-23 1.248068e-22 
5.100000e-01 8.015485e-23 4.345912e-23 1.236140e-22 
5.120000e-01 7.899778e-23 4.338169e-23 1.223795e-22 
5.140000e-01 7.781139e-23 4.330588e-23 1.211173e-22 
5.160000e-01 7.658154e-23 4.323443e-23 1.198160e-22 
5.180000e-01 7.530252e-23 4.316194e-23 1.184645e-22 
5.200000e-01 7.395254e-23 4.309052e-23 1.170431e-22 
5.220000e-01 7.254273e-23 4.301967e-23 1.155624e-22 
5.240000e-01 7.104663e-23 4.257596e-23 1.136226e-22 
5.260000e-01 6.944737e-23 4.286588e-23 1.123132e-22 
5.280000e-01 6.772320e-23 4.278603e-23 1.105092e-22 
5.300000e-01 6.584728e-23 4.270978e-23 1.085571e-22 
5.320000e-01 6.377926e-23 4.263182e-23 1.064111e-22 
5.340000e-01 6.135128e-23 4.255028e-23 1.039016e-22 
5.360000e-01 5.843181e-23 4.246451e-23 1.008963e-22 
5.380000e-01 5.445141e-23 4.236988e-23 9.682129e-23 
5.400000e-01 4.880936e-23 4.177489e-23 9.058425e-23 
5.420000e-01 4.251913e-23 4.218865e-23 8.470779e-23 
5.440000e-01 3.850752e-23 4.210759e-23 8.061511e-23 
5.460000e-01 3.918172e-23 4.202765e-23 8.120938e-23 
5.480000e-01 4.334918e-23 4.194474e-23 8.529392e-23 
5.500000e-01 4.776127e-23 4.185231e-23 8.961359e-23 
5.520000e-01 5.115459e-23 4.176074e-23 9.291533e-23 
5.540000e-01 5.320415e-23 4.167142e-23 9.487557e-23 
5.560000e-01 5.473507e-23 4.159019e-23 9.632526e-23 
5.580000e-01 5.589872e-23 4.150716e-23 9.740588e-23 
5.600000e-01 5.686823e-23 4.142766e-23 9.829589e-23 
5.620000e-01 5.769038e-23 4.134017e-23 9.903055e-23 
5.640000e-01 5.838754e-23 4.125203e-23 9.963957e-23 
5.660000e-01 5.898589e-23 4.116432e-23 1.001502e-22 
5.680000e-01 5.949085e-23 4.107464e-23 1.005655e-22 
5.700000e-01 5.992124e-23 4.098470e-23 1.009059e-22 
5.720000e-01 6.028663e-23 4.089260e-23 1.011792e-22 
5.740000e-01 6.060796e-23 4.079855e-23 1.014065e-22 
5.760000e-01 6.089561e-23 4.070549e-23 1.016011e-22 
5.780000e-01 6.112896e-23 4.061630e-23 1.017453e-22 
5.800000e-01 6.132155e-23 4.052447e-23 1.018460e-22 
5.820000e-01 6.148890e-23 4.043611e-23 1.019250e-22 
5.840000e-01 6.163079e-23 4.034750e-23 1.019783e-22 
5.860000e-01 6.174875e-23 4.026397e-23 1.020127e-22 
5.880000e-01 6.182489e-23 4.017286e-23 1.019978e-22 
5.900000e-01 6.188754e-23 4.008392e-23 1.019715e-22 
5.920000e-01 6.193157e-23 3.999262e-23 1.019242e-22 
5.940000e-01 6.195713e-23 3.989888e-23 1.018560e-22 
5.960000e-01 6.196081e-23 3.980988e-23 1.017707e-22 
5.980000e-01 6.194224e-23 3.971721e-23 1.016595e-22 
6.000000e-01 6.191880e-23 3.962349e-23 1.015423e-22 
6.020000e-01 6.187710e-23 3.952122e-23 1.013983e-22 
6.040000e-01 6.181835e-23 3.941726e-23 1.012356e-22 
6.060000e-01 6.174504e-23 3.931149e-23 1.010565e-22 
6.080000e-01 6.166189e-23 3.921822e-23 1.008801e-22 
6.100000e-01 6.157234e-23 3.913964e-23 1.007120e-22 
6.120000e-01 6.147049e-23 3.905566e-23 1.005262e-22 
6.140000e-01 6.133889e-23 3.897467e-23 1.003136e-22 
6.160000e-01 6.121417e-23 3.887821e-23 1.000924e-22 
6.180000e-01 6.107607e-23 3.878025e-23 9.985632e-23 
6.200000e-01 6.093079e-23 3.868255e-23 9.961334e-23 
6.220000e-01 6.077173e-23 3.858631e-23 9.935804e-23 
6.240000e-01 6.060175e-23 3.849390e-23 9.909565e-23 
6.260000e-01 6.043177e-23 3.840299e-23 9.883476e-23 
6.280000e-01 6.024876e-23 3.831160e-23 9.856036e-23 
6.300000e-01 6.005356e-23 3.821583e-23 9.826939e-23 
6.320000e-01 5.985125e-23 3.811448e-23 9.796573e-23 
6.340000e-01 5.964208e-23 3.801289e-23 9.765497e-23 
6.360000e-01 5.942229e-23 3.791204e-23 9.733432e-23 
6.380000e-01 5.919503e-23 3.782013e-23 9.701516e-23 
6.400000e-01 5.895595e-23 3.772155e-23 9.667750e-23 
6.420000e-01 5.870219e-23 3.762318e-23 9.632537e-23 
6.440000e-01 5.844838e-23 3.753252e-23 9.598090e-23 
6.460000e-01 5.818314e-23 3.744893e-23 9.563206e-23 
6.480000e-01 5.790503e-23 3.736409e-23 9.526912e-23 
6.500000e-01 5.761190e-23 3.728668e-23 9.489858e-23 
6.520000e-01 5.730767e-23 3.718615e-23 9.449382e-23 
6.540000e-01 5.699615e-23 3.707948e-23 9.407563e-23 
6.560000e-01 5.666471e-23 3.697362e-23 9.363833e-23 
6.580000e-01 5.632118e-23 3.686683e-23 9.318801e-23 
6.600000e-01 5.596426e-23 3.677390e-23 9.273816e-23 
6.620000e-01 5.558972e-23 3.667747e-23 9.226719e-23 
6.640000e-01 5.520628e-23 3.658451e-23 9.179079e-23 
6.660000e-01 5.479692e-23 3.648925e-23 9.128618e-23 
6.680000e-01 5.437262e-23 3.638360e-23 9.075622e-23 
6.700000e-01 5.392868e-23 3.628328e-23 9.021197e-23 
6.720000e-01 5.347413e-23 3.618216e-23 8.965629e-23 
6.740000e-01 5.299502e-23 3.608252e-23 8.907754e-23 
6.760000e-01 5.248682e-23 3.598862e-23 8.847543e-23 
6.780000e-01 5.195759e-23 3.589750e-23 8.785509e-23 
6.800000e-01 5.140845e-23 3.580488e-23 8.721333e-23 
6.820000e-01 5.081224e-23 3.570864e-23 8.652088e-23 
6.840000e-01 5.018540e-23 3.561674e-23 8.580214e-23 
6.860000e-01 4.951546e-23 3.552515e-23 8.504061e-23 
6.880000e-01 4.878631e-23 3.543109e-23 8.421739e-23 
6.900000e-01 4.800741e-23 3.533395e-23 8.334136e-23 
6.920000e-01 4.713761e-23 3.524046e-23 8.237807e-23 
6.940000e-01 4.537825e-23 3.514432e-23 8.052257e-23 
6.960000e-01 4.505842e-23 3.505248e-23 8.011090e-23 
6.980000e-01 4.372028e-23 3.495221e-23 7.867249e-23 
7.000000e-01 4.184481e-23 3.485653e-23 7.670134e-23 
7.020000e-01 3.962106e-23 3.475609e-23 7.437715e-23 
7.040000e-01 3.689868e-23 3.466155e-23 7.156024e-23 
7.060000e-01 3.506658e-23 3.456394e-23 6.963052e-23 
7.080000e-01 3.407047e-23 3.447113e-23 6.854160e-23 
7.100000e-01 3.513330e-23 3.437018e-23 6.950349e-23 
7.120000e-01 3.688113e-23 3.427438e-23 7.115551e-23 
7.140000e-01 3.935618e-23 3.417671e-23 7.353289e-23 
7.160000e-01 4.137239e-23 3.408361e-23 7.545600e-23 
7.180000e-01 4.308250e-23 3.398782e-23 7.707032e-23 
7.200000e-01 4.412615e-23 3.389302e-23 7.801917e-23 
7.220000e-01 4.494699e-23 3.379933e-23 7.874632e-23 
7.240000e-01 4.565935e-23 3.370915e-23 7.936850e-23 
7.260000e-01 4.622680e-23 3.361687e-23 7.984367e-23 
7.280000e-01 4.673544e-23 3.352933e-23 8.026477e-23 
7.300000e-01 4.719645e-23 3.343140e-23 8.062785e-23 
7.320000e-01 4.756697e-23 3.333704e-23 8.090401e-23 
7.340000e-01 4.791651e-23 3.323747e-23 8.115398e-23 
7.360000e-01 4.822011e-23 3.314065e-23 8.136076e-23 
7.380000e-01 4.849689e-23 3.304101e-23 8.153790e-23 
7.400000e-01 4.875185e-23 3.294220e-23 8.169405e-23 
7.420000e-01 4.896972e-23 3.284436e-23 8.181408e-23 
7.440000e-01 4.916664e-23 3.275044e-23 8.191708e-23 
7.460000e-01 4.934425e-23 3.264928e-23 8.199353e-23 
7.480000e-01 4.950912e-23 3.255654e-23 8.206566e-23 
7.500000e-01 4.965658e-23 3.246403e-23 8.212061e-23 
7.520000e-01 4.978857e-23 3.229691e-23 8.208548e-23 
7.540000e-01 4.990180e-23 3.228139e-23 8.218319e-23 
7.560000e-01 5.000116e-23 3.218817e-23 8.218932e-23 
7.580000e-01 5.009158e-23 3.209997e-23 8.219155e-23 
7.600000e-01 5.017616e-23 3.200911e-23 8.218527e-23 
7.620000e-01 5.024467e-23 3.192156e-23 8.216623e-23 
7.640000e-01 5.030753e-23 3.183120e-23 8.213873e-23 
7.660000e-01 5.035678e-23 3.174365e-23 8.210044e-23 
7.680000e-01 5.039878e-23 3.166118e-23 8.205997e-23 
7.700000e-01 5.043514e-23 3.157275e-23 8.200790e-23 
7.720000e-01 5.046074e-23 3.148778e-23 8.194852e-23 
7.740000e-01 5.047846e-23 3.139678e-23 8.187524e-23 
7.760000e-01 5.048833e-23 3.129870e-23 8.178702e-23 
7.780000e-01 5.049106e-23 3.120545e-23 8.169651e-23 
7.800000e-01 5.049040e-23 3.111073e-23 8.160113e-23 
7.820000e-01 5.047853e-23 3.100972e-23 8.148825e-23 
7.840000e-01 5.046223e-23 3.092327e-23 8.138549e-23 
7.860000e-01 5.042914e-23 3.083262e-23 8.126176e-23 
7.880000e-01 5.039437e-23 3.074217e-23 8.113654e-23 
7.900000e-01 5.035315e-23 3.065228e-23 8.100543e-23 
7.920000e-01 5.030113e-23 3.056056e-23 8.086168e-23 
7.940000e-01 5.024192e-23 3.047554e-23 8.071746e-23 
7.960000e-01 5.015094e-23 3.039105e-23 8.054199e-23 
7.980000e-01 5.006061e-23 3.030205e-23 8.036266e-23 
8.000000e-01 4.996895e-23 3.021473e-23 8.018367e-23 
8.020000e-01 4.988861e-23 3.012956e-23 8.001817e-23 
8.040000e-01 4.981850e-23 3.004809e-23 7.986659e-23 
8.060000e-01 4.975346e-23 2.995944e-23 7.971290e-23 
8.080000e-01 4.968959e-23 2.987132e-23 7.956091e-23 
8.100000e-01 4.961991e-23 2.978480e-23 7.940471e-23 
8.120000e-01 4.955682e-23 2.969496e-23 7.925178e-23 
8.140000e-01 4.950381e-23 2.959678e-23 7.910059e-23 
8.160000e-01 4.944691e-23 2.950564e-23 7.895255e-23 
8.180000e-01 4.939066e-23 2.941093e-23 7.880160e-23 
8.200000e-01 4.933194e-23 2.932588e-23 7.865782e-23 
8.220000e-01 4.927891e-23 2.924517e-23 7.852408e-23 
8.240000e-01 4.922054e-23 2.916505e-23 7.838559e-23 
8.260000e-01 4.917091e-23 2.909054e-23 7.826145e-23 
8.280000e-01 4.911896e-23 2.900943e-23 7.812839e-23 
8.300000e-01 4.906465e-23 2.892571e-23 7.799037e-23 
8.320000e-01 4.901629e-23 2.883969e-23 7.785599e-23 
8.340000e-01 4.896568e-23 2.875264e-23 7.771831e-23 
8.360000e-01 4.891850e-23 2.866445e-23 7.758295e-23 
8.380000e-01 4.887442e-23 2.857571e-23 7.745012e-23 
8.400000e-01 4.883062e-23 2.848857e-23 7.731919e-23 
8.420000e-01 4.879127e-23 2.841378e-23 7.720504e-23 
8.440000e-01 4.875437e-23 2.832696e-23 7.708133e-23 
8.460000e-01 4.871351e-23 2.824402e-23 7.695753e-23 
8.480000e-01 4.867935e-23 2.815841e-23 7.683777e-23 
8.500000e-01 4.864918e-23 2.807990e-23 7.672908e-23 
8.520000e-01 4.861966e-23 2.799895e-23 7.661861e-23 
8.540000e-01 4.859241e-23 2.791830e-23 7.651071e-23 
8.560000e-01 4.856740e-23 2.783977e-23 7.640718e-23 
8.580000e-01 4.854031e-23 2.775525e-23 7.629556e-23 
8.600000e-01 4.851403e-23 2.766477e-23 7.617880e-23 
8.620000e-01 4.848135e-23 2.757636e-23 7.605771e-23 
8.640000e-01 4.845382e-23 2.748913e-23 7.594295e-23 
8.660000e-01 4.841618e-23 2.740124e-23 7.581742e-23 
8.680000e-01 4.838857e-23 2.731736e-23 7.570593e-23 
8.700000e-01 4.835619e-23 2.723024e-23 7.558642e-23 
8.720000e-01 4.831040e-23 2.714317e-23 7.545357e-23 
8.740000e-01 4.826816e-23 2.706405e-23 7.533221e-23 
8.760000e-01 4.821260e-23 2.697641e-23 7.518901e-23 
8.780000e-01 4.815409e-23 2.689293e-23 7.504702e-23 
8.800000e-01 4.809345e-23 2.682163e-23 7.491507e-23 
8.820000e-01 4.802918e-23 2.675064e-23 7.477982e-23 
8.840000e-01 4.797176e-23 2.668215e-23 7.465391e-23 
8.860000e-01 4.791044e-23 2.660631e-23 7.451675e-23 
8.880000e-01 4.784468e-23 2.653637e-23 7.438105e-23 
8.900000e-01 4.777614e-23 2.645719e-23 7.423332e-23 
8.920000e-01 4.770130e-23 2.638086e-23 7.408216e-23 
8.940000e-01 4.762735e-23 2.630110e-23 7.392845e-23 
8.960000e-01 4.755828e-23 2.622518e-23 7.378346e-23 
8.980000e-01 4.748959e-23 2.614809e-23 7.363768e-23 
9.000000e-01 4.741268e-23 2.606522e-23 7.347791e-23 
9.020000e-01 4.733718e-23 2.597696e-23 7.331414e-23 
9.040000e-01 4.725671e-23 2.589140e-23 7.314811e-23 
9.060000e-01 4.717608e-23 2.580969e-23 7.298577e-23 
9.080000e-01 4.710277e-23 2.571956e-23 7.282233e-23 
9.100000e-01 4.701796e-23 2.564773e-23 7.266569e-23 
9.120000e-01 4.694056e-23 2.557641e-23 7.251697e-23 
9.140000e-01 4.685495e-23 2.550177e-23 7.235672e-23 
9.160000e-01 4.676883e-23 2.542963e-23 7.219846e-23 
9.180000e-01 4.668629e-23 2.536048e-23 7.204677e-23 
9.200000e-01 4.659527e-23 2.528364e-23 7.187891e-23 
9.220000e-01 4.651258e-23 2.520056e-23 7.171314e-23 
9.240000e-01 4.642979e-23 2.512091e-23 7.155070e-23 
9.260000e-01 4.634666e-23 2.504284e-23 7.138949e-23 
9.280000e-01 4.626113e-23 2.496196e-23 7.122309e-23 
9.300000e-01 4.616879e-23 2.488429e-23 7.105308e-23 
9.320000e-01 4.607887e-23 2.481785e-23 7.089672e-23 
9.340000e-01 4.598738e-23 2.475320e-23 7.074058e-23 
9.360000e-01 4.589478e-23 2.468711e-23 7.058189e-23 
9.380000e-01 4.580874e-23 2.461522e-23 7.042396e-23 
9.400000e-01 4.571182e-23 2.454949e-23 7.026131e-23 
9.420000e-01 4.562606e-23 2.448048e-23 7.010654e-23 
9.440000e-01 4.552869e-23 2.440779e-23 6.993648e-23 
9.460000e-01 4.543049e-23 2.433343e-23 6.976392e-23 
9.480000e-01 4.533407e-23 2.426097e-23 6.959504e-23 
9.500000e-01 4.524694e-23 2.418874e-23 6.943568e-23 
9.520000e-01 4.514884e-23 2.411153e-23 6.926036e-23 
9.540000e-01 4.163771e-23 2.404384e-23 6.568155e-23 
9.560000e-01 4.495892e-23 2.397647e-23 6.893539e-23 
9.580000e-01 4.485948e-23 2.390339e-23 6.876287e-23 
9.600000e-01 4.476911e-23 2.383291e-23 6.860202e-23 
9.620000e-01 4.467337e-23 2.376256e-23 6.843593e-23 
9.640000e-01 4.456622e-23 2.368979e-23 6.825601e-23 
9.660000e-01 4.447168e-23 2.361730e-23 6.808898e-23 
9.680000e-01 4.437372e-23 2.353859e-23 6.791231e-23 
9.700000e-01 4.427455e-23 2.345589e-23 6.773044e-23 
9.720000e-01 4.417527e-23 2.337814e-23 6.755340e-23 
9.740000e-01 4.407860e-23 2.330647e-23 6.738508e-23 
9.760000e-01 4.398097e-23 2.324008e-23 6.722105e-23 
9.780000e-01 4.388567e-23 2.317316e-23 6.705883e-23 
9.800000e-01 4.378374e-23 2.310792e-23 6.689166e-23 
9.820000e-01 4.368433e-23 2.304132e-23 6.672565e-23 
9.840000e-01 4.357803e-23 2.297689e-23 6.655492e-23 
9.860000e-01 4.348008e-23 2.290722e-23 6.638729e-23 
9.880000e-01 4.338338e-23 2.282970e-23 6.621309e-23 
9.900000e-01 4.328089e-23 2.275936e-23 6.604025e-23 
9.920000e-01 4.317875e-23 2.268242e-23 6.586117e-23 
9.940000e-01 4.308639e-23 2.260941e-23 6.569580e-23 
9.960000e-01 4.297984e-23 2.254225e-23 6.552209e-23 
9.980000e-01 4.288440e-23 2.249473e-23 6.537913e-23 
1.000000e+00 4.278295e-23 2.245325e-23 6.523620e-23 
1.002000e+00 4.104997e-23 2.240213e-23 6.345211e-23 
1.004000e+00 4.258732e-23 2.234031e-23 6.492763e-23 
1.006000e+00 4.248581e-23 2.228130e-23 6.476710e-23 
1.008000e+00 4.238726e-23 2.221942e-23 6.460668e-23 
1.010000e+00 4.228665e-23 2.216389e-23 6.445054e-23 
1.012000e+00 4.218480e-23 2.209899e-23 6.428379e-23 
1.014000e+00 4.208327e-23 2.203781e-23 6.412108e-23 
1.016000e+00 4.198054e-23 2.197953e-23 6.396007e-23 
1.018000e+00 4.188317e-23 2.191392e-23 6.379708e-23 
1.020000e+00 4.178230e-23 2.185373e-23 6.363603e-23 
1.022000e+00 4.168265e-23 2.179146e-23 6.347411e-23 
1.024000e+00 4.157848e-23 2.172793e-23 6.330641e-23 
1.026000e+00 4.147665e-23 2.167194e-23 6.314859e-23 
1.028000e+00 4.138905e-23 2.161764e-23 6.300669e-23 
1.030000e+00 4.128266e-23 2.155801e-23 6.284067e-23 
1.032000e+00 4.118216e-23 2.150007e-23 6.268223e-23 
1.034000e+00 4.108212e-23 2.143999e-23 6.252211e-23 
1.036000e+00 4.098475e-23 2.138216e-23 6.236691e-23 
1.038000e+00 4.088098e-23 2.132027e-23 6.220126e-23 
1.040000e+00 4.077527e-23 2.126550e-23 6.204077e-23 
1.042000e+00 4.067955e-23 2.120335e-23 6.188290e-23 
1.044000e+00 4.057525e-23 2.114445e-23 6.171970e-23 
1.046000e+00 4.047511e-23 2.108745e-23 6.156256e-23 
1.048000e+00 4.037843e-23 2.102611e-23 6.140454e-23 
1.050000e+00 4.027657e-23 2.097148e-23 6.124805e-23 
1.052000e+00 4.017388e-23 2.091361e-23 6.108750e-23 
1.054000e+00 4.007184e-23 2.085858e-23 6.093043e-23 
1.056000e+00 3.997392e-23 2.080784e-23 6.078177e-23 
1.058000e+00 3.987046e-23 2.074886e-23 6.061933e-23 
1.060000e+00 3.977565e-23 2.069086e-23 6.046651e-23 
1.062000e+00 3.966739e-23 2.063647e-23 6.030386e-23 
1.064000e+00 3.957091e-23 2.057998e-23 6.015089e-23 
1.066000e+00 3.946846e-23 2.052384e-23 5.999229e-23 
1.068000e+00 3.936710e-23 2.046344e-23 5.983055e-23 
1.070000e+00 3.926050e-23 2.040946e-23 5.966996e-23 
1.072000e+00 3.916691e-23 2.035483e-23 5.952174e-23 
1.074000e+00 3.905613e-23 2.029895e-23 5.935508e-23 
1.076000e+00 3.895714e-23 2.024554e-23 5.920268e-23 
1.078000e+00 3.885623e-23 2.019135e-23 5.904758e-23 
1.080000e+00 3.875748e-23 2.013669e-23 5.889417e-23 
1.082000e+00 3.865812e-23 2.008268e-23 5.874080e-23 
1.084000e+00 3.854699e-23 2.002932e-23 5.857631e-23 
1.086000e+00 3.845499e-23 1.997612e-23 5.843111e-23 
1.088000e+00 3.834780e-23 1.992588e-23 5.827368e-23 
1.090000e+00 3.825026e-23 1.986646e-23 5.811672e-23 
1.092000e+00 3.815474e-23 1.981059e-23 5.796533e-23 
1.094000e+00 3.804590e-23 1.975874e-23 5.780464e-23 
1.096000e+00 3.794495e-23 1.970556e-23 5.765051e-23 
1.098000e+00 3.784585e-23 1.964959e-23 5.749544e-23 
1.100000e+00 3.774618e-23 1.959987e-23 5.734606e-23 
1.102000e+00 3.753384e-23 1.954798e-23 5.708182e-23 
1.104000e+00 3.754606e-23 1.949442e-23 5.704047e-23 
1.106000e+00 3.744981e-23 1.944553e-23 5.689534e-23 
1.108000e+00 3.734552e-23 1.939577e-23 5.674129e-23 
1.110000e+00 3.724861e-23 1.934767e-23 5.659628e-23 
1.112000e+00 3.714411e-23 1.928745e-23 5.643156e-23 
1.114000e+00 3.704601e-23 1.923813e-23 5.628414e-23 
1.116000e+00 3.694710e-23 1.918462e-23 5.613172e-23 
1.118000e+00 3.684440e-23 1.912770e-23 5.597210e-23 
1.120000e+00 3.673980e-23 1.907336e-23 5.581316e-23 
1.122000e+00 3.664855e-23 1.901824e-23 5.566679e-23 
1.124000e+00 3.654123e-23 1.897343e-23 5.551466e-23 
1.126000e+00 3.644471e-23 1.892450e-23 5.536921e-23 
1.128000e+00 3.634166e-23 1.887641e-23 5.521807e-23 
1.130000e+00 3.623940e-23 1.883441e-23 5.507381e-23 
1.132000e+00 3.614261e-23 1.878065e-23 5.492327e-23 
1.134000e+00 3.604335e-23 1.873448e-23 5.477783e-23 
1.136000e+00 3.595195e-23 1.868329e-23 5.463524e-23 
1.138000e+00 3.585634e-23 1.863760e-23 5.449394e-23 
1.140000e+00 3.575338e-23 1.858788e-23 5.434126e-23 
1.142000e+00 3.564866e-23 1.853639e-23 5.418505e-23 
1.144000e+00 3.555267e-23 1.848560e-23 5.403827e-23 
1.146000e+00 3.544648e-23 1.843666e-23 5.388313e-23 
1.148000e+00 3.534848e-23 1.838350e-23 5.373199e-23 
1.150000e+00 3.525155e-23 1.833322e-23 5.358477e-23 
1.152000e+00 3.516026e-23 1.828892e-23 5.344917e-23 
1.154000e+00 3.505937e-23 1.824888e-23 5.330825e-23 
1.156000e+00 3.496562e-23 1.820322e-23 5.316885e-23 
1.158000e+00 3.486114e-23 1.814421e-23 5.300535e-23 
1.160000e+00 3.476832e-23 1.809493e-23 5.286324e-23 
1.162000e+00 3.466822e-23 1.804507e-23 5.271329e-23 
1.164000e+00 3.456790e-23 1.800139e-23 5.256929e-23 
1.166000e+00 3.446341e-23 1.795221e-23 5.241562e-23 
1.168000e+00 3.436617e-23 1.790454e-23 5.227072e-23 
1.170000e+00 3.426825e-23 1.785628e-23 5.212453e-23 
1.172000e+00 3.417250e-23 1.780705e-23 5.197955e-23 
1.174000e+00 3.408161e-23 1.775712e-23 5.183873e-23 
1.176000e+00 3.397996e-23 1.771500e-23 5.169496e-23 
1.178000e+00 3.387763e-23 1.766608e-23 5.154371e-23 
1.180000e+00 3.378756e-23 1.761619e-23 5.140375e-23 
1.182000e+00 3.368392e-23 1.757712e-23 5.126104e-23 
1.184000e+00 3.357829e-23 1.752904e-23 5.110733e-23 
1.186000e+00 3.348102e-23 1.748542e-23 5.096644e-23 
1.188000e+00 3.338696e-23 1.743957e-23 5.082654e-23 
1.190000e+00 3.328472e-23 1.739525e-23 5.067997e-23 
1.192000e+00 3.318966e-23 1.734752e-23 5.053718e-23 
1.194000e+00 3.309230e-23 1.730421e-23 5.039651e-23 
1.196000e+00 3.299230e-23 1.725875e-23 5.025105e-23 
1.198000e+00 3.289933e-23 1.721298e-23 5.011231e-23 
1.200000e+00 3.279853e-23 1.716486e-23 4.996340e-23 
1.202000e+00 3.269580e-23 1.712210e-23 4.981790e-23 
1.204000e+00 3.259647e-23 1.707622e-23 4.967269e-23 
1.206000e+00 3.250291e-23 1.703997e-23 4.954289e-23 
1.208000e+00 3.240634e-23 1.699168e-23 4.939802e-23 
1.210000e+00 3.230468e-23 1.695184e-23 4.925652e-23 
1.212000e+00 3.221028e-23 1.690398e-23 4.911426e-23 
1.214000e+00 3.211004e-23 1.686388e-23 4.897391e-23 
1.216000e+00 3.201455e-23 1.682421e-23 4.883876e-23 
1.218000e+00 3.191332e-23 1.677756e-23 4.869088e-23 
1.220000e+00 3.181149e-23 1.673424e-23 4.854573e-23 
1.222000e+00 3.170876e-23 1.669036e-23 4.839912e-23 
1.224000e+00 3.161044e-23 1.664825e-23 4.825869e-23 
1.226000e+00 3.150789e-23 1.660772e-23 4.811561e-23 
1.228000e+00 3.141044e-23 1.656172e-23 4.797216e-23 
1.230000e+00 3.131187e-23 1.651473e-23 4.782660e-23 
1.232000e+00 3.121229e-23 1.647289e-23 4.768519e-23 
1.234000e+00 3.109758e-23 1.644098e-23 4.753855e-23 
1.236000e+00 3.099109e-23 1.639870e-23 4.738979e-23 
1.238000e+00 3.088989e-23 1.635067e-23 4.724056e-23 
1.240000e+00 3.078111e-23 1.631087e-23 4.709199e-23 
1.242000e+00 3.068735e-23 1.627015e-23 4.695750e-23 
1.244000e+00 3.058417e-23 1.622964e-23 4.681381e-23 
1.246000e+00 3.046561e-23 1.618913e-23 4.665474e-23 
1.248000e+00 3.035748e-23 1.614964e-23 4.650712e-23 
1.250000e+00 3.025411e-23 1.611042e-23 4.636453e-23 
1.252000e+00 3.014830e-23 1.606844e-23 4.621674e-23 
1.254000e+00 3.003731e-23 1.602732e-23 4.606464e-23 
1.256000e+00 2.992326e-23 1.598380e-23 4.590706e-23 
1.258000e+00 2.981556e-23 1.593997e-23 4.575552e-23 
1.260000e+00 2.969790e-23 1.589705e-23 4.559495e-23 
1.262000e+00 2.958146e-23 1.586298e-23 4.544444e-23 
1.264000e+00 2.947072e-23 1.582408e-23 4.529480e-23 
1.266000e+00 2.935077e-23 1.578514e-23 4.513590e-23 
1.268000e+00 2.922164e-23 1.574554e-23 4.496718e-23 
1.270000e+00 2.910152e-23 1.570795e-23 4.480947e-23 
1.272000e+00 2.896784e-23 1.566978e-23 4.463762e-23 
1.274000e+00 2.883946e-23 1.562904e-23 4.446850e-23 
1.276000e+00 2.870411e-23 1.558905e-23 4.429316e-23 
1.278000e+00 2.855941e-23 1.554922e-23 4.410863e-23 
1.280000e+00 2.841508e-23 1.550779e-23 4.392288e-23 
1.282000e+00 2.826161e-23 1.547143e-23 4.373304e-23 
1.284000e+00 2.808706e-23 1.542787e-23 4.351492e-23 
1.286000e+00 2.790445e-23 1.538798e-23 4.329243e-23 
1.288000e+00 2.769908e-23 1.534897e-23 4.304806e-23 
1.290000e+00 2.741933e-23 1.531344e-23 4.273277e-23 
1.292000e+00 2.714554e-23 1.527552e-23 4.242106e-23 
1.294000e+00 2.686279e-23 1.523549e-23 4.209828e-23 
1.296000e+00 2.656553e-23 1.519737e-23 4.176290e-23 
1.298000e+00 2.627627e-23 1.515821e-23 4.143448e-23 
1.300000e+00 2.610517e-23 1.512158e-23 4.122675e-23 
1.302000e+00 2.598463e-23 1.508672e-23 4.107135e-23 
1.304000e+00 2.586875e-23 1.504576e-23 4.091451e-23 
1.306000e+00 2.589347e-23 1.500890e-23 4.090237e-23 
1.308000e+00 2.594228e-23 1.496905e-23 4.091133e-23 
1.310000e+00 2.600157e-23 1.493241e-23 4.093398e-23 
1.312000e+00 2.614086e-23 1.489803e-23 4.103889e-23 
1.314000e+00 2.628100e-23 1.486283e-23 4.114383e-23 
1.316000e+00 2.642478e-23 1.482196e-23 4.124674e-23 
1.318000e+00 2.650025e-23 1.478372e-23 4.128397e-23 
1.320000e+00 2.657804e-23 1.474797e-23 4.132601e-23 
1.322000e+00 2.664380e-23 1.463863e-23 4.128244e-23 
1.324000e+00 2.666475e-23 1.467497e-23 4.133972e-23 
1.326000e+00 2.669546e-23 1.464282e-23 4.133828e-23 
1.328000e+00 2.671381e-23 1.460708e-23 4.132089e-23 
1.330000e+00 2.671708e-23 1.455406e-23 4.127114e-23 
1.332000e+00 2.671997e-23 1.451150e-23 4.123147e-23 
1.334000e+00 2.672179e-23 1.447783e-23 4.119961e-23 
1.336000e+00 2.671142e-23 1.446515e-23 4.117657e-23 
1.338000e+00 2.670047e-23 1.443043e-23 4.113091e-23 
1.340000e+00 2.668658e-23 1.439849e-23 4.108507e-23 
1.342000e+00 2.666346e-23 1.436227e-23 4.102573e-23 
1.344000e+00 2.664871e-23 1.432794e-23 4.097665e-23 
1.346000e+00 2.663001e-23 1.428763e-23 4.091764e-23 
1.348000e+00 2.659640e-23 1.425877e-23 4.085517e-23 
1.350000e+00 2.657855e-23 1.422185e-23 4.080040e-23 
1.352000e+00 2.655192e-23 1.418902e-23 4.074094e-23 
1.354000e+00 2.651990e-23 1.415706e-23 4.067695e-23 
1.356000e+00 2.648706e-23 1.412036e-23 4.060742e-23 
1.358000e+00 2.646371e-23 1.409018e-23 4.055388e-23 
1.360000e+00 2.642965e-23 1.405133e-23 4.048098e-23 
1.362000e+00 2.640278e-23 1.401955e-23 4.042233e-23 
1.364000e+00 2.636725e-23 1.398501e-23 4.035225e-23 
1.366000e+00 2.633157e-23 1.395163e-23 4.028320e-23 
1.368000e+00 2.628565e-23 1.391603e-23 4.020167e-23 
1.370000e+00 2.625387e-23 1.388181e-23 4.013568e-23 
1.372000e+00 2.621061e-23 1.384995e-23 4.006056e-23 
1.374000e+00 2.617770e-23 1.381463e-23 3.999233e-23 
1.376000e+00 2.613558e-23 1.378099e-23 3.991658e-23 
1.378000e+00 2.609912e-23 1.374656e-23 3.984568e-23 
1.380000e+00 2.606713e-23 1.371068e-23 3.977781e-23 
1.382000e+00 2.602529e-23 1.368231e-23 3.970761e-23 
1.384000e+00 2.598215e-23 1.365099e-23 3.963315e-23 
1.386000e+00 2.594014e-23 1.361312e-23 3.955326e-23 
1.388000e+00 2.589119e-23 1.358386e-23 3.947505e-23 
1.390000e+00 2.585387e-23 1.355457e-23 3.940844e-23 
1.392000e+00 2.580828e-23 1.352405e-23 3.933232e-23 
1.394000e+00 2.577079e-23 1.348619e-23 3.925698e-23 
1.396000e+00 2.572044e-23 1.345590e-23 3.917633e-23 
1.398000e+00 2.568341e-23 1.342461e-23 3.910802e-23 
1.400000e+00 2.563819e-23 1.338968e-23 3.902786e-23 
1.402000e+00 2.559112e-23 1.335980e-23 3.895092e-23 
1.404000e+00 2.554923e-23 1.332669e-23 3.887592e-23 
1.406000e+00 2.550188e-23 1.329052e-23 3.879240e-23 
1.408000e+00 2.545078e-23 1.325918e-23 3.870996e-23 
1.410000e+00 2.541259e-23 1.322464e-23 3.863724e-23 
1.412000e+00 2.536193e-23 1.319349e-23 3.855541e-23 
1.414000e+00 2.532275e-23 1.316785e-23 3.849059e-23 
1.416000e+00 2.527122e-23 1.313458e-23 3.840580e-23 
1.418000e+00 2.522845e-23 1.310576e-23 3.833421e-23 
1.420000e+00 2.517790e-23 1.307516e-23 3.825307e-23 
1.422000e+00 2.513368e-23 1.304609e-23 3.817977e-23 
1.424000e+00 2.509732e-23 1.301734e-23 3.811466e-23 
1.426000e+00 2.504251e-23 1.298468e-23 3.802718e-23 
1.428000e+00 2.498688e-23 1.295608e-23 3.794296e-23 
1.430000e+00 2.493793e-23 1.292624e-23 3.786417e-23 
1.432000e+00 2.489384e-23 1.289369e-23 3.778753e-23 
1.434000e+00 2.485225e-23 1.286587e-23 3.771812e-23 
1.436000e+00 2.480915e-23 1.283426e-23 3.764341e-23 
1.438000e+00 2.476051e-23 1.280775e-23 3.756826e-23 
1.440000e+00 2.471368e-23 1.277209e-23 3.748577e-23 
1.442000e+00 2.466640e-23 1.274403e-23 3.741043e-23 
1.444000e+00 2.460795e-23 1.271329e-23 3.732124e-23 
1.446000e+00 2.456512e-23 1.268317e-23 3.724829e-23 
1.448000e+00 2.451747e-23 1.265182e-23 3.716929e-23 
1.450000e+00 2.447002e-23 1.263157e-23 3.710160e-23 
1.452000e+00 2.441375e-23 1.259690e-23 3.701065e-23 
1.454000e+00 2.436842e-23 1.256773e-23 3.693615e-23 
1.456000e+00 2.432311e-23 1.254405e-23 3.686716e-23 
1.458000e+00 2.427487e-23 1.251358e-23 3.678845e-23 
1.460000e+00 2.423210e-23 1.248798e-23 3.672008e-23 
1.462000e+00 2.418124e-23 1.245791e-23 3.663916e-23 
1.464000e+00 2.413197e-23 1.242643e-23 3.655840e-23 
1.466000e+00 2.408395e-23 1.240036e-23 3.648432e-23 
1.468000e+00 2.404256e-23 1.237173e-23 3.641429e-23 
1.470000e+00 2.399292e-23 1.234520e-23 3.633811e-23 
1.472000e+00 2.394024e-23 1.231412e-23 3.625436e-23 
1.474000e+00 2.389975e-23 1.228678e-23 3.618653e-23 
1.476000e+00 2.385154e-23 1.225537e-23 3.610690e-23 
1.478000e+00 2.380214e-23 1.222943e-23 3.603157e-23 
1.480000e+00 2.375638e-23 1.220015e-23 3.595654e-23 
1.482000e+00 2.370809e-23 1.217080e-23 3.587889e-23 
1.484000e+00 2.366596e-23 1.214069e-23 3.580665e-23 
1.486000e+00 2.361186e-23 1.211425e-23 3.572611e-23 
1.488000e+00 2.355860e-23 1.208489e-23 3.564349e-23 
1.490000e+00 2.351552e-23 1.206456e-23 3.558008e-23 
1.492000e+00 2.346199e-23 1.203736e-23 3.549935e-23 
1.494000e+00 2.341917e-23 1.201034e-23 3.542951e-23 
1.496000e+00 2.336860e-23 1.198284e-23 3.535143e-23 
1.498000e+00 2.332397e-23 1.195525e-23 3.527922e-23 
1.500000e+00 2.327690e-23 1.178453e-23 3.506143e-23 
1.502000e+00 2.322362e-23 1.189927e-23 3.512289e-23 
1.504000e+00 2.317441e-23 1.187013e-23 3.504454e-23 
1.506000e+00 2.313117e-23 1.184584e-23 3.497701e-23 
1.508000e+00 2.308119e-23 1.181649e-23 3.489768e-23 
1.510000e+00 2.303864e-23 1.178529e-23 3.482394e-23 
1.512000e+00 2.298218e-23 1.176197e-23 3.474415e-23 
1.514000e+00 2.293536e-23 1.173464e-23 3.466999e-23 
1.516000e+00 2.289079e-23 1.170858e-23 3.459937e-23 
1.518000e+00 2.284125e-23 1.168190e-23 3.452315e-23 
1.520000e+00 2.279102e-23 1.165844e-23 3.444946e-23 
1.522000e+00 2.274337e-23 1.163180e-23 3.437517e-23 
1.524000e+00 2.269645e-23 1.160395e-23 3.430040e-23 
1.526000e+00 2.265072e-23 1.157792e-23 3.422864e-23 
1.528000e+00 2.259687e-23 1.155723e-23 3.415410e-23 
1.530000e+00 2.255189e-23 1.153133e-23 3.408322e-23 
1.532000e+00 2.251109e-23 1.150176e-23 3.401286e-23 
1.534000e+00 2.245818e-23 1.147951e-23 3.393770e-23 
1.536000e+00 2.241971e-23 1.145197e-23 3.387168e-23 
1.538000e+00 2.237070e-23 1.142280e-23 3.379349e-23 
1.540000e+00 2.232253e-23 1.139798e-23 3.372051e-23 
1.542000e+00 2.227325e-23 1.137177e-23 3.364502e-23 
1.544000e+00 2.222542e-23 1.134873e-23 3.357415e-23 
1.546000e+00 2.217541e-23 1.132075e-23 3.349616e-23 
1.548000e+00 2.213531e-23 1.129962e-23 3.343493e-23 
1.550000e+00 2.208486e-23 1.127326e-23 3.335812e-23 
1.552000e+00 2.204333e-23 1.124346e-23 3.328679e-23 
1.554000e+00 2.198678e-23 1.121806e-23 3.320484e-23 
1.556000e+00 2.194227e-23 1.119507e-23 3.313733e-23 
1.558000e+00 2.190052e-23 1.117343e-23 3.307394e-23 
1.560000e+00 2.184976e-23 1.114598e-23 3.299575e-23 
1.562000e+00 2.180225e-23 1.112802e-23 3.293027e-23 
1.564000e+00 2.175335e-23 1.108955e-23 3.284290e-23 
1.566000e+00 2.170558e-23 1.106658e-23 3.277217e-23 
1.568000e+00 2.166169e-23 1.104360e-23 3.270529e-23 
1.570000e+00 2.161517e-23 1.102563e-23 3.264080e-23 
1.572000e+00 2.157020e-23 1.099911e-23 3.256931e-23 
1.574000e+00 2.152913e-23 1.097683e-23 3.250596e-23 
1.576000e+00 2.147856e-23 1.095184e-23 3.243040e-23 
1.578000e+00 2.142761e-23 1.093276e-23 3.236037e-23 
1.580000e+00 2.137722e-23 1.090223e-23 3.227945e-23 
1.582000e+00 2.133671e-23 1.087646e-23 3.221317e-23 
1.584000e+00 2.128915e-23 1.085696e-23 3.214611e-23 
1.586000e+00 2.124330e-23 1.082800e-23 3.207130e-23 
1.588000e+00 2.119409e-23 1.080359e-23 3.199768e-23 
1.590000e+00 2.114325e-23 1.078072e-23 3.192398e-23 
1.592000e+00 2.110879e-23 1.076722e-23 3.187601e-23 
1.594000e+00 2.106060e-23 1.073905e-23 3.179965e-23 
1.596000e+00 2.102220e-23 1.072154e-23 3.174374e-23 
1.598000e+00 2.097233e-23 1.069919e-23 3.167152e-23 
1.600000e+00 2.092322e-23 1.066804e-23 3.159127e-23 
1.602000e+00 2.087486e-23 1.064783e-23 3.152269e-23 
1.604000e+00 2.083020e-23 1.061715e-23 3.144736e-23 
1.606000e+00 2.078912e-23 1.059150e-23 3.138062e-23 
1.608000e+00 2.074476e-23 1.057004e-23 3.131481e-23 
1.610000e+00 2.069763e-23 1.054531e-23 3.124294e-23 
1.612000e+00 2.064566e-23 1.052565e-23 3.117131e-23 
1.614000e+00 2.060657e-23 1.050242e-23 3.110899e-23 
1.616000e+00 2.055871e-23 1.048101e-23 3.103973e-23 
1.618000e+00 2.050935e-23 1.046435e-23 3.097370e-23 
1.620000e+00 2.046773e-23 1.044264e-23 3.091037e-23 
1.622000e+00 2.042099e-23 1.041381e-23 3.083479e-23 
1.624000e+00 2.037318e-23 1.039605e-23 3.076923e-23 
1.626000e+00 2.033127e-23 1.037608e-23 3.070735e-23 
1.628000e+00 2.028772e-23 1.035973e-23 3.064745e-23 
1.630000e+00 2.024736e-23 1.033230e-23 3.057965e-23 
1.632000e+00 2.020288e-23 1.031419e-23 3.051707e-23 
1.634000e+00 2.016101e-23 1.028950e-23 3.045052e-23 
1.636000e+00 2.010490e-23 1.027311e-23 3.037801e-23 
1.638000e+00 2.006401e-23 1.024878e-23 3.031279e-23 
1.640000e+00 2.002072e-23 1.022680e-23 3.024752e-23 
1.642000e+00 1.997704e-23 1.020405e-23 3.018109e-23 
1.644000e+00 1.994006e-23 1.018535e-23 3.012541e-23 
1.646000e+00 1.989284e-23 1.016081e-23 3.005365e-23 
1.648000e+00 1.984922e-23 1.014291e-23 2.999213e-23 
1.650000e+00 1.980123e-23 1.012026e-23 2.992149e-23 
1.652000e+00 1.974978e-23 1.009946e-23 2.984924e-23 
1.654000e+00 1.970433e-23 1.008124e-23 2.978556e-23 
1.656000e+00 1.966397e-23 1.005599e-23 2.971995e-23 
1.658000e+00 1.961588e-23 1.003485e-23 2.965073e-23 
1.660000e+00 1.958194e-23 1.001864e-23 2.960058e-23 
1.662000e+00 1.953259e-23 9.991497e-24 2.952409e-23 
1.664000e+00 1.948864e-23 9.972363e-24 2.946100e-23 
1.666000e+00 1.944450e-23 9.953051e-24 2.939755e-23 
1.668000e+00 1.939649e-23 9.929874e-24 2.932637e-23 
1.670000e+00 1.936054e-23 9.911440e-24 2.927198e-23 
1.672000e+00 1.930836e-23 9.893621e-24 2.920198e-23 
1.674000e+00 1.926939e-23 9.872682e-24 2.914207e-23 
1.676000e+00 1.922956e-23 9.850749e-24 2.908031e-23 
1.678000e+00 1.918426e-23 9.832422e-24 2.901669e-23 
1.680000e+00 1.913239e-23 9.809013e-24 2.894140e-23 
1.682000e+00 1.909348e-23 9.792401e-24 2.888588e-23 
1.684000e+00 1.905089e-23 9.768322e-24 2.881921e-23 
1.686000e+00 1.901156e-23 9.745407e-24 2.875697e-23 
1.688000e+00 1.896326e-23 9.723926e-24 2.868719e-23 
1.690000e+00 1.892260e-23 9.706196e-24 2.862880e-23 
1.692000e+00 1.887417e-23 9.685078e-24 2.855925e-23 
1.694000e+00 1.883186e-23 9.658547e-24 2.849041e-23 
1.696000e+00 1.879467e-23 9.645451e-24 2.844012e-23 
1.698000e+00 1.874636e-23 9.619859e-24 2.836622e-23 
1.700000e+00 1.870921e-23 9.598792e-24 2.830800e-23 
1.702000e+00 1.866139e-23 9.579395e-24 2.824078e-23 
1.704000e+00 1.861884e-23 9.561763e-24 2.818061e-23 
1.706000e+00 1.857862e-23 9.537731e-24 2.811635e-23 
1.708000e+00 1.853145e-23 9.519308e-24 2.805076e-23 
1.710000e+00 1.848700e-23 9.503827e-24 2.799082e-23 
1.712000e+00 1.844858e-23 9.482898e-24 2.793148e-23 
1.714000e+00 1.839596e-23 9.459789e-24 2.785575e-23 
1.716000e+00 1.836243e-23 9.443668e-24 2.780610e-23 
1.718000e+00 1.831641e-23 9.423114e-24 2.773952e-23 
1.720000e+00 1.827554e-23 9.408370e-24 2.768391e-23 
1.722000e+00 1.822515e-23 9.383818e-24 2.760896e-23 
1.724000e+00 1.818043e-23 9.364354e-24 2.754478e-23 
1.726000e+00 1.813758e-23 9.345774e-24 2.748335e-23 
1.728000e+00 1.809843e-23 9.325289e-24 2.742372e-23 
1.730000e+00 1.805125e-23 9.308173e-24 2.735943e-23 
1.732000e+00 1.801468e-23 9.282228e-24 2.729691e-23 
1.734000e+00 1.797022e-23 9.260981e-24 2.723120e-23 
1.736000e+00 1.792664e-23 9.244875e-24 2.717151e-23 
1.738000e+00 1.787796e-23 9.223416e-24 2.710138e-23 
1.740000e+00 1.783231e-23 9.205644e-24 2.703795e-23 
1.742000e+00 1.778320e-23 9.186864e-24 2.697006e-23 
1.744000e+00 1.774020e-23 9.170681e-24 2.691088e-23 
1.746000e+00 1.769339e-23 9.152077e-24 2.684547e-23 
1.748000e+00 1.765225e-23 9.130032e-24 2.678228e-23 
1.750000e+00 1.760804e-23 9.114745e-24 2.672278e-23 
1.752000e+00 1.756372e-23 9.098297e-24 2.666202e-23 
1.754000e+00 1.751863e-23 9.077278e-24 2.659591e-23 
1.756000e+00 1.747298e-23 9.065523e-24 2.653851e-23 
1.758000e+00 1.742806e-23 9.044334e-24 2.647239e-23 
1.760000e+00 1.738707e-23 9.027269e-24 2.641434e-23 
1.762000e+00 1.734131e-23 9.011359e-24 2.635267e-23 
1.764000e+00 1.729819e-23 8.985506e-24 2.628369e-23 
1.766000e+00 1.725203e-23 8.968457e-24 2.622049e-23 
1.768000e+00 1.720600e-23 8.950736e-24 2.615673e-23 
1.770000e+00 1.716141e-23 8.934737e-24 2.609614e-23 
1.772000e+00 1.711566e-23 8.915622e-24 2.603128e-23 
1.774000e+00 1.707113e-23 8.896427e-24 2.596755e-23 
1.776000e+00 1.701571e-23 8.881213e-24 2.589692e-23 
1.778000e+00 1.696520e-23 8.860040e-24 2.582524e-23 
1.780000e+00 1.692162e-23 8.842199e-24 2.576382e-23 
1.782000e+00 1.687746e-23 8.821872e-24 2.569933e-23 
1.784000e+00 1.682396e-23 8.809982e-24 2.563394e-23 
1.786000e+00 1.677165e-23 8.793795e-24 2.556545e-23 
1.788000e+00 1.671818e-23 8.772708e-24 2.549089e-23 
1.790000e+00 1.667407e-23 8.757655e-24 2.543172e-23 
1.792000e+00 1.662492e-23 8.745751e-24 2.537067e-23 
1.794000e+00 1.656584e-23 8.727200e-24 2.529304e-23 
1.796000e+00 1.652046e-23 8.705180e-24 2.522564e-23 
1.798000e+00 1.647815e-23 8.687461e-24 2.516561e-23 
1.800000e+00 1.641599e-23 8.676655e-24 2.509265e-23 
1.802000e+00 1.636011e-23 8.657036e-24 2.501714e-23 
1.804000e+00 1.630027e-23 8.636171e-24 2.493644e-23 
1.806000e+00 1.624620e-23 8.623204e-24 2.486940e-23 
1.808000e+00 1.617988e-23 8.604742e-24 2.478462e-23 
1.810000e+00 1.612409e-23 8.586856e-24 2.471095e-23 
1.812000e+00 1.605591e-23 8.574768e-24 2.463068e-23 
1.814000e+00 1.599902e-23 8.553370e-24 2.455238e-23 
1.816000e+00 1.591016e-23 8.533451e-24 2.444361e-23 
1.818000e+00 1.583888e-23 8.519874e-24 2.435876e-23 
1.820000e+00 1.575988e-23 8.503746e-24 2.426363e-23 
1.822000e+00 1.567235e-23 8.485828e-24 2.415818e-23 
1.824000e+00 1.556794e-23 8.468443e-24 2.403638e-23 
1.826000e+00 1.545048e-23 8.455004e-24 2.390548e-23 
1.828000e+00 1.535089e-23 8.437687e-24 2.378858e-23 
1.830000e+00 1.524274e-23 8.420993e-24 2.366373e-23 
1.832000e+00 1.513616e-23 8.407271e-24 2.354343e-23 
1.834000e+00 1.504171e-23 8.388758e-24 2.343047e-23 
1.836000e+00 1.494038e-23 8.373673e-24 2.331406e-23 
1.838000e+00 1.485311e-23 8.352616e-24 2.320572e-23 
1.840000e+00 1.480944e-23 8.340782e-24 2.315022e-23 
1.842000e+00 1.478162e-23 8.323105e-24 2.310473e-23 
1.844000e+00 1.475665e-23 8.307376e-24 2.306403e-23 
1.846000e+00 1.472204e-23 8.287054e-24 2.300909e-23 
1.848000e+00 1.475813e-23 8.279078e-24 2.303721e-23 
1.850000e+00 1.478778e-23 8.254851e-24 2.304263e-23 
1.852000e+00 1.482970e-23 8.242366e-24 2.307206e-23 
1.854000e+00 1.486688e-23 8.227693e-24 2.309458e-23 
1.856000e+00 1.492544e-23 8.206857e-24 2.313229e-23 
1.858000e+00 1.497371e-23 8.194775e-24 2.316848e-23 
1.860000e+00 1.503181e-23 8.177418e-24 2.320923e-23 
1.862000e+00 1.508824e-23 8.162122e-24 2.325036e-23 
1.864000e+00 1.510550e-23 8.140101e-24 2.324560e-23 
1.866000e+00 1.511479e-23 8.126189e-24 2.324098e-23 
1.868000e+00 1.512631e-23 8.111520e-24 2.323783e-23 
1.870000e+00 1.514074e-23 8.099117e-24 2.323985e-23 
1.872000e+00 1.514291e-23 8.082138e-24 2.322505e-23 
1.874000e+00 1.513991e-23 8.069090e-24 2.320900e-23 
1.876000e+00 1.514121e-23 8.050853e-24 2.319206e-23 
1.878000e+00 1.514343e-23 8.035920e-24 2.317935e-23 
1.880000e+00 1.513692e-23 8.026455e-24 2.316338e-23 
1.882000e+00 1.514313e-23 8.014796e-24 2.315793e-23 
1.884000e+00 1.513633e-23 8.000258e-24 2.313659e-23 
1.886000e+00 1.513137e-23 7.957739e-24 2.308911e-23 
1.888000e+00 1.512657e-23 7.943094e-24 2.306966e-23 
1.890000e+00 1.510970e-23 7.925205e-24 2.303491e-23 
1.892000e+00 1.510281e-23 7.937612e-24 2.304043e-23 
1.894000e+00 1.510029e-23 7.921703e-24 2.302199e-23 
1.896000e+00 1.508164e-23 7.904643e-24 2.298628e-23 
1.898000e+00 1.507970e-23 7.887599e-24 2.296730e-23 
1.900000e+00 1.506139e-23 7.874672e-24 2.293606e-23 
1.902000e+00 1.504462e-23 7.858070e-24 2.290269e-23 
1.904000e+00 1.502843e-23 7.847952e-24 2.287638e-23 
1.906000e+00 1.500750e-23 7.829702e-24 2.283720e-23 
1.908000e+00 1.500585e-23 7.814883e-24 2.282073e-23 
1.910000e+00 1.498975e-23 7.801432e-24 2.279118e-23 
1.912000e+00 1.497796e-23 7.788818e-24 2.276678e-23 
1.914000e+00 1.495825e-23 7.773944e-24 2.273219e-23 
1.916000e+00 1.495132e-23 7.757287e-24 2.270860e-23 
1.918000e+00 1.493513e-23 7.744442e-24 2.267957e-23 
1.920000e+00 1.491610e-23 7.732524e-24 2.264863e-23 
1.922000e+00 1.489982e-23 7.715552e-24 2.261537e-23 
1.924000e+00 1.488305e-23 7.698306e-24 2.258136e-23 
1.926000e+00 1.487147e-23 7.686608e-24 2.255808e-23 
1.928000e+00 1.484702e-23 7.674600e-24 2.252162e-23 
1.930000e+00 1.483110e-23 7.656358e-24 2.248745e-23 
1.932000e+00 1.481221e-23 7.645961e-24 2.245817e-23 
1.934000e+00 1.479893e-23 7.629210e-24 2.242814e-23 
1.936000e+00 1.477769e-23 7.612432e-24 2.239012e-23 
1.938000e+00 1.476239e-23 7.601578e-24 2.236397e-23 
1.940000e+00 1.474948e-23 7.584218e-24 2.233370e-23 
1.942000e+00 1.472090e-23 7.568665e-24 2.228956e-23 
1.944000e+00 1.470927e-23 7.558230e-24 2.226750e-23 
1.946000e+00 1.469275e-23 7.542769e-24 2.223552e-23 
1.948000e+00 1.467327e-23 7.524541e-24 2.219781e-23 
1.950000e+00 1.465671e-23 7.513509e-24 2.217022e-23 
1.952000e+00 1.462649e-23 7.497664e-24 2.212416e-23 
1.954000e+00 1.460871e-23 7.486212e-24 2.209492e-23 
1.956000e+00 1.459142e-23 7.467056e-24 2.205848e-23 
1.958000e+00 1.458278e-23 7.454619e-24 2.203740e-23 
1.960000e+00 1.455975e-23 7.445586e-24 2.200533e-23 
1.962000e+00 1.454347e-23 7.430170e-24 2.197364e-23 
1.964000e+00 1.452460e-23 7.419220e-24 2.194382e-23 
1.966000e+00 1.450533e-23 7.405904e-24 2.191124e-23 
1.968000e+00 1.449104e-23 7.387974e-24 2.187901e-23 
1.970000e+00 1.447011e-23 7.377618e-24 2.184772e-23 
1.972000e+00 1.443995e-23 7.360644e-24 2.180060e-23 
1.974000e+00 1.441900e-23 7.348161e-24 2.176716e-23 
1.976000e+00 1.440074e-23 7.341112e-24 2.174185e-23 
1.978000e+00 1.438374e-23 7.321661e-24 2.170540e-23 
1.980000e+00 1.436560e-23 7.309325e-24 2.167492e-23 
1.982000e+00 1.434640e-23 7.297948e-24 2.164434e-23 
1.984000e+00 1.432248e-23 7.279471e-24 2.160195e-23 
1.986000e+00 1.430043e-23 7.266440e-24 2.156687e-23 
1.988000e+00 1.428399e-23 7.257334e-24 2.154132e-23 
1.990000e+00 1.425934e-23 7.240068e-24 2.149941e-23 
1.992000e+00 1.424594e-23 7.225193e-24 2.147113e-23 
1.994000e+00 1.422568e-23 7.213072e-24 2.143876e-23 
1.996000e+00 1.420456e-23 7.197794e-24 2.140235e-23 
1.998000e+00 1.418200e-23 7.181868e-24 2.136387e-23 
2.000000e+00 1.416528e-23 7.174979e-24 2.134026e-23 
2.002000e+00 1.413948e-23 7.159812e-24 2.129930e-23 
2.004000e+00 1.412297e-23 7.149834e-24 2.127281e-23 
2.006000e+00 1.410147e-23 7.137539e-24 2.123900e-23 
2.008000e+00 1.408066e-23 7.127606e-24 2.120826e-23 
2.010000e+00 1.405929e-23 7.112575e-24 2.117186e-23 
2.012000e+00 1.403894e-23 7.100921e-24 2.113986e-23 
2.014000e+00 1.401829e-23 7.089160e-24 2.110745e-23 
2.016000e+00 1.399860e-23 7.073863e-24 2.107247e-23 
2.018000e+00 1.397669e-23 7.061235e-24 2.103792e-23 
2.020000e+00 1.395882e-23 7.052446e-24 2.101127e-23 
2.022000e+00 1.393454e-23 7.039414e-24 2.097395e-23 
2.024000e+00 1.391470e-23 7.027000e-24 2.094170e-23 
2.026000e+00 1.388526e-23 7.014630e-24 2.089989e-23 
2.028000e+00 1.386824e-23 7.003478e-24 2.087172e-23 
2.030000e+00 1.385342e-23 6.991291e-24 2.084471e-23 
2.032000e+00 1.383016e-23 6.976422e-24 2.080658e-23 
2.034000e+00 1.381429e-23 6.965602e-24 2.077989e-23 
2.036000e+00 1.379609e-23 6.944768e-24 2.074086e-23 
2.038000e+00 1.376593e-23 6.934494e-24 2.070043e-23 
2.040000e+00 1.375898e-23 6.921563e-24 2.068054e-23 
2.042000e+00 1.373562e-23 6.910769e-24 2.064639e-23 
2.044000e+00 1.371687e-23 6.905385e-24 2.062226e-23 
2.046000e+00 1.369343e-23 6.889698e-24 2.058313e-23 
2.048000e+00 1.367217e-23 6.878445e-24 2.055061e-23 
2.050000e+00 1.364770e-23 6.861168e-24 2.050887e-23 
2.052000e+00 1.362666e-23 6.850815e-24 2.047747e-23 
2.054000e+00 1.361311e-23 6.834954e-24 2.044806e-23 
2.056000e+00 1.359102e-23 6.824596e-24 2.041561e-23 
2.058000e+00 1.356684e-23 6.816495e-24 2.038333e-23 
2.060000e+00 1.354432e-23 6.802648e-24 2.034697e-23 
2.062000e+00 1.352218e-23 6.794183e-24 2.031637e-23 
2.064000e+00 1.351042e-23 6.774904e-24 2.028532e-23 
2.066000e+00 1.348819e-23 6.763498e-24 2.025169e-23 
2.068000e+00 1.346313e-23 6.750213e-24 2.021334e-23 
2.070000e+00 1.345241e-23 6.744380e-24 2.019679e-23 
2.072000e+00 1.342274e-23 6.731166e-24 2.015390e-23 
2.074000e+00 1.341180e-23 6.719564e-24 2.013136e-23 
2.076000e+00 1.338900e-23 6.706936e-24 2.009593e-23 
2.078000e+00 1.336749e-23 6.690725e-24 2.005821e-23 
2.080000e+00 1.335240e-23 6.683284e-24 2.003569e-23 
2.082000e+00 1.332780e-23 6.669373e-24 1.999717e-23 
2.084000e+00 1.330427e-23 6.656103e-24 1.996037e-23 
2.086000e+00 1.327587e-23 6.644612e-24 1.992048e-23 
2.088000e+00 1.326028e-23 6.630449e-24 1.989073e-23 
2.090000e+00 1.324432e-23 6.624731e-24 1.986905e-23 
2.092000e+00 1.321788e-23 6.607046e-24 1.982493e-23 
2.094000e+00 1.320604e-23 6.602183e-24 1.980823e-23 
2.096000e+00 1.317932e-23 6.586339e-24 1.976566e-23 
2.098000e+00 1.316565e-23 6.581188e-24 1.974683e-23 
2.100000e+00 1.314428e-23 6.566335e-24 1.971062e-23 
2.102000e+00 1.312643e-23 6.561042e-24 1.968748e-23 
2.104000e+00 1.309980e-23 6.545268e-24 1.964507e-23 
2.106000e+00 1.307392e-23 6.540666e-24 1.961458e-23 
2.108000e+00 1.305659e-23 6.522629e-24 1.957922e-23 
2.110000e+00 1.303526e-23 6.515680e-24 1.955094e-23 
2.112000e+00 1.302051e-23 6.502177e-24 1.952269e-23 
2.114000e+00 1.299965e-23 6.493220e-24 1.949287e-23 
2.116000e+00 1.298112e-23 6.477350e-24 1.945847e-23 
2.118000e+00 1.295205e-23 6.470589e-24 1.942263e-23 
2.120000e+00 1.294045e-23 6.455446e-24 1.939589e-23 
2.122000e+00 1.291896e-23 6.451531e-24 1.937050e-23 
2.124000e+00 1.289944e-23 6.434109e-24 1.933355e-23 
2.126000e+00 1.287552e-23 6.426567e-24 1.930209e-23 
2.128000e+00 1.286061e-23 6.414338e-24 1.927495e-23 
2.130000e+00 1.283723e-23 6.402464e-24 1.923969e-23 
2.132000e+00 1.282376e-23 6.393401e-24 1.921716e-23 
2.134000e+00 1.279328e-23 6.382992e-24 1.917628e-23 
2.136000e+00 1.278233e-23 6.364425e-24 1.914676e-23 
2.138000e+00 1.276347e-23 6.357266e-24 1.912073e-23 
2.140000e+00 1.274558e-23 6.353966e-24 1.909955e-23 
2.142000e+00 1.271833e-23 6.337354e-24 1.905568e-23 
2.144000e+00 1.270312e-23 6.331785e-24 1.903490e-23 
2.146000e+00 1.268838e-23 6.318674e-24 1.900705e-23 
2.148000e+00 1.266461e-23 6.303965e-24 1.896858e-23 
2.150000e+00 1.264905e-23 6.295804e-24 1.894486e-23 
2.152000e+00 1.261913e-23 6.287599e-24 1.890673e-23 
2.154000e+00 1.260484e-23 6.272046e-24 1.887689e-23 
2.156000e+00 1.259082e-23 6.268356e-24 1.885918e-23 
2.158000e+00 1.255938e-23 6.257568e-24 1.881695e-23 
2.160000e+00 1.254581e-23 6.242507e-24 1.878831e-23 
2.162000e+00 1.252598e-23 6.231878e-24 1.875786e-23 
2.164000e+00 1.250787e-23 6.228014e-24 1.873589e-23 
2.166000e+00 1.248778e-23 6.218452e-24 1.870623e-23 
2.168000e+00 1.246483e-23 6.200468e-24 1.866530e-23 
2.170000e+00 1.245011e-23 6.191213e-24 1.864132e-23 
2.172000e+00 1.243449e-23 6.184504e-24 1.861900e-23 
2.174000e+00 1.241640e-23 6.168496e-24 1.858489e-23 
2.176000e+00 1.239715e-23 6.159079e-24 1.855623e-23 
2.178000e+00 1.237197e-23 6.151737e-24 1.852371e-23 
2.180000e+00 1.235623e-23 6.146989e-24 1.850322e-23 
2.182000e+00 1.233202e-23 6.129105e-24 1.846113e-23 
2.184000e+00 1.231208e-23 6.116093e-24 1.842817e-23 
2.186000e+00 1.230106e-23 6.109307e-24 1.841037e-23 
2.188000e+00 1.228188e-23 6.099090e-24 1.838097e-23 
2.190000e+00 1.225641e-23 6.084743e-24 1.834115e-23 
2.192000e+00 1.223338e-23 6.074465e-24 1.830785e-23 
2.194000e+00 1.221829e-23 6.069498e-24 1.828779e-23 
2.196000e+00 1.219982e-23 6.057957e-24 1.825777e-23 
2.198000e+00 1.218303e-23 6.050085e-24 1.823312e-23 
2.200000e+00 1.216301e-23 6.036261e-24 1.819927e-23 
2.202000e+00 1.214018e-23 6.033020e-24 1.817320e-23 
2.204000e+00 1.211950e-23 6.022322e-24 1.814182e-23 
2.206000e+00 1.209841e-23 6.013315e-24 1.811172e-23 
2.208000e+00 1.208231e-23 5.997084e-24 1.807940e-23 
2.210000e+00 1.205843e-23 5.988578e-24 1.804701e-23 
2.212000e+00 1.204536e-23 5.973995e-24 1.801936e-23 
2.214000e+00 1.202459e-23 5.969138e-24 1.799373e-23 
2.216000e+00 1.200716e-23 5.961296e-24 1.796846e-23 
2.218000e+00 1.199102e-23 5.952955e-24 1.794397e-23 
2.220000e+00 1.197630e-23 5.941550e-24 1.791785e-23 
2.222000e+00 1.194847e-23 5.932451e-24 1.788092e-23 
2.224000e+00 1.193126e-23 5.923755e-24 1.785502e-23 
2.226000e+00 1.190941e-23 5.913102e-24 1.782251e-23 
2.228000e+00 1.189491e-23 5.897856e-24 1.779276e-23 
2.230000e+00 1.187403e-23 5.885880e-24 1.775991e-23 
2.232000e+00 1.185769e-23 5.875054e-24 1.773274e-23 
2.234000e+00 1.183529e-23 5.869498e-24 1.770479e-23 
2.236000e+00 1.182849e-23 5.855979e-24 1.768447e-23 
2.238000e+00 1.181296e-23 5.849021e-24 1.766198e-23 
2.240000e+00 1.179410e-23 5.844405e-24 1.763851e-23 
2.242000e+00 1.176734e-23 5.832199e-24 1.759954e-23 
2.244000e+00 1.174964e-23 5.818731e-24 1.756837e-23 
2.246000e+00 1.173375e-23 5.809358e-24 1.754310e-23 
2.248000e+00 1.153194e-23 5.803405e-24 1.733534e-23 
2.250000e+00 1.169547e-23 5.790766e-24 1.748624e-23 
2.252000e+00 1.167251e-23 5.781554e-24 1.745406e-23 
2.254000e+00 1.165385e-23 5.775755e-24 1.742960e-23 
2.256000e+00 1.163771e-23 5.766295e-24 1.740400e-23 
2.258000e+00 1.161513e-23 5.757801e-24 1.737293e-23 
2.260000e+00 1.159653e-23 5.745880e-24 1.734241e-23 
2.262000e+00 1.159083e-23 5.736913e-24 1.732774e-23 
2.264000e+00 1.157061e-23 5.728057e-24 1.729867e-23 
2.266000e+00 1.154684e-23 5.719153e-24 1.726599e-23 
2.268000e+00 1.153052e-23 5.706874e-24 1.723740e-23 
2.270000e+00 1.150697e-23 5.699159e-24 1.720612e-23 
2.272000e+00 1.148849e-23 5.685326e-24 1.717382e-23 
2.274000e+00 1.147835e-23 5.677905e-24 1.715625e-23 
2.276000e+00 1.146375e-23 5.667105e-24 1.713086e-23 
2.278000e+00 1.143878e-23 5.663681e-24 1.710246e-23 
2.280000e+00 1.141773e-23 5.654888e-24 1.707262e-23 
2.282000e+00 1.141035e-23 5.645142e-24 1.705550e-23 
2.284000e+00 1.138541e-23 5.635114e-24 1.702052e-23 
2.286000e+00 1.137625e-23 5.625024e-24 1.700128e-23 
2.288000e+00 1.135375e-23 5.613305e-24 1.696705e-23 
2.290000e+00 1.133572e-23 5.603970e-24 1.693969e-23 
2.292000e+00 1.132312e-23 5.591294e-24 1.691441e-23 
2.294000e+00 1.130485e-23 5.588986e-24 1.689383e-23 
2.296000e+00 1.128495e-23 5.578238e-24 1.686319e-23 
2.298000e+00 1.125852e-23 5.568323e-24 1.682685e-23 
2.300000e+00 1.124898e-23 5.562888e-24 1.681187e-23 
2.302000e+00 1.122646e-23 5.554360e-24 1.678082e-23 
2.304000e+00 1.120617e-23 5.545324e-24 1.675149e-23 
2.306000e+00 1.119832e-23 5.530529e-24 1.672885e-23 
2.308000e+00 1.117298e-23 5.528390e-24 1.670137e-23 
2.310000e+00 1.116621e-23 5.519463e-24 1.668568e-23 
2.312000e+00 1.114512e-23 5.508130e-24 1.665325e-23 
2.314000e+00 1.113009e-23 5.500270e-24 1.663036e-23 
2.316000e+00 1.111112e-23 5.490993e-24 1.660212e-23 
2.318000e+00 1.109647e-23 5.478750e-24 1.657522e-23 
2.320000e+00 1.107800e-23 5.472369e-24 1.655036e-23 
2.322000e+00 1.105653e-23 5.467549e-24 1.652408e-23 
2.324000e+00 1.104484e-23 5.455103e-24 1.649995e-23 
2.326000e+00 1.102074e-23 5.444027e-24 1.646477e-23 
2.328000e+00 1.100408e-23 5.442078e-24 1.644616e-23 
2.330000e+00 1.098967e-23 5.430497e-24 1.642017e-23 
2.332000e+00 1.096641e-23 5.422881e-24 1.638929e-23 
2.334000e+00 1.095047e-23 5.416682e-24 1.636716e-23 
2.336000e+00 1.093665e-23 5.402695e-24 1.633934e-23 
2.338000e+00 1.091140e-23 5.394329e-24 1.630573e-23 
2.340000e+00 1.090358e-23 5.388563e-24 1.629214e-23 
2.342000e+00 1.089301e-23 5.377074e-24 1.627008e-23 
2.344000e+00 1.086689e-23 5.366923e-24 1.623382e-23 
2.346000e+00 1.085553e-23 5.363638e-24 1.621917e-23 
2.348000e+00 1.084121e-23 5.351529e-24 1.619274e-23 
2.350000e+00 1.081838e-23 5.345857e-24 1.616424e-23 
2.352000e+00 1.080761e-23 5.336755e-24 1.614437e-23 
2.354000e+00 1.080036e-23 5.329670e-24 1.613003e-23 
2.356000e+00 1.076851e-23 5.321032e-24 1.608954e-23 
2.358000e+00 1.076123e-23 5.311075e-24 1.607231e-23 
2.360000e+00 1.073736e-23 5.305094e-24 1.604246e-23 
2.362000e+00 1.072437e-23 5.292641e-24 1.601701e-23 
2.364000e+00 1.070527e-23 5.279823e-24 1.598510e-23 
2.366000e+00 1.069076e-23 5.276759e-24 1.596752e-23 
2.368000e+00 1.067311e-23 5.262768e-24 1.593587e-23 
2.370000e+00 1.065202e-23 5.268196e-24 1.592022e-23 
2.372000e+00 1.063217e-23 5.257663e-24 1.588983e-23 
2.374000e+00 1.062309e-23 5.251987e-24 1.587508e-23 
2.376000e+00 1.061097e-23 5.243171e-24 1.585414e-23 
2.378000e+00 1.059640e-23 5.236092e-24 1.583249e-23 
2.380000e+00 1.057253e-23 5.223454e-24 1.579599e-23 
2.382000e+00 1.056479e-23 5.222112e-24 1.578691e-23 
2.384000e+00 1.054777e-23 5.208355e-24 1.575612e-23 
2.386000e+00 1.052568e-23 5.203901e-24 1.572958e-23 
2.388000e+00 1.051360e-23 5.191790e-24 1.570539e-23 
2.390000e+00 1.048851e-23 5.187326e-24 1.567583e-23 
2.392000e+00 1.047145e-23 5.172311e-24 1.564376e-23 
2.394000e+00 1.045988e-23 5.171497e-24 1.563137e-23 
2.396000e+00 1.043877e-23 5.155843e-24 1.559461e-23 
2.398000e+00 1.042551e-23 5.155087e-24 1.558060e-23 
2.400000e+00 1.041295e-23 5.149228e-24 1.556218e-23 
2.402000e+00 1.039721e-23 5.135625e-24 1.553284e-23 
2.404000e+00 1.038515e-23 5.132133e-24 1.551728e-23 
2.406000e+00 1.036516e-23 5.120691e-24 1.548586e-23 
2.408000e+00 1.034703e-23 5.114482e-24 1.546151e-23 
2.410000e+00 1.033276e-23 5.108721e-24 1.544148e-23 
2.412000e+00 1.031796e-23 5.099176e-24 1.541713e-23 
2.414000e+00 1.030820e-23 5.094399e-24 1.540260e-23 
2.416000e+00 1.028291e-23 5.087392e-24 1.537030e-23 
2.418000e+00 1.026690e-23 5.078993e-24 1.534590e-23 
2.420000e+00 1.025532e-23 5.069766e-24 1.532508e-23 
2.422000e+00 1.024588e-23 5.062995e-24 1.530887e-23 
2.424000e+00 1.022726e-23 5.053623e-24 1.528088e-23 
2.426000e+00 1.020701e-23 5.051517e-24 1.525853e-23 
2.428000e+00 1.019162e-23 5.037756e-24 1.522938e-23 
2.430000e+00 1.017332e-23 5.033121e-24 1.520645e-23 
2.432000e+00 1.016016e-23 5.027132e-24 1.518729e-23 
2.434000e+00 1.015210e-23 5.010779e-24 1.516288e-23 
2.436000e+00 1.013727e-23 5.006075e-24 1.514334e-23 
2.438000e+00 1.012265e-23 5.006103e-24 1.512875e-23 
2.440000e+00 1.010769e-23 4.989520e-24 1.509721e-23 
2.442000e+00 1.009329e-23 4.981907e-24 1.507519e-23 
2.444000e+00 1.008057e-23 4.979580e-24 1.506015e-23 
2.446000e+00 1.006818e-23 4.967839e-24 1.503602e-23 
2.448000e+00 1.003916e-23 4.962507e-24 1.500167e-23 
2.450000e+00 1.002743e-23 4.956352e-24 1.498378e-23 
2.452000e+00 1.001023e-23 4.941974e-24 1.495220e-23 
2.454000e+00 9.997691e-24 4.941143e-24 1.493883e-23 
2.456000e+00 9.984731e-24 4.933607e-24 1.491834e-23 
2.458000e+00 9.968915e-24 4.921046e-24 1.488996e-23 
2.460000e+00 9.955093e-24 4.915752e-24 1.487084e-23 
2.462000e+00 9.940397e-24 4.910981e-24 1.485138e-23 
2.464000e+00 9.927624e-24 4.905377e-24 1.483300e-23 
2.466000e+00 9.909005e-24 4.894900e-24 1.480390e-23 
2.468000e+00 9.895089e-24 4.885775e-24 1.478086e-23 
2.470000e+00 9.880263e-24 4.878295e-24 1.475856e-23 
2.472000e+00 9.865279e-24 4.874247e-24 1.473953e-23 
2.474000e+00 9.850192e-24 4.865563e-24 1.471575e-23 
2.476000e+00 9.821875e-24 4.858295e-24 1.468017e-23 
2.478000e+00 9.806943e-24 4.850534e-24 1.465748e-23 
2.480000e+00 9.793952e-24 4.843431e-24 1.463738e-23 
2.482000e+00 9.784124e-24 4.838506e-24 1.462263e-23 
2.484000e+00 9.764419e-24 4.831982e-24 1.459640e-23 
2.486000e+00 9.762544e-24 4.821971e-24 1.458451e-23 
2.488000e+00 9.745836e-24 4.815434e-24 1.456127e-23 
2.490000e+00 9.732077e-24 4.809667e-24 1.454174e-23 
2.492000e+00 9.715170e-24 4.800709e-24 1.451588e-23 
2.494000e+00 9.700482e-24 4.796112e-24 1.449659e-23 
2.496000e+00 9.685974e-24 4.785103e-24 1.447108e-23 
2.498000e+00 9.666623e-24 4.776384e-24 1.444301e-23 
2.500000e+00 9.656919e-24 4.772400e-24 1.442932e-23 
2.502000e+00 9.636666e-24 4.768206e-24 1.440487e-23 
2.504000e+00 9.626011e-24 4.760798e-24 1.438681e-23 
2.506000e+00 9.610261e-24 4.747645e-24 1.435791e-23 
2.508000e+00 9.604058e-24 4.741803e-24 1.434586e-23 
2.510000e+00 9.585617e-24 4.739162e-24 1.432478e-23 
2.512000e+00 9.569989e-24 4.730416e-24 1.430041e-23 
2.514000e+00 9.549996e-24 4.721374e-24 1.427137e-23 
2.516000e+00 9.537190e-24 4.718851e-24 1.425604e-23 
2.518000e+00 9.520578e-24 4.711488e-24 1.423207e-23 
2.520000e+00 9.508313e-24 4.704835e-24 1.421315e-23 
2.522000e+00 9.497113e-24 4.698880e-24 1.419599e-23 
2.524000e+00 9.488714e-24 4.685732e-24 1.417445e-23 
2.526000e+00 9.472315e-24 4.678865e-24 1.415118e-23 
2.528000e+00 9.456010e-24 4.676017e-24 1.413203e-23 
2.530000e+00 9.442122e-24 4.668427e-24 1.411055e-23 
2.532000e+00 9.433876e-24 4.660469e-24 1.409435e-23 
2.534000e+00 9.421188e-24 4.655660e-24 1.407685e-23 
2.536000e+00 9.404552e-24 4.647157e-24 1.405171e-23 
2.538000e+00 9.384356e-24 4.643502e-24 1.402786e-23 
2.540000e+00 9.370705e-24 4.639079e-24 1.400978e-23 
2.542000e+00 9.357443e-24 4.630523e-24 1.398797e-23 
2.544000e+00 9.347126e-24 4.622760e-24 1.396989e-23 
2.546000e+00 9.332165e-24 4.614412e-24 1.394658e-23 
2.548000e+00 9.317335e-24 4.610681e-24 1.392802e-23 
2.550000e+00 9.313353e-24 4.604202e-24 1.391755e-23 
2.552000e+00 9.296457e-24 4.599990e-24 1.389645e-23 
2.554000e+00 9.274304e-24 4.589975e-24 1.386428e-23 
2.556000e+00 9.269571e-24 4.585275e-24 1.385485e-23 
2.558000e+00 9.255894e-24 4.578948e-24 1.383484e-23 
2.560000e+00 9.238529e-24 4.570443e-24 1.380897e-23 
2.562000e+00 9.233693e-24 4.564952e-24 1.379865e-23 
2.564000e+00 9.211656e-24 4.551066e-24 1.376272e-23 
2.566000e+00 9.198115e-24 4.545144e-24 1.374326e-23 
2.568000e+00 9.179001e-24 4.538683e-24 1.371768e-23 
2.570000e+00 9.169433e-24 4.528070e-24 1.369750e-23 
2.572000e+00 9.161711e-24 4.524074e-24 1.368579e-23 
2.574000e+00 9.143806e-24 4.523113e-24 1.366692e-23 
2.576000e+00 9.127645e-24 4.518884e-24 1.364653e-23 
2.578000e+00 9.114662e-24 4.512376e-24 1.362704e-23 
2.580000e+00 9.096513e-24 4.506593e-24 1.360311e-23 
2.582000e+00 9.083285e-24 4.497175e-24 1.358046e-23 
2.584000e+00 9.066509e-24 4.490290e-24 1.355680e-23 
2.586000e+00 9.068228e-24 4.486110e-24 1.355434e-23 
2.588000e+00 9.046167e-24 4.478225e-24 1.352439e-23 
2.590000e+00 9.028817e-24 4.471326e-24 1.350014e-23 
2.592000e+00 9.020690e-24 4.463212e-24 1.348390e-23 
2.594000e+00 9.007771e-24 4.458468e-24 1.346624e-23 
2.596000e+00 8.996319e-24 4.452948e-24 1.344927e-23 
2.598000e+00 8.977328e-24 4.450742e-24 1.342807e-23 
2.600000e+00 8.967379e-24 4.445956e-24 1.341333e-23 
2.602000e+00 8.951170e-24 4.438485e-24 1.338966e-23 
2.604000e+00 8.936560e-24 4.430848e-24 1.336741e-23 
2.606000e+00 8.934296e-24 4.424163e-24 1.335846e-23 
2.608000e+00 8.909775e-24 4.412128e-24 1.332190e-23 
2.610000e+00 8.909423e-24 4.409360e-24 1.331878e-23 
2.612000e+00 8.895810e-24 4.400314e-24 1.329612e-23 
2.614000e+00 8.883762e-24 4.396043e-24 1.327980e-23 
2.616000e+00 8.865790e-24 4.388761e-24 1.325455e-23 
2.618000e+00 8.861513e-24 4.389692e-24 1.325120e-23 
2.620000e+00 8.833090e-24 4.383442e-24 1.321653e-23 
2.622000e+00 8.819317e-24 4.374654e-24 1.319397e-23 
2.624000e+00 8.804880e-24 4.368664e-24 1.317354e-23 
2.626000e+00 8.781476e-24 4.360078e-24 1.314155e-23 
2.628000e+00 8.779989e-24 4.354076e-24 1.313407e-23 
2.630000e+00 8.775175e-24 4.348218e-24 1.312339e-23 
2.632000e+00 8.763227e-24 4.340023e-24 1.310325e-23 
2.634000e+00 8.748967e-24 4.341790e-24 1.309076e-23 
2.636000e+00 8.731258e-24 4.334006e-24 1.306526e-23 
2.638000e+00 8.727216e-24 4.323389e-24 1.305060e-23 
2.640000e+00 8.714323e-24 4.317466e-24 1.303179e-23 
2.642000e+00 8.691898e-24 4.310379e-24 1.300228e-23 
2.644000e+00 8.690878e-24 4.310122e-24 1.300100e-23 
2.646000e+00 8.671104e-24 4.306221e-24 1.297732e-23 
2.648000e+00 8.661519e-24 4.295288e-24 1.295681e-23 
2.650000e+00 8.656778e-24 4.289384e-24 1.294616e-23 
2.652000e+00 8.635686e-24 4.280839e-24 1.291652e-23 
2.654000e+00 8.630613e-24 4.281675e-24 1.291229e-23 
2.656000e+00 8.606575e-24 4.274701e-24 1.288128e-23 
2.658000e+00 8.604597e-24 4.268412e-24 1.287301e-23 
2.660000e+00 8.588214e-24 4.258169e-24 1.284638e-23 
2.662000e+00 8.576221e-24 4.254000e-24 1.283022e-23 
2.664000e+00 8.565027e-24 4.252540e-24 1.281757e-23 
2.666000e+00 8.552409e-24 4.242357e-24 1.279477e-23 
2.668000e+00 8.532763e-24 4.236108e-24 1.276887e-23 
2.670000e+00 8.527995e-24 4.227639e-24 1.275563e-23 
2.672000e+00 8.509144e-24 4.218656e-24 1.272780e-23 
2.674000e+00 8.495366e-24 4.221823e-24 1.271719e-23 
2.676000e+00 8.480833e-24 4.216703e-24 1.269754e-23 
2.678000e+00 8.471264e-24 4.208549e-24 1.267981e-23 
2.680000e+00 8.463768e-24 4.197783e-24 1.266155e-23 
2.682000e+00 8.450090e-24 4.191099e-24 1.264119e-23 
2.684000e+00 8.437718e-24 4.191054e-24 1.262877e-23 
2.686000e+00 8.427830e-24 4.180719e-24 1.260855e-23 
2.688000e+00 8.409832e-24 4.173141e-24 1.258297e-23 
2.690000e+00 8.406589e-24 4.165249e-24 1.257184e-23 
2.692000e+00 8.381725e-24 4.163333e-24 1.254506e-23 
2.694000e+00 8.377199e-24 4.159496e-24 1.253669e-23 
2.696000e+00 8.364320e-24 4.150933e-24 1.251525e-23 
2.698000e+00 8.348653e-24 4.148512e-24 1.249717e-23 
2.700000e+00 8.337585e-24 4.142115e-24 1.247970e-23 
2.702000e+00 8.331303e-24 4.134225e-24 1.246553e-23 
2.704000e+00 8.308037e-24 4.134164e-24 1.244220e-23 
2.706000e+00 8.310084e-24 4.127808e-24 1.243789e-23 
2.708000e+00 8.296623e-24 4.124495e-24 1.242112e-23 
2.710000e+00 8.285332e-24 4.119838e-24 1.240517e-23 
2.712000e+00 8.267586e-24 4.112634e-24 1.238022e-23 
2.714000e+00 8.254678e-24 4.105231e-24 1.235991e-23 
2.716000e+00 8.254534e-24 4.101935e-24 1.235647e-23 
2.718000e+00 8.240273e-24 4.096930e-24 1.233720e-23 
2.720000e+00 8.238359e-24 4.092523e-24 1.233088e-23 
2.722000e+00 8.212998e-24 4.087524e-24 1.230052e-23 
2.724000e+00 8.211150e-24 4.081419e-24 1.229257e-23 
2.726000e+00 8.196422e-24 4.076051e-24 1.227247e-23 
2.728000e+00 8.173588e-24 4.075103e-24 1.224869e-23 
2.730000e+00 8.167388e-24 4.064939e-24 1.223233e-23 
2.732000e+00 8.158095e-24 4.058362e-24 1.221646e-23 
2.734000e+00 8.153178e-24 4.057732e-24 1.221091e-23 
2.736000e+00 8.134755e-24 4.048339e-24 1.218309e-23 
2.738000e+00 8.124286e-24 4.041766e-24 1.216605e-23 
2.740000e+00 8.112895e-24 4.040633e-24 1.215353e-23 
2.742000e+00 8.104089e-24 4.032758e-24 1.213685e-23 
2.744000e+00 8.096824e-24 4.026656e-24 1.212348e-23 
2.746000e+00 8.079220e-24 4.023176e-24 1.210240e-23 
2.748000e+00 8.069818e-24 4.013994e-24 1.208381e-23 
2.750000e+00 8.057881e-24 4.005359e-24 1.206324e-23 
2.752000e+00 8.038220e-24 4.007021e-24 1.204524e-23 
2.754000e+00 8.031526e-24 4.000739e-24 1.203226e-23 
2.756000e+00 8.021650e-24 3.995929e-24 1.201758e-23 
2.758000e+00 8.007194e-24 3.990053e-24 1.199725e-23 
2.760000e+00 8.002418e-24 3.982765e-24 1.198518e-23 
2.762000e+00 7.982617e-24 3.979840e-24 1.196246e-23 
2.764000e+00 7.975663e-24 3.970632e-24 1.194630e-23 
2.766000e+00 7.963634e-24 3.970712e-24 1.193435e-23 
2.768000e+00 7.954747e-24 3.964259e-24 1.191901e-23 
2.770000e+00 7.947103e-24 3.962644e-24 1.190975e-23 
2.772000e+00 7.939536e-24 3.953016e-24 1.189255e-23 
2.774000e+00 7.929652e-24 3.944445e-24 1.187410e-23 
2.776000e+00 7.907278e-24 3.941977e-24 1.184925e-23 
2.778000e+00 7.897759e-24 3.936536e-24 1.183429e-23 
2.780000e+00 7.884265e-24 3.932266e-24 1.181653e-23 
2.782000e+00 7.878147e-24 3.925277e-24 1.180342e-23 
2.784000e+00 7.867367e-24 3.926241e-24 1.179361e-23 
2.786000e+00 7.861173e-24 3.916842e-24 1.177802e-23 
2.788000e+00 7.851179e-24 3.918999e-24 1.177018e-23 
2.790000e+00 7.843116e-24 3.907917e-24 1.175103e-23 
2.792000e+00 7.815669e-24 3.902833e-24 1.171850e-23 
2.794000e+00 7.811304e-24 3.896975e-24 1.170828e-23 
2.796000e+00 7.797344e-24 3.892965e-24 1.169031e-23 
2.798000e+00 7.791372e-24 3.888617e-24 1.167999e-23 
2.800000e+00 7.783426e-24 3.879287e-24 1.166271e-23 
2.802000e+00 7.770955e-24 3.880666e-24 1.165162e-23 
2.804000e+00 7.758452e-24 3.870926e-24 1.162938e-23 
2.806000e+00 7.750990e-24 3.866540e-24 1.161753e-23 
2.808000e+00 7.742734e-24 3.860826e-24 1.160356e-23 
2.810000e+00 7.720946e-24 3.855407e-24 1.157635e-23 
2.812000e+00 7.714664e-24 3.856265e-24 1.157093e-23 
2.814000e+00 7.704296e-24 3.845459e-24 1.154976e-23 
2.816000e+00 7.690615e-24 3.843768e-24 1.153438e-23 
2.818000e+00 7.681798e-24 3.834106e-24 1.151590e-23 
2.820000e+00 7.676857e-24 3.831290e-24 1.150815e-23 
2.822000e+00 7.665882e-24 3.822365e-24 1.148825e-23 
2.824000e+00 7.653114e-24 3.823931e-24 1.147704e-23 
2.826000e+00 7.640775e-24 3.812599e-24 1.145337e-23 
2.828000e+00 7.637166e-24 3.810397e-24 1.144756e-23 
2.830000e+00 7.606947e-24 3.802381e-24 1.140933e-23 
2.832000e+00 7.605640e-24 3.802060e-24 1.140770e-23 
2.834000e+00 7.592542e-24 3.793287e-24 1.138583e-23 
2.836000e+00 7.580643e-24 3.791932e-24 1.137258e-23 
2.838000e+00 7.571191e-24 3.787610e-24 1.135880e-23 
2.840000e+00 7.565714e-24 3.781737e-24 1.134745e-23 
2.842000e+00 7.552076e-24 3.778658e-24 1.133073e-23 
2.844000e+00 7.539029e-24 3.770932e-24 1.130996e-23 
2.846000e+00 7.530950e-24 3.767932e-24 1.129888e-23 
2.848000e+00 7.520249e-24 3.759238e-24 1.127949e-23 
2.850000e+00 7.510073e-24 3.757949e-24 1.126802e-23 
2.852000e+00 7.507159e-24 3.748037e-24 1.125520e-23 
2.854000e+00 7.491812e-24 3.747325e-24 1.123914e-23 
2.856000e+00 7.475278e-24 3.737437e-24 1.121271e-23 
2.858000e+00 7.465909e-24 3.736305e-24 1.120221e-23 
2.860000e+00 7.460295e-24 3.729615e-24 1.118991e-23 
2.862000e+00 7.452554e-24 3.730652e-24 1.118321e-23 
2.864000e+00 7.439729e-24 3.723422e-24 1.116315e-23 
2.866000e+00 7.427728e-24 3.716754e-24 1.114448e-23 
2.868000e+00 7.409488e-24 3.714842e-24 1.112433e-23 
2.870000e+00 7.403523e-24 3.708749e-24 1.111227e-23 
2.872000e+00 7.391507e-24 3.706339e-24 1.109785e-23 
2.874000e+00 7.392048e-24 3.698103e-24 1.109015e-23 
2.876000e+00 7.379490e-24 3.697063e-24 1.107655e-23 
2.878000e+00 7.366740e-24 3.685584e-24 1.105232e-23 
2.880000e+00 7.360530e-24 3.684976e-24 1.104551e-23 
2.882000e+00 7.353132e-24 3.675297e-24 1.102843e-23 
2.884000e+00 7.338830e-24 3.672474e-24 1.101130e-23 
2.886000e+00 7.326156e-24 3.671983e-24 1.099814e-23 
2.888000e+00 7.317020e-24 3.662112e-24 1.097913e-23 
2.890000e+00 7.302284e-24 3.658547e-24 1.096083e-23 
2.892000e+00 7.301880e-24 3.658772e-24 1.096065e-23 
2.894000e+00 7.297578e-24 3.650108e-24 1.094769e-23 
2.896000e+00 7.282369e-24 3.650323e-24 1.093269e-23 
2.898000e+00 7.275003e-24 3.648415e-24 1.092342e-23 
2.900000e+00 7.265066e-24 3.637432e-24 1.090250e-23 
2.902000e+00 7.254735e-24 3.634771e-24 1.088951e-23 
2.904000e+00 7.245242e-24 3.635234e-24 1.088048e-23 
2.906000e+00 7.233607e-24 3.624883e-24 1.085849e-23 
2.908000e+00 7.229024e-24 3.626556e-24 1.085558e-23 
2.910000e+00 7.223756e-24 3.610637e-24 1.083439e-23 
2.912000e+00 7.215076e-24 3.611480e-24 1.082656e-23 
2.914000e+00 7.200462e-24 3.611556e-24 1.081202e-23 
2.916000e+00 7.187833e-24 3.601709e-24 1.078954e-23 
2.918000e+00 7.176502e-24 3.602465e-24 1.077897e-23 
2.920000e+00 7.165737e-24 3.597022e-24 1.076276e-23 
2.922000e+00 7.160531e-24 3.585815e-24 1.074635e-23 
2.924000e+00 7.146229e-24 3.588068e-24 1.073430e-23 
2.926000e+00 7.141766e-24 3.585542e-24 1.072731e-23 
2.928000e+00 7.133566e-24 3.574481e-24 1.070805e-23 
2.930000e+00 7.122344e-24 3.576324e-24 1.069867e-23 
2.932000e+00 7.110780e-24 3.569656e-24 1.068044e-23 
2.934000e+00 7.098326e-24 3.565761e-24 1.066409e-23 
2.936000e+00 7.086736e-24 3.561782e-24 1.064852e-23 
2.938000e+00 7.080506e-24 3.556990e-24 1.063750e-23 
2.940000e+00 7.069392e-24 3.550320e-24 1.061971e-23 
2.942000e+00 7.064561e-24 3.545597e-24 1.061016e-23 
2.944000e+00 7.053658e-24 3.546800e-24 1.060046e-23 
2.946000e+00 7.045467e-24 3.536147e-24 1.058161e-23 
2.948000e+00 7.030828e-24 3.534243e-24 1.056507e-23 
2.950000e+00 7.018915e-24 3.532671e-24 1.055159e-23 
2.952000e+00 6.996443e-24 3.521481e-24 1.051792e-23 
2.954000e+00 6.993910e-24 3.518034e-24 1.051194e-23 
2.956000e+00 6.984628e-24 3.518499e-24 1.050313e-23 
2.958000e+00 6.970085e-24 3.518738e-24 1.048882e-23 
2.960000e+00 6.965681e-24 3.507240e-24 1.047292e-23 
2.962000e+00 6.971454e-24 3.504971e-24 1.047643e-23 
2.964000e+00 6.958588e-24 3.505647e-24 1.046424e-23 
2.966000e+00 6.946511e-24 3.494388e-24 1.044090e-23 
2.968000e+00 6.943056e-24 3.494440e-24 1.043750e-23 
2.970000e+00 6.937433e-24 3.487248e-24 1.042468e-23 
2.972000e+00 6.920260e-24 3.488215e-24 1.040848e-23 
2.974000e+00 6.908811e-24 3.477718e-24 1.038653e-23 
2.976000e+00 6.901705e-24 3.475152e-24 1.037686e-23 
2.978000e+00 6.901264e-24 3.471829e-24 1.037309e-23 
2.980000e+00 6.889165e-24 3.462699e-24 1.035186e-23 
2.982000e+00 6.878441e-24 3.465128e-24 1.034357e-23 
2.984000e+00 6.862834e-24 3.462656e-24 1.032549e-23 
2.986000e+00 6.867381e-24 3.459725e-24 1.032711e-23 
2.988000e+00 6.852468e-24 3.448139e-24 1.030061e-23 
2.990000e+00 6.837712e-24 3.446786e-24 1.028450e-23 
2.992000e+00 6.833558e-24 3.440327e-24 1.027389e-23 
2.994000e+00 6.823365e-24 3.435494e-24 1.025886e-23 
2.996000e+00 6.811937e-24 3.431646e-24 1.024358e-23 
2.998000e+00 6.799627e-24 3.429544e-24 1.022917e-23 
