1.000000e-01 1.837304e-22 1.381444e-22 3.218748e-22 
1.020000e-01 1.833909e-22 1.371060e-22 3.204968e-22 
1.040000e-01 1.825935e-22 1.359080e-22 3.185015e-22 
1.060000e-01 1.813899e-22 1.348418e-22 3.162318e-22 
1.080000e-01 1.797160e-22 1.337098e-22 3.134258e-22 
1.100000e-01 1.773848e-22 1.325178e-22 3.099025e-22 
1.120000e-01 1.739995e-22 1.310022e-22 3.050017e-22 
1.140000e-01 1.682619e-22 1.302488e-22 2.985107e-22 
1.160000e-01 1.512816e-22 1.290171e-22 2.802987e-22 
1.180000e-01 1.660747e-22 1.279283e-22 2.940030e-22 
1.200000e-01 1.719643e-22 1.267972e-22 2.987615e-22 
1.220000e-01 1.749086e-22 1.255920e-22 3.005006e-22 
1.240000e-01 1.768172e-22 1.244690e-22 3.012862e-22 
1.260000e-01 1.782205e-22 1.233189e-22 3.015394e-22 
1.280000e-01 1.792851e-22 1.221643e-22 3.014494e-22 
1.300000e-01 1.800958e-22 1.210238e-22 3.011196e-22 
1.320000e-01 1.807424e-22 1.198827e-22 3.006250e-22 
1.340000e-01 1.812618e-22 1.187297e-22 2.999915e-22 
1.360000e-01 1.816686e-22 1.176070e-22 2.992756e-22 
1.380000e-01 1.819815e-22 1.164438e-22 2.984253e-22 
1.400000e-01 1.822138e-22 1.153273e-22 2.975411e-22 
1.420000e-01 1.823978e-22 1.141606e-22 2.965584e-22 
1.440000e-01 1.825111e-22 1.130114e-22 2.955224e-22 
1.460000e-01 1.825556e-22 1.118552e-22 2.944109e-22 
1.480000e-01 1.825336e-22 1.098634e-22 2.923970e-22 
1.500000e-01 1.824696e-22 1.095725e-22 2.920422e-22 
1.520000e-01 1.823465e-22 1.083985e-22 2.907450e-22 
1.540000e-01 1.821382e-22 1.072783e-22 2.894164e-22 
1.560000e-01 1.818529e-22 1.045846e-22 2.864375e-22 
1.580000e-01 1.814687e-22 1.034315e-22 2.849002e-22 
1.600000e-01 1.810010e-22 1.023389e-22 2.833399e-22 
1.620000e-01 1.803760e-22 1.012048e-22 2.815808e-22 
1.640000e-01 1.794274e-22 1.000475e-22 2.794749e-22 
1.660000e-01 1.777172e-22 9.893249e-23 2.766497e-22 
1.680000e-01 1.727058e-22 9.783437e-23 2.705402e-22 
1.700000e-01 1.745921e-22 9.674901e-23 2.713411e-22 
1.720000e-01 1.766877e-22 9.564307e-23 2.723308e-22 
1.740000e-01 1.776793e-22 9.452699e-23 2.722063e-22 
1.760000e-01 1.783196e-22 9.340978e-23 2.717294e-22 
1.780000e-01 1.788092e-22 9.229044e-23 2.710997e-22 
1.800000e-01 1.792067e-22 9.116525e-23 2.703719e-22 
1.820000e-01 1.795462e-22 9.003432e-23 2.695806e-22 
1.840000e-01 1.798562e-22 8.889683e-23 2.687530e-22 
1.860000e-01 1.801424e-22 8.776427e-23 2.679067e-22 
1.880000e-01 1.804240e-22 8.660328e-23 2.670273e-22 
1.900000e-01 1.807021e-22 8.544688e-23 2.661490e-22 
1.920000e-01 1.810305e-22 8.428394e-23 2.653145e-22 
1.940000e-01 1.814969e-22 8.062696e-23 2.621239e-22 
1.960000e-01 1.822179e-22 8.195993e-23 2.641779e-22 
1.980000e-01 1.839499e-22 8.079257e-23 2.647425e-22 
2.000000e-01 1.875293e-22 7.961569e-23 2.671450e-22 
2.020000e-01 1.848936e-22 7.844933e-23 2.633430e-22 
2.040000e-01 1.838460e-22 7.727820e-23 2.611242e-22 
2.060000e-01 1.831114e-22 7.605995e-23 2.591713e-22 
2.080000e-01 1.825198e-22 7.484276e-23 2.573625e-22 
2.100000e-01 1.819886e-22 7.360878e-23 2.555974e-22 
2.120000e-01 1.814993e-22 7.232801e-23 2.538273e-22 
2.140000e-01 1.810491e-22 7.102418e-23 2.520733e-22 
2.160000e-01 1.806167e-22 6.970011e-23 2.503169e-22 
2.180000e-01 1.801840e-22 6.830463e-23 2.484886e-22 
2.200000e-01 1.798015e-22 6.698576e-23 2.467872e-22 
2.220000e-01 1.794330e-22 6.563618e-23 2.450692e-22 
2.240000e-01 1.790353e-22 6.427094e-23 2.433062e-22 
2.260000e-01 1.786271e-22 6.286391e-23 2.414911e-22 
2.280000e-01 1.781797e-22 6.137290e-23 2.395526e-22 
2.300000e-01 1.777422e-22 5.988281e-23 2.376250e-22 
2.320000e-01 1.773124e-22 5.833184e-23 2.356443e-22 
2.340000e-01 1.768590e-22 5.671904e-23 2.335780e-22 
2.360000e-01 1.764089e-22 5.507225e-23 2.314812e-22 
2.380000e-01 1.759430e-22 5.336442e-23 2.293074e-22 
2.400000e-01 1.754556e-22 5.194040e-23 2.273960e-22 
2.420000e-01 1.749882e-22 5.080666e-23 2.257949e-22 
2.440000e-01 1.744998e-22 4.970901e-23 2.242089e-22 
2.460000e-01 1.740384e-22 4.827445e-23 2.223128e-22 
2.480000e-01 1.735802e-22 4.656677e-23 2.201470e-22 
2.500000e-01 1.731228e-22 4.454866e-23 2.176714e-22 
2.520000e-01 1.726663e-22 4.204672e-23 2.147130e-22 
2.540000e-01 1.721924e-22 3.924625e-23 2.114387e-22 
2.560000e-01 1.717277e-22 3.616101e-23 2.078888e-22 
2.580000e-01 1.712477e-22 3.262125e-23 2.038690e-22 
2.600000e-01 1.707716e-22 2.809094e-23 1.988626e-22 
2.620000e-01 1.702792e-22 2.258963e-23 1.928689e-22 
2.640000e-01 1.697823e-22 1.601143e-23 1.857937e-22 
2.660000e-01 1.692951e-22 9.710801e-24 1.790059e-22 
2.680000e-01 1.687943e-22 4.352134e-24 1.731464e-22 
2.700000e-01 1.683113e-22 9.205011e-25 1.692318e-22 
2.720000e-01 1.678149e-22 7.795618e-25 1.685945e-22 
2.740000e-01 1.673404e-22 4.768757e-24 1.721092e-22 
2.760000e-01 1.668710e-22 1.324591e-23 1.801169e-22 
2.780000e-01 1.664121e-22 1.937242e-23 1.857845e-22 
2.800000e-01 1.659427e-22 3.200240e-23 1.979451e-22 
2.820000e-01 1.654647e-22 3.726840e-23 2.027331e-22 
2.840000e-01 1.649598e-22 3.543642e-23 2.003962e-22 
2.860000e-01 1.644646e-22 3.362937e-23 1.980940e-22 
2.880000e-01 1.639427e-22 3.261580e-23 1.965585e-22 
2.900000e-01 1.634274e-22 3.237131e-23 1.957988e-22 
2.920000e-01 1.628831e-22 3.275892e-23 1.956420e-22 
2.940000e-01 1.623474e-22 3.369132e-23 1.960387e-22 
2.960000e-01 1.617960e-22 3.489960e-23 1.966956e-22 
2.980000e-01 1.612550e-22 3.636047e-23 1.976155e-22 
3.000000e-01 1.606978e-22 3.774701e-23 1.984448e-22 
3.020000e-01 1.601417e-22 3.886384e-23 1.990055e-22 
3.040000e-01 1.595622e-22 3.972593e-23 1.992881e-22 
3.060000e-01 1.589925e-22 4.044825e-23 1.994408e-22 
3.080000e-01 1.584027e-22 4.116737e-23 1.995700e-22 
3.100000e-01 1.578205e-22 4.166758e-23 1.994880e-22 
3.120000e-01 1.572192e-22 4.211030e-23 1.993295e-22 
3.140000e-01 1.566184e-22 4.234779e-23 1.989662e-22 
3.160000e-01 1.560058e-22 4.244508e-23 1.984509e-22 
3.180000e-01 1.553913e-22 4.236903e-23 1.977604e-22 
3.200000e-01 1.547753e-22 4.239097e-23 1.971663e-22 
3.220000e-01 1.541507e-22 4.247150e-23 1.966222e-22 
3.240000e-01 1.535305e-22 4.271376e-23 1.962443e-22 
3.260000e-01 1.528928e-22 4.300298e-23 1.958958e-22 
3.280000e-01 1.522644e-22 4.325012e-23 1.955145e-22 
3.300000e-01 1.516249e-22 4.350375e-23 1.951287e-22 
3.320000e-01 1.509991e-22 4.371863e-23 1.947177e-22 
3.340000e-01 1.503794e-22 4.393436e-23 1.943137e-22 
3.360000e-01 1.497617e-22 4.410397e-23 1.938657e-22 
3.380000e-01 1.491412e-22 4.426863e-23 1.934099e-22 
3.400000e-01 1.485122e-22 4.440348e-23 1.929157e-22 
3.420000e-01 1.478841e-22 4.454677e-23 1.924308e-22 
3.440000e-01 1.472318e-22 4.470417e-23 1.919360e-22 
3.460000e-01 1.465956e-22 4.485370e-23 1.914493e-22 
3.480000e-01 1.459344e-22 4.499860e-23 1.909330e-22 
3.500000e-01 1.452665e-22 4.513379e-23 1.904003e-22 
3.520000e-01 1.446009e-22 4.524845e-23 1.898493e-22 
3.540000e-01 1.439127e-22 4.536142e-23 1.892741e-22 
3.560000e-01 1.432412e-22 4.546234e-23 1.887036e-22 
3.580000e-01 1.425550e-22 4.556167e-23 1.881166e-22 
3.600000e-01 1.418728e-22 4.563895e-23 1.875118e-22 
3.620000e-01 1.411896e-22 4.571846e-23 1.869080e-22 
3.640000e-01 1.405010e-22 4.579634e-23 1.862973e-22 
3.660000e-01 1.398181e-22 4.587759e-23 1.856957e-22 
3.680000e-01 1.391244e-22 4.594091e-23 1.850653e-22 
3.700000e-01 1.384331e-22 4.600821e-23 1.844413e-22 
3.720000e-01 1.377350e-22 4.606967e-23 1.838047e-22 
3.740000e-01 1.370216e-22 4.613415e-23 1.831557e-22 
3.760000e-01 1.363113e-22 4.618081e-23 1.824921e-22 
3.780000e-01 1.355830e-22 4.622449e-23 1.818075e-22 
3.800000e-01 1.348419e-22 4.625283e-23 1.810947e-22 
3.820000e-01 1.341054e-22 4.627416e-23 1.803796e-22 
3.840000e-01 1.333386e-22 4.629460e-23 1.796332e-22 
3.860000e-01 1.325867e-22 4.631776e-23 1.789044e-22 
3.880000e-01 1.318339e-22 4.633838e-23 1.781723e-22 
3.900000e-01 1.310714e-22 4.635445e-23 1.774258e-22 
3.920000e-01 1.303136e-22 4.637320e-23 1.766868e-22 
3.940000e-01 1.295509e-22 4.639032e-23 1.759412e-22 
3.960000e-01 1.287953e-22 4.640895e-23 1.752043e-22 
3.980000e-01 1.280466e-22 4.642187e-23 1.744685e-22 
4.000000e-01 1.272900e-22 4.643095e-23 1.737209e-22 
4.020000e-01 1.265398e-22 4.643371e-23 1.729735e-22 
4.040000e-01 1.257866e-22 4.642319e-23 1.722098e-22 
4.060000e-01 1.250205e-22 4.641550e-23 1.714360e-22 
4.080000e-01 1.242570e-22 4.640687e-23 1.706638e-22 
4.100000e-01 1.234868e-22 4.640105e-23 1.698878e-22 
4.120000e-01 1.227106e-22 4.638932e-23 1.690999e-22 
4.140000e-01 1.219438e-22 4.637842e-23 1.683222e-22 
4.160000e-01 1.211691e-22 4.636840e-23 1.675375e-22 
4.180000e-01 1.203806e-22 4.635715e-23 1.667378e-22 
4.200000e-01 1.196112e-22 4.634747e-23 1.659587e-22 
4.220000e-01 1.188222e-22 4.633253e-23 1.651547e-22 
4.240000e-01 1.180310e-22 4.631965e-23 1.643507e-22 
4.260000e-01 1.172445e-22 4.630179e-23 1.635463e-22 
4.280000e-01 1.164531e-22 4.628235e-23 1.627355e-22 
4.300000e-01 1.156622e-22 4.556017e-23 1.612224e-22 
4.320000e-01 1.148743e-22 4.554107e-23 1.604154e-22 
4.340000e-01 1.140735e-22 4.552516e-23 1.595987e-22 
4.360000e-01 1.132742e-22 4.551009e-23 1.587843e-22 
4.380000e-01 1.124689e-22 4.549904e-23 1.579680e-22 
4.400000e-01 1.116587e-22 4.548671e-23 1.571455e-22 
4.420000e-01 1.108522e-22 4.545846e-23 1.563106e-22 
4.440000e-01 1.100502e-22 4.543321e-23 1.554834e-22 
4.460000e-01 1.092362e-22 4.540588e-23 1.546421e-22 
4.480000e-01 1.084168e-22 4.537927e-23 1.537960e-22 
4.500000e-01 9.921336e-23 4.535425e-23 1.445676e-22 
4.520000e-01 1.067862e-22 4.530672e-23 1.520929e-22 
4.540000e-01 1.059588e-22 4.525751e-23 1.512163e-22 
4.560000e-01 1.051363e-22 4.521208e-23 1.503484e-22 
4.580000e-01 1.043104e-22 4.516336e-23 1.494737e-22 
4.600000e-01 1.034721e-22 4.511693e-23 1.485890e-22 
4.620000e-01 1.026440e-22 4.507036e-23 1.477144e-22 
4.640000e-01 1.018081e-22 4.502301e-23 1.468311e-22 
4.660000e-01 9.906006e-23 4.497402e-23 1.440341e-22 
4.680000e-01 1.001161e-22 4.492793e-23 1.450441e-22 
4.700000e-01 9.926877e-23 4.488205e-23 1.441508e-22 
4.720000e-01 9.840407e-23 4.483395e-23 1.432380e-22 
4.740000e-01 9.753752e-23 4.477318e-23 1.423107e-22 
4.760000e-01 9.666727e-23 4.471346e-23 1.413807e-22 
4.780000e-01 9.579155e-23 4.465089e-23 1.404424e-22 
4.800000e-01 9.490535e-23 4.458670e-23 1.394921e-22 
4.820000e-01 9.401322e-23 4.451858e-23 1.385318e-22 
4.840000e-01 9.311448e-23 4.445284e-23 1.375673e-22 
4.860000e-01 9.220061e-23 4.438401e-23 1.365846e-22 
4.880000e-01 9.127792e-23 4.431752e-23 1.355954e-22 
4.900000e-01 9.034690e-23 4.424062e-23 1.345875e-22 
4.920000e-01 8.940642e-23 4.416260e-23 1.335690e-22 
4.940000e-01 8.844811e-23 4.408555e-23 1.325337e-22 
4.960000e-01 8.748551e-23 4.400432e-23 1.314898e-22 
4.980000e-01 8.649995e-23 4.392499e-23 1.304249e-22 
5.000000e-01 8.549171e-23 4.384360e-23 1.293353e-22 
5.020000e-01 8.447377e-23 4.376974e-23 1.282435e-22 
5.040000e-01 8.343387e-23 4.369395e-23 1.271278e-22 
5.060000e-01 8.236957e-23 4.361838e-23 1.259879e-22 
5.080000e-01 8.127805e-23 4.354329e-23 1.248213e-22 
5.100000e-01 8.016001e-23 4.346819e-23 1.236282e-22 
5.120000e-01 7.900292e-23 4.339349e-23 1.223964e-22 
5.140000e-01 7.781653e-23 4.331780e-23 1.211343e-22 
5.160000e-01 7.658668e-23 4.324649e-23 1.198332e-22 
5.180000e-01 7.530763e-23 4.317412e-23 1.184817e-22 
5.200000e-01 7.395763e-23 4.310283e-23 1.170605e-22 
5.220000e-01 7.254779e-23 4.303211e-23 1.155799e-22 
5.240000e-01 7.105166e-23 4.295688e-23 1.140085e-22 
5.260000e-01 6.945236e-23 4.287855e-23 1.123309e-22 
5.280000e-01 6.772814e-23 4.279883e-23 1.105270e-22 
5.300000e-01 6.585215e-23 4.271982e-23 1.085720e-22 
5.320000e-01 6.378424e-23 4.264197e-23 1.064262e-22 
5.340000e-01 6.135614e-23 4.256052e-23 1.039167e-22 
5.360000e-01 5.843653e-23 4.247520e-23 1.009117e-22 
5.380000e-01 5.445590e-23 4.238074e-23 9.683663e-23 
5.400000e-01 4.881346e-23 4.228821e-23 9.110168e-23 
5.420000e-01 4.252339e-23 4.219971e-23 8.472310e-23 
5.440000e-01 3.851129e-23 4.211874e-23 8.063003e-23 
5.460000e-01 3.918544e-23 4.203854e-23 8.122398e-23 
5.480000e-01 4.335505e-23 4.195573e-23 8.531077e-23 
5.500000e-01 4.776767e-23 4.186339e-23 8.963105e-23 
5.520000e-01 5.116144e-23 4.177191e-23 9.293335e-23 
5.540000e-01 5.321130e-23 4.168270e-23 9.489400e-23 
5.560000e-01 5.474243e-23 4.160107e-23 9.634351e-23 
5.580000e-01 5.590628e-23 4.151815e-23 9.742443e-23 
5.600000e-01 5.687598e-23 4.143875e-23 9.831473e-23 
5.620000e-01 5.769830e-23 4.134468e-23 9.904298e-23 
5.640000e-01 5.839570e-23 4.125657e-23 9.965227e-23 
5.660000e-01 5.899420e-23 4.116889e-23 1.001631e-22 
5.680000e-01 5.949930e-23 4.107923e-23 1.005785e-22 
5.700000e-01 5.992981e-23 4.098932e-23 1.009191e-22 
5.720000e-01 6.029533e-23 4.089725e-23 1.011926e-22 
5.740000e-01 6.061677e-23 4.080606e-23 1.014228e-22 
5.760000e-01 6.090453e-23 4.071305e-23 1.016176e-22 
5.780000e-01 6.113799e-23 4.062393e-23 1.017619e-22 
5.800000e-01 6.133068e-23 4.053216e-23 1.018628e-22 
5.820000e-01 6.149813e-23 4.044383e-23 1.019420e-22 
5.840000e-01 6.164011e-23 4.035527e-23 1.019954e-22 
5.860000e-01 6.175816e-23 4.027179e-23 1.020300e-22 
5.880000e-01 6.183439e-23 4.018073e-23 1.020151e-22 
5.900000e-01 6.189714e-23 4.009184e-23 1.019890e-22 
5.920000e-01 6.194125e-23 4.000060e-23 1.019418e-22 
5.940000e-01 6.196689e-23 3.990972e-23 1.018766e-22 
5.960000e-01 6.197065e-23 3.982079e-23 1.017914e-22 
5.980000e-01 6.195217e-23 3.972818e-23 1.016804e-22 
6.000000e-01 6.192881e-23 3.963453e-23 1.015633e-22 
6.020000e-01 6.188718e-23 3.953234e-23 1.014195e-22 
6.040000e-01 6.182852e-23 3.942549e-23 1.012540e-22 
6.060000e-01 6.175527e-23 3.932010e-23 1.010754e-22 
6.080000e-01 6.167219e-23 3.922694e-23 1.008991e-22 
6.100000e-01 6.158270e-23 3.914840e-23 1.007311e-22 
6.120000e-01 6.148092e-23 3.906447e-23 1.005454e-22 
6.140000e-01 6.135240e-23 3.898357e-23 1.003360e-22 
6.160000e-01 6.122777e-23 3.888716e-23 1.001149e-22 
6.180000e-01 6.108975e-23 3.878924e-23 9.987899e-23 
6.200000e-01 6.094455e-23 3.869148e-23 9.963604e-23 
6.220000e-01 6.078507e-23 3.859527e-23 9.938034e-23 
6.240000e-01 6.061510e-23 3.850291e-23 9.911801e-23 
6.260000e-01 6.044520e-23 3.841205e-23 9.885725e-23 
6.280000e-01 6.026228e-23 3.832069e-23 9.858297e-23 
6.300000e-01 6.006716e-23 3.822496e-23 9.829212e-23 
6.320000e-01 5.986492e-23 3.812366e-23 9.798857e-23 
6.340000e-01 5.965583e-23 3.802210e-23 9.767793e-23 
6.360000e-01 5.943611e-23 3.792149e-23 9.735759e-23 
6.380000e-01 5.920892e-23 3.782962e-23 9.703854e-23 
6.400000e-01 5.896991e-23 3.770070e-23 9.667060e-23 
6.420000e-01 5.871621e-23 3.763276e-23 9.634897e-23 
6.440000e-01 5.846345e-23 3.754218e-23 9.600564e-23 
6.460000e-01 5.819828e-23 3.745858e-23 9.565686e-23 
6.480000e-01 5.792061e-23 3.737385e-23 9.529446e-23 
6.500000e-01 5.762743e-23 3.729648e-23 9.492392e-23 
6.520000e-01 5.732326e-23 3.719613e-23 9.451939e-23 
6.540000e-01 5.701179e-23 3.708950e-23 9.410128e-23 
6.560000e-01 5.667974e-23 3.698368e-23 9.366342e-23 
6.580000e-01 5.633689e-23 3.687692e-23 9.321381e-23 
6.600000e-01 5.598000e-23 3.678404e-23 9.276404e-23 
6.620000e-01 5.560550e-23 3.668764e-23 9.229313e-23 
6.640000e-01 5.522208e-23 3.659472e-23 9.181680e-23 
6.660000e-01 5.481274e-23 3.649958e-23 9.131232e-23 
6.680000e-01 5.438845e-23 3.640226e-23 9.079071e-23 
6.700000e-01 5.394451e-23 3.630196e-23 9.024647e-23 
6.720000e-01 5.348996e-23 3.620093e-23 8.969089e-23 
6.740000e-01 5.301084e-23 3.610139e-23 8.911224e-23 
6.760000e-01 5.250262e-23 3.600764e-23 8.851025e-23 
6.780000e-01 5.197337e-23 3.591662e-23 8.788998e-23 
6.800000e-01 5.142419e-23 3.582417e-23 8.724836e-23 
6.820000e-01 5.082793e-23 3.572795e-23 8.655588e-23 
6.840000e-01 5.020103e-23 3.563614e-23 8.583717e-23 
6.860000e-01 4.953101e-23 3.554454e-23 8.507555e-23 
6.880000e-01 4.880176e-23 3.545057e-23 8.425233e-23 
6.900000e-01 4.802275e-23 3.535353e-23 8.337628e-23 
6.920000e-01 4.715280e-23 3.526014e-23 8.241294e-23 
6.940000e-01 4.616259e-23 3.516409e-23 8.132667e-23 
6.960000e-01 4.507321e-23 3.507234e-23 8.014555e-23 
6.980000e-01 4.373476e-23 3.497217e-23 7.870693e-23 
7.000000e-01 4.185882e-23 3.487658e-23 7.673539e-23 
7.020000e-01 3.963446e-23 3.477623e-23 7.441069e-23 
7.040000e-01 3.691122e-23 3.468179e-23 7.159301e-23 
7.060000e-01 3.507798e-23 3.458093e-23 6.965891e-23 
7.080000e-01 3.408149e-23 3.449192e-23 6.857341e-23 
7.100000e-01 3.514456e-23 3.439107e-23 6.953563e-23 
7.120000e-01 3.689286e-23 3.429535e-23 7.118821e-23 
7.140000e-01 3.936932e-23 3.419778e-23 7.356710e-23 
7.160000e-01 4.138600e-23 3.410098e-23 7.548697e-23 
7.180000e-01 4.309672e-23 3.400526e-23 7.710199e-23 
7.200000e-01 4.414079e-23 3.391053e-23 7.805133e-23 
7.220000e-01 4.496198e-23 3.381693e-23 7.877891e-23 
7.240000e-01 4.567467e-23 3.372682e-23 7.940150e-23 
7.260000e-01 4.624241e-23 3.363477e-23 7.987717e-23 
7.280000e-01 4.675131e-23 3.354293e-23 8.029424e-23 
7.300000e-01 4.721258e-23 3.344506e-23 8.065764e-23 
7.320000e-01 4.758333e-23 3.335060e-23 8.093393e-23 
7.340000e-01 4.793333e-23 3.325107e-23 8.118441e-23 
7.360000e-01 4.823715e-23 3.315430e-23 8.139145e-23 
7.380000e-01 4.851414e-23 3.305471e-23 8.156885e-23 
7.400000e-01 4.876930e-23 3.295594e-23 8.172524e-23 
7.420000e-01 4.898736e-23 3.285814e-23 8.184550e-23 
7.440000e-01 4.918447e-23 3.276426e-23 8.194873e-23 
7.460000e-01 4.936226e-23 3.266386e-23 8.202612e-23 
7.480000e-01 4.952731e-23 3.257134e-23 8.209865e-23 
7.500000e-01 4.967494e-23 3.247888e-23 8.215382e-23 
7.520000e-01 4.980710e-23 3.239061e-23 8.219771e-23 
7.540000e-01 4.992062e-23 3.229561e-23 8.221623e-23 
7.560000e-01 5.001999e-23 3.220091e-23 8.222090e-23 
7.580000e-01 5.011057e-23 3.211277e-23 8.222335e-23 
7.600000e-01 5.019532e-23 3.202198e-23 8.221730e-23 
7.620000e-01 5.026398e-23 3.193449e-23 8.219847e-23 
7.640000e-01 5.032699e-23 3.184419e-23 8.217118e-23 
7.660000e-01 5.037639e-23 3.175671e-23 8.213310e-23 
7.680000e-01 5.041853e-23 3.167430e-23 8.209283e-23 
7.700000e-01 5.045504e-23 3.158593e-23 8.204097e-23 
7.720000e-01 5.048327e-23 3.150102e-23 8.198429e-23 
7.740000e-01 5.050115e-23 3.141009e-23 8.191123e-23 
7.760000e-01 5.051117e-23 3.131206e-23 8.182322e-23 
7.780000e-01 5.051405e-23 3.121960e-23 8.173365e-23 
7.800000e-01 5.051073e-23 3.112493e-23 8.163567e-23 
7.820000e-01 5.049898e-23 3.102399e-23 8.152296e-23 
7.840000e-01 5.048280e-23 3.093760e-23 8.142040e-23 
7.860000e-01 5.044983e-23 3.084701e-23 8.129684e-23 
7.880000e-01 5.041518e-23 3.075662e-23 8.117180e-23 
7.900000e-01 5.037407e-23 3.066679e-23 8.104086e-23 
7.920000e-01 5.032215e-23 3.057513e-23 8.089728e-23 
7.940000e-01 5.026309e-23 3.049018e-23 8.075327e-23 
7.960000e-01 5.017221e-23 3.040515e-23 8.057736e-23 
7.980000e-01 5.008196e-23 3.031621e-23 8.039817e-23 
8.000000e-01 4.999038e-23 3.022894e-23 8.021932e-23 
8.020000e-01 4.990600e-23 3.014492e-23 8.005092e-23 
8.040000e-01 4.983433e-23 3.006353e-23 7.989786e-23 
8.060000e-01 4.976938e-23 2.997495e-23 7.974433e-23 
8.080000e-01 4.970559e-23 2.988690e-23 7.959249e-23 
8.100000e-01 4.963600e-23 2.980045e-23 7.943644e-23 
8.120000e-01 4.856921e-23 2.971067e-23 7.827988e-23 
8.140000e-01 4.952006e-23 2.961137e-23 7.913143e-23 
8.160000e-01 4.946325e-23 2.952179e-23 7.898504e-23 
8.180000e-01 4.940709e-23 2.942716e-23 7.883425e-23 
8.200000e-01 4.934845e-23 2.934217e-23 7.869062e-23 
8.220000e-01 4.929551e-23 2.926154e-23 7.855704e-23 
8.240000e-01 4.923723e-23 2.918149e-23 7.841872e-23 
8.260000e-01 4.918768e-23 2.910545e-23 7.829314e-23 
8.280000e-01 4.913582e-23 2.902440e-23 7.816023e-23 
8.300000e-01 4.908160e-23 2.894073e-23 7.802233e-23 
8.320000e-01 4.903333e-23 2.885477e-23 7.788810e-23 
8.340000e-01 4.898280e-23 2.876760e-23 7.775040e-23 
8.360000e-01 4.893571e-23 2.867947e-23 7.761518e-23 
8.380000e-01 4.889172e-23 2.859077e-23 7.748249e-23 
8.400000e-01 4.884801e-23 2.850369e-23 7.735169e-23 
8.420000e-01 4.880910e-23 2.842895e-23 7.723805e-23 
8.440000e-01 4.877230e-23 2.834218e-23 7.711448e-23 
8.460000e-01 4.873154e-23 2.825921e-23 7.699074e-23 
8.480000e-01 4.869747e-23 2.817365e-23 7.687112e-23 
8.500000e-01 4.866740e-23 2.809519e-23 7.676258e-23 
8.520000e-01 4.863798e-23 2.803471e-23 7.667268e-23 
8.540000e-01 4.861083e-23 2.795493e-23 7.656576e-23 
8.560000e-01 4.858592e-23 2.787649e-23 7.646241e-23 
8.580000e-01 4.855892e-23 2.779648e-23 7.635540e-23 
8.600000e-01 4.853274e-23 2.768557e-23 7.621832e-23 
8.620000e-01 4.850282e-23 2.759810e-23 7.610093e-23 
8.640000e-01 4.847540e-23 2.751096e-23 7.598636e-23 
8.660000e-01 4.843788e-23 2.742381e-23 7.586169e-23 
8.680000e-01 4.841039e-23 2.733998e-23 7.575037e-23 
8.700000e-01 4.837812e-23 2.725294e-23 7.563106e-23 
8.720000e-01 4.833245e-23 2.716594e-23 7.549839e-23 
8.740000e-01 4.829032e-23 2.708690e-23 7.537722e-23 
8.760000e-01 4.823487e-23 2.699933e-23 7.523420e-23 
8.780000e-01 4.817647e-23 2.691592e-23 7.509239e-23 
8.800000e-01 4.811593e-23 2.684470e-23 7.496063e-23 
8.820000e-01 4.805177e-23 2.677380e-23 7.482556e-23 
8.840000e-01 4.799446e-23 2.670539e-23 7.469985e-23 
8.860000e-01 4.793324e-23 2.662962e-23 7.456287e-23 
8.880000e-01 4.786474e-23 2.655976e-23 7.442450e-23 
8.900000e-01 4.779628e-23 2.648065e-23 7.427694e-23 
8.920000e-01 4.772154e-23 2.640447e-23 7.412601e-23 
8.940000e-01 4.764767e-23 2.632473e-23 7.397240e-23 
8.960000e-01 4.757869e-23 2.624889e-23 7.382757e-23 
8.980000e-01 4.751009e-23 2.617187e-23 7.368196e-23 
9.000000e-01 4.743327e-23 2.608907e-23 7.352234e-23 
9.020000e-01 4.735785e-23 2.600088e-23 7.335873e-23 
9.040000e-01 4.727746e-23 2.591539e-23 7.319285e-23 
9.060000e-01 4.719693e-23 2.583374e-23 7.303067e-23 
9.080000e-01 4.712370e-23 2.574368e-23 7.286738e-23 
9.100000e-01 4.703519e-23 2.567193e-23 7.270712e-23 
9.120000e-01 4.695786e-23 2.560069e-23 7.255854e-23 
9.140000e-01 4.687230e-23 2.552612e-23 7.239842e-23 
9.160000e-01 4.678624e-23 2.545414e-23 7.224038e-23 
9.180000e-01 4.670376e-23 2.538506e-23 7.208882e-23 
9.200000e-01 4.661279e-23 2.530830e-23 7.192109e-23 
9.220000e-01 4.653016e-23 2.522528e-23 7.175544e-23 
9.240000e-01 4.644743e-23 2.514570e-23 7.159313e-23 
9.260000e-01 4.636435e-23 2.506769e-23 7.143205e-23 
9.280000e-01 4.627888e-23 2.498689e-23 7.126577e-23 
9.300000e-01 4.618659e-23 2.491108e-23 7.109768e-23 
9.320000e-01 4.609673e-23 2.484474e-23 7.094147e-23 
9.340000e-01 4.600530e-23 2.478018e-23 7.078548e-23 
9.360000e-01 4.591275e-23 2.471418e-23 7.062693e-23 
9.380000e-01 4.582676e-23 2.464238e-23 7.046914e-23 
9.400000e-01 4.572989e-23 2.457421e-23 7.030410e-23 
9.420000e-01 4.564419e-23 2.450527e-23 7.014946e-23 
9.440000e-01 4.554629e-23 2.443264e-23 6.997894e-23 
9.460000e-01 4.545290e-23 2.435835e-23 6.981126e-23 
9.480000e-01 4.535657e-23 2.428595e-23 6.964252e-23 
9.500000e-01 4.526952e-23 2.421380e-23 6.948331e-23 
9.520000e-01 4.517149e-23 2.413787e-23 6.930935e-23 
9.540000e-01 4.507322e-23 2.407027e-23 6.914349e-23 
9.560000e-01 4.498172e-23 2.400298e-23 6.898470e-23 
9.580000e-01 4.488236e-23 2.392998e-23 6.881234e-23 
9.600000e-01 4.479206e-23 2.385958e-23 6.865164e-23 
9.620000e-01 4.469640e-23 2.378895e-23 6.848535e-23 
9.640000e-01 4.458932e-23 2.371498e-23 6.830430e-23 
9.660000e-01 4.449486e-23 2.363611e-23 6.813097e-23 
9.680000e-01 4.439697e-23 2.355741e-23 6.795438e-23 
9.700000e-01 4.429873e-23 2.347476e-23 6.777348e-23 
9.720000e-01 4.419952e-23 2.339705e-23 6.759657e-23 
9.740000e-01 4.410293e-23 2.332543e-23 6.742836e-23 
9.760000e-01 4.400537e-23 2.325910e-23 6.726447e-23 
9.780000e-01 4.391015e-23 2.319214e-23 6.710229e-23 
9.800000e-01 4.380829e-23 2.312704e-23 6.693533e-23 
9.820000e-01 4.370895e-23 2.306049e-23 6.676945e-23 
9.840000e-01 4.360272e-23 2.299611e-23 6.659884e-23 
9.860000e-01 4.350484e-23 2.291750e-23 6.642234e-23 
9.880000e-01 4.340822e-23 2.284001e-23 6.624823e-23 
9.900000e-01 4.330579e-23 2.276970e-23 6.607549e-23 
9.920000e-01 4.320373e-23 2.269278e-23 6.589650e-23 
9.940000e-01 4.311144e-23 2.261980e-23 6.573124e-23 
9.960000e-01 4.300496e-23 2.255266e-23 6.555761e-23 
9.980000e-01 4.290958e-23 2.251258e-23 6.542217e-23 
1.000000e+00 4.280821e-23 2.247119e-23 6.527940e-23 
1.002000e+00 4.270881e-23 2.241260e-23 6.512140e-23 
1.004000e+00 4.261272e-23 2.235166e-23 6.496438e-23 
1.006000e+00 4.251127e-23 2.229207e-23 6.480334e-23 
1.008000e+00 4.241280e-23 2.223022e-23 6.464302e-23 
1.010000e+00 4.231226e-23 2.217473e-23 6.448698e-23 
1.012000e+00 4.221047e-23 2.210985e-23 6.432032e-23 
1.014000e+00 4.210901e-23 2.204869e-23 6.415770e-23 
1.016000e+00 4.200635e-23 2.199044e-23 6.399679e-23 
1.018000e+00 4.190904e-23 2.192486e-23 6.383390e-23 
1.020000e+00 4.180824e-23 2.186470e-23 6.367294e-23 
1.022000e+00 4.170867e-23 2.181334e-23 6.352201e-23 
1.024000e+00 4.160456e-23 2.174985e-23 6.335441e-23 
1.026000e+00 4.150279e-23 2.169389e-23 6.319668e-23 
1.028000e+00 4.140611e-23 2.163961e-23 6.304572e-23 
1.030000e+00 4.129976e-23 2.158001e-23 6.287977e-23 
1.032000e+00 4.119930e-23 2.151165e-23 6.271094e-23 
1.034000e+00 4.109931e-23 2.145160e-23 6.255090e-23 
1.036000e+00 4.100197e-23 2.139380e-23 6.239577e-23 
1.038000e+00 3.807322e-23 2.133194e-23 5.940516e-23 
1.040000e+00 4.079257e-23 2.127719e-23 6.206976e-23 
1.042000e+00 4.069689e-23 2.121506e-23 6.191196e-23 
1.044000e+00 4.059263e-23 2.115619e-23 6.174882e-23 
1.046000e+00 4.049253e-23 2.109922e-23 6.159176e-23 
1.048000e+00 4.039589e-23 2.103791e-23 6.143380e-23 
1.050000e+00 4.028112e-23 2.098331e-23 6.126442e-23 
1.052000e+00 4.017842e-23 2.092548e-23 6.110390e-23 
1.054000e+00 4.007638e-23 2.087047e-23 6.094685e-23 
1.056000e+00 3.997845e-23 2.083300e-23 6.081146e-23 
1.058000e+00 3.987499e-23 2.077413e-23 6.064912e-23 
1.060000e+00 3.978016e-23 2.071623e-23 6.049639e-23 
1.062000e+00 3.967190e-23 2.066194e-23 6.033384e-23 
1.064000e+00 3.957542e-23 2.060554e-23 6.018096e-23 
1.066000e+00 3.947295e-23 2.053589e-23 6.000884e-23 
1.068000e+00 3.937159e-23 2.047552e-23 5.984711e-23 
1.070000e+00 3.926498e-23 2.042156e-23 5.968654e-23 
1.072000e+00 3.917139e-23 2.036695e-23 5.953834e-23 
1.074000e+00 3.906487e-23 2.031110e-23 5.937597e-23 
1.076000e+00 3.896588e-23 2.025772e-23 5.922360e-23 
1.078000e+00 3.886499e-23 2.020355e-23 5.906854e-23 
1.080000e+00 3.876705e-23 2.014892e-23 5.891596e-23 
1.082000e+00 3.866769e-23 2.009493e-23 5.876262e-23 
1.084000e+00 3.855656e-23 2.004160e-23 5.859816e-23 
1.086000e+00 3.846456e-23 1.998843e-23 5.845299e-23 
1.088000e+00 3.835738e-23 1.993821e-23 5.829559e-23 
1.090000e+00 3.825985e-23 1.987881e-23 5.813867e-23 
1.092000e+00 3.816433e-23 1.982297e-23 5.798730e-23 
1.094000e+00 3.805550e-23 1.977114e-23 5.782664e-23 
1.096000e+00 3.795455e-23 1.971799e-23 5.767254e-23 
1.098000e+00 3.785546e-23 1.966205e-23 5.751751e-23 
1.100000e+00 3.775579e-23 1.961236e-23 5.736815e-23 
1.102000e+00 3.765902e-23 1.956049e-23 5.721950e-23 
1.104000e+00 3.755567e-23 1.950695e-23 5.706262e-23 
1.106000e+00 3.745943e-23 1.945809e-23 5.691752e-23 
1.108000e+00 3.735513e-23 1.940562e-23 5.676075e-23 
1.110000e+00 3.725823e-23 1.935753e-23 5.661576e-23 
1.112000e+00 3.715373e-23 1.929731e-23 5.645105e-23 
1.114000e+00 3.705563e-23 1.924801e-23 5.630364e-23 
1.116000e+00 3.695672e-23 1.919451e-23 5.615123e-23 
1.118000e+00 3.685401e-23 1.914276e-23 5.599677e-23 
1.120000e+00 3.674942e-23 1.908832e-23 5.583774e-23 
1.122000e+00 3.665817e-23 1.903326e-23 5.569143e-23 
1.124000e+00 3.655085e-23 1.898852e-23 5.553937e-23 
1.126000e+00 3.645433e-23 1.893966e-23 5.539398e-23 
1.128000e+00 3.635127e-23 1.889163e-23 5.524291e-23 
1.130000e+00 3.624901e-23 1.884421e-23 5.509322e-23 
1.132000e+00 3.615223e-23 1.879047e-23 5.494269e-23 
1.134000e+00 3.605297e-23 1.874430e-23 5.479727e-23 
1.136000e+00 3.596155e-23 1.869312e-23 5.465467e-23 
1.138000e+00 3.586594e-23 1.864726e-23 5.451320e-23 
1.140000e+00 3.576167e-23 1.859754e-23 5.435921e-23 
1.142000e+00 3.565706e-23 1.854606e-23 5.420312e-23 
1.144000e+00 3.556108e-23 1.849500e-23 5.405608e-23 
1.146000e+00 3.545489e-23 1.844607e-23 5.390097e-23 
1.148000e+00 3.535691e-23 1.839911e-23 5.375602e-23 
1.150000e+00 3.525999e-23 1.834890e-23 5.360889e-23 
1.152000e+00 3.516870e-23 1.830468e-23 5.347339e-23 
1.154000e+00 3.506783e-23 1.825834e-23 5.332617e-23 
1.156000e+00 3.497409e-23 1.821269e-23 5.318678e-23 
1.158000e+00 3.486961e-23 1.816174e-23 5.303135e-23 
1.160000e+00 3.477680e-23 1.811248e-23 5.288928e-23 
1.162000e+00 3.467671e-23 1.806265e-23 5.273936e-23 
1.164000e+00 3.457639e-23 1.801900e-23 5.259539e-23 
1.166000e+00 3.447191e-23 1.796984e-23 5.244175e-23 
1.168000e+00 3.437469e-23 1.792219e-23 5.229688e-23 
1.170000e+00 3.427677e-23 1.787395e-23 5.215072e-23 
1.172000e+00 3.418103e-23 1.782473e-23 5.200577e-23 
1.174000e+00 3.409015e-23 1.777482e-23 5.186497e-23 
1.176000e+00 3.398850e-23 1.773274e-23 5.172124e-23 
1.178000e+00 3.388618e-23 1.768722e-23 5.157340e-23 
1.180000e+00 3.379612e-23 1.763737e-23 5.143349e-23 
1.182000e+00 3.369249e-23 1.759833e-23 5.129083e-23 
1.184000e+00 3.358686e-23 1.755029e-23 5.113715e-23 
1.186000e+00 3.348960e-23 1.750605e-23 5.099565e-23 
1.188000e+00 3.339555e-23 1.746089e-23 5.085644e-23 
1.190000e+00 3.329332e-23 1.741661e-23 5.070992e-23 
1.192000e+00 3.319826e-23 1.736891e-23 5.056717e-23 
1.194000e+00 3.310091e-23 1.732564e-23 5.042654e-23 
1.196000e+00 3.300091e-23 1.728021e-23 5.028112e-23 
1.198000e+00 3.290796e-23 1.723447e-23 5.014242e-23 
1.200000e+00 3.280716e-23 1.718638e-23 4.999354e-23 
1.202000e+00 3.270444e-23 1.715382e-23 4.985826e-23 
1.204000e+00 3.260511e-23 1.710801e-23 4.971312e-23 
1.206000e+00 3.251156e-23 1.707185e-23 4.958341e-23 
1.208000e+00 3.241234e-23 1.702362e-23 4.943596e-23 
1.210000e+00 3.231069e-23 1.698385e-23 4.929453e-23 
1.212000e+00 3.221629e-23 1.693606e-23 4.915234e-23 
1.214000e+00 3.211605e-23 1.688569e-23 4.900173e-23 
1.216000e+00 3.202056e-23 1.684606e-23 4.886662e-23 
1.218000e+00 3.191934e-23 1.679943e-23 4.871877e-23 
1.220000e+00 3.181751e-23 1.675615e-23 4.857366e-23 
1.222000e+00 3.171478e-23 1.671230e-23 4.842708e-23 
1.224000e+00 3.161646e-23 1.667022e-23 4.828668e-23 
1.226000e+00 3.151392e-23 1.662973e-23 4.814365e-23 
1.228000e+00 3.141646e-23 1.658376e-23 4.800022e-23 
1.230000e+00 3.131789e-23 1.653824e-23 4.785614e-23 
1.232000e+00 3.121463e-23 1.649654e-23 4.771116e-23 
1.234000e+00 3.111188e-23 1.646461e-23 4.757649e-23 
1.236000e+00 3.100540e-23 1.642242e-23 4.742782e-23 
1.238000e+00 3.090421e-23 1.637442e-23 4.727863e-23 
1.240000e+00 3.079544e-23 1.633466e-23 4.713009e-23 
1.242000e+00 3.070168e-23 1.629397e-23 4.699565e-23 
1.244000e+00 3.059851e-23 1.625350e-23 4.685201e-23 
1.246000e+00 3.047995e-23 1.624754e-23 4.672748e-23 
1.248000e+00 3.037182e-23 1.620807e-23 4.657989e-23 
1.250000e+00 3.026846e-23 1.616887e-23 4.643733e-23 
1.252000e+00 3.016265e-23 1.612690e-23 4.628955e-23 
1.254000e+00 3.005164e-23 1.608579e-23 4.613744e-23 
1.256000e+00 2.993758e-23 1.600786e-23 4.594544e-23 
1.258000e+00 2.982988e-23 1.596405e-23 4.579393e-23 
1.260000e+00 2.971222e-23 1.592117e-23 4.563338e-23 
1.262000e+00 2.959578e-23 1.588690e-23 4.548268e-23 
1.264000e+00 2.948505e-23 1.584803e-23 4.533307e-23 
1.266000e+00 2.936508e-23 1.580912e-23 4.517420e-23 
1.268000e+00 2.923594e-23 1.576956e-23 4.500551e-23 
1.270000e+00 2.911582e-23 1.573200e-23 4.484782e-23 
1.272000e+00 2.898212e-23 1.569386e-23 4.467598e-23 
1.274000e+00 2.885374e-23 1.565314e-23 4.450688e-23 
1.276000e+00 2.871837e-23 1.561319e-23 4.433156e-23 
1.278000e+00 2.857365e-23 1.557339e-23 4.414704e-23 
1.280000e+00 2.842931e-23 1.553199e-23 4.396130e-23 
1.282000e+00 2.827581e-23 1.549566e-23 4.377147e-23 
1.284000e+00 2.810123e-23 1.545212e-23 4.355335e-23 
1.286000e+00 2.791859e-23 1.541226e-23 4.333085e-23 
1.288000e+00 2.771316e-23 1.537329e-23 4.308645e-23 
1.290000e+00 2.743332e-23 1.533779e-23 4.277111e-23 
1.292000e+00 2.715944e-23 1.529990e-23 4.245935e-23 
1.294000e+00 2.687660e-23 1.525990e-23 4.213650e-23 
1.296000e+00 2.658023e-23 1.522181e-23 4.180203e-23 
1.298000e+00 2.629085e-23 1.518268e-23 4.147353e-23 
1.300000e+00 2.611971e-23 1.514609e-23 4.126579e-23 
1.302000e+00 2.599915e-23 1.511126e-23 4.111041e-23 
1.304000e+00 2.588326e-23 1.507032e-23 4.095358e-23 
1.306000e+00 2.590804e-23 1.503350e-23 4.094154e-23 
1.308000e+00 2.595693e-23 1.499367e-23 4.095060e-23 
1.310000e+00 2.601630e-23 1.495706e-23 4.097336e-23 
1.312000e+00 2.615572e-23 1.492271e-23 4.107844e-23 
1.314000e+00 2.629599e-23 1.488637e-23 4.118236e-23 
1.316000e+00 2.643991e-23 1.484552e-23 4.128543e-23 
1.318000e+00 2.651547e-23 1.480730e-23 4.132278e-23 
1.320000e+00 2.659336e-23 1.477158e-23 4.136494e-23 
1.322000e+00 2.665922e-23 1.474005e-23 4.139927e-23 
1.324000e+00 2.668022e-23 1.470082e-23 4.138105e-23 
1.326000e+00 2.671101e-23 1.466872e-23 4.137973e-23 
1.328000e+00 2.672942e-23 1.463303e-23 4.136245e-23 
1.330000e+00 2.673275e-23 1.460211e-23 4.133486e-23 
1.332000e+00 2.673570e-23 1.455978e-23 4.129548e-23 
1.334000e+00 2.673757e-23 1.452634e-23 4.126392e-23 
1.336000e+00 2.672725e-23 1.449128e-23 4.121853e-23 
1.338000e+00 2.671635e-23 1.445420e-23 4.117056e-23 
1.340000e+00 2.670250e-23 1.442230e-23 4.112480e-23 
1.342000e+00 2.667943e-23 1.438558e-23 4.106501e-23 
1.344000e+00 2.666473e-23 1.435127e-23 4.101600e-23 
1.346000e+00 2.664608e-23 1.431098e-23 4.095705e-23 
1.348000e+00 2.661250e-23 1.428215e-23 4.089465e-23 
1.350000e+00 2.659469e-23 1.424526e-23 4.083995e-23 
1.352000e+00 2.656809e-23 1.421245e-23 4.078055e-23 
1.354000e+00 2.653611e-23 1.418051e-23 4.071662e-23 
1.356000e+00 2.650331e-23 1.414384e-23 4.064715e-23 
1.358000e+00 2.648000e-23 1.411369e-23 4.059369e-23 
1.360000e+00 2.644597e-23 1.407486e-23 4.052083e-23 
1.362000e+00 2.641914e-23 1.404266e-23 4.046180e-23 
1.364000e+00 2.638365e-23 1.400863e-23 4.039227e-23 
1.366000e+00 2.634801e-23 1.397527e-23 4.032328e-23 
1.368000e+00 2.630211e-23 1.393969e-23 4.024180e-23 
1.370000e+00 2.627036e-23 1.390550e-23 4.017586e-23 
1.372000e+00 2.622713e-23 1.387366e-23 4.010079e-23 
1.374000e+00 2.619426e-23 1.383836e-23 4.003263e-23 
1.376000e+00 2.615218e-23 1.380475e-23 3.995692e-23 
1.378000e+00 2.611574e-23 1.377034e-23 3.988608e-23 
1.380000e+00 2.608379e-23 1.373448e-23 3.981827e-23 
1.382000e+00 2.604198e-23 1.370614e-23 3.974812e-23 
1.384000e+00 2.599887e-23 1.367484e-23 3.967371e-23 
1.386000e+00 2.595689e-23 1.367153e-23 3.962842e-23 
1.388000e+00 2.590796e-23 1.364203e-23 3.954999e-23 
1.390000e+00 2.587067e-23 1.361319e-23 3.948386e-23 
1.392000e+00 2.582512e-23 1.358281e-23 3.940793e-23 
1.394000e+00 2.578739e-23 1.354645e-23 3.933384e-23 
1.396000e+00 2.573706e-23 1.351628e-23 3.925333e-23 
1.398000e+00 2.570006e-23 1.345004e-23 3.915009e-23 
1.400000e+00 2.565486e-23 1.341513e-23 3.906999e-23 
1.402000e+00 2.560782e-23 1.338529e-23 3.899310e-23 
1.404000e+00 2.556595e-23 1.335228e-23 3.891824e-23 
1.406000e+00 2.510703e-23 1.331613e-23 3.842316e-23 
1.408000e+00 2.546806e-23 1.328481e-23 3.875287e-23 
1.410000e+00 2.542990e-23 1.325029e-23 3.868020e-23 
1.412000e+00 2.537925e-23 1.321917e-23 3.859842e-23 
1.414000e+00 2.534010e-23 1.319354e-23 3.853364e-23 
1.416000e+00 2.528860e-23 1.316030e-23 3.844890e-23 
1.418000e+00 2.524536e-23 1.313151e-23 3.837686e-23 
1.420000e+00 2.519483e-23 1.310093e-23 3.829576e-23 
1.422000e+00 2.515063e-23 1.307189e-23 3.822252e-23 
1.424000e+00 2.511431e-23 1.304317e-23 3.815747e-23 
1.426000e+00 2.505916e-23 1.301052e-23 3.806968e-23 
1.428000e+00 2.500355e-23 1.298196e-23 3.798550e-23 
1.430000e+00 2.495463e-23 1.295214e-23 3.790677e-23 
1.432000e+00 2.491056e-23 1.291961e-23 3.783017e-23 
1.434000e+00 2.486900e-23 1.289182e-23 3.776082e-23 
1.436000e+00 2.482593e-23 1.286024e-23 3.768617e-23 
1.438000e+00 2.477732e-23 1.283375e-23 3.761107e-23 
1.440000e+00 2.473051e-23 1.279811e-23 3.752862e-23 
1.442000e+00 2.468428e-23 1.277008e-23 3.745435e-23 
1.444000e+00 2.462922e-23 1.273937e-23 3.736859e-23 
1.446000e+00 2.458644e-23 1.270927e-23 3.729571e-23 
1.448000e+00 2.453882e-23 1.267794e-23 3.721676e-23 
1.450000e+00 2.449140e-23 1.265773e-23 3.714913e-23 
1.452000e+00 2.443516e-23 1.262307e-23 3.705823e-23 
1.454000e+00 2.438986e-23 1.259394e-23 3.698379e-23 
1.456000e+00 2.433898e-23 1.257028e-23 3.690927e-23 
1.458000e+00 2.429078e-23 1.253983e-23 3.683061e-23 
1.460000e+00 2.424804e-23 1.251426e-23 3.676230e-23 
1.462000e+00 2.419719e-23 1.248312e-23 3.668031e-23 
1.464000e+00 2.414794e-23 1.245164e-23 3.659959e-23 
1.466000e+00 2.409995e-23 1.242561e-23 3.652556e-23 
1.468000e+00 2.405859e-23 1.239699e-23 3.645558e-23 
1.470000e+00 2.400896e-23 1.237049e-23 3.637945e-23 
1.472000e+00 2.395631e-23 1.233943e-23 3.629574e-23 
1.474000e+00 2.391584e-23 1.231212e-23 3.622796e-23 
1.476000e+00 2.386765e-23 1.228072e-23 3.614837e-23 
1.478000e+00 2.381827e-23 1.225481e-23 3.607308e-23 
1.480000e+00 2.377254e-23 1.222555e-23 3.599810e-23 
1.482000e+00 2.371645e-23 1.219622e-23 3.591267e-23 
1.484000e+00 2.367433e-23 1.216613e-23 3.584046e-23 
1.486000e+00 2.362023e-23 1.213819e-23 3.575842e-23 
1.488000e+00 2.356698e-23 1.210883e-23 3.567582e-23 
1.490000e+00 2.352391e-23 1.208854e-23 3.561245e-23 
1.492000e+00 2.347038e-23 1.206136e-23 3.553174e-23 
1.494000e+00 2.342757e-23 1.203436e-23 3.546193e-23 
1.496000e+00 2.337700e-23 1.200687e-23 3.538387e-23 
1.498000e+00 2.333238e-23 1.197930e-23 3.531168e-23 
1.500000e+00 2.328532e-23 1.195437e-23 3.523969e-23 
1.502000e+00 2.323204e-23 1.192336e-23 3.515540e-23 
1.504000e+00 2.318284e-23 1.189423e-23 3.507707e-23 
1.506000e+00 2.313961e-23 1.186997e-23 3.500957e-23 
1.508000e+00 2.308963e-23 1.184064e-23 3.493027e-23 
1.510000e+00 2.304709e-23 1.180945e-23 3.485654e-23 
1.512000e+00 2.299063e-23 1.178615e-23 3.477679e-23 
1.514000e+00 2.294381e-23 1.175884e-23 3.470265e-23 
1.516000e+00 2.289925e-23 1.173281e-23 3.463206e-23 
1.518000e+00 2.284972e-23 1.170614e-23 3.455586e-23 
1.520000e+00 2.279949e-23 1.168270e-23 3.448219e-23 
1.522000e+00 2.275185e-23 1.165608e-23 3.440793e-23 
1.524000e+00 2.270493e-23 1.162824e-23 3.433318e-23 
1.526000e+00 2.265933e-23 1.160225e-23 3.426157e-23 
1.528000e+00 2.260549e-23 1.158157e-23 3.418707e-23 
1.530000e+00 2.256051e-23 1.155570e-23 3.411621e-23 
1.532000e+00 2.251973e-23 1.152614e-23 3.404587e-23 
1.534000e+00 2.246687e-23 1.150392e-23 3.397079e-23 
1.536000e+00 2.242841e-23 1.147640e-23 3.390480e-23 
1.538000e+00 2.237940e-23 1.144723e-23 3.382663e-23 
1.540000e+00 2.233124e-23 1.142243e-23 3.375367e-23 
1.542000e+00 2.228196e-23 1.139676e-23 3.367871e-23 
1.544000e+00 2.223414e-23 1.137373e-23 3.360787e-23 
1.546000e+00 2.218413e-23 1.134577e-23 3.352989e-23 
1.548000e+00 2.214404e-23 1.132466e-23 3.346869e-23 
1.550000e+00 2.209359e-23 1.129832e-23 3.339191e-23 
1.552000e+00 2.205206e-23 1.126853e-23 3.332059e-23 
1.554000e+00 2.199551e-23 1.124315e-23 3.323866e-23 
1.556000e+00 2.195249e-23 1.122084e-23 3.317333e-23 
1.558000e+00 2.191075e-23 1.119921e-23 3.310996e-23 
1.560000e+00 2.186000e-23 1.117178e-23 3.303178e-23 
1.562000e+00 2.181248e-23 1.115385e-23 3.296634e-23 
1.564000e+00 2.176358e-23 1.112415e-23 3.288773e-23 
1.566000e+00 2.171582e-23 1.110112e-23 3.281694e-23 
1.568000e+00 2.167045e-23 1.109050e-23 3.276095e-23 
1.570000e+00 2.162393e-23 1.106364e-23 3.268757e-23 
1.572000e+00 2.157873e-23 1.103713e-23 3.261586e-23 
1.574000e+00 2.153767e-23 1.101487e-23 3.255253e-23 
1.576000e+00 2.148710e-23 1.098988e-23 3.247698e-23 
1.578000e+00 2.143614e-23 1.097082e-23 3.240696e-23 
1.580000e+00 2.138576e-23 1.094028e-23 3.232604e-23 
1.582000e+00 2.134525e-23 1.090222e-23 3.224747e-23 
1.584000e+00 2.129769e-23 1.088275e-23 3.218044e-23 
1.586000e+00 2.125187e-23 1.085357e-23 3.210544e-23 
1.588000e+00 2.120267e-23 1.082917e-23 3.203183e-23 
1.590000e+00 2.115182e-23 1.080632e-23 3.195815e-23 
1.592000e+00 2.111737e-23 1.078987e-23 3.190724e-23 
1.594000e+00 2.106918e-23 1.076171e-23 3.183089e-23 
1.596000e+00 2.103078e-23 1.074421e-23 3.177500e-23 
1.598000e+00 2.098092e-23 1.072187e-23 3.170279e-23 
1.600000e+00 2.093181e-23 1.069750e-23 3.162931e-23 
1.602000e+00 2.088345e-23 1.067734e-23 3.156080e-23 
1.604000e+00 2.083879e-23 1.064671e-23 3.148551e-23 
1.606000e+00 2.079772e-23 1.062112e-23 3.141884e-23 
1.608000e+00 2.075336e-23 1.059971e-23 3.135307e-23 
1.610000e+00 2.070623e-23 1.057503e-23 3.128126e-23 
1.612000e+00 2.065426e-23 1.055543e-23 3.120969e-23 
1.614000e+00 2.061517e-23 1.053226e-23 3.114743e-23 
1.616000e+00 2.056732e-23 1.051091e-23 3.107823e-23 
1.618000e+00 2.051795e-23 1.048711e-23 3.100506e-23 
1.620000e+00 2.047633e-23 1.046541e-23 3.094174e-23 
1.622000e+00 2.042960e-23 1.043658e-23 3.086617e-23 
1.624000e+00 2.038179e-23 1.043212e-23 3.081391e-23 
1.626000e+00 2.033988e-23 1.041220e-23 3.075208e-23 
1.628000e+00 2.029633e-23 1.039588e-23 3.069221e-23 
1.630000e+00 2.025597e-23 1.036847e-23 3.062445e-23 
1.632000e+00 2.021150e-23 1.035042e-23 3.056192e-23 
1.634000e+00 2.016963e-23 1.032576e-23 3.049539e-23 
1.636000e+00 2.011351e-23 1.030940e-23 3.042291e-23 
1.638000e+00 2.007262e-23 1.028509e-23 3.035772e-23 
1.640000e+00 2.002934e-23 1.024966e-23 3.027900e-23 
1.642000e+00 1.998566e-23 1.022693e-23 3.021259e-23 
1.644000e+00 1.994868e-23 1.020824e-23 3.015692e-23 
1.646000e+00 1.990146e-23 1.018370e-23 3.008516e-23 
1.648000e+00 1.985803e-23 1.016582e-23 3.002385e-23 
1.650000e+00 1.980986e-23 1.014317e-23 2.995303e-23 
1.652000e+00 1.975841e-23 1.012239e-23 2.988080e-23 
1.654000e+00 1.971295e-23 1.010419e-23 2.981714e-23 
1.656000e+00 1.967259e-23 1.007894e-23 2.975153e-23 
1.658000e+00 1.962451e-23 1.005781e-23 2.968231e-23 
1.660000e+00 1.959057e-23 1.004161e-23 2.963218e-23 
1.662000e+00 1.954122e-23 1.001446e-23 2.955568e-23 
1.664000e+00 1.949726e-23 9.995343e-24 2.949261e-23 
1.666000e+00 1.945313e-23 9.976048e-24 2.942917e-23 
1.668000e+00 1.940512e-23 9.952877e-24 2.935800e-23 
1.670000e+00 1.936914e-23 9.934447e-24 2.930359e-23 
1.672000e+00 1.931696e-23 9.916638e-24 2.923359e-23 
1.674000e+00 1.927799e-23 9.895527e-24 2.917352e-23 
1.676000e+00 1.923816e-23 9.873606e-24 2.911177e-23 
1.678000e+00 1.919287e-23 9.855288e-24 2.904815e-23 
1.680000e+00 1.914099e-23 9.831878e-24 2.897287e-23 
1.682000e+00 1.910208e-23 9.815277e-24 2.891736e-23 
1.684000e+00 1.905949e-23 9.790830e-24 2.885032e-23 
1.686000e+00 1.902016e-23 9.772060e-24 2.879222e-23 
1.688000e+00 1.897186e-23 9.750593e-24 2.872245e-23 
1.690000e+00 1.893121e-23 9.732877e-24 2.866408e-23 
1.692000e+00 1.888277e-23 9.711766e-24 2.859454e-23 
1.694000e+00 1.884046e-23 9.685260e-24 2.852572e-23 
1.696000e+00 1.880327e-23 9.672188e-24 2.847546e-23 
1.698000e+00 1.875496e-23 9.646603e-24 2.840156e-23 
1.700000e+00 1.871781e-23 9.625541e-24 2.834335e-23 
1.702000e+00 1.866998e-23 9.606161e-24 2.827614e-23 
1.704000e+00 1.862744e-23 9.588542e-24 2.821598e-23 
1.706000e+00 1.858722e-23 9.564517e-24 2.815173e-23 
1.708000e+00 1.854071e-23 9.546111e-24 2.808683e-23 
1.710000e+00 1.849625e-23 9.530651e-24 2.802690e-23 
1.712000e+00 1.845784e-23 9.509730e-24 2.796757e-23 
1.714000e+00 1.840522e-23 9.486632e-24 2.789185e-23 
1.716000e+00 1.837169e-23 9.470531e-24 2.784222e-23 
1.718000e+00 1.832567e-23 9.449985e-24 2.777565e-23 
1.720000e+00 1.828479e-23 9.435263e-24 2.772005e-23 
1.722000e+00 1.823440e-23 9.410713e-24 2.764511e-23 
1.724000e+00 1.818968e-23 9.391257e-24 2.758093e-23 
1.726000e+00 1.814682e-23 9.372695e-24 2.751952e-23 
1.728000e+00 1.810768e-23 9.352214e-24 2.745989e-23 
1.730000e+00 1.806050e-23 9.335125e-24 2.739563e-23 
1.732000e+00 1.802394e-23 9.309640e-24 2.733358e-23 
1.734000e+00 1.797946e-23 9.288403e-24 2.726786e-23 
1.736000e+00 1.795184e-23 9.272317e-24 2.722416e-23 
1.738000e+00 1.790996e-23 9.250863e-24 2.716082e-23 
1.740000e+00 1.786428e-23 9.233108e-24 2.709739e-23 
1.742000e+00 1.781516e-23 9.215546e-24 2.703071e-23 
1.744000e+00 1.777215e-23 9.199378e-24 2.697153e-23 
1.746000e+00 1.772532e-23 9.180798e-24 2.690611e-23 
1.748000e+00 1.768417e-23 9.158702e-24 2.684287e-23 
1.750000e+00 1.762409e-23 9.143435e-24 2.676752e-23 
1.752000e+00 1.757977e-23 9.127007e-24 2.670678e-23 
1.754000e+00 1.753468e-23 9.105999e-24 2.664068e-23 
1.756000e+00 1.748903e-23 9.094270e-24 2.658330e-23 
1.758000e+00 1.744410e-23 9.073090e-24 2.651719e-23 
1.760000e+00 1.740312e-23 9.056035e-24 2.645915e-23 
1.762000e+00 1.735736e-23 9.038444e-24 2.639580e-23 
1.764000e+00 1.731423e-23 9.014288e-24 2.632852e-23 
1.766000e+00 1.726807e-23 8.997250e-24 2.626532e-23 
1.768000e+00 1.722203e-23 8.979543e-24 2.620158e-23 
1.770000e+00 1.717744e-23 8.963558e-24 2.614100e-23 
1.772000e+00 1.713169e-23 8.944455e-24 2.607615e-23 
1.774000e+00 1.708715e-23 8.925266e-24 2.601242e-23 
1.776000e+00 1.703172e-23 8.910077e-24 2.594180e-23 
1.778000e+00 1.698121e-23 8.888907e-24 2.587011e-23 
1.780000e+00 1.693763e-23 8.871076e-24 2.580870e-23 
1.782000e+00 1.689346e-23 8.850755e-24 2.574422e-23 
1.784000e+00 1.683995e-23 8.838894e-24 2.567885e-23 
1.786000e+00 1.678764e-23 8.822722e-24 2.561036e-23 
1.788000e+00 1.673415e-23 8.801637e-24 2.553579e-23 
1.790000e+00 1.669003e-23 8.786604e-24 2.547663e-23 
1.792000e+00 1.664087e-23 8.774728e-24 2.541560e-23 
1.794000e+00 1.658178e-23 8.756183e-24 2.533797e-23 
1.796000e+00 1.653639e-23 8.734163e-24 2.527055e-23 
1.798000e+00 1.649408e-23 8.716452e-24 2.521053e-23 
1.800000e+00 1.643131e-23 8.705677e-24 2.513699e-23 
1.802000e+00 1.637536e-23 8.686067e-24 2.506142e-23 
1.804000e+00 1.631550e-23 8.665211e-24 2.498071e-23 
1.806000e+00 1.626142e-23 8.652265e-24 2.491369e-23 
1.808000e+00 1.619508e-23 8.633811e-24 2.482889e-23 
1.810000e+00 1.613937e-23 8.615937e-24 2.475530e-23 
1.812000e+00 1.607116e-23 8.604268e-24 2.467543e-23 
1.814000e+00 1.601425e-23 8.582871e-24 2.459712e-23 
1.816000e+00 1.592534e-23 8.562952e-24 2.448829e-23 
1.818000e+00 1.585404e-23 8.549397e-24 2.440343e-23 
1.820000e+00 1.577500e-23 8.533291e-24 2.430829e-23 
1.822000e+00 1.568742e-23 8.515372e-24 2.420279e-23 
1.824000e+00 1.558294e-23 8.497995e-24 2.408094e-23 
1.826000e+00 1.546408e-23 8.484583e-24 2.394866e-23 
1.828000e+00 1.536443e-23 8.467270e-24 2.383170e-23 
1.830000e+00 1.525611e-23 8.450591e-24 2.370670e-23 
1.832000e+00 1.514947e-23 8.436947e-24 2.358642e-23 
1.834000e+00 1.505497e-23 8.418436e-24 2.347340e-23 
1.836000e+00 1.494205e-23 8.403364e-24 2.334541e-23 
1.838000e+00 1.486625e-23 8.382305e-24 2.324856e-23 
1.840000e+00 1.482257e-23 8.370493e-24 2.319306e-23 
1.842000e+00 1.479476e-23 8.352827e-24 2.314759e-23 
1.844000e+00 1.476979e-23 8.337106e-24 2.310690e-23 
1.846000e+00 1.473518e-23 8.316784e-24 2.305196e-23 
1.848000e+00 1.477133e-23 8.308838e-24 2.308017e-23 
1.850000e+00 1.480103e-23 8.284609e-24 2.308564e-23 
1.852000e+00 1.484301e-23 8.272139e-24 2.311515e-23 
1.854000e+00 1.487821e-23 8.257480e-24 2.313569e-23 
1.856000e+00 1.493683e-23 8.236640e-24 2.317346e-23 
1.858000e+00 1.498516e-23 8.224572e-24 2.320973e-23 
1.860000e+00 1.504333e-23 8.207231e-24 2.325056e-23 
1.862000e+00 1.509983e-23 8.191945e-24 2.329177e-23 
1.864000e+00 1.511712e-23 8.169904e-24 2.328703e-23 
1.866000e+00 1.512645e-23 8.156021e-24 2.328247e-23 
1.868000e+00 1.513800e-23 8.141359e-24 2.327936e-23 
1.870000e+00 1.515246e-23 8.128983e-24 2.328144e-23 
1.872000e+00 1.515466e-23 8.111997e-24 2.326666e-23 
1.874000e+00 1.515168e-23 8.099077e-24 2.325076e-23 
1.876000e+00 1.515300e-23 8.080846e-24 2.323385e-23 
1.878000e+00 1.515526e-23 8.065915e-24 2.322117e-23 
1.880000e+00 1.514876e-23 8.056493e-24 2.320525e-23 
1.882000e+00 1.515500e-23 8.044846e-24 2.319985e-23 
1.884000e+00 1.514822e-23 8.030310e-24 2.317853e-23 
1.886000e+00 1.514328e-23 8.012810e-24 2.315609e-23 
1.888000e+00 1.513850e-23 7.998361e-24 2.313686e-23 
1.890000e+00 1.512165e-23 7.980549e-24 2.310220e-23 
1.892000e+00 1.511477e-23 7.967699e-24 2.308247e-23 
1.894000e+00 1.511227e-23 7.951799e-24 2.306407e-23 
1.896000e+00 1.509363e-23 7.934747e-24 2.302838e-23 
1.898000e+00 1.509171e-23 7.917702e-24 2.300941e-23 
1.900000e+00 1.507341e-23 7.904790e-24 2.297820e-23 
1.902000e+00 1.505665e-23 7.888199e-24 2.294485e-23 
1.904000e+00 1.504006e-23 7.878103e-24 2.291816e-23 
1.906000e+00 1.501920e-23 7.859850e-24 2.287905e-23 
1.908000e+00 1.501758e-23 7.845043e-24 2.286262e-23 
1.910000e+00 1.500149e-23 7.831600e-24 2.283309e-23 
1.912000e+00 1.498972e-23 7.819003e-24 2.280873e-23 
1.914000e+00 1.497002e-23 7.804134e-24 2.277415e-23 
1.916000e+00 1.496311e-23 7.787485e-24 2.275059e-23 
1.918000e+00 1.494694e-23 7.774642e-24 2.272158e-23 
1.920000e+00 1.492792e-23 7.762748e-24 2.269067e-23 
1.922000e+00 1.491165e-23 7.745776e-24 2.265742e-23 
1.924000e+00 1.489540e-23 7.728534e-24 2.262394e-23 
1.926000e+00 1.488384e-23 7.716849e-24 2.260068e-23 
1.928000e+00 1.485939e-23 7.704857e-24 2.256425e-23 
1.930000e+00 1.484348e-23 7.686616e-24 2.253010e-23 
1.932000e+00 1.482461e-23 7.676234e-24 2.250084e-23 
1.934000e+00 1.481135e-23 7.659487e-24 2.247083e-23 
1.936000e+00 1.479012e-23 7.642699e-24 2.243282e-23 
1.938000e+00 1.477483e-23 7.631873e-24 2.240670e-23 
1.940000e+00 1.476194e-23 7.614511e-24 2.237645e-23 
1.942000e+00 1.473349e-23 7.598956e-24 2.233245e-23 
1.944000e+00 1.472189e-23 7.588553e-24 2.231044e-23 
1.946000e+00 1.470538e-23 7.573089e-24 2.227847e-23 
1.948000e+00 1.468591e-23 7.554241e-24 2.224015e-23 
1.950000e+00 1.466936e-23 7.543222e-24 2.221259e-23 
1.952000e+00 1.463915e-23 7.527378e-24 2.216653e-23 
1.954000e+00 1.462139e-23 7.553129e-24 2.217452e-23 
1.956000e+00 1.460411e-23 7.534019e-24 2.213813e-23 
1.958000e+00 1.460767e-23 7.521648e-24 2.212932e-23 
1.960000e+00 1.458463e-23 7.512683e-24 2.209731e-23 
1.962000e+00 1.456838e-23 7.497312e-24 2.206569e-23 
1.964000e+00 1.454951e-23 7.486442e-24 2.203595e-23 
1.966000e+00 1.453025e-23 7.473174e-24 2.200343e-23 
1.968000e+00 1.451598e-23 7.455224e-24 2.197120e-23 
1.970000e+00 1.449506e-23 7.444974e-24 2.194003e-23 
1.972000e+00 1.446490e-23 7.428066e-24 2.189297e-23 
1.974000e+00 1.443177e-23 7.377969e-24 2.180974e-23 
1.976000e+00 1.441351e-23 7.370941e-24 2.178446e-23 
1.978000e+00 1.439653e-23 7.351472e-24 2.174800e-23 
1.980000e+00 1.437840e-23 7.339068e-24 2.171747e-23 
1.982000e+00 1.435921e-23 7.327697e-24 2.168691e-23 
1.984000e+00 1.433530e-23 7.309217e-24 2.164452e-23 
1.986000e+00 1.431311e-23 7.296058e-24 2.160917e-23 
1.988000e+00 1.429668e-23 7.286975e-24 2.158365e-23 
1.990000e+00 1.427203e-23 7.269695e-24 2.154173e-23 
1.992000e+00 1.425864e-23 7.254827e-24 2.151347e-23 
1.994000e+00 1.423869e-23 7.242855e-24 2.148155e-23 
1.996000e+00 1.421758e-23 7.227570e-24 2.144515e-23 
1.998000e+00 1.419503e-23 7.211647e-24 2.140667e-23 
2.000000e+00 1.417832e-23 7.204787e-24 2.138311e-23 
2.002000e+00 1.415253e-23 7.188336e-24 2.134087e-23 
2.004000e+00 1.413604e-23 7.178363e-24 2.131440e-23 
2.006000e+00 1.411454e-23 7.166076e-24 2.128061e-23 
2.008000e+00 1.409374e-23 7.158461e-24 2.125220e-23 
2.010000e+00 1.407238e-23 7.143445e-24 2.121582e-23 
2.012000e+00 1.405204e-23 7.131807e-24 2.118384e-23 
2.014000e+00 1.403140e-23 7.120071e-24 2.115147e-23 
2.016000e+00 1.401141e-23 7.104784e-24 2.111619e-23 
2.018000e+00 1.398951e-23 7.092178e-24 2.108169e-23 
2.020000e+00 1.397165e-23 7.083418e-24 2.105507e-23 
2.022000e+00 1.394737e-23 7.070401e-24 2.101777e-23 
2.024000e+00 1.392755e-23 7.058007e-24 2.098556e-23 
2.026000e+00 1.389811e-23 7.045661e-24 2.094377e-23 
2.028000e+00 1.388110e-23 7.032087e-24 2.091319e-23 
2.030000e+00 1.386629e-23 7.019909e-24 2.088620e-23 
2.032000e+00 1.384304e-23 7.005026e-24 2.084807e-23 
2.034000e+00 1.382718e-23 6.994221e-24 2.082140e-23 
2.036000e+00 1.380900e-23 6.973361e-24 2.078236e-23 
2.038000e+00 1.377884e-23 6.963097e-24 2.074193e-23 
2.040000e+00 1.377190e-23 6.950161e-24 2.072206e-23 
2.042000e+00 1.374855e-23 6.939368e-24 2.068792e-23 
2.044000e+00 1.372981e-23 6.934028e-24 2.066384e-23 
2.046000e+00 1.370636e-23 6.918342e-24 2.062470e-23 
2.048000e+00 1.368511e-23 6.907079e-24 2.059219e-23 
2.050000e+00 1.366064e-23 6.889796e-24 2.055044e-23 
2.052000e+00 1.363961e-23 6.879451e-24 2.051906e-23 
2.054000e+00 1.362607e-23 6.863575e-24 2.048964e-23 
2.056000e+00 1.360399e-23 6.853232e-24 2.045722e-23 
2.058000e+00 1.357981e-23 6.845949e-24 2.042576e-23 
2.060000e+00 1.355730e-23 6.832099e-24 2.038940e-23 
2.062000e+00 1.353516e-23 6.823645e-24 2.035881e-23 
2.064000e+00 1.352342e-23 6.804345e-24 2.032776e-23 
2.066000e+00 1.350120e-23 6.792937e-24 2.029414e-23 
2.068000e+00 1.347613e-23 6.779662e-24 2.025579e-23 
2.070000e+00 1.346543e-23 6.773849e-24 2.023928e-23 
2.072000e+00 1.343576e-23 6.760639e-24 2.019639e-23 
2.074000e+00 1.342484e-23 6.749031e-24 2.017387e-23 
2.076000e+00 1.340204e-23 6.736407e-24 2.013844e-23 
2.078000e+00 1.338054e-23 6.720181e-24 2.010072e-23 
2.080000e+00 1.336546e-23 6.712843e-24 2.007830e-23 
2.082000e+00 1.334086e-23 6.698911e-24 2.003977e-23 
2.084000e+00 1.331733e-23 6.685650e-24 2.000298e-23 
2.086000e+00 1.328893e-23 6.675204e-24 1.996414e-23 
2.088000e+00 1.327317e-23 6.661041e-24 1.993421e-23 
2.090000e+00 1.325722e-23 6.655343e-24 1.991256e-23 
2.092000e+00 1.323078e-23 6.637647e-24 1.986843e-23 
2.094000e+00 1.321896e-23 6.632805e-24 1.985177e-23 
2.096000e+00 1.319224e-23 6.616957e-24 1.980920e-23 
2.098000e+00 1.317858e-23 6.630711e-24 1.980929e-23 
2.100000e+00 1.315705e-23 6.615786e-24 1.977284e-23 
2.102000e+00 1.313921e-23 6.610540e-24 1.974975e-23 
2.104000e+00 1.311276e-23 6.594731e-24 1.970749e-23 
2.106000e+00 1.308688e-23 6.590160e-24 1.967704e-23 
2.108000e+00 1.306957e-23 6.572081e-24 1.964165e-23 
2.110000e+00 1.304824e-23 6.565161e-24 1.961340e-23 
2.112000e+00 1.303350e-23 6.551606e-24 1.958510e-23 
2.114000e+00 1.301265e-23 6.542652e-24 1.955530e-23 
2.116000e+00 1.299412e-23 6.509406e-24 1.950353e-23 
2.118000e+00 1.296504e-23 6.502669e-24 1.946771e-23 
2.120000e+00 1.295346e-23 6.487504e-24 1.944096e-23 
2.122000e+00 1.293198e-23 6.483630e-24 1.941561e-23 
2.124000e+00 1.291247e-23 6.466176e-24 1.937865e-23 
2.126000e+00 1.288855e-23 6.458663e-24 1.934721e-23 
2.128000e+00 1.287365e-23 6.446428e-24 1.932008e-23 
2.130000e+00 1.285027e-23 6.434556e-24 1.928482e-23 
2.132000e+00 1.283682e-23 6.425495e-24 1.926231e-23 
2.134000e+00 1.280633e-23 6.415106e-24 1.922144e-23 
2.136000e+00 1.279580e-23 6.396510e-24 1.919231e-23 
2.138000e+00 1.277695e-23 6.389362e-24 1.916631e-23 
2.140000e+00 1.275907e-23 6.386101e-24 1.914517e-23 
2.142000e+00 1.273182e-23 6.369485e-24 1.910130e-23 
2.144000e+00 1.271620e-23 6.363931e-24 1.908013e-23 
2.146000e+00 1.270148e-23 6.350814e-24 1.905229e-23 
2.148000e+00 1.267771e-23 6.336091e-24 1.901381e-23 
2.150000e+00 1.266216e-23 6.327939e-24 1.899010e-23 
2.152000e+00 1.263223e-23 6.319749e-24 1.895198e-23 
2.154000e+00 1.261796e-23 6.304190e-24 1.892215e-23 
2.156000e+00 1.260395e-23 6.300526e-24 1.890447e-23 
2.158000e+00 1.257250e-23 6.289742e-24 1.886224e-23 
2.160000e+00 1.255894e-23 6.274660e-24 1.883360e-23 
2.162000e+00 1.253924e-23 6.264040e-24 1.880328e-23 
2.164000e+00 1.252114e-23 6.260209e-24 1.878135e-23 
2.166000e+00 1.250105e-23 6.250652e-24 1.875171e-23 
2.168000e+00 1.247811e-23 6.232654e-24 1.871076e-23 
2.170000e+00 1.246339e-23 6.223410e-24 1.868680e-23 
2.172000e+00 1.244779e-23 6.216707e-24 1.866450e-23 
2.174000e+00 1.243147e-23 6.200822e-24 1.863229e-23 
2.176000e+00 1.241223e-23 6.191408e-24 1.860364e-23 
2.178000e+00 1.238705e-23 6.184095e-24 1.857114e-23 
2.180000e+00 1.237132e-23 6.179353e-24 1.855068e-23 
2.182000e+00 1.234711e-23 6.161448e-24 1.850856e-23 
2.184000e+00 1.232717e-23 6.148423e-24 1.847560e-23 
2.186000e+00 1.231617e-23 6.141655e-24 1.845783e-23 
2.188000e+00 1.229700e-23 6.131443e-24 1.842844e-23 
2.190000e+00 1.227153e-23 6.117075e-24 1.838860e-23 
2.192000e+00 1.224850e-23 6.106802e-24 1.835530e-23 
2.194000e+00 1.223342e-23 6.101864e-24 1.833528e-23 
2.196000e+00 1.221485e-23 6.090323e-24 1.830517e-23 
2.198000e+00 1.219807e-23 6.082463e-24 1.828054e-23 
2.200000e+00 1.217942e-23 6.068632e-24 1.824805e-23 
2.202000e+00 1.215659e-23 6.065039e-24 1.822163e-23 
2.204000e+00 1.213592e-23 6.054354e-24 1.819027e-23 
2.206000e+00 1.211483e-23 6.045343e-24 1.816017e-23 
2.208000e+00 1.209874e-23 6.029084e-24 1.812783e-23 
2.210000e+00 1.207500e-23 6.020589e-24 1.809558e-23 
2.212000e+00 1.206194e-23 6.006002e-24 1.806794e-23 
2.214000e+00 1.204178e-23 6.001171e-24 1.804295e-23 
2.216000e+00 1.202259e-23 5.993323e-24 1.801591e-23 
2.218000e+00 1.200645e-23 5.984999e-24 1.799145e-23 
2.220000e+00 1.199175e-23 5.973584e-24 1.796533e-23 
2.222000e+00 1.196706e-23 5.964494e-24 1.793155e-23 
2.224000e+00 1.194988e-23 5.955804e-24 1.790568e-23 
2.226000e+00 1.192804e-23 5.945141e-24 1.787318e-23 
2.228000e+00 1.191356e-23 5.929886e-24 1.784345e-23 
2.230000e+00 1.189271e-23 5.917902e-24 1.781061e-23 
2.232000e+00 1.187639e-23 5.906795e-24 1.778318e-23 
2.234000e+00 1.185401e-23 5.901254e-24 1.775526e-23 
2.236000e+00 1.184662e-23 5.887758e-24 1.773438e-23 
2.238000e+00 1.183112e-23 5.880815e-24 1.771194e-23 
2.240000e+00 1.181229e-23 5.876210e-24 1.768850e-23 
2.242000e+00 1.181816e-23 5.863998e-24 1.768215e-23 
2.244000e+00 1.180048e-23 5.850516e-24 1.765099e-23 
2.246000e+00 1.178122e-23 5.841140e-24 1.762236e-23 
2.248000e+00 1.176583e-23 5.835204e-24 1.760104e-23 
2.250000e+00 1.174295e-23 5.822555e-24 1.756551e-23 
2.252000e+00 1.171992e-23 5.813343e-24 1.753326e-23 
2.254000e+00 1.170124e-23 5.807580e-24 1.750882e-23 
2.256000e+00 1.168513e-23 5.798116e-24 1.748324e-23 
2.258000e+00 1.166251e-23 5.789626e-24 1.745214e-23 
2.260000e+00 1.164387e-23 5.777697e-24 1.742157e-23 
2.262000e+00 1.160575e-23 5.768727e-24 1.737447e-23 
2.264000e+00 1.158553e-23 5.759879e-24 1.734541e-23 
2.266000e+00 1.156175e-23 5.750984e-24 1.731274e-23 
2.268000e+00 1.154545e-23 5.738687e-24 1.728413e-23 
2.270000e+00 1.152188e-23 5.730974e-24 1.725286e-23 
2.272000e+00 1.150341e-23 5.717125e-24 1.722054e-23 
2.274000e+00 1.149328e-23 5.709717e-24 1.720300e-23 
2.276000e+00 1.147870e-23 5.698899e-24 1.717760e-23 
2.278000e+00 1.145371e-23 5.695510e-24 1.714923e-23 
2.280000e+00 1.143267e-23 5.686725e-24 1.711939e-23 
2.282000e+00 1.142531e-23 5.676962e-24 1.710227e-23 
2.284000e+00 1.140035e-23 5.666941e-24 1.706729e-23 
2.286000e+00 1.139123e-23 5.656636e-24 1.704787e-23 
2.288000e+00 1.136873e-23 5.644921e-24 1.701365e-23 
2.290000e+00 1.135070e-23 5.635592e-24 1.698630e-23 
2.292000e+00 1.133811e-23 5.622901e-24 1.696101e-23 
2.294000e+00 1.131984e-23 5.620622e-24 1.694046e-23 
2.296000e+00 1.129994e-23 5.609863e-24 1.690981e-23 
2.298000e+00 1.127351e-23 5.599948e-24 1.687345e-23 
2.300000e+00 1.126398e-23 5.594533e-24 1.685852e-23 
2.302000e+00 1.124146e-23 5.586005e-24 1.682746e-23 
2.304000e+00 1.122117e-23 5.576971e-24 1.679814e-23 
2.306000e+00 1.121333e-23 5.562097e-24 1.677542e-23 
2.308000e+00 1.118798e-23 5.559987e-24 1.674797e-23 
2.310000e+00 1.118123e-23 5.551075e-24 1.673231e-23 
2.312000e+00 1.116014e-23 5.539717e-24 1.669986e-23 
2.314000e+00 1.114512e-23 5.370227e-24 1.651535e-23 
2.316000e+00 1.112615e-23 5.522597e-24 1.664875e-23 
2.318000e+00 1.111151e-23 5.510322e-24 1.662183e-23 
2.320000e+00 1.109303e-23 5.503968e-24 1.659700e-23 
2.322000e+00 1.107156e-23 5.499531e-24 1.657109e-23 
2.324000e+00 1.105989e-23 5.487063e-24 1.654695e-23 
2.326000e+00 1.103578e-23 5.475982e-24 1.651176e-23 
2.328000e+00 1.101912e-23 5.474066e-24 1.649319e-23 
2.330000e+00 1.100472e-23 5.462466e-24 1.646719e-23 
2.332000e+00 1.098145e-23 5.454848e-24 1.643630e-23 
2.334000e+00 1.096553e-23 5.448666e-24 1.641419e-23 
2.336000e+00 1.095171e-23 5.434666e-24 1.638637e-23 
2.338000e+00 1.092644e-23 5.426286e-24 1.635273e-23 
2.340000e+00 1.091864e-23 5.420531e-24 1.633918e-23 
2.342000e+00 1.090809e-23 5.409031e-24 1.631712e-23 
2.344000e+00 1.088390e-23 5.398872e-24 1.628277e-23 
2.346000e+00 1.087255e-23 5.395601e-24 1.626815e-23 
2.348000e+00 1.085824e-23 5.383495e-24 1.624174e-23 
2.350000e+00 1.083541e-23 5.377833e-24 1.621324e-23 
2.352000e+00 1.082465e-23 5.368717e-24 1.619337e-23 
2.354000e+00 1.081855e-23 5.361646e-24 1.618019e-23 
2.356000e+00 1.078669e-23 5.353009e-24 1.613969e-23 
2.358000e+00 1.077944e-23 5.343037e-24 1.612247e-23 
2.360000e+00 1.075557e-23 5.337066e-24 1.609263e-23 
2.362000e+00 1.074143e-23 5.332876e-24 1.607431e-23 
2.364000e+00 1.072234e-23 5.320083e-24 1.604242e-23 
2.366000e+00 1.070783e-23 5.317099e-24 1.602493e-23 
2.368000e+00 1.069019e-23 5.303109e-24 1.599330e-23 
2.370000e+00 1.066910e-23 5.300193e-24 1.596930e-23 
2.372000e+00 1.064925e-23 5.289645e-24 1.593889e-23 
2.374000e+00 1.064019e-23 5.283998e-24 1.592418e-23 
2.376000e+00 1.062808e-23 5.275158e-24 1.590323e-23 
2.378000e+00 1.061351e-23 5.266247e-24 1.587976e-23 
2.380000e+00 1.058964e-23 5.255437e-24 1.584508e-23 
2.382000e+00 1.058192e-23 5.254120e-24 1.583604e-23 
2.384000e+00 1.056490e-23 5.240329e-24 1.580523e-23 
2.386000e+00 1.054281e-23 5.235903e-24 1.577871e-23 
2.388000e+00 1.053026e-23 5.223758e-24 1.575402e-23 
2.390000e+00 1.050516e-23 5.219331e-24 1.572449e-23 
2.392000e+00 1.048810e-23 5.204271e-24 1.569237e-23 
2.394000e+00 1.047654e-23 5.203474e-24 1.568002e-23 
2.396000e+00 1.045543e-23 5.187798e-24 1.564323e-23 
2.398000e+00 1.044218e-23 5.187069e-24 1.562925e-23 
2.400000e+00 1.042964e-23 5.181228e-24 1.561087e-23 
2.402000e+00 1.041390e-23 5.167594e-24 1.558150e-23 
2.404000e+00 1.040185e-23 5.164122e-24 1.556597e-23 
2.406000e+00 1.038186e-23 5.152667e-24 1.553453e-23 
2.408000e+00 1.036373e-23 5.146459e-24 1.551019e-23 
2.410000e+00 1.034947e-23 5.140723e-24 1.549019e-23 
2.412000e+00 1.033467e-23 5.131162e-24 1.546583e-23 
2.414000e+00 1.032493e-23 5.126394e-24 1.545132e-23 
2.416000e+00 1.029963e-23 5.119393e-24 1.541902e-23 
2.418000e+00 1.028363e-23 5.110988e-24 1.539462e-23 
2.420000e+00 1.027205e-23 5.101756e-24 1.537381e-23 
2.422000e+00 1.026263e-23 5.094977e-24 1.535760e-23 
2.424000e+00 1.024401e-23 5.085600e-24 1.532961e-23 
2.426000e+00 1.022376e-23 5.083528e-24 1.530728e-23 
2.428000e+00 1.020838e-23 5.069731e-24 1.527811e-23 
2.430000e+00 1.019008e-23 5.065113e-24 1.525519e-23 
2.432000e+00 1.017692e-23 5.059126e-24 1.523604e-23 
2.434000e+00 9.968297e-24 5.042731e-24 1.501103e-23 
2.436000e+00 1.015233e-23 5.038039e-24 1.519037e-23 
2.438000e+00 1.013772e-23 5.038112e-24 1.517583e-23 
2.440000e+00 1.012445e-23 5.021473e-24 1.514592e-23 
2.442000e+00 1.011006e-23 5.013857e-24 1.512392e-23 
2.444000e+00 1.009734e-23 5.011573e-24 1.510892e-23 
2.446000e+00 1.008497e-23 5.012334e-24 1.509730e-23 
2.448000e+00 1.005594e-23 5.007044e-24 1.506298e-23 
2.450000e+00 1.004421e-23 5.000889e-24 1.504510e-23 
2.452000e+00 1.002701e-23 4.986466e-24 1.501348e-23 
2.454000e+00 1.001449e-23 4.985740e-24 1.500023e-23 
2.456000e+00 1.000154e-23 4.978202e-24 1.497974e-23 
2.458000e+00 9.985728e-24 4.965602e-24 1.495133e-23 
2.460000e+00 9.971905e-24 4.960331e-24 1.493224e-23 
2.462000e+00 9.957223e-24 4.955609e-24 1.491283e-23 
2.464000e+00 9.942746e-24 4.950010e-24 1.489276e-23 
2.466000e+00 9.924129e-24 4.939513e-24 1.486364e-23 
2.468000e+00 9.910215e-24 4.930406e-24 1.484062e-23 
2.470000e+00 9.895320e-24 4.922919e-24 1.481824e-23 
2.472000e+00 9.880327e-24 4.906591e-24 1.478692e-23 
2.474000e+00 9.862861e-24 4.897887e-24 1.476075e-23 
2.476000e+00 9.834530e-24 4.826991e-24 1.466152e-23 
2.478000e+00 9.819602e-24 4.882849e-24 1.470245e-23 
2.480000e+00 9.806609e-24 4.875749e-24 1.468236e-23 
2.482000e+00 9.796787e-24 4.870825e-24 1.466761e-23 
2.484000e+00 9.777082e-24 4.864320e-24 1.464140e-23 
2.486000e+00 9.775224e-24 4.854270e-24 1.462949e-23 
2.488000e+00 9.758612e-24 4.847761e-24 1.460637e-23 
2.490000e+00 9.744858e-24 4.841983e-24 1.458684e-23 
2.492000e+00 9.727949e-24 4.833013e-24 1.456096e-23 
2.494000e+00 9.713261e-24 4.828432e-24 1.454169e-23 
2.496000e+00 9.698756e-24 4.817396e-24 1.451615e-23 
2.498000e+00 9.678073e-24 4.808669e-24 1.448674e-23 
2.500000e+00 9.668368e-24 4.804692e-24 1.447306e-23 
2.502000e+00 9.648111e-24 4.800532e-24 1.444864e-23 
2.504000e+00 9.637452e-24 4.793106e-24 1.443056e-23 
2.506000e+00 9.624088e-24 4.779908e-24 1.440400e-23 
2.508000e+00 9.617912e-24 4.774077e-24 1.439199e-23 
2.510000e+00 9.599467e-24 4.771451e-24 1.437092e-23 
2.512000e+00 9.583844e-24 4.762712e-24 1.434656e-23 
2.514000e+00 9.563861e-24 4.753650e-24 1.431751e-23 
2.516000e+00 9.551072e-24 4.751146e-24 1.430222e-23 
2.518000e+00 9.534461e-24 4.743780e-24 1.427824e-23 
2.520000e+00 9.522213e-24 4.737146e-24 1.425936e-23 
2.522000e+00 9.510706e-24 4.731174e-24 1.424188e-23 
2.524000e+00 9.502319e-24 4.716829e-24 1.421915e-23 
2.526000e+00 9.485935e-24 4.709959e-24 1.419589e-23 
2.528000e+00 9.469634e-24 4.707134e-24 1.417677e-23 
2.530000e+00 9.455760e-24 4.699535e-24 1.415529e-23 
2.532000e+00 9.445001e-24 4.691578e-24 1.413658e-23 
2.534000e+00 9.432316e-24 4.686772e-24 1.411909e-23 
2.536000e+00 9.415677e-24 4.678264e-24 1.409394e-23 
2.538000e+00 9.395478e-24 4.674633e-24 1.407011e-23 
2.540000e+00 9.381826e-24 4.670203e-24 1.405203e-23 
2.542000e+00 9.368566e-24 4.661647e-24 1.403021e-23 
2.544000e+00 9.358249e-24 4.653876e-24 1.401213e-23 
2.546000e+00 9.343291e-24 4.645501e-24 1.398879e-23 
2.548000e+00 9.328458e-24 4.641798e-24 1.397026e-23 
2.550000e+00 9.324494e-24 4.635405e-24 1.395990e-23 
2.552000e+00 9.307593e-24 4.631207e-24 1.393880e-23 
2.554000e+00 9.285428e-24 4.621173e-24 1.390660e-23 
2.556000e+00 9.280696e-24 4.616461e-24 1.389716e-23 
2.558000e+00 9.267023e-24 4.610151e-24 1.387717e-23 
2.560000e+00 9.249654e-24 4.601632e-24 1.385129e-23 
2.562000e+00 9.244825e-24 4.596149e-24 1.384097e-23 
2.564000e+00 9.222780e-24 4.582211e-24 1.380499e-23 
2.566000e+00 9.209241e-24 4.576304e-24 1.378554e-23 
2.568000e+00 9.190112e-24 4.569841e-24 1.375995e-23 
2.570000e+00 9.180910e-24 4.559193e-24 1.374010e-23 
2.572000e+00 9.173198e-24 4.555207e-24 1.372840e-23 
2.574000e+00 9.155287e-24 4.554283e-24 1.370957e-23 
2.576000e+00 9.139111e-24 4.550066e-24 1.368918e-23 
2.578000e+00 9.126140e-24 4.543543e-24 1.366968e-23 
2.580000e+00 9.107980e-24 4.537774e-24 1.364575e-23 
2.582000e+00 9.094751e-24 4.528326e-24 1.362308e-23 
2.584000e+00 9.077973e-24 4.521444e-24 1.359942e-23 
2.586000e+00 9.079711e-24 4.517260e-24 1.359697e-23 
2.588000e+00 9.057632e-24 4.509370e-24 1.356700e-23 
2.590000e+00 9.040282e-24 4.502464e-24 1.354275e-23 
2.592000e+00 9.032164e-24 4.494338e-24 1.352650e-23 
2.594000e+00 9.019246e-24 4.489590e-24 1.350884e-23 
2.596000e+00 9.007788e-24 4.484084e-24 1.349187e-23 
2.598000e+00 8.988794e-24 4.481915e-24 1.347071e-23 
2.600000e+00 8.978850e-24 4.477114e-24 1.345596e-23 
2.602000e+00 8.962635e-24 4.469639e-24 1.343227e-23 
2.604000e+00 8.948023e-24 4.461996e-24 1.341002e-23 
2.606000e+00 8.945773e-24 4.455309e-24 1.340108e-23 
2.608000e+00 8.921237e-24 4.443233e-24 1.336447e-23 
2.610000e+00 8.920896e-24 4.440483e-24 1.336138e-23 
2.612000e+00 8.907283e-24 4.431428e-24 1.333871e-23 
2.614000e+00 8.895235e-24 4.427135e-24 1.332237e-23 
2.616000e+00 8.877251e-24 4.419863e-24 1.329711e-23 
2.618000e+00 8.872993e-24 4.420840e-24 1.329383e-23 
2.620000e+00 8.864756e-24 4.414790e-24 1.327955e-23 
2.622000e+00 8.851038e-24 4.405998e-24 1.325704e-23 
2.624000e+00 8.836651e-24 4.399991e-24 1.323664e-23 
2.626000e+00 8.813238e-24 4.391406e-24 1.320464e-23 
2.628000e+00 8.811864e-24 4.385384e-24 1.319725e-23 
2.630000e+00 8.795114e-24 4.379528e-24 1.317464e-23 
2.632000e+00 8.783159e-24 4.371313e-24 1.315447e-23 
2.634000e+00 8.768890e-24 4.373130e-24 1.314202e-23 
2.636000e+00 8.751172e-24 4.365334e-24 1.311651e-23 
2.638000e+00 8.747133e-24 4.354580e-24 1.310171e-23 
2.640000e+00 8.734250e-24 4.348642e-24 1.308289e-23 
2.642000e+00 8.704788e-24 4.341533e-24 1.304632e-23 
2.644000e+00 8.703788e-24 4.341317e-24 1.304511e-23 
2.646000e+00 8.684006e-24 4.337410e-24 1.302142e-23 
2.648000e+00 8.674421e-24 4.326457e-24 1.300088e-23 
2.650000e+00 8.669692e-24 4.320544e-24 1.299024e-23 
2.652000e+00 8.648596e-24 4.311983e-24 1.296058e-23 
2.654000e+00 8.643530e-24 4.312873e-24 1.295640e-23 
2.656000e+00 8.619470e-24 4.306034e-24 1.292550e-23 
2.658000e+00 8.617519e-24 4.299715e-24 1.291723e-23 
2.660000e+00 8.601130e-24 4.289456e-24 1.289059e-23 
2.662000e+00 8.589136e-24 4.285290e-24 1.287443e-23 
2.664000e+00 8.577943e-24 4.283856e-24 1.286180e-23 
2.666000e+00 8.565326e-24 4.273643e-24 1.283897e-23 
2.668000e+00 8.545667e-24 4.267382e-24 1.281305e-23 
2.670000e+00 8.540908e-24 4.258897e-24 1.279981e-23 
2.672000e+00 8.522047e-24 4.249889e-24 1.277194e-23 
2.674000e+00 8.508268e-24 4.251211e-24 1.275948e-23 
2.676000e+00 8.493734e-24 4.246079e-24 1.273981e-23 
2.678000e+00 8.484176e-24 4.237892e-24 1.272207e-23 
2.680000e+00 8.476680e-24 4.230517e-24 1.270720e-23 
2.682000e+00 8.463004e-24 4.223833e-24 1.268684e-23 
2.684000e+00 8.450635e-24 4.223845e-24 1.267448e-23 
2.686000e+00 8.440745e-24 4.213474e-24 1.265422e-23 
2.688000e+00 8.422739e-24 4.205888e-24 1.262863e-23 
2.690000e+00 8.419512e-24 4.197994e-24 1.261751e-23 
2.692000e+00 8.394622e-24 4.196132e-24 1.259075e-23 
2.694000e+00 8.390112e-24 4.192308e-24 1.258242e-23 
2.696000e+00 8.377233e-24 4.183732e-24 1.256097e-23 
2.698000e+00 8.361565e-24 4.181336e-24 1.254290e-23 
2.700000e+00 8.350498e-24 4.174969e-24 1.252547e-23 
2.702000e+00 8.344225e-24 4.167043e-24 1.251127e-23 
2.704000e+00 8.320938e-24 4.167036e-24 1.248797e-23 
2.706000e+00 8.323014e-24 4.160697e-24 1.248371e-23 
2.708000e+00 8.309545e-24 4.153761e-24 1.246331e-23 
2.710000e+00 8.298257e-24 4.149116e-24 1.244737e-23 
2.712000e+00 8.280503e-24 4.141888e-24 1.242239e-23 
2.714000e+00 8.284906e-24 4.134450e-24 1.241936e-23 
2.716000e+00 8.284839e-24 4.131232e-24 1.241607e-23 
2.718000e+00 8.270583e-24 4.126211e-24 1.239679e-23 
2.720000e+00 8.268719e-24 4.091574e-24 1.236029e-23 
2.722000e+00 8.243278e-24 4.116824e-24 1.236010e-23 
2.724000e+00 8.241516e-24 4.110682e-24 1.235220e-23 
2.726000e+00 8.226846e-24 4.105306e-24 1.233215e-23 
2.728000e+00 8.203941e-24 4.104402e-24 1.230834e-23 
2.730000e+00 8.197798e-24 4.094193e-24 1.229199e-23 
2.732000e+00 8.188533e-24 4.087599e-24 1.227613e-23 
2.734000e+00 8.183608e-24 4.087003e-24 1.227061e-23 
2.736000e+00 8.165202e-24 4.077569e-24 1.224277e-23 
2.738000e+00 8.154786e-24 4.070990e-24 1.222578e-23 
2.740000e+00 8.143356e-24 4.069876e-24 1.221323e-23 
2.742000e+00 8.117039e-24 4.061982e-24 1.217902e-23 
2.744000e+00 8.109778e-24 4.055857e-24 1.216563e-23 
2.746000e+00 8.092168e-24 4.052392e-24 1.214456e-23 
2.748000e+00 8.082771e-24 4.043178e-24 1.212595e-23 
2.750000e+00 8.070835e-24 4.034529e-24 1.210536e-23 
2.752000e+00 8.051158e-24 4.036222e-24 1.208738e-23 
2.754000e+00 8.044474e-24 4.029921e-24 1.207440e-23 
2.756000e+00 8.034593e-24 4.025117e-24 1.205971e-23 
2.758000e+00 8.020144e-24 4.019241e-24 1.203939e-23 
2.760000e+00 8.015379e-24 4.011766e-24 1.202715e-23 
2.762000e+00 7.995555e-24 4.008875e-24 1.200443e-23 
2.764000e+00 7.988608e-24 3.999646e-24 1.198825e-23 
2.766000e+00 7.976585e-24 3.999751e-24 1.197634e-23 
2.768000e+00 7.967705e-24 3.993279e-24 1.196098e-23 
2.770000e+00 7.960057e-24 3.991673e-24 1.195173e-23 
2.772000e+00 7.952502e-24 3.982009e-24 1.193451e-23 
2.774000e+00 7.942615e-24 3.973417e-24 1.191603e-23 
2.776000e+00 7.920230e-24 3.970963e-24 1.189119e-23 
2.778000e+00 7.910711e-24 3.965525e-24 1.187624e-23 
2.780000e+00 7.897206e-24 3.961250e-24 1.185846e-23 
2.782000e+00 7.891100e-24 3.954209e-24 1.184531e-23 
2.784000e+00 7.880332e-24 3.955224e-24 1.183556e-23 
2.786000e+00 7.874015e-24 3.945791e-24 1.181981e-23 
2.788000e+00 7.864019e-24 3.947997e-24 1.181202e-23 
2.790000e+00 7.855967e-24 3.936851e-24 1.179282e-23 
2.792000e+00 7.828489e-24 3.931760e-24 1.176025e-23 
2.794000e+00 7.824138e-24 3.925915e-24 1.175005e-23 
2.796000e+00 7.810175e-24 3.921892e-24 1.173207e-23 
2.798000e+00 7.804208e-24 3.917551e-24 1.172176e-23 
2.800000e+00 7.796263e-24 3.908191e-24 1.170445e-23 
2.802000e+00 7.783793e-24 3.909604e-24 1.169340e-23 
2.804000e+00 7.771294e-24 3.899833e-24 1.167113e-23 
2.806000e+00 7.763836e-24 3.895433e-24 1.165927e-23 
2.808000e+00 7.755583e-24 3.889722e-24 1.164530e-23 
2.810000e+00 7.733777e-24 3.884268e-24 1.161805e-23 
2.812000e+00 7.727502e-24 3.885165e-24 1.161267e-23 
2.814000e+00 7.717135e-24 3.874321e-24 1.159146e-23 
2.816000e+00 7.703448e-24 3.872642e-24 1.157609e-23 
2.818000e+00 7.694638e-24 3.862931e-24 1.155757e-23 
2.820000e+00 7.689692e-24 3.860146e-24 1.154984e-23 
2.822000e+00 7.678728e-24 3.851182e-24 1.152991e-23 
2.824000e+00 7.665747e-24 3.852798e-24 1.151854e-23 
2.826000e+00 7.653408e-24 3.843476e-24 1.149688e-23 
2.828000e+00 7.649811e-24 3.841266e-24 1.149108e-23 
2.830000e+00 7.619562e-24 3.833230e-24 1.145279e-23 
2.832000e+00 7.618268e-24 3.832944e-24 1.145121e-23 
2.834000e+00 7.605160e-24 3.824158e-24 1.142932e-23 
2.836000e+00 7.593270e-24 3.822807e-24 1.141608e-23 
2.838000e+00 7.583813e-24 3.818464e-24 1.140228e-23 
2.840000e+00 7.578342e-24 3.812604e-24 1.139095e-23 
2.842000e+00 7.564707e-24 3.809524e-24 1.137423e-23 
2.844000e+00 7.551900e-24 3.801774e-24 1.135367e-23 
2.846000e+00 7.543826e-24 3.798784e-24 1.134261e-23 
2.848000e+00 7.533118e-24 3.790063e-24 1.132318e-23 
2.850000e+00 7.522943e-24 3.788803e-24 1.131175e-23 
2.852000e+00 7.520042e-24 3.778833e-24 1.129888e-23 
2.854000e+00 7.504637e-24 3.778155e-24 1.128279e-23 
2.856000e+00 7.488098e-24 3.768214e-24 1.125631e-23 
2.858000e+00 7.478725e-24 3.767122e-24 1.124585e-23 
2.860000e+00 7.469742e-24 3.760393e-24 1.123014e-23 
2.862000e+00 7.462004e-24 3.761461e-24 1.122346e-23 
2.864000e+00 7.449163e-24 3.754241e-24 1.120340e-23 
2.866000e+00 7.437165e-24 3.747541e-24 1.118471e-23 
2.868000e+00 7.424947e-24 3.745642e-24 1.117059e-23 
2.870000e+00 7.419010e-24 3.739523e-24 1.115853e-23 
2.872000e+00 7.407014e-24 3.737137e-24 1.114415e-23 
2.874000e+00 7.407591e-24 3.728866e-24 1.113646e-23 
2.876000e+00 7.395043e-24 3.727833e-24 1.112288e-23 
2.878000e+00 7.382310e-24 3.716308e-24 1.109862e-23 
2.880000e+00 7.376121e-24 3.715751e-24 1.109187e-23 
2.882000e+00 7.368764e-24 3.706011e-24 1.107478e-23 
2.884000e+00 7.354476e-24 3.703187e-24 1.105766e-23 
2.886000e+00 7.341810e-24 3.702722e-24 1.104453e-23 
2.888000e+00 7.332703e-24 3.692830e-24 1.102553e-23 
2.890000e+00 6.922994e-24 3.689259e-24 1.061225e-23 
2.892000e+00 7.317615e-24 3.689519e-24 1.100713e-23 
2.894000e+00 7.313353e-24 3.680808e-24 1.099416e-23 
2.896000e+00 7.298142e-24 3.681061e-24 1.097920e-23 
2.898000e+00 7.284407e-24 3.679158e-24 1.096357e-23 
2.900000e+00 7.274471e-24 3.668128e-24 1.094260e-23 
2.902000e+00 7.266161e-24 3.665475e-24 1.093164e-23 
2.904000e+00 7.256669e-24 3.665967e-24 1.092264e-23 
2.906000e+00 7.245023e-24 3.655577e-24 1.090060e-23 
2.908000e+00 7.240448e-24 3.657289e-24 1.089774e-23 
2.910000e+00 7.235188e-24 3.641279e-24 1.087647e-23 
2.912000e+00 7.226498e-24 3.642163e-24 1.086866e-23 
2.914000e+00 7.211881e-24 3.642260e-24 1.085414e-23 
2.916000e+00 7.199247e-24 3.632364e-24 1.083161e-23 
2.918000e+00 7.187912e-24 3.633162e-24 1.082107e-23 
2.920000e+00 7.177140e-24 3.627702e-24 1.080484e-23 
2.922000e+00 7.171944e-24 3.616436e-24 1.078838e-23 
2.924000e+00 7.157627e-24 3.617999e-24 1.077563e-23 
2.926000e+00 7.153176e-24 3.615475e-24 1.076865e-23 
2.928000e+00 7.144971e-24 3.604362e-24 1.074933e-23 
2.930000e+00 7.133745e-24 3.606256e-24 1.074000e-23 
2.932000e+00 7.122181e-24 3.599576e-24 1.072176e-23 
2.934000e+00 7.109721e-24 3.595672e-24 1.070539e-23 
2.936000e+00 7.098121e-24 3.591692e-24 1.068981e-23 
2.938000e+00 7.091896e-24 3.586891e-24 1.067879e-23 
2.940000e+00 7.080780e-24 3.580199e-24 1.066098e-23 
2.942000e+00 7.075953e-24 3.575490e-24 1.065144e-23 
2.944000e+00 7.065044e-24 3.577712e-24 1.064276e-23 
2.946000e+00 7.056854e-24 3.567027e-24 1.062388e-23 
2.948000e+00 7.042192e-24 3.565131e-24 1.060732e-23 
2.950000e+00 7.030287e-24 3.563178e-24 1.059346e-23 
2.952000e+00 7.016394e-24 3.551924e-24 1.056832e-23 
2.954000e+00 7.013911e-24 3.548501e-24 1.056241e-23 
2.956000e+00 7.004655e-24 3.548979e-24 1.055363e-23 
2.958000e+00 6.990120e-24 3.549256e-24 1.053938e-23 
2.960000e+00 6.985763e-24 3.537673e-24 1.052344e-23 
2.962000e+00 6.982829e-24 3.535437e-24 1.051827e-23 
2.964000e+00 6.969953e-24 3.536138e-24 1.050609e-23 
2.966000e+00 6.957864e-24 3.524804e-24 1.048267e-23 
2.968000e+00 6.954422e-24 3.524901e-24 1.047932e-23 
2.970000e+00 6.948803e-24 3.516704e-24 1.046551e-23 
2.972000e+00 6.931610e-24 3.517717e-24 1.044933e-23 
2.974000e+00 6.920160e-24 3.507162e-24 1.042732e-23 
2.976000e+00 6.913054e-24 3.504588e-24 1.041764e-23 
2.978000e+00 6.912625e-24 3.501270e-24 1.041390e-23 
2.980000e+00 6.900519e-24 3.492100e-24 1.039262e-23 
2.982000e+00 6.889793e-24 3.494571e-24 1.038436e-23 
2.984000e+00 6.874173e-24 3.492099e-24 1.036627e-23 
2.986000e+00 6.878738e-24 3.489186e-24 1.036792e-23 
2.988000e+00 6.863820e-24 3.477515e-24 1.034133e-23 
2.990000e+00 6.849044e-24 3.476188e-24 1.032523e-23 
2.992000e+00 6.844902e-24 3.469731e-24 1.031463e-23 
2.994000e+00 6.834698e-24 3.464860e-24 1.029956e-23 
2.996000e+00 6.823269e-24 3.461015e-24 1.028428e-23 
2.998000e+00 6.810946e-24 3.458905e-24 1.026985e-23 
