1.000000e-01 7.248236e-23 6.001574e-23 1.324981e-22 
1.020000e-01 7.075896e-23 5.769876e-23 1.284577e-22 
1.040000e-01 6.878330e-23 5.529572e-23 1.240790e-22 
1.060000e-01 6.659017e-23 5.305588e-23 1.196461e-22 
1.080000e-01 6.419320e-23 5.082281e-23 1.150160e-22 
1.100000e-01 6.148065e-23 4.860564e-23 1.100863e-22 
1.120000e-01 5.827042e-23 4.654155e-23 1.048120e-22 
1.140000e-01 5.396487e-23 4.448820e-23 9.845307e-23 
1.160000e-01 4.524011e-23 4.245880e-23 8.769891e-23 
1.180000e-01 5.349175e-23 4.061886e-23 9.411061e-23 
1.200000e-01 5.544270e-23 3.881434e-23 9.425704e-23 
1.220000e-01 5.585564e-23 3.702179e-23 9.287742e-23 
1.240000e-01 5.572362e-23 3.535620e-23 9.107982e-23 
1.260000e-01 5.532035e-23 3.374094e-23 8.906130e-23 
1.280000e-01 5.473936e-23 3.218972e-23 8.692908e-23 
1.300000e-01 5.405498e-23 3.071678e-23 8.477176e-23 
1.320000e-01 5.327335e-23 2.930444e-23 8.257779e-23 
1.340000e-01 5.239753e-23 2.794452e-23 8.034205e-23 
1.360000e-01 5.150607e-23 2.665755e-23 7.816362e-23 
1.380000e-01 5.055876e-23 2.541153e-23 7.597029e-23 
1.400000e-01 4.962655e-23 2.424380e-23 7.387035e-23 
1.420000e-01 4.866256e-23 2.310770e-23 7.177026e-23 
1.440000e-01 4.767870e-23 2.203252e-23 6.971122e-23 
1.460000e-01 4.667929e-23 2.100372e-23 6.768301e-23 
1.480000e-01 4.566945e-23 2.003077e-23 6.570021e-23 
1.500000e-01 4.465759e-23 1.911342e-23 6.377101e-23 
1.520000e-01 4.364044e-23 1.820927e-23 6.184971e-23 
1.540000e-01 4.260762e-23 1.737279e-23 5.998041e-23 
1.560000e-01 4.156526e-23 1.657061e-23 5.813586e-23 
1.580000e-01 4.051222e-23 1.579446e-23 5.630668e-23 
1.600000e-01 3.944950e-23 1.507466e-23 5.452416e-23 
1.620000e-01 3.834698e-23 1.437358e-23 5.272057e-23 
1.640000e-01 3.688989e-23 1.370129e-23 5.059117e-23 
1.660000e-01 3.546826e-23 1.307432e-23 4.854259e-23 
1.680000e-01 3.340595e-23 1.248395e-23 4.588990e-23 
1.700000e-01 3.395661e-23 1.192189e-23 4.587850e-23 
1.720000e-01 3.393121e-23 1.138379e-23 4.531501e-23 
1.740000e-01 3.352865e-23 1.087075e-23 4.439940e-23 
1.760000e-01 3.301661e-23 1.037732e-23 4.339392e-23 
1.780000e-01 3.246565e-23 9.906536e-24 4.237219e-23 
1.800000e-01 3.216827e-23 9.459103e-24 4.162737e-23 
1.820000e-01 3.158438e-23 9.030301e-24 4.061468e-23 
1.840000e-01 3.100418e-23 8.624802e-24 3.962898e-23 
1.860000e-01 3.042642e-23 8.233656e-24 3.866008e-23 
1.880000e-01 2.985791e-23 7.837788e-24 3.769570e-23 
1.900000e-01 2.930054e-23 7.478537e-24 3.677907e-23 
1.920000e-01 2.877448e-23 7.135142e-24 3.590963e-23 
1.940000e-01 2.829803e-23 6.809658e-24 3.510769e-23 
1.960000e-01 2.789957e-23 6.495069e-24 3.439464e-23 
1.980000e-01 2.778728e-23 6.197226e-24 3.398450e-23 
2.000000e-01 2.736444e-23 5.912371e-24 3.327681e-23 
2.020000e-01 2.606057e-23 5.641209e-24 3.170178e-23 
2.040000e-01 2.522599e-23 5.383511e-24 3.060950e-23 
2.060000e-01 2.449637e-23 5.130699e-24 2.962707e-23 
2.080000e-01 2.382402e-23 4.889358e-24 2.871338e-23 
2.100000e-01 2.318749e-23 4.657555e-24 2.784504e-23 
2.120000e-01 2.257744e-23 4.431580e-24 2.700902e-23 
2.140000e-01 2.199415e-23 4.213788e-24 2.620794e-23 
2.160000e-01 2.143301e-23 4.003399e-24 2.543641e-23 
2.180000e-01 2.088712e-23 3.797631e-24 2.468476e-23 
2.200000e-01 2.036479e-23 3.606631e-24 2.397142e-23 
2.220000e-01 1.985886e-23 3.424006e-24 2.328287e-23 
2.240000e-01 1.935947e-23 3.247913e-24 2.260738e-23 
2.260000e-01 1.887117e-23 3.076841e-24 2.194801e-23 
2.280000e-01 1.839580e-23 2.907308e-24 2.130310e-23 
2.300000e-01 1.793632e-23 2.747331e-24 2.068365e-23 
2.320000e-01 1.749162e-23 2.590200e-24 2.008182e-23 
2.340000e-01 1.705642e-23 2.436827e-24 1.949324e-23 
2.360000e-01 1.663234e-23 2.288833e-24 1.892117e-23 
2.380000e-01 1.622414e-23 2.145596e-24 1.836974e-23 
2.400000e-01 1.582424e-23 2.026309e-24 1.785055e-23 
2.420000e-01 1.543764e-23 1.928892e-24 1.736654e-23 
2.440000e-01 1.506202e-23 1.837718e-24 1.689973e-23 
2.460000e-01 1.470056e-23 1.732845e-24 1.643340e-23 
2.480000e-01 1.435159e-23 1.622098e-24 1.597369e-23 
2.500000e-01 1.401079e-23 1.495923e-24 1.550672e-23 
2.520000e-01 1.367814e-23 1.357594e-24 1.503574e-23 
2.540000e-01 1.335385e-23 1.216020e-24 1.456987e-23 
2.560000e-01 1.304018e-23 1.073181e-24 1.411336e-23 
2.580000e-01 1.235507e-23 9.240947e-25 1.327917e-23 
2.600000e-01 1.205548e-23 7.535260e-25 1.280901e-23 
2.620000e-01 1.179522e-23 5.697311e-25 1.236495e-23 
2.640000e-01 1.147997e-23 3.772781e-25 1.185725e-23 
2.660000e-01 1.120688e-23 2.147750e-25 1.142165e-23 
2.680000e-01 1.094084e-23 9.118952e-26 1.103202e-23 
2.700000e-01 1.068096e-23 1.854840e-26 1.069951e-23 
2.720000e-01 1.042863e-23 1.548193e-26 1.044411e-23 
2.740000e-01 1.018936e-23 9.618800e-26 1.028555e-23 
2.760000e-01 9.948369e-24 2.811923e-25 1.022956e-23 
2.780000e-01 9.719515e-24 5.784514e-25 1.029797e-23 
2.800000e-01 9.493385e-24 1.996902e-24 1.149029e-23 
2.820000e-01 9.272204e-24 2.728135e-24 1.200034e-23 
2.840000e-01 9.055670e-24 2.517346e-24 1.157302e-23 
2.860000e-01 8.845526e-24 2.319670e-24 1.116520e-23 
2.880000e-01 8.641895e-24 2.198442e-24 1.084034e-23 
2.900000e-01 8.441263e-24 2.144987e-24 1.058625e-23 
2.920000e-01 8.246012e-24 2.145170e-24 1.039118e-23 
2.940000e-01 8.055367e-24 2.190248e-24 1.024561e-23 
2.960000e-01 7.870314e-24 2.257102e-24 1.012742e-23 
2.980000e-01 7.691661e-24 2.344609e-24 1.003627e-23 
3.000000e-01 7.516765e-24 2.425524e-24 9.942289e-24 
3.020000e-01 7.346013e-24 2.482673e-24 9.828686e-24 
3.040000e-01 7.177681e-24 2.517381e-24 9.695062e-24 
3.060000e-01 7.015627e-24 2.540165e-24 9.555792e-24 
3.080000e-01 6.856510e-24 2.562037e-24 9.418547e-24 
3.100000e-01 6.703158e-24 2.565241e-24 9.268399e-24 
3.120000e-01 6.552430e-24 2.562289e-24 9.114719e-24 
3.140000e-01 6.407661e-24 2.543778e-24 8.951439e-24 
3.160000e-01 6.261099e-24 2.513466e-24 8.774565e-24 
3.180000e-01 6.121661e-24 2.470211e-24 8.591872e-24 
3.200000e-01 5.986405e-24 2.435803e-24 8.422207e-24 
3.220000e-01 5.854790e-24 2.404927e-24 8.259716e-24 
3.240000e-01 5.725452e-24 2.387779e-24 8.113230e-24 
3.260000e-01 5.656690e-24 2.374140e-24 8.030830e-24 
3.280000e-01 5.477833e-24 2.357832e-24 7.835666e-24 
3.300000e-01 5.357980e-24 2.342168e-24 7.700148e-24 
3.320000e-01 5.242998e-24 2.323714e-24 7.566712e-24 
3.340000e-01 5.130357e-24 2.305119e-24 7.435475e-24 
3.360000e-01 5.020228e-24 2.283692e-24 7.303921e-24 
3.380000e-01 4.913776e-24 2.261861e-24 7.175637e-24 
3.400000e-01 4.809382e-24 2.237222e-24 7.046604e-24 
3.420000e-01 4.706871e-24 2.216400e-24 6.923271e-24 
3.440000e-01 4.614067e-24 2.195439e-24 6.809506e-24 
3.460000e-01 4.509048e-24 2.174509e-24 6.683558e-24 
3.480000e-01 4.412037e-24 2.152695e-24 6.564732e-24 
3.500000e-01 4.318758e-24 2.130151e-24 6.448909e-24 
3.520000e-01 4.258842e-24 2.107455e-24 6.366297e-24 
3.540000e-01 4.142591e-24 2.084632e-24 6.227223e-24 
3.560000e-01 4.052344e-24 2.062249e-24 6.114593e-24 
3.580000e-01 3.970050e-24 2.039607e-24 6.009657e-24 
3.600000e-01 3.883628e-24 2.015573e-24 5.899200e-24 
3.620000e-01 3.801583e-24 1.992131e-24 5.793714e-24 
3.640000e-01 3.724182e-24 1.969631e-24 5.693813e-24 
3.660000e-01 3.647820e-24 1.930788e-24 5.578608e-24 
3.680000e-01 3.571859e-24 1.924006e-24 5.495864e-24 
3.700000e-01 3.498320e-24 1.902017e-24 5.400336e-24 
3.720000e-01 3.425908e-24 1.878923e-24 5.304831e-24 
3.740000e-01 3.354563e-24 1.901021e-24 5.255585e-24 
3.760000e-01 3.285138e-24 1.877940e-24 5.163079e-24 
3.780000e-01 3.217531e-24 1.855200e-24 5.072730e-24 
3.800000e-01 3.151515e-24 1.832401e-24 4.983915e-24 
3.820000e-01 3.086809e-24 1.808770e-24 4.895579e-24 
3.840000e-01 3.021895e-24 1.785770e-24 4.807665e-24 
3.860000e-01 2.961293e-24 1.763001e-24 4.724293e-24 
3.880000e-01 2.882972e-24 1.740421e-24 4.623393e-24 
3.900000e-01 2.838675e-24 1.718529e-24 4.557205e-24 
3.920000e-01 2.783479e-24 1.696935e-24 4.480414e-24 
3.940000e-01 2.727477e-24 1.675711e-24 4.403188e-24 
3.960000e-01 2.673321e-24 1.654688e-24 4.328009e-24 
3.980000e-01 2.633118e-24 1.633975e-24 4.267093e-24 
4.000000e-01 2.580394e-24 1.613030e-24 4.193424e-24 
4.020000e-01 2.529117e-24 1.592220e-24 4.121336e-24 
4.040000e-01 2.478363e-24 1.571773e-24 4.050136e-24 
4.060000e-01 2.429200e-24 1.551436e-24 3.980635e-24 
4.080000e-01 2.381326e-24 1.531957e-24 3.913283e-24 
4.100000e-01 2.334090e-24 1.512673e-24 3.846763e-24 
4.120000e-01 2.288208e-24 1.493566e-24 3.781774e-24 
4.140000e-01 2.243231e-24 1.474426e-24 3.717657e-24 
4.160000e-01 2.198580e-24 1.455393e-24 3.653973e-24 
4.180000e-01 2.141179e-24 1.437172e-24 3.578351e-24 
4.200000e-01 2.098800e-24 1.418366e-24 3.517165e-24 
4.220000e-01 2.057496e-24 1.399116e-24 3.456612e-24 
4.240000e-01 2.017347e-24 1.382693e-24 3.400040e-24 
4.260000e-01 1.977382e-24 1.364965e-24 3.342348e-24 
4.280000e-01 1.938702e-24 1.347257e-24 3.285960e-24 
4.300000e-01 1.900807e-24 1.329539e-24 3.230346e-24 
4.320000e-01 1.863010e-24 1.312360e-24 3.175369e-24 
4.340000e-01 1.825568e-24 1.295261e-24 3.120829e-24 
4.360000e-01 1.799976e-24 1.278713e-24 3.078689e-24 
4.380000e-01 1.765203e-24 1.262893e-24 3.028096e-24 
4.400000e-01 1.730362e-24 1.246880e-24 2.977242e-24 
4.420000e-01 1.696281e-24 1.230722e-24 2.927003e-24 
4.440000e-01 1.663531e-24 1.214540e-24 2.878070e-24 
4.460000e-01 1.631567e-24 1.198643e-24 2.830210e-24 
4.480000e-01 1.599896e-24 1.183228e-24 2.783124e-24 
4.500000e-01 1.568608e-24 1.167871e-24 2.736480e-24 
4.520000e-01 1.538208e-24 1.152397e-24 2.690606e-24 
4.540000e-01 1.508548e-24 1.136889e-24 2.645437e-24 
4.560000e-01 1.478958e-24 1.121913e-24 2.600871e-24 
4.580000e-01 1.449539e-24 1.110545e-24 2.560084e-24 
4.600000e-01 1.422665e-24 1.092907e-24 2.515572e-24 
4.620000e-01 1.393763e-24 1.078752e-24 2.472515e-24 
4.640000e-01 1.366706e-24 1.065081e-24 2.431787e-24 
4.660000e-01 1.343512e-24 1.050897e-24 2.394409e-24 
4.680000e-01 1.313179e-24 1.037528e-24 2.350708e-24 
4.700000e-01 1.287561e-24 1.024607e-24 2.312169e-24 
4.720000e-01 1.262042e-24 1.011339e-24 2.273381e-24 
4.740000e-01 1.236440e-24 9.983071e-25 2.234747e-24 
4.760000e-01 1.211263e-24 9.852983e-25 2.196561e-24 
4.780000e-01 1.187204e-24 9.725361e-25 2.159740e-24 
4.800000e-01 1.163354e-24 9.598797e-25 2.123233e-24 
4.820000e-01 1.139637e-24 9.472981e-25 2.086935e-24 
4.840000e-01 1.116353e-24 9.348080e-25 2.051161e-24 
4.860000e-01 1.093185e-24 9.224976e-25 2.015682e-24 
4.880000e-01 1.070789e-24 9.104486e-25 1.981238e-24 
4.900000e-01 1.048262e-24 8.986637e-25 1.946926e-24 
4.920000e-01 1.025951e-24 8.872030e-25 1.913154e-24 
4.940000e-01 1.003559e-24 8.772200e-25 1.880779e-24 
4.960000e-01 9.820968e-25 8.643260e-25 1.846423e-24 
4.980000e-01 9.608126e-25 8.532537e-25 1.814066e-24 
5.000000e-01 9.397689e-25 8.422653e-25 1.782034e-24 
5.020000e-01 9.181720e-25 8.313143e-25 1.749486e-24 
5.040000e-01 8.972964e-25 8.204901e-25 1.717786e-24 
5.060000e-01 8.775092e-25 8.589450e-25 1.736454e-24 
5.080000e-01 8.559350e-25 7.997248e-25 1.655660e-24 
5.100000e-01 8.348583e-25 7.898175e-25 1.624676e-24 
5.120000e-01 8.139133e-25 7.800058e-25 1.593919e-24 
5.140000e-01 7.926631e-25 7.705849e-25 1.563248e-24 
5.160000e-01 7.723462e-25 7.606557e-25 1.533002e-24 
5.180000e-01 7.513770e-25 7.514018e-25 1.502779e-24 
5.200000e-01 7.298015e-25 7.421660e-25 1.471967e-24 
5.220000e-01 7.082532e-25 7.330330e-25 1.441286e-24 
5.240000e-01 6.861291e-25 7.239080e-25 1.410037e-24 
5.260000e-01 6.633500e-25 7.150011e-25 1.378351e-24 
5.280000e-01 6.395389e-25 7.062601e-25 1.345799e-24 
5.300000e-01 6.144418e-25 6.991694e-25 1.313611e-24 
5.320000e-01 5.879663e-25 6.890880e-25 1.277054e-24 
5.340000e-01 5.586526e-25 6.806743e-25 1.239327e-24 
5.360000e-01 5.251386e-25 6.722043e-25 1.197343e-24 
5.380000e-01 4.819062e-25 6.636833e-25 1.145590e-24 
5.400000e-01 4.280197e-25 6.551572e-25 1.083177e-24 
5.420000e-01 3.786992e-25 6.469203e-25 1.025619e-24 
5.440000e-01 3.624111e-25 6.393227e-25 1.001734e-24 
5.460000e-01 3.916336e-25 6.314720e-25 1.023106e-24 
5.480000e-01 4.584116e-25 6.239410e-25 1.082353e-24 
5.500000e-01 5.146821e-25 6.164990e-25 1.131181e-24 
5.520000e-01 5.503255e-25 6.089890e-25 1.159315e-24 
5.540000e-01 5.698639e-25 6.016020e-25 1.171466e-24 
5.560000e-01 5.830748e-25 5.946369e-25 1.177712e-24 
5.580000e-01 5.962491e-25 5.877414e-25 1.183991e-24 
5.600000e-01 5.978968e-25 5.807026e-25 1.178599e-24 
5.620000e-01 6.023698e-25 5.737669e-25 1.176137e-24 
5.640000e-01 6.055083e-25 5.668200e-25 1.172328e-24 
5.660000e-01 5.892515e-25 5.601424e-25 1.149394e-24 
5.680000e-01 5.896960e-25 5.534573e-25 1.143153e-24 
5.700000e-01 5.891845e-25 5.470019e-25 1.136186e-24 
5.720000e-01 5.880626e-25 5.405680e-25 1.128631e-24 
5.740000e-01 5.865057e-25 5.342183e-25 1.120724e-24 
5.760000e-01 5.840006e-25 5.280160e-25 1.112017e-24 
5.780000e-01 5.819364e-25 5.219624e-25 1.103899e-24 
5.800000e-01 5.786401e-25 5.158001e-25 1.094440e-24 
5.820000e-01 5.750970e-25 5.098436e-25 1.084941e-24 
5.840000e-01 5.715850e-25 5.040306e-25 1.075616e-24 
5.860000e-01 5.676723e-25 4.982603e-25 1.065933e-24 
5.880000e-01 5.639892e-25 4.926257e-25 1.056615e-24 
5.900000e-01 5.595522e-25 4.870749e-25 1.046627e-24 
5.920000e-01 5.550916e-25 4.816881e-25 1.036780e-24 
5.940000e-01 5.517645e-25 4.761729e-25 1.027937e-24 
5.960000e-01 5.464070e-25 4.726485e-25 1.019055e-24 
5.980000e-01 5.416021e-25 4.656366e-25 1.007239e-24 
6.000000e-01 5.368575e-25 4.604047e-25 9.972622e-25 
6.020000e-01 5.319306e-25 4.550974e-25 9.870280e-25 
6.040000e-01 5.273637e-25 4.497114e-25 9.770751e-25 
6.060000e-01 5.235051e-25 4.443753e-25 9.678804e-25 
6.080000e-01 5.163087e-25 4.392893e-25 9.555980e-25 
6.100000e-01 5.112643e-25 4.346947e-25 9.459590e-25 
6.120000e-01 5.062739e-25 4.301954e-25 9.364693e-25 
6.140000e-01 5.010161e-25 4.256489e-25 9.266650e-25 
6.160000e-01 4.950305e-25 4.209703e-25 9.160008e-25 
6.180000e-01 4.907423e-25 4.162761e-25 9.070184e-25 
6.200000e-01 4.855266e-25 4.115864e-25 8.971130e-25 
6.220000e-01 4.803143e-25 4.070588e-25 8.873731e-25 
6.240000e-01 4.767244e-25 4.027173e-25 8.794418e-25 
6.260000e-01 4.695539e-25 3.983241e-25 8.678780e-25 
6.280000e-01 4.639986e-25 3.939730e-25 8.579717e-25 
6.300000e-01 4.585830e-25 3.896441e-25 8.482271e-25 
6.320000e-01 4.532708e-25 3.852675e-25 8.385383e-25 
6.340000e-01 4.486535e-25 3.809779e-25 8.296314e-25 
6.360000e-01 4.427922e-25 3.767171e-25 8.195093e-25 
6.380000e-01 4.384981e-25 3.728484e-25 8.113465e-25 
6.400000e-01 4.321711e-25 3.687828e-25 8.009538e-25 
6.420000e-01 4.268225e-25 3.648176e-25 7.916401e-25 
6.440000e-01 4.215591e-25 3.609644e-25 7.825236e-25 
6.460000e-01 4.162529e-25 3.574061e-25 7.736590e-25 
6.480000e-01 4.107317e-25 3.539598e-25 7.646915e-25 
6.500000e-01 4.051125e-25 3.503723e-25 7.554848e-25 
6.520000e-01 3.994968e-25 3.465812e-25 7.460780e-25 
6.540000e-01 3.939672e-25 3.428570e-25 7.368241e-25 
6.560000e-01 3.885106e-25 3.388818e-25 7.273925e-25 
6.580000e-01 3.830399e-25 3.351894e-25 7.182293e-25 
6.600000e-01 3.775199e-25 3.318086e-25 7.093285e-25 
6.620000e-01 3.719687e-25 3.285311e-25 7.004997e-25 
6.640000e-01 3.663688e-25 3.250697e-25 6.914385e-25 
6.660000e-01 3.603908e-25 3.216519e-25 6.820427e-25 
6.680000e-01 3.550462e-25 3.183113e-25 6.733574e-25 
6.700000e-01 3.493774e-25 3.150364e-25 6.644138e-25 
6.720000e-01 3.435414e-25 3.117687e-25 6.553101e-25 
6.740000e-01 3.382421e-25 9.106623e-26 4.293084e-25 
6.760000e-01 3.323174e-25 8.979403e-26 4.221114e-25 
6.780000e-01 3.263870e-25 8.894220e-26 4.153292e-25 
6.800000e-01 3.202178e-25 8.809025e-26 4.083080e-25 
6.820000e-01 3.139478e-25 8.711950e-26 4.010673e-25 
6.840000e-01 3.074849e-25 8.609678e-26 3.935817e-25 
6.860000e-01 3.009614e-25 8.503389e-26 3.859953e-25 
6.880000e-01 2.941117e-25 8.394159e-26 3.780533e-25 
6.900000e-01 2.871445e-25 8.300563e-26 3.701501e-25 
6.920000e-01 2.793426e-25 8.222025e-26 3.615628e-25 
6.940000e-01 2.710362e-25 8.136771e-26 3.524039e-25 
6.960000e-01 2.623467e-25 8.048500e-26 3.428317e-25 
6.980000e-01 2.521748e-25 7.951025e-26 3.316851e-25 
7.000000e-01 2.388447e-25 7.847100e-26 3.173157e-25 
7.020000e-01 2.242486e-25 7.775545e-26 3.020040e-25 
7.040000e-01 2.098412e-25 7.735926e-26 2.872004e-25 
7.060000e-01 2.030620e-25 7.688051e-26 2.799425e-25 
7.080000e-01 2.024588e-25 7.633719e-26 2.787960e-25 
7.100000e-01 2.151364e-25 7.579249e-26 2.909289e-25 
7.120000e-01 2.318907e-25 7.516353e-26 3.070542e-25 
7.140000e-01 2.530615e-25 7.450580e-26 3.275673e-25 
7.160000e-01 2.658270e-25 7.403195e-26 3.398589e-25 
7.180000e-01 2.756517e-25 7.371365e-26 3.493653e-25 
7.200000e-01 2.811109e-25 7.307179e-26 3.541827e-25 
7.220000e-01 2.844453e-25 7.252427e-26 3.569695e-25 
7.240000e-01 2.874907e-25 7.198118e-26 3.594719e-25 
7.260000e-01 2.891836e-25 7.127852e-26 3.604621e-25 
7.280000e-01 2.906444e-25 7.081232e-26 3.614568e-25 
7.300000e-01 2.913957e-25 7.057828e-26 3.619740e-25 
7.320000e-01 2.920723e-25 7.035727e-26 3.624296e-25 
7.340000e-01 2.923151e-25 7.003235e-26 3.623475e-25 
7.360000e-01 2.922987e-25 6.973285e-26 3.620316e-25 
7.380000e-01 2.922025e-25 6.942409e-26 3.616266e-25 
7.400000e-01 2.917890e-25 6.908295e-26 3.608719e-25 
7.420000e-01 2.921697e-25 6.859926e-26 3.607690e-25 
7.440000e-01 2.914150e-25 6.831563e-26 3.597307e-25 
7.460000e-01 2.903721e-25 6.797048e-26 3.583425e-25 
7.480000e-01 2.893770e-25 6.760030e-26 3.569773e-25 
7.500000e-01 2.883072e-25 6.726660e-26 3.555738e-25 
7.520000e-01 2.872239e-25 6.685520e-26 3.540791e-25 
7.540000e-01 2.860464e-25 6.629365e-26 3.523400e-25 
7.560000e-01 2.847745e-25 1.976115e-25 4.823860e-25 
7.580000e-01 2.834375e-25 6.586977e-26 3.493073e-25 
7.600000e-01 2.823073e-25 6.567083e-26 3.479781e-25 
7.620000e-01 2.805194e-25 6.540559e-26 3.459250e-25 
7.640000e-01 2.790225e-25 6.527539e-26 3.442979e-25 
7.660000e-01 2.775216e-25 6.501088e-26 3.425324e-25 
7.680000e-01 2.759328e-25 6.441228e-26 3.403451e-25 
7.700000e-01 2.742985e-25 6.400426e-26 3.383028e-25 
7.720000e-01 2.726045e-25 6.360752e-26 3.362120e-25 
7.740000e-01 2.708398e-25 6.321176e-26 3.340516e-25 
7.760000e-01 2.690530e-25 6.272327e-26 3.317763e-25 
7.780000e-01 2.672922e-25 6.234644e-26 3.296387e-25 
7.800000e-01 2.644772e-25 6.928645e-26 3.337636e-25 
7.820000e-01 2.627347e-25 1.749734e-25 4.377082e-25 
7.840000e-01 2.610115e-25 1.733963e-25 4.344078e-25 
7.860000e-01 2.588793e-25 1.717910e-25 4.306703e-25 
7.880000e-01 2.572746e-25 1.702052e-25 4.274798e-25 
7.900000e-01 2.553766e-25 1.686484e-25 4.240250e-25 
7.920000e-01 2.534594e-25 1.670815e-25 4.205410e-25 
7.940000e-01 2.515651e-25 1.655864e-25 4.171514e-25 
7.960000e-01 2.494610e-25 1.641471e-25 4.136081e-25 
7.980000e-01 2.474901e-25 1.626291e-25 4.101192e-25 
8.000000e-01 2.458270e-25 1.611384e-25 4.069654e-25 
8.020000e-01 2.433690e-25 1.596915e-25 4.030604e-25 
8.040000e-01 2.417996e-25 1.583925e-25 4.001921e-25 
8.060000e-01 2.400558e-25 1.568245e-25 3.968804e-25 
8.080000e-01 2.383155e-25 1.554874e-25 3.938029e-25 
8.100000e-01 2.366780e-25 1.540597e-25 3.907377e-25 
8.120000e-01 2.350530e-25 1.526658e-25 3.877188e-25 
8.140000e-01 2.335400e-25 1.512331e-25 3.847732e-25 
8.160000e-01 2.319837e-25 1.497717e-25 3.817554e-25 
8.180000e-01 2.303639e-25 1.484809e-25 3.788449e-25 
8.200000e-01 2.287805e-25 1.471568e-25 3.759373e-25 
8.220000e-01 2.272508e-25 1.459045e-25 3.731552e-25 
8.240000e-01 2.257619e-25 1.447758e-25 3.705377e-25 
8.260000e-01 2.243772e-25 1.432244e-25 3.676016e-25 
8.280000e-01 2.228062e-25 1.422471e-25 3.650533e-25 
8.300000e-01 2.224962e-25 1.409946e-25 3.634909e-25 
8.320000e-01 2.198824e-25 1.397418e-25 3.596242e-25 
8.340000e-01 2.183053e-25 1.385030e-25 3.568083e-25 
8.360000e-01 2.168597e-25 1.373009e-25 3.541606e-25 
8.380000e-01 2.154603e-25 1.363019e-25 3.517622e-25 
8.400000e-01 2.141477e-25 1.348304e-25 3.489780e-25 
8.420000e-01 2.129127e-25 1.337267e-25 3.466394e-25 
8.440000e-01 2.115795e-25 1.325998e-25 3.441793e-25 
8.460000e-01 2.102787e-25 1.314690e-25 3.417476e-25 
8.480000e-01 2.089608e-25 1.303043e-25 3.392650e-25 
8.500000e-01 2.077033e-25 5.193985e-26 2.596432e-25 
8.520000e-01 2.064178e-25 5.155560e-26 2.579734e-25 
8.540000e-01 2.052151e-25 5.108481e-26 2.562999e-25 
8.560000e-01 2.040965e-25 5.057725e-26 2.546737e-25 
8.580000e-01 2.028406e-25 5.004220e-26 2.528828e-25 
8.600000e-01 2.016265e-25 4.949675e-26 2.511232e-25 
8.620000e-01 2.003352e-25 4.905239e-26 2.493876e-25 
8.640000e-01 1.991036e-25 4.866234e-26 2.477659e-25 
8.660000e-01 1.979793e-25 4.834654e-26 2.463258e-25 
8.680000e-01 1.968778e-25 4.803884e-26 2.449167e-25 
8.700000e-01 1.956764e-25 4.771936e-26 2.433958e-25 
8.720000e-01 1.943982e-25 4.737574e-26 2.417739e-25 
8.740000e-01 1.930549e-25 4.704058e-26 2.400955e-25 
8.760000e-01 1.916231e-25 4.672221e-26 2.383453e-25 
8.780000e-01 1.902256e-25 4.644194e-26 2.366675e-25 
8.800000e-01 1.886167e-25 4.618757e-26 2.348042e-25 
8.820000e-01 1.874513e-25 4.598579e-26 2.334371e-25 
8.840000e-01 1.864121e-25 4.578870e-26 2.322008e-25 
8.860000e-01 1.850150e-25 4.547496e-26 2.304900e-25 
8.880000e-01 1.838039e-25 4.511640e-26 2.289203e-25 
8.900000e-01 1.824948e-25 4.469765e-26 2.271924e-25 
8.920000e-01 1.812417e-25 4.432585e-26 2.255675e-25 
8.940000e-01 1.799050e-25 4.398301e-26 2.238880e-25 
8.960000e-01 1.786577e-25 4.368964e-26 2.223473e-25 
8.980000e-01 1.775016e-25 4.346305e-26 2.209646e-25 
9.000000e-01 1.763788e-25 4.326231e-26 2.196411e-25 
9.020000e-01 1.751717e-25 4.304195e-26 2.182137e-25 
9.040000e-01 1.739836e-25 4.280029e-26 2.167839e-25 
9.060000e-01 1.727054e-25 4.257636e-26 2.152818e-25 
9.080000e-01 1.715602e-25 4.635186e-26 2.179120e-25 
9.100000e-01 1.700212e-25 4.209888e-26 2.121201e-25 
9.120000e-01 1.687116e-25 4.192992e-26 2.106415e-25 
9.140000e-01 1.674494e-25 4.176027e-26 2.092096e-25 
9.160000e-01 1.662735e-25 4.166201e-26 2.079355e-25 
9.180000e-01 1.651414e-25 4.148105e-26 2.066225e-25 
9.200000e-01 1.640148e-25 4.121291e-26 2.052277e-25 
9.220000e-01 1.628967e-25 4.093355e-26 2.038302e-25 
9.240000e-01 1.618207e-25 4.059951e-26 2.024202e-25 
9.260000e-01 1.606723e-25 4.025732e-26 2.009296e-25 
9.280000e-01 1.597416e-25 4.000348e-26 1.997451e-25 
9.300000e-01 1.582662e-25 3.976432e-26 1.980305e-25 
9.320000e-01 1.572159e-25 3.961091e-26 1.968268e-25 
9.340000e-01 1.561508e-25 3.952092e-26 1.956717e-25 
9.360000e-01 1.551328e-25 3.938336e-26 1.945161e-25 
9.380000e-01 1.540808e-25 3.924667e-26 1.933275e-25 
9.400000e-01 1.529443e-25 3.910602e-26 1.920503e-25 
9.420000e-01 1.517649e-25 3.892387e-26 1.906887e-25 
9.440000e-01 1.505519e-25 3.875520e-26 1.893071e-25 
9.460000e-01 1.493353e-25 3.862753e-26 1.879628e-25 
9.480000e-01 1.482043e-25 3.851835e-26 1.867227e-25 
9.500000e-01 1.471409e-25 3.839747e-26 1.855384e-25 
9.520000e-01 1.461130e-25 3.830221e-26 1.844152e-25 
9.540000e-01 1.451493e-25 3.812503e-26 1.832744e-25 
9.560000e-01 1.441728e-25 3.793385e-26 1.821067e-25 
9.580000e-01 1.431603e-25 3.769281e-26 1.808531e-25 
9.600000e-01 1.421392e-25 3.741834e-26 1.795575e-25 
9.620000e-01 1.410320e-25 3.716710e-26 1.781991e-25 
9.640000e-01 1.400046e-25 3.697629e-26 1.769809e-25 
9.660000e-01 1.390341e-25 3.674979e-26 1.757839e-25 
9.680000e-01 1.380988e-25 3.662103e-26 1.747198e-25 
9.700000e-01 1.372116e-25 3.647897e-26 1.736905e-25 
9.720000e-01 1.363355e-25 3.631743e-26 1.726530e-25 
9.740000e-01 1.353833e-25 3.614928e-26 1.715326e-25 
9.760000e-01 1.343874e-25 3.598280e-26 1.703702e-25 
9.780000e-01 1.333325e-25 3.578743e-26 1.691199e-25 
9.800000e-01 1.322722e-25 3.562154e-26 1.678937e-25 
9.820000e-01 1.312241e-25 3.546596e-26 1.666900e-25 
9.840000e-01 1.302438e-25 3.533567e-26 1.655795e-25 
9.860000e-01 1.292901e-25 3.519710e-26 1.644872e-25 
9.880000e-01 1.284350e-25 3.505434e-26 1.634893e-25 
9.900000e-01 1.275495e-25 3.487392e-26 1.624235e-25 
9.920000e-01 1.266984e-25 3.462456e-26 1.613230e-25 
9.940000e-01 1.258156e-25 3.436301e-26 1.601786e-25 
9.960000e-01 1.249771e-25 3.406398e-26 1.590411e-25 
9.980000e-01 1.240428e-25 3.384006e-26 1.578828e-25 
1.000000e+00 1.230893e-25 3.423371e-26 1.573230e-25 
1.002000e+00 1.222508e-25 3.348948e-26 1.557402e-25 
1.004000e+00 1.214446e-25 3.334192e-26 1.547865e-25 
1.006000e+00 1.206799e-25 3.322462e-26 1.539045e-25 
1.008000e+00 1.199256e-25 3.307356e-26 1.529991e-25 
1.010000e+00 1.192418e-25 3.291490e-26 1.521567e-25 
1.012000e+00 1.182826e-25 3.277280e-26 1.510554e-25 
1.014000e+00 1.174005e-25 3.259349e-26 1.499940e-25 
1.016000e+00 1.164921e-25 3.238820e-26 1.488803e-25 
1.018000e+00 1.157068e-25 3.222086e-26 1.479276e-25 
1.020000e+00 1.146771e-25 3.206097e-26 1.467381e-25 
1.022000e+00 1.138166e-25 3.191580e-26 1.457324e-25 
1.024000e+00 1.130359e-25 3.177585e-26 1.448118e-25 
1.026000e+00 1.122815e-25 3.162499e-26 1.439065e-25 
1.028000e+00 1.115522e-25 3.144744e-26 1.429997e-25 
1.030000e+00 1.109459e-25 3.181062e-26 1.427565e-25 
1.032000e+00 1.101398e-25 6.437037e-26 1.745102e-25 
1.034000e+00 1.092713e-25 6.392096e-26 1.731922e-25 
1.036000e+00 1.084868e-25 6.348198e-26 1.719688e-25 
1.038000e+00 1.077777e-25 6.304560e-26 1.708233e-25 
1.040000e+00 1.069555e-25 6.262969e-26 1.695852e-25 
1.042000e+00 1.063446e-25 6.219417e-26 1.685388e-25 
1.044000e+00 1.056155e-25 6.175670e-26 1.673722e-25 
1.046000e+00 1.049693e-25 6.133705e-26 1.663064e-25 
1.048000e+00 1.042919e-25 6.091011e-26 1.652020e-25 
1.050000e+00 1.035796e-25 6.050725e-26 1.640868e-25 
1.052000e+00 1.028290e-25 6.010246e-26 1.629314e-25 
1.054000e+00 1.020222e-25 5.971109e-26 1.617333e-25 
1.056000e+00 1.012219e-25 5.931422e-26 1.605362e-25 
1.058000e+00 1.004428e-25 5.891803e-26 1.593608e-25 
1.060000e+00 9.971044e-26 5.851643e-26 1.582269e-25 
1.062000e+00 9.901207e-26 5.813254e-26 1.571446e-25 
1.064000e+00 9.835965e-26 5.772210e-26 1.560817e-25 
1.066000e+00 9.772795e-26 5.733336e-26 1.550613e-25 
1.068000e+00 9.720698e-26 5.693770e-26 1.541447e-25 
1.070000e+00 9.642635e-26 5.654919e-26 1.529755e-25 
1.072000e+00 9.581396e-26 5.617043e-26 1.519844e-25 
1.074000e+00 9.498210e-26 5.577557e-26 1.507577e-25 
1.076000e+00 9.442081e-26 5.545878e-26 1.498796e-25 
1.078000e+00 9.376797e-26 5.510011e-26 1.488681e-25 
1.080000e+00 9.315218e-26 5.474444e-26 1.478966e-25 
1.082000e+00 9.257896e-26 5.437698e-26 1.469559e-25 
1.084000e+00 9.199754e-26 5.403170e-26 1.460292e-25 
1.086000e+00 9.145464e-26 5.366662e-26 1.451213e-25 
1.088000e+00 9.086714e-26 5.333854e-26 1.442057e-25 
1.090000e+00 9.026572e-26 2.793947e-26 1.182052e-25 
1.092000e+00 8.962774e-26 2.764020e-26 1.172679e-25 
1.094000e+00 8.893324e-26 2.737574e-26 1.163090e-25 
1.096000e+00 8.824062e-26 2.708812e-26 1.153287e-25 
1.098000e+00 8.755417e-26 2.687231e-26 1.144265e-25 
1.100000e+00 8.690566e-26 2.664877e-26 1.135544e-25 
1.102000e+00 8.652687e-26 2.643612e-26 1.129630e-25 
1.104000e+00 8.575815e-26 2.621311e-26 1.119713e-25 
1.106000e+00 8.522218e-26 2.601076e-26 1.112329e-25 
1.108000e+00 8.466203e-26 2.580831e-26 1.104703e-25 
1.110000e+00 8.422402e-26 2.561347e-26 1.098375e-25 
1.112000e+00 8.361706e-26 2.539610e-26 1.090132e-25 
1.114000e+00 8.299322e-26 2.519993e-26 1.081932e-25 
1.116000e+00 8.231714e-26 2.500266e-26 1.073198e-25 
1.118000e+00 8.181486e-26 2.482463e-26 1.066395e-25 
1.120000e+00 8.128554e-26 2.464959e-26 1.059351e-25 
1.122000e+00 8.078208e-26 2.447633e-26 1.052584e-25 
1.124000e+00 8.029267e-26 2.434076e-26 1.046334e-25 
1.126000e+00 7.982912e-26 2.420329e-26 1.040324e-25 
1.128000e+00 7.933529e-26 2.404506e-26 1.033804e-25 
1.130000e+00 7.883596e-26 2.390168e-26 1.027376e-25 
1.132000e+00 7.830240e-26 2.372818e-26 1.020306e-25 
1.134000e+00 7.783610e-26 2.353852e-26 1.013746e-25 
1.136000e+00 7.714234e-26 2.335795e-26 1.005003e-25 
1.138000e+00 7.655485e-26 2.319320e-26 9.974805e-26 
1.140000e+00 7.597795e-26 2.304850e-26 9.902645e-26 
1.142000e+00 7.542024e-26 2.290021e-26 9.832045e-26 
1.144000e+00 7.495105e-26 2.276788e-26 9.771893e-26 
1.146000e+00 7.471558e-26 2.305415e-26 9.776972e-26 
1.148000e+00 7.392298e-26 2.248042e-26 9.640340e-26 
1.150000e+00 7.349076e-26 2.233638e-26 9.582714e-26 
1.152000e+00 7.306278e-26 2.221086e-26 9.527364e-26 
1.154000e+00 7.257275e-26 2.206945e-26 9.464220e-26 
1.156000e+00 7.208133e-26 2.194575e-26 9.402708e-26 
1.158000e+00 7.156759e-26 2.181813e-26 9.338573e-26 
1.160000e+00 7.109626e-26 2.169314e-26 9.278941e-26 
1.162000e+00 7.061320e-26 2.157174e-26 9.218494e-26 
1.164000e+00 7.019117e-26 2.148079e-26 9.167196e-26 
1.166000e+00 6.976878e-26 2.136452e-26 9.113330e-26 
1.168000e+00 6.937437e-26 2.126739e-26 9.064176e-26 
1.170000e+00 6.896270e-26 2.116469e-26 9.012738e-26 
1.172000e+00 6.854666e-26 2.106326e-26 8.960992e-26 
1.174000e+00 6.811395e-26 2.093415e-26 8.904810e-26 
1.176000e+00 6.768203e-26 2.079816e-26 8.848019e-26 
1.178000e+00 6.713015e-26 2.066841e-26 8.779855e-26 
1.180000e+00 6.662450e-26 2.054196e-26 8.716646e-26 
1.182000e+00 6.610928e-26 2.043455e-26 8.654383e-26 
1.184000e+00 6.562409e-26 2.031710e-26 8.594119e-26 
1.186000e+00 6.516572e-26 2.021784e-26 8.538356e-26 
1.188000e+00 6.475877e-26 2.012749e-26 8.488626e-26 
1.190000e+00 6.289097e-26 2.005483e-26 8.294580e-26 
1.192000e+00 6.241913e-26 1.991761e-26 8.233674e-26 
1.194000e+00 6.198595e-26 1.982105e-26 8.180700e-26 
1.196000e+00 6.158968e-26 1.973048e-26 8.132016e-26 
1.198000e+00 6.119001e-26 1.962189e-26 8.081190e-26 
1.200000e+00 6.078468e-26 1.950283e-26 8.028751e-26 
1.202000e+00 6.035022e-26 1.941851e-26 7.976873e-26 
1.204000e+00 5.991172e-26 1.931972e-26 7.923144e-26 
1.206000e+00 5.948914e-26 1.924535e-26 7.873449e-26 
1.208000e+00 5.907719e-26 1.916308e-26 7.824027e-26 
1.210000e+00 5.871703e-26 1.909053e-26 7.780756e-26 
1.212000e+00 5.827676e-26 1.902636e-26 7.730312e-26 
1.214000e+00 5.783123e-26 1.894420e-26 7.677543e-26 
1.216000e+00 5.742493e-26 1.892819e-26 7.635313e-26 
1.218000e+00 5.697854e-26 1.879594e-26 7.577448e-26 
1.220000e+00 5.664789e-26 1.869476e-26 7.534265e-26 
1.222000e+00 5.629800e-26 1.858480e-26 7.488280e-26 
1.224000e+00 5.591380e-26 1.847668e-26 7.439048e-26 
1.226000e+00 5.553492e-26 1.838632e-26 7.392124e-26 
1.228000e+00 5.528124e-26 1.829093e-26 7.357218e-26 
1.230000e+00 5.479812e-26 1.821142e-26 7.300954e-26 
1.232000e+00 5.441822e-26 1.815562e-26 7.257383e-26 
1.234000e+00 5.402774e-26 3.400302e-26 8.803077e-26 
1.236000e+00 5.360260e-26 3.381377e-26 8.741637e-26 
1.238000e+00 5.322774e-26 3.363359e-26 8.686133e-26 
1.240000e+00 5.288846e-26 3.342431e-26 8.631277e-26 
1.242000e+00 5.252772e-26 3.323007e-26 8.575779e-26 
1.244000e+00 5.216022e-26 3.304196e-26 8.520218e-26 
1.246000e+00 5.183412e-26 3.285514e-26 8.468926e-26 
1.248000e+00 5.141654e-26 1.899639e-26 7.041294e-26 
1.250000e+00 5.100375e-26 1.888265e-26 6.988640e-26 
1.252000e+00 5.063378e-26 1.876936e-26 6.940314e-26 
1.254000e+00 5.026079e-26 1.866636e-26 6.892716e-26 
1.256000e+00 4.987794e-26 1.857373e-26 6.845167e-26 
1.258000e+00 4.949062e-26 1.848890e-26 6.797952e-26 
1.260000e+00 4.911401e-26 1.839611e-26 6.751012e-26 
1.262000e+00 4.872815e-26 1.829937e-26 6.702752e-26 
1.264000e+00 4.840125e-26 1.819922e-26 6.660047e-26 
1.266000e+00 4.802767e-26 1.810836e-26 6.613603e-26 
1.268000e+00 4.766639e-26 1.801192e-26 6.567831e-26 
1.270000e+00 4.728638e-26 1.791282e-26 6.519920e-26 
1.272000e+00 4.691517e-26 1.780882e-26 6.472399e-26 
1.274000e+00 4.658549e-26 1.770621e-26 6.429170e-26 
1.276000e+00 4.616707e-26 1.760064e-26 6.376771e-26 
1.278000e+00 4.576819e-26 1.751215e-26 6.328034e-26 
1.280000e+00 4.533776e-26 1.747037e-26 6.280813e-26 
1.282000e+00 4.500989e-26 1.733495e-26 6.234484e-26 
1.284000e+00 4.449239e-26 1.725533e-26 6.174772e-26 
1.286000e+00 4.403853e-26 1.717572e-26 6.121426e-26 
1.288000e+00 4.355246e-26 1.709304e-26 6.064550e-26 
1.290000e+00 4.296405e-26 1.701098e-26 5.997503e-26 
1.292000e+00 4.235533e-26 1.693012e-26 5.928545e-26 
1.294000e+00 4.185553e-26 1.683494e-26 5.869047e-26 
1.296000e+00 4.134495e-26 1.674120e-26 5.808615e-26 
1.298000e+00 4.085372e-26 1.666286e-26 5.751658e-26 
1.300000e+00 4.056100e-26 1.656157e-26 5.712257e-26 
1.302000e+00 4.038920e-26 1.648921e-26 5.687842e-26 
1.304000e+00 4.015663e-26 1.641414e-26 5.657077e-26 
1.306000e+00 4.020787e-26 1.634188e-26 5.654975e-26 
1.308000e+00 4.027678e-26 1.627268e-26 5.654946e-26 
1.310000e+00 4.036755e-26 1.619904e-26 5.656659e-26 
1.312000e+00 4.050372e-26 1.612731e-26 5.663103e-26 
1.314000e+00 4.226397e-26 1.603814e-26 5.830211e-26 
1.316000e+00 4.077730e-26 1.595914e-26 5.673644e-26 
1.318000e+00 4.078157e-26 1.587027e-26 5.665184e-26 
1.320000e+00 4.076843e-26 1.578808e-26 5.655651e-26 
1.322000e+00 4.074432e-26 1.570830e-26 5.645262e-26 
1.324000e+00 4.066106e-26 1.562778e-26 5.628883e-26 
1.326000e+00 4.056589e-26 1.555631e-26 5.612219e-26 
1.328000e+00 4.046329e-26 1.547816e-26 5.594145e-26 
1.330000e+00 4.037239e-26 1.548336e-26 5.585575e-26 
1.332000e+00 4.018652e-26 1.534960e-26 5.553611e-26 
1.334000e+00 4.005339e-26 1.529117e-26 5.534456e-26 
1.336000e+00 3.990305e-26 1.522253e-26 5.512558e-26 
1.338000e+00 3.976037e-26 1.515286e-26 5.491323e-26 
1.340000e+00 3.962085e-26 1.509457e-26 5.471542e-26 
1.342000e+00 3.946750e-26 1.502679e-26 5.449429e-26 
1.344000e+00 3.928714e-26 1.494769e-26 5.423483e-26 
1.346000e+00 3.912381e-26 1.487085e-26 5.399467e-26 
1.348000e+00 3.894007e-26 1.479241e-26 5.373248e-26 
1.350000e+00 3.877256e-26 1.473497e-26 5.350753e-26 
1.352000e+00 3.860535e-26 1.467017e-26 5.327552e-26 
1.354000e+00 3.841388e-26 1.461623e-26 5.303010e-26 
1.356000e+00 3.822436e-26 1.455455e-26 5.277891e-26 
1.358000e+00 3.815233e-26 1.450858e-26 5.266091e-26 
1.360000e+00 3.790621e-26 1.447583e-26 5.238205e-26 
1.362000e+00 3.770365e-26 1.437133e-26 5.207498e-26 
1.364000e+00 3.753454e-26 1.430246e-26 5.183700e-26 
1.366000e+00 3.738461e-26 1.424785e-26 5.163246e-26 
1.368000e+00 3.720829e-26 1.419855e-26 5.140684e-26 
1.370000e+00 3.707027e-26 1.410737e-26 5.117764e-26 
1.372000e+00 3.691006e-26 1.403576e-26 5.094582e-26 
1.374000e+00 3.679254e-26 1.396751e-26 5.076005e-26 
1.376000e+00 3.653251e-26 1.392027e-26 5.045279e-26 
1.378000e+00 3.635946e-26 1.383379e-26 5.019325e-26 
1.380000e+00 3.619675e-26 1.396451e-26 5.016126e-26 
1.382000e+00 3.601259e-26 1.392977e-26 4.994236e-26 
1.384000e+00 3.583166e-26 1.387409e-26 4.970575e-26 
1.386000e+00 3.564284e-26 1.383141e-26 4.947425e-26 
1.388000e+00 3.548011e-26 1.378767e-26 4.926778e-26 
1.390000e+00 3.541525e-26 1.373833e-26 4.915359e-26 
1.392000e+00 3.515773e-26 1.347531e-26 4.863304e-26 
1.394000e+00 3.500117e-26 1.363225e-26 4.863342e-26 
1.396000e+00 3.480277e-26 1.358151e-26 4.838428e-26 
1.398000e+00 3.463570e-26 1.352171e-26 4.815741e-26 
1.400000e+00 3.445034e-26 1.350340e-26 4.795374e-26 
1.402000e+00 3.427184e-26 1.346538e-26 4.773722e-26 
1.404000e+00 3.424300e-26 1.342575e-26 4.766875e-26 
1.406000e+00 3.406454e-26 1.307811e-26 4.714266e-26 
1.408000e+00 3.392894e-26 1.344304e-26 4.737198e-26 
1.410000e+00 3.372943e-26 1.297441e-26 4.670384e-26 
1.412000e+00 3.356042e-26 1.297482e-26 4.653525e-26 
1.414000e+00 3.339679e-26 1.287002e-26 4.626681e-26 
1.416000e+00 3.322235e-26 1.282607e-26 4.604842e-26 
1.418000e+00 3.307691e-26 1.277862e-26 4.585553e-26 
1.420000e+00 3.289515e-26 1.271728e-26 4.561243e-26 
1.422000e+00 3.272428e-26 1.266360e-26 4.538788e-26 
1.424000e+00 3.267860e-26 1.261510e-26 4.529369e-26 
1.426000e+00 3.241942e-26 1.254841e-26 4.496783e-26 
1.428000e+00 3.226413e-26 1.249391e-26 4.475804e-26 
1.430000e+00 3.207635e-26 1.249000e-26 4.456635e-26 
1.432000e+00 3.191739e-26 1.240135e-26 4.431873e-26 
1.434000e+00 3.175687e-26 1.235202e-26 4.410889e-26 
1.436000e+00 3.160582e-26 1.231161e-26 4.391743e-26 
1.438000e+00 3.144879e-26 1.227130e-26 4.372009e-26 
1.440000e+00 3.128783e-26 1.222173e-26 4.350956e-26 
1.442000e+00 3.112972e-26 1.218656e-26 4.331628e-26 
1.444000e+00 3.096894e-26 1.213819e-26 4.310713e-26 
1.446000e+00 3.081224e-26 1.210019e-26 4.291243e-26 
1.448000e+00 3.066679e-26 1.204326e-26 4.271006e-26 
1.450000e+00 3.052380e-26 1.198846e-26 4.251226e-26 
1.452000e+00 3.037282e-26 1.194002e-26 4.231284e-26 
1.454000e+00 3.022308e-26 1.189098e-26 4.211407e-26 
1.456000e+00 3.007281e-26 1.185644e-26 4.192925e-26 
1.458000e+00 2.991751e-26 1.180925e-26 4.172675e-26 
1.460000e+00 2.976278e-26 1.178019e-26 4.154297e-26 
1.462000e+00 2.962128e-26 1.173340e-26 4.135468e-26 
1.464000e+00 2.947112e-26 1.169755e-26 4.116867e-26 
1.466000e+00 2.931700e-26 1.165129e-26 4.096828e-26 
1.468000e+00 2.918772e-26 1.161155e-26 4.079927e-26 
1.470000e+00 2.903628e-26 1.156859e-26 4.060488e-26 
1.472000e+00 2.888470e-26 1.152886e-26 4.041356e-26 
1.474000e+00 2.874385e-26 1.148422e-26 4.022807e-26 
1.476000e+00 2.859839e-26 1.142766e-26 4.002605e-26 
1.478000e+00 2.833756e-26 1.137861e-26 3.971617e-26 
1.480000e+00 2.832741e-26 1.132842e-26 3.965583e-26 
1.482000e+00 2.826404e-26 1.128640e-26 3.955044e-26 
1.484000e+00 2.803575e-26 1.123982e-26 3.927557e-26 
1.486000e+00 2.788009e-26 1.120026e-26 3.908035e-26 
1.488000e+00 2.773745e-26 1.115992e-26 3.889737e-26 
1.490000e+00 2.760686e-26 1.113577e-26 3.874264e-26 
1.492000e+00 2.746073e-26 1.110088e-26 3.856161e-26 
1.494000e+00 2.732329e-26 1.106005e-26 3.838335e-26 
1.496000e+00 2.718329e-26 1.102493e-26 3.820822e-26 
1.498000e+00 2.704782e-26 1.100030e-26 3.804812e-26 
1.500000e+00 2.690054e-26 1.096085e-26 3.786139e-26 
1.502000e+00 2.676625e-26 1.091408e-26 3.768033e-26 
1.504000e+00 2.660148e-26 1.086735e-26 3.746884e-26 
1.506000e+00 2.651995e-26 1.082594e-26 3.734589e-26 
1.508000e+00 2.633736e-26 1.077420e-26 3.711156e-26 
1.510000e+00 2.619218e-26 1.073528e-26 3.692746e-26 
1.512000e+00 2.605342e-26 1.070256e-26 3.675598e-26 
1.514000e+00 2.591229e-26 1.066735e-26 3.657964e-26 
1.516000e+00 2.587637e-26 1.063992e-26 3.651630e-26 
1.518000e+00 2.574965e-26 1.060424e-26 3.635389e-26 
1.520000e+00 2.563296e-26 1.058518e-26 3.621814e-26 
1.522000e+00 2.549401e-26 1.053495e-26 3.602896e-26 
1.524000e+00 2.536745e-26 1.050104e-26 3.586849e-26 
1.526000e+00 2.523516e-26 1.049241e-26 3.572757e-26 
1.528000e+00 2.510614e-26 1.043690e-26 3.554304e-26 
1.530000e+00 2.499118e-26 1.039897e-26 3.539014e-26 
1.532000e+00 2.484666e-26 1.035141e-26 3.519807e-26 
1.534000e+00 2.468092e-26 1.031334e-26 3.499426e-26 
1.536000e+00 2.456969e-26 1.026914e-26 3.483883e-26 
1.538000e+00 2.444983e-26 1.022592e-26 3.467575e-26 
1.540000e+00 2.432910e-26 1.018516e-26 3.451426e-26 
1.542000e+00 2.422358e-26 1.014573e-26 3.436931e-26 
1.544000e+00 2.408942e-26 1.012032e-26 3.420974e-26 
1.546000e+00 2.395188e-26 1.009218e-26 3.404407e-26 
1.548000e+00 2.383885e-26 1.006558e-26 3.390442e-26 
1.550000e+00 2.371565e-26 1.003518e-26 3.375083e-26 
1.552000e+00 2.362737e-26 1.000610e-26 3.363348e-26 
1.554000e+00 2.350485e-26 9.977049e-27 3.348190e-26 
1.556000e+00 2.340149e-26 9.952419e-27 3.335391e-26 
1.558000e+00 2.330739e-26 9.931548e-27 3.323894e-26 
1.560000e+00 2.320128e-26 9.882111e-27 3.308339e-26 
1.562000e+00 2.306556e-26 9.849182e-27 3.291474e-26 
1.564000e+00 2.292152e-26 9.807503e-27 3.272902e-26 
1.566000e+00 2.280625e-26 9.769130e-27 3.257538e-26 
1.568000e+00 2.269254e-26 9.742213e-27 3.243475e-26 
1.570000e+00 2.257646e-26 9.711965e-27 3.228842e-26 
1.572000e+00 2.248019e-26 9.685328e-27 3.216552e-26 
1.574000e+00 2.233957e-26 9.652289e-27 3.199185e-26 
1.576000e+00 2.223965e-26 9.623931e-27 3.186358e-26 
1.578000e+00 2.210898e-26 9.595339e-27 3.170432e-26 
1.580000e+00 2.200194e-26 9.571705e-27 3.157365e-26 
1.582000e+00 2.190333e-26 9.530835e-27 3.143416e-26 
1.584000e+00 2.179969e-26 9.504511e-27 3.130420e-26 
1.586000e+00 2.169702e-26 9.475907e-27 3.117293e-26 
1.588000e+00 2.159762e-26 9.440154e-27 3.103777e-26 
1.590000e+00 2.150016e-26 9.410703e-27 3.091086e-26 
1.592000e+00 2.140470e-26 9.377080e-27 3.078177e-26 
1.594000e+00 2.130289e-26 9.333139e-27 3.063603e-26 
1.596000e+00 2.121219e-26 9.304013e-27 3.051620e-26 
1.598000e+00 2.110500e-26 9.267728e-27 3.037273e-26 
1.600000e+00 2.105622e-26 9.242792e-27 3.029901e-26 
1.602000e+00 2.088545e-26 9.211693e-27 3.009715e-26 
1.604000e+00 2.078099e-26 9.183666e-27 2.996465e-26 
1.606000e+00 2.054763e-26 9.161644e-27 2.970928e-26 
1.608000e+00 2.059318e-26 9.144519e-27 2.973769e-26 
1.610000e+00 2.050189e-26 9.139159e-27 2.964105e-26 
1.612000e+00 2.040700e-26 9.114596e-27 2.952160e-26 
1.614000e+00 2.033250e-26 9.092117e-27 2.942462e-26 
1.616000e+00 2.021486e-26 9.046622e-27 2.926148e-26 
1.618000e+00 2.010670e-26 9.018555e-27 2.912526e-26 
1.620000e+00 2.000502e-26 8.981616e-27 2.898664e-26 
1.622000e+00 1.991694e-26 8.944891e-27 2.886183e-26 
1.624000e+00 1.980121e-26 8.921492e-27 2.872270e-26 
1.626000e+00 1.976122e-26 8.890376e-27 2.865160e-26 
1.628000e+00 1.960437e-26 8.867780e-27 2.847216e-26 
1.630000e+00 1.950801e-26 8.841456e-27 2.834947e-26 
1.632000e+00 1.941024e-26 8.826042e-27 2.823629e-26 
1.634000e+00 1.936404e-26 8.804615e-27 2.816865e-26 
1.636000e+00 1.920772e-26 8.782748e-27 2.799047e-26 
1.638000e+00 1.912245e-26 8.754283e-27 2.787673e-26 
1.640000e+00 1.902282e-26 8.734019e-27 2.775684e-26 
1.642000e+00 1.893933e-26 8.704302e-27 2.764363e-26 
1.644000e+00 1.885446e-26 8.681970e-27 2.753643e-26 
1.646000e+00 1.876500e-26 8.655152e-27 2.742015e-26 
1.648000e+00 1.867887e-26 8.630573e-27 2.730944e-26 
1.650000e+00 1.860440e-26 8.600473e-27 2.720487e-26 
1.652000e+00 1.850388e-26 8.567453e-27 2.707133e-26 
1.654000e+00 1.843664e-26 8.538207e-27 2.697484e-26 
1.656000e+00 1.833247e-26 8.506348e-27 2.683882e-26 
1.658000e+00 1.823968e-26 8.468995e-27 2.670868e-26 
1.660000e+00 1.815476e-26 8.446110e-27 2.660087e-26 
1.662000e+00 1.806328e-26 8.414795e-27 2.647808e-26 
1.664000e+00 1.798730e-26 8.397084e-27 2.638438e-26 
1.666000e+00 1.789542e-26 8.375894e-27 2.627131e-26 
1.668000e+00 1.780580e-26 8.351381e-27 2.615718e-26 
1.670000e+00 1.774132e-26 8.322129e-27 2.606345e-26 
1.672000e+00 1.764209e-26 8.309352e-27 2.595144e-26 
1.674000e+00 1.756665e-26 8.284950e-27 2.585160e-26 
1.676000e+00 1.749409e-26 8.251114e-27 2.574520e-26 
1.678000e+00 1.741263e-26 8.228027e-27 2.564065e-26 
1.680000e+00 1.731791e-26 8.196405e-27 2.551431e-26 
1.682000e+00 1.723427e-26 8.161214e-27 2.539548e-26 
1.684000e+00 1.343965e-26 8.128197e-27 2.156785e-26 
1.686000e+00 1.338400e-26 8.100432e-27 2.148443e-26 
1.688000e+00 1.336254e-26 8.069112e-27 2.143165e-26 
1.690000e+00 1.328334e-26 8.058134e-27 2.134147e-26 
1.692000e+00 1.323032e-26 8.021805e-27 2.125212e-26 
1.694000e+00 1.318948e-26 7.999724e-27 2.118921e-26 
1.696000e+00 1.314716e-26 7.980551e-27 2.112771e-26 
1.698000e+00 1.309172e-26 7.955930e-27 2.104765e-26 
1.700000e+00 1.303209e-26 7.917351e-27 2.094944e-26 
1.702000e+00 1.296362e-26 7.895633e-27 2.085925e-26 
1.704000e+00 1.289926e-26 7.880146e-27 2.077941e-26 
1.706000e+00 1.284451e-26 7.850240e-27 2.069475e-26 
1.708000e+00 1.278285e-26 7.821024e-27 2.060387e-26 
1.710000e+00 1.271588e-26 7.802046e-27 2.051792e-26 
1.712000e+00 1.264605e-26 7.768970e-27 2.041502e-26 
1.714000e+00 1.256755e-26 7.731747e-27 2.029930e-26 
1.716000e+00 1.253376e-26 7.702593e-27 2.023635e-26 
1.718000e+00 1.249068e-26 7.672488e-27 2.016317e-26 
1.720000e+00 1.241772e-26 7.644326e-27 2.006205e-26 
1.722000e+00 1.230684e-26 7.617232e-27 1.992407e-26 
1.724000e+00 1.228589e-26 7.558607e-27 1.984449e-26 
1.726000e+00 1.221063e-26 7.569414e-27 1.978004e-26 
1.728000e+00 1.216930e-26 7.543630e-27 1.971293e-26 
1.730000e+00 1.212809e-26 7.522158e-27 1.965024e-26 
1.732000e+00 1.208110e-26 7.496461e-27 1.957756e-26 
1.734000e+00 1.203398e-26 7.473364e-27 1.950734e-26 
1.736000e+00 1.198686e-26 7.445509e-27 1.943237e-26 
1.738000e+00 1.194434e-26 7.434240e-27 1.937858e-26 
1.740000e+00 1.192206e-26 7.393108e-27 1.931517e-26 
1.742000e+00 1.183397e-26 7.375574e-27 1.920955e-26 
1.744000e+00 1.177347e-26 7.346522e-27 1.911999e-26 
1.746000e+00 1.170285e-26 7.313847e-27 1.901670e-26 
1.748000e+00 1.163784e-26 7.274372e-27 1.891221e-26 
1.750000e+00 1.157765e-26 7.248118e-27 1.882577e-26 
1.752000e+00 1.152627e-26 7.224235e-27 1.875051e-26 
1.754000e+00 1.150860e-26 7.206640e-27 1.871524e-26 
1.756000e+00 1.144724e-26 7.180902e-27 1.862814e-26 
1.758000e+00 1.140703e-26 7.162774e-27 1.856980e-26 
1.760000e+00 1.137050e-26 7.142251e-27 1.851275e-26 
1.762000e+00 1.132064e-26 7.125115e-27 1.844575e-26 
1.764000e+00 1.127138e-26 7.093830e-27 1.836521e-26 
1.766000e+00 1.121929e-26 7.068639e-27 1.828792e-26 
1.768000e+00 1.116649e-26 7.046603e-27 1.821309e-26 
1.770000e+00 1.110686e-26 7.026492e-27 1.813335e-26 
1.772000e+00 1.105713e-26 7.003029e-27 1.806016e-26 
1.774000e+00 1.100493e-26 6.977058e-27 1.798199e-26 
1.776000e+00 1.094206e-26 6.949201e-27 1.789126e-26 
1.778000e+00 1.086878e-26 6.915070e-27 1.778385e-26 
1.780000e+00 1.080226e-26 6.890751e-27 1.769301e-26 
1.782000e+00 1.074217e-26 6.863174e-27 1.760534e-26 
1.784000e+00 1.067494e-26 6.836375e-27 1.751132e-26 
1.786000e+00 1.061269e-26 6.813500e-27 1.742619e-26 
1.788000e+00 1.055926e-26 6.785339e-27 1.734460e-26 
1.790000e+00 1.049294e-26 6.762771e-27 1.725571e-26 
1.792000e+00 1.047304e-26 6.750009e-27 1.722305e-26 
1.794000e+00 1.042955e-26 6.728942e-27 1.715849e-26 
1.796000e+00 1.038705e-26 6.702360e-27 1.708941e-26 
1.798000e+00 1.034245e-26 6.680524e-27 1.702297e-26 
1.800000e+00 1.029709e-26 6.668163e-27 1.696526e-26 
1.802000e+00 1.024768e-26 6.636951e-27 1.688463e-26 
1.804000e+00 1.020265e-26 6.616994e-27 1.681965e-26 
1.806000e+00 1.015731e-26 6.598943e-27 1.675626e-26 
1.808000e+00 1.010043e-26 6.574113e-27 1.667454e-26 
1.810000e+00 1.003399e-26 6.559999e-27 1.659398e-26 
1.812000e+00 9.945169e-27 6.513737e-27 1.645891e-26 
1.814000e+00 9.880861e-27 6.490430e-27 1.637129e-26 
1.816000e+00 9.799414e-27 6.465704e-27 1.626512e-26 
1.818000e+00 9.736349e-27 6.437182e-27 1.617353e-26 
1.820000e+00 9.675550e-27 6.416391e-27 1.609194e-26 
1.822000e+00 9.614474e-27 6.399978e-27 1.601445e-26 
1.824000e+00 9.550990e-27 6.375990e-27 1.592698e-26 
1.826000e+00 9.479750e-27 6.361237e-27 1.584099e-26 
1.828000e+00 9.397784e-27 6.342485e-27 1.574027e-26 
1.830000e+00 9.321682e-27 6.322186e-27 1.564387e-26 
1.832000e+00 9.253354e-27 6.301807e-27 1.555516e-26 
1.834000e+00 9.191847e-27 6.276709e-27 1.546856e-26 
1.836000e+00 9.125503e-27 6.257882e-27 1.538339e-26 
1.838000e+00 9.068791e-27 6.235845e-27 1.530464e-26 
1.840000e+00 9.041886e-27 6.214398e-27 1.525628e-26 
1.842000e+00 9.014752e-27 6.200250e-27 1.521500e-26 
1.844000e+00 8.985445e-27 6.177812e-27 1.516326e-26 
1.846000e+00 8.985479e-27 6.145995e-27 1.513147e-26 
1.848000e+00 8.973796e-27 6.122015e-27 1.509581e-26 
1.850000e+00 8.968196e-27 6.094243e-27 1.506244e-26 
1.852000e+00 8.980343e-27 6.064153e-27 1.504450e-26 
1.854000e+00 8.995739e-27 6.042044e-27 1.503778e-26 
1.856000e+00 9.009303e-27 6.023277e-27 1.503258e-26 
1.858000e+00 9.046224e-27 6.004479e-27 1.505070e-26 
1.860000e+00 9.060525e-27 5.984897e-27 1.504542e-26 
1.862000e+00 9.086337e-27 5.965411e-27 1.505175e-26 
1.864000e+00 9.109104e-27 5.948063e-27 1.505717e-26 
1.866000e+00 9.088841e-27 5.926331e-27 1.501517e-26 
1.868000e+00 9.094061e-27 5.906422e-27 1.500048e-26 
1.870000e+00 1.117435e-26 5.912993e-27 1.708735e-26 
1.872000e+00 1.115983e-26 5.868237e-27 1.702807e-26 
1.874000e+00 1.114034e-26 5.850192e-27 1.699054e-26 
1.876000e+00 1.111156e-26 5.836044e-27 1.694761e-26 
1.878000e+00 1.109333e-26 5.809771e-27 1.690310e-26 
1.880000e+00 1.105755e-26 5.788175e-27 1.684573e-26 
1.882000e+00 1.102717e-26 5.765633e-27 1.679280e-26 
1.884000e+00 1.099684e-26 5.796687e-27 1.679353e-26 
1.886000e+00 1.096747e-26 5.716862e-27 1.668433e-26 
1.888000e+00 1.093299e-26 5.693915e-27 1.662691e-26 
1.890000e+00 1.089400e-26 5.672997e-27 1.656700e-26 
1.892000e+00 1.086800e-26 5.658162e-27 1.652616e-26 
1.894000e+00 1.083511e-26 5.643660e-27 1.647877e-26 
1.896000e+00 1.079773e-26 5.632878e-27 1.643061e-26 
1.898000e+00 1.077425e-26 5.614337e-27 1.638859e-26 
1.900000e+00 1.073918e-26 5.590036e-27 1.632922e-26 
1.902000e+00 1.069259e-26 7.194855e-27 1.788745e-26 
1.904000e+00 1.067460e-26 7.169017e-27 1.784362e-26 
1.906000e+00 1.062998e-26 7.141033e-27 1.777102e-26 
1.908000e+00 1.059979e-26 7.113826e-27 1.771361e-26 
1.910000e+00 1.057255e-26 7.093878e-27 1.766643e-26 
1.912000e+00 1.053771e-26 7.064356e-27 1.760206e-26 
1.914000e+00 1.050940e-26 7.037266e-27 1.754666e-26 
1.916000e+00 1.048712e-26 7.009796e-27 1.749692e-26 
1.918000e+00 1.044730e-26 6.983743e-27 1.743104e-26 
1.920000e+00 1.041681e-26 6.960540e-27 1.737735e-26 
1.922000e+00 1.038443e-26 6.930117e-27 1.731455e-26 
1.924000e+00 1.034795e-26 6.904777e-27 1.725273e-26 
1.926000e+00 1.032206e-26 6.884525e-27 1.720658e-26 
1.928000e+00 1.031457e-26 6.850681e-27 1.716525e-26 
1.930000e+00 1.025552e-26 6.825734e-27 1.708126e-26 
1.932000e+00 1.022200e-26 6.801872e-27 1.702387e-26 
1.934000e+00 1.018459e-26 6.774668e-27 1.695925e-26 
1.936000e+00 1.014636e-26 6.743970e-27 1.689033e-26 
1.938000e+00 1.011158e-26 6.724320e-27 1.683590e-26 
1.940000e+00 1.008693e-26 6.696973e-27 1.678390e-26 
1.942000e+00 1.005885e-26 6.672535e-27 1.673138e-26 
1.944000e+00 1.003168e-26 6.650382e-27 1.668206e-26 
1.946000e+00 1.000068e-26 6.619126e-27 1.661980e-26 
1.948000e+00 9.965155e-27 6.594894e-27 1.656005e-26 
1.950000e+00 9.929773e-27 6.574250e-27 1.650402e-26 
1.952000e+00 9.881957e-27 6.546284e-27 1.642824e-26 
1.954000e+00 9.881957e-27 6.546284e-27 1.642824e-26 
1.956000e+00 9.881957e-27 6.546284e-27 1.642824e-26 
1.958000e+00 9.881957e-27 6.546284e-27 1.642824e-26 
1.960000e+00 9.881957e-27 6.546284e-27 1.642824e-26 
1.962000e+00 9.881957e-27 6.546284e-27 1.642824e-26 
1.964000e+00 9.881957e-27 6.546284e-27 1.642824e-26 
1.966000e+00 9.881957e-27 6.546284e-27 1.642824e-26 
1.968000e+00 9.881957e-27 6.546284e-27 1.642824e-26 
1.970000e+00 9.881957e-27 6.546284e-27 1.642824e-26 
1.972000e+00 9.881957e-27 6.546284e-27 1.642824e-26 
1.974000e+00 9.881957e-27 6.546284e-27 1.642824e-26 
1.976000e+00 9.881957e-27 6.546284e-27 1.642824e-26 
1.978000e+00 9.881957e-27 6.546284e-27 1.642824e-26 
1.980000e+00 9.881957e-27 6.546284e-27 1.642824e-26 
1.982000e+00 9.881957e-27 6.546284e-27 1.642824e-26 
1.984000e+00 9.881957e-27 6.546284e-27 1.642824e-26 
1.986000e+00 9.881957e-27 6.546284e-27 1.642824e-26 
1.988000e+00 9.881957e-27 6.546284e-27 1.642824e-26 
1.990000e+00 9.881957e-27 6.546284e-27 1.642824e-26 
1.992000e+00 9.881957e-27 6.546284e-27 1.642824e-26 
1.994000e+00 9.881957e-27 6.546284e-27 1.642824e-26 
1.996000e+00 9.881957e-27 6.546284e-27 1.642824e-26 
1.998000e+00 9.881957e-27 6.546284e-27 1.642824e-26 
2.000000e+00 9.881957e-27 6.546284e-27 1.642824e-26 
2.002000e+00 9.881957e-27 6.546284e-27 1.642824e-26 
2.004000e+00 9.881957e-27 6.546284e-27 1.642824e-26 
2.006000e+00 9.881957e-27 6.546284e-27 1.642824e-26 
2.008000e+00 9.881957e-27 6.546284e-27 1.642824e-26 
2.010000e+00 9.881957e-27 6.546284e-27 1.642824e-26 
2.012000e+00 9.881957e-27 6.546284e-27 1.642824e-26 
2.014000e+00 9.881957e-27 6.546284e-27 1.642824e-26 
2.016000e+00 9.881957e-27 6.546284e-27 1.642824e-26 
2.018000e+00 9.881957e-27 6.546284e-27 1.642824e-26 
2.020000e+00 9.881957e-27 6.546284e-27 1.642824e-26 
2.022000e+00 9.881957e-27 6.546284e-27 1.642824e-26 
2.024000e+00 9.881957e-27 6.546284e-27 1.642824e-26 
2.026000e+00 9.881957e-27 6.546284e-27 1.642824e-26 
2.028000e+00 9.881957e-27 6.546284e-27 1.642824e-26 
2.030000e+00 9.881957e-27 6.546284e-27 1.642824e-26 
2.032000e+00 9.881957e-27 6.546284e-27 1.642824e-26 
2.034000e+00 9.881957e-27 6.546284e-27 1.642824e-26 
2.036000e+00 9.881957e-27 6.546284e-27 1.642824e-26 
2.038000e+00 9.881957e-27 6.546284e-27 1.642824e-26 
2.040000e+00 9.881957e-27 6.546284e-27 1.642824e-26 
2.042000e+00 9.881957e-27 6.546284e-27 1.642824e-26 
2.044000e+00 9.881957e-27 6.546284e-27 1.642824e-26 
2.046000e+00 9.881957e-27 6.546284e-27 1.642824e-26 
2.048000e+00 9.881957e-27 6.546284e-27 1.642824e-26 
2.050000e+00 9.881957e-27 6.546284e-27 1.642824e-26 
2.052000e+00 9.881957e-27 6.546284e-27 1.642824e-26 
2.054000e+00 9.881957e-27 6.546284e-27 1.642824e-26 
2.056000e+00 9.881957e-27 6.546284e-27 1.642824e-26 
2.058000e+00 9.881957e-27 6.546284e-27 1.642824e-26 
2.060000e+00 9.881957e-27 6.546284e-27 1.642824e-26 
2.062000e+00 9.881957e-27 6.546284e-27 1.642824e-26 
2.064000e+00 9.881957e-27 6.546284e-27 1.642824e-26 
2.066000e+00 9.881957e-27 6.546284e-27 1.642824e-26 
2.068000e+00 9.881957e-27 6.546284e-27 1.642824e-26 
2.070000e+00 9.881957e-27 6.546284e-27 1.642824e-26 
2.072000e+00 9.881957e-27 6.546284e-27 1.642824e-26 
2.074000e+00 9.881957e-27 6.546284e-27 1.642824e-26 
2.076000e+00 9.881957e-27 6.546284e-27 1.642824e-26 
2.078000e+00 9.881957e-27 6.546284e-27 1.642824e-26 
2.080000e+00 9.881957e-27 6.546284e-27 1.642824e-26 
2.082000e+00 9.881957e-27 6.546284e-27 1.642824e-26 
2.084000e+00 9.881957e-27 6.546284e-27 1.642824e-26 
2.086000e+00 9.881957e-27 6.546284e-27 1.642824e-26 
2.088000e+00 9.881957e-27 6.546284e-27 1.642824e-26 
2.090000e+00 9.881957e-27 6.546284e-27 1.642824e-26 
2.092000e+00 9.881957e-27 6.546284e-27 1.642824e-26 
2.094000e+00 9.881957e-27 6.546284e-27 1.642824e-26 
2.096000e+00 9.881957e-27 6.546284e-27 1.642824e-26 
2.098000e+00 9.881957e-27 6.546284e-27 1.642824e-26 
2.100000e+00 9.881957e-27 6.546284e-27 1.642824e-26 
2.102000e+00 9.881957e-27 6.546284e-27 1.642824e-26 
2.104000e+00 9.881957e-27 6.546284e-27 1.642824e-26 
2.106000e+00 9.881957e-27 6.546284e-27 1.642824e-26 
2.108000e+00 9.881957e-27 6.546284e-27 1.642824e-26 
2.110000e+00 9.881957e-27 6.546284e-27 1.642824e-26 
2.112000e+00 9.881957e-27 6.546284e-27 1.642824e-26 
2.114000e+00 9.881957e-27 6.546284e-27 1.642824e-26 
2.116000e+00 9.881957e-27 6.546284e-27 1.642824e-26 
2.118000e+00 9.881957e-27 6.546284e-27 1.642824e-26 
2.120000e+00 9.881957e-27 6.546284e-27 1.642824e-26 
2.122000e+00 9.881957e-27 6.546284e-27 1.642824e-26 
2.124000e+00 9.881957e-27 6.546284e-27 1.642824e-26 
2.126000e+00 9.881957e-27 6.546284e-27 1.642824e-26 
2.128000e+00 9.881957e-27 6.546284e-27 1.642824e-26 
2.130000e+00 9.881957e-27 6.546284e-27 1.642824e-26 
2.132000e+00 9.881957e-27 6.546284e-27 1.642824e-26 
2.134000e+00 9.881957e-27 6.546284e-27 1.642824e-26 
2.136000e+00 9.881957e-27 6.546284e-27 1.642824e-26 
2.138000e+00 9.881957e-27 6.546284e-27 1.642824e-26 
2.140000e+00 9.881957e-27 6.546284e-27 1.642824e-26 
2.142000e+00 9.881957e-27 6.546284e-27 1.642824e-26 
2.144000e+00 9.881957e-27 6.546284e-27 1.642824e-26 
2.146000e+00 9.881957e-27 6.546284e-27 1.642824e-26 
2.148000e+00 9.881957e-27 6.546284e-27 1.642824e-26 
2.150000e+00 9.881957e-27 6.546284e-27 1.642824e-26 
2.152000e+00 9.881957e-27 6.546284e-27 1.642824e-26 
2.154000e+00 9.881957e-27 6.546284e-27 1.642824e-26 
2.156000e+00 9.881957e-27 6.546284e-27 1.642824e-26 
2.158000e+00 9.881957e-27 6.546284e-27 1.642824e-26 
2.160000e+00 9.881957e-27 6.546284e-27 1.642824e-26 
2.162000e+00 9.881957e-27 6.546284e-27 1.642824e-26 
2.164000e+00 9.881957e-27 6.546284e-27 1.642824e-26 
2.166000e+00 9.881957e-27 6.546284e-27 1.642824e-26 
2.168000e+00 9.881957e-27 6.546284e-27 1.642824e-26 
2.170000e+00 9.881957e-27 6.546284e-27 1.642824e-26 
2.172000e+00 9.881957e-27 6.546284e-27 1.642824e-26 
2.174000e+00 9.881957e-27 6.546284e-27 1.642824e-26 
2.176000e+00 9.881957e-27 6.546284e-27 1.642824e-26 
2.178000e+00 9.881957e-27 6.546284e-27 1.642824e-26 
2.180000e+00 9.881957e-27 6.546284e-27 1.642824e-26 
2.182000e+00 9.881957e-27 6.546284e-27 1.642824e-26 
2.184000e+00 9.881957e-27 6.546284e-27 1.642824e-26 
2.186000e+00 9.881957e-27 6.546284e-27 1.642824e-26 
2.188000e+00 9.881957e-27 6.546284e-27 1.642824e-26 
2.190000e+00 9.881957e-27 6.546284e-27 1.642824e-26 
2.192000e+00 9.881957e-27 6.546284e-27 1.642824e-26 
2.194000e+00 9.881957e-27 6.546284e-27 1.642824e-26 
2.196000e+00 9.881957e-27 6.546284e-27 1.642824e-26 
2.198000e+00 9.881957e-27 6.546284e-27 1.642824e-26 
2.200000e+00 9.881957e-27 6.546284e-27 1.642824e-26 
2.202000e+00 9.881957e-27 6.546284e-27 1.642824e-26 
2.204000e+00 9.881957e-27 6.546284e-27 1.642824e-26 
2.206000e+00 9.881957e-27 6.546284e-27 1.642824e-26 
2.208000e+00 9.881957e-27 6.546284e-27 1.642824e-26 
2.210000e+00 9.881957e-27 6.546284e-27 1.642824e-26 
2.212000e+00 9.881957e-27 6.546284e-27 1.642824e-26 
2.214000e+00 9.881957e-27 6.546284e-27 1.642824e-26 
2.216000e+00 9.881957e-27 6.546284e-27 1.642824e-26 
2.218000e+00 9.881957e-27 6.546284e-27 1.642824e-26 
2.220000e+00 9.881957e-27 6.546284e-27 1.642824e-26 
2.222000e+00 9.881957e-27 6.546284e-27 1.642824e-26 
2.224000e+00 9.881957e-27 6.546284e-27 1.642824e-26 
2.226000e+00 9.881957e-27 6.546284e-27 1.642824e-26 
2.228000e+00 9.881957e-27 6.546284e-27 1.642824e-26 
2.230000e+00 9.881957e-27 6.546284e-27 1.642824e-26 
2.232000e+00 9.881957e-27 6.546284e-27 1.642824e-26 
2.234000e+00 9.881957e-27 6.546284e-27 1.642824e-26 
2.236000e+00 9.881957e-27 6.546284e-27 1.642824e-26 
2.238000e+00 9.881957e-27 6.546284e-27 1.642824e-26 
2.240000e+00 9.881957e-27 6.546284e-27 1.642824e-26 
2.242000e+00 9.881957e-27 6.546284e-27 1.642824e-26 
2.244000e+00 9.881957e-27 6.546284e-27 1.642824e-26 
2.246000e+00 9.881957e-27 6.546284e-27 1.642824e-26 
2.248000e+00 9.881957e-27 6.546284e-27 1.642824e-26 
2.250000e+00 9.881957e-27 6.546284e-27 1.642824e-26 
2.252000e+00 9.881957e-27 6.546284e-27 1.642824e-26 
2.254000e+00 9.881957e-27 6.546284e-27 1.642824e-26 
2.256000e+00 9.881957e-27 6.546284e-27 1.642824e-26 
2.258000e+00 9.881957e-27 6.546284e-27 1.642824e-26 
2.260000e+00 9.881957e-27 6.546284e-27 1.642824e-26 
2.262000e+00 9.881957e-27 6.546284e-27 1.642824e-26 
2.264000e+00 9.881957e-27 6.546284e-27 1.642824e-26 
2.266000e+00 9.881957e-27 6.546284e-27 1.642824e-26 
2.268000e+00 9.881957e-27 6.546284e-27 1.642824e-26 
2.270000e+00 9.881957e-27 6.546284e-27 1.642824e-26 
2.272000e+00 9.881957e-27 6.546284e-27 1.642824e-26 
2.274000e+00 9.881957e-27 6.546284e-27 1.642824e-26 
2.276000e+00 9.881957e-27 6.546284e-27 1.642824e-26 
2.278000e+00 9.881957e-27 6.546284e-27 1.642824e-26 
2.280000e+00 9.881957e-27 6.546284e-27 1.642824e-26 
2.282000e+00 9.881957e-27 6.546284e-27 1.642824e-26 
2.284000e+00 9.881957e-27 6.546284e-27 1.642824e-26 
2.286000e+00 9.881957e-27 6.546284e-27 1.642824e-26 
2.288000e+00 9.881957e-27 6.546284e-27 1.642824e-26 
2.290000e+00 9.881957e-27 6.546284e-27 1.642824e-26 
2.292000e+00 9.881957e-27 6.546284e-27 1.642824e-26 
2.294000e+00 9.881957e-27 6.546284e-27 1.642824e-26 
2.296000e+00 9.881957e-27 6.546284e-27 1.642824e-26 
2.298000e+00 9.881957e-27 6.546284e-27 1.642824e-26 
2.300000e+00 9.881957e-27 6.546284e-27 1.642824e-26 
2.302000e+00 9.881957e-27 6.546284e-27 1.642824e-26 
2.304000e+00 9.881957e-27 6.546284e-27 1.642824e-26 
2.306000e+00 9.881957e-27 6.546284e-27 1.642824e-26 
2.308000e+00 9.881957e-27 6.546284e-27 1.642824e-26 
2.310000e+00 9.881957e-27 6.546284e-27 1.642824e-26 
2.312000e+00 9.881957e-27 6.546284e-27 1.642824e-26 
2.314000e+00 9.881957e-27 6.546284e-27 1.642824e-26 
2.316000e+00 9.881957e-27 6.546284e-27 1.642824e-26 
2.318000e+00 9.881957e-27 6.546284e-27 1.642824e-26 
2.320000e+00 9.881957e-27 6.546284e-27 1.642824e-26 
2.322000e+00 9.881957e-27 6.546284e-27 1.642824e-26 
2.324000e+00 9.881957e-27 6.546284e-27 1.642824e-26 
2.326000e+00 9.881957e-27 6.546284e-27 1.642824e-26 
2.328000e+00 9.881957e-27 6.546284e-27 1.642824e-26 
2.330000e+00 9.881957e-27 6.546284e-27 1.642824e-26 
2.332000e+00 9.881957e-27 6.546284e-27 1.642824e-26 
2.334000e+00 9.881957e-27 6.546284e-27 1.642824e-26 
2.336000e+00 9.881957e-27 6.546284e-27 1.642824e-26 
2.338000e+00 9.881957e-27 6.546284e-27 1.642824e-26 
2.340000e+00 9.881957e-27 6.546284e-27 1.642824e-26 
2.342000e+00 9.881957e-27 6.546284e-27 1.642824e-26 
2.344000e+00 9.881957e-27 6.546284e-27 1.642824e-26 
2.346000e+00 9.881957e-27 6.546284e-27 1.642824e-26 
2.348000e+00 9.881957e-27 6.546284e-27 1.642824e-26 
2.350000e+00 9.881957e-27 6.546284e-27 1.642824e-26 
2.352000e+00 9.881957e-27 6.546284e-27 1.642824e-26 
2.354000e+00 9.881957e-27 6.546284e-27 1.642824e-26 
2.356000e+00 9.881957e-27 6.546284e-27 1.642824e-26 
2.358000e+00 9.881957e-27 6.546284e-27 1.642824e-26 
2.360000e+00 9.881957e-27 6.546284e-27 1.642824e-26 
2.362000e+00 9.881957e-27 6.546284e-27 1.642824e-26 
2.364000e+00 9.881957e-27 6.546284e-27 1.642824e-26 
2.366000e+00 9.881957e-27 6.546284e-27 1.642824e-26 
2.368000e+00 9.881957e-27 6.546284e-27 1.642824e-26 
2.370000e+00 9.881957e-27 6.546284e-27 1.642824e-26 
2.372000e+00 9.881957e-27 6.546284e-27 1.642824e-26 
2.374000e+00 9.881957e-27 6.546284e-27 1.642824e-26 
2.376000e+00 9.881957e-27 6.546284e-27 1.642824e-26 
2.378000e+00 9.881957e-27 6.546284e-27 1.642824e-26 
2.380000e+00 9.881957e-27 6.546284e-27 1.642824e-26 
2.382000e+00 9.881957e-27 6.546284e-27 1.642824e-26 
2.384000e+00 9.881957e-27 6.546284e-27 1.642824e-26 
2.386000e+00 9.881957e-27 6.546284e-27 1.642824e-26 
2.388000e+00 9.881957e-27 6.546284e-27 1.642824e-26 
2.390000e+00 9.881957e-27 6.546284e-27 1.642824e-26 
2.392000e+00 9.881957e-27 6.546284e-27 1.642824e-26 
2.394000e+00 9.881957e-27 6.546284e-27 1.642824e-26 
2.396000e+00 9.881957e-27 6.546284e-27 1.642824e-26 
2.398000e+00 9.881957e-27 6.546284e-27 1.642824e-26 
2.400000e+00 9.881957e-27 6.546284e-27 1.642824e-26 
2.402000e+00 9.881957e-27 6.546284e-27 1.642824e-26 
2.404000e+00 9.881957e-27 6.546284e-27 1.642824e-26 
2.406000e+00 9.881957e-27 6.546284e-27 1.642824e-26 
2.408000e+00 9.881957e-27 6.546284e-27 1.642824e-26 
2.410000e+00 9.881957e-27 6.546284e-27 1.642824e-26 
2.412000e+00 9.881957e-27 6.546284e-27 1.642824e-26 
2.414000e+00 9.881957e-27 6.546284e-27 1.642824e-26 
2.416000e+00 9.881957e-27 6.546284e-27 1.642824e-26 
2.418000e+00 9.881957e-27 6.546284e-27 1.642824e-26 
2.420000e+00 9.881957e-27 6.546284e-27 1.642824e-26 
2.422000e+00 9.881957e-27 6.546284e-27 1.642824e-26 
2.424000e+00 9.881957e-27 6.546284e-27 1.642824e-26 
2.426000e+00 9.881957e-27 6.546284e-27 1.642824e-26 
2.428000e+00 9.881957e-27 6.546284e-27 1.642824e-26 
2.430000e+00 9.881957e-27 6.546284e-27 1.642824e-26 
2.432000e+00 9.881957e-27 6.546284e-27 1.642824e-26 
2.434000e+00 9.881957e-27 6.546284e-27 1.642824e-26 
2.436000e+00 9.881957e-27 6.546284e-27 1.642824e-26 
2.438000e+00 9.881957e-27 6.546284e-27 1.642824e-26 
2.440000e+00 9.881957e-27 6.546284e-27 1.642824e-26 
2.442000e+00 9.881957e-27 6.546284e-27 1.642824e-26 
2.444000e+00 9.881957e-27 6.546284e-27 1.642824e-26 
2.446000e+00 9.881957e-27 6.546284e-27 1.642824e-26 
2.448000e+00 9.881957e-27 6.546284e-27 1.642824e-26 
2.450000e+00 9.881957e-27 6.546284e-27 1.642824e-26 
2.452000e+00 9.881957e-27 6.546284e-27 1.642824e-26 
2.454000e+00 9.881957e-27 6.546284e-27 1.642824e-26 
2.456000e+00 9.881957e-27 6.546284e-27 1.642824e-26 
2.458000e+00 9.881957e-27 6.546284e-27 1.642824e-26 
2.460000e+00 9.881957e-27 6.546284e-27 1.642824e-26 
2.462000e+00 9.881957e-27 6.546284e-27 1.642824e-26 
2.464000e+00 9.881957e-27 6.546284e-27 1.642824e-26 
2.466000e+00 9.881957e-27 6.546284e-27 1.642824e-26 
2.468000e+00 9.881957e-27 6.546284e-27 1.642824e-26 
2.470000e+00 9.881957e-27 6.546284e-27 1.642824e-26 
2.472000e+00 9.881957e-27 6.546284e-27 1.642824e-26 
2.474000e+00 9.881957e-27 6.546284e-27 1.642824e-26 
2.476000e+00 9.881957e-27 6.546284e-27 1.642824e-26 
2.478000e+00 9.881957e-27 6.546284e-27 1.642824e-26 
2.480000e+00 9.881957e-27 6.546284e-27 1.642824e-26 
2.482000e+00 9.881957e-27 6.546284e-27 1.642824e-26 
2.484000e+00 9.881957e-27 6.546284e-27 1.642824e-26 
2.486000e+00 9.881957e-27 6.546284e-27 1.642824e-26 
2.488000e+00 9.881957e-27 6.546284e-27 1.642824e-26 
2.490000e+00 9.881957e-27 6.546284e-27 1.642824e-26 
2.492000e+00 9.881957e-27 6.546284e-27 1.642824e-26 
2.494000e+00 9.881957e-27 6.546284e-27 1.642824e-26 
2.496000e+00 9.881957e-27 6.546284e-27 1.642824e-26 
2.498000e+00 9.881957e-27 6.546284e-27 1.642824e-26 
2.500000e+00 9.881957e-27 6.546284e-27 1.642824e-26 
2.502000e+00 9.881957e-27 6.546284e-27 1.642824e-26 
2.504000e+00 9.881957e-27 6.546284e-27 1.642824e-26 
2.506000e+00 9.881957e-27 6.546284e-27 1.642824e-26 
2.508000e+00 9.881957e-27 6.546284e-27 1.642824e-26 
2.510000e+00 9.881957e-27 6.546284e-27 1.642824e-26 
2.512000e+00 9.881957e-27 6.546284e-27 1.642824e-26 
2.514000e+00 9.881957e-27 6.546284e-27 1.642824e-26 
2.516000e+00 9.881957e-27 6.546284e-27 1.642824e-26 
2.518000e+00 9.881957e-27 6.546284e-27 1.642824e-26 
2.520000e+00 9.881957e-27 6.546284e-27 1.642824e-26 
2.522000e+00 9.881957e-27 6.546284e-27 1.642824e-26 
2.524000e+00 9.881957e-27 6.546284e-27 1.642824e-26 
2.526000e+00 9.881957e-27 6.546284e-27 1.642824e-26 
2.528000e+00 9.881957e-27 6.546284e-27 1.642824e-26 
2.530000e+00 9.881957e-27 6.546284e-27 1.642824e-26 
2.532000e+00 9.881957e-27 6.546284e-27 1.642824e-26 
2.534000e+00 9.881957e-27 6.546284e-27 1.642824e-26 
2.536000e+00 9.881957e-27 6.546284e-27 1.642824e-26 
2.538000e+00 9.881957e-27 6.546284e-27 1.642824e-26 
2.540000e+00 9.881957e-27 6.546284e-27 1.642824e-26 
2.542000e+00 9.881957e-27 6.546284e-27 1.642824e-26 
2.544000e+00 9.881957e-27 6.546284e-27 1.642824e-26 
2.546000e+00 9.881957e-27 6.546284e-27 1.642824e-26 
2.548000e+00 9.881957e-27 6.546284e-27 1.642824e-26 
2.550000e+00 9.881957e-27 6.546284e-27 1.642824e-26 
2.552000e+00 9.881957e-27 6.546284e-27 1.642824e-26 
2.554000e+00 9.881957e-27 6.546284e-27 1.642824e-26 
2.556000e+00 9.881957e-27 6.546284e-27 1.642824e-26 
2.558000e+00 9.881957e-27 6.546284e-27 1.642824e-26 
2.560000e+00 9.881957e-27 6.546284e-27 1.642824e-26 
2.562000e+00 9.881957e-27 6.546284e-27 1.642824e-26 
2.564000e+00 9.881957e-27 6.546284e-27 1.642824e-26 
2.566000e+00 9.881957e-27 6.546284e-27 1.642824e-26 
2.568000e+00 9.881957e-27 6.546284e-27 1.642824e-26 
2.570000e+00 9.881957e-27 6.546284e-27 1.642824e-26 
2.572000e+00 9.881957e-27 6.546284e-27 1.642824e-26 
2.574000e+00 9.881957e-27 6.546284e-27 1.642824e-26 
2.576000e+00 9.881957e-27 6.546284e-27 1.642824e-26 
2.578000e+00 9.881957e-27 6.546284e-27 1.642824e-26 
2.580000e+00 9.881957e-27 6.546284e-27 1.642824e-26 
2.582000e+00 9.881957e-27 6.546284e-27 1.642824e-26 
2.584000e+00 9.881957e-27 6.546284e-27 1.642824e-26 
2.586000e+00 9.881957e-27 6.546284e-27 1.642824e-26 
2.588000e+00 9.881957e-27 6.546284e-27 1.642824e-26 
2.590000e+00 9.881957e-27 6.546284e-27 1.642824e-26 
2.592000e+00 9.881957e-27 6.546284e-27 1.642824e-26 
2.594000e+00 9.881957e-27 6.546284e-27 1.642824e-26 
2.596000e+00 9.881957e-27 6.546284e-27 1.642824e-26 
2.598000e+00 9.881957e-27 6.546284e-27 1.642824e-26 
2.600000e+00 9.881957e-27 6.546284e-27 1.642824e-26 
2.602000e+00 9.881957e-27 6.546284e-27 1.642824e-26 
2.604000e+00 9.881957e-27 6.546284e-27 1.642824e-26 
2.606000e+00 9.881957e-27 6.546284e-27 1.642824e-26 
2.608000e+00 9.881957e-27 6.546284e-27 1.642824e-26 
2.610000e+00 9.881957e-27 6.546284e-27 1.642824e-26 
2.612000e+00 9.881957e-27 6.546284e-27 1.642824e-26 
2.614000e+00 9.881957e-27 6.546284e-27 1.642824e-26 
2.616000e+00 9.881957e-27 6.546284e-27 1.642824e-26 
2.618000e+00 9.881957e-27 6.546284e-27 1.642824e-26 
2.620000e+00 9.881957e-27 6.546284e-27 1.642824e-26 
2.622000e+00 9.881957e-27 6.546284e-27 1.642824e-26 
2.624000e+00 9.881957e-27 6.546284e-27 1.642824e-26 
2.626000e+00 9.881957e-27 6.546284e-27 1.642824e-26 
2.628000e+00 9.881957e-27 6.546284e-27 1.642824e-26 
2.630000e+00 9.881957e-27 6.546284e-27 1.642824e-26 
2.632000e+00 9.881957e-27 6.546284e-27 1.642824e-26 
2.634000e+00 9.881957e-27 6.546284e-27 1.642824e-26 
2.636000e+00 9.881957e-27 6.546284e-27 1.642824e-26 
2.638000e+00 9.881957e-27 6.546284e-27 1.642824e-26 
2.640000e+00 9.881957e-27 6.546284e-27 1.642824e-26 
2.642000e+00 9.881957e-27 6.546284e-27 1.642824e-26 
2.644000e+00 9.881957e-27 6.546284e-27 1.642824e-26 
2.646000e+00 9.881957e-27 6.546284e-27 1.642824e-26 
2.648000e+00 9.881957e-27 6.546284e-27 1.642824e-26 
2.650000e+00 9.881957e-27 6.546284e-27 1.642824e-26 
2.652000e+00 9.881957e-27 6.546284e-27 1.642824e-26 
2.654000e+00 9.881957e-27 6.546284e-27 1.642824e-26 
2.656000e+00 9.881957e-27 6.546284e-27 1.642824e-26 
2.658000e+00 9.881957e-27 6.546284e-27 1.642824e-26 
2.660000e+00 9.881957e-27 6.546284e-27 1.642824e-26 
2.662000e+00 9.881957e-27 6.546284e-27 1.642824e-26 
2.664000e+00 9.881957e-27 6.546284e-27 1.642824e-26 
2.666000e+00 9.881957e-27 6.546284e-27 1.642824e-26 
2.668000e+00 9.881957e-27 6.546284e-27 1.642824e-26 
2.670000e+00 9.881957e-27 6.546284e-27 1.642824e-26 
2.672000e+00 9.881957e-27 6.546284e-27 1.642824e-26 
2.674000e+00 9.881957e-27 6.546284e-27 1.642824e-26 
2.676000e+00 9.881957e-27 6.546284e-27 1.642824e-26 
2.678000e+00 9.881957e-27 6.546284e-27 1.642824e-26 
2.680000e+00 9.881957e-27 6.546284e-27 1.642824e-26 
2.682000e+00 9.881957e-27 6.546284e-27 1.642824e-26 
2.684000e+00 9.881957e-27 6.546284e-27 1.642824e-26 
2.686000e+00 9.881957e-27 6.546284e-27 1.642824e-26 
2.688000e+00 9.881957e-27 6.546284e-27 1.642824e-26 
2.690000e+00 9.881957e-27 6.546284e-27 1.642824e-26 
2.692000e+00 9.881957e-27 6.546284e-27 1.642824e-26 
2.694000e+00 9.881957e-27 6.546284e-27 1.642824e-26 
2.696000e+00 9.881957e-27 6.546284e-27 1.642824e-26 
2.698000e+00 9.881957e-27 6.546284e-27 1.642824e-26 
2.700000e+00 9.881957e-27 6.546284e-27 1.642824e-26 
2.702000e+00 9.881957e-27 6.546284e-27 1.642824e-26 
2.704000e+00 9.881957e-27 6.546284e-27 1.642824e-26 
2.706000e+00 9.881957e-27 6.546284e-27 1.642824e-26 
2.708000e+00 9.881957e-27 6.546284e-27 1.642824e-26 
2.710000e+00 9.881957e-27 6.546284e-27 1.642824e-26 
2.712000e+00 9.881957e-27 6.546284e-27 1.642824e-26 
2.714000e+00 9.881957e-27 6.546284e-27 1.642824e-26 
2.716000e+00 9.881957e-27 6.546284e-27 1.642824e-26 
2.718000e+00 9.881957e-27 6.546284e-27 1.642824e-26 
2.720000e+00 9.881957e-27 6.546284e-27 1.642824e-26 
2.722000e+00 9.881957e-27 6.546284e-27 1.642824e-26 
2.724000e+00 9.881957e-27 6.546284e-27 1.642824e-26 
2.726000e+00 9.881957e-27 6.546284e-27 1.642824e-26 
2.728000e+00 9.881957e-27 6.546284e-27 1.642824e-26 
2.730000e+00 9.881957e-27 6.546284e-27 1.642824e-26 
2.732000e+00 9.881957e-27 6.546284e-27 1.642824e-26 
2.734000e+00 9.881957e-27 6.546284e-27 1.642824e-26 
2.736000e+00 9.881957e-27 6.546284e-27 1.642824e-26 
2.738000e+00 9.881957e-27 6.546284e-27 1.642824e-26 
2.740000e+00 9.881957e-27 6.546284e-27 1.642824e-26 
2.742000e+00 9.881957e-27 6.546284e-27 1.642824e-26 
2.744000e+00 9.881957e-27 6.546284e-27 1.642824e-26 
2.746000e+00 9.881957e-27 6.546284e-27 1.642824e-26 
2.748000e+00 9.881957e-27 6.546284e-27 1.642824e-26 
2.750000e+00 9.881957e-27 6.546284e-27 1.642824e-26 
2.752000e+00 9.881957e-27 6.546284e-27 1.642824e-26 
2.754000e+00 9.881957e-27 6.546284e-27 1.642824e-26 
2.756000e+00 9.881957e-27 6.546284e-27 1.642824e-26 
2.758000e+00 9.881957e-27 6.546284e-27 1.642824e-26 
2.760000e+00 9.881957e-27 6.546284e-27 1.642824e-26 
2.762000e+00 9.881957e-27 6.546284e-27 1.642824e-26 
2.764000e+00 9.881957e-27 6.546284e-27 1.642824e-26 
2.766000e+00 9.881957e-27 6.546284e-27 1.642824e-26 
2.768000e+00 9.881957e-27 6.546284e-27 1.642824e-26 
2.770000e+00 9.881957e-27 6.546284e-27 1.642824e-26 
2.772000e+00 9.881957e-27 6.546284e-27 1.642824e-26 
2.774000e+00 9.881957e-27 6.546284e-27 1.642824e-26 
2.776000e+00 9.881957e-27 6.546284e-27 1.642824e-26 
2.778000e+00 9.881957e-27 6.546284e-27 1.642824e-26 
2.780000e+00 9.881957e-27 6.546284e-27 1.642824e-26 
2.782000e+00 9.881957e-27 6.546284e-27 1.642824e-26 
2.784000e+00 9.881957e-27 6.546284e-27 1.642824e-26 
2.786000e+00 9.881957e-27 6.546284e-27 1.642824e-26 
2.788000e+00 9.881957e-27 6.546284e-27 1.642824e-26 
2.790000e+00 9.881957e-27 6.546284e-27 1.642824e-26 
2.792000e+00 9.881957e-27 6.546284e-27 1.642824e-26 
2.794000e+00 9.881957e-27 6.546284e-27 1.642824e-26 
2.796000e+00 9.881957e-27 6.546284e-27 1.642824e-26 
2.798000e+00 9.881957e-27 6.546284e-27 1.642824e-26 
2.800000e+00 9.881957e-27 6.546284e-27 1.642824e-26 
2.802000e+00 9.881957e-27 6.546284e-27 1.642824e-26 
2.804000e+00 9.881957e-27 6.546284e-27 1.642824e-26 
2.806000e+00 9.881957e-27 6.546284e-27 1.642824e-26 
2.808000e+00 9.881957e-27 6.546284e-27 1.642824e-26 
2.810000e+00 9.881957e-27 6.546284e-27 1.642824e-26 
2.812000e+00 9.881957e-27 6.546284e-27 1.642824e-26 
2.814000e+00 9.881957e-27 6.546284e-27 1.642824e-26 
2.816000e+00 9.881957e-27 6.546284e-27 1.642824e-26 
2.818000e+00 9.881957e-27 6.546284e-27 1.642824e-26 
2.820000e+00 9.881957e-27 6.546284e-27 1.642824e-26 
2.822000e+00 9.881957e-27 6.546284e-27 1.642824e-26 
2.824000e+00 9.881957e-27 6.546284e-27 1.642824e-26 
2.826000e+00 9.881957e-27 6.546284e-27 1.642824e-26 
2.828000e+00 9.881957e-27 6.546284e-27 1.642824e-26 
2.830000e+00 9.881957e-27 6.546284e-27 1.642824e-26 
2.832000e+00 9.881957e-27 6.546284e-27 1.642824e-26 
2.834000e+00 9.881957e-27 6.546284e-27 1.642824e-26 
2.836000e+00 9.881957e-27 6.546284e-27 1.642824e-26 
2.838000e+00 9.881957e-27 6.546284e-27 1.642824e-26 
2.840000e+00 9.881957e-27 6.546284e-27 1.642824e-26 
2.842000e+00 9.881957e-27 6.546284e-27 1.642824e-26 
2.844000e+00 9.881957e-27 6.546284e-27 1.642824e-26 
2.846000e+00 9.881957e-27 6.546284e-27 1.642824e-26 
2.848000e+00 9.881957e-27 6.546284e-27 1.642824e-26 
2.850000e+00 9.881957e-27 6.546284e-27 1.642824e-26 
2.852000e+00 9.881957e-27 6.546284e-27 1.642824e-26 
2.854000e+00 9.881957e-27 6.546284e-27 1.642824e-26 
2.856000e+00 9.881957e-27 6.546284e-27 1.642824e-26 
2.858000e+00 9.881957e-27 6.546284e-27 1.642824e-26 
2.860000e+00 9.881957e-27 6.546284e-27 1.642824e-26 
2.862000e+00 9.881957e-27 6.546284e-27 1.642824e-26 
2.864000e+00 9.881957e-27 6.546284e-27 1.642824e-26 
2.866000e+00 9.881957e-27 6.546284e-27 1.642824e-26 
2.868000e+00 9.881957e-27 6.546284e-27 1.642824e-26 
2.870000e+00 9.881957e-27 6.546284e-27 1.642824e-26 
2.872000e+00 9.881957e-27 6.546284e-27 1.642824e-26 
2.874000e+00 9.881957e-27 6.546284e-27 1.642824e-26 
2.876000e+00 9.881957e-27 6.546284e-27 1.642824e-26 
2.878000e+00 9.881957e-27 6.546284e-27 1.642824e-26 
2.880000e+00 9.881957e-27 6.546284e-27 1.642824e-26 
2.882000e+00 9.881957e-27 6.546284e-27 1.642824e-26 
2.884000e+00 9.881957e-27 6.546284e-27 1.642824e-26 
2.886000e+00 9.881957e-27 6.546284e-27 1.642824e-26 
2.888000e+00 9.881957e-27 6.546284e-27 1.642824e-26 
2.890000e+00 9.881957e-27 6.546284e-27 1.642824e-26 
2.892000e+00 9.881957e-27 6.546284e-27 1.642824e-26 
2.894000e+00 9.881957e-27 6.546284e-27 1.642824e-26 
2.896000e+00 9.881957e-27 6.546284e-27 1.642824e-26 
2.898000e+00 9.881957e-27 6.546284e-27 1.642824e-26 
2.900000e+00 9.881957e-27 6.546284e-27 1.642824e-26 
2.902000e+00 9.881957e-27 6.546284e-27 1.642824e-26 
2.904000e+00 9.881957e-27 6.546284e-27 1.642824e-26 
2.906000e+00 9.881957e-27 6.546284e-27 1.642824e-26 
2.908000e+00 9.881957e-27 6.546284e-27 1.642824e-26 
2.910000e+00 9.881957e-27 6.546284e-27 1.642824e-26 
2.912000e+00 9.881957e-27 6.546284e-27 1.642824e-26 
2.914000e+00 9.881957e-27 6.546284e-27 1.642824e-26 
2.916000e+00 9.881957e-27 6.546284e-27 1.642824e-26 
2.918000e+00 9.881957e-27 6.546284e-27 1.642824e-26 
2.920000e+00 9.881957e-27 6.546284e-27 1.642824e-26 
2.922000e+00 9.881957e-27 6.546284e-27 1.642824e-26 
2.924000e+00 9.881957e-27 6.546284e-27 1.642824e-26 
2.926000e+00 9.881957e-27 6.546284e-27 1.642824e-26 
2.928000e+00 9.881957e-27 6.546284e-27 1.642824e-26 
2.930000e+00 9.881957e-27 6.546284e-27 1.642824e-26 
2.932000e+00 9.881957e-27 6.546284e-27 1.642824e-26 
2.934000e+00 9.881957e-27 6.546284e-27 1.642824e-26 
2.936000e+00 9.881957e-27 6.546284e-27 1.642824e-26 
2.938000e+00 9.881957e-27 6.546284e-27 1.642824e-26 
2.940000e+00 9.881957e-27 6.546284e-27 1.642824e-26 
2.942000e+00 9.881957e-27 6.546284e-27 1.642824e-26 
2.944000e+00 9.881957e-27 6.546284e-27 1.642824e-26 
2.946000e+00 9.881957e-27 6.546284e-27 1.642824e-26 
2.948000e+00 9.881957e-27 6.546284e-27 1.642824e-26 
2.950000e+00 9.881957e-27 6.546284e-27 1.642824e-26 
2.952000e+00 9.881957e-27 6.546284e-27 1.642824e-26 
2.954000e+00 9.881957e-27 6.546284e-27 1.642824e-26 
2.956000e+00 9.881957e-27 6.546284e-27 1.642824e-26 
2.958000e+00 9.881957e-27 6.546284e-27 1.642824e-26 
2.960000e+00 9.881957e-27 6.546284e-27 1.642824e-26 
2.962000e+00 9.881957e-27 6.546284e-27 1.642824e-26 
2.964000e+00 9.881957e-27 6.546284e-27 1.642824e-26 
2.966000e+00 9.881957e-27 6.546284e-27 1.642824e-26 
2.968000e+00 9.881957e-27 6.546284e-27 1.642824e-26 
2.970000e+00 9.881957e-27 6.546284e-27 1.642824e-26 
2.972000e+00 9.881957e-27 6.546284e-27 1.642824e-26 
2.974000e+00 9.881957e-27 6.546284e-27 1.642824e-26 
2.976000e+00 9.881957e-27 6.546284e-27 1.642824e-26 
2.978000e+00 9.881957e-27 6.546284e-27 1.642824e-26 
2.980000e+00 9.881957e-27 6.546284e-27 1.642824e-26 
2.982000e+00 9.881957e-27 6.546284e-27 1.642824e-26 
2.984000e+00 9.881957e-27 6.546284e-27 1.642824e-26 
2.986000e+00 9.881957e-27 6.546284e-27 1.642824e-26 
2.988000e+00 9.881957e-27 6.546284e-27 1.642824e-26 
2.990000e+00 9.881957e-27 6.546284e-27 1.642824e-26 
2.992000e+00 9.881957e-27 6.546284e-27 1.642824e-26 
2.994000e+00 9.881957e-27 6.546284e-27 1.642824e-26 
2.996000e+00 9.881957e-27 6.546284e-27 1.642824e-26 
2.998000e+00 9.881957e-27 6.546284e-27 1.642824e-26 
