1.000000e-01 1.837420e-22 1.381440e-22 3.218859e-22 
1.020000e-01 1.834021e-22 1.371057e-22 3.205078e-22 
1.040000e-01 1.826046e-22 1.359076e-22 3.185122e-22 
1.060000e-01 1.814015e-22 1.348406e-22 3.162421e-22 
1.080000e-01 1.797279e-22 1.337074e-22 3.134353e-22 
1.100000e-01 1.773955e-22 1.325152e-22 3.099106e-22 
1.120000e-01 1.740041e-22 1.314150e-22 3.054191e-22 
1.140000e-01 1.682639e-22 1.302456e-22 2.985095e-22 
1.160000e-01 1.512838e-22 1.290137e-22 2.802975e-22 
1.180000e-01 1.660814e-22 1.279247e-22 2.940061e-22 
1.200000e-01 1.719660e-22 1.267935e-22 2.987595e-22 
1.220000e-01 1.749097e-22 1.255840e-22 3.004937e-22 
1.240000e-01 1.768253e-22 1.244574e-22 3.012828e-22 
1.260000e-01 1.782263e-22 1.233069e-22 3.015332e-22 
1.280000e-01 1.792911e-22 1.221520e-22 3.014431e-22 
1.300000e-01 1.801015e-22 1.210112e-22 3.011126e-22 
1.320000e-01 1.807482e-22 1.198700e-22 3.006182e-22 
1.340000e-01 1.812679e-22 1.187155e-22 2.999834e-22 
1.360000e-01 1.816750e-22 1.175925e-22 2.992675e-22 
1.380000e-01 1.819882e-22 1.164290e-22 2.984172e-22 
1.400000e-01 1.822133e-22 1.153121e-22 2.975254e-22 
1.420000e-01 1.823973e-22 1.141420e-22 2.965393e-22 
1.440000e-01 1.825090e-22 1.129920e-22 2.955010e-22 
1.460000e-01 1.825535e-22 1.118350e-22 2.943885e-22 
1.480000e-01 1.825308e-22 1.106981e-22 2.932289e-22 
1.500000e-01 1.824618e-22 1.095492e-22 2.920111e-22 
1.520000e-01 1.823383e-22 1.083735e-22 2.907118e-22 
1.540000e-01 1.821296e-22 1.056650e-22 2.877946e-22 
1.560000e-01 1.818441e-22 1.045506e-22 2.863947e-22 
1.580000e-01 1.814596e-22 1.033962e-22 2.848557e-22 
1.600000e-01 1.809901e-22 1.023019e-22 2.832920e-22 
1.620000e-01 1.803651e-22 1.011664e-22 2.815315e-22 
1.640000e-01 1.794129e-22 1.000077e-22 2.794206e-22 
1.660000e-01 1.777027e-22 9.889120e-23 2.765939e-22 
1.680000e-01 1.726911e-22 9.779048e-23 2.704816e-22 
1.700000e-01 1.745752e-22 9.670056e-23 2.712757e-22 
1.720000e-01 1.766696e-22 9.559281e-23 2.722624e-22 
1.740000e-01 1.776609e-22 9.447414e-23 2.721351e-22 
1.760000e-01 1.783005e-22 9.335501e-23 2.716555e-22 
1.780000e-01 1.787897e-22 9.223375e-23 2.710235e-22 
1.800000e-01 1.791867e-22 9.110662e-23 2.702933e-22 
1.820000e-01 1.795248e-22 8.997372e-23 2.694985e-22 
1.840000e-01 1.798340e-22 8.883419e-23 2.686682e-22 
1.860000e-01 1.801195e-22 8.769951e-23 2.678190e-22 
1.880000e-01 1.804003e-22 8.653634e-23 2.669366e-22 
1.900000e-01 1.806776e-22 8.537773e-23 2.660554e-22 
1.920000e-01 1.810076e-22 8.421178e-23 2.652194e-22 
1.940000e-01 1.814735e-22 8.305995e-23 2.645334e-22 
1.960000e-01 1.821939e-22 8.188316e-23 2.640770e-22 
1.980000e-01 1.839092e-22 8.071346e-23 2.646227e-22 
2.000000e-01 1.874851e-22 7.953417e-23 2.670192e-22 
2.020000e-01 1.848480e-22 7.836537e-23 2.632134e-22 
2.040000e-01 1.837991e-22 7.718603e-23 2.609851e-22 
2.060000e-01 1.830632e-22 7.596515e-23 2.590283e-22 
2.080000e-01 1.824703e-22 7.474542e-23 2.572157e-22 
2.100000e-01 1.819378e-22 7.350886e-23 2.554466e-22 
2.120000e-01 1.814470e-22 7.222549e-23 2.536725e-22 
2.140000e-01 1.809953e-22 7.091904e-23 2.519144e-22 
2.160000e-01 1.805557e-22 6.959208e-23 2.501478e-22 
2.180000e-01 1.801214e-22 6.821218e-23 2.483335e-22 
2.200000e-01 1.797373e-22 6.686925e-23 2.466065e-22 
2.220000e-01 1.793672e-22 6.551696e-23 2.448841e-22 
2.240000e-01 1.789679e-22 6.414903e-23 2.431169e-22 
2.260000e-01 1.785581e-22 6.273859e-23 2.412967e-22 
2.280000e-01 1.781090e-22 6.124473e-23 2.393537e-22 
2.300000e-01 1.776697e-22 5.975200e-23 2.374217e-22 
2.320000e-01 1.772355e-22 5.819849e-23 2.354340e-22 
2.340000e-01 1.767802e-22 5.658322e-23 2.333635e-22 
2.360000e-01 1.763283e-22 5.493407e-23 2.312624e-22 
2.380000e-01 1.758605e-22 5.322408e-23 2.290846e-22 
2.400000e-01 1.753712e-22 5.179783e-23 2.271690e-22 
2.420000e-01 1.748964e-22 5.066189e-23 2.255583e-22 
2.440000e-01 1.744056e-22 4.956119e-23 2.239667e-22 
2.460000e-01 1.739396e-22 4.812483e-23 2.220644e-22 
2.480000e-01 1.734793e-22 4.641574e-23 2.198951e-22 
2.500000e-01 1.730104e-22 4.439679e-23 2.174072e-22 
2.520000e-01 1.725515e-22 4.189503e-23 2.144466e-22 
2.540000e-01 1.720753e-22 3.909586e-23 2.111712e-22 
2.560000e-01 1.716082e-22 3.601338e-23 2.076216e-22 
2.580000e-01 1.711259e-22 3.247836e-23 2.036042e-22 
2.600000e-01 1.706473e-22 2.795690e-23 1.986042e-22 
2.620000e-01 1.701525e-22 2.247175e-23 1.926242e-22 
2.640000e-01 1.696531e-22 1.591883e-23 1.855719e-22 
2.660000e-01 1.691634e-22 9.649463e-24 1.788129e-22 
2.680000e-01 1.686600e-22 4.322552e-24 1.729826e-22 
2.700000e-01 1.681731e-22 9.139173e-25 1.690870e-22 
2.720000e-01 1.676742e-22 7.738856e-25 1.684480e-22 
2.740000e-01 1.671970e-22 4.734835e-24 1.719318e-22 
2.760000e-01 1.667242e-22 1.315843e-23 1.798827e-22 
2.780000e-01 1.662627e-22 1.927225e-23 1.855350e-22 
2.800000e-01 1.657906e-22 3.189812e-23 1.976887e-22 
2.820000e-01 1.653098e-22 3.715840e-23 2.024682e-22 
2.840000e-01 1.648022e-22 3.532763e-23 2.001298e-22 
2.860000e-01 1.643043e-22 3.352207e-23 1.978263e-22 
2.880000e-01 1.637796e-22 3.250876e-23 1.962883e-22 
2.900000e-01 1.632615e-22 3.226295e-23 1.955244e-22 
2.920000e-01 1.627143e-22 3.264815e-23 1.953624e-22 
2.940000e-01 1.621757e-22 3.357704e-23 1.957528e-22 
2.960000e-01 1.616215e-22 3.461958e-23 1.962411e-22 
2.980000e-01 1.610777e-22 3.623764e-23 1.973153e-22 
3.000000e-01 1.605176e-22 3.761991e-23 1.981375e-22 
3.020000e-01 1.599560e-22 3.873286e-23 1.986889e-22 
3.040000e-01 1.593734e-22 3.959151e-23 1.989649e-22 
3.060000e-01 1.588008e-22 4.031045e-23 1.991113e-22 
3.080000e-01 1.582081e-22 4.102630e-23 1.992344e-22 
3.100000e-01 1.576229e-22 4.152340e-23 1.991463e-22 
3.120000e-01 1.570187e-22 4.196323e-23 1.989819e-22 
3.140000e-01 1.564150e-22 4.219812e-23 1.986131e-22 
3.160000e-01 1.557963e-22 4.229301e-23 1.980893e-22 
3.180000e-01 1.551788e-22 4.221308e-23 1.973919e-22 
3.200000e-01 1.545598e-22 4.223267e-23 1.967924e-22 
3.220000e-01 1.539322e-22 4.231069e-23 1.962429e-22 
3.240000e-01 1.533090e-22 4.255018e-23 1.958592e-22 
3.260000e-01 1.526631e-22 4.283652e-23 1.954996e-22 
3.280000e-01 1.520303e-22 4.308092e-23 1.951112e-22 
3.300000e-01 1.513877e-22 4.333166e-23 1.947194e-22 
3.320000e-01 1.507588e-22 4.354370e-23 1.943025e-22 
3.340000e-01 1.501360e-22 4.375653e-23 1.938925e-22 
3.360000e-01 1.494964e-22 4.392345e-23 1.934198e-22 
3.380000e-01 1.488727e-22 4.408524e-23 1.929580e-22 
3.400000e-01 1.482405e-22 4.421719e-23 1.924577e-22 
3.420000e-01 1.476091e-22 4.435759e-23 1.919667e-22 
3.440000e-01 1.469537e-22 4.451207e-23 1.914658e-22 
3.460000e-01 1.463131e-22 4.466346e-23 1.909766e-22 
3.480000e-01 1.456487e-22 4.479966e-23 1.904483e-22 
3.500000e-01 1.449777e-22 4.493184e-23 1.899095e-22 
3.520000e-01 1.443089e-22 4.504351e-23 1.893524e-22 
3.540000e-01 1.436176e-22 4.515346e-23 1.887710e-22 
3.560000e-01 1.429430e-22 4.525144e-23 1.881944e-22 
3.580000e-01 1.422536e-22 4.534760e-23 1.876012e-22 
3.600000e-01 1.415684e-22 4.542184e-23 1.869903e-22 
3.620000e-01 1.408813e-22 4.549828e-23 1.863796e-22 
3.640000e-01 1.401897e-22 4.557310e-23 1.857628e-22 
3.660000e-01 1.395037e-22 4.565123e-23 1.851549e-22 
3.680000e-01 1.388070e-22 4.571141e-23 1.845184e-22 
3.700000e-01 1.381108e-22 4.577551e-23 1.838864e-22 
3.720000e-01 1.374097e-22 4.583382e-23 1.832435e-22 
3.740000e-01 1.366933e-22 4.589508e-23 1.825884e-22 
3.760000e-01 1.359800e-22 4.593845e-23 1.819185e-22 
3.780000e-01 1.352488e-22 4.597891e-23 1.812277e-22 
3.800000e-01 1.345048e-22 4.600372e-23 1.805085e-22 
3.820000e-01 1.337653e-22 4.602181e-23 1.797871e-22 
3.840000e-01 1.329957e-22 4.603922e-23 1.790349e-22 
3.860000e-01 1.322410e-22 4.605910e-23 1.783001e-22 
3.880000e-01 1.314854e-22 4.607658e-23 1.775620e-22 
3.900000e-01 1.307201e-22 4.608933e-23 1.768095e-22 
3.920000e-01 1.299597e-22 4.610472e-23 1.760644e-22 
3.940000e-01 1.291942e-22 4.611846e-23 1.753127e-22 
3.960000e-01 1.284360e-22 4.613365e-23 1.745696e-22 
3.980000e-01 1.276846e-22 4.614314e-23 1.738278e-22 
4.000000e-01 1.269253e-22 4.614676e-23 1.730721e-22 
4.020000e-01 1.261725e-22 4.614599e-23 1.723185e-22 
4.040000e-01 1.254116e-22 4.613202e-23 1.715437e-22 
4.060000e-01 1.246412e-22 4.612081e-23 1.707620e-22 
4.080000e-01 1.238751e-22 4.610869e-23 1.699838e-22 
4.100000e-01 1.231025e-22 4.609932e-23 1.692018e-22 
4.120000e-01 1.223239e-22 4.608492e-23 1.684088e-22 
4.140000e-01 1.215547e-22 4.607045e-23 1.676251e-22 
4.160000e-01 1.207775e-22 4.605682e-23 1.668343e-22 
4.180000e-01 1.199868e-22 4.604192e-23 1.660287e-22 
4.200000e-01 1.192151e-22 4.602856e-23 1.652437e-22 
4.220000e-01 1.184238e-22 4.600966e-23 1.644335e-22 
4.240000e-01 1.176304e-22 4.599305e-23 1.636235e-22 
4.260000e-01 1.168418e-22 4.597144e-23 1.628132e-22 
4.280000e-01 1.160482e-22 4.594821e-23 1.619964e-22 
4.300000e-01 1.152553e-22 4.592279e-23 1.611780e-22 
4.320000e-01 1.144653e-22 4.519793e-23 1.596632e-22 
4.340000e-01 1.136625e-22 4.517807e-23 1.588406e-22 
4.360000e-01 1.128612e-22 4.515913e-23 1.580203e-22 
4.380000e-01 1.120541e-22 4.514334e-23 1.571974e-22 
4.400000e-01 1.112421e-22 4.512702e-23 1.563691e-22 
4.420000e-01 1.104337e-22 4.509479e-23 1.555285e-22 
4.440000e-01 1.096265e-22 4.506550e-23 1.546920e-22 
4.460000e-01 1.088107e-22 4.503413e-23 1.538449e-22 
4.480000e-01 1.079897e-22 4.500346e-23 1.529932e-22 
4.500000e-01 1.071781e-22 4.497528e-23 1.521534e-22 
4.520000e-01 1.063560e-22 4.492375e-23 1.512798e-22 
4.540000e-01 1.055271e-22 4.487049e-23 1.503976e-22 
4.560000e-01 1.047032e-22 4.482097e-23 1.495242e-22 
4.580000e-01 1.038759e-22 4.476818e-23 1.486441e-22 
4.600000e-01 1.030333e-22 4.471760e-23 1.477509e-22 
4.620000e-01 1.022040e-22 4.466692e-23 1.468709e-22 
4.640000e-01 1.013668e-22 4.461540e-23 1.459822e-22 
4.660000e-01 1.005185e-22 4.456222e-23 1.450808e-22 
4.680000e-01 9.967271e-23 4.451194e-23 1.441847e-22 
4.700000e-01 9.882436e-23 4.446179e-23 1.432862e-22 
4.720000e-01 9.795878e-23 4.440949e-23 1.423683e-22 
4.740000e-01 9.709145e-23 4.434449e-23 1.414359e-22 
4.760000e-01 9.622045e-23 4.428048e-23 1.405009e-22 
4.780000e-01 9.534410e-23 4.421364e-23 1.395577e-22 
4.800000e-01 9.445736e-23 4.414518e-23 1.386025e-22 
4.820000e-01 9.356479e-23 4.406971e-23 1.376345e-22 
4.840000e-01 9.266570e-23 4.399963e-23 1.366653e-22 
4.860000e-01 9.175160e-23 4.392644e-23 1.356780e-22 
4.880000e-01 9.082879e-23 4.385553e-23 1.346843e-22 
4.900000e-01 8.989775e-23 4.377431e-23 1.336721e-22 
4.920000e-01 8.895668e-23 4.369193e-23 1.326486e-22 
4.940000e-01 8.799860e-23 4.361048e-23 1.316091e-22 
4.960000e-01 8.703634e-23 4.352492e-23 1.305613e-22 
4.980000e-01 8.605131e-23 4.344119e-23 1.294925e-22 
5.000000e-01 8.504379e-23 4.335539e-23 1.283992e-22 
5.020000e-01 8.402668e-23 4.327639e-23 1.273031e-22 
5.040000e-01 8.298555e-23 4.319608e-23 1.261816e-22 
5.060000e-01 8.192250e-23 4.311557e-23 1.250381e-22 
5.080000e-01 8.083241e-23 4.303576e-23 1.238682e-22 
5.100000e-01 7.971607e-23 4.295647e-23 1.226725e-22 
5.120000e-01 7.856098e-23 4.287716e-23 1.214381e-22 
5.140000e-01 7.737685e-23 4.279687e-23 1.201737e-22 
5.160000e-01 7.614958e-23 4.272089e-23 1.188705e-22 
5.180000e-01 7.487349e-23 4.264384e-23 1.175173e-22 
5.200000e-01 7.352695e-23 4.256788e-23 1.160948e-22 
5.220000e-01 7.212104e-23 4.249244e-23 1.146135e-22 
5.240000e-01 7.062942e-23 4.241254e-23 1.130420e-22 
5.260000e-01 6.903537e-23 4.232947e-23 1.113648e-22 
5.280000e-01 6.731726e-23 4.224500e-23 1.095623e-22 
5.300000e-01 6.544842e-23 4.216123e-23 1.076097e-22 
5.320000e-01 6.338897e-23 4.207861e-23 1.054676e-22 
5.340000e-01 6.097167e-23 4.199239e-23 1.029641e-22 
5.360000e-01 5.806536e-23 4.190193e-23 9.996729e-23 
5.380000e-01 5.410550e-23 4.180272e-23 9.590822e-23 
5.400000e-01 4.849552e-23 4.170539e-23 9.020091e-23 
5.420000e-01 4.224365e-23 4.161207e-23 8.385572e-23 
5.440000e-01 3.825964e-23 4.152627e-23 7.978591e-23 
5.460000e-01 3.893205e-23 4.144154e-23 8.037359e-23 
5.480000e-01 4.307864e-23 4.135385e-23 8.443248e-23 
5.500000e-01 4.700594e-23 4.125671e-23 8.826265e-23 
5.520000e-01 5.083482e-23 4.116041e-23 9.199523e-23 
5.540000e-01 5.286991e-23 4.106631e-23 9.393622e-23 
5.560000e-01 5.438924e-23 4.098027e-23 9.536951e-23 
5.580000e-01 5.554334e-23 4.089239e-23 9.643573e-23 
5.600000e-01 5.650434e-23 4.080797e-23 9.731231e-23 
5.620000e-01 5.731875e-23 4.071562e-23 9.803437e-23 
5.640000e-01 5.800893e-23 4.062259e-23 9.863153e-23 
5.660000e-01 5.860075e-23 4.052995e-23 9.913070e-23 
5.680000e-01 5.909964e-23 4.043533e-23 9.953497e-23 
5.700000e-01 5.952437e-23 4.034050e-23 9.986486e-23 
5.720000e-01 5.988445e-23 4.024347e-23 1.001279e-22 
5.740000e-01 6.020068e-23 4.014733e-23 1.003480e-22 
5.760000e-01 6.048340e-23 4.004939e-23 1.005328e-22 
5.780000e-01 6.071213e-23 3.995528e-23 1.006674e-22 
5.800000e-01 6.090032e-23 3.985853e-23 1.007588e-22 
5.820000e-01 6.106339e-23 3.976524e-23 1.008286e-22 
5.840000e-01 6.120113e-23 3.967170e-23 1.008728e-22 
5.860000e-01 6.131508e-23 3.958157e-23 1.008966e-22 
5.880000e-01 6.138744e-23 3.948551e-23 1.008729e-22 
5.900000e-01 6.144639e-23 3.939158e-23 1.008380e-22 
5.920000e-01 6.148682e-23 3.929527e-23 1.007821e-22 
5.940000e-01 6.150887e-23 3.919652e-23 1.007054e-22 
5.960000e-01 6.150921e-23 3.910256e-23 1.006118e-22 
5.980000e-01 6.148742e-23 3.900476e-23 1.004922e-22 
6.000000e-01 6.146079e-23 3.890603e-23 1.003668e-22 
6.020000e-01 6.141600e-23 3.879881e-23 1.002148e-22 
6.040000e-01 6.135375e-23 3.868988e-23 1.000436e-22 
6.060000e-01 6.127755e-23 3.857946e-23 9.985701e-23 
6.080000e-01 6.119159e-23 3.848115e-23 9.967273e-23 
6.100000e-01 6.109924e-23 3.839742e-23 9.949667e-23 
6.120000e-01 6.099471e-23 3.830834e-23 9.930305e-23 
6.140000e-01 6.086361e-23 3.822222e-23 9.908583e-23 
6.160000e-01 6.073640e-23 3.812072e-23 9.885712e-23 
6.180000e-01 6.059590e-23 3.801769e-23 9.861359e-23 
6.200000e-01 6.044825e-23 3.791480e-23 9.836305e-23 
6.220000e-01 6.028695e-23 3.781345e-23 9.810039e-23 
6.240000e-01 6.011476e-23 3.771595e-23 9.783070e-23 
6.260000e-01 5.994092e-23 3.761991e-23 9.756084e-23 
6.280000e-01 5.975581e-23 3.752332e-23 9.727914e-23 
6.300000e-01 5.955865e-23 3.742243e-23 9.698109e-23 
6.320000e-01 5.935445e-23 3.731556e-23 9.667000e-23 
6.340000e-01 5.914345e-23 3.720887e-23 9.635232e-23 
6.360000e-01 5.892192e-23 3.710311e-23 9.602503e-23 
6.380000e-01 5.869100e-23 3.700603e-23 9.569703e-23 
6.400000e-01 5.845036e-23 3.690173e-23 9.535209e-23 
6.420000e-01 5.819517e-23 3.679823e-23 9.499341e-23 
6.440000e-01 5.794092e-23 3.670250e-23 9.464342e-23 
6.460000e-01 5.767438e-23 3.661364e-23 9.428802e-23 
6.480000e-01 5.739549e-23 3.652181e-23 9.391729e-23 
6.500000e-01 5.710131e-23 3.643915e-23 9.354046e-23 
6.520000e-01 5.679617e-23 3.633367e-23 9.312984e-23 
6.540000e-01 5.648316e-23 3.622195e-23 9.270511e-23 
6.560000e-01 5.615106e-23 3.611104e-23 9.226210e-23 
6.580000e-01 5.580705e-23 3.599919e-23 9.180623e-23 
6.600000e-01 5.544974e-23 3.590112e-23 9.135086e-23 
6.620000e-01 5.507503e-23 3.579961e-23 9.087463e-23 
6.640000e-01 5.469150e-23 3.570150e-23 9.039300e-23 
6.660000e-01 5.428233e-23 3.560112e-23 8.988345e-23 
6.680000e-01 5.385843e-23 3.549868e-23 8.935712e-23 
6.700000e-01 5.341510e-23 3.539333e-23 8.880842e-23 
6.720000e-01 5.296129e-23 3.528720e-23 8.824849e-23 
6.740000e-01 5.248317e-23 3.518250e-23 8.766567e-23 
6.760000e-01 5.197632e-23 3.508358e-23 8.705991e-23 
6.780000e-01 5.144868e-23 3.498737e-23 8.643605e-23 
6.800000e-01 5.090138e-23 3.488972e-23 8.579110e-23 
6.820000e-01 5.030749e-23 3.478830e-23 8.509580e-23 
6.840000e-01 4.968333e-23 3.469139e-23 8.437472e-23 
6.860000e-01 4.901657e-23 3.459462e-23 8.361119e-23 
6.880000e-01 4.829123e-23 3.449549e-23 8.278672e-23 
6.900000e-01 4.751674e-23 3.439339e-23 8.191012e-23 
6.920000e-01 4.665230e-23 3.429492e-23 8.094721e-23 
6.940000e-01 4.566895e-23 3.419380e-23 7.986275e-23 
6.960000e-01 4.458756e-23 3.409691e-23 7.868447e-23 
6.980000e-01 4.325945e-23 3.399175e-23 7.725120e-23 
7.000000e-01 4.140003e-23 3.389108e-23 7.529111e-23 
7.020000e-01 3.919640e-23 3.378568e-23 7.298208e-23 
7.040000e-01 3.650118e-23 3.368610e-23 7.018728e-23 
7.060000e-01 3.468826e-23 3.358050e-23 6.826876e-23 
7.080000e-01 3.370365e-23 3.348269e-23 6.718634e-23 
7.100000e-01 3.475675e-23 3.337685e-23 6.813360e-23 
7.120000e-01 3.648747e-23 3.327610e-23 6.976357e-23 
7.140000e-01 3.893837e-23 3.317275e-23 7.211113e-23 
7.160000e-01 4.093206e-23 3.307471e-23 7.400677e-23 
7.180000e-01 4.262228e-23 3.297396e-23 7.559624e-23 
7.200000e-01 4.365259e-23 3.287419e-23 7.652679e-23 
7.220000e-01 4.446225e-23 3.277554e-23 7.723779e-23 
7.240000e-01 4.516440e-23 3.268041e-23 7.784481e-23 
7.260000e-01 4.572258e-23 3.258319e-23 7.830577e-23 
7.280000e-01 4.622295e-23 3.249071e-23 7.871366e-23 
7.300000e-01 4.667614e-23 3.238794e-23 7.906409e-23 
7.320000e-01 4.703970e-23 3.228842e-23 7.932812e-23 
7.340000e-01 4.738113e-23 3.218402e-23 7.956515e-23 
7.360000e-01 4.767837e-23 3.208231e-23 7.976068e-23 
7.380000e-01 4.794901e-23 3.197787e-23 7.992689e-23 
7.400000e-01 4.819802e-23 3.187430e-23 8.007233e-23 
7.420000e-01 4.841028e-23 3.177172e-23 8.018200e-23 
7.440000e-01 4.860174e-23 3.167299e-23 8.027473e-23 
7.460000e-01 4.877415e-23 3.156782e-23 8.034197e-23 
7.480000e-01 4.893389e-23 3.147043e-23 8.040431e-23 
7.500000e-01 4.907639e-23 3.137318e-23 8.044957e-23 
7.520000e-01 4.920353e-23 3.127994e-23 8.048347e-23 
7.540000e-01 4.931223e-23 3.118014e-23 8.049237e-23 
7.560000e-01 4.940691e-23 3.108209e-23 8.048900e-23 
7.580000e-01 4.949289e-23 3.098913e-23 8.048203e-23 
7.600000e-01 4.957309e-23 3.089353e-23 8.046662e-23 
7.620000e-01 4.963735e-23 3.080121e-23 8.043856e-23 
7.640000e-01 4.969600e-23 3.070607e-23 8.040208e-23 
7.660000e-01 4.974119e-23 3.061374e-23 8.035493e-23 
7.680000e-01 4.977920e-23 3.052638e-23 8.030558e-23 
7.700000e-01 4.981165e-23 3.043322e-23 8.024486e-23 
7.720000e-01 4.983584e-23 3.034343e-23 8.017927e-23 
7.740000e-01 4.984983e-23 3.024774e-23 8.009757e-23 
7.760000e-01 4.985603e-23 3.014515e-23 8.000118e-23 
7.780000e-01 4.985520e-23 3.004800e-23 7.990320e-23 
7.800000e-01 4.984821e-23 2.994871e-23 7.979692e-23 
7.820000e-01 4.983251e-23 2.984326e-23 7.967576e-23 
7.840000e-01 4.981278e-23 2.975212e-23 7.956490e-23 
7.860000e-01 4.977646e-23 2.965686e-23 7.943332e-23 
7.880000e-01 4.973853e-23 2.956182e-23 7.930034e-23 
7.900000e-01 4.969419e-23 2.946735e-23 7.916154e-23 
7.920000e-01 4.963917e-23 2.937111e-23 7.901028e-23 
7.940000e-01 4.957712e-23 2.928151e-23 7.885863e-23 
7.960000e-01 4.948362e-23 2.919185e-23 7.867547e-23 
7.980000e-01 4.939015e-23 2.909830e-23 7.848844e-23 
8.000000e-01 4.929610e-23 2.900644e-23 7.830254e-23 
8.020000e-01 4.921323e-23 2.891783e-23 7.813106e-23 
8.040000e-01 4.914048e-23 2.883175e-23 7.797222e-23 
8.060000e-01 4.907272e-23 2.873869e-23 7.781140e-23 
8.080000e-01 4.900612e-23 2.864612e-23 7.765223e-23 
8.100000e-01 4.893340e-23 2.855515e-23 7.748855e-23 
8.120000e-01 4.886755e-23 2.846092e-23 7.732848e-23 
8.140000e-01 4.881169e-23 2.835747e-23 7.716916e-23 
8.160000e-01 4.875197e-23 2.826201e-23 7.701398e-23 
8.180000e-01 4.869289e-23 2.816301e-23 7.685590e-23 
8.200000e-01 4.863137e-23 2.807362e-23 7.670499e-23 
8.220000e-01 4.857549e-23 2.798846e-23 7.656395e-23 
8.240000e-01 4.851430e-23 2.790388e-23 7.641818e-23 
8.260000e-01 4.846175e-23 2.782482e-23 7.628658e-23 
8.280000e-01 4.840690e-23 2.773920e-23 7.614610e-23 
8.300000e-01 4.834976e-23 2.765122e-23 7.600098e-23 
8.320000e-01 4.829845e-23 2.756098e-23 7.585943e-23 
8.340000e-01 4.824492e-23 2.746977e-23 7.571470e-23 
8.360000e-01 4.819483e-23 2.737740e-23 7.557223e-23 
8.380000e-01 4.814769e-23 2.728454e-23 7.543223e-23 
8.400000e-01 4.810087e-23 2.719326e-23 7.529413e-23 
8.420000e-01 4.805881e-23 2.711289e-23 7.517170e-23 
8.440000e-01 4.801875e-23 2.702181e-23 7.504056e-23 
8.460000e-01 4.797486e-23 2.693475e-23 7.490961e-23 
8.480000e-01 4.793754e-23 2.684494e-23 7.478248e-23 
8.500000e-01 4.790414e-23 2.676226e-23 7.466640e-23 
8.520000e-01 4.787136e-23 2.667707e-23 7.454843e-23 
8.540000e-01 4.784080e-23 2.659309e-23 7.443390e-23 
8.560000e-01 4.781246e-23 2.651033e-23 7.432279e-23 
8.580000e-01 4.778199e-23 2.642613e-23 7.420813e-23 
8.600000e-01 4.775236e-23 2.633187e-23 7.408423e-23 
8.620000e-01 4.771904e-23 2.624041e-23 7.395945e-23 
8.640000e-01 4.768813e-23 2.614934e-23 7.383748e-23 
8.660000e-01 4.764728e-23 2.605824e-23 7.370553e-23 
8.680000e-01 4.761630e-23 2.597044e-23 7.358673e-23 
8.700000e-01 4.758063e-23 2.587961e-23 7.346024e-23 
8.720000e-01 4.753171e-23 2.578877e-23 7.332048e-23 
8.740000e-01 4.748626e-23 2.570567e-23 7.319193e-23 
8.760000e-01 4.742625e-23 2.561426e-23 7.304051e-23 
8.780000e-01 4.736477e-23 2.552703e-23 7.289180e-23 
8.800000e-01 4.730124e-23 2.545165e-23 7.275289e-23 
8.820000e-01 4.723415e-23 2.537620e-23 7.261036e-23 
8.840000e-01 4.717377e-23 2.530263e-23 7.247640e-23 
8.860000e-01 4.710952e-23 2.522297e-23 7.233249e-23 
8.880000e-01 4.703816e-23 2.514892e-23 7.218709e-23 
8.900000e-01 4.696679e-23 2.506564e-23 7.203243e-23 
8.920000e-01 4.688925e-23 2.498552e-23 7.187477e-23 
8.940000e-01 4.681263e-23 2.490203e-23 7.171466e-23 
8.960000e-01 4.674081e-23 2.482236e-23 7.156318e-23 
8.980000e-01 4.666790e-23 2.474147e-23 7.140937e-23 
9.000000e-01 4.658833e-23 2.465513e-23 7.124347e-23 
9.020000e-01 4.651018e-23 2.456349e-23 7.107367e-23 
9.040000e-01 4.642715e-23 2.447451e-23 7.090165e-23 
9.060000e-01 4.634394e-23 2.438935e-23 7.073329e-23 
9.080000e-01 4.626796e-23 2.429597e-23 7.056393e-23 
9.100000e-01 4.618095e-23 2.422041e-23 7.040136e-23 
9.120000e-01 4.610101e-23 2.414541e-23 7.024642e-23 
9.140000e-01 4.601293e-23 2.406713e-23 7.008006e-23 
9.160000e-01 4.592432e-23 2.399143e-23 6.991575e-23 
9.180000e-01 4.583930e-23 2.391850e-23 6.975780e-23 
9.200000e-01 4.574594e-23 2.383817e-23 6.958411e-23 
9.220000e-01 4.566073e-23 2.375179e-23 6.941252e-23 
9.240000e-01 4.557544e-23 2.366898e-23 6.924442e-23 
9.260000e-01 4.548985e-23 2.358741e-23 6.907726e-23 
9.280000e-01 4.540188e-23 2.350331e-23 6.890518e-23 
9.300000e-01 4.530725e-23 2.342242e-23 6.872968e-23 
9.320000e-01 4.521498e-23 2.335229e-23 6.856727e-23 
9.340000e-01 4.512118e-23 2.328384e-23 6.840503e-23 
9.360000e-01 4.502629e-23 2.321417e-23 6.824046e-23 
9.380000e-01 4.493790e-23 2.313882e-23 6.807671e-23 
9.400000e-01 4.483877e-23 2.306878e-23 6.790755e-23 
9.420000e-01 4.475061e-23 2.299636e-23 6.774697e-23 
9.440000e-01 4.465112e-23 2.292034e-23 6.757146e-23 
9.460000e-01 4.455545e-23 2.284271e-23 6.739816e-23 
9.480000e-01 4.445692e-23 2.276705e-23 6.722397e-23 
9.500000e-01 4.436749e-23 2.269151e-23 6.705900e-23 
9.520000e-01 4.426726e-23 2.261256e-23 6.687982e-23 
9.540000e-01 4.416689e-23 2.254140e-23 6.670830e-23 
9.560000e-01 4.407311e-23 2.247077e-23 6.654388e-23 
9.580000e-01 4.397161e-23 2.239460e-23 6.636621e-23 
9.600000e-01 4.387901e-23 2.232102e-23 6.620004e-23 
9.620000e-01 4.378121e-23 2.224742e-23 6.602862e-23 
9.640000e-01 4.367217e-23 2.217037e-23 6.584254e-23 
9.660000e-01 4.357552e-23 2.208867e-23 6.566420e-23 
9.680000e-01 4.347551e-23 2.200718e-23 6.548269e-23 
9.700000e-01 4.337526e-23 2.192206e-23 6.529731e-23 
9.720000e-01 4.327401e-23 2.184152e-23 6.511553e-23 
9.740000e-01 4.317536e-23 2.176681e-23 6.494217e-23 
9.760000e-01 4.307574e-23 2.169738e-23 6.477312e-23 
9.780000e-01 4.297840e-23 2.162725e-23 6.460564e-23 
9.800000e-01 4.287457e-23 2.155898e-23 6.443355e-23 
9.820000e-01 4.277324e-23 2.148927e-23 6.426251e-23 
9.840000e-01 4.266477e-23 2.142172e-23 6.408649e-23 
9.860000e-01 4.256491e-23 2.134908e-23 6.391399e-23 
9.880000e-01 4.246630e-23 2.126913e-23 6.373544e-23 
9.900000e-01 4.236200e-23 2.119600e-23 6.355800e-23 
9.920000e-01 4.225805e-23 2.111659e-23 6.337464e-23 
9.940000e-01 4.216366e-23 2.104094e-23 6.320459e-23 
9.960000e-01 4.205540e-23 2.097102e-23 6.302642e-23 
9.980000e-01 4.195805e-23 2.092658e-23 6.288463e-23 
1.000000e+00 4.185480e-23 2.088105e-23 6.273585e-23 
1.002000e+00 4.175156e-23 2.081925e-23 6.257081e-23 
1.004000e+00 4.165353e-23 2.075522e-23 6.240875e-23 
1.006000e+00 4.155024e-23 2.069263e-23 6.224288e-23 
1.008000e+00 4.144993e-23 2.062780e-23 6.207773e-23 
1.010000e+00 4.134758e-23 2.056892e-23 6.191650e-23 
1.012000e+00 4.124399e-23 2.050124e-23 6.174523e-23 
1.014000e+00 4.114077e-23 2.043720e-23 6.157798e-23 
1.016000e+00 4.103637e-23 2.037589e-23 6.141226e-23 
1.018000e+00 4.093722e-23 2.030755e-23 6.124477e-23 
1.020000e+00 4.083465e-23 2.024444e-23 6.107909e-23 
1.022000e+00 4.073330e-23 2.017984e-23 6.091315e-23 
1.024000e+00 4.062752e-23 2.011361e-23 6.074113e-23 
1.026000e+00 4.052410e-23 2.005461e-23 6.057871e-23 
1.028000e+00 4.042565e-23 1.999724e-23 6.042289e-23 
1.030000e+00 4.031771e-23 1.993478e-23 6.025249e-23 
1.032000e+00 4.021556e-23 1.987404e-23 6.008960e-23 
1.034000e+00 4.011384e-23 1.981126e-23 5.992510e-23 
1.036000e+00 4.001480e-23 1.975058e-23 5.976538e-23 
1.038000e+00 3.990947e-23 1.968613e-23 5.959560e-23 
1.040000e+00 3.980227e-23 1.962837e-23 5.943064e-23 
1.042000e+00 3.970488e-23 1.956381e-23 5.926869e-23 
1.044000e+00 3.959907e-23 1.950210e-23 5.910117e-23 
1.046000e+00 3.949734e-23 1.944222e-23 5.893956e-23 
1.048000e+00 3.939902e-23 1.937851e-23 5.877752e-23 
1.050000e+00 3.929516e-23 1.932096e-23 5.861612e-23 
1.052000e+00 3.919102e-23 1.926038e-23 5.845140e-23 
1.054000e+00 3.908753e-23 1.920270e-23 5.829023e-23 
1.056000e+00 3.898806e-23 1.914899e-23 5.813705e-23 
1.058000e+00 3.888313e-23 1.908757e-23 5.797070e-23 
1.060000e+00 3.878675e-23 1.902698e-23 5.781372e-23 
1.062000e+00 3.867720e-23 1.896977e-23 5.764696e-23 
1.064000e+00 3.857918e-23 1.891080e-23 5.748998e-23 
1.066000e+00 3.847425e-23 1.885213e-23 5.732638e-23 
1.068000e+00 3.837148e-23 1.878946e-23 5.716094e-23 
1.070000e+00 3.826364e-23 1.873285e-23 5.699650e-23 
1.072000e+00 3.816846e-23 1.867552e-23 5.684398e-23 
1.074000e+00 3.806068e-23 1.861723e-23 5.667791e-23 
1.076000e+00 3.796030e-23 1.856130e-23 5.652159e-23 
1.078000e+00 3.785806e-23 1.850453e-23 5.636258e-23 
1.080000e+00 3.786183e-23 1.844744e-23 5.630927e-23 
1.082000e+00 3.765796e-23 1.839090e-23 5.604886e-23 
1.084000e+00 3.754577e-23 1.833510e-23 5.588086e-23 
1.086000e+00 3.745227e-23 1.827953e-23 5.573180e-23 
1.088000e+00 3.734398e-23 1.822649e-23 5.557047e-23 
1.090000e+00 3.724511e-23 1.816496e-23 5.541007e-23 
1.092000e+00 3.714823e-23 1.810694e-23 5.525517e-23 
1.094000e+00 3.703839e-23 1.805270e-23 5.509108e-23 
1.096000e+00 3.693616e-23 1.799716e-23 5.493332e-23 
1.098000e+00 3.683582e-23 1.793892e-23 5.477474e-23 
1.100000e+00 3.673447e-23 1.788665e-23 5.462112e-23 
1.102000e+00 3.663640e-23 1.783238e-23 5.446878e-23 
1.104000e+00 3.653169e-23 1.777672e-23 5.430842e-23 
1.106000e+00 3.643423e-23 1.772533e-23 5.415956e-23 
1.108000e+00 3.632853e-23 1.767066e-23 5.399920e-23 
1.110000e+00 3.623034e-23 1.762003e-23 5.385036e-23 
1.112000e+00 3.612483e-23 1.755809e-23 5.368291e-23 
1.114000e+00 3.602561e-23 1.750628e-23 5.353190e-23 
1.116000e+00 3.592556e-23 1.745075e-23 5.337631e-23 
1.118000e+00 3.582187e-23 1.739674e-23 5.321861e-23 
1.120000e+00 3.571625e-23 1.734045e-23 5.305670e-23 
1.122000e+00 3.562373e-23 1.728345e-23 5.290718e-23 
1.124000e+00 3.551562e-23 1.723603e-23 5.275166e-23 
1.126000e+00 3.541791e-23 1.718503e-23 5.260294e-23 
1.128000e+00 3.531394e-23 1.713478e-23 5.244872e-23 
1.130000e+00 3.521082e-23 1.708484e-23 5.229566e-23 
1.132000e+00 3.511292e-23 1.702906e-23 5.214199e-23 
1.134000e+00 3.501265e-23 1.698070e-23 5.199335e-23 
1.136000e+00 3.492001e-23 1.692744e-23 5.184746e-23 
1.138000e+00 3.482339e-23 1.687943e-23 5.170282e-23 
1.140000e+00 3.471953e-23 1.682752e-23 5.154705e-23 
1.142000e+00 3.461412e-23 1.677432e-23 5.138844e-23 
1.144000e+00 3.451715e-23 1.672142e-23 5.123856e-23 
1.146000e+00 3.441029e-23 1.667058e-23 5.108086e-23 
1.148000e+00 3.431139e-23 1.662139e-23 5.093278e-23 
1.150000e+00 3.421351e-23 1.656923e-23 5.078274e-23 
1.152000e+00 3.412105e-23 1.652275e-23 5.064380e-23 
1.154000e+00 3.401941e-23 1.647420e-23 5.049361e-23 
1.156000e+00 3.392467e-23 1.642654e-23 5.035122e-23 
1.158000e+00 3.381947e-23 1.637371e-23 5.019319e-23 
1.160000e+00 3.372567e-23 1.632260e-23 5.004827e-23 
1.162000e+00 3.362484e-23 1.627099e-23 4.989582e-23 
1.164000e+00 3.352378e-23 1.622510e-23 4.974888e-23 
1.166000e+00 3.341877e-23 1.617410e-23 4.959287e-23 
1.168000e+00 3.332068e-23 1.612462e-23 4.944530e-23 
1.170000e+00 3.322192e-23 1.607451e-23 4.929642e-23 
1.172000e+00 3.312544e-23 1.602363e-23 4.914908e-23 
1.174000e+00 3.303357e-23 1.597203e-23 4.900560e-23 
1.176000e+00 3.293138e-23 1.592775e-23 4.885913e-23 
1.178000e+00 3.282848e-23 1.588024e-23 4.870872e-23 
1.180000e+00 3.273751e-23 1.582892e-23 4.856643e-23 
1.182000e+00 3.263332e-23 1.578741e-23 4.842073e-23 
1.184000e+00 3.255011e-23 1.573782e-23 4.828794e-23 
1.186000e+00 3.242937e-23 1.569093e-23 4.812030e-23 
1.188000e+00 3.233457e-23 1.564405e-23 4.797862e-23 
1.190000e+00 3.223186e-23 1.559787e-23 4.782972e-23 
1.192000e+00 3.213604e-23 1.554852e-23 4.768455e-23 
1.194000e+00 3.203816e-23 1.550347e-23 4.754163e-23 
1.196000e+00 3.193759e-23 1.545630e-23 4.739389e-23 
1.198000e+00 3.184393e-23 1.540883e-23 4.725277e-23 
1.200000e+00 3.174276e-23 1.535939e-23 4.710215e-23 
1.202000e+00 3.163966e-23 1.531469e-23 4.695434e-23 
1.204000e+00 3.153950e-23 1.526745e-23 4.680696e-23 
1.206000e+00 3.144522e-23 1.522861e-23 4.667383e-23 
1.208000e+00 3.134566e-23 1.517903e-23 4.652469e-23 
1.210000e+00 3.124363e-23 1.513725e-23 4.638088e-23 
1.212000e+00 3.114868e-23 1.508818e-23 4.623685e-23 
1.214000e+00 3.104814e-23 1.504637e-23 4.609451e-23 
1.216000e+00 3.095212e-23 1.500459e-23 4.595672e-23 
1.218000e+00 3.085073e-23 1.495686e-23 4.580759e-23 
1.220000e+00 3.074865e-23 1.491175e-23 4.566040e-23 
1.222000e+00 3.064568e-23 1.486636e-23 4.551205e-23 
1.224000e+00 3.054702e-23 1.482263e-23 4.536965e-23 
1.226000e+00 3.044429e-23 1.478028e-23 4.522457e-23 
1.228000e+00 3.034656e-23 1.473308e-23 4.507964e-23 
1.230000e+00 3.024773e-23 1.468639e-23 4.493411e-23 
1.232000e+00 3.014795e-23 1.464271e-23 4.479066e-23 
1.234000e+00 3.004514e-23 1.460855e-23 4.465369e-23 
1.236000e+00 2.993871e-23 1.456481e-23 4.450352e-23 
1.238000e+00 2.983739e-23 1.451577e-23 4.435316e-23 
1.240000e+00 2.972879e-23 1.447456e-23 4.420335e-23 
1.242000e+00 2.963473e-23 1.443221e-23 4.406694e-23 
1.244000e+00 2.953154e-23 1.438986e-23 4.392139e-23 
1.246000e+00 2.941358e-23 1.434809e-23 4.376166e-23 
1.248000e+00 2.930569e-23 1.430706e-23 4.361276e-23 
1.250000e+00 2.920250e-23 1.426619e-23 4.346870e-23 
1.252000e+00 2.909682e-23 1.422299e-23 4.331982e-23 
1.254000e+00 2.898616e-23 1.418018e-23 4.316634e-23 
1.256000e+00 2.887265e-23 1.413548e-23 4.300814e-23 
1.258000e+00 2.876529e-23 1.409067e-23 4.285597e-23 
1.260000e+00 2.864822e-23 1.404642e-23 4.269465e-23 
1.262000e+00 2.853157e-23 1.401072e-23 4.254230e-23 
1.264000e+00 2.842131e-23 1.397006e-23 4.239137e-23 
1.266000e+00 2.830225e-23 1.392974e-23 4.223199e-23 
1.268000e+00 2.817335e-23 1.388867e-23 4.206202e-23 
1.270000e+00 2.805410e-23 1.384970e-23 4.190380e-23 
1.272000e+00 2.792180e-23 1.381006e-23 4.173185e-23 
1.274000e+00 2.779458e-23 1.376814e-23 4.156272e-23 
1.276000e+00 2.766075e-23 1.372679e-23 4.138754e-23 
1.278000e+00 2.751790e-23 1.368584e-23 4.120374e-23 
1.280000e+00 2.737551e-23 1.364280e-23 4.101831e-23 
1.282000e+00 2.722415e-23 1.360500e-23 4.082915e-23 
1.284000e+00 2.705266e-23 1.356059e-23 4.061325e-23 
1.286000e+00 2.687334e-23 1.351964e-23 4.039299e-23 
1.288000e+00 2.667221e-23 1.347977e-23 4.015198e-23 
1.290000e+00 2.639944e-23 1.344237e-23 3.984181e-23 
1.292000e+00 2.613234e-23 1.340335e-23 3.953569e-23 
1.294000e+00 2.585717e-23 1.336237e-23 3.921953e-23 
1.296000e+00 2.556938e-23 1.332313e-23 3.889251e-23 
1.298000e+00 2.528832e-23 1.328274e-23 3.857106e-23 
1.300000e+00 2.512124e-23 1.324498e-23 3.836622e-23 
1.302000e+00 2.500293e-23 1.320854e-23 3.821147e-23 
1.304000e+00 2.488916e-23 1.316673e-23 3.805588e-23 
1.306000e+00 2.491070e-23 1.312876e-23 3.803946e-23 
1.308000e+00 2.495559e-23 1.308802e-23 3.804361e-23 
1.310000e+00 2.501041e-23 1.305039e-23 3.806080e-23 
1.312000e+00 2.514171e-23 1.301480e-23 3.815651e-23 
1.314000e+00 2.527389e-23 1.297707e-23 3.825096e-23 
1.316000e+00 2.540952e-23 1.293550e-23 3.834501e-23 
1.318000e+00 2.547896e-23 1.289650e-23 3.837546e-23 
1.320000e+00 2.555070e-23 1.285922e-23 3.840993e-23 
1.322000e+00 2.561087e-23 1.282645e-23 3.843732e-23 
1.324000e+00 2.562786e-23 1.278639e-23 3.841425e-23 
1.326000e+00 2.565431e-23 1.275279e-23 3.840710e-23 
1.328000e+00 2.566873e-23 1.271586e-23 3.838460e-23 
1.330000e+00 2.566871e-23 1.268360e-23 3.835231e-23 
1.332000e+00 2.566835e-23 1.264066e-23 3.830900e-23 
1.334000e+00 2.566696e-23 1.260604e-23 3.827300e-23 
1.336000e+00 2.565384e-23 1.256984e-23 3.822369e-23 
1.338000e+00 2.564016e-23 1.253222e-23 3.817238e-23 
1.340000e+00 2.562369e-23 1.249851e-23 3.812219e-23 
1.342000e+00 2.559824e-23 1.246144e-23 3.805968e-23 
1.344000e+00 2.558081e-23 1.242632e-23 3.800713e-23 
1.346000e+00 2.555977e-23 1.238544e-23 3.794521e-23 
1.348000e+00 2.552418e-23 1.235507e-23 3.787926e-23 
1.350000e+00 2.550385e-23 1.231725e-23 3.782110e-23 
1.352000e+00 2.547514e-23 1.228346e-23 3.775860e-23 
1.354000e+00 2.544125e-23 1.225053e-23 3.769177e-23 
1.356000e+00 2.540644e-23 1.221300e-23 3.761945e-23 
1.358000e+00 2.538089e-23 1.218125e-23 3.756214e-23 
1.360000e+00 2.534499e-23 1.214219e-23 3.748719e-23 
1.362000e+00 2.531587e-23 1.210893e-23 3.742480e-23 
1.364000e+00 2.527870e-23 1.207379e-23 3.735248e-23 
1.366000e+00 2.524126e-23 1.203959e-23 3.728086e-23 
1.368000e+00 2.519398e-23 1.200319e-23 3.719717e-23 
1.370000e+00 2.516032e-23 1.196843e-23 3.712875e-23 
1.372000e+00 2.511569e-23 1.193531e-23 3.705101e-23 
1.374000e+00 2.508092e-23 1.189942e-23 3.698034e-23 
1.376000e+00 2.503731e-23 1.186510e-23 3.690241e-23 
1.378000e+00 2.499915e-23 1.182995e-23 3.682910e-23 
1.380000e+00 2.496530e-23 1.179352e-23 3.675882e-23 
1.382000e+00 2.492198e-23 1.176384e-23 3.668582e-23 
1.384000e+00 2.487752e-23 1.173166e-23 3.660918e-23 
1.386000e+00 2.483406e-23 1.169332e-23 3.652738e-23 
1.388000e+00 2.478378e-23 1.166297e-23 3.644675e-23 
1.390000e+00 2.474478e-23 1.163281e-23 3.637760e-23 
1.392000e+00 2.469784e-23 1.160100e-23 3.629884e-23 
1.394000e+00 2.465876e-23 1.156437e-23 3.622313e-23 
1.396000e+00 2.460739e-23 1.153319e-23 3.614057e-23 
1.398000e+00 2.456877e-23 1.150105e-23 3.606982e-23 
1.400000e+00 2.452235e-23 1.146545e-23 3.598780e-23 
1.402000e+00 2.447406e-23 1.143476e-23 3.590882e-23 
1.404000e+00 2.443074e-23 1.140109e-23 3.583183e-23 
1.406000e+00 2.438224e-23 1.136471e-23 3.574694e-23 
1.408000e+00 2.433022e-23 1.133271e-23 3.566292e-23 
1.410000e+00 2.429046e-23 1.129802e-23 3.558848e-23 
1.412000e+00 2.423891e-23 1.126581e-23 3.550472e-23 
1.414000e+00 2.419823e-23 1.123907e-23 3.543730e-23 
1.416000e+00 2.414567e-23 1.120483e-23 3.535051e-23 
1.418000e+00 2.410167e-23 1.117537e-23 3.527703e-23 
1.420000e+00 2.405024e-23 1.114418e-23 3.519442e-23 
1.422000e+00 2.400476e-23 1.111405e-23 3.511881e-23 
1.424000e+00 2.396689e-23 1.108461e-23 3.505150e-23 
1.426000e+00 2.391129e-23 1.105150e-23 3.496279e-23 
1.428000e+00 2.385498e-23 1.102222e-23 3.487720e-23 
1.430000e+00 2.380505e-23 1.099137e-23 3.479642e-23 
1.432000e+00 2.375978e-23 1.095868e-23 3.471846e-23 
1.434000e+00 2.371675e-23 1.092981e-23 3.464656e-23 
1.436000e+00 2.367258e-23 1.089778e-23 3.457036e-23 
1.438000e+00 2.362307e-23 1.087052e-23 3.449360e-23 
1.440000e+00 2.357508e-23 1.083451e-23 3.440959e-23 
1.442000e+00 2.352770e-23 1.080579e-23 3.433348e-23 
1.444000e+00 2.347215e-23 1.077440e-23 3.424655e-23 
1.446000e+00 2.342801e-23 1.074350e-23 3.417150e-23 
1.448000e+00 2.211510e-23 1.071205e-23 3.282715e-23 
1.450000e+00 2.333095e-23 1.069013e-23 3.402108e-23 
1.452000e+00 2.327423e-23 1.065549e-23 3.392973e-23 
1.454000e+00 2.322796e-23 1.062555e-23 3.385352e-23 
1.456000e+00 2.317618e-23 1.060101e-23 3.377719e-23 
1.458000e+00 2.312715e-23 1.057045e-23 3.369760e-23 
1.460000e+00 2.308317e-23 1.054355e-23 3.362672e-23 
1.462000e+00 2.303167e-23 1.051199e-23 3.354366e-23 
1.464000e+00 2.298158e-23 1.048076e-23 3.346235e-23 
1.466000e+00 2.293206e-23 1.045369e-23 3.338575e-23 
1.468000e+00 2.288943e-23 1.042459e-23 3.331402e-23 
1.470000e+00 2.283906e-23 1.039709e-23 3.323615e-23 
1.472000e+00 2.278593e-23 1.036600e-23 3.315193e-23 
1.474000e+00 2.274415e-23 1.033798e-23 3.308213e-23 
1.476000e+00 2.269509e-23 1.030664e-23 3.300173e-23 
1.478000e+00 2.264466e-23 1.027973e-23 3.292439e-23 
1.480000e+00 2.259806e-23 1.025010e-23 3.284816e-23 
1.482000e+00 2.254897e-23 1.022055e-23 3.276952e-23 
1.484000e+00 2.250580e-23 1.019034e-23 3.269614e-23 
1.486000e+00 2.245107e-23 1.016304e-23 3.261410e-23 
1.488000e+00 2.239727e-23 1.013359e-23 3.253086e-23 
1.490000e+00 2.235327e-23 1.011150e-23 3.246478e-23 
1.492000e+00 2.229938e-23 1.008416e-23 3.238354e-23 
1.494000e+00 2.225552e-23 1.005648e-23 3.231200e-23 
1.496000e+00 2.220439e-23 1.002888e-23 3.223327e-23 
1.498000e+00 2.215887e-23 1.000122e-23 3.216009e-23 
1.500000e+00 2.211103e-23 9.975388e-24 3.208642e-23 
1.502000e+00 2.205733e-23 9.944420e-24 3.200175e-23 
1.504000e+00 2.200754e-23 9.915145e-24 3.192268e-23 
1.506000e+00 2.196302e-23 9.890207e-24 3.185323e-23 
1.508000e+00 2.191260e-23 9.860714e-24 3.177332e-23 
1.510000e+00 2.186912e-23 9.829829e-24 3.169895e-23 
1.512000e+00 2.181268e-23 9.805537e-24 3.161822e-23 
1.514000e+00 2.176503e-23 9.778520e-24 3.154355e-23 
1.516000e+00 2.171955e-23 9.751479e-24 3.147103e-23 
1.518000e+00 2.166957e-23 9.724886e-24 3.139445e-23 
1.520000e+00 2.161885e-23 9.700674e-24 3.131953e-23 
1.522000e+00 2.157048e-23 9.673449e-24 3.124393e-23 
1.524000e+00 2.152290e-23 9.645948e-24 3.116885e-23 
1.526000e+00 2.147659e-23 9.619034e-24 3.109562e-23 
1.528000e+00 2.142246e-23 9.597432e-24 3.101989e-23 
1.530000e+00 2.137673e-23 9.571061e-24 3.094779e-23 
1.532000e+00 2.133486e-23 9.541941e-24 3.087680e-23 
1.534000e+00 2.128192e-23 9.518735e-24 3.080065e-23 
1.536000e+00 2.124242e-23 9.490824e-24 3.073324e-23 
1.538000e+00 2.119285e-23 9.473745e-24 3.066660e-23 
1.540000e+00 2.114423e-23 9.437008e-24 3.058124e-23 
1.542000e+00 2.109444e-23 9.411227e-24 3.050566e-23 
1.544000e+00 2.104600e-23 9.387578e-24 3.043358e-23 
1.546000e+00 2.099580e-23 9.359428e-24 3.035523e-23 
1.548000e+00 2.095463e-23 9.337845e-24 3.029247e-23 
1.550000e+00 2.090391e-23 9.311089e-24 3.021500e-23 
1.552000e+00 2.086147e-23 9.281938e-24 3.014341e-23 
1.554000e+00 2.080504e-23 9.255856e-24 3.006090e-23 
1.556000e+00 2.075986e-23 9.233217e-24 2.999308e-23 
1.558000e+00 2.071720e-23 9.211129e-24 2.992833e-23 
1.560000e+00 2.066634e-23 9.183742e-24 2.985008e-23 
1.562000e+00 2.061811e-23 9.164326e-24 2.978244e-23 
1.564000e+00 2.056892e-23 9.135260e-24 2.970418e-23 
1.566000e+00 2.052069e-23 9.111978e-24 2.963267e-23 
1.568000e+00 2.047611e-23 9.088534e-24 2.956465e-23 
1.570000e+00 2.042928e-23 9.061811e-24 2.949109e-23 
1.572000e+00 2.038380e-23 9.035538e-24 2.941934e-23 
1.574000e+00 2.034190e-23 9.012561e-24 2.935446e-23 
1.576000e+00 2.029086e-23 8.987879e-24 2.927874e-23 
1.578000e+00 2.023979e-23 8.967704e-24 2.920750e-23 
1.580000e+00 2.018918e-23 8.937884e-24 2.912706e-23 
1.582000e+00 2.014781e-23 8.912495e-24 2.906030e-23 
1.584000e+00 2.010009e-23 8.892392e-24 2.899248e-23 
1.586000e+00 2.005369e-23 8.863830e-24 2.891752e-23 
1.588000e+00 2.000420e-23 8.839162e-24 2.884336e-23 
1.590000e+00 1.995347e-23 8.816000e-24 2.876947e-23 
1.592000e+00 1.991797e-23 8.798024e-24 2.871599e-23 
1.594000e+00 1.986947e-23 8.770159e-24 2.863963e-23 
1.596000e+00 1.983014e-23 8.751778e-24 2.858192e-23 
1.598000e+00 1.978013e-23 8.729483e-24 2.850962e-23 
1.600000e+00 1.973089e-23 8.704791e-24 2.843568e-23 
1.602000e+00 1.968224e-23 9.025702e-24 2.870794e-23 
1.604000e+00 1.963744e-23 8.654699e-24 2.829214e-23 
1.606000e+00 1.959555e-23 8.628939e-24 2.822449e-23 
1.608000e+00 1.955090e-23 8.607486e-24 2.815838e-23 
1.610000e+00 1.950364e-23 8.582791e-24 2.808643e-23 
1.612000e+00 1.945166e-23 8.562726e-24 2.801439e-23 
1.614000e+00 1.941178e-23 8.539552e-24 2.795133e-23 
1.616000e+00 1.936365e-23 8.517901e-24 2.788155e-23 
1.618000e+00 1.931407e-23 8.494154e-24 2.780822e-23 
1.620000e+00 1.927200e-23 8.472117e-24 2.774412e-23 
1.622000e+00 1.922511e-23 8.444228e-24 2.766934e-23 
1.624000e+00 1.917727e-23 8.425522e-24 2.760279e-23 
1.626000e+00 1.913492e-23 8.405347e-24 2.754027e-23 
1.628000e+00 1.909089e-23 8.388075e-24 2.747896e-23 
1.630000e+00 1.905012e-23 8.361011e-24 2.741113e-23 
1.632000e+00 1.900526e-23 8.342282e-24 2.734754e-23 
1.634000e+00 1.896315e-23 8.318076e-24 2.728122e-23 
1.636000e+00 1.890749e-23 8.300680e-24 2.720817e-23 
1.638000e+00 1.886607e-23 8.276703e-24 2.714277e-23 
1.640000e+00 1.882261e-23 8.254551e-24 2.707716e-23 
1.642000e+00 1.877838e-23 8.231892e-24 2.701027e-23 
1.644000e+00 1.874095e-23 8.212783e-24 2.695373e-23 
1.646000e+00 1.869356e-23 8.188439e-24 2.688200e-23 
1.648000e+00 1.865003e-23 8.169839e-24 2.681987e-23 
1.650000e+00 1.860191e-23 8.147436e-24 2.674935e-23 
1.652000e+00 1.855051e-23 8.126831e-24 2.667734e-23 
1.654000e+00 1.850509e-23 8.107494e-24 2.661259e-23 
1.656000e+00 1.846439e-23 8.083367e-24 2.654776e-23 
1.658000e+00 1.841634e-23 8.062096e-24 2.647844e-23 
1.660000e+00 1.838169e-23 8.044733e-24 2.642643e-23 
1.662000e+00 1.833243e-23 8.018946e-24 2.635137e-23 
1.664000e+00 1.828854e-23 7.999576e-24 2.628812e-23 
1.666000e+00 1.824424e-23 7.979538e-24 2.622378e-23 
1.668000e+00 1.819618e-23 7.956445e-24 2.615262e-23 
1.670000e+00 1.815964e-23 7.938053e-24 2.609769e-23 
1.672000e+00 1.810797e-23 7.919953e-24 2.602792e-23 
1.674000e+00 1.806864e-23 7.898658e-24 2.596729e-23 
1.676000e+00 1.802825e-23 7.876623e-24 2.590487e-23 
1.678000e+00 1.798325e-23 7.858189e-24 2.584144e-23 
1.680000e+00 1.793150e-23 7.835318e-24 2.576682e-23 
1.682000e+00 1.789234e-23 7.818409e-24 2.571075e-23 
1.684000e+00 1.784973e-23 7.794733e-24 2.564447e-23 
1.686000e+00 1.780989e-23 7.775698e-24 2.558559e-23 
1.688000e+00 1.776203e-23 7.754421e-24 2.551645e-23 
1.690000e+00 1.772107e-23 7.736573e-24 2.545764e-23 
1.692000e+00 1.767290e-23 7.715750e-24 2.538865e-23 
1.694000e+00 1.763066e-23 7.690116e-24 2.532078e-23 
1.696000e+00 1.759293e-23 7.676126e-24 2.526905e-23 
1.698000e+00 1.754492e-23 7.651188e-24 2.519611e-23 
1.700000e+00 1.750736e-23 7.630731e-24 2.513809e-23 
1.702000e+00 1.745988e-23 7.611286e-24 2.507116e-23 
1.704000e+00 1.741732e-23 7.593639e-24 2.501096e-23 
1.706000e+00 1.737689e-23 7.570137e-24 2.494702e-23 
1.708000e+00 1.733057e-23 7.551586e-24 2.488215e-23 
1.710000e+00 1.728638e-23 7.535395e-24 2.482177e-23 
1.712000e+00 1.779986e-23 7.515008e-24 2.531487e-23 
1.714000e+00 1.719568e-23 7.492350e-24 2.468803e-23 
1.716000e+00 1.716144e-23 7.475741e-24 2.463719e-23 
1.718000e+00 1.711605e-23 7.455631e-24 2.457168e-23 
1.720000e+00 1.707498e-23 7.440182e-24 2.451517e-23 
1.722000e+00 1.702521e-23 7.416594e-24 2.444180e-23 
1.724000e+00 1.698074e-23 7.397616e-24 2.437836e-23 
1.726000e+00 1.693783e-23 7.378898e-24 2.431673e-23 
1.728000e+00 1.689877e-23 7.358907e-24 2.425768e-23 
1.730000e+00 1.685201e-23 7.341077e-24 2.419309e-23 
1.732000e+00 1.681499e-23 7.317400e-24 2.413239e-23 
1.734000e+00 1.677082e-23 7.296438e-24 2.406726e-23 
1.736000e+00 1.672745e-23 7.279899e-24 2.400735e-23 
1.738000e+00 1.668581e-23 7.259304e-24 2.394511e-23 
1.740000e+00 1.664056e-23 7.241290e-24 2.388185e-23 
1.742000e+00 1.659179e-23 7.223995e-24 2.381578e-23 
1.744000e+00 1.654908e-23 7.207640e-24 2.375672e-23 
1.746000e+00 1.650279e-23 7.188696e-24 2.369148e-23 
1.748000e+00 1.646168e-23 7.168053e-24 2.362973e-23 
1.750000e+00 1.641804e-23 7.152337e-24 2.357038e-23 
1.752000e+00 1.637391e-23 7.135605e-24 2.350952e-23 
1.754000e+00 1.632927e-23 7.115007e-24 2.344428e-23 
1.756000e+00 1.628412e-23 7.102376e-24 2.338649e-23 
1.758000e+00 1.623958e-23 7.081757e-24 2.332134e-23 
1.760000e+00 1.619867e-23 7.064311e-24 2.326298e-23 
1.762000e+00 1.615350e-23 7.046635e-24 2.320014e-23 
1.764000e+00 1.611062e-23 7.023755e-24 2.313438e-23 
1.766000e+00 1.606515e-23 7.006971e-24 2.307212e-23 
1.768000e+00 1.601970e-23 6.989257e-24 2.300896e-23 
1.770000e+00 1.597549e-23 6.973392e-24 2.294888e-23 
1.772000e+00 1.593030e-23 6.954516e-24 2.288481e-23 
1.774000e+00 1.588579e-23 6.935963e-24 2.282175e-23 
1.776000e+00 1.583157e-23 6.920141e-24 2.275171e-23 
1.778000e+00 1.578183e-23 6.899921e-24 2.268175e-23 
1.780000e+00 1.573879e-23 6.882443e-24 2.262123e-23 
1.782000e+00 1.569512e-23 6.862655e-24 2.255778e-23 
1.784000e+00 1.564229e-23 6.850040e-24 2.249233e-23 
1.786000e+00 1.559096e-23 6.833639e-24 2.242460e-23 
1.788000e+00 1.553871e-23 6.813508e-24 2.235222e-23 
1.790000e+00 1.549532e-23 6.798258e-24 2.229358e-23 
1.792000e+00 1.544717e-23 6.785474e-24 2.223265e-23 
1.794000e+00 1.538945e-23 6.767538e-24 2.215699e-23 
1.796000e+00 1.534486e-23 6.746725e-24 2.209158e-23 
1.798000e+00 1.530305e-23 6.729318e-24 2.203237e-23 
1.800000e+00 1.524254e-23 6.717377e-24 2.195992e-23 
1.802000e+00 1.518815e-23 6.698419e-24 2.188657e-23 
1.804000e+00 1.513012e-23 6.678584e-24 2.180870e-23 
1.806000e+00 1.507739e-23 6.665279e-24 2.174267e-23 
1.808000e+00 1.501337e-23 6.647297e-24 2.166067e-23 
1.810000e+00 1.495921e-23 6.629780e-24 2.158899e-23 
1.812000e+00 1.489337e-23 6.617207e-24 2.151057e-23 
1.814000e+00 1.483811e-23 6.596913e-24 2.143502e-23 
1.816000e+00 1.475341e-23 6.578053e-24 2.133147e-23 
1.818000e+00 1.468478e-23 6.564099e-24 2.124888e-23 
1.820000e+00 1.460894e-23 6.547452e-24 2.115639e-23 
1.822000e+00 1.452532e-23 6.530734e-24 2.105606e-23 
1.824000e+00 1.442598e-23 6.513859e-24 2.093984e-23 
1.826000e+00 1.431342e-23 6.499516e-24 2.081293e-23 
1.828000e+00 1.421888e-23 6.482931e-24 2.070181e-23 
1.830000e+00 1.411623e-23 6.466273e-24 2.058250e-23 
1.832000e+00 1.401545e-23 6.452455e-24 2.046791e-23 
1.834000e+00 1.392620e-23 6.434745e-24 2.036094e-23 
1.836000e+00 1.383027e-23 6.419798e-24 2.025007e-23 
1.838000e+00 1.374756e-23 6.400085e-24 2.014764e-23 
1.840000e+00 1.370523e-23 6.387667e-24 2.009290e-23 
1.842000e+00 1.367746e-23 6.370438e-24 2.004790e-23 
1.844000e+00 1.365256e-23 6.028532e-24 1.968109e-23 
1.846000e+00 1.361868e-23 6.335770e-24 1.995445e-23 
1.848000e+00 1.365034e-23 6.326816e-24 1.997716e-23 
1.850000e+00 1.367572e-23 6.303833e-24 1.997956e-23 
1.852000e+00 1.371277e-23 6.291340e-24 2.000411e-23 
1.854000e+00 1.374521e-23 6.276730e-24 2.002194e-23 
1.856000e+00 1.379706e-23 6.257284e-24 2.005434e-23 
1.858000e+00 1.383951e-23 6.245083e-24 2.008459e-23 
1.860000e+00 1.389100e-23 6.227783e-24 2.011879e-23 
1.862000e+00 1.394075e-23 6.212906e-24 2.015365e-23 
1.864000e+00 1.395438e-23 6.193173e-24 2.014755e-23 
1.866000e+00 1.396068e-23 6.178368e-24 2.013904e-23 
1.868000e+00 1.396901e-23 6.164225e-24 2.013324e-23 
1.870000e+00 1.398007e-23 6.151222e-24 2.013130e-23 
1.872000e+00 1.397954e-23 6.135565e-24 2.011511e-23 
1.874000e+00 1.397436e-23 6.121976e-24 2.009633e-23 
1.876000e+00 1.397342e-23 6.104354e-24 2.007777e-23 
1.878000e+00 1.397287e-23 6.090176e-24 2.006304e-23 
1.880000e+00 1.396459e-23 6.079029e-24 2.004362e-23 
1.882000e+00 1.396798e-23 6.067416e-24 2.003539e-23 
1.884000e+00 1.395928e-23 6.053642e-24 2.001293e-23 
1.886000e+00 1.395237e-23 6.036328e-24 1.998870e-23 
1.888000e+00 1.394540e-23 6.021967e-24 1.996737e-23 
1.890000e+00 1.392739e-23 6.005408e-24 1.993280e-23 
1.892000e+00 1.391912e-23 5.992755e-24 1.991188e-23 
1.894000e+00 1.391397e-23 5.977211e-24 1.989118e-23 
1.896000e+00 1.389464e-23 5.960630e-24 1.985527e-23 
1.898000e+00 1.389059e-23 5.944667e-24 1.983525e-23 
1.900000e+00 1.387116e-23 5.931813e-24 1.980298e-23 
1.902000e+00 1.385343e-23 5.915442e-24 1.976887e-23 
1.904000e+00 1.383583e-23 5.904871e-24 1.974070e-23 
1.906000e+00 1.381423e-23 5.887887e-24 1.970212e-23 
1.908000e+00 1.381037e-23 5.873177e-24 1.968355e-23 
1.910000e+00 1.379313e-23 5.860057e-24 1.965318e-23 
1.912000e+00 1.377995e-23 5.847424e-24 1.962738e-23 
1.914000e+00 1.375948e-23 5.833016e-24 1.959249e-23 
1.916000e+00 1.375066e-23 5.816996e-24 1.956766e-23 
1.918000e+00 1.373326e-23 5.804966e-24 1.953822e-23 
1.920000e+00 1.371329e-23 5.792444e-24 1.950574e-23 
1.922000e+00 1.369616e-23 5.776347e-24 1.947251e-23 
1.924000e+00 1.367875e-23 5.759997e-24 1.943875e-23 
1.926000e+00 1.366575e-23 5.748424e-24 1.941417e-23 
1.928000e+00 1.364075e-23 5.736305e-24 1.937706e-23 
1.930000e+00 1.362380e-23 5.718929e-24 1.934273e-23 
1.932000e+00 1.360417e-23 5.708551e-24 1.931272e-23 
1.934000e+00 1.358953e-23 5.692482e-24 1.928201e-23 
1.936000e+00 1.356756e-23 5.677358e-24 1.924491e-23 
1.938000e+00 1.355123e-23 5.665798e-24 1.921703e-23 
1.940000e+00 1.353697e-23 5.649389e-24 1.918636e-23 
1.942000e+00 1.350850e-23 5.634923e-24 1.914342e-23 
1.944000e+00 1.349549e-23 5.623161e-24 1.911865e-23 
1.946000e+00 1.347796e-23 5.609019e-24 1.908698e-23 
1.948000e+00 1.345765e-23 5.592097e-24 1.904975e-23 
1.950000e+00 1.343984e-23 5.581121e-24 1.902096e-23 
1.952000e+00 1.341016e-23 5.566183e-24 1.897635e-23 
1.954000e+00 1.339132e-23 5.554789e-24 1.894611e-23 
1.956000e+00 1.337307e-23 5.537080e-24 1.891015e-23 
1.958000e+00 1.336282e-23 5.524613e-24 1.888743e-23 
1.960000e+00 1.333941e-23 5.515182e-24 1.885459e-23 
1.962000e+00 1.332204e-23 5.500744e-24 1.882278e-23 
1.964000e+00 1.330249e-23 5.489580e-24 1.879207e-23 
1.966000e+00 1.328241e-23 5.476337e-24 1.875874e-23 
1.968000e+00 1.326683e-23 5.460593e-24 1.872743e-23 
1.970000e+00 1.324542e-23 5.449711e-24 1.869513e-23 
1.972000e+00 1.321537e-23 5.433873e-24 1.864924e-23 
1.974000e+00 1.319381e-23 5.421141e-24 1.861495e-23 
1.976000e+00 1.317486e-23 5.413558e-24 1.858841e-23 
1.978000e+00 1.315686e-23 5.396309e-24 1.855317e-23 
1.980000e+00 1.313788e-23 5.383968e-24 1.852185e-23 
1.982000e+00 1.311784e-23 5.373335e-24 1.849117e-23 
1.984000e+00 1.309372e-23 5.356095e-24 1.844981e-23 
1.986000e+00 1.307109e-23 5.342979e-24 1.841407e-23 
1.988000e+00 1.305368e-23 5.333159e-24 1.838684e-23 
1.990000e+00 1.302895e-23 5.317652e-24 1.834660e-23 
1.992000e+00 1.301420e-23 5.303385e-24 1.831758e-23 
1.994000e+00 1.299346e-23 5.291879e-24 1.828534e-23 
1.996000e+00 1.297169e-23 5.277989e-24 1.824968e-23 
1.998000e+00 1.294905e-23 5.262754e-24 1.821180e-23 
2.000000e+00 1.307940e-23 5.254887e-24 1.833428e-23 
2.002000e+00 1.290554e-23 5.239430e-24 1.814497e-23 
2.004000e+00 1.288788e-23 5.229959e-24 1.811784e-23 
2.006000e+00 1.286610e-23 5.217740e-24 1.808384e-23 
2.008000e+00 1.284483e-23 5.209731e-24 1.805456e-23 
2.010000e+00 1.282294e-23 5.195519e-24 1.801846e-23 
2.012000e+00 1.280218e-23 5.184257e-24 1.798644e-23 
2.014000e+00 1.278077e-23 5.172558e-24 1.795333e-23 
2.016000e+00 1.276037e-23 5.158274e-24 1.791864e-23 
2.018000e+00 1.273805e-23 5.145764e-24 1.788381e-23 
2.020000e+00 1.271945e-23 5.136870e-24 1.785632e-23 
2.022000e+00 1.269511e-23 5.124593e-24 1.781970e-23 
2.024000e+00 1.267449e-23 5.112517e-24 1.778700e-23 
2.026000e+00 1.264556e-23 5.100381e-24 1.774594e-23 
2.028000e+00 1.262739e-23 5.087716e-24 1.771510e-23 
2.030000e+00 1.261189e-23 5.075858e-24 1.768775e-23 
2.032000e+00 1.258848e-23 5.062327e-24 1.765080e-23 
2.034000e+00 1.257156e-23 5.051485e-24 1.762305e-23 
2.036000e+00 1.255254e-23 5.033379e-24 1.758592e-23 
2.038000e+00 1.252305e-23 5.023207e-24 1.754626e-23 
2.040000e+00 1.251444e-23 5.011204e-24 1.752565e-23 
2.042000e+00 1.249077e-23 5.001174e-24 1.749195e-23 
2.044000e+00 1.247144e-23 4.993712e-24 1.746515e-23 
2.046000e+00 1.244775e-23 4.978727e-24 1.742648e-23 
2.048000e+00 1.242619e-23 4.968999e-24 1.739519e-23 
2.050000e+00 1.240176e-23 4.952966e-24 1.735473e-23 
2.052000e+00 1.238018e-23 4.942719e-24 1.732290e-23 
2.054000e+00 1.236561e-23 4.928777e-24 1.729438e-23 
2.056000e+00 1.234311e-23 4.918151e-24 1.726126e-23 
2.058000e+00 1.231920e-23 4.909802e-24 1.722900e-23 
2.060000e+00 1.229621e-23 4.897010e-24 1.719322e-23 
2.062000e+00 1.227381e-23 4.888574e-24 1.716238e-23 
2.064000e+00 1.226093e-23 4.871254e-24 1.713219e-23 
2.066000e+00 1.223825e-23 4.860963e-24 1.709922e-23 
2.068000e+00 1.221336e-23 4.847843e-24 1.706120e-23 
2.070000e+00 1.220154e-23 4.841295e-24 1.704283e-23 
2.072000e+00 1.217218e-23 4.828633e-24 1.700082e-23 
2.074000e+00 1.216009e-23 4.818398e-24 1.697849e-23 
2.076000e+00 1.213706e-23 4.806125e-24 1.694319e-23 
2.078000e+00 1.211497e-23 4.791644e-24 1.690661e-23 
2.080000e+00 1.209942e-23 4.783082e-24 1.688250e-23 
2.082000e+00 1.207467e-23 4.771109e-24 1.684578e-23 
2.084000e+00 1.205094e-23 4.758101e-24 1.680905e-23 
2.086000e+00 1.202302e-23 4.747859e-24 1.677087e-23 
2.088000e+00 1.200688e-23 4.734590e-24 1.674147e-23 
2.090000e+00 1.199014e-23 4.728338e-24 1.671848e-23 
2.092000e+00 1.196382e-23 4.712276e-24 1.667609e-23 
2.094000e+00 1.195106e-23 4.706724e-24 1.665778e-23 
2.096000e+00 1.192431e-23 4.691705e-24 1.661602e-23 
2.098000e+00 1.190978e-23 4.685551e-24 1.659534e-23 
2.100000e+00 1.188835e-23 4.672595e-24 1.656095e-23 
2.102000e+00 1.186955e-23 4.666800e-24 1.653635e-23 
2.104000e+00 1.184331e-23 4.652446e-24 1.649576e-23 
2.106000e+00 1.181766e-23 4.646497e-24 1.646416e-23 
2.108000e+00 1.179948e-23 4.630581e-24 1.643006e-23 
2.110000e+00 1.177826e-23 4.623052e-24 1.640132e-23 
2.112000e+00 1.176295e-23 4.611096e-24 1.637405e-23 
2.114000e+00 1.174159e-23 4.601666e-24 1.634326e-23 
2.116000e+00 1.172236e-23 4.588413e-24 1.631077e-23 
2.118000e+00 1.169424e-23 4.581259e-24 1.627550e-23 
2.120000e+00 1.168150e-23 4.568092e-24 1.624959e-23 
2.122000e+00 1.165963e-23 4.562590e-24 1.622222e-23 
2.124000e+00 1.163984e-23 4.548086e-24 1.618793e-23 
2.126000e+00 1.161627e-23 4.539557e-24 1.615582e-23 
2.128000e+00 1.160074e-23 4.528408e-24 1.612915e-23 
2.130000e+00 1.157720e-23 4.517292e-24 1.609449e-23 
2.132000e+00 1.156265e-23 4.508655e-24 1.607130e-23 
2.134000e+00 1.153306e-23 4.498245e-24 1.603131e-23 
2.136000e+00 1.152110e-23 4.482347e-24 1.600345e-23 
2.138000e+00 1.150202e-23 4.475287e-24 1.597731e-23 
2.140000e+00 1.148393e-23 4.470475e-24 1.595441e-23 
2.142000e+00 1.145703e-23 4.455045e-24 1.591207e-23 
2.144000e+00 1.144075e-23 4.449288e-24 1.589004e-23 
2.146000e+00 1.142512e-23 4.437479e-24 1.586260e-23 
2.148000e+00 1.140158e-23 4.424508e-24 1.582609e-23 
2.150000e+00 1.138558e-23 4.416546e-24 1.580213e-23 
2.152000e+00 1.135646e-23 4.408176e-24 1.576463e-23 
2.154000e+00 1.134123e-23 4.394031e-24 1.573526e-23 
2.156000e+00 1.132653e-23 4.389330e-24 1.571586e-23 
2.158000e+00 1.129617e-23 4.379595e-24 1.567576e-23 
2.160000e+00 1.128172e-23 4.366461e-24 1.564818e-23 
2.162000e+00 1.126186e-23 4.356100e-24 1.561796e-23 
2.164000e+00 1.124309e-23 4.350996e-24 1.559409e-23 
2.166000e+00 1.122300e-23 4.342089e-24 1.556509e-23 
2.168000e+00 1.120005e-23 4.325944e-24 1.552600e-23 
2.170000e+00 1.118495e-23 4.316819e-24 1.550177e-23 
2.172000e+00 1.116847e-23 4.310345e-24 1.547881e-23 
2.174000e+00 1.115170e-23 4.296409e-24 1.544810e-23 
2.176000e+00 1.113208e-23 4.287678e-24 1.541975e-23 
2.178000e+00 1.110748e-23 4.279281e-24 1.538676e-23 
2.180000e+00 1.109106e-23 4.274766e-24 1.536583e-23 
2.182000e+00 1.106731e-23 4.259061e-24 1.532637e-23 
2.184000e+00 1.104715e-23 4.247741e-24 1.529489e-23 
2.186000e+00 1.103525e-23 4.240776e-24 1.527602e-23 
2.188000e+00 1.101580e-23 4.230976e-24 1.524678e-23 
2.190000e+00 1.099084e-23 4.218608e-24 1.520945e-23 
2.192000e+00 1.096807e-23 4.208861e-24 1.517693e-23 
2.194000e+00 1.095243e-23 4.203046e-24 1.515548e-23 
2.196000e+00 1.093347e-23 4.192299e-24 1.512576e-23 
2.198000e+00 1.091610e-23 4.184753e-24 1.510085e-23 
2.200000e+00 1.089743e-23 4.172061e-24 1.506949e-23 
2.202000e+00 1.087484e-23 4.168039e-24 1.504288e-23 
2.204000e+00 1.085409e-23 4.157556e-24 1.501165e-23 
2.206000e+00 1.083315e-23 4.149488e-24 1.498264e-23 
2.208000e+00 1.081662e-23 4.135713e-24 1.495233e-23 
2.210000e+00 1.079324e-23 4.127457e-24 1.492070e-23 
2.212000e+00 1.077958e-23 4.114013e-24 1.489359e-23 
2.214000e+00 1.075863e-23 4.108297e-24 1.486692e-23 
2.216000e+00 1.073932e-23 4.101567e-24 1.484088e-23 
2.218000e+00 1.072269e-23 4.093207e-24 1.481590e-23 
2.220000e+00 1.070719e-23 4.083085e-24 1.479027e-23 
2.222000e+00 1.068322e-23 4.074205e-24 1.475743e-23 
2.224000e+00 1.066545e-23 4.065963e-24 1.473142e-23 
2.226000e+00 1.064406e-23 4.056620e-24 1.470068e-23 
2.228000e+00 1.062892e-23 4.042715e-24 1.467164e-23 
2.230000e+00 1.060805e-23 4.032156e-24 1.464021e-23 
2.232000e+00 1.059158e-23 4.022366e-24 1.461395e-23 
2.234000e+00 1.056951e-23 4.016771e-24 1.458628e-23 
2.236000e+00 1.056167e-23 4.004627e-24 1.456629e-23 
2.238000e+00 1.054514e-23 3.997430e-24 1.454257e-23 
2.240000e+00 1.052625e-23 3.992771e-24 1.451902e-23 
2.242000e+00 1.050043e-23 3.981773e-24 1.448220e-23 
2.244000e+00 1.048225e-23 3.969982e-24 1.445223e-23 
2.246000e+00 1.046310e-23 3.961436e-24 1.442454e-23 
2.248000e+00 1.044722e-23 3.955269e-24 1.440249e-23 
2.250000e+00 1.042461e-23 3.944063e-24 1.436867e-23 
2.252000e+00 1.040235e-23 3.935484e-24 1.433783e-23 
2.254000e+00 1.038360e-23 3.928541e-24 1.431215e-23 
2.256000e+00 1.036711e-23 3.920060e-24 1.428717e-23 
2.258000e+00 1.034500e-23 3.912187e-24 1.425719e-23 
2.260000e+00 1.032636e-23 3.901560e-24 1.422792e-23 
2.262000e+00 1.031918e-23 3.893559e-24 1.421274e-23 
2.264000e+00 1.029918e-23 3.884880e-24 1.418406e-23 
2.266000e+00 1.027580e-23 3.876140e-24 1.415194e-23 
2.268000e+00 1.025914e-23 3.865652e-24 1.412479e-23 
2.270000e+00 1.023588e-23 3.858693e-24 1.409457e-23 
2.272000e+00 1.021746e-23 3.846510e-24 1.406397e-23 
2.274000e+00 1.020674e-23 3.839233e-24 1.404597e-23 
2.276000e+00 1.019141e-23 3.830248e-24 1.402166e-23 
2.278000e+00 1.016733e-23 3.825455e-24 1.399279e-23 
2.280000e+00 1.014642e-23 3.817007e-24 1.396343e-23 
2.282000e+00 1.013791e-23 3.808849e-24 1.394676e-23 
2.284000e+00 1.011355e-23 3.799238e-24 1.391279e-23 
2.286000e+00 1.010340e-23 3.791036e-24 1.389444e-23 
2.288000e+00 1.008126e-23 3.780271e-24 1.386153e-23 
2.290000e+00 1.006332e-23 3.771390e-24 1.383471e-23 
2.292000e+00 1.005011e-23 3.760464e-24 1.381057e-23 
2.294000e+00 1.003165e-23 3.757150e-24 1.378880e-23 
2.296000e+00 1.001203e-23 3.747676e-24 1.375971e-23 
2.298000e+00 9.986846e-24 3.738694e-24 1.372554e-23 
2.300000e+00 9.976020e-24 3.732588e-24 1.370861e-23 
2.302000e+00 9.954079e-24 3.725151e-24 1.367923e-23 
2.304000e+00 9.933957e-24 3.716778e-24 1.365073e-23 
2.306000e+00 9.925337e-24 3.704464e-24 1.362980e-23 
2.308000e+00 9.900524e-24 3.701455e-24 1.360198e-23 
2.310000e+00 9.892704e-24 3.692345e-24 1.358505e-23 
2.312000e+00 9.871861e-24 3.683116e-24 1.355498e-23 
2.314000e+00 9.856586e-24 3.675154e-24 1.353174e-23 
2.316000e+00 9.837736e-24 3.666774e-24 1.350451e-23 
2.318000e+00 9.822581e-24 3.657017e-24 1.347960e-23 
2.320000e+00 9.804400e-24 3.650107e-24 1.345451e-23 
2.322000e+00 9.783494e-24 3.644784e-24 1.342828e-23 
2.324000e+00 9.770858e-24 3.634129e-24 1.340499e-23 
2.326000e+00 9.747592e-24 3.624263e-24 1.337186e-23 
2.328000e+00 9.730713e-24 3.621144e-24 1.335186e-23 
2.330000e+00 9.716196e-24 3.611314e-24 1.332751e-23 
2.332000e+00 9.693425e-24 3.604369e-24 1.329779e-23 
2.334000e+00 9.677167e-24 3.598126e-24 1.327529e-23 
2.336000e+00 9.663083e-24 3.585575e-24 1.324866e-23 
2.338000e+00 9.638948e-24 3.578753e-24 1.321770e-23 
2.340000e+00 9.629455e-24 3.572771e-24 1.320223e-23 
2.342000e+00 9.618627e-24 3.562868e-24 1.318149e-23 
2.344000e+00 9.595525e-24 3.553986e-24 1.314951e-23 
2.346000e+00 9.583069e-24 3.550280e-24 1.313335e-23 
2.348000e+00 9.568446e-24 3.539026e-24 1.310747e-23 
2.350000e+00 9.546571e-24 3.533536e-24 1.308011e-23 
2.352000e+00 9.535027e-24 3.525946e-24 1.306097e-23 
2.354000e+00 9.527602e-24 3.518562e-24 1.304616e-23 
2.356000e+00 9.497641e-24 3.510652e-24 1.300829e-23 
2.358000e+00 9.489299e-24 3.502405e-24 1.299170e-23 
2.360000e+00 9.466230e-24 3.496447e-24 1.296268e-23 
2.362000e+00 9.451952e-24 3.491734e-24 1.294369e-23 
2.364000e+00 9.432951e-24 3.480578e-24 1.291353e-23 
2.366000e+00 9.418482e-24 3.477126e-24 1.289561e-23 
2.368000e+00 9.400329e-24 3.465433e-24 1.286576e-23 
2.370000e+00 9.380010e-24 3.461883e-24 1.284189e-23 
2.372000e+00 9.360788e-24 3.452768e-24 1.281356e-23 
2.374000e+00 9.350495e-24 3.446416e-24 1.279691e-23 
2.376000e+00 9.337980e-24 3.439511e-24 1.277749e-23 
2.378000e+00 9.323549e-24 3.430800e-24 1.275435e-23 
2.380000e+00 9.300115e-24 3.421558e-24 1.272167e-23 
2.382000e+00 9.291435e-24 3.419519e-24 1.271095e-23 
2.384000e+00 9.274466e-24 3.408147e-24 1.268261e-23 
2.386000e+00 9.253374e-24 3.402887e-24 1.265626e-23 
2.388000e+00 9.240692e-24 3.393297e-24 1.263399e-23 
2.390000e+00 9.217071e-24 3.387692e-24 1.260476e-23 
2.392000e+00 9.199906e-24 3.375752e-24 1.257566e-23 
2.394000e+00 9.187679e-24 3.374439e-24 1.256212e-23 
2.396000e+00 9.167097e-24 3.360884e-24 1.252798e-23 
2.398000e+00 9.153599e-24 3.359261e-24 1.251286e-23 
2.400000e+00 9.140552e-24 3.353416e-24 1.249397e-23 
2.402000e+00 9.124898e-24 3.342126e-24 1.246702e-23 
2.404000e+00 9.409196e-24 3.337965e-24 1.274716e-23 
2.406000e+00 9.092689e-24 3.381335e-24 1.247402e-23 
2.408000e+00 9.074974e-24 3.322471e-24 1.239745e-23 
2.410000e+00 9.060636e-24 3.316018e-24 1.237665e-23 
2.412000e+00 9.045530e-24 3.308209e-24 1.235374e-23 
2.414000e+00 9.035424e-24 3.303397e-24 1.233882e-23 
2.416000e+00 9.010893e-24 3.296814e-24 1.230771e-23 
2.418000e+00 8.995048e-24 3.289388e-24 1.228444e-23 
2.420000e+00 8.983060e-24 3.280906e-24 1.226397e-23 
2.422000e+00 8.972903e-24 3.275472e-24 1.224837e-23 
2.424000e+00 8.954800e-24 3.267123e-24 1.222192e-23 
2.426000e+00 8.934893e-24 3.263745e-24 1.219864e-23 
2.428000e+00 8.919250e-24 3.253043e-24 1.217229e-23 
2.430000e+00 8.901492e-24 3.247838e-24 1.214933e-23 
2.432000e+00 8.888441e-24 3.242416e-24 1.213086e-23 
2.434000e+00 8.879409e-24 3.229135e-24 1.210854e-23 
2.436000e+00 8.863376e-24 3.224581e-24 1.208796e-23 
2.438000e+00 8.848419e-24 3.222547e-24 1.207097e-23 
2.440000e+00 8.833330e-24 3.209985e-24 1.204331e-23 
2.442000e+00 8.818681e-24 3.203033e-24 1.202171e-23 
2.444000e+00 8.806184e-24 3.199066e-24 1.200525e-23 
2.446000e+00 8.793299e-24 3.190730e-24 1.198403e-23 
2.448000e+00 8.765636e-24 3.184861e-24 1.195050e-23 
2.450000e+00 8.753714e-24 3.179430e-24 1.193314e-23 
2.452000e+00 8.737074e-24 3.167316e-24 1.190439e-23 
2.454000e+00 8.723961e-24 3.164722e-24 1.188868e-23 
2.456000e+00 8.710888e-24 3.158740e-24 1.186963e-23 
2.458000e+00 8.695016e-24 3.148739e-24 1.184375e-23 
2.460000e+00 8.681474e-24 3.142529e-24 1.182400e-23 
2.462000e+00 8.666349e-24 3.138004e-24 1.180435e-23 
2.464000e+00 8.653623e-24 3.133111e-24 1.178673e-23 
2.466000e+00 8.635308e-24 3.124502e-24 1.175981e-23 
2.468000e+00 8.621602e-24 3.116179e-24 1.173778e-23 
2.470000e+00 8.606167e-24 3.109531e-24 1.171570e-23 
2.472000e+00 8.592293e-24 3.104549e-24 1.169684e-23 
2.474000e+00 8.576846e-24 3.097711e-24 1.167456e-23 
2.476000e+00 8.550398e-24 3.092041e-24 1.164244e-23 
2.478000e+00 8.535278e-24 3.084450e-24 1.161973e-23 
2.480000e+00 8.522347e-24 3.077963e-24 1.160031e-23 
2.482000e+00 8.512115e-24 3.073456e-24 1.158557e-23 
2.484000e+00 8.492872e-24 3.066622e-24 1.155949e-23 
2.486000e+00 8.489453e-24 3.059196e-24 1.154865e-23 
2.488000e+00 8.473024e-24 3.051879e-24 1.152490e-23 
2.490000e+00 8.459164e-24 3.047286e-24 1.150645e-23 
2.492000e+00 8.442824e-24 3.039850e-24 1.148267e-23 
2.494000e+00 8.428213e-24 3.034968e-24 1.146318e-23 
2.496000e+00 8.413751e-24 3.026294e-24 1.144005e-23 
2.498000e+00 8.393245e-24 3.018631e-24 1.141188e-23 
2.500000e+00 8.383327e-24 3.014430e-24 1.139776e-23 
2.502000e+00 8.363745e-24 3.009380e-24 1.137312e-23 
2.504000e+00 8.353041e-24 3.003399e-24 1.135644e-23 
2.506000e+00 8.339495e-24 2.993559e-24 1.133305e-23 
2.508000e+00 8.331909e-24 2.987632e-24 1.131954e-23 
2.510000e+00 8.314616e-24 2.984669e-24 1.129928e-23 
2.512000e+00 8.299458e-24 2.976370e-24 1.127583e-23 
2.514000e+00 8.279873e-24 2.969021e-24 1.124889e-23 
2.516000e+00 8.266939e-24 2.966020e-24 1.123296e-23 
2.518000e+00 8.250859e-24 2.959653e-24 1.121051e-23 
2.520000e+00 8.238273e-24 2.952756e-24 1.119103e-23 
2.522000e+00 8.226767e-24 2.947794e-24 1.117456e-23 
2.524000e+00 8.217994e-24 2.937952e-24 1.115595e-23 
2.526000e+00 8.201572e-24 2.931860e-24 1.113343e-23 
2.528000e+00 8.185819e-24 2.928343e-24 1.111416e-23 
2.530000e+00 8.171916e-24 2.921816e-24 1.109373e-23 
2.532000e+00 8.161109e-24 2.914851e-24 1.107596e-23 
2.534000e+00 8.148235e-24 2.910025e-24 1.105826e-23 
2.536000e+00 8.132090e-24 2.902748e-24 1.103484e-23 
2.538000e+00 8.112308e-24 2.898371e-24 1.101068e-23 
2.540000e+00 8.098938e-24 2.894932e-24 1.099387e-23 
2.542000e+00 8.085547e-24 2.887083e-24 1.097263e-23 
2.544000e+00 8.075040e-24 2.880350e-24 1.095539e-23 
2.546000e+00 8.060113e-24 2.874199e-24 1.093431e-23 
2.548000e+00 8.045540e-24 2.869336e-24 1.091488e-23 
2.550000e+00 8.039778e-24 2.863711e-24 1.090349e-23 
2.552000e+00 8.023753e-24 2.859596e-24 1.088335e-23 
2.554000e+00 8.002846e-24 2.851284e-24 1.085413e-23 
2.556000e+00 7.997417e-24 2.847588e-24 1.084501e-23 
2.558000e+00 7.983634e-24 2.841219e-24 1.082485e-23 
2.560000e+00 7.966808e-24 2.834063e-24 1.080087e-23 
2.562000e+00 7.960989e-24 2.828581e-24 1.078957e-23 
2.564000e+00 7.939925e-24 2.818552e-24 1.075848e-23 
2.566000e+00 7.926323e-24 2.812396e-24 1.073872e-23 
2.568000e+00 7.908336e-24 2.806651e-24 1.071499e-23 
2.570000e+00 7.898620e-24 2.798676e-24 1.069730e-23 
2.572000e+00 7.890046e-24 2.794425e-24 1.068447e-23 
2.574000e+00 7.872814e-24 2.792045e-24 1.066486e-23 
2.576000e+00 7.857776e-24 2.788018e-24 1.064579e-23 
2.578000e+00 7.844174e-24 2.782937e-24 1.062711e-23 
2.580000e+00 7.826970e-24 2.776986e-24 1.060396e-23 
2.582000e+00 7.814085e-24 2.770147e-24 1.058423e-23 
2.584000e+00 7.797389e-24 2.763447e-24 1.056084e-23 
2.586000e+00 7.797259e-24 2.759912e-24 1.055717e-23 
2.588000e+00 7.776872e-24 2.753151e-24 1.053002e-23 
2.590000e+00 7.759819e-24 2.747290e-24 1.050711e-23 
2.592000e+00 7.751084e-24 2.740348e-24 1.049143e-23 
2.594000e+00 7.737976e-24 2.736487e-24 1.047446e-23 
2.596000e+00 7.726929e-24 2.730707e-24 1.045764e-23 
2.598000e+00 7.708602e-24 2.727241e-24 1.043584e-23 
2.600000e+00 7.698082e-24 2.723878e-24 1.042196e-23 
2.602000e+00 7.682732e-24 2.717263e-24 1.040000e-23 
2.604000e+00 7.668311e-24 2.710425e-24 1.037874e-23 
2.606000e+00 7.664500e-24 2.704457e-24 1.036896e-23 
2.608000e+00 7.641681e-24 2.695416e-24 1.033710e-23 
2.610000e+00 7.639975e-24 2.692388e-24 1.033236e-23 
2.612000e+00 7.626597e-24 2.684380e-24 1.031098e-23 
2.614000e+00 7.614642e-24 2.681818e-24 1.029646e-23 
2.616000e+00 7.597714e-24 2.674408e-24 1.027212e-23 
2.618000e+00 7.591752e-24 2.673466e-24 1.026522e-23 
2.620000e+00 7.576238e-24 2.668705e-24 1.024494e-23 
2.622000e+00 7.562456e-24 2.660835e-24 1.022329e-23 
2.624000e+00 7.548267e-24 2.656415e-24 1.020468e-23 
2.626000e+00 7.526813e-24 2.648447e-24 1.017526e-23 
2.628000e+00 7.523714e-24 2.644228e-24 1.016794e-23 
2.630000e+00 7.507826e-24 2.638539e-24 1.014636e-23 
2.632000e+00 7.495706e-24 2.632094e-24 1.012780e-23 
2.634000e+00 7.481769e-24 2.631608e-24 1.011338e-23 
2.636000e+00 7.464646e-24 2.625072e-24 1.008972e-23 
2.638000e+00 7.459859e-24 2.616203e-24 1.007606e-23 
2.640000e+00 7.446622e-24 2.611874e-24 1.005850e-23 
2.642000e+00 7.427404e-24 2.606190e-24 1.003359e-23 
2.644000e+00 7.424769e-24 2.604235e-24 1.002900e-23 
2.646000e+00 7.406163e-24 2.601096e-24 1.000726e-23 
2.648000e+00 7.396554e-24 2.592133e-24 9.988687e-24 
2.650000e+00 7.390648e-24 2.587321e-24 9.977969e-24 
2.652000e+00 7.370484e-24 2.580362e-24 9.950846e-24 
2.654000e+00 7.364812e-24 2.578782e-24 9.943594e-24 
2.656000e+00 7.342956e-24 2.572472e-24 9.915428e-24 
2.658000e+00 7.339024e-24 2.568236e-24 9.907260e-24 
2.660000e+00 7.323375e-24 2.559806e-24 9.883181e-24 
2.662000e+00 7.311556e-24 2.556168e-24 9.867724e-24 
2.664000e+00 7.300403e-24 2.553726e-24 9.854129e-24 
2.666000e+00 7.287959e-24 2.545599e-24 9.833558e-24 
2.668000e+00 7.269583e-24 2.540803e-24 9.810386e-24 
2.670000e+00 7.264038e-24 2.533653e-24 9.797691e-24 
2.672000e+00 7.246412e-24 2.526483e-24 9.772895e-24 
2.674000e+00 7.233039e-24 2.524896e-24 9.757935e-24 
2.676000e+00 7.218871e-24 2.521666e-24 9.740537e-24 
2.678000e+00 7.208751e-24 2.514883e-24 9.723634e-24 
2.680000e+00 7.200910e-24 2.509437e-24 9.710347e-24 
2.682000e+00 7.187516e-24 2.503857e-24 9.691373e-24 
2.684000e+00 7.175200e-24 2.502057e-24 9.677257e-24 
2.686000e+00 7.165396e-24 2.494504e-24 9.659900e-24 
2.688000e+00 7.148478e-24 2.488730e-24 9.637208e-24 
2.690000e+00 7.143924e-24 2.482227e-24 9.626151e-24 
2.692000e+00 7.121448e-24 2.478929e-24 9.600377e-24 
2.694000e+00 7.115843e-24 2.475651e-24 9.591494e-24 
2.696000e+00 7.103151e-24 2.468703e-24 9.571854e-24 
2.698000e+00 7.088012e-24 2.466193e-24 9.554204e-24 
2.700000e+00 7.077048e-24 2.459690e-24 9.536738e-24 
2.702000e+00 7.070036e-24 2.454856e-24 9.524892e-24 
2.704000e+00 7.048803e-24 2.453191e-24 9.501995e-24 
2.706000e+00 7.048631e-24 2.446944e-24 9.495574e-24 
2.708000e+00 7.035808e-24 2.441957e-24 9.477765e-24 
2.710000e+00 7.024611e-24 2.436986e-24 9.461598e-24 
2.712000e+00 7.007794e-24 2.432091e-24 9.439885e-24 
2.714000e+00 6.995331e-24 2.426372e-24 9.421703e-24 
2.716000e+00 6.993353e-24 2.422192e-24 9.415545e-24 
2.718000e+00 6.979483e-24 2.418560e-24 9.398043e-24 
2.720000e+00 6.976532e-24 2.414490e-24 9.391022e-24 
2.722000e+00 6.953748e-24 2.409175e-24 9.362924e-24 
2.724000e+00 6.949984e-24 2.404469e-24 9.354453e-24 
2.726000e+00 6.935876e-24 2.400380e-24 9.336257e-24 
2.728000e+00 6.914906e-24 2.397649e-24 9.312555e-24 
2.730000e+00 6.908147e-24 2.390259e-24 9.298406e-24 
2.732000e+00 6.898740e-24 2.384795e-24 9.283535e-24 
2.734000e+00 6.893225e-24 2.382869e-24 9.276094e-24 
2.736000e+00 6.875763e-24 2.376319e-24 9.252082e-24 
2.738000e+00 6.864675e-24 2.370361e-24 9.235036e-24 
2.740000e+00 6.854344e-24 2.368537e-24 9.222881e-24 
2.742000e+00 6.845103e-24 2.362066e-24 9.207170e-24 
2.744000e+00 6.837321e-24 2.357792e-24 9.195113e-24 
2.746000e+00 6.820625e-24 2.354300e-24 9.174925e-24 
2.748000e+00 6.810988e-24 2.347130e-24 9.158118e-24 
2.750000e+00 6.799272e-24 2.339796e-24 9.139068e-24 
2.752000e+00 6.781220e-24 2.339591e-24 9.120812e-24 
2.754000e+00 6.773887e-24 2.335012e-24 9.108899e-24 
2.756000e+00 6.764293e-24 2.330402e-24 9.094694e-24 
2.758000e+00 6.749954e-24 2.325460e-24 9.075414e-24 
2.760000e+00 6.744297e-24 2.320417e-24 9.064714e-24 
2.762000e+00 6.726765e-24 2.316703e-24 9.043468e-24 
2.764000e+00 6.719083e-24 2.309122e-24 9.028205e-24 
2.766000e+00 6.707054e-24 2.308107e-24 9.015162e-24 
2.768000e+00 6.697825e-24 2.303391e-24 9.001216e-24 
2.770000e+00 6.690315e-24 2.301302e-24 8.991617e-24 
2.772000e+00 6.682119e-24 2.293981e-24 8.976101e-24 
2.774000e+00 6.672359e-24 2.287069e-24 8.959428e-24 
2.776000e+00 6.651619e-24 2.284259e-24 8.935878e-24 
2.778000e+00 6.642260e-24 2.279772e-24 8.922032e-24 
2.780000e+00 6.629713e-24 2.275647e-24 8.905361e-24 
2.782000e+00 6.622660e-24 2.271882e-24 8.894541e-24 
2.784000e+00 6.611498e-24 2.270647e-24 8.882145e-24 
2.786000e+00 6.605253e-24 2.263945e-24 8.869197e-24 
2.788000e+00 6.595301e-24 2.262707e-24 8.858008e-24 
2.790000e+00 6.586594e-24 2.255364e-24 8.841959e-24 
2.792000e+00 6.562192e-24 2.251518e-24 8.813710e-24 
2.794000e+00 6.556914e-24 2.245535e-24 8.802449e-24 
2.796000e+00 6.543413e-24 2.242545e-24 8.785958e-24 
2.798000e+00 6.537152e-24 2.238494e-24 8.775646e-24 
2.800000e+00 6.529104e-24 2.231393e-24 8.760497e-24 
2.802000e+00 6.516868e-24 2.231178e-24 8.748046e-24 
2.804000e+00 6.504320e-24 2.223373e-24 8.727694e-24 
2.806000e+00 6.496656e-24 2.220088e-24 8.716744e-24 
2.808000e+00 6.488325e-24 2.214678e-24 8.703002e-24 
2.810000e+00 6.468517e-24 2.211237e-24 8.679754e-24 
2.812000e+00 6.461725e-24 2.210219e-24 8.671944e-24 
2.814000e+00 6.451372e-24 2.202251e-24 8.653623e-24 
2.816000e+00 6.438545e-24 2.200389e-24 8.638934e-24 
2.818000e+00 6.429498e-24 2.193519e-24 8.623017e-24 
2.820000e+00 6.424505e-24 2.190099e-24 8.614604e-24 
2.822000e+00 6.413183e-24 2.183084e-24 8.596266e-24 
2.824000e+00 6.401215e-24 2.182408e-24 8.583623e-24 
2.826000e+00 6.389135e-24 2.176107e-24 8.565242e-24 
2.828000e+00 6.384530e-24 2.174160e-24 8.558690e-24 
2.830000e+00 6.357461e-24 2.168162e-24 8.525622e-24 
2.832000e+00 6.355112e-24 2.166442e-24 8.521554e-24 
2.834000e+00 6.342864e-24 2.159017e-24 8.501881e-24 
2.836000e+00 6.330764e-24 2.157818e-24 8.488582e-24 
2.838000e+00 6.321761e-24 2.154968e-24 8.476730e-24 
2.840000e+00 6.315757e-24 2.149077e-24 8.464835e-24 
2.842000e+00 6.302302e-24 2.146427e-24 8.448729e-24 
2.844000e+00 6.290307e-24 2.140639e-24 8.430946e-24 
2.846000e+00 6.281814e-24 2.137647e-24 8.419461e-24 
2.848000e+00 6.271935e-24 2.130723e-24 8.402658e-24 
2.850000e+00 6.261960e-24 2.128683e-24 8.390643e-24 
2.852000e+00 6.257870e-24 2.121986e-24 8.379855e-24 
2.854000e+00 6.243337e-24 2.119933e-24 8.363269e-24 
2.856000e+00 6.227909e-24 2.113713e-24 8.341622e-24 
2.858000e+00 6.218840e-24 2.110831e-24 8.329671e-24 
2.860000e+00 6.209630e-24 2.106672e-24 8.316302e-24 
2.862000e+00 6.201555e-24 2.106408e-24 8.307963e-24 
2.864000e+00 6.189749e-24 2.099405e-24 8.289155e-24 
2.866000e+00 6.178560e-24 2.095048e-24 8.273608e-24 
2.868000e+00 6.166402e-24 2.092942e-24 8.259344e-24 
2.870000e+00 6.159863e-24 2.088242e-24 8.248105e-24 
2.872000e+00 6.148556e-24 2.085146e-24 8.233702e-24 
2.874000e+00 6.147777e-24 2.079397e-24 8.227174e-24 
2.876000e+00 6.135766e-24 2.078126e-24 8.213891e-24 
2.878000e+00 6.123740e-24 2.069748e-24 8.193488e-24 
2.880000e+00 6.117005e-24 2.067111e-24 8.184116e-24 
2.882000e+00 6.109160e-24 2.061111e-24 8.170270e-24 
2.884000e+00 6.095580e-24 2.058762e-24 8.154342e-24 
2.886000e+00 6.083824e-24 2.057400e-24 8.141225e-24 
2.888000e+00 6.074598e-24 2.049315e-24 8.123913e-24 
2.890000e+00 6.060750e-24 2.046370e-24 8.107120e-24 
2.892000e+00 6.058896e-24 2.045288e-24 8.104184e-24 
2.894000e+00 6.053822e-24 2.039383e-24 8.093206e-24 
2.896000e+00 6.039975e-24 2.038150e-24 8.078125e-24 
2.898000e+00 6.026999e-24 2.036314e-24 8.063313e-24 
2.900000e+00 6.017512e-24 2.028446e-24 8.045958e-24 
2.902000e+00 6.009693e-24 2.026139e-24 8.035832e-24 
2.904000e+00 5.999829e-24 2.025211e-24 8.025041e-24 
2.906000e+00 5.988775e-24 2.017634e-24 8.006409e-24 
2.908000e+00 5.983656e-24 2.017609e-24 8.001265e-24 
2.910000e+00 5.977542e-24 2.007200e-24 7.984742e-24 
2.912000e+00 5.969280e-24 2.006256e-24 7.975536e-24 
2.914000e+00 5.955272e-24 2.005642e-24 7.960914e-24 
2.916000e+00 5.943626e-24 1.998620e-24 7.942246e-24 
2.918000e+00 5.932596e-24 1.997675e-24 7.930271e-24 
2.920000e+00 5.922415e-24 1.993872e-24 7.916287e-24 
2.922000e+00 5.916388e-24 1.986113e-24 7.902501e-24 
2.924000e+00 5.903135e-24 1.985954e-24 7.889090e-24 
2.926000e+00 5.897925e-24 1.983576e-24 7.881501e-24 
2.928000e+00 5.889915e-24 1.975773e-24 7.865688e-24 
2.930000e+00 5.878959e-24 1.975457e-24 7.854415e-24 
2.932000e+00 5.867779e-24 1.969851e-24 7.837630e-24 
2.934000e+00 5.856040e-24 1.966919e-24 7.822959e-24 
2.936000e+00 5.845328e-24 1.963334e-24 7.808662e-24 
2.938000e+00 5.838647e-24 1.959636e-24 7.798283e-24 
2.940000e+00 5.828333e-24 1.954742e-24 7.783075e-24 
2.942000e+00 5.822640e-24 1.949759e-24 7.772400e-24 
2.944000e+00 5.812142e-24 1.950091e-24 7.762233e-24 
2.946000e+00 5.803808e-24 1.942133e-24 7.745941e-24 
2.948000e+00 5.791094e-24 1.940014e-24 7.731107e-24 
2.950000e+00 5.778937e-24 1.938893e-24 7.717830e-24 
2.952000e+00 5.766533e-24 1.931345e-24 7.697879e-24 
2.954000e+00 5.763259e-24 1.927330e-24 7.690589e-24 
2.956000e+00 5.754042e-24 1.927535e-24 7.681577e-24 
2.958000e+00 5.740406e-24 1.926120e-24 7.666525e-24 
2.960000e+00 5.735366e-24 1.919315e-24 7.654682e-24 
2.962000e+00 5.731228e-24 1.916008e-24 7.647236e-24 
2.964000e+00 5.718927e-24 1.915753e-24 7.634679e-24 
2.966000e+00 5.707932e-24 1.908631e-24 7.616563e-24 
2.968000e+00 5.703496e-24 1.906858e-24 7.610354e-24 
2.970000e+00 5.697359e-24 1.901340e-24 7.598699e-24 
2.972000e+00 5.682081e-24 1.900447e-24 7.582529e-24 
2.974000e+00 5.670988e-24 1.893364e-24 7.564352e-24 
2.976000e+00 5.663594e-24 1.891510e-24 7.555104e-24 
2.978000e+00 5.662012e-24 1.888486e-24 7.550498e-24 
2.980000e+00 5.650399e-24 1.881908e-24 7.532307e-24 
2.982000e+00 5.640097e-24 1.882259e-24 7.522356e-24 
2.984000e+00 5.626279e-24 1.880074e-24 7.506352e-24 
2.986000e+00 5.628323e-24 1.876991e-24 7.505314e-24 
2.988000e+00 5.614562e-24 1.870071e-24 7.484634e-24 
2.990000e+00 5.601283e-24 1.867927e-24 7.469210e-24 
2.992000e+00 5.596544e-24 1.861952e-24 7.458496e-24 
2.994000e+00 5.587065e-24 1.859258e-24 7.446322e-24 
2.996000e+00 5.576137e-24 1.855563e-24 7.431699e-24 
2.998000e+00 5.564654e-24 1.854086e-24 7.418740e-24 
