1.000000e-01 1.837372e-22 1.381472e-22 3.218845e-22 
1.020000e-01 1.833972e-22 1.371090e-22 3.205062e-22 
1.040000e-01 1.826000e-22 1.359110e-22 3.185111e-22 
1.060000e-01 1.813967e-22 1.348448e-22 3.162415e-22 
1.080000e-01 1.797230e-22 1.337129e-22 3.134359e-22 
1.100000e-01 1.773920e-22 1.325210e-22 3.099130e-22 
1.120000e-01 1.740064e-22 1.314215e-22 3.054279e-22 
1.140000e-01 1.682660e-22 1.302535e-22 2.985196e-22 
1.160000e-01 1.512856e-22 1.290220e-22 2.803076e-22 
1.180000e-01 1.660784e-22 1.279333e-22 2.940117e-22 
1.200000e-01 1.719682e-22 1.268024e-22 2.987706e-22 
1.220000e-01 1.749069e-22 1.255934e-22 3.005003e-22 
1.240000e-01 1.768223e-22 1.244730e-22 3.012953e-22 
1.260000e-01 1.782259e-22 1.233230e-22 3.015489e-22 
1.280000e-01 1.792906e-22 1.221686e-22 3.014592e-22 
1.300000e-01 1.801014e-22 1.210281e-22 3.011295e-22 
1.320000e-01 1.807480e-22 1.198871e-22 3.006351e-22 
1.340000e-01 1.812695e-22 1.187315e-22 3.000009e-22 
1.360000e-01 1.816765e-22 1.176091e-22 2.992856e-22 
1.380000e-01 1.819894e-22 1.164465e-22 2.984359e-22 
1.400000e-01 1.822219e-22 1.153263e-22 2.975481e-22 
1.420000e-01 1.824061e-22 1.141628e-22 2.965689e-22 
1.440000e-01 1.825182e-22 1.130137e-22 2.955319e-22 
1.460000e-01 1.825630e-22 1.118576e-22 2.944206e-22 
1.480000e-01 1.825411e-22 1.107244e-22 2.932655e-22 
1.500000e-01 1.824723e-22 1.095768e-22 2.920491e-22 
1.520000e-01 1.823535e-22 1.084023e-22 2.907558e-22 
1.540000e-01 1.821454e-22 1.072821e-22 2.894275e-22 
1.560000e-01 1.818600e-22 1.045863e-22 2.864463e-22 
1.580000e-01 1.814755e-22 1.034330e-22 2.849085e-22 
1.600000e-01 1.810084e-22 1.023403e-22 2.833487e-22 
1.620000e-01 1.803836e-22 1.012062e-22 2.815898e-22 
1.640000e-01 1.794351e-22 1.000491e-22 2.794842e-22 
1.660000e-01 1.777250e-22 9.893416e-23 2.766592e-22 
1.680000e-01 1.727104e-22 9.783872e-23 2.705491e-22 
1.700000e-01 1.745970e-22 9.675237e-23 2.713494e-22 
1.720000e-01 1.766920e-22 9.564644e-23 2.723384e-22 
1.740000e-01 1.776839e-22 9.453036e-23 2.722142e-22 
1.760000e-01 1.783244e-22 9.341314e-23 2.717376e-22 
1.780000e-01 1.788142e-22 9.229377e-23 2.711080e-22 
1.800000e-01 1.792118e-22 9.116645e-23 2.703782e-22 
1.820000e-01 1.795533e-22 9.003546e-23 2.695888e-22 
1.840000e-01 1.798634e-22 8.889790e-23 2.687613e-22 
1.860000e-01 1.801485e-22 8.776528e-23 2.679138e-22 
1.880000e-01 1.788605e-22 8.660423e-23 2.654647e-22 
1.900000e-01 1.807085e-22 8.544777e-23 2.661562e-22 
1.920000e-01 1.810370e-22 8.428476e-23 2.653217e-22 
1.940000e-01 1.815035e-22 8.313499e-23 2.646385e-22 
1.960000e-01 1.822246e-22 8.196043e-23 2.641850e-22 
1.980000e-01 1.839568e-22 8.079298e-23 2.647497e-22 
2.000000e-01 1.875364e-22 7.961600e-23 2.671524e-22 
2.020000e-01 1.849008e-22 7.844956e-23 2.633503e-22 
2.040000e-01 1.838533e-22 7.727835e-23 2.611316e-22 
2.060000e-01 1.831188e-22 7.605992e-23 2.591787e-22 
2.080000e-01 1.825278e-22 7.484265e-23 2.573705e-22 
2.100000e-01 1.819968e-22 7.360857e-23 2.556054e-22 
2.120000e-01 1.815076e-22 7.232641e-23 2.538340e-22 
2.140000e-01 1.810574e-22 7.102249e-23 2.520799e-22 
2.160000e-01 1.806252e-22 6.969830e-23 2.503235e-22 
2.180000e-01 1.801918e-22 6.832100e-23 2.485128e-22 
2.200000e-01 1.798094e-22 6.698370e-23 2.467931e-22 
2.220000e-01 1.663337e-22 6.563397e-23 2.319677e-22 
2.240000e-01 1.790434e-22 6.426857e-23 2.433119e-22 
2.260000e-01 1.786353e-22 6.286136e-23 2.414967e-22 
2.280000e-01 1.781880e-22 6.137015e-23 2.395581e-22 
2.300000e-01 1.777505e-22 5.987985e-23 2.376303e-22 
2.320000e-01 1.773208e-22 5.832865e-23 2.356495e-22 
2.340000e-01 1.768675e-22 5.671560e-23 2.335831e-22 
2.360000e-01 1.764175e-22 5.506852e-23 2.314860e-22 
2.380000e-01 1.759517e-22 5.336043e-23 2.293121e-22 
2.400000e-01 1.754643e-22 5.193611e-23 2.274004e-22 
2.420000e-01 1.749970e-22 5.080211e-23 2.257991e-22 
2.440000e-01 1.745087e-22 4.970419e-23 2.242129e-22 
2.460000e-01 1.740448e-22 4.826932e-23 2.223142e-22 
2.480000e-01 1.735867e-22 4.656128e-23 2.201480e-22 
2.500000e-01 1.731293e-22 4.454277e-23 2.176721e-22 
2.520000e-01 1.726728e-22 4.204036e-23 2.147132e-22 
2.540000e-01 1.721990e-22 3.923941e-23 2.114384e-22 
2.560000e-01 1.717343e-22 3.615370e-23 2.078880e-22 
2.580000e-01 1.712544e-22 3.261307e-23 2.038675e-22 
2.600000e-01 1.707751e-22 2.808253e-23 1.988577e-22 
2.620000e-01 1.702827e-22 2.258140e-23 1.928641e-22 
2.640000e-01 1.697858e-22 1.600420e-23 1.857900e-22 
2.660000e-01 1.692986e-22 9.705555e-24 1.790041e-22 
2.680000e-01 1.644995e-22 4.349427e-24 1.688489e-22 
2.700000e-01 1.683148e-22 9.198735e-25 1.692346e-22 
2.720000e-01 1.678184e-22 7.790183e-25 1.685974e-22 
2.740000e-01 1.673438e-22 4.765637e-24 1.721094e-22 
2.760000e-01 1.668743e-22 1.323864e-23 1.801130e-22 
2.780000e-01 1.664154e-22 1.936150e-23 1.857769e-22 
2.800000e-01 1.659460e-22 3.199533e-23 1.979413e-22 
2.820000e-01 1.654679e-22 3.726125e-23 2.027292e-22 
2.840000e-01 1.649631e-22 3.542930e-23 2.003924e-22 
2.860000e-01 1.644679e-22 3.362003e-23 1.980879e-22 
2.880000e-01 1.639459e-22 3.260640e-23 1.965523e-22 
2.900000e-01 1.634306e-22 3.236163e-23 1.957922e-22 
2.920000e-01 1.628862e-22 3.274906e-23 1.956352e-22 
2.940000e-01 1.623504e-22 3.368122e-23 1.960317e-22 
2.960000e-01 1.617991e-22 3.488924e-23 1.966883e-22 
2.980000e-01 1.612580e-22 3.634984e-23 1.976079e-22 
3.000000e-01 1.607008e-22 3.773617e-23 1.984369e-22 
3.020000e-01 1.601446e-22 3.885276e-23 1.989974e-22 
3.040000e-01 1.595649e-22 3.971462e-23 1.992795e-22 
3.060000e-01 1.589952e-22 4.043673e-23 1.994319e-22 
3.080000e-01 1.584053e-22 4.115420e-23 1.995595e-22 
3.100000e-01 1.578230e-22 4.165417e-23 1.994772e-22 
3.120000e-01 1.572217e-22 4.209665e-23 1.993183e-22 
3.140000e-01 1.566209e-22 4.233390e-23 1.989548e-22 
3.160000e-01 1.560083e-22 4.243095e-23 1.984392e-22 
3.180000e-01 1.553937e-22 4.235491e-23 1.977486e-22 
3.200000e-01 1.547776e-22 4.237663e-23 1.971542e-22 
3.220000e-01 1.541516e-22 4.245694e-23 1.966085e-22 
3.240000e-01 1.535313e-22 4.269892e-23 1.962302e-22 
3.260000e-01 1.528936e-22 4.298791e-23 1.958815e-22 
3.280000e-01 1.522650e-22 4.323490e-23 1.954999e-22 
3.300000e-01 1.516255e-22 4.348829e-23 1.951138e-22 
3.320000e-01 1.509995e-22 4.370329e-23 1.947028e-22 
3.340000e-01 1.503798e-22 4.391877e-23 1.942985e-22 
3.360000e-01 1.497620e-22 4.408308e-23 1.938451e-22 
3.380000e-01 1.491415e-22 4.378259e-23 1.929241e-22 
3.400000e-01 1.485124e-22 4.438188e-23 1.928943e-22 
3.420000e-01 1.478842e-22 4.452484e-23 1.924090e-22 
3.440000e-01 1.472319e-22 4.468192e-23 1.919138e-22 
3.460000e-01 1.465944e-22 4.483682e-23 1.914312e-22 
3.480000e-01 1.459330e-22 4.497566e-23 1.909087e-22 
3.500000e-01 1.452651e-22 4.511049e-23 1.903756e-22 
3.520000e-01 1.445993e-22 4.522481e-23 1.898241e-22 
3.540000e-01 1.439110e-22 4.533743e-23 1.892485e-22 
3.560000e-01 1.432395e-22 4.543807e-23 1.886776e-22 
3.580000e-01 1.425531e-22 4.553751e-23 1.880907e-22 
3.600000e-01 1.418709e-22 4.561445e-23 1.874854e-22 
3.620000e-01 1.411876e-22 4.569361e-23 1.868812e-22 
3.640000e-01 1.404989e-22 4.577114e-23 1.862701e-22 
3.660000e-01 1.398160e-22 4.585203e-23 1.856680e-22 
3.680000e-01 1.391222e-22 4.591499e-23 1.850372e-22 
3.700000e-01 1.384304e-22 4.595848e-23 1.843889e-22 
3.720000e-01 1.377320e-22 4.604093e-23 1.837729e-22 
3.740000e-01 1.370187e-22 4.610476e-23 1.831234e-22 
3.760000e-01 1.363083e-22 4.615102e-23 1.824593e-22 
3.780000e-01 1.355799e-22 4.619420e-23 1.817741e-22 
3.800000e-01 1.348387e-22 4.622213e-23 1.810609e-22 
3.820000e-01 1.341021e-22 4.624305e-23 1.803452e-22 
3.840000e-01 1.333352e-22 4.626330e-23 1.795985e-22 
3.860000e-01 1.325832e-22 4.628604e-23 1.788692e-22 
3.880000e-01 1.318303e-22 4.630640e-23 1.781367e-22 
3.900000e-01 1.310677e-22 4.632203e-23 1.773897e-22 
3.920000e-01 1.303098e-22 4.634032e-23 1.766501e-22 
3.940000e-01 1.295470e-22 4.635700e-23 1.759040e-22 
3.960000e-01 1.287913e-22 4.637517e-23 1.751665e-22 
3.980000e-01 1.280425e-22 4.638764e-23 1.744301e-22 
4.000000e-01 1.272857e-22 4.639626e-23 1.736820e-22 
4.020000e-01 1.265355e-22 4.639852e-23 1.729340e-22 
4.040000e-01 1.257822e-22 4.638754e-23 1.721697e-22 
4.060000e-01 1.250161e-22 4.637939e-23 1.713955e-22 
4.080000e-01 1.242524e-22 4.637030e-23 1.706227e-22 
4.100000e-01 1.234821e-22 4.636400e-23 1.698461e-22 
4.120000e-01 1.227059e-22 4.635268e-23 1.690586e-22 
4.140000e-01 1.219390e-22 4.634119e-23 1.682802e-22 
4.160000e-01 1.211642e-22 4.633070e-23 1.674949e-22 
4.180000e-01 1.203761e-22 4.630970e-23 1.666858e-22 
4.200000e-01 1.196066e-22 4.629941e-23 1.659060e-22 
4.220000e-01 1.188175e-22 4.628387e-23 1.651013e-22 
4.240000e-01 1.180262e-22 4.627037e-23 1.642966e-22 
4.260000e-01 1.172396e-22 4.625189e-23 1.634915e-22 
4.280000e-01 1.164456e-22 4.623182e-23 1.626774e-22 
4.300000e-01 1.156546e-22 4.551144e-23 1.611661e-22 
4.320000e-01 1.148666e-22 4.549224e-23 1.603589e-22 
4.340000e-01 1.140657e-22 4.547567e-23 1.595414e-22 
4.360000e-01 1.132663e-22 4.545999e-23 1.587263e-22 
4.380000e-01 1.124610e-22 4.544831e-23 1.579093e-22 
4.400000e-01 1.116507e-22 4.543533e-23 1.570860e-22 
4.420000e-01 1.108440e-22 4.540642e-23 1.562505e-22 
4.440000e-01 1.100420e-22 4.538050e-23 1.554225e-22 
4.460000e-01 1.092279e-22 4.535249e-23 1.545804e-22 
4.480000e-01 1.084084e-22 4.532520e-23 1.537336e-22 
4.500000e-01 1.075984e-22 4.530044e-23 1.528988e-22 
4.520000e-01 1.067777e-22 4.525224e-23 1.520299e-22 
4.540000e-01 1.059501e-22 4.520234e-23 1.511525e-22 
4.560000e-01 1.051276e-22 4.515622e-23 1.502838e-22 
4.580000e-01 1.043016e-22 4.510681e-23 1.494084e-22 
4.600000e-01 1.034632e-22 4.505967e-23 1.485229e-22 
4.620000e-01 1.026351e-22 4.501241e-23 1.476475e-22 
4.640000e-01 1.017991e-22 4.496434e-23 1.467634e-22 
4.660000e-01 1.009518e-22 4.491464e-23 1.458664e-22 
4.680000e-01 1.001070e-22 4.486783e-23 1.449748e-22 
4.700000e-01 9.925954e-23 4.482118e-23 1.440807e-22 
4.720000e-01 9.839477e-23 4.477240e-23 1.431672e-22 
4.740000e-01 9.752816e-23 4.471089e-23 1.422391e-22 
4.760000e-01 9.665785e-23 4.465042e-23 1.413083e-22 
4.780000e-01 9.578208e-23 4.458709e-23 1.403692e-22 
4.800000e-01 9.489581e-23 4.452215e-23 1.394180e-22 
4.820000e-01 9.400362e-23 4.444138e-23 1.384450e-22 
4.840000e-01 9.310482e-23 4.437476e-23 1.374796e-22 
4.860000e-01 9.219088e-23 4.430504e-23 1.364959e-22 
4.880000e-01 9.126813e-23 4.423765e-23 1.355058e-22 
4.900000e-01 9.033573e-23 4.415968e-23 1.344954e-22 
4.920000e-01 8.939519e-23 4.408076e-23 1.334760e-22 
4.940000e-01 8.843682e-23 4.400280e-23 1.324396e-22 
4.960000e-01 8.747417e-23 4.392067e-23 1.313948e-22 
4.980000e-01 8.648857e-23 4.384043e-23 1.303290e-22 
5.000000e-01 8.548029e-23 4.375812e-23 1.292384e-22 
5.020000e-01 8.446231e-23 4.368332e-23 1.281456e-22 
5.040000e-01 8.342238e-23 4.360590e-23 1.270283e-22 
5.060000e-01 8.235806e-23 4.352897e-23 1.258870e-22 
5.080000e-01 8.126648e-23 4.345293e-23 1.247194e-22 
5.100000e-01 8.014843e-23 4.337562e-23 1.235241e-22 
5.120000e-01 7.899135e-23 4.329991e-23 1.222913e-22 
5.140000e-01 7.780497e-23 4.322324e-23 1.210282e-22 
5.160000e-01 7.657512e-23 4.315093e-23 1.197260e-22 
5.180000e-01 7.529610e-23 4.307693e-23 1.183730e-22 
5.200000e-01 7.394614e-23 4.300464e-23 1.169508e-22 
5.220000e-01 7.253636e-23 4.293289e-23 1.154693e-22 
5.240000e-01 7.104023e-23 4.285668e-23 1.138969e-22 
5.260000e-01 6.944102e-23 4.277732e-23 1.122183e-22 
5.280000e-01 6.771691e-23 4.269655e-23 1.104135e-22 
5.300000e-01 6.584107e-23 4.261650e-23 1.084576e-22 
5.320000e-01 6.377333e-23 4.253760e-23 1.063109e-22 
5.340000e-01 6.134548e-23 4.245510e-23 1.038006e-22 
5.360000e-01 5.842619e-23 4.236836e-23 1.007946e-22 
5.380000e-01 5.444607e-23 4.227284e-23 9.671891e-23 
5.400000e-01 4.880449e-23 4.217924e-23 9.098373e-23 
5.420000e-01 4.251550e-23 4.208966e-23 8.460516e-23 
5.440000e-01 3.850424e-23 4.200762e-23 8.051186e-23 
5.460000e-01 3.917841e-23 4.192668e-23 8.110509e-23 
5.480000e-01 4.334746e-23 4.184277e-23 8.519023e-23 
5.500000e-01 4.774926e-23 4.174935e-23 8.949861e-23 
5.520000e-01 5.114176e-23 4.165678e-23 9.279854e-23 
5.540000e-01 5.319077e-23 4.156645e-23 9.475722e-23 
5.560000e-01 5.472124e-23 4.148421e-23 9.620545e-23 
5.580000e-01 5.588450e-23 4.140016e-23 9.728467e-23 
5.600000e-01 5.685367e-23 4.131963e-23 9.817330e-23 
5.620000e-01 5.767551e-23 4.123111e-23 9.890662e-23 
5.640000e-01 5.837247e-23 4.114194e-23 9.951440e-23 
5.660000e-01 5.897054e-23 4.105318e-23 1.000237e-22 
5.680000e-01 5.947525e-23 4.096245e-23 1.004377e-22 
5.700000e-01 5.990478e-23 4.087146e-23 1.007762e-22 
5.720000e-01 6.026993e-23 4.077830e-23 1.010482e-22 
5.740000e-01 6.059101e-23 4.068602e-23 1.012770e-22 
5.760000e-01 6.087843e-23 4.059193e-23 1.014704e-22 
5.780000e-01 6.111156e-23 4.050156e-23 1.016131e-22 
5.800000e-01 6.130394e-23 4.040868e-23 1.017126e-22 
5.820000e-01 6.147107e-23 4.031926e-23 1.017903e-22 
5.840000e-01 6.161274e-23 4.022958e-23 1.018423e-22 
5.860000e-01 6.173049e-23 4.014498e-23 1.018755e-22 
5.880000e-01 6.180643e-23 4.005276e-23 1.018592e-22 
5.900000e-01 6.186888e-23 3.996274e-23 1.018316e-22 
5.920000e-01 6.191272e-23 3.987036e-23 1.017831e-22 
5.940000e-01 6.193807e-23 3.977553e-23 1.017136e-22 
5.960000e-01 6.194157e-23 3.968544e-23 1.016270e-22 
5.980000e-01 6.192282e-23 3.959168e-23 1.015145e-22 
6.000000e-01 6.189920e-23 3.949686e-23 1.013961e-22 
6.020000e-01 6.185730e-23 3.939349e-23 1.012508e-22 
6.040000e-01 6.179839e-23 3.928843e-23 1.010868e-22 
6.060000e-01 6.172490e-23 3.918188e-23 1.009068e-22 
6.080000e-01 6.164158e-23 3.908750e-23 1.007291e-22 
6.100000e-01 6.155185e-23 3.900780e-23 1.005596e-22 
6.120000e-01 6.144984e-23 3.892270e-23 1.003725e-22 
6.140000e-01 6.132109e-23 3.884063e-23 1.001617e-22 
6.160000e-01 6.119624e-23 3.874304e-23 9.993928e-23 
6.180000e-01 6.105800e-23 3.864394e-23 9.970194e-23 
6.200000e-01 6.091258e-23 3.854498e-23 9.945757e-23 
6.220000e-01 6.074007e-23 3.844757e-23 9.918765e-23 
6.240000e-01 6.056982e-23 3.835402e-23 9.892384e-23 
6.260000e-01 6.039965e-23 3.826196e-23 9.866161e-23 
6.280000e-01 6.021646e-23 3.816939e-23 9.838584e-23 
6.300000e-01 6.002107e-23 3.807244e-23 9.809351e-23 
6.320000e-01 5.981854e-23 3.796993e-23 9.778847e-23 
6.340000e-01 5.960919e-23 3.786715e-23 9.747634e-23 
6.360000e-01 5.938922e-23 3.776482e-23 9.715404e-23 
6.380000e-01 5.916151e-23 3.767172e-23 9.683323e-23 
6.400000e-01 5.892226e-23 3.757196e-23 9.649422e-23 
6.420000e-01 5.866771e-23 3.747240e-23 9.614012e-23 
6.440000e-01 5.841473e-23 3.738060e-23 9.579533e-23 
6.460000e-01 5.814934e-23 3.729578e-23 9.544512e-23 
6.480000e-01 5.787147e-23 3.720981e-23 9.508128e-23 
6.500000e-01 5.757820e-23 3.713121e-23 9.470941e-23 
6.520000e-01 5.727385e-23 3.702962e-23 9.430346e-23 
6.540000e-01 5.696220e-23 3.692175e-23 9.388395e-23 
6.560000e-01 5.663064e-23 3.681481e-23 9.344545e-23 
6.580000e-01 5.628702e-23 3.670680e-23 9.299382e-23 
6.600000e-01 5.593000e-23 3.661268e-23 9.254268e-23 
6.620000e-01 5.555539e-23 3.651505e-23 9.207043e-23 
6.640000e-01 5.517187e-23 3.642075e-23 9.159262e-23 
6.660000e-01 5.476245e-23 3.632428e-23 9.108672e-23 
6.680000e-01 5.433810e-23 3.622572e-23 9.056382e-23 
6.700000e-01 5.389413e-23 3.612424e-23 9.001837e-23 
6.720000e-01 5.343955e-23 3.598160e-23 8.942115e-23 
6.740000e-01 5.296043e-23 3.588070e-23 8.884113e-23 
6.760000e-01 5.245224e-23 3.578558e-23 8.823782e-23 
6.780000e-01 5.192304e-23 3.569296e-23 8.761601e-23 
6.800000e-01 5.137395e-23 3.559915e-23 8.697310e-23 
6.820000e-01 5.077780e-23 3.550155e-23 8.627936e-23 
6.840000e-01 5.015107e-23 3.540839e-23 8.555946e-23 
6.860000e-01 4.948126e-23 3.531355e-23 8.479481e-23 
6.880000e-01 4.875227e-23 3.521821e-23 8.397048e-23 
6.900000e-01 4.797359e-23 3.511981e-23 8.309340e-23 
6.920000e-01 4.710405e-23 3.502506e-23 8.212912e-23 
6.940000e-01 4.611439e-23 3.492766e-23 8.104205e-23 
6.960000e-01 4.502566e-23 3.483378e-23 7.985944e-23 
6.980000e-01 4.368814e-23 3.473226e-23 7.842040e-23 
7.000000e-01 4.181365e-23 3.463530e-23 7.644895e-23 
7.020000e-01 3.959081e-23 3.453359e-23 7.412440e-23 
7.040000e-01 3.687036e-23 3.443776e-23 7.130812e-23 
7.060000e-01 3.503960e-23 3.433581e-23 6.937540e-23 
7.080000e-01 3.404452e-23 3.424170e-23 6.828622e-23 
7.100000e-01 3.510694e-23 3.413949e-23 6.924643e-23 
7.120000e-01 3.685386e-23 3.404260e-23 7.089646e-23 
7.140000e-01 3.932819e-23 3.394364e-23 7.327183e-23 
7.160000e-01 4.131019e-23 3.384925e-23 7.515944e-23 
7.180000e-01 4.301755e-23 3.375217e-23 7.676973e-23 
7.200000e-01 4.405936e-23 3.365608e-23 7.771543e-23 
7.220000e-01 4.487862e-23 3.356089e-23 7.843952e-23 
7.240000e-01 4.558955e-23 3.346942e-23 7.905897e-23 
7.260000e-01 4.615406e-23 3.337585e-23 7.952991e-23 
7.280000e-01 4.666150e-23 3.328708e-23 7.994858e-23 
7.300000e-01 4.712138e-23 3.318789e-23 8.030926e-23 
7.320000e-01 4.749087e-23 3.309224e-23 8.058311e-23 
7.340000e-01 4.783941e-23 3.299139e-23 8.083080e-23 
7.360000e-01 4.814207e-23 3.289328e-23 8.103536e-23 
7.380000e-01 4.841795e-23 3.279238e-23 8.121033e-23 
7.400000e-01 4.867203e-23 3.269231e-23 8.136434e-23 
7.420000e-01 4.888906e-23 3.259322e-23 8.148228e-23 
7.440000e-01 4.908515e-23 3.249802e-23 8.158318e-23 
7.460000e-01 4.926198e-23 3.239632e-23 8.165831e-23 
7.480000e-01 4.942608e-23 3.230249e-23 8.172856e-23 
7.500000e-01 4.957279e-23 3.220873e-23 8.178152e-23 
7.520000e-01 4.970404e-23 3.211911e-23 8.182315e-23 
7.540000e-01 4.981668e-23 3.202280e-23 8.183948e-23 
7.560000e-01 4.991519e-23 3.192830e-23 8.184349e-23 
7.580000e-01 5.000493e-23 3.183884e-23 8.184377e-23 
7.600000e-01 5.008884e-23 3.174672e-23 8.183556e-23 
7.620000e-01 5.015669e-23 3.165790e-23 8.181459e-23 
7.640000e-01 5.021889e-23 3.156627e-23 8.178516e-23 
7.660000e-01 5.026751e-23 3.147745e-23 8.174496e-23 
7.680000e-01 5.030889e-23 3.139368e-23 8.170256e-23 
7.700000e-01 5.034463e-23 3.130398e-23 8.164861e-23 
7.720000e-01 5.037211e-23 3.121772e-23 8.158983e-23 
7.740000e-01 5.038925e-23 3.112546e-23 8.151472e-23 
7.760000e-01 5.039855e-23 3.102616e-23 8.142471e-23 
7.780000e-01 5.040072e-23 3.093239e-23 8.133311e-23 
7.800000e-01 5.039670e-23 3.083643e-23 8.123313e-23 
7.820000e-01 5.038427e-23 3.073415e-23 8.111842e-23 
7.840000e-01 5.036741e-23 3.064644e-23 8.101384e-23 
7.860000e-01 5.033378e-23 3.055454e-23 8.088832e-23 
7.880000e-01 5.029807e-23 3.046284e-23 8.076091e-23 
7.900000e-01 5.025632e-23 3.037157e-23 8.062789e-23 
7.920000e-01 5.020380e-23 3.028062e-23 8.048442e-23 
7.940000e-01 5.014415e-23 3.019438e-23 8.033853e-23 
7.960000e-01 5.005273e-23 3.010807e-23 8.016080e-23 
7.980000e-01 4.996197e-23 3.001784e-23 7.997981e-23 
8.000000e-01 4.986990e-23 2.992930e-23 7.979919e-23 
8.020000e-01 4.978914e-23 2.984399e-23 7.963313e-23 
8.040000e-01 4.971858e-23 2.976130e-23 7.947988e-23 
8.060000e-01 4.890166e-23 2.966932e-23 7.857098e-23 
8.080000e-01 4.958876e-23 2.957999e-23 7.916875e-23 
8.100000e-01 4.951864e-23 2.949225e-23 7.901089e-23 
8.120000e-01 4.945509e-23 2.940120e-23 7.885629e-23 
8.140000e-01 4.940160e-23 2.930070e-23 7.870230e-23 
8.160000e-01 4.934423e-23 2.920835e-23 7.855258e-23 
8.180000e-01 4.928751e-23 2.911244e-23 7.839995e-23 
8.200000e-01 4.922832e-23 2.902617e-23 7.825450e-23 
8.220000e-01 4.917481e-23 2.894423e-23 7.811904e-23 
8.240000e-01 4.911597e-23 2.886287e-23 7.797884e-23 
8.260000e-01 4.906586e-23 2.878711e-23 7.785296e-23 
8.280000e-01 4.901342e-23 2.870473e-23 7.771816e-23 
8.300000e-01 4.895864e-23 2.861982e-23 7.757846e-23 
8.320000e-01 4.890979e-23 2.853261e-23 7.744240e-23 
8.340000e-01 4.885868e-23 2.844438e-23 7.730306e-23 
8.360000e-01 4.881103e-23 2.835501e-23 7.716604e-23 
8.380000e-01 4.876643e-23 2.826509e-23 7.703152e-23 
8.400000e-01 4.872213e-23 2.817678e-23 7.689890e-23 
8.420000e-01 4.866768e-23 2.810074e-23 7.676841e-23 
8.440000e-01 4.863020e-23 2.801275e-23 7.664294e-23 
8.460000e-01 4.858878e-23 2.792863e-23 7.651741e-23 
8.480000e-01 4.855405e-23 2.784068e-23 7.639472e-23 
8.500000e-01 4.852260e-23 2.776097e-23 7.628357e-23 
8.520000e-01 4.849247e-23 2.767883e-23 7.617130e-23 
8.540000e-01 4.846461e-23 2.759780e-23 7.606241e-23 
8.560000e-01 4.843899e-23 2.751807e-23 7.595706e-23 
8.580000e-01 4.841126e-23 2.743680e-23 7.584807e-23 
8.600000e-01 4.838436e-23 2.734523e-23 7.572959e-23 
8.620000e-01 4.727224e-23 2.725657e-23 7.452881e-23 
8.640000e-01 4.832554e-23 2.716825e-23 7.549379e-23 
8.660000e-01 4.828731e-23 2.707991e-23 7.536722e-23 
8.680000e-01 4.825907e-23 2.699489e-23 7.525396e-23 
8.700000e-01 4.822609e-23 2.690632e-23 7.513241e-23 
8.720000e-01 4.817971e-23 2.682838e-23 7.500809e-23 
8.740000e-01 4.813687e-23 2.673784e-23 7.487472e-23 
8.760000e-01 4.808076e-23 2.664911e-23 7.472987e-23 
8.780000e-01 4.798656e-23 2.656454e-23 7.455109e-23 
8.800000e-01 4.796051e-23 2.649207e-23 7.445258e-23 
8.820000e-01 4.789571e-23 2.641991e-23 7.431562e-23 
8.840000e-01 4.783773e-23 2.635025e-23 7.418798e-23 
8.860000e-01 4.777586e-23 2.627330e-23 7.404917e-23 
8.880000e-01 4.770673e-23 2.620219e-23 7.390892e-23 
8.900000e-01 4.763762e-23 2.612191e-23 7.375954e-23 
8.920000e-01 4.756226e-23 2.604453e-23 7.360680e-23 
8.940000e-01 4.748778e-23 2.596368e-23 7.345146e-23 
8.960000e-01 4.741819e-23 2.588667e-23 7.330485e-23 
8.980000e-01 4.734894e-23 2.581102e-23 7.315996e-23 
9.000000e-01 4.727151e-23 2.572714e-23 7.299864e-23 
9.020000e-01 4.719549e-23 2.563787e-23 7.283336e-23 
9.040000e-01 4.711303e-23 2.512272e-23 7.223574e-23 
9.060000e-01 4.703188e-23 2.546858e-23 7.250046e-23 
9.080000e-01 4.695805e-23 2.537748e-23 7.233552e-23 
9.100000e-01 4.687307e-23 2.530456e-23 7.217763e-23 
9.120000e-01 4.679516e-23 2.522950e-23 7.202466e-23 
9.140000e-01 4.670905e-23 2.515378e-23 7.186284e-23 
9.160000e-01 4.662242e-23 2.508064e-23 7.170307e-23 
9.180000e-01 4.653939e-23 2.501038e-23 7.154977e-23 
9.200000e-01 4.644789e-23 2.493249e-23 7.138038e-23 
9.220000e-01 4.636469e-23 2.484840e-23 7.121309e-23 
9.240000e-01 4.628140e-23 2.476778e-23 7.104918e-23 
9.260000e-01 4.619777e-23 2.468865e-23 7.088642e-23 
9.280000e-01 4.611174e-23 2.460678e-23 7.071852e-23 
9.300000e-01 4.601893e-23 2.452813e-23 7.054706e-23 
9.320000e-01 4.592853e-23 2.446060e-23 7.038912e-23 
9.340000e-01 4.583657e-23 2.439483e-23 7.023140e-23 
9.360000e-01 4.574349e-23 2.432766e-23 7.007116e-23 
9.380000e-01 4.565697e-23 2.425472e-23 6.991169e-23 
9.400000e-01 4.555959e-23 2.418724e-23 6.974684e-23 
9.420000e-01 4.547334e-23 2.411719e-23 6.959053e-23 
9.440000e-01 4.537553e-23 2.404348e-23 6.941900e-23 
9.460000e-01 4.528162e-23 2.396811e-23 6.924973e-23 
9.480000e-01 4.518479e-23 2.389411e-23 6.907890e-23 
9.500000e-01 4.509720e-23 2.382086e-23 6.891805e-23 
9.520000e-01 4.499866e-23 2.374393e-23 6.874259e-23 
9.540000e-01 4.489991e-23 2.367519e-23 6.857510e-23 
9.560000e-01 4.480788e-23 2.360681e-23 6.841469e-23 
9.580000e-01 4.470802e-23 2.353276e-23 6.824079e-23 
9.600000e-01 4.461681e-23 2.346132e-23 6.807812e-23 
9.620000e-01 4.452064e-23 2.338996e-23 6.791060e-23 
9.640000e-01 4.441311e-23 2.331494e-23 6.772804e-23 
9.660000e-01 4.431813e-23 2.323510e-23 6.755323e-23 
9.680000e-01 4.421974e-23 2.315548e-23 6.737522e-23 
9.700000e-01 4.412103e-23 2.307195e-23 6.719298e-23 
9.720000e-01 4.402135e-23 2.299327e-23 6.701462e-23 
9.740000e-01 4.392428e-23 2.292062e-23 6.684490e-23 
9.760000e-01 4.382623e-23 2.285325e-23 6.667949e-23 
9.780000e-01 4.373051e-23 2.278524e-23 6.651576e-23 
9.800000e-01 4.362818e-23 2.271909e-23 6.634727e-23 
9.820000e-01 4.352838e-23 2.265149e-23 6.617986e-23 
9.840000e-01 4.342171e-23 2.258605e-23 6.600776e-23 
9.860000e-01 4.332335e-23 2.251541e-23 6.583876e-23 
9.880000e-01 4.322626e-23 2.243706e-23 6.566332e-23 
9.900000e-01 4.312339e-23 2.236579e-23 6.548918e-23 
9.920000e-01 4.255010e-23 2.228774e-23 6.483784e-23 
9.940000e-01 4.292809e-23 2.221384e-23 6.514193e-23 
9.960000e-01 4.282117e-23 2.214575e-23 6.496692e-23 
9.980000e-01 4.272534e-23 2.210433e-23 6.482968e-23 
1.000000e+00 4.262352e-23 2.206170e-23 6.468522e-23 
1.002000e+00 4.252366e-23 2.200205e-23 6.452571e-23 
1.004000e+00 4.242711e-23 2.194008e-23 6.436720e-23 
1.006000e+00 4.232522e-23 2.188007e-23 6.420530e-23 
1.008000e+00 4.222630e-23 2.181723e-23 6.404353e-23 
1.010000e+00 4.212533e-23 2.176063e-23 6.388596e-23 
1.012000e+00 4.202310e-23 2.169479e-23 6.371789e-23 
1.014000e+00 4.192122e-23 2.163266e-23 6.355388e-23 
1.016000e+00 4.181813e-23 2.157338e-23 6.339152e-23 
1.018000e+00 4.172038e-23 2.152717e-23 6.324754e-23 
1.020000e+00 4.158140e-23 2.146609e-23 6.304749e-23 
1.022000e+00 4.147964e-23 2.140341e-23 6.288305e-23 
1.024000e+00 4.137508e-23 2.133906e-23 6.271414e-23 
1.026000e+00 4.127286e-23 2.128216e-23 6.255502e-23 
1.028000e+00 4.117570e-23 2.121836e-23 6.239406e-23 
1.030000e+00 4.106892e-23 2.115787e-23 6.222678e-23 
1.032000e+00 4.096800e-23 2.107815e-23 6.204615e-23 
1.034000e+00 4.086753e-23 2.101714e-23 6.188468e-23 
1.036000e+00 4.076974e-23 2.095836e-23 6.172809e-23 
1.038000e+00 4.066558e-23 2.089558e-23 6.156116e-23 
1.040000e+00 4.055948e-23 2.083981e-23 6.139929e-23 
1.042000e+00 4.046334e-23 2.077681e-23 6.124015e-23 
1.044000e+00 4.035866e-23 2.071694e-23 6.107560e-23 
1.046000e+00 4.025811e-23 2.065897e-23 6.091708e-23 
1.048000e+00 4.016101e-23 2.059684e-23 6.075785e-23 
1.050000e+00 4.005875e-23 2.054122e-23 6.059997e-23 
1.052000e+00 3.995569e-23 2.048242e-23 6.043811e-23 
1.054000e+00 3.985328e-23 2.042647e-23 6.027975e-23 
1.056000e+00 3.975497e-23 2.037467e-23 6.012963e-23 
1.058000e+00 3.965066e-23 2.031482e-23 5.996547e-23 
1.060000e+00 3.955544e-23 2.025591e-23 5.981135e-23 
1.062000e+00 3.944684e-23 2.020055e-23 5.964739e-23 
1.064000e+00 3.934997e-23 2.014318e-23 5.949315e-23 
1.066000e+00 3.924714e-23 2.008615e-23 5.933329e-23 
1.068000e+00 3.914542e-23 2.002492e-23 5.917034e-23 
1.070000e+00 3.903848e-23 1.997002e-23 5.900850e-23 
1.072000e+00 3.894448e-23 1.991444e-23 5.885892e-23 
1.074000e+00 3.883763e-23 1.985770e-23 5.869533e-23 
1.076000e+00 3.873829e-23 1.980340e-23 5.854168e-23 
1.078000e+00 3.863704e-23 1.974829e-23 5.838534e-23 
1.080000e+00 3.853874e-23 1.969276e-23 5.823150e-23 
1.082000e+00 3.843903e-23 1.963785e-23 5.807687e-23 
1.084000e+00 3.832725e-23 1.958361e-23 5.791086e-23 
1.086000e+00 3.823487e-23 1.952955e-23 5.776442e-23 
1.088000e+00 3.812740e-23 1.947833e-23 5.760573e-23 
1.090000e+00 3.802952e-23 1.941811e-23 5.744763e-23 
1.092000e+00 3.793365e-23 1.936144e-23 5.729509e-23 
1.094000e+00 3.782455e-23 1.930871e-23 5.713326e-23 
1.096000e+00 3.772326e-23 1.925468e-23 5.697794e-23 
1.098000e+00 3.762384e-23 1.919787e-23 5.682171e-23 
1.100000e+00 3.752386e-23 1.914723e-23 5.667109e-23 
1.102000e+00 3.742674e-23 1.909447e-23 5.652121e-23 
1.104000e+00 3.732309e-23 1.904011e-23 5.636320e-23 
1.106000e+00 3.722654e-23 1.899032e-23 5.621685e-23 
1.108000e+00 3.712195e-23 1.893700e-23 5.605896e-23 
1.110000e+00 3.702471e-23 1.888798e-23 5.591269e-23 
1.112000e+00 3.691994e-23 1.882704e-23 5.574698e-23 
1.114000e+00 3.682155e-23 1.877681e-23 5.559836e-23 
1.116000e+00 3.672233e-23 1.872251e-23 5.544484e-23 
1.118000e+00 3.661936e-23 1.866989e-23 5.528926e-23 
1.120000e+00 3.651449e-23 1.861481e-23 5.512930e-23 
1.122000e+00 3.642291e-23 1.855897e-23 5.498188e-23 
1.124000e+00 3.631537e-23 1.851326e-23 5.482863e-23 
1.126000e+00 3.621853e-23 1.846356e-23 5.468210e-23 
1.128000e+00 3.611523e-23 1.841468e-23 5.452991e-23 
1.130000e+00 3.559866e-23 1.836632e-23 5.396498e-23 
1.132000e+00 3.591565e-23 1.831176e-23 5.422741e-23 
1.134000e+00 3.581612e-23 1.826474e-23 5.408086e-23 
1.136000e+00 3.572438e-23 1.821274e-23 5.393713e-23 
1.138000e+00 3.562850e-23 1.816617e-23 5.379468e-23 
1.140000e+00 3.552529e-23 1.811559e-23 5.364089e-23 
1.142000e+00 3.542045e-23 1.806338e-23 5.348383e-23 
1.144000e+00 3.532419e-23 1.801176e-23 5.333595e-23 
1.146000e+00 3.521780e-23 1.796205e-23 5.317985e-23 
1.148000e+00 3.511956e-23 1.791421e-23 5.303378e-23 
1.150000e+00 3.502236e-23 1.786322e-23 5.288558e-23 
1.152000e+00 3.493076e-23 1.781801e-23 5.274877e-23 
1.154000e+00 3.482966e-23 1.777079e-23 5.260045e-23 
1.156000e+00 3.473564e-23 1.772434e-23 5.245998e-23 
1.158000e+00 3.463094e-23 1.767260e-23 5.230354e-23 
1.160000e+00 3.453786e-23 1.763842e-23 5.217628e-23 
1.162000e+00 3.443755e-23 1.758787e-23 5.202542e-23 
1.164000e+00 3.433701e-23 1.754338e-23 5.188039e-23 
1.166000e+00 3.423236e-23 1.749348e-23 5.172584e-23 
1.168000e+00 3.413488e-23 1.744509e-23 5.157998e-23 
1.170000e+00 3.403671e-23 1.739611e-23 5.143283e-23 
1.172000e+00 3.394076e-23 1.734620e-23 5.128697e-23 
1.174000e+00 3.384960e-23 1.729559e-23 5.114519e-23 
1.176000e+00 3.374778e-23 1.723582e-23 5.098360e-23 
1.178000e+00 3.364525e-23 1.718949e-23 5.083474e-23 
1.180000e+00 3.355493e-23 1.713896e-23 5.069389e-23 
1.182000e+00 3.345112e-23 1.709892e-23 5.055004e-23 
1.184000e+00 3.334533e-23 1.704996e-23 5.039529e-23 
1.186000e+00 3.324788e-23 1.700489e-23 5.025277e-23 
1.188000e+00 3.315361e-23 1.695898e-23 5.011259e-23 
1.190000e+00 3.305121e-23 1.691389e-23 4.996510e-23 
1.192000e+00 3.295592e-23 1.686546e-23 4.982138e-23 
1.194000e+00 3.285840e-23 1.682142e-23 4.967982e-23 
1.196000e+00 3.275822e-23 1.677523e-23 4.953345e-23 
1.198000e+00 3.266505e-23 1.672873e-23 4.939378e-23 
1.200000e+00 3.256412e-23 1.667998e-23 4.924410e-23 
1.202000e+00 3.246125e-23 1.663644e-23 4.909768e-23 
1.204000e+00 3.236178e-23 1.658992e-23 4.895170e-23 
1.206000e+00 3.226800e-23 1.655270e-23 4.882070e-23 
1.208000e+00 3.216866e-23 1.650379e-23 4.867245e-23 
1.210000e+00 3.206686e-23 1.646318e-23 4.853004e-23 
1.212000e+00 3.197228e-23 1.641472e-23 4.838700e-23 
1.214000e+00 3.187192e-23 1.637393e-23 4.824585e-23 
1.216000e+00 3.177626e-23 1.633342e-23 4.810968e-23 
1.218000e+00 3.167495e-23 1.628620e-23 4.796114e-23 
1.220000e+00 3.157300e-23 1.624212e-23 4.781513e-23 
1.222000e+00 3.147016e-23 1.619756e-23 4.766772e-23 
1.224000e+00 3.137172e-23 1.615473e-23 4.752645e-23 
1.226000e+00 3.126907e-23 1.611343e-23 4.738251e-23 
1.228000e+00 3.117150e-23 1.606683e-23 4.723833e-23 
1.230000e+00 3.107282e-23 1.602069e-23 4.709352e-23 
1.232000e+00 3.097315e-23 1.597808e-23 4.695123e-23 
1.234000e+00 3.087034e-23 1.594530e-23 4.681564e-23 
1.236000e+00 3.076383e-23 1.590234e-23 4.666617e-23 
1.238000e+00 3.066255e-23 1.585376e-23 4.651631e-23 
1.240000e+00 3.055277e-23 1.581330e-23 4.636607e-23 
1.242000e+00 3.045890e-23 1.577185e-23 4.623075e-23 
1.244000e+00 3.035567e-23 1.573056e-23 4.608623e-23 
1.246000e+00 3.023719e-23 1.568943e-23 4.592661e-23 
1.248000e+00 3.012907e-23 1.564924e-23 4.577832e-23 
1.250000e+00 3.002570e-23 1.560929e-23 4.563499e-23 
1.252000e+00 2.991988e-23 1.556670e-23 4.548657e-23 
1.254000e+00 2.980892e-23 1.552487e-23 4.533379e-23 
1.256000e+00 2.969494e-23 1.548075e-23 4.517569e-23 
1.258000e+00 2.958727e-23 1.543636e-23 4.502363e-23 
1.260000e+00 2.946969e-23 1.539279e-23 4.486247e-23 
1.262000e+00 2.935336e-23 1.535800e-23 4.471136e-23 
1.264000e+00 2.924269e-23 1.531838e-23 4.456107e-23 
1.266000e+00 2.912288e-23 1.527878e-23 4.440166e-23 
1.268000e+00 2.899395e-23 1.523849e-23 4.423244e-23 
1.270000e+00 2.887302e-23 1.520024e-23 4.407326e-23 
1.272000e+00 2.873939e-23 1.516117e-23 4.390056e-23 
1.274000e+00 2.861122e-23 1.511980e-23 4.373102e-23 
1.276000e+00 2.847616e-23 1.507916e-23 4.355531e-23 
1.278000e+00 2.833181e-23 1.503873e-23 4.337054e-23 
1.280000e+00 2.818787e-23 1.499670e-23 4.318457e-23 
1.282000e+00 2.803480e-23 1.495965e-23 4.299445e-23 
1.284000e+00 2.785075e-23 1.491556e-23 4.276631e-23 
1.286000e+00 2.766886e-23 1.487508e-23 4.254394e-23 
1.288000e+00 2.746442e-23 1.483555e-23 4.229997e-23 
1.290000e+00 2.718622e-23 1.479921e-23 4.198543e-23 
1.292000e+00 2.691392e-23 1.476069e-23 4.167461e-23 
1.294000e+00 2.663288e-23 1.472010e-23 4.135298e-23 
1.296000e+00 2.633854e-23 1.492681e-23 4.126535e-23 
1.298000e+00 2.605113e-23 1.464158e-23 4.069271e-23 
1.300000e+00 2.588094e-23 1.460435e-23 4.048529e-23 
1.302000e+00 2.576090e-23 1.456876e-23 4.032966e-23 
1.304000e+00 2.564550e-23 1.452725e-23 4.017276e-23 
1.306000e+00 2.566950e-23 1.448980e-23 4.015929e-23 
1.308000e+00 2.571718e-23 1.444939e-23 4.016657e-23 
1.310000e+00 2.577545e-23 1.441219e-23 4.018764e-23 
1.312000e+00 2.591290e-23 1.437718e-23 4.029008e-23 
1.314000e+00 2.605120e-23 1.434012e-23 4.039132e-23 
1.316000e+00 2.619310e-23 1.429875e-23 4.049185e-23 
1.318000e+00 2.626716e-23 1.426000e-23 4.052715e-23 
1.320000e+00 2.634353e-23 1.422351e-23 4.056705e-23 
1.322000e+00 2.640799e-23 1.419133e-23 4.059932e-23 
1.324000e+00 2.642799e-23 1.415159e-23 4.057958e-23 
1.326000e+00 2.645770e-23 1.411876e-23 4.057646e-23 
1.328000e+00 2.647511e-23 1.408239e-23 4.055750e-23 
1.330000e+00 2.647759e-23 1.405077e-23 4.052837e-23 
1.332000e+00 2.647970e-23 1.400794e-23 4.048765e-23 
1.334000e+00 2.648075e-23 1.397386e-23 4.045461e-23 
1.336000e+00 2.646972e-23 1.399621e-23 4.046593e-23 
1.338000e+00 2.645811e-23 1.395872e-23 4.041683e-23 
1.340000e+00 2.644359e-23 1.392608e-23 4.036968e-23 
1.342000e+00 2.641991e-23 1.388939e-23 4.030930e-23 
1.344000e+00 2.640450e-23 1.385459e-23 4.025909e-23 
1.346000e+00 2.638523e-23 1.381389e-23 4.019912e-23 
1.348000e+00 2.635113e-23 1.378439e-23 4.013552e-23 
1.350000e+00 2.633267e-23 1.374700e-23 4.007967e-23 
1.352000e+00 2.630553e-23 1.371367e-23 4.001919e-23 
1.354000e+00 2.627304e-23 1.362224e-23 3.989528e-23 
1.356000e+00 2.623971e-23 1.358500e-23 3.982471e-23 
1.358000e+00 2.621581e-23 1.355407e-23 3.976989e-23 
1.360000e+00 2.618130e-23 1.351485e-23 3.969615e-23 
1.362000e+00 2.615386e-23 1.348203e-23 3.963590e-23 
1.364000e+00 2.611792e-23 1.344734e-23 3.956527e-23 
1.366000e+00 2.608181e-23 1.341344e-23 3.949524e-23 
1.368000e+00 2.603553e-23 1.337729e-23 3.941282e-23 
1.370000e+00 2.600328e-23 1.334261e-23 3.934588e-23 
1.372000e+00 2.595967e-23 1.331008e-23 3.926975e-23 
1.374000e+00 2.592629e-23 1.327428e-23 3.920058e-23 
1.376000e+00 2.588379e-23 1.324013e-23 3.912393e-23 
1.378000e+00 2.584689e-23 1.320520e-23 3.905209e-23 
1.380000e+00 2.581444e-23 1.316848e-23 3.898292e-23 
1.382000e+00 2.577222e-23 1.313943e-23 3.891165e-23 
1.384000e+00 2.572874e-23 1.310756e-23 3.883630e-23 
1.386000e+00 2.568636e-23 1.306922e-23 3.875558e-23 
1.388000e+00 2.563711e-23 1.303934e-23 3.867645e-23 
1.390000e+00 2.559937e-23 1.300950e-23 3.860887e-23 
1.392000e+00 2.555343e-23 1.297829e-23 3.853172e-23 
1.394000e+00 2.551554e-23 1.294147e-23 3.845701e-23 
1.396000e+00 2.546491e-23 1.291061e-23 3.837553e-23 
1.398000e+00 2.542749e-23 1.287876e-23 3.830625e-23 
1.400000e+00 2.538195e-23 1.284332e-23 3.822527e-23 
1.402000e+00 2.533455e-23 1.281291e-23 3.814746e-23 
1.404000e+00 2.529229e-23 1.277932e-23 3.807161e-23 
1.406000e+00 2.524463e-23 1.274272e-23 3.798735e-23 
1.408000e+00 2.519328e-23 1.271087e-23 3.790415e-23 
1.410000e+00 2.515469e-23 1.267596e-23 3.783066e-23 
1.412000e+00 2.510378e-23 1.264419e-23 3.774797e-23 
1.414000e+00 2.506422e-23 1.261792e-23 3.768214e-23 
1.416000e+00 2.501241e-23 1.258404e-23 3.759645e-23 
1.418000e+00 2.496932e-23 1.255473e-23 3.752405e-23 
1.420000e+00 2.491852e-23 1.252365e-23 3.744217e-23 
1.422000e+00 2.487396e-23 1.249396e-23 3.736792e-23 
1.424000e+00 2.483722e-23 1.246470e-23 3.730192e-23 
1.426000e+00 2.478218e-23 1.243158e-23 3.721375e-23 
1.428000e+00 2.472635e-23 1.240248e-23 3.712883e-23 
1.430000e+00 2.467713e-23 1.237200e-23 3.704914e-23 
1.432000e+00 2.463273e-23 1.233910e-23 3.697182e-23 
1.434000e+00 2.459075e-23 1.231065e-23 3.690140e-23 
1.436000e+00 2.454737e-23 1.227860e-23 3.682597e-23 
1.438000e+00 2.449850e-23 1.225156e-23 3.675006e-23 
1.440000e+00 2.445135e-23 1.221546e-23 3.666681e-23 
1.442000e+00 2.440478e-23 1.218689e-23 3.659167e-23 
1.444000e+00 2.434957e-23 1.215572e-23 3.650528e-23 
1.446000e+00 2.430611e-23 1.212503e-23 3.643114e-23 
1.448000e+00 2.425820e-23 1.209335e-23 3.635155e-23 
1.450000e+00 2.421048e-23 1.207230e-23 3.628277e-23 
1.452000e+00 2.415407e-23 1.203730e-23 3.619137e-23 
1.454000e+00 2.410848e-23 1.200758e-23 3.611606e-23 
1.456000e+00 2.405734e-23 1.198333e-23 3.604066e-23 
1.458000e+00 2.400888e-23 1.195253e-23 3.596141e-23 
1.460000e+00 2.396579e-23 1.192622e-23 3.589200e-23 
1.462000e+00 2.391474e-23 1.189459e-23 3.580933e-23 
1.464000e+00 2.386523e-23 1.186287e-23 3.572810e-23 
1.466000e+00 2.381695e-23 1.183619e-23 3.565314e-23 
1.468000e+00 2.377522e-23 1.180709e-23 3.558231e-23 
1.470000e+00 2.372536e-23 1.177995e-23 3.550531e-23 
1.472000e+00 2.367255e-23 1.174853e-23 3.542108e-23 
1.474000e+00 2.363150e-23 1.172067e-23 3.535217e-23 
1.476000e+00 2.358304e-23 1.168895e-23 3.527199e-23 
1.478000e+00 2.353342e-23 1.166241e-23 3.519582e-23 
1.480000e+00 2.348935e-23 1.163269e-23 3.512204e-23 
1.482000e+00 2.343890e-23 1.160295e-23 3.504185e-23 
1.484000e+00 2.339649e-23 1.157248e-23 3.496897e-23 
1.486000e+00 2.334218e-23 1.154546e-23 3.488765e-23 
1.488000e+00 2.328876e-23 1.151573e-23 3.480449e-23 
1.490000e+00 2.324542e-23 1.149457e-23 3.473999e-23 
1.492000e+00 2.319176e-23 1.146702e-23 3.465878e-23 
1.494000e+00 2.314865e-23 1.143945e-23 3.458810e-23 
1.496000e+00 2.309791e-23 1.141160e-23 3.450951e-23 
1.498000e+00 2.305303e-23 1.138367e-23 3.443670e-23 
1.500000e+00 2.300573e-23 1.135812e-23 3.436386e-23 
1.502000e+00 2.295230e-23 1.132678e-23 3.427908e-23 
1.504000e+00 2.290292e-23 1.129726e-23 3.420018e-23 
1.506000e+00 2.285932e-23 1.127247e-23 3.413179e-23 
1.508000e+00 2.280919e-23 1.124273e-23 3.405192e-23 
1.510000e+00 2.276639e-23 1.121129e-23 3.397768e-23 
1.512000e+00 2.270989e-23 1.118734e-23 3.389723e-23 
1.514000e+00 2.266282e-23 1.115979e-23 3.382262e-23 
1.516000e+00 2.261799e-23 1.113310e-23 3.375108e-23 
1.518000e+00 2.256831e-23 1.110613e-23 3.367445e-23 
1.520000e+00 2.251792e-23 1.108212e-23 3.360003e-23 
1.522000e+00 2.247005e-23 1.105494e-23 3.352500e-23 
1.524000e+00 2.242293e-23 1.102687e-23 3.344980e-23 
1.526000e+00 2.237711e-23 1.100026e-23 3.337737e-23 
1.528000e+00 2.232316e-23 1.097900e-23 3.330216e-23 
1.530000e+00 2.227795e-23 1.095262e-23 3.323057e-23 
1.532000e+00 2.223686e-23 1.092285e-23 3.315971e-23 
1.534000e+00 2.218394e-23 1.089998e-23 3.308392e-23 
1.536000e+00 2.214518e-23 1.087198e-23 3.301716e-23 
1.538000e+00 2.209599e-23 1.084262e-23 3.293861e-23 
1.540000e+00 2.204767e-23 1.081738e-23 3.286505e-23 
1.542000e+00 2.199822e-23 1.079134e-23 3.278956e-23 
1.544000e+00 2.195020e-23 1.076778e-23 3.271798e-23 
1.546000e+00 2.190010e-23 1.073940e-23 3.263950e-23 
1.548000e+00 2.185970e-23 1.071783e-23 3.257752e-23 
1.550000e+00 2.180914e-23 1.069100e-23 3.250014e-23 
1.552000e+00 2.176734e-23 1.066106e-23 3.242840e-23 
1.554000e+00 2.171078e-23 1.063512e-23 3.234590e-23 
1.556000e+00 2.166606e-23 1.061236e-23 3.227842e-23 
1.558000e+00 2.162404e-23 1.059025e-23 3.221429e-23 
1.560000e+00 2.157322e-23 1.056249e-23 3.213571e-23 
1.562000e+00 2.152553e-23 1.054376e-23 3.206929e-23 
1.564000e+00 2.147651e-23 1.051390e-23 3.199041e-23 
1.566000e+00 2.142859e-23 1.051347e-23 3.194205e-23 
1.568000e+00 2.138449e-23 1.049004e-23 3.187453e-23 
1.570000e+00 2.133785e-23 1.046292e-23 3.180076e-23 
1.572000e+00 2.129270e-23 1.043614e-23 3.172884e-23 
1.574000e+00 2.125140e-23 1.041332e-23 3.166471e-23 
1.576000e+00 2.120072e-23 1.038774e-23 3.158846e-23 
1.578000e+00 2.114969e-23 1.036804e-23 3.151774e-23 
1.580000e+00 2.109921e-23 1.033737e-23 3.143658e-23 
1.582000e+00 2.105843e-23 1.031140e-23 3.136983e-23 
1.584000e+00 2.101079e-23 1.029141e-23 3.130220e-23 
1.586000e+00 2.096477e-23 1.023914e-23 3.120391e-23 
1.588000e+00 2.091519e-23 1.021429e-23 3.112948e-23 
1.590000e+00 2.086433e-23 1.019100e-23 3.105533e-23 
1.592000e+00 2.082957e-23 1.017338e-23 3.100295e-23 
1.594000e+00 2.078126e-23 1.014494e-23 3.092620e-23 
1.596000e+00 2.074258e-23 1.012685e-23 3.086944e-23 
1.598000e+00 2.069267e-23 1.010418e-23 3.079685e-23 
1.600000e+00 2.064348e-23 1.007936e-23 3.072284e-23 
1.602000e+00 2.059500e-23 1.005872e-23 3.065372e-23 
1.604000e+00 2.055026e-23 1.002808e-23 3.057834e-23 
1.606000e+00 2.050893e-23 1.000207e-23 3.051100e-23 
1.608000e+00 2.046446e-23 9.980314e-24 3.044477e-23 
1.610000e+00 2.041725e-23 9.955290e-24 3.037254e-23 
1.612000e+00 2.036523e-23 9.935202e-24 3.030043e-23 
1.614000e+00 2.032595e-23 9.911701e-24 3.023766e-23 
1.616000e+00 2.027798e-23 9.889920e-24 3.016790e-23 
1.618000e+00 2.022850e-23 9.865784e-24 3.009429e-23 
1.620000e+00 2.018673e-23 9.843624e-24 3.003035e-23 
1.622000e+00 2.013991e-23 9.814712e-24 2.995462e-23 
1.624000e+00 2.009205e-23 9.796318e-24 2.988836e-23 
1.626000e+00 2.004997e-23 9.775978e-24 2.982595e-23 
1.628000e+00 2.000626e-23 9.759011e-24 2.976527e-23 
1.630000e+00 1.996575e-23 9.731323e-24 2.969707e-23 
1.632000e+00 1.992113e-23 9.712698e-24 2.963383e-23 
1.634000e+00 1.987915e-23 9.687818e-24 2.956697e-23 
1.636000e+00 1.982310e-23 9.670799e-24 2.949390e-23 
1.638000e+00 1.978203e-23 9.646219e-24 2.942825e-23 
1.640000e+00 1.973865e-23 9.623828e-24 2.936248e-23 
1.642000e+00 1.969478e-23 9.600775e-24 2.929555e-23 
1.644000e+00 1.965765e-23 9.581620e-24 2.923927e-23 
1.646000e+00 1.961033e-23 9.556789e-24 2.916712e-23 
1.648000e+00 1.956683e-23 9.538326e-24 2.910515e-23 
1.650000e+00 1.951862e-23 9.515410e-24 2.903403e-23 
1.652000e+00 1.946712e-23 9.494346e-24 2.896147e-23 
1.654000e+00 1.942163e-23 9.475445e-24 2.889708e-23 
1.656000e+00 1.938114e-23 9.450196e-24 2.883133e-23 
1.658000e+00 1.933301e-23 9.428668e-24 2.876168e-23 
1.660000e+00 1.929885e-23 9.411780e-24 2.871063e-23 
1.662000e+00 1.924947e-23 9.384713e-24 2.863418e-23 
1.664000e+00 1.920549e-23 9.365173e-24 2.857066e-23 
1.666000e+00 1.916126e-23 9.345293e-24 2.850655e-23 
1.668000e+00 1.911318e-23 9.321870e-24 2.843505e-23 
1.670000e+00 1.907702e-23 9.303135e-24 2.838016e-23 
1.672000e+00 1.902492e-23 9.284895e-24 2.830982e-23 
1.674000e+00 1.898582e-23 9.263489e-24 2.824930e-23 
1.676000e+00 1.894579e-23 9.241162e-24 2.818695e-23 
1.678000e+00 1.890053e-23 9.222491e-24 2.812302e-23 
1.680000e+00 1.884862e-23 9.198898e-24 2.804751e-23 
1.682000e+00 1.880960e-23 9.181872e-24 2.799147e-23 
1.684000e+00 1.876696e-23 9.157553e-24 2.792451e-23 
1.686000e+00 1.872689e-23 9.138361e-24 2.786525e-23 
1.688000e+00 1.867865e-23 9.116580e-24 2.779523e-23 
1.690000e+00 1.863786e-23 9.098503e-24 2.773637e-23 
1.692000e+00 1.858944e-23 9.077161e-24 2.766660e-23 
1.694000e+00 1.854710e-23 9.050530e-24 2.759763e-23 
1.696000e+00 1.850973e-23 9.036848e-24 2.754657e-23 
1.698000e+00 1.846143e-23 9.011092e-24 2.747252e-23 
1.700000e+00 1.842413e-23 8.989900e-24 2.741403e-23 
1.702000e+00 1.837633e-23 8.970160e-24 2.734649e-23 
1.704000e+00 1.833373e-23 8.952203e-24 2.728593e-23 
1.706000e+00 1.829340e-23 8.927976e-24 2.722138e-23 
1.708000e+00 1.824689e-23 8.909184e-24 2.715607e-23 
1.710000e+00 1.820244e-23 8.893160e-24 2.709561e-23 
1.712000e+00 1.816392e-23 8.872075e-24 2.703600e-23 
1.714000e+00 1.809836e-23 8.848734e-24 2.694710e-23 
1.716000e+00 1.806460e-23 8.832137e-24 2.689674e-23 
1.718000e+00 1.801868e-23 8.811382e-24 2.683006e-23 
1.720000e+00 1.797771e-23 8.796112e-24 2.677382e-23 
1.722000e+00 1.792742e-23 8.771403e-24 2.669882e-23 
1.724000e+00 1.788271e-23 8.751743e-24 2.663445e-23 
1.726000e+00 1.783979e-23 8.732780e-24 2.657257e-23 
1.728000e+00 1.780062e-23 8.712129e-24 2.651275e-23 
1.730000e+00 1.775350e-23 8.694437e-24 2.644794e-23 
1.732000e+00 1.771677e-23 8.669178e-24 2.638594e-23 
1.734000e+00 1.767233e-23 8.647684e-24 2.632001e-23 
1.736000e+00 1.762818e-23 8.631104e-24 2.625928e-23 
1.738000e+00 1.758632e-23 8.609476e-24 2.619579e-23 
1.740000e+00 1.754072e-23 8.591316e-24 2.613204e-23 
1.742000e+00 1.749164e-23 8.573558e-24 2.606520e-23 
1.744000e+00 1.744867e-23 8.557035e-24 2.600571e-23 
1.746000e+00 1.740194e-23 8.537926e-24 2.593986e-23 
1.748000e+00 1.736076e-23 8.516008e-24 2.587676e-23 
1.750000e+00 1.731664e-23 8.500264e-24 2.581691e-23 
1.752000e+00 1.727232e-23 8.483406e-24 2.575573e-23 
1.754000e+00 1.722730e-23 8.462171e-24 2.568947e-23 
1.756000e+00 1.718172e-23 8.449835e-24 2.563156e-23 
1.758000e+00 1.713685e-23 8.428466e-24 2.556531e-23 
1.760000e+00 1.709583e-23 8.411055e-24 2.550688e-23 
1.762000e+00 1.705017e-23 8.393079e-24 2.544324e-23 
1.764000e+00 1.700706e-23 8.368975e-24 2.537603e-23 
1.766000e+00 1.696102e-23 8.351679e-24 2.531270e-23 
1.768000e+00 1.691508e-23 8.333663e-24 2.524875e-23 
1.770000e+00 1.687054e-23 8.317378e-24 2.518791e-23 
1.772000e+00 1.682488e-23 8.298004e-24 2.512289e-23 
1.774000e+00 1.678043e-23 8.278681e-24 2.505911e-23 
1.776000e+00 1.672526e-23 8.262974e-24 2.498824e-23 
1.778000e+00 1.667489e-23 8.241757e-24 2.491665e-23 
1.780000e+00 1.663140e-23 8.223691e-24 2.485509e-23 
1.782000e+00 1.658731e-23 8.203209e-24 2.479052e-23 
1.784000e+00 1.653404e-23 8.190766e-24 2.472481e-23 
1.786000e+00 1.648193e-23 8.174205e-24 2.465614e-23 
1.788000e+00 1.642871e-23 8.153077e-24 2.458178e-23 
1.790000e+00 1.638473e-23 8.137621e-24 2.452235e-23 
1.792000e+00 1.633578e-23 8.125126e-24 2.446090e-23 
1.794000e+00 1.627698e-23 8.106446e-24 2.438343e-23 
1.796000e+00 1.623175e-23 8.084343e-24 2.431609e-23 
1.798000e+00 1.618952e-23 8.066424e-24 2.425594e-23 
1.800000e+00 1.612772e-23 8.054959e-24 2.418268e-23 
1.802000e+00 1.607211e-23 8.035173e-24 2.410728e-23 
1.804000e+00 1.601267e-23 8.014318e-24 2.402699e-23 
1.806000e+00 1.595888e-23 8.000932e-24 2.395981e-23 
1.808000e+00 1.589308e-23 7.982274e-24 2.387535e-23 
1.810000e+00 1.583772e-23 7.964174e-24 2.380189e-23 
1.812000e+00 1.577007e-23 7.951669e-24 2.372174e-23 
1.814000e+00 1.571353e-23 7.930266e-24 2.364379e-23 
1.816000e+00 1.562565e-23 7.910355e-24 2.353600e-23 
1.818000e+00 1.555497e-23 7.896325e-24 2.345130e-23 
1.820000e+00 1.547670e-23 7.879691e-24 2.335639e-23 
1.822000e+00 1.539009e-23 7.861845e-24 2.325193e-23 
1.824000e+00 1.528687e-23 7.844284e-24 2.313116e-23 
1.826000e+00 1.516957e-23 7.830249e-24 2.299982e-23 
1.828000e+00 1.507118e-23 7.812847e-24 2.288403e-23 
1.830000e+00 1.496427e-23 7.795815e-24 2.276008e-23 
1.832000e+00 1.485908e-23 7.781775e-24 2.264085e-23 
1.834000e+00 1.476587e-23 7.763207e-24 2.252908e-23 
1.836000e+00 1.466583e-23 7.747834e-24 2.241367e-23 
1.838000e+00 1.457964e-23 7.726837e-24 2.230648e-23 
1.840000e+00 1.453626e-23 7.714524e-24 2.225079e-23 
1.842000e+00 1.450842e-23 7.696603e-24 2.220502e-23 
1.844000e+00 1.448342e-23 7.680675e-24 2.216409e-23 
1.846000e+00 1.444894e-23 7.660357e-24 2.210930e-23 
1.848000e+00 1.448390e-23 7.651762e-24 2.213566e-23 
1.850000e+00 1.451244e-23 7.627544e-24 2.213999e-23 
1.852000e+00 1.455312e-23 7.614776e-24 2.216789e-23 
1.854000e+00 1.458908e-23 7.599796e-24 2.218888e-23 
1.856000e+00 1.464593e-23 7.579057e-24 2.222498e-23 
1.858000e+00 1.469271e-23 7.566668e-24 2.225938e-23 
1.860000e+00 1.474913e-23 7.548959e-24 2.229809e-23 
1.862000e+00 1.480386e-23 7.533469e-24 2.233732e-23 
1.864000e+00 1.482017e-23 7.511864e-24 2.233204e-23 
1.866000e+00 1.482867e-23 7.497310e-24 2.232598e-23 
1.868000e+00 1.483935e-23 7.482495e-24 2.232185e-23 
1.870000e+00 1.485290e-23 7.469569e-24 2.232247e-23 
1.872000e+00 1.485435e-23 7.452708e-24 2.230706e-23 
1.874000e+00 1.485075e-23 7.439152e-24 2.228991e-23 
1.876000e+00 1.485145e-23 7.420774e-24 2.227223e-23 
1.878000e+00 1.485294e-23 7.405789e-24 2.225873e-23 
1.880000e+00 1.484594e-23 7.395196e-24 2.224113e-23 
1.882000e+00 1.485140e-23 7.383280e-24 2.223468e-23 
1.884000e+00 1.484408e-23 7.368701e-24 2.221278e-23 
1.886000e+00 1.483858e-23 7.416103e-24 2.225469e-23 
1.888000e+00 1.483319e-23 7.401403e-24 2.223459e-23 
1.890000e+00 1.481599e-23 7.383553e-24 2.219954e-23 
1.892000e+00 1.480871e-23 7.370582e-24 2.217929e-23 
1.894000e+00 1.480548e-23 7.354545e-24 2.216002e-23 
1.896000e+00 1.478661e-23 7.337259e-24 2.212387e-23 
1.898000e+00 1.478410e-23 7.320199e-24 2.210430e-23 
1.900000e+00 1.476554e-23 7.307003e-24 2.207254e-23 
1.902000e+00 1.474840e-23 7.290218e-24 2.203862e-23 
1.904000e+00 1.473180e-23 7.279686e-24 2.201149e-23 
1.906000e+00 1.471070e-23 7.261449e-24 2.197215e-23 
1.908000e+00 1.470830e-23 7.180967e-24 2.188926e-23 
1.910000e+00 1.469186e-23 7.167310e-24 2.185917e-23 
1.912000e+00 1.467968e-23 7.154358e-24 2.183404e-23 
1.914000e+00 1.465972e-23 7.139340e-24 2.179906e-23 
1.916000e+00 1.465227e-23 7.122535e-24 2.177481e-23 
1.918000e+00 1.463573e-23 7.109664e-24 2.174539e-23 
1.920000e+00 1.461642e-23 7.097228e-24 2.171364e-23 
1.922000e+00 1.459987e-23 7.080194e-24 2.168007e-23 
1.924000e+00 1.458327e-23 7.062904e-24 2.164617e-23 
1.926000e+00 1.457128e-23 7.050941e-24 2.162222e-23 
1.928000e+00 1.454664e-23 7.038573e-24 2.158522e-23 
1.930000e+00 1.453041e-23 7.020283e-24 2.155069e-23 
1.932000e+00 1.451129e-23 7.009579e-24 2.152087e-23 
1.934000e+00 1.449762e-23 6.992727e-24 2.149035e-23 
1.936000e+00 1.447614e-23 6.976179e-24 2.145232e-23 
1.938000e+00 1.446053e-23 6.964725e-24 2.142526e-23 
1.940000e+00 1.444724e-23 6.947382e-24 2.139462e-23 
1.942000e+00 1.441873e-23 6.931870e-24 2.135060e-23 
1.944000e+00 1.440671e-23 6.920676e-24 2.132738e-23 
1.946000e+00 1.438989e-23 6.905331e-24 2.129522e-23 
1.948000e+00 1.437014e-23 6.887212e-24 2.125735e-23 
1.950000e+00 1.435321e-23 6.875907e-24 2.122912e-23 
1.952000e+00 1.432309e-23 6.860023e-24 2.118311e-23 
1.954000e+00 1.430501e-23 6.848267e-24 2.115328e-23 
1.956000e+00 1.428742e-23 6.829246e-24 2.111667e-23 
1.958000e+00 1.427833e-23 6.816489e-24 2.109482e-23 
1.960000e+00 1.425514e-23 6.807000e-24 2.106214e-23 
1.962000e+00 1.423854e-23 6.791606e-24 2.103015e-23 
1.964000e+00 1.421945e-23 6.780312e-24 2.099976e-23 
1.966000e+00 1.419992e-23 6.766635e-24 2.096656e-23 
1.968000e+00 1.418510e-23 6.749133e-24 2.093424e-23 
1.970000e+00 1.416400e-23 6.738285e-24 2.090229e-23 
1.972000e+00 1.413382e-23 6.721357e-24 2.085518e-23 
1.974000e+00 1.411266e-23 6.708429e-24 2.082109e-23 
1.976000e+00 1.409417e-23 6.700973e-24 2.079515e-23 
1.978000e+00 1.407687e-23 6.681912e-24 2.075878e-23 
1.980000e+00 1.405844e-23 6.669273e-24 2.072772e-23 
1.982000e+00 1.403898e-23 6.657842e-24 2.069682e-23 
1.984000e+00 1.401496e-23 6.639408e-24 2.065436e-23 
1.986000e+00 1.399259e-23 6.626025e-24 2.061862e-23 
1.988000e+00 1.397586e-23 6.616372e-24 2.059223e-23 
1.990000e+00 1.395113e-23 6.599381e-24 2.055051e-23 
1.992000e+00 1.393733e-23 6.584349e-24 2.052168e-23 
1.994000e+00 1.391715e-23 6.572252e-24 2.048940e-23 
1.996000e+00 1.389581e-23 6.557127e-24 2.045293e-23 
1.998000e+00 1.387318e-23 6.541077e-24 2.041425e-23 
2.000000e+00 1.385619e-23 6.533576e-24 2.038976e-23 
2.002000e+00 1.383031e-23 6.517100e-24 2.034741e-23 
2.004000e+00 1.381345e-23 6.507017e-24 2.032047e-23 
2.006000e+00 1.379182e-23 6.520026e-24 2.031185e-23 
2.008000e+00 1.377084e-23 6.486384e-24 2.025723e-23 
2.010000e+00 1.374929e-23 6.471316e-24 2.022060e-23 
2.012000e+00 1.372878e-23 6.459460e-24 2.018824e-23 
2.014000e+00 1.370788e-23 6.447424e-24 2.015531e-23 
2.016000e+00 1.368773e-23 6.432166e-24 2.011990e-23 
2.018000e+00 1.366566e-23 6.419254e-24 2.008492e-23 
2.020000e+00 1.364756e-23 6.410130e-24 2.005769e-23 
2.022000e+00 1.362320e-23 6.397051e-24 2.002025e-23 
2.024000e+00 1.360311e-23 6.384425e-24 1.998753e-23 
2.026000e+00 1.357374e-23 6.371826e-24 1.994557e-23 
2.028000e+00 1.355637e-23 6.358238e-24 1.991461e-23 
2.030000e+00 1.354133e-23 6.345830e-24 1.988716e-23 
2.032000e+00 1.351798e-23 6.331147e-24 1.984912e-23 
2.034000e+00 1.350178e-23 6.320014e-24 1.982180e-23 
2.036000e+00 1.348332e-23 6.299733e-24 1.978305e-23 
2.038000e+00 1.345328e-23 6.289195e-24 1.974247e-23 
2.040000e+00 1.344586e-23 6.276288e-24 1.972214e-23 
2.042000e+00 1.342235e-23 6.265488e-24 1.968784e-23 
2.044000e+00 1.340340e-23 6.259049e-24 1.966245e-23 
2.046000e+00 1.337984e-23 6.243255e-24 1.962310e-23 
2.048000e+00 1.335845e-23 6.232235e-24 1.959068e-23 
2.050000e+00 1.333394e-23 6.215061e-24 1.954900e-23 
2.052000e+00 1.331269e-23 6.204426e-24 1.951712e-23 
2.054000e+00 1.329883e-23 6.188914e-24 1.948774e-23 
2.056000e+00 1.327658e-23 6.178139e-24 1.945472e-23 
2.058000e+00 1.325241e-23 6.164221e-24 1.941663e-23 
2.060000e+00 1.322972e-23 6.150399e-24 1.938012e-23 
2.062000e+00 1.320745e-23 6.141685e-24 1.934914e-23 
2.064000e+00 1.319535e-23 6.122754e-24 1.931810e-23 
2.066000e+00 1.317295e-23 6.111407e-24 1.928436e-23 
2.068000e+00 1.314787e-23 6.097852e-24 1.924572e-23 
2.070000e+00 1.313682e-23 6.091493e-24 1.922831e-23 
2.072000e+00 1.310717e-23 6.078143e-24 1.918531e-23 
2.074000e+00 1.309588e-23 6.066730e-24 1.916262e-23 
2.076000e+00 1.307296e-23 6.053911e-24 1.912688e-23 
2.078000e+00 1.305124e-23 6.037994e-24 1.908924e-23 
2.080000e+00 1.303599e-23 6.029821e-24 1.906581e-23 
2.082000e+00 1.301132e-23 6.016303e-24 1.902763e-23 
2.084000e+00 1.298768e-23 6.002779e-24 1.899046e-23 
2.086000e+00 1.295934e-23 5.991414e-24 1.895075e-23 
2.088000e+00 1.294356e-23 5.977243e-24 1.892080e-23 
2.090000e+00 1.292734e-23 5.971033e-24 1.889838e-23 
2.092000e+00 1.290087e-23 5.953506e-24 1.885438e-23 
2.094000e+00 1.288875e-23 5.948156e-24 1.883690e-23 
2.096000e+00 1.286196e-23 5.932289e-24 1.879425e-23 
2.098000e+00 1.284801e-23 5.926474e-24 1.877448e-23 
2.100000e+00 1.282657e-23 5.911969e-24 1.873854e-23 
2.102000e+00 1.280850e-23 5.906247e-24 1.871474e-23 
2.104000e+00 1.278204e-23 5.890596e-24 1.867264e-23 
2.106000e+00 1.275615e-23 5.885297e-24 1.864145e-23 
2.108000e+00 1.273855e-23 5.867646e-24 1.860619e-23 
2.110000e+00 1.271719e-23 5.860210e-24 1.857740e-23 
2.112000e+00 1.270224e-23 5.846986e-24 1.854923e-23 
2.114000e+00 1.268120e-23 5.837511e-24 1.851871e-23 
2.116000e+00 1.266242e-23 5.823133e-24 1.848555e-23 
2.118000e+00 1.263322e-23 5.815924e-24 1.844914e-23 
2.120000e+00 1.262127e-23 5.801188e-24 1.842246e-23 
2.122000e+00 1.259963e-23 5.796437e-24 1.839606e-23 
2.124000e+00 1.257998e-23 5.779691e-24 1.835967e-23 
2.126000e+00 1.255608e-23 5.771544e-24 1.832763e-23 
2.128000e+00 1.254096e-23 5.759385e-24 1.830035e-23 
2.130000e+00 1.251747e-23 5.747472e-24 1.826494e-23 
2.132000e+00 1.250367e-23 5.738331e-24 1.824200e-23 
2.134000e+00 1.247336e-23 5.727544e-24 1.820090e-23 
2.136000e+00 1.246345e-23 5.709552e-24 1.817300e-23 
2.138000e+00 1.244447e-23 5.702184e-24 1.814665e-23 
2.140000e+00 1.242648e-23 5.698086e-24 1.812456e-23 
2.142000e+00 1.239925e-23 5.681510e-24 1.808076e-23 
2.144000e+00 1.238340e-23 5.675631e-24 1.805903e-23 
2.146000e+00 1.236837e-23 5.662654e-24 1.803103e-23 
2.148000e+00 1.234448e-23 5.648222e-24 1.799271e-23 
2.150000e+00 1.232876e-23 5.639871e-24 1.796863e-23 
2.152000e+00 1.229897e-23 5.631349e-24 1.793032e-23 
2.154000e+00 1.228439e-23 5.615913e-24 1.790030e-23 
2.156000e+00 1.227013e-23 5.611682e-24 1.788181e-23 
2.158000e+00 1.223890e-23 5.600856e-24 1.783976e-23 
2.160000e+00 1.222505e-23 5.586216e-24 1.781126e-23 
2.162000e+00 1.220526e-23 5.575371e-24 1.778063e-23 
2.164000e+00 1.218584e-23 5.570812e-24 1.775666e-23 
2.166000e+00 1.216569e-23 5.561164e-24 1.772686e-23 
2.168000e+00 1.214268e-23 5.543436e-24 1.768612e-23 
2.170000e+00 1.212766e-23 5.533957e-24 1.766162e-23 
2.172000e+00 1.211176e-23 5.527127e-24 1.763888e-23 
2.174000e+00 1.209525e-23 5.511549e-24 1.760680e-23 
2.176000e+00 1.207585e-23 5.502054e-24 1.757790e-23 
2.178000e+00 1.205076e-23 5.494097e-24 1.754485e-23 
2.180000e+00 1.203478e-23 5.489250e-24 1.752403e-23 
2.182000e+00 1.201063e-23 5.471779e-24 1.748241e-23 
2.184000e+00 1.199057e-23 5.459034e-24 1.744960e-23 
2.186000e+00 1.197928e-23 5.451892e-24 1.743117e-23 
2.188000e+00 1.195996e-23 5.441533e-24 1.740149e-23 
2.190000e+00 1.193456e-23 5.427606e-24 1.736217e-23 
2.192000e+00 1.191153e-23 5.417211e-24 1.732874e-23 
2.194000e+00 1.189624e-23 5.411648e-24 1.730789e-23 
2.196000e+00 1.187758e-23 5.400083e-24 1.727766e-23 
2.198000e+00 1.186063e-23 5.392030e-24 1.725266e-23 
2.200000e+00 1.184191e-23 5.378268e-24 1.722018e-23 
2.202000e+00 1.181908e-23 5.374571e-24 1.719366e-23 
2.204000e+00 1.179832e-23 5.363568e-24 1.716189e-23 
2.206000e+00 1.177721e-23 5.354632e-24 1.713184e-23 
2.208000e+00 1.176094e-23 5.338981e-24 1.709992e-23 
2.210000e+00 1.173722e-23 5.330264e-24 1.706748e-23 
2.212000e+00 1.172394e-23 5.315732e-24 1.703968e-23 
2.214000e+00 1.170306e-23 5.310331e-24 1.701339e-23 
2.216000e+00 1.168377e-23 5.302634e-24 1.698640e-23 
2.218000e+00 1.166748e-23 5.293947e-24 1.696142e-23 
2.220000e+00 1.165249e-23 5.282746e-24 1.693524e-23 
2.222000e+00 1.162793e-23 5.273456e-24 1.690139e-23 
2.224000e+00 1.161052e-23 5.264632e-24 1.687515e-23 
2.226000e+00 1.158874e-23 5.254172e-24 1.684291e-23 
2.228000e+00 1.157403e-23 5.239073e-24 1.681310e-23 
2.230000e+00 1.155310e-23 5.227282e-24 1.678038e-23 
2.232000e+00 1.153668e-23 5.216542e-24 1.675322e-23 
2.234000e+00 1.151431e-23 5.210701e-24 1.672501e-23 
2.236000e+00 1.150720e-23 5.197361e-24 1.670456e-23 
2.238000e+00 1.149135e-23 5.190059e-24 1.668141e-23 
2.240000e+00 1.147244e-23 5.185215e-24 1.665765e-23 
2.242000e+00 1.144587e-23 5.173134e-24 1.661900e-23 
2.244000e+00 1.142801e-23 5.159939e-24 1.658795e-23 
2.246000e+00 1.140874e-23 5.150600e-24 1.655934e-23 
2.248000e+00 1.139315e-23 5.144310e-24 1.653746e-23 
2.250000e+00 1.137027e-23 5.131881e-24 1.650216e-23 
2.252000e+00 1.134743e-23 5.122628e-24 1.647006e-23 
2.254000e+00 1.132868e-23 5.116086e-24 1.644477e-23 
2.256000e+00 1.131240e-23 5.106705e-24 1.641910e-23 
2.258000e+00 1.128987e-23 5.098144e-24 1.638801e-23 
2.260000e+00 1.127119e-23 5.086386e-24 1.635758e-23 
2.262000e+00 1.126505e-23 5.077498e-24 1.634255e-23 
2.264000e+00 1.124483e-23 5.068438e-24 1.631326e-23 
2.266000e+00 1.122109e-23 5.059320e-24 1.628041e-23 
2.268000e+00 1.120462e-23 5.047387e-24 1.625201e-23 
2.270000e+00 1.118107e-23 5.039659e-24 1.622073e-23 
2.272000e+00 1.116254e-23 5.026136e-24 1.618868e-23 
2.274000e+00 1.115220e-23 5.018445e-24 1.617064e-23 
2.276000e+00 1.113734e-23 5.008027e-24 1.614537e-23 
2.278000e+00 1.111254e-23 5.003853e-24 1.611639e-23 
2.280000e+00 1.109146e-23 4.994899e-24 1.608636e-23 
2.282000e+00 1.108373e-23 4.985483e-24 1.606921e-23 
2.284000e+00 1.105885e-23 4.975315e-24 1.603417e-23 
2.286000e+00 1.104940e-23 4.965720e-24 1.601512e-23 
2.288000e+00 1.102692e-23 4.953949e-24 1.598087e-23 
2.290000e+00 1.100885e-23 4.944499e-24 1.595335e-23 
2.292000e+00 1.099603e-23 4.932145e-24 1.592818e-23 
2.294000e+00 1.097764e-23 4.929066e-24 1.590671e-23 
2.296000e+00 1.095775e-23 4.918548e-24 1.587630e-23 
2.298000e+00 1.093158e-23 4.908649e-24 1.584023e-23 
2.300000e+00 1.092165e-23 4.902779e-24 1.582443e-23 
2.302000e+00 1.089920e-23 4.894311e-24 1.579352e-23 
2.304000e+00 1.087889e-23 4.885257e-24 1.576415e-23 
2.306000e+00 1.087078e-23 4.871033e-24 1.574181e-23 
2.308000e+00 1.084551e-23 4.868310e-24 1.571382e-23 
2.310000e+00 1.083841e-23 4.859071e-24 1.569748e-23 
2.312000e+00 1.081731e-23 4.848248e-24 1.566556e-23 
2.314000e+00 1.080216e-23 4.840007e-24 1.564216e-23 
2.316000e+00 1.078315e-23 4.830796e-24 1.561395e-23 
2.318000e+00 1.076830e-23 4.819219e-24 1.558752e-23 
2.320000e+00 1.074984e-23 4.812300e-24 1.556214e-23 
2.322000e+00 1.072845e-23 4.807061e-24 1.553551e-23 
2.324000e+00 1.071645e-23 4.795005e-24 1.551146e-23 
2.326000e+00 1.069250e-23 4.784068e-24 1.547657e-23 
2.328000e+00 1.067571e-23 4.781414e-24 1.545713e-23 
2.330000e+00 1.066122e-23 4.770219e-24 1.543144e-23 
2.332000e+00 1.063801e-23 4.762627e-24 1.540063e-23 
2.334000e+00 1.062192e-23 4.756107e-24 1.537803e-23 
2.336000e+00 1.060797e-23 4.742337e-24 1.535031e-23 
2.338000e+00 1.058294e-23 4.734303e-24 1.531724e-23 
2.340000e+00 1.057460e-23 4.728257e-24 1.530286e-23 
2.342000e+00 1.056391e-23 4.717013e-24 1.528093e-23 
2.344000e+00 1.053994e-23 4.707024e-24 1.524696e-23 
2.346000e+00 1.052823e-23 4.703366e-24 1.523159e-23 
2.348000e+00 1.051376e-23 4.691198e-24 1.520496e-23 
2.350000e+00 1.049112e-23 4.685277e-24 1.517640e-23 
2.352000e+00 1.048009e-23 4.676485e-24 1.515657e-23 
2.354000e+00 1.047650e-23 4.669029e-24 1.514553e-23 
2.356000e+00 1.044508e-23 4.660402e-24 1.510548e-23 
2.358000e+00 1.043748e-23 4.650764e-24 1.508824e-23 
2.360000e+00 1.041374e-23 4.666058e-24 1.507980e-23 
2.362000e+00 1.039921e-23 4.661403e-24 1.506061e-23 
2.364000e+00 1.038008e-23 4.648839e-24 1.502892e-23 
2.366000e+00 1.036551e-23 4.645541e-24 1.501105e-23 
2.368000e+00 1.034765e-23 4.632019e-24 1.497967e-23 
2.370000e+00 1.032670e-23 4.628634e-24 1.495534e-23 
2.372000e+00 1.030695e-23 4.618400e-24 1.492535e-23 
2.374000e+00 1.029749e-23 4.612158e-24 1.490965e-23 
2.376000e+00 1.028521e-23 4.603811e-24 1.488902e-23 
2.378000e+00 1.027063e-23 4.594686e-24 1.486531e-23 
2.380000e+00 1.024679e-23 4.584176e-24 1.483097e-23 
2.382000e+00 1.023874e-23 4.582344e-24 1.482108e-23 
2.384000e+00 1.021870e-23 4.569281e-24 1.478798e-23 
2.386000e+00 1.019681e-23 4.564205e-24 1.476102e-23 
2.388000e+00 1.018450e-23 4.552804e-24 1.473731e-23 
2.390000e+00 1.015973e-23 4.526062e-24 1.468580e-23 
2.392000e+00 1.014257e-23 4.511935e-24 1.465451e-23 
2.394000e+00 1.013077e-23 4.510812e-24 1.464158e-23 
2.396000e+00 1.010973e-23 4.495586e-24 1.460532e-23 
2.398000e+00 1.009634e-23 4.494294e-24 1.459064e-23 
2.400000e+00 1.008359e-23 4.488101e-24 1.457170e-23 
2.402000e+00 1.006780e-23 4.475091e-24 1.454289e-23 
2.404000e+00 1.005557e-23 4.471181e-24 1.452676e-23 
2.406000e+00 1.003558e-23 4.460047e-24 1.449562e-23 
2.408000e+00 1.001748e-23 4.453786e-24 1.447127e-23 
2.410000e+00 1.000313e-23 4.447485e-24 1.445062e-23 
2.412000e+00 9.988180e-24 4.438294e-24 1.442647e-23 
2.414000e+00 9.978273e-24 4.433325e-24 1.441160e-23 
2.416000e+00 9.953110e-24 4.426191e-24 1.437930e-23 
2.418000e+00 9.937080e-24 4.417913e-24 1.435499e-23 
2.420000e+00 9.925318e-24 4.408756e-24 1.433407e-23 
2.422000e+00 9.915625e-24 4.402227e-24 1.431785e-23 
2.424000e+00 9.897076e-24 4.392924e-24 1.429000e-23 
2.426000e+00 9.876849e-24 4.390110e-24 1.426696e-23 
2.428000e+00 9.861319e-24 4.377136e-24 1.423845e-23 
2.430000e+00 9.843093e-24 4.372104e-24 1.421520e-23 
2.432000e+00 9.829905e-24 4.366082e-24 1.419599e-23 
2.434000e+00 9.821517e-24 4.350558e-24 1.417208e-23 
2.436000e+00 9.805041e-24 4.345666e-24 1.415071e-23 
2.438000e+00 9.790260e-24 4.344737e-24 1.413500e-23 
2.440000e+00 9.775199e-24 4.329339e-24 1.410454e-23 
2.442000e+00 9.760662e-24 4.321752e-24 1.408241e-23 
2.444000e+00 9.747936e-24 4.318532e-24 1.406647e-23 
2.446000e+00 9.735341e-24 4.307807e-24 1.404315e-23 
2.448000e+00 9.706601e-24 4.302024e-24 1.400862e-23 
2.450000e+00 9.694755e-24 4.295927e-24 1.399068e-23 
2.452000e+00 9.677643e-24 4.282095e-24 1.395974e-23 
2.454000e+00 9.664875e-24 4.280359e-24 1.394523e-23 
2.456000e+00 9.651503e-24 4.273157e-24 1.392466e-23 
2.458000e+00 9.635599e-24 4.261381e-24 1.389698e-23 
2.460000e+00 9.621787e-24 4.255402e-24 1.387719e-23 
2.462000e+00 9.606901e-24 4.250484e-24 1.385739e-23 
2.464000e+00 9.594074e-24 4.244915e-24 1.383899e-23 
2.466000e+00 9.575469e-24 4.234880e-24 1.381035e-23 
2.468000e+00 9.561544e-24 4.225808e-24 1.378735e-23 
2.470000e+00 9.546476e-24 4.218366e-24 1.376484e-23 
2.472000e+00 9.531731e-24 4.213729e-24 1.374546e-23 
2.474000e+00 9.516466e-24 4.205495e-24 1.372196e-23 
2.476000e+00 9.488584e-24 4.198631e-24 1.368721e-23 
2.478000e+00 9.473519e-24 4.190657e-24 1.366418e-23 
2.480000e+00 9.460474e-24 4.183506e-24 1.364398e-23 
2.482000e+00 9.450481e-24 4.178524e-24 1.362901e-23 
2.484000e+00 9.430819e-24 4.171615e-24 1.360243e-23 
2.486000e+00 9.428470e-24 4.162420e-24 1.359089e-23 
2.488000e+00 9.411833e-24 4.155268e-24 1.356710e-23 
2.490000e+00 9.397985e-24 4.149747e-24 1.354773e-23 
2.492000e+00 9.381163e-24 4.141058e-24 1.352222e-23 
2.494000e+00 9.366422e-24 4.136161e-24 1.350258e-23 
2.496000e+00 9.351854e-24 4.125723e-24 1.347758e-23 
2.498000e+00 9.331206e-24 4.117152e-24 1.344836e-23 
2.500000e+00 9.321390e-24 4.112944e-24 1.343433e-23 
2.502000e+00 9.301232e-24 4.108113e-24 1.340935e-23 
2.504000e+00 9.290502e-24 4.101074e-24 1.339158e-23 
2.506000e+00 9.277008e-24 4.088852e-24 1.336586e-23 
2.508000e+00 9.270378e-24 4.082780e-24 1.335316e-23 
2.510000e+00 9.252178e-24 4.079712e-24 1.333189e-23 
2.512000e+00 9.236617e-24 4.070826e-24 1.330744e-23 
2.514000e+00 9.216651e-24 4.062194e-24 1.327885e-23 
2.516000e+00 9.203757e-24 4.059303e-24 1.326306e-23 
2.518000e+00 9.187217e-24 4.052013e-24 1.323923e-23 
2.520000e+00 9.174805e-24 4.044977e-24 1.321978e-23 
2.522000e+00 9.163466e-24 4.039333e-24 1.320280e-23 
2.524000e+00 9.154909e-24 4.027177e-24 1.318209e-23 
2.526000e+00 9.138426e-24 4.020379e-24 1.315880e-23 
2.528000e+00 9.122211e-24 4.017028e-24 1.313924e-23 
2.530000e+00 9.108256e-24 4.009639e-24 1.311789e-23 
2.532000e+00 9.097415e-24 4.001717e-24 1.309913e-23 
2.534000e+00 9.084607e-24 3.996778e-24 1.308139e-23 
2.536000e+00 9.068032e-24 3.988401e-24 1.305643e-23 
2.538000e+00 9.047852e-24 3.984263e-24 1.303211e-23 
2.540000e+00 9.034216e-24 3.979878e-24 1.301409e-23 
2.542000e+00 9.020841e-24 3.971312e-24 1.299215e-23 
2.544000e+00 9.010408e-24 3.963687e-24 1.297409e-23 
2.546000e+00 8.995374e-24 3.955979e-24 1.295135e-23 
2.548000e+00 8.980541e-24 3.951629e-24 1.293217e-23 
2.550000e+00 8.976010e-24 3.945286e-24 1.292130e-23 
2.552000e+00 8.959291e-24 3.940837e-24 1.290013e-23 
2.554000e+00 8.937380e-24 3.931213e-24 1.286859e-23 
2.556000e+00 8.932407e-24 3.926784e-24 1.285919e-23 
2.558000e+00 8.918621e-24 3.920122e-24 1.283874e-23 
2.560000e+00 8.901324e-24 3.911902e-24 1.281323e-23 
2.562000e+00 8.896145e-24 3.906206e-24 1.280235e-23 
2.564000e+00 8.874359e-24 3.893465e-24 1.276782e-23 
2.566000e+00 8.860724e-24 3.887246e-24 1.274797e-23 
2.568000e+00 8.841848e-24 3.880810e-24 1.272266e-23 
2.570000e+00 8.832426e-24 3.870954e-24 1.270338e-23 
2.572000e+00 8.822796e-24 3.866713e-24 1.268951e-23 
2.574000e+00 8.804993e-24 3.864994e-24 1.266999e-23 
2.576000e+00 8.789060e-24 3.860556e-24 1.264962e-23 
2.578000e+00 8.775827e-24 3.854397e-24 1.263022e-23 
2.580000e+00 8.757860e-24 3.848302e-24 1.260616e-23 
2.582000e+00 8.744663e-24 3.839591e-24 1.258425e-23 
2.584000e+00 8.727827e-24 3.832597e-24 1.256042e-23 
2.586000e+00 8.728978e-24 3.828519e-24 1.255750e-23 
2.588000e+00 8.707303e-24 3.820744e-24 1.252805e-23 
2.590000e+00 8.689944e-24 3.814040e-24 1.250398e-23 
2.592000e+00 8.681582e-24 3.806137e-24 1.248772e-23 
2.594000e+00 8.668543e-24 3.801526e-24 1.247007e-23 
2.596000e+00 8.657127e-24 3.795692e-24 1.245282e-23 
2.598000e+00 8.638227e-24 3.792687e-24 1.243091e-23 
2.600000e+00 8.628058e-24 3.788301e-24 1.241636e-23 
2.602000e+00 8.612014e-24 3.780913e-24 1.239293e-23 
2.604000e+00 8.597281e-24 3.773390e-24 1.237067e-23 
2.606000e+00 8.594530e-24 3.766729e-24 1.236126e-23 
2.608000e+00 8.570379e-24 3.755608e-24 1.232599e-23 
2.610000e+00 8.569600e-24 3.752467e-24 1.232207e-23 
2.612000e+00 8.555980e-24 3.743598e-24 1.229958e-23 
2.614000e+00 8.543888e-24 3.739853e-24 1.228374e-23 
2.616000e+00 8.526123e-24 3.732320e-24 1.225844e-23 
2.618000e+00 8.551809e-24 3.732290e-24 1.228410e-23 
2.620000e+00 8.535289e-24 3.726393e-24 1.226168e-23 
2.622000e+00 8.521490e-24 3.717669e-24 1.223916e-23 
2.624000e+00 8.507112e-24 3.712120e-24 1.221923e-23 
2.626000e+00 8.484144e-24 3.703439e-24 1.218758e-23 
2.628000e+00 8.482265e-24 3.697933e-24 1.218020e-23 
2.630000e+00 8.465686e-24 3.691969e-24 1.215766e-23 
2.632000e+00 8.453627e-24 3.684212e-24 1.213784e-23 
2.634000e+00 8.439362e-24 3.684929e-24 1.212429e-23 
2.636000e+00 8.421732e-24 3.677397e-24 1.209913e-23 
2.638000e+00 8.417450e-24 3.667194e-24 1.208464e-23 
2.640000e+00 8.404403e-24 3.661640e-24 1.206604e-23 
2.642000e+00 8.383768e-24 3.654989e-24 1.203876e-23 
2.644000e+00 8.382328e-24 3.653852e-24 1.203618e-23 
2.646000e+00 8.362770e-24 3.650099e-24 1.201287e-23 
2.648000e+00 8.353111e-24 3.639594e-24 1.199270e-23 
2.650000e+00 8.348012e-24 3.633895e-24 1.198191e-23 
2.652000e+00 8.296500e-24 3.625694e-24 1.192219e-23 
2.654000e+00 8.291204e-24 3.625384e-24 1.191659e-23 
2.656000e+00 8.267684e-24 3.618591e-24 1.188628e-23 
2.658000e+00 8.265096e-24 3.612958e-24 1.187805e-23 
2.660000e+00 8.248846e-24 3.603064e-24 1.185191e-23 
2.662000e+00 8.236811e-24 3.598877e-24 1.183569e-23 
2.664000e+00 8.225566e-24 3.596855e-24 1.182242e-23 
2.666000e+00 8.212915e-24 3.587269e-24 1.180018e-23 
2.668000e+00 8.193545e-24 3.581324e-24 1.177487e-23 
2.670000e+00 8.188489e-24 3.573153e-24 1.176164e-23 
2.672000e+00 8.169898e-24 3.564720e-24 1.173462e-23 
2.674000e+00 8.156162e-24 3.564599e-24 1.172076e-23 
2.676000e+00 8.141660e-24 3.559809e-24 1.170147e-23 
2.678000e+00 8.131861e-24 3.552214e-24 1.168407e-23 
2.680000e+00 8.124193e-24 3.545430e-24 1.166962e-23 
2.682000e+00 8.110517e-24 3.539014e-24 1.164953e-23 
2.684000e+00 8.098077e-24 3.538038e-24 1.163612e-23 
2.686000e+00 8.088137e-24 3.528639e-24 1.161678e-23 
2.688000e+00 8.070368e-24 3.521485e-24 1.159185e-23 
2.690000e+00 8.066702e-24 3.513958e-24 1.158066e-23 
2.692000e+00 8.042401e-24 3.511167e-24 1.155357e-23 
2.694000e+00 8.037519e-24 3.507428e-24 1.154495e-23 
2.696000e+00 8.024605e-24 3.499305e-24 1.152391e-23 
2.698000e+00 8.009006e-24 3.496650e-24 1.150566e-23 
2.700000e+00 7.997894e-24 3.489956e-24 1.148785e-23 
2.702000e+00 7.991335e-24 3.483094e-24 1.147443e-23 
2.704000e+00 7.968554e-24 3.482212e-24 1.145077e-23 
2.706000e+00 7.969933e-24 3.475707e-24 1.144564e-23 
2.708000e+00 7.956561e-24 3.469321e-24 1.142588e-23 
2.710000e+00 7.945228e-24 3.464381e-24 1.140961e-23 
2.712000e+00 7.927656e-24 3.457762e-24 1.138542e-23 
2.714000e+00 7.914795e-24 3.450927e-24 1.136572e-23 
2.716000e+00 7.914078e-24 3.446980e-24 1.136106e-23 
2.718000e+00 7.899841e-24 3.442366e-24 1.134221e-23 
2.720000e+00 7.897577e-24 3.437994e-24 1.133557e-23 
2.722000e+00 7.872855e-24 3.432463e-24 1.130532e-23 
2.724000e+00 7.870400e-24 3.426886e-24 1.129729e-23 
2.726000e+00 7.855745e-24 3.421758e-24 1.127750e-23 
2.728000e+00 7.833360e-24 3.419849e-24 1.125321e-23 
2.730000e+00 7.826928e-24 3.410577e-24 1.123751e-23 
2.732000e+00 7.817524e-24 3.404290e-24 1.122181e-23 
2.734000e+00 7.812389e-24 3.402876e-24 1.121527e-23 
2.736000e+00 7.794141e-24 3.394387e-24 1.118853e-23 
2.738000e+00 7.783410e-24 3.387886e-24 1.117130e-23 
2.740000e+00 7.772269e-24 3.386326e-24 1.115860e-23 
2.742000e+00 7.763248e-24 3.378802e-24 1.114205e-23 
2.744000e+00 7.755785e-24 3.373156e-24 1.112894e-23 
2.746000e+00 7.738337e-24 3.369444e-24 1.110778e-23 
2.748000e+00 7.728788e-24 3.360865e-24 1.108965e-23 
2.750000e+00 7.716830e-24 3.352498e-24 1.106933e-23 
2.752000e+00 7.697544e-24 3.353265e-24 1.105081e-23 
2.754000e+00 7.690602e-24 3.347468e-24 1.103807e-23 
2.756000e+00 7.680735e-24 3.342538e-24 1.102327e-23 
2.758000e+00 7.666212e-24 3.336774e-24 1.100299e-23 
2.760000e+00 7.661130e-24 3.330265e-24 1.099140e-23 
2.762000e+00 7.641893e-24 3.326754e-24 1.096865e-23 
2.764000e+00 7.634652e-24 3.317920e-24 1.095257e-23 
2.766000e+00 7.622544e-24 3.317421e-24 1.093997e-23 
2.768000e+00 7.613480e-24 3.311404e-24 1.092488e-23 
2.770000e+00 7.605816e-24 3.309476e-24 1.091529e-23 
2.772000e+00 7.597995e-24 3.300586e-24 1.089858e-23 
2.774000e+00 7.588061e-24 3.292440e-24 1.088050e-23 
2.776000e+00 7.566056e-24 3.289636e-24 1.085569e-23 
2.778000e+00 7.556509e-24 3.284235e-24 1.084074e-23 
2.780000e+00 7.543212e-24 3.279936e-24 1.082315e-23 
2.782000e+00 7.536757e-24 3.274081e-24 1.081084e-23 
2.784000e+00 7.525783e-24 3.273914e-24 1.079970e-23 
2.786000e+00 7.519510e-24 3.265165e-24 1.078467e-23 
2.788000e+00 7.509448e-24 3.266030e-24 1.077548e-23 
2.790000e+00 7.501124e-24 3.256311e-24 1.075743e-23 
2.792000e+00 7.474435e-24 3.251500e-24 1.072593e-23 
2.794000e+00 7.469754e-24 3.245323e-24 1.071508e-23 
2.796000e+00 7.455827e-24 3.241568e-24 1.069740e-23 
2.798000e+00 7.449715e-24 3.237076e-24 1.068679e-23 
2.800000e+00 7.441662e-24 3.228418e-24 1.067008e-23 
2.802000e+00 7.429173e-24 3.228938e-24 1.065811e-23 
2.804000e+00 7.416566e-24 3.219835e-24 1.063640e-23 
2.806000e+00 7.408981e-24 3.215640e-24 1.062462e-23 
2.808000e+00 7.400631e-24 3.209889e-24 1.061052e-23 
2.810000e+00 7.379310e-24 3.205131e-24 1.058444e-23 
2.812000e+00 7.372829e-24 3.205065e-24 1.057789e-23 
2.814000e+00 7.362366e-24 3.195126e-24 1.055749e-23 
2.816000e+00 7.348852e-24 3.193173e-24 1.054202e-23 
2.818000e+00 7.339895e-24 3.184500e-24 1.052440e-23 
2.820000e+00 7.334880e-24 3.181144e-24 1.051602e-23 
2.822000e+00 7.323721e-24 3.172886e-24 1.049661e-23 
2.824000e+00 7.311107e-24 3.173327e-24 1.048443e-23 
2.826000e+00 7.298736e-24 3.164895e-24 1.046363e-23 
2.828000e+00 7.294801e-24 3.162819e-24 1.045762e-23 
2.830000e+00 7.265336e-24 3.155285e-24 1.042062e-23 
2.832000e+00 7.263683e-24 3.154234e-24 1.041792e-23 
2.834000e+00 7.250738e-24 3.145690e-24 1.039643e-23 
2.836000e+00 7.238696e-24 3.144313e-24 1.038301e-23 
2.838000e+00 7.229309e-24 3.140475e-24 1.036978e-23 
2.840000e+00 7.223614e-24 3.134296e-24 1.035791e-23 
2.842000e+00 7.209940e-24 3.131263e-24 1.034120e-23 
2.844000e+00 7.197295e-24 3.124058e-24 1.032135e-23 
2.846000e+00 7.189001e-24 3.120867e-24 1.030987e-23 
2.848000e+00 7.178471e-24 3.112732e-24 1.029120e-23 
2.850000e+00 7.168283e-24 3.110846e-24 1.027913e-23 
2.852000e+00 7.164959e-24 3.102151e-24 1.026711e-23 
2.854000e+00 7.149752e-24 3.100717e-24 1.025047e-23 
2.856000e+00 7.133420e-24 3.092055e-24 1.022547e-23 
2.858000e+00 7.124073e-24 3.090002e-24 1.021407e-23 
2.860000e+00 7.114947e-24 3.084170e-24 1.019912e-23 
2.862000e+00 7.107041e-24 3.084609e-24 1.019165e-23 
2.864000e+00 7.094421e-24 3.077130e-24 1.017155e-23 
2.866000e+00 7.082492e-24 3.071186e-24 1.015368e-23 
2.868000e+00 7.166550e-24 3.069030e-24 1.023558e-23 
2.870000e+00 7.064007e-24 3.063423e-24 1.012743e-23 
2.872000e+00 7.052133e-24 3.060506e-24 1.011264e-23 
2.874000e+00 7.052261e-24 3.053047e-24 1.010531e-23 
2.876000e+00 7.039774e-24 3.051895e-24 1.009167e-23 
2.878000e+00 7.027177e-24 3.041393e-24 1.006857e-23 
2.880000e+00 7.020738e-24 3.039674e-24 1.006041e-23 
2.882000e+00 7.013180e-24 3.031354e-24 1.004453e-23 
2.884000e+00 6.998998e-24 3.028556e-24 1.002755e-23 
2.886000e+00 6.986512e-24 3.027540e-24 1.001405e-23 
2.888000e+00 6.977288e-24 3.018102e-24 9.995390e-24 
2.890000e+00 6.962732e-24 3.014647e-24 9.977379e-24 
2.892000e+00 6.961702e-24 3.014182e-24 9.975884e-24 
2.894000e+00 6.957122e-24 3.006488e-24 9.963611e-24 
2.896000e+00 6.942227e-24 3.005923e-24 9.948150e-24 
2.898000e+00 6.928620e-24 3.003947e-24 9.932567e-24 
2.900000e+00 6.918740e-24 2.993954e-24 9.912694e-24 
2.902000e+00 6.910493e-24 2.991199e-24 9.901692e-24 
2.904000e+00 6.900807e-24 2.991039e-24 9.891846e-24 
2.906000e+00 6.889263e-24 2.981501e-24 9.870764e-24 
2.908000e+00 6.884463e-24 2.982358e-24 9.866821e-24 
2.910000e+00 6.878859e-24 2.968417e-24 9.847276e-24 
2.912000e+00 6.870237e-24 2.968365e-24 9.838602e-24 
2.914000e+00 6.855690e-24 2.968058e-24 9.823748e-24 
2.916000e+00 6.843272e-24 2.959204e-24 9.802477e-24 
2.918000e+00 6.831925e-24 2.959105e-24 9.791030e-24 
2.920000e+00 6.821245e-24 2.954090e-24 9.775335e-24 
2.922000e+00 6.815747e-24 2.944087e-24 9.759834e-24 
2.924000e+00 6.801662e-24 2.944754e-24 9.746417e-24 
2.926000e+00 6.796918e-24 2.942217e-24 9.739135e-24 
2.928000e+00 6.788682e-24 2.932241e-24 9.720923e-24 
2.930000e+00 6.777384e-24 2.933003e-24 9.710386e-24 
2.932000e+00 6.765841e-24 2.926597e-24 9.692439e-24 
2.934000e+00 6.753509e-24 2.922891e-24 9.676399e-24 
2.936000e+00 6.742092e-24 2.918927e-24 9.661019e-24 
2.938000e+00 6.735654e-24 2.914379e-24 9.650034e-24 
2.940000e+00 6.724678e-24 2.908184e-24 9.632862e-24 
2.942000e+00 6.719545e-24 2.903165e-24 9.622710e-24 
2.944000e+00 6.708661e-24 2.904046e-24 9.612707e-24 
2.946000e+00 6.700349e-24 2.894074e-24 9.594423e-24 
2.948000e+00 6.708509e-24 2.891959e-24 9.600468e-24 
2.950000e+00 6.696476e-24 2.890381e-24 9.586857e-24 
2.952000e+00 6.682836e-24 2.880514e-24 9.563350e-24 
2.954000e+00 6.680115e-24 2.876559e-24 9.556674e-24 
2.956000e+00 6.670775e-24 2.876834e-24 9.547609e-24 
2.958000e+00 6.656390e-24 2.876271e-24 9.532661e-24 
2.960000e+00 6.651772e-24 2.866575e-24 9.518348e-24 
2.962000e+00 6.648462e-24 2.863618e-24 9.512080e-24 
2.964000e+00 6.635659e-24 2.863760e-24 9.499419e-24 
2.966000e+00 6.623808e-24 2.854111e-24 9.477919e-24 
2.968000e+00 6.620019e-24 2.853212e-24 9.473231e-24 
2.970000e+00 6.614188e-24 2.846512e-24 9.460700e-24 
2.972000e+00 6.597419e-24 2.846521e-24 9.443940e-24 
2.974000e+00 6.585979e-24 2.837294e-24 9.423274e-24 
2.976000e+00 6.578740e-24 2.834801e-24 9.413541e-24 
2.978000e+00 6.577925e-24 2.831359e-24 9.409285e-24 
2.980000e+00 6.565887e-24 2.823136e-24 9.389022e-24 
2.982000e+00 6.555190e-24 2.824613e-24 9.379803e-24 
2.984000e+00 6.517577e-24 2.822087e-24 9.339663e-24 
2.986000e+00 6.521340e-24 2.818743e-24 9.340083e-24 
2.988000e+00 6.506664e-24 2.809003e-24 9.315667e-24 
2.990000e+00 6.492269e-24 2.807107e-24 9.299376e-24 
2.992000e+00 6.487864e-24 2.800667e-24 9.288531e-24 
2.994000e+00 6.477798e-24 2.796588e-24 9.274386e-24 
2.996000e+00 6.466424e-24 2.792686e-24 9.259110e-24 
2.998000e+00 6.454265e-24 2.790734e-24 9.244999e-24 
