1.000000e-01 1.654947e-22 1.236682e-22 2.891629e-22 
1.020000e-01 1.644890e-22 1.221275e-22 2.866164e-22 
1.040000e-01 1.630314e-22 1.204151e-22 2.834465e-22 
1.060000e-01 1.611732e-22 1.188318e-22 2.800050e-22 
1.080000e-01 1.588515e-22 1.171681e-22 2.760196e-22 
1.100000e-01 1.558979e-22 1.154429e-22 2.713408e-22 
1.120000e-01 1.519289e-22 1.137982e-22 2.657271e-22 
1.140000e-01 1.457385e-22 1.120867e-22 2.578251e-22 
1.160000e-01 1.292346e-22 1.103046e-22 2.395392e-22 
1.180000e-01 1.429024e-22 1.086700e-22 2.515723e-22 
1.200000e-01 1.477778e-22 1.069873e-22 2.547652e-22 
1.220000e-01 1.498583e-22 1.052186e-22 2.550769e-22 
1.240000e-01 1.509522e-22 1.035346e-22 2.544868e-22 
1.260000e-01 1.515508e-22 1.018204e-22 2.533712e-22 
1.280000e-01 1.518122e-22 1.000990e-22 2.519112e-22 
1.300000e-01 1.518293e-22 9.839195e-23 2.502213e-22 
1.320000e-01 1.516838e-22 9.668241e-23 2.483663e-22 
1.340000e-01 1.514080e-22 9.495870e-23 2.463667e-22 
1.360000e-01 1.510170e-22 9.326426e-23 2.442812e-22 
1.380000e-01 1.505247e-22 9.152979e-23 2.420545e-22 
1.400000e-01 1.499582e-22 8.984517e-23 2.398034e-22 
1.420000e-01 1.493396e-22 8.811029e-23 2.374499e-22 
1.440000e-01 1.486469e-22 8.639542e-23 2.350423e-22 
1.460000e-01 1.478848e-22 8.467684e-23 2.325617e-22 
1.480000e-01 1.470556e-22 8.297811e-23 2.300337e-22 
1.500000e-01 1.461772e-22 8.127664e-23 2.274538e-22 
1.520000e-01 1.452422e-22 7.955311e-23 2.247953e-22 
1.540000e-01 1.442236e-22 7.788365e-23 2.221072e-22 
1.560000e-01 1.431273e-22 7.619429e-23 2.193216e-22 
1.580000e-01 1.419411e-22 7.452096e-23 2.164620e-22 
1.600000e-01 1.406751e-22 7.281756e-23 2.134926e-22 
1.620000e-01 1.392599e-22 7.112651e-23 2.103864e-22 
1.640000e-01 1.375469e-22 6.942651e-23 2.069734e-22 
1.660000e-01 1.351424e-22 6.777684e-23 2.029193e-22 
1.680000e-01 1.300057e-22 6.615694e-23 1.961626e-22 
1.700000e-01 1.312418e-22 6.455800e-23 1.957998e-22 
1.720000e-01 1.323105e-22 6.295465e-23 1.952652e-22 
1.740000e-01 1.323766e-22 6.135207e-23 1.937287e-22 
1.760000e-01 1.321223e-22 5.976293e-23 1.918853e-22 
1.780000e-01 1.317291e-22 5.818669e-23 1.899157e-22 
1.800000e-01 1.312428e-22 5.662162e-23 1.878644e-22 
1.820000e-01 1.307056e-22 5.506667e-23 1.857723e-22 
1.840000e-01 1.301387e-22 5.352615e-23 1.836649e-22 
1.860000e-01 1.295470e-22 5.200843e-23 1.815554e-22 
1.880000e-01 1.289474e-22 5.048016e-23 1.794276e-22 
1.900000e-01 1.283431e-22 4.898081e-23 1.773239e-22 
1.920000e-01 1.277819e-22 4.749723e-23 1.752792e-22 
1.940000e-01 1.273409e-22 4.604680e-23 1.733877e-22 
1.960000e-01 1.271154e-22 4.459983e-23 1.717153e-22 
1.980000e-01 1.277867e-22 4.318238e-23 1.709690e-22 
2.000000e-01 1.293951e-22 4.178467e-23 1.711797e-22 
2.020000e-01 1.261607e-22 4.041953e-23 1.665802e-22 
2.040000e-01 1.243478e-22 3.907903e-23 1.634268e-22 
2.060000e-01 1.228150e-22 3.772552e-23 1.605406e-22 
2.080000e-01 1.214130e-22 3.640015e-23 1.578132e-22 
2.100000e-01 1.200698e-22 3.509232e-23 1.551621e-22 
2.120000e-01 1.187663e-22 3.377888e-23 1.525452e-22 
2.140000e-01 1.174994e-22 3.248143e-23 1.499808e-22 
2.160000e-01 1.162556e-22 3.119810e-23 1.474537e-22 
2.180000e-01 1.150150e-22 2.990972e-23 1.449247e-22 
2.200000e-01 1.138185e-22 2.868925e-23 1.425078e-22 
2.220000e-01 1.126344e-22 2.749256e-23 1.401270e-22 
2.240000e-01 1.114296e-22 2.631918e-23 1.377488e-22 
2.260000e-01 1.102202e-22 2.515522e-23 1.353754e-22 
2.280000e-01 1.089916e-22 2.397466e-23 1.329662e-22 
2.300000e-01 1.077762e-22 2.283719e-23 1.306134e-22 
2.320000e-01 1.065750e-22 2.170109e-23 1.282761e-22 
2.340000e-01 1.053627e-22 2.056906e-23 1.259318e-22 
2.360000e-01 1.041564e-22 1.946220e-23 1.236186e-22 
2.380000e-01 1.029512e-22 1.836678e-23 1.213180e-22 
2.400000e-01 1.017380e-22 1.745343e-23 1.191915e-22 
2.420000e-01 1.005485e-22 1.671013e-23 1.172587e-22 
2.440000e-01 9.935412e-23 1.600818e-23 1.153623e-22 
2.460000e-01 9.818452e-23 1.517550e-23 1.133600e-22 
2.480000e-01 9.702962e-23 1.425431e-23 1.112839e-22 
2.500000e-01 9.588138e-23 1.324079e-23 1.091222e-22 
2.520000e-01 9.474004e-23 1.208214e-23 1.068222e-22 
2.540000e-01 9.359218e-23 1.087493e-23 1.044671e-22 
2.560000e-01 9.248356e-23 9.640941e-24 1.021245e-22 
2.580000e-01 9.133395e-23 8.337832e-24 9.967178e-23 
2.600000e-01 9.021369e-23 6.826555e-24 9.704024e-23 
2.620000e-01 8.909524e-23 5.181401e-24 9.427664e-23 
2.640000e-01 8.798087e-23 3.441725e-24 9.142259e-23 
2.660000e-01 8.688675e-23 1.963924e-24 8.885068e-23 
2.680000e-01 8.579347e-23 8.251242e-25 8.661860e-23 
2.700000e-01 8.471957e-23 1.704554e-25 8.489003e-23 
2.720000e-01 8.364850e-23 1.426403e-25 8.379114e-23 
2.740000e-01 8.259559e-23 8.888494e-25 8.348444e-23 
2.760000e-01 8.156105e-23 2.607112e-24 8.416816e-23 
2.780000e-01 8.053900e-23 4.902089e-24 8.544109e-23 
2.800000e-01 7.951778e-23 1.242776e-23 9.194554e-23 
2.820000e-01 7.849485e-23 1.582987e-23 9.432473e-23 
2.840000e-01 7.746938e-23 1.476370e-23 9.223308e-23 
2.860000e-01 7.645840e-23 1.374432e-23 9.020272e-23 
2.880000e-01 7.544801e-23 1.314074e-23 8.858875e-23 
2.900000e-01 7.444625e-23 1.292015e-23 8.736640e-23 
2.920000e-01 7.344322e-23 1.285851e-23 8.630173e-23 
2.940000e-01 7.245088e-23 1.320328e-23 8.565416e-23 
2.960000e-01 7.146655e-23 1.367947e-23 8.514603e-23 
2.980000e-01 7.049677e-23 1.427864e-23 8.477541e-23 
3.000000e-01 6.953121e-23 1.484416e-23 8.437537e-23 
3.020000e-01 6.857379e-23 1.527622e-23 8.385001e-23 
3.040000e-01 6.761555e-23 1.558024e-23 8.319579e-23 
3.060000e-01 6.667329e-23 1.581396e-23 8.248725e-23 
3.080000e-01 6.573500e-23 1.604506e-23 8.178007e-23 
3.100000e-01 6.481186e-23 1.616529e-23 8.097715e-23 
3.120000e-01 6.389080e-23 1.625467e-23 8.014547e-23 
3.140000e-01 6.297996e-23 1.624159e-23 7.922154e-23 
3.160000e-01 6.207402e-23 1.615868e-23 7.823270e-23 
3.180000e-01 6.118189e-23 1.599133e-23 7.717322e-23 
3.200000e-01 6.029947e-23 1.587244e-23 7.617191e-23 
3.220000e-01 5.942780e-23 1.578170e-23 7.520950e-23 
3.240000e-01 5.856624e-23 1.576990e-23 7.433614e-23 
3.260000e-01 5.770880e-23 1.577869e-23 7.348749e-23 
3.280000e-01 5.686588e-23 1.592008e-23 7.278596e-23 
3.300000e-01 5.603213e-23 1.590939e-23 7.194152e-23 
3.320000e-01 5.521756e-23 1.591542e-23 7.113297e-23 
3.340000e-01 5.441520e-23 1.584905e-23 7.026425e-23 
3.360000e-01 5.362294e-23 1.579699e-23 6.941993e-23 
3.380000e-01 5.283671e-23 1.574231e-23 6.857902e-23 
3.400000e-01 5.205705e-23 1.567398e-23 6.773103e-23 
3.420000e-01 5.128665e-23 1.560931e-23 6.689596e-23 
3.440000e-01 5.052020e-23 1.555272e-23 6.607292e-23 
3.460000e-01 4.977052e-23 1.549347e-23 6.526399e-23 
3.480000e-01 4.902008e-23 1.542641e-23 6.444649e-23 
3.500000e-01 4.827868e-23 1.535694e-23 6.363562e-23 
3.520000e-01 4.754490e-23 1.527930e-23 6.282420e-23 
3.540000e-01 4.681651e-23 1.520079e-23 6.201730e-23 
3.560000e-01 4.610615e-23 1.511915e-23 6.122530e-23 
3.580000e-01 4.539990e-23 1.503524e-23 6.043514e-23 
3.600000e-01 4.470808e-23 1.494123e-23 5.964931e-23 
3.620000e-01 4.402149e-23 1.484829e-23 5.886977e-23 
3.640000e-01 4.334403e-23 1.475824e-23 5.810227e-23 
3.660000e-01 4.267681e-23 1.466907e-23 5.734588e-23 
3.680000e-01 4.201571e-23 1.457147e-23 5.658718e-23 
3.700000e-01 4.136695e-23 1.447389e-23 5.584084e-23 
3.720000e-01 4.072521e-23 1.437706e-23 5.510227e-23 
3.740000e-01 4.008820e-23 1.428195e-23 5.437015e-23 
3.760000e-01 3.945845e-23 1.418082e-23 5.363927e-23 
3.780000e-01 3.883185e-23 1.407859e-23 5.291044e-23 
3.800000e-01 3.821301e-23 1.397094e-23 5.218395e-23 
3.820000e-01 3.760324e-23 1.386127e-23 5.146452e-23 
3.840000e-01 3.699521e-23 1.375263e-23 5.074784e-23 
3.860000e-01 3.640451e-23 1.364332e-23 5.004783e-23 
3.880000e-01 3.582133e-23 1.353469e-23 4.935602e-23 
3.900000e-01 3.524607e-23 1.342668e-23 4.867274e-23 
3.920000e-01 3.467915e-23 1.331885e-23 4.799799e-23 
3.940000e-01 3.411950e-23 1.321253e-23 4.733203e-23 
3.960000e-01 3.357197e-23 1.310638e-23 4.667835e-23 
3.980000e-01 3.303577e-23 1.300012e-23 4.603589e-23 
4.000000e-01 3.250454e-23 1.289175e-23 4.539630e-23 
4.020000e-01 3.198393e-23 1.278272e-23 4.476665e-23 
4.040000e-01 3.146992e-23 1.267152e-23 4.414144e-23 
4.060000e-01 3.095914e-23 1.256072e-23 4.351986e-23 
4.080000e-01 3.045636e-23 1.245408e-23 4.291044e-23 
4.100000e-01 2.995911e-23 1.235301e-23 4.231212e-23 
4.120000e-01 2.947057e-23 1.223997e-23 4.171054e-23 
4.140000e-01 2.899218e-23 1.213249e-23 4.112466e-23 
4.160000e-01 2.851873e-23 1.202528e-23 4.054401e-23 
4.180000e-01 2.804989e-23 1.191953e-23 3.996941e-23 
4.200000e-01 2.759154e-23 1.181389e-23 3.940543e-23 
4.220000e-01 2.713510e-23 1.170883e-23 3.884393e-23 
4.240000e-01 2.668652e-23 1.160487e-23 3.829139e-23 
4.260000e-01 2.615866e-23 1.149968e-23 3.765834e-23 
4.280000e-01 2.572504e-23 1.139376e-23 3.711880e-23 
4.300000e-01 2.529863e-23 1.128769e-23 3.658632e-23 
4.320000e-01 2.487822e-23 1.118313e-23 3.606135e-23 
4.340000e-01 2.446114e-23 1.108001e-23 3.554115e-23 
4.360000e-01 2.405217e-23 1.097741e-23 3.502958e-23 
4.380000e-01 2.364742e-23 1.087798e-23 3.452539e-23 
4.400000e-01 2.324778e-23 1.077841e-23 3.402619e-23 
4.420000e-01 2.288414e-23 1.067477e-23 3.355891e-23 
4.440000e-01 2.247089e-23 1.057211e-23 3.304300e-23 
4.460000e-01 2.208921e-23 1.047050e-23 3.255971e-23 
4.480000e-01 2.171280e-23 1.037092e-23 3.208372e-23 
4.500000e-01 2.134318e-23 1.027217e-23 3.161535e-23 
4.520000e-01 2.097738e-23 1.016816e-23 3.114554e-23 
4.540000e-01 2.061614e-23 1.006446e-23 3.068059e-23 
4.560000e-01 2.026111e-23 9.962669e-24 3.022378e-23 
4.580000e-01 1.991062e-23 9.863160e-24 2.977378e-23 
4.600000e-01 1.956389e-23 9.764468e-24 2.932836e-23 
4.620000e-01 1.931100e-23 9.667087e-24 2.897809e-23 
4.640000e-01 1.897550e-23 9.570630e-24 2.854613e-23 
4.660000e-01 1.864408e-23 9.474205e-24 2.811829e-23 
4.680000e-01 1.831644e-23 9.381160e-24 2.769760e-23 
4.700000e-01 1.799258e-23 9.288596e-24 2.728118e-23 
4.720000e-01 1.767072e-23 9.195395e-24 2.686612e-23 
4.740000e-01 1.735364e-23 9.100745e-24 2.645439e-23 
4.760000e-01 1.704021e-23 9.006433e-24 2.604665e-23 
4.780000e-01 1.673106e-23 8.913398e-24 2.564446e-23 
4.800000e-01 1.642530e-23 8.821002e-24 2.524630e-23 
4.820000e-01 1.612370e-23 8.728156e-24 2.485186e-23 
4.840000e-01 1.582430e-23 8.637089e-24 2.446139e-23 
4.860000e-01 1.552632e-23 8.546645e-24 2.407297e-23 
4.880000e-01 1.523202e-23 8.456080e-24 2.368810e-23 
4.900000e-01 1.493922e-23 8.365714e-24 2.330493e-23 
4.920000e-01 1.465011e-23 8.276378e-24 2.292649e-23 
4.940000e-01 1.436161e-23 8.188047e-24 2.254966e-23 
4.960000e-01 1.407722e-23 8.101961e-24 2.217918e-23 
4.980000e-01 1.379401e-23 8.016067e-24 2.181008e-23 
5.000000e-01 1.351144e-23 7.930453e-24 2.144190e-23 
5.020000e-01 1.323071e-23 7.846796e-24 2.107751e-23 
5.040000e-01 1.294924e-23 7.763459e-24 2.071270e-23 
5.060000e-01 1.266865e-23 7.681246e-24 2.034989e-23 
5.080000e-01 1.238797e-23 7.600598e-24 1.998857e-23 
5.100000e-01 1.210640e-23 7.520494e-24 1.962690e-23 
5.120000e-01 1.182220e-23 7.442237e-24 1.926444e-23 
5.140000e-01 1.153868e-23 7.364807e-24 1.890349e-23 
5.160000e-01 1.125263e-23 7.290039e-24 1.854267e-23 
5.180000e-01 1.096239e-23 7.215044e-24 1.817743e-23 
5.200000e-01 1.066630e-23 7.141531e-24 1.780783e-23 
5.220000e-01 1.036445e-23 7.068394e-24 1.743285e-23 
5.240000e-01 1.005318e-23 6.993662e-24 1.704684e-23 
5.260000e-01 9.731468e-24 6.920308e-24 1.665178e-23 
5.280000e-01 9.395610e-24 6.847084e-24 1.624269e-23 
5.300000e-01 9.041546e-24 6.775660e-24 1.581721e-23 
5.320000e-01 8.665110e-24 6.705870e-24 1.537098e-23 
5.340000e-01 8.240600e-24 6.635995e-24 1.487660e-23 
5.360000e-01 7.754012e-24 6.565821e-24 1.431983e-23 
5.380000e-01 7.123887e-24 6.494273e-24 1.361816e-23 
5.400000e-01 6.317443e-24 6.429643e-24 1.274709e-23 
5.420000e-01 5.535668e-24 6.354618e-24 1.189029e-23 
5.440000e-01 5.190786e-24 6.289314e-24 1.148010e-23 
5.460000e-01 5.595329e-24 6.224772e-24 1.182010e-23 
5.480000e-01 6.342853e-24 6.160109e-24 1.250296e-23 
5.500000e-01 7.091997e-24 6.095123e-24 1.318712e-23 
5.520000e-01 7.601465e-24 6.030884e-24 1.363235e-23 
5.540000e-01 7.888494e-24 5.967692e-24 1.385619e-23 
5.560000e-01 8.088881e-24 5.908018e-24 1.399690e-23 
5.580000e-01 8.227469e-24 5.846946e-24 1.407441e-23 
5.600000e-01 8.332784e-24 5.786903e-24 1.411969e-23 
5.620000e-01 8.411632e-24 5.727159e-24 1.413879e-23 
5.640000e-01 8.470539e-24 5.692671e-24 1.416321e-23 
5.660000e-01 8.512786e-24 5.607727e-24 1.412051e-23 
5.680000e-01 8.538397e-24 5.549123e-24 1.408752e-23 
5.700000e-01 8.551235e-24 5.490828e-24 1.404206e-23 
5.720000e-01 8.553879e-24 5.433502e-24 1.398738e-23 
5.740000e-01 8.549306e-24 5.377100e-24 1.392641e-23 
5.760000e-01 8.540403e-24 5.321313e-24 1.386172e-23 
5.780000e-01 8.522500e-24 5.267224e-24 1.378972e-23 
5.800000e-01 8.498108e-24 5.211352e-24 1.370946e-23 
5.820000e-01 8.469609e-24 5.158895e-24 1.362850e-23 
5.840000e-01 8.437717e-24 5.106699e-24 1.354442e-23 
5.860000e-01 8.402398e-24 5.054835e-24 1.345723e-23 
5.880000e-01 8.360709e-24 5.003518e-24 1.336423e-23 
5.900000e-01 8.317365e-24 4.952406e-24 1.326977e-23 
5.920000e-01 8.271213e-24 4.902253e-24 1.317347e-23 
5.940000e-01 8.222627e-24 4.851441e-24 1.307407e-23 
5.960000e-01 8.171591e-24 4.803176e-24 1.297477e-23 
5.980000e-01 8.118342e-24 4.754946e-24 1.287329e-23 
6.000000e-01 8.065122e-24 4.706312e-24 1.277143e-23 
6.020000e-01 8.009278e-24 4.656731e-24 1.266601e-23 
6.040000e-01 7.756220e-24 4.606972e-24 1.236319e-23 
6.060000e-01 7.695905e-24 4.558301e-24 1.225421e-23 
6.080000e-01 7.634765e-24 4.511223e-24 1.214599e-23 
6.100000e-01 7.572783e-24 4.468320e-24 1.204110e-23 
6.120000e-01 7.509461e-24 4.424861e-24 1.193432e-23 
6.140000e-01 7.444293e-24 4.381729e-24 1.182602e-23 
6.160000e-01 7.379820e-24 4.337511e-24 1.171733e-23 
6.180000e-01 7.313968e-24 4.293390e-24 1.160736e-23 
6.200000e-01 7.248153e-24 4.249256e-24 1.149741e-23 
6.220000e-01 7.181289e-24 4.205731e-24 1.138702e-23 
6.240000e-01 7.113551e-24 4.178073e-24 1.129162e-23 
6.260000e-01 7.046927e-24 4.123044e-24 1.116997e-23 
6.280000e-01 6.977772e-24 4.081945e-24 1.105972e-23 
6.300000e-01 6.909070e-24 4.041068e-24 1.095014e-23 
6.320000e-01 6.839827e-24 3.999428e-24 1.083925e-23 
6.340000e-01 6.770606e-24 3.958156e-24 1.072876e-23 
6.360000e-01 6.700508e-24 3.917128e-24 1.061764e-23 
6.380000e-01 6.631257e-24 3.878276e-24 1.050953e-23 
6.400000e-01 6.558585e-24 3.839501e-24 1.039809e-23 
6.420000e-01 6.487409e-24 3.801014e-24 1.028842e-23 
6.440000e-01 6.416212e-24 3.764313e-24 1.018052e-23 
6.460000e-01 6.343754e-24 3.729797e-24 1.007355e-23 
6.480000e-01 6.270785e-24 3.694831e-24 9.965615e-24 
6.500000e-01 6.197043e-24 3.660747e-24 9.857790e-24 
6.520000e-01 6.122698e-24 3.624744e-24 9.747441e-24 
6.540000e-01 6.048330e-24 3.587598e-24 9.635928e-24 
6.560000e-01 5.972623e-24 3.551020e-24 9.523643e-24 
6.580000e-01 5.896039e-24 3.513637e-24 9.409676e-24 
6.600000e-01 5.818901e-24 3.479795e-24 9.298696e-24 
6.620000e-01 5.740640e-24 3.446293e-24 9.186933e-24 
6.640000e-01 5.661953e-24 3.413259e-24 9.075213e-24 
6.660000e-01 5.582009e-24 3.380071e-24 8.962080e-24 
6.680000e-01 5.501215e-24 3.347172e-24 8.848387e-24 
6.700000e-01 5.419590e-24 3.313847e-24 8.733437e-24 
6.720000e-01 5.336966e-24 3.281121e-24 8.618086e-24 
6.740000e-01 5.252892e-24 3.255073e-24 8.507965e-24 
6.760000e-01 5.166911e-24 3.218139e-24 8.385050e-24 
6.780000e-01 5.079947e-24 3.186581e-24 8.266529e-24 
6.800000e-01 4.991504e-24 3.156532e-24 8.148036e-24 
6.820000e-01 4.899753e-24 3.126364e-24 8.026117e-24 
6.840000e-01 4.805144e-24 3.096864e-24 7.902007e-24 
6.860000e-01 4.707757e-24 3.067788e-24 7.775545e-24 
6.880000e-01 4.605319e-24 3.038723e-24 7.644042e-24 
6.900000e-01 4.499440e-24 3.009839e-24 7.509279e-24 
6.920000e-01 4.385153e-24 2.982018e-24 7.367171e-24 
6.940000e-01 4.261680e-24 2.954099e-24 7.215780e-24 
6.960000e-01 4.127892e-24 2.926485e-24 7.054377e-24 
6.980000e-01 3.972294e-24 2.898442e-24 6.870736e-24 
7.000000e-01 3.766705e-24 2.870840e-24 6.637544e-24 
7.020000e-01 3.579453e-24 2.843501e-24 6.422954e-24 
7.040000e-01 3.296722e-24 2.816386e-24 6.113107e-24 
7.060000e-01 3.168692e-24 2.789302e-24 5.957994e-24 
7.080000e-01 3.137129e-24 2.763811e-24 5.900940e-24 
7.100000e-01 3.307873e-24 2.737352e-24 6.045225e-24 
7.120000e-01 3.541601e-24 2.711340e-24 6.252941e-24 
7.140000e-01 3.844792e-24 2.686063e-24 6.530855e-24 
7.160000e-01 4.044186e-24 2.661614e-24 6.705800e-24 
7.180000e-01 4.202848e-24 2.636840e-24 6.839689e-24 
7.200000e-01 4.289600e-24 2.612411e-24 6.902011e-24 
7.220000e-01 4.351826e-24 2.588465e-24 6.940291e-24 
7.240000e-01 4.401916e-24 2.565107e-24 6.967023e-24 
7.260000e-01 4.436826e-24 2.541867e-24 6.978693e-24 
7.280000e-01 4.467541e-24 2.519040e-24 6.986581e-24 
7.300000e-01 4.487418e-24 2.496069e-24 6.983487e-24 
7.320000e-01 4.500070e-24 2.473018e-24 6.973087e-24 
7.340000e-01 4.510785e-24 2.449744e-24 6.960529e-24 
7.360000e-01 4.518470e-24 2.426956e-24 6.945425e-24 
7.380000e-01 4.519435e-24 2.403928e-24 6.923363e-24 
7.400000e-01 4.520240e-24 2.381899e-24 6.902140e-24 
7.420000e-01 4.516520e-24 2.360438e-24 6.876959e-24 
7.440000e-01 4.511308e-24 2.338999e-24 6.850307e-24 
7.460000e-01 4.503895e-24 2.317506e-24 6.821401e-24 
7.480000e-01 4.495246e-24 2.296806e-24 6.792052e-24 
7.500000e-01 4.485778e-24 2.276292e-24 6.762070e-24 
7.520000e-01 4.472955e-24 2.256042e-24 6.728997e-24 
7.540000e-01 4.458884e-24 2.235634e-24 6.694518e-24 
7.560000e-01 4.444193e-24 2.215889e-24 6.660082e-24 
7.580000e-01 4.428513e-24 2.196599e-24 6.625112e-24 
7.600000e-01 4.412465e-24 2.177429e-24 6.589894e-24 
7.620000e-01 4.394450e-24 2.158577e-24 6.553027e-24 
7.640000e-01 4.375959e-24 2.139799e-24 6.515758e-24 
7.660000e-01 4.356841e-24 2.121194e-24 6.478035e-24 
7.680000e-01 4.336916e-24 2.103399e-24 6.440315e-24 
7.700000e-01 4.316936e-24 2.085166e-24 6.402102e-24 
7.720000e-01 4.295816e-24 2.067520e-24 6.363336e-24 
7.740000e-01 4.273946e-24 2.049609e-24 6.323554e-24 
7.760000e-01 4.252297e-24 2.031307e-24 6.283605e-24 
7.780000e-01 4.229455e-24 2.013737e-24 6.243192e-24 
7.800000e-01 4.206418e-24 1.995575e-24 6.201993e-24 
7.820000e-01 4.182577e-24 1.977330e-24 6.159908e-24 
7.840000e-01 4.158527e-24 1.960391e-24 6.118918e-24 
7.860000e-01 4.134497e-24 1.943322e-24 6.077819e-24 
7.880000e-01 4.108183e-24 1.926556e-24 6.034739e-24 
7.900000e-01 4.083357e-24 1.910051e-24 5.993409e-24 
7.920000e-01 4.057031e-24 1.893462e-24 5.950493e-24 
7.940000e-01 4.030362e-24 1.877640e-24 5.908002e-24 
7.960000e-01 4.000880e-24 1.862085e-24 5.862965e-24 
7.980000e-01 3.972618e-24 1.846234e-24 5.818853e-24 
8.000000e-01 3.945486e-24 1.830615e-24 5.776102e-24 
8.020000e-01 3.919644e-24 1.815327e-24 5.734971e-24 
8.040000e-01 3.889286e-24 1.800554e-24 5.689840e-24 
8.060000e-01 3.864882e-24 1.785416e-24 5.650298e-24 
8.080000e-01 3.841091e-24 1.770907e-24 5.611998e-24 
8.100000e-01 3.817222e-24 1.755856e-24 5.573078e-24 
8.120000e-01 3.794031e-24 1.740661e-24 5.534692e-24 
8.140000e-01 3.771751e-24 1.725383e-24 5.497134e-24 
8.160000e-01 3.749544e-24 1.710189e-24 5.459733e-24 
8.180000e-01 3.727565e-24 1.695390e-24 5.422955e-24 
8.200000e-01 3.705684e-24 1.681232e-24 5.386915e-24 
8.220000e-01 3.684278e-24 1.668026e-24 5.352305e-24 
8.240000e-01 3.662935e-24 1.654714e-24 5.317649e-24 
8.260000e-01 3.641789e-24 1.642021e-24 5.283810e-24 
8.280000e-01 3.620511e-24 1.629790e-24 5.250301e-24 
8.300000e-01 3.599329e-24 1.615431e-24 5.214759e-24 
8.320000e-01 3.579061e-24 1.602122e-24 5.181183e-24 
8.340000e-01 3.558610e-24 1.589078e-24 5.147688e-24 
8.360000e-01 3.539220e-24 1.575803e-24 5.115023e-24 
8.380000e-01 3.519420e-24 1.562856e-24 5.082275e-24 
8.400000e-01 3.500178e-24 1.550228e-24 5.050406e-24 
8.420000e-01 3.481020e-24 1.537697e-24 5.018718e-24 
8.440000e-01 3.462537e-24 1.525260e-24 4.987796e-24 
8.460000e-01 3.443847e-24 1.512844e-24 4.956691e-24 
8.480000e-01 3.425606e-24 1.500453e-24 4.926059e-24 
8.500000e-01 3.407783e-24 1.488714e-24 4.896497e-24 
8.520000e-01 3.390169e-24 1.477000e-24 4.867169e-24 
8.540000e-01 3.372864e-24 1.465444e-24 4.838309e-24 
8.560000e-01 3.355859e-24 1.453934e-24 4.809793e-24 
8.580000e-01 3.337645e-24 1.442439e-24 4.780083e-24 
8.600000e-01 3.319808e-24 1.430494e-24 4.750302e-24 
8.620000e-01 3.302103e-24 1.418667e-24 4.720770e-24 
8.640000e-01 3.284336e-24 1.406996e-24 4.691331e-24 
8.660000e-01 3.266470e-24 1.395532e-24 4.662002e-24 
8.680000e-01 3.248910e-24 1.384206e-24 4.633116e-24 
8.700000e-01 3.230867e-24 1.373015e-24 4.603882e-24 
8.720000e-01 3.212253e-24 1.361636e-24 4.573888e-24 
8.740000e-01 3.193935e-24 1.351078e-24 4.545013e-24 
8.760000e-01 3.174662e-24 1.339828e-24 4.514490e-24 
8.780000e-01 3.155589e-24 1.329058e-24 4.484648e-24 
8.800000e-01 3.136358e-24 1.319355e-24 4.455712e-24 
8.820000e-01 3.117270e-24 1.309805e-24 4.427076e-24 
8.840000e-01 3.098580e-24 1.300335e-24 4.398915e-24 
8.860000e-01 3.079935e-24 1.290645e-24 4.370580e-24 
8.880000e-01 3.060357e-24 1.281025e-24 4.341382e-24 
8.900000e-01 3.041360e-24 1.271156e-24 4.312516e-24 
8.920000e-01 3.022798e-24 1.261495e-24 4.284293e-24 
8.940000e-01 3.002947e-24 1.258759e-24 4.261706e-24 
8.960000e-01 2.984222e-24 1.242280e-24 4.226503e-24 
8.980000e-01 2.965751e-24 1.232712e-24 4.198463e-24 
9.000000e-01 2.946775e-24 1.222962e-24 4.169737e-24 
9.020000e-01 2.927963e-24 1.213264e-24 4.141227e-24 
9.040000e-01 2.909214e-24 1.203639e-24 4.112852e-24 
9.060000e-01 2.890589e-24 1.193630e-24 4.084219e-24 
9.080000e-01 2.872404e-24 1.183885e-24 4.056289e-24 
9.100000e-01 2.853979e-24 1.175305e-24 4.029284e-24 
9.120000e-01 2.835873e-24 1.166713e-24 4.002587e-24 
9.140000e-01 2.817330e-24 1.157884e-24 3.975214e-24 
9.160000e-01 2.799206e-24 1.149616e-24 3.948822e-24 
9.180000e-01 2.781412e-24 1.141297e-24 3.922709e-24 
9.200000e-01 2.763296e-24 1.132672e-24 3.895969e-24 
9.220000e-01 2.745582e-24 1.123675e-24 3.869257e-24 
9.240000e-01 2.730979e-24 1.115190e-24 3.846168e-24 
9.260000e-01 2.710011e-24 1.106454e-24 3.816465e-24 
9.280000e-01 2.692310e-24 1.097714e-24 3.790024e-24 
9.300000e-01 2.674668e-24 1.089534e-24 3.764202e-24 
9.320000e-01 2.657185e-24 1.082036e-24 3.739221e-24 
9.340000e-01 2.627144e-24 1.074695e-24 3.701839e-24 
9.360000e-01 2.622440e-24 1.067276e-24 3.689717e-24 
9.380000e-01 2.605442e-24 1.059730e-24 3.665173e-24 
9.400000e-01 2.589460e-24 1.052110e-24 3.641570e-24 
9.420000e-01 2.571564e-24 1.044548e-24 3.616112e-24 
9.440000e-01 2.554291e-24 1.035159e-24 3.589450e-24 
9.460000e-01 2.537865e-24 1.027573e-24 3.565438e-24 
9.480000e-01 2.521109e-24 1.019996e-24 3.541105e-24 
9.500000e-01 2.504623e-24 1.012187e-24 3.516810e-24 
9.520000e-01 2.488104e-24 1.004737e-24 3.492841e-24 
9.540000e-01 2.453191e-24 9.975562e-25 3.450748e-24 
9.560000e-01 2.455910e-24 9.904327e-25 3.446343e-24 
9.580000e-01 2.439380e-24 9.831352e-25 3.422515e-24 
9.600000e-01 2.403458e-24 9.759137e-25 3.379372e-24 
9.620000e-01 2.407470e-24 9.686563e-25 3.376126e-24 
9.640000e-01 2.391008e-24 9.613412e-25 3.352349e-24 
9.660000e-01 2.375329e-24 9.536775e-25 3.329007e-24 
9.680000e-01 2.359531e-24 9.464628e-25 3.305994e-24 
9.700000e-01 2.343939e-24 9.389857e-25 3.282925e-24 
9.720000e-01 2.328600e-24 9.317756e-25 3.260376e-24 
9.740000e-01 2.313165e-24 9.247288e-25 3.237894e-24 
9.760000e-01 2.298019e-24 9.184146e-25 3.216433e-24 
9.780000e-01 2.282883e-24 9.118280e-25 3.194711e-24 
9.800000e-01 2.267782e-24 9.053978e-25 3.173180e-24 
9.820000e-01 2.252882e-24 8.990476e-25 3.151929e-24 
9.840000e-01 2.237605e-24 8.927989e-25 3.130404e-24 
9.860000e-01 2.223357e-24 8.861954e-25 3.109552e-24 
9.880000e-01 2.208921e-24 8.796294e-25 3.088550e-24 
9.900000e-01 2.194079e-24 8.731534e-25 3.067232e-24 
9.920000e-01 2.177876e-24 8.664510e-25 3.044326e-24 
9.940000e-01 2.163738e-24 8.599686e-25 3.023706e-24 
9.960000e-01 2.151381e-24 8.537361e-25 3.005117e-24 
9.980000e-01 2.137079e-24 8.487782e-25 2.985858e-24 
1.000000e+00 2.122597e-24 8.440067e-25 2.966604e-24 
1.002000e+00 2.108839e-24 8.383744e-25 2.947214e-24 
1.004000e+00 2.095134e-24 8.327692e-25 2.927903e-24 
1.006000e+00 2.081813e-24 8.271586e-25 2.908972e-24 
1.008000e+00 2.067965e-24 8.216302e-25 2.889595e-24 
1.010000e+00 2.054172e-24 8.164788e-25 2.870651e-24 
1.012000e+00 2.040336e-24 8.106476e-25 2.850983e-24 
1.014000e+00 2.027113e-24 8.052088e-25 2.832322e-24 
1.016000e+00 2.013815e-24 7.997971e-25 2.813613e-24 
1.018000e+00 2.000738e-24 7.944226e-25 2.795161e-24 
1.020000e+00 1.987654e-24 7.890069e-25 2.776661e-24 
1.022000e+00 1.974587e-24 7.835347e-25 2.758122e-24 
1.024000e+00 1.961604e-24 7.783451e-25 2.739949e-24 
1.026000e+00 1.948907e-24 7.732279e-25 2.722135e-24 
1.028000e+00 1.936493e-24 7.683617e-25 2.704855e-24 
1.030000e+00 1.917941e-24 7.633080e-25 2.681249e-24 
1.032000e+00 1.911041e-24 7.583938e-25 2.669435e-24 
1.034000e+00 1.898411e-24 7.530679e-25 2.651479e-24 
1.036000e+00 1.886021e-24 7.481512e-25 2.634172e-24 
1.038000e+00 1.873709e-24 7.430702e-25 2.616780e-24 
1.040000e+00 1.855203e-24 7.382400e-25 2.593443e-24 
1.042000e+00 1.849155e-24 7.332740e-25 2.582429e-24 
1.044000e+00 1.836958e-24 7.283886e-25 2.565347e-24 
1.046000e+00 1.825085e-24 7.238719e-25 2.548957e-24 
1.048000e+00 1.826317e-24 7.189077e-25 2.545225e-24 
1.050000e+00 1.814605e-24 7.142587e-25 2.528864e-24 
1.052000e+00 1.802888e-24 7.096786e-25 2.512567e-24 
1.054000e+00 1.791362e-24 7.050435e-25 2.496405e-24 
1.056000e+00 1.779974e-24 7.007438e-25 2.480718e-24 
1.058000e+00 1.768168e-24 6.962003e-25 2.464368e-24 
1.060000e+00 1.757074e-24 6.915829e-25 2.448657e-24 
1.062000e+00 1.745768e-24 6.872255e-25 2.432994e-24 
1.064000e+00 1.734948e-24 6.828106e-25 2.417759e-24 
1.066000e+00 1.723523e-24 6.785126e-25 2.402036e-24 
1.068000e+00 1.712467e-24 6.739626e-25 2.386430e-24 
1.070000e+00 1.701350e-24 6.696062e-25 2.370956e-24 
1.072000e+00 1.690779e-24 6.652273e-25 2.356007e-24 
1.074000e+00 1.680048e-24 6.611003e-25 2.341149e-24 
1.076000e+00 1.669322e-24 6.569139e-25 2.326236e-24 
1.078000e+00 1.658794e-24 6.528066e-25 2.311601e-24 
1.080000e+00 1.648078e-24 6.486238e-25 2.296702e-24 
1.082000e+00 1.637399e-24 6.444617e-25 2.281861e-24 
1.084000e+00 1.626792e-24 6.404138e-25 2.267206e-24 
1.086000e+00 1.616872e-24 6.363516e-25 2.253224e-24 
1.088000e+00 1.606453e-24 6.324943e-25 2.238947e-24 
1.090000e+00 1.596352e-24 6.284047e-25 2.224756e-24 
1.092000e+00 1.586172e-24 6.244318e-25 2.210604e-24 
1.094000e+00 1.575948e-24 6.205495e-25 2.196497e-24 
1.096000e+00 1.565929e-24 6.163706e-25 2.182300e-24 
1.098000e+00 1.554860e-24 6.125823e-25 2.167442e-24 
1.100000e+00 1.546194e-24 6.088739e-25 2.155068e-24 
1.102000e+00 1.536707e-24 6.051937e-25 2.141901e-24 
1.104000e+00 1.526946e-24 6.015106e-25 2.128456e-24 
1.106000e+00 1.517506e-24 5.978888e-25 2.115395e-24 
1.108000e+00 1.507589e-24 5.941766e-25 2.101765e-24 
1.110000e+00 1.497959e-24 5.906117e-25 2.088571e-24 
1.112000e+00 1.488601e-24 5.870635e-25 2.075665e-24 
1.114000e+00 1.479122e-24 5.830096e-25 2.062132e-24 
1.116000e+00 1.480070e-24 5.794683e-25 2.059538e-24 
1.118000e+00 1.460377e-24 5.757058e-25 2.036082e-24 
1.120000e+00 1.450908e-24 5.721275e-25 2.023035e-24 
1.122000e+00 1.442317e-24 5.684489e-25 2.010765e-24 
1.124000e+00 1.432789e-24 5.652108e-25 1.997999e-24 
1.126000e+00 1.424903e-24 5.618465e-25 1.986750e-24 
1.128000e+00 1.414966e-24 5.583692e-25 1.973335e-24 
1.130000e+00 1.405995e-24 5.550800e-25 1.961075e-24 
1.132000e+00 1.397350e-24 5.517966e-25 1.949147e-24 
1.134000e+00 1.388161e-24 5.485370e-25 1.936698e-24 
1.136000e+00 1.379826e-24 5.450602e-25 1.924886e-24 
1.138000e+00 1.371273e-24 5.418749e-25 1.913148e-24 
1.140000e+00 1.362559e-24 5.388979e-25 1.901457e-24 
1.142000e+00 1.353988e-24 5.353007e-25 1.889288e-24 
1.144000e+00 1.345620e-24 5.321868e-25 1.877807e-24 
1.146000e+00 1.336868e-24 5.290353e-25 1.865903e-24 
1.148000e+00 1.328597e-24 5.260876e-25 1.854685e-24 
1.150000e+00 1.320285e-24 5.226930e-25 1.842978e-24 
1.152000e+00 1.312296e-24 5.195596e-25 1.831856e-24 
1.154000e+00 1.304096e-24 5.178360e-25 1.821932e-24 
1.156000e+00 1.295974e-24 5.136647e-25 1.809639e-24 
1.158000e+00 1.287702e-24 5.103110e-25 1.798014e-24 
1.160000e+00 1.279678e-24 5.072979e-25 1.786976e-24 
1.162000e+00 1.271430e-24 5.042316e-25 1.775662e-24 
1.164000e+00 1.263554e-24 5.013319e-25 1.764886e-24 
1.166000e+00 1.255422e-24 4.983221e-25 1.753745e-24 
1.168000e+00 1.248017e-24 4.953731e-25 1.743390e-24 
1.170000e+00 1.240081e-24 4.924484e-25 1.732530e-24 
1.172000e+00 1.232346e-24 4.895104e-25 1.721856e-24 
1.174000e+00 1.224727e-24 4.864905e-25 1.711217e-24 
1.176000e+00 1.215662e-24 4.836257e-25 1.699288e-24 
1.178000e+00 1.209427e-24 4.801721e-25 1.689599e-24 
1.180000e+00 1.202093e-24 4.781644e-25 1.680257e-24 
1.182000e+00 1.194259e-24 4.755589e-25 1.669818e-24 
1.184000e+00 1.186554e-24 4.727674e-25 1.659322e-24 
1.186000e+00 1.179595e-24 4.699763e-25 1.649571e-24 
1.188000e+00 1.172622e-24 4.671413e-25 1.639763e-24 
1.190000e+00 1.164874e-24 4.646460e-25 1.629520e-24 
1.192000e+00 1.157500e-24 4.619123e-25 1.619413e-24 
1.194000e+00 1.150332e-24 4.594106e-25 1.609743e-24 
1.196000e+00 1.143079e-24 4.566039e-25 1.599683e-24 
1.198000e+00 1.136003e-24 4.543268e-25 1.590329e-24 
1.200000e+00 1.128828e-24 4.511754e-25 1.580003e-24 
1.202000e+00 1.121720e-24 4.486587e-25 1.570379e-24 
1.204000e+00 1.114351e-24 4.459940e-25 1.560345e-24 
1.206000e+00 1.107470e-24 4.438586e-25 1.551329e-24 
1.208000e+00 1.100603e-24 4.410208e-25 1.541623e-24 
1.210000e+00 1.093680e-24 4.386749e-25 1.532355e-24 
1.212000e+00 1.086781e-24 4.360784e-25 1.522859e-24 
1.214000e+00 1.080166e-24 4.336353e-25 1.513801e-24 
1.216000e+00 1.073737e-24 4.312341e-25 1.504972e-24 
1.218000e+00 1.066861e-24 4.286852e-25 1.495546e-24 
1.220000e+00 1.059661e-24 4.263247e-25 1.485986e-24 
1.222000e+00 1.052874e-24 4.239144e-25 1.476789e-24 
1.224000e+00 1.046075e-24 4.216115e-25 1.467687e-24 
1.226000e+00 1.039392e-24 4.192054e-25 1.458597e-24 
1.228000e+00 1.032921e-24 4.167684e-25 1.449690e-24 
1.230000e+00 1.026493e-24 4.142604e-25 1.440753e-24 
1.232000e+00 1.020065e-24 4.120785e-25 1.432143e-24 
1.234000e+00 1.013510e-24 4.099337e-25 1.423444e-24 
1.236000e+00 1.007064e-24 4.077522e-25 1.414817e-24 
1.238000e+00 1.000531e-24 4.053551e-25 1.405886e-24 
1.240000e+00 9.936180e-25 4.031954e-25 1.396813e-24 
1.242000e+00 9.874667e-25 3.987795e-25 1.386246e-24 
1.244000e+00 9.809105e-25 3.988588e-25 1.379769e-24 
1.246000e+00 9.741780e-25 3.965735e-25 1.370752e-24 
1.248000e+00 9.674913e-25 3.942261e-25 1.361717e-24 
1.250000e+00 9.608443e-25 3.921593e-25 1.353004e-24 
1.252000e+00 9.547493e-25 3.899577e-25 1.344707e-24 
1.254000e+00 9.483101e-25 3.878614e-25 1.336172e-24 
1.256000e+00 9.416717e-25 3.855961e-25 1.327268e-24 
1.258000e+00 9.331417e-25 3.834780e-25 1.316620e-24 
1.260000e+00 9.288994e-25 3.813616e-25 1.310261e-24 
1.262000e+00 9.225017e-25 3.793738e-25 1.301876e-24 
1.264000e+00 9.161428e-25 3.773018e-25 1.293445e-24 
1.266000e+00 9.094792e-25 3.752336e-25 1.284713e-24 
1.268000e+00 9.026669e-25 3.732893e-25 1.275956e-24 
1.270000e+00 8.961950e-25 3.712881e-25 1.267483e-24 
1.272000e+00 8.891398e-25 3.692755e-25 1.258415e-24 
1.274000e+00 8.824643e-25 3.672588e-25 1.249723e-24 
1.276000e+00 8.757668e-25 3.652430e-25 1.241010e-24 
1.278000e+00 8.686521e-25 3.632836e-25 1.231936e-24 
1.280000e+00 8.614975e-25 3.612961e-25 1.222794e-24 
1.282000e+00 8.543498e-25 3.607542e-25 1.215104e-24 
1.284000e+00 8.464012e-25 3.574514e-25 1.203853e-24 
1.286000e+00 8.382414e-25 3.554643e-25 1.193706e-24 
1.288000e+00 8.293524e-25 3.534706e-25 1.182823e-24 
1.290000e+00 8.197348e-25 3.516525e-25 1.171387e-24 
1.292000e+00 8.071924e-25 3.498171e-25 1.157009e-24 
1.294000e+00 7.972613e-25 3.478321e-25 1.145093e-24 
1.296000e+00 7.941714e-25 3.459957e-25 1.140167e-24 
1.298000e+00 7.788824e-25 3.441207e-25 1.123003e-24 
1.300000e+00 7.735818e-25 3.422462e-25 1.115828e-24 
1.302000e+00 7.701269e-25 3.404802e-25 1.110607e-24 
1.304000e+00 7.666599e-25 3.386967e-25 1.105357e-24 
1.306000e+00 7.680809e-25 3.368542e-25 1.104935e-24 
1.308000e+00 7.693646e-25 3.350639e-25 1.104428e-24 
1.310000e+00 7.714777e-25 3.332854e-25 1.104763e-24 
1.312000e+00 7.743956e-25 3.311829e-25 1.105578e-24 
1.314000e+00 7.771520e-25 3.298619e-25 1.107014e-24 
1.316000e+00 7.798519e-25 3.279425e-25 1.107794e-24 
1.318000e+00 7.798898e-25 3.262362e-25 1.106126e-24 
1.320000e+00 7.799988e-25 3.245616e-25 1.104560e-24 
1.322000e+00 7.800411e-25 3.228675e-25 1.102909e-24 
1.324000e+00 7.785416e-25 3.212304e-25 1.099772e-24 
1.326000e+00 7.772158e-25 3.196089e-25 1.096825e-24 
1.328000e+00 7.757133e-25 3.179980e-25 1.093711e-24 
1.330000e+00 7.735812e-25 3.163586e-25 1.089940e-24 
1.332000e+00 7.716601e-25 3.147228e-25 1.086383e-24 
1.334000e+00 7.695529e-25 3.131795e-25 1.082732e-24 
1.336000e+00 7.670229e-25 3.115881e-25 1.078611e-24 
1.338000e+00 7.646776e-25 3.099019e-25 1.074580e-24 
1.340000e+00 7.619262e-25 3.083571e-25 1.070283e-24 
1.342000e+00 7.392926e-25 3.067149e-25 1.046008e-24 
1.344000e+00 7.345680e-25 3.050542e-25 1.039622e-24 
1.346000e+00 7.317836e-25 3.034553e-25 1.035239e-24 
1.348000e+00 7.286572e-25 3.018467e-25 1.030504e-24 
1.350000e+00 7.258491e-25 3.003963e-25 1.026245e-24 
1.352000e+00 7.231296e-25 2.988347e-25 1.021964e-24 
1.354000e+00 7.200339e-25 2.973757e-25 1.017410e-24 
1.356000e+00 7.171997e-25 2.967449e-25 1.013945e-24 
1.358000e+00 7.143269e-25 2.944367e-25 1.008764e-24 
1.360000e+00 7.115042e-25 2.929312e-25 1.004435e-24 
1.362000e+00 7.084593e-25 2.913853e-25 9.998446e-25 
1.364000e+00 7.053673e-25 2.897501e-25 9.951174e-25 
1.366000e+00 7.023867e-25 2.884690e-25 9.908557e-25 
1.368000e+00 6.991393e-25 2.868956e-25 9.860348e-25 
1.370000e+00 6.962447e-25 2.854586e-25 9.817033e-25 
1.372000e+00 6.931123e-25 2.840021e-25 9.771145e-25 
1.374000e+00 6.901726e-25 2.825239e-25 9.726965e-25 
1.376000e+00 6.870355e-25 2.811224e-25 9.681580e-25 
1.378000e+00 6.842353e-25 2.796708e-25 9.639062e-25 
1.380000e+00 6.814087e-25 2.783103e-25 9.597190e-25 
1.382000e+00 6.770000e-25 2.769545e-25 9.539545e-25 
1.384000e+00 6.713281e-25 2.756158e-25 9.469439e-25 
1.386000e+00 6.720459e-25 2.741969e-25 9.462428e-25 
1.388000e+00 6.689842e-25 2.729227e-25 9.419069e-25 
1.390000e+00 6.668266e-25 2.715437e-25 9.383703e-25 
1.392000e+00 6.629016e-25 2.702809e-25 9.331825e-25 
1.394000e+00 6.600143e-25 2.687874e-25 9.288017e-25 
1.396000e+00 6.568764e-25 2.675113e-25 9.243876e-25 
1.398000e+00 6.539569e-25 2.662236e-25 9.201804e-25 
1.400000e+00 6.507364e-25 2.648734e-25 9.156098e-25 
1.402000e+00 6.477165e-25 2.635762e-25 9.112926e-25 
1.404000e+00 6.448532e-25 2.622712e-25 9.071244e-25 
1.406000e+00 6.418679e-25 2.608426e-25 9.027105e-25 
1.408000e+00 6.387601e-25 2.595869e-25 8.983471e-25 
1.410000e+00 6.358661e-25 2.582090e-25 8.940751e-25 
1.412000e+00 6.331296e-25 2.569907e-25 8.901203e-25 
1.414000e+00 6.300749e-25 2.554916e-25 8.855665e-25 
1.416000e+00 6.269429e-25 2.545187e-25 8.814615e-25 
1.418000e+00 6.242245e-25 2.531617e-25 8.773862e-25 
1.420000e+00 6.212143e-25 2.520681e-25 8.732824e-25 
1.422000e+00 6.184159e-25 2.509397e-25 8.693556e-25 
1.424000e+00 6.155555e-25 2.498254e-25 8.653809e-25 
1.426000e+00 6.126163e-25 2.484904e-25 8.611067e-25 
1.428000e+00 6.095865e-25 2.473470e-25 8.569336e-25 
1.430000e+00 6.066107e-25 2.462016e-25 8.528123e-25 
1.432000e+00 6.038564e-25 2.449430e-25 8.487994e-25 
1.434000e+00 6.012760e-25 2.437737e-25 8.450497e-25 
1.436000e+00 5.984302e-25 2.426567e-25 8.410869e-25 
1.438000e+00 5.957671e-25 2.415542e-25 8.373213e-25 
1.440000e+00 5.928531e-25 2.403110e-25 8.331641e-25 
1.442000e+00 5.901319e-25 2.391948e-25 8.293266e-25 
1.444000e+00 5.873060e-25 2.380558e-25 8.253617e-25 
1.446000e+00 5.845223e-25 2.368840e-25 8.214063e-25 
1.448000e+00 5.816979e-25 2.357673e-25 8.174651e-25 
1.450000e+00 5.789210e-25 2.347271e-25 8.136481e-25 
1.452000e+00 5.760077e-25 2.335081e-25 8.095158e-25 
1.454000e+00 5.733033e-25 2.323557e-25 8.056590e-25 
1.456000e+00 5.705574e-25 2.313729e-25 8.019303e-25 
1.458000e+00 5.679147e-25 2.302278e-25 7.981425e-25 
1.460000e+00 5.651698e-25 2.293168e-25 7.944866e-25 
1.462000e+00 5.624805e-25 2.281138e-25 7.905943e-25 
1.464000e+00 5.598664e-25 2.270067e-25 7.868731e-25 
1.466000e+00 5.571243e-25 2.260092e-25 7.831335e-25 
1.468000e+00 5.546704e-25 2.249053e-25 7.795757e-25 
1.470000e+00 5.505960e-25 2.238644e-25 7.744604e-25 
1.472000e+00 5.494080e-25 2.226747e-25 7.720827e-25 
1.474000e+00 5.470175e-25 2.217887e-25 7.688063e-25 
1.476000e+00 5.440478e-25 2.207000e-25 7.647477e-25 
1.478000e+00 5.416656e-25 2.196638e-25 7.613294e-25 
1.480000e+00 5.392738e-25 2.186767e-25 7.579505e-25 
1.482000e+00 5.365826e-25 2.176336e-25 7.542163e-25 
1.484000e+00 5.342332e-25 2.166322e-25 7.508654e-25 
1.486000e+00 5.315857e-25 2.156619e-25 7.472476e-25 
1.488000e+00 5.309767e-25 2.146888e-25 7.456655e-25 
1.490000e+00 5.267160e-25 2.138067e-25 7.405226e-25 
1.492000e+00 5.242123e-25 2.128648e-25 7.370771e-25 
1.494000e+00 5.220617e-25 2.118512e-25 7.339129e-25 
1.496000e+00 5.196238e-25 2.112714e-25 7.308953e-25 
1.498000e+00 5.167763e-25 2.099474e-25 7.267237e-25 
1.500000e+00 5.143673e-25 2.089747e-25 7.233420e-25 
1.502000e+00 5.118003e-25 2.080097e-25 7.198099e-25 
1.504000e+00 5.093817e-25 2.069645e-25 7.163462e-25 
1.506000e+00 5.069676e-25 2.059765e-25 7.129442e-25 
1.508000e+00 5.046363e-25 2.049592e-25 7.095955e-25 
1.510000e+00 5.021830e-25 2.040436e-25 7.062266e-25 
1.512000e+00 4.998374e-25 2.031357e-25 7.029731e-25 
1.514000e+00 4.973836e-25 2.021363e-25 6.995199e-25 
1.516000e+00 4.950268e-25 2.013805e-25 6.964073e-25 
1.518000e+00 4.926554e-25 2.003766e-25 6.930320e-25 
1.520000e+00 4.902813e-25 1.994764e-25 6.897577e-25 
1.522000e+00 4.879682e-25 1.986325e-25 6.866007e-25 
1.524000e+00 4.847731e-25 1.977043e-25 6.824773e-25 
1.526000e+00 4.834240e-25 1.968559e-25 6.802799e-25 
1.528000e+00 4.802776e-25 1.959756e-25 6.762531e-25 
1.530000e+00 4.788384e-25 1.951359e-25 6.739742e-25 
1.532000e+00 4.765772e-25 1.942453e-25 6.708225e-25 
1.534000e+00 4.745777e-25 1.934027e-25 6.679804e-25 
1.536000e+00 4.723964e-25 1.924831e-25 6.648795e-25 
1.538000e+00 4.700531e-25 1.916726e-25 6.617257e-25 
1.540000e+00 4.678190e-25 1.907553e-25 6.585743e-25 
1.542000e+00 4.655968e-25 1.898413e-25 6.554382e-25 
1.544000e+00 4.634587e-25 1.888939e-25 6.523526e-25 
1.546000e+00 4.613286e-25 7.188778e-26 5.332164e-25 
1.548000e+00 4.591755e-25 7.168412e-26 5.308596e-25 
1.550000e+00 4.570509e-25 7.140908e-26 5.284600e-25 
1.552000e+00 4.550037e-25 7.120248e-26 5.262062e-25 
1.554000e+00 4.526832e-25 7.091543e-26 5.235986e-25 
1.556000e+00 4.506466e-25 7.071240e-26 5.213590e-25 
1.558000e+00 4.480933e-25 7.049970e-26 5.185930e-25 
1.560000e+00 4.462758e-25 7.022074e-26 5.164966e-25 
1.562000e+00 4.443096e-25 6.998890e-26 5.142985e-25 
1.564000e+00 4.420052e-25 6.969510e-26 5.117003e-25 
1.566000e+00 4.399910e-25 6.945402e-26 5.094450e-25 
1.568000e+00 4.379762e-25 6.928156e-26 5.072578e-25 
1.570000e+00 4.359351e-25 6.900524e-26 5.049404e-25 
1.572000e+00 4.339443e-25 6.878915e-26 5.027334e-25 
1.574000e+00 4.319361e-25 6.859079e-26 5.005269e-25 
1.576000e+00 4.299157e-25 6.840402e-26 4.983197e-25 
1.578000e+00 4.274099e-25 6.815597e-26 4.955658e-25 
1.580000e+00 4.257740e-25 6.794487e-26 4.937189e-25 
1.582000e+00 4.236988e-25 6.771711e-26 4.914159e-25 
1.584000e+00 4.214519e-25 6.748167e-26 4.889335e-25 
1.586000e+00 4.197221e-25 6.719898e-26 4.869211e-25 
1.588000e+00 4.178245e-25 6.691687e-26 4.847414e-25 
1.590000e+00 4.157982e-25 6.668374e-26 4.824819e-25 
1.592000e+00 4.139656e-25 6.647424e-26 4.804399e-25 
1.594000e+00 4.120670e-25 6.619468e-26 4.782617e-25 
1.596000e+00 4.102761e-25 6.601495e-26 4.762910e-25 
1.598000e+00 4.085201e-25 6.582714e-26 4.743473e-25 
1.600000e+00 4.063707e-25 6.562634e-26 4.719970e-25 
1.602000e+00 4.044574e-25 6.554811e-26 4.700055e-25 
1.604000e+00 4.025840e-25 6.535067e-26 4.679347e-25 
1.606000e+00 4.008215e-25 6.507521e-26 4.658967e-25 
1.608000e+00 3.991200e-25 6.492460e-26 4.640446e-25 
1.610000e+00 3.971549e-25 6.477033e-26 4.619252e-25 
1.612000e+00 3.952677e-25 6.460286e-26 4.598706e-25 
1.614000e+00 3.934359e-25 6.440923e-26 4.578451e-25 
1.616000e+00 3.914602e-25 6.421969e-26 4.556799e-25 
1.618000e+00 3.895482e-25 6.401482e-26 4.535630e-25 
1.620000e+00 3.877535e-25 6.379839e-26 4.515519e-25 
1.622000e+00 3.860114e-25 6.457474e-26 4.505862e-25 
1.624000e+00 3.840482e-25 6.343088e-26 4.474790e-25 
1.626000e+00 3.824987e-25 6.330906e-26 4.458078e-25 
1.628000e+00 3.805546e-25 6.314548e-26 4.437001e-25 
1.630000e+00 3.788320e-25 6.293080e-26 4.417628e-25 
1.632000e+00 3.772051e-25 6.278706e-26 4.399922e-25 
1.634000e+00 3.754950e-25 6.263822e-26 4.381332e-25 
1.636000e+00 3.735841e-25 6.251155e-26 4.360957e-25 
1.638000e+00 3.718564e-25 6.234242e-26 4.341989e-25 
1.640000e+00 3.702097e-25 6.220324e-26 4.324130e-25 
1.642000e+00 3.685515e-25 6.202645e-26 4.305780e-25 
1.644000e+00 3.672737e-25 6.179280e-26 4.290665e-25 
1.646000e+00 3.654607e-25 6.161780e-26 4.270785e-25 
1.648000e+00 3.637821e-25 6.140598e-26 4.251880e-25 
1.650000e+00 3.620270e-25 6.119960e-26 4.232266e-25 
1.652000e+00 3.601759e-25 6.101298e-26 4.211888e-25 
1.654000e+00 3.584985e-25 6.081631e-26 4.193148e-25 
1.656000e+00 3.568722e-25 6.064400e-26 4.175162e-25 
1.658000e+00 3.551084e-25 6.051819e-26 4.156266e-25 
1.660000e+00 3.536396e-25 6.043509e-26 4.140747e-25 
1.662000e+00 3.519743e-25 6.018224e-26 4.121565e-25 
1.664000e+00 3.497813e-25 6.008709e-26 4.098684e-25 
1.666000e+00 3.482073e-25 5.993295e-26 4.081403e-25 
1.668000e+00 3.468399e-25 5.983301e-26 4.066729e-25 
1.670000e+00 3.455932e-25 5.972625e-26 4.053195e-25 
1.672000e+00 3.439773e-25 5.963117e-26 4.036085e-25 
1.674000e+00 3.419862e-25 5.946823e-26 4.014544e-25 
1.676000e+00 3.408513e-25 5.930675e-26 4.001581e-25 
1.678000e+00 3.391769e-25 5.919497e-26 3.983719e-25 
1.680000e+00 3.375771e-25 5.903957e-26 3.966167e-25 
1.682000e+00 3.361523e-25 5.890568e-26 3.950579e-25 
1.684000e+00 3.344563e-25 5.869354e-26 3.931499e-25 
1.686000e+00 3.330218e-25 5.858287e-26 3.916046e-25 
1.688000e+00 3.314093e-25 1.393432e-25 4.707525e-25 
1.690000e+00 3.299405e-25 1.387567e-25 4.686973e-25 
1.692000e+00 3.283886e-25 1.382011e-25 4.665897e-25 
1.694000e+00 3.269218e-25 1.374872e-25 4.644090e-25 
1.696000e+00 3.255298e-25 1.369620e-25 4.624917e-25 
1.698000e+00 3.237821e-25 1.365173e-25 4.602995e-25 
1.700000e+00 3.225789e-25 5.714170e-26 3.797207e-25 
1.702000e+00 3.209916e-25 1.353582e-25 4.563499e-25 
1.704000e+00 3.195821e-25 1.348955e-25 4.544776e-25 
1.706000e+00 3.181308e-25 1.345850e-25 4.527159e-25 
1.708000e+00 3.165331e-25 1.337141e-25 4.502472e-25 
1.710000e+00 3.150945e-25 1.332678e-25 4.483623e-25 
1.712000e+00 3.136691e-25 1.327225e-25 4.463916e-25 
1.714000e+00 3.120943e-25 1.321979e-25 4.442922e-25 
1.716000e+00 3.106726e-25 1.317322e-25 4.424048e-25 
1.718000e+00 3.092058e-25 1.311312e-25 4.403370e-25 
1.720000e+00 3.078500e-25 1.305890e-25 4.384389e-25 
1.722000e+00 3.062164e-25 1.300870e-25 4.363034e-25 
1.724000e+00 3.056489e-25 1.296731e-25 4.353220e-25 
1.726000e+00 3.034248e-25 1.290357e-25 4.324605e-25 
1.728000e+00 3.020555e-25 1.285050e-25 4.305605e-25 
1.730000e+00 3.006690e-25 1.280541e-25 4.287232e-25 
1.732000e+00 2.992926e-25 1.275096e-25 4.268023e-25 
1.734000e+00 2.978476e-25 1.270029e-25 4.248505e-25 
1.736000e+00 2.965882e-25 1.265187e-25 4.231069e-25 
1.738000e+00 2.951972e-25 1.259347e-25 4.211319e-25 
1.740000e+00 2.938134e-25 1.254503e-25 4.192637e-25 
1.742000e+00 2.922911e-25 1.250302e-25 4.173214e-25 
1.744000e+00 2.909067e-25 1.244922e-25 4.153989e-25 
1.746000e+00 2.895706e-25 1.240566e-25 4.136272e-25 
1.748000e+00 2.881638e-25 1.234680e-25 4.116318e-25 
1.750000e+00 2.868197e-25 1.230064e-25 4.098262e-25 
1.752000e+00 2.854405e-25 1.225820e-25 4.080225e-25 
1.754000e+00 2.840572e-25 1.220549e-25 4.061122e-25 
1.756000e+00 2.827389e-25 1.216271e-25 4.043660e-25 
1.758000e+00 2.816301e-25 1.212019e-25 4.028321e-25 
1.760000e+00 2.800637e-25 1.206888e-25 4.007525e-25 
1.762000e+00 2.787435e-25 1.202641e-25 3.990076e-25 
1.764000e+00 2.775003e-25 1.197311e-25 3.972314e-25 
1.766000e+00 2.761414e-25 1.192755e-25 3.954169e-25 
1.768000e+00 2.748742e-25 1.188230e-25 3.936973e-25 
1.770000e+00 2.734490e-25 1.183454e-25 3.917944e-25 
1.772000e+00 2.721218e-25 1.179335e-25 3.900553e-25 
1.774000e+00 2.708205e-25 1.174774e-25 3.882979e-25 
1.776000e+00 2.692564e-25 1.169525e-25 3.862089e-25 
1.778000e+00 2.679469e-25 1.164921e-25 3.844391e-25 
1.780000e+00 2.666437e-25 1.160242e-25 3.826679e-25 
1.782000e+00 2.651760e-25 1.155798e-25 3.807558e-25 
1.784000e+00 2.638418e-25 1.152301e-25 3.790719e-25 
1.786000e+00 2.625187e-25 1.147487e-25 3.772674e-25 
1.788000e+00 2.610195e-25 1.142926e-25 3.753121e-25 
1.790000e+00 2.597431e-25 1.138762e-25 3.736192e-25 
1.792000e+00 2.584761e-25 1.135605e-25 3.720366e-25 
1.794000e+00 2.570298e-25 1.137176e-25 3.707474e-25 
1.796000e+00 2.557231e-25 1.126305e-25 3.683536e-25 
1.798000e+00 2.544561e-25 1.122149e-25 3.666711e-25 
1.800000e+00 2.530397e-25 1.118641e-25 3.649037e-25 
1.802000e+00 2.515859e-25 1.113711e-25 3.629570e-25 
1.804000e+00 2.501552e-25 1.109543e-25 3.611095e-25 
1.806000e+00 2.487602e-25 1.105840e-25 3.593442e-25 
1.808000e+00 2.471977e-25 1.101383e-25 3.573360e-25 
1.810000e+00 2.458388e-25 1.097129e-25 3.555517e-25 
1.812000e+00 2.442428e-25 1.092785e-25 3.535212e-25 
1.814000e+00 2.428093e-25 1.088439e-25 3.516533e-25 
1.816000e+00 2.410152e-25 1.084385e-25 3.494537e-25 
1.818000e+00 2.392833e-25 1.080399e-25 3.473232e-25 
1.820000e+00 2.375898e-25 1.075995e-25 3.451893e-25 
1.822000e+00 2.358882e-25 1.072234e-25 3.431115e-25 
1.824000e+00 2.337669e-25 1.067741e-25 3.405410e-25 
1.826000e+00 2.315862e-25 1.064163e-25 3.380025e-25 
1.828000e+00 2.295960e-25 4.814614e-26 2.777422e-25 
1.830000e+00 2.275587e-25 4.801871e-26 2.755774e-25 
1.832000e+00 2.258534e-25 4.792431e-26 2.737777e-25 
1.834000e+00 2.242293e-25 4.776141e-26 2.719907e-25 
1.836000e+00 2.225544e-25 4.775607e-26 2.703104e-25 
1.838000e+00 2.210920e-25 4.742304e-26 2.685150e-25 
1.840000e+00 2.203376e-25 4.723418e-26 2.675718e-25 
1.842000e+00 2.197439e-25 4.709718e-26 2.668411e-25 
1.844000e+00 2.191978e-25 4.690635e-26 2.661041e-25 
1.846000e+00 2.185576e-25 4.669830e-26 2.652559e-25 
1.848000e+00 2.189273e-25 4.658132e-26 2.655086e-25 
1.850000e+00 2.192791e-25 4.634547e-26 2.656245e-25 
1.852000e+00 2.198158e-25 4.619309e-26 2.660089e-25 
1.854000e+00 2.201913e-25 4.603709e-26 2.662284e-25 
1.856000e+00 2.206635e-25 4.585299e-26 2.665165e-25 
1.858000e+00 2.209146e-25 4.574341e-26 2.666580e-25 
1.860000e+00 2.213747e-25 4.558599e-26 2.669607e-25 
1.862000e+00 2.217469e-25 4.549476e-26 2.672417e-25 
1.864000e+00 2.214816e-25 4.533021e-26 2.668118e-25 
1.866000e+00 2.212769e-25 4.518986e-26 2.664668e-25 
1.868000e+00 2.209776e-25 4.507875e-26 2.660563e-25 
1.870000e+00 2.207284e-25 4.493942e-26 2.656678e-25 
1.872000e+00 2.203239e-25 4.478296e-26 2.651069e-25 
1.874000e+00 2.194372e-25 4.465735e-26 2.640946e-25 
1.876000e+00 2.194110e-25 4.452291e-26 2.639339e-25 
1.878000e+00 2.190159e-25 4.435452e-26 2.633704e-25 
1.880000e+00 2.185006e-25 4.422121e-26 2.627218e-25 
1.882000e+00 2.181896e-25 4.407121e-26 2.622609e-25 
1.884000e+00 2.175900e-25 4.391111e-26 2.615011e-25 
1.886000e+00 2.170496e-25 4.376293e-26 2.608125e-25 
1.888000e+00 2.166608e-25 4.361892e-26 2.602798e-25 
1.890000e+00 2.159772e-25 4.345273e-26 2.594300e-25 
1.892000e+00 2.153116e-25 4.333137e-26 2.586429e-25 
1.894000e+00 2.148138e-25 4.317137e-26 2.579851e-25 
1.896000e+00 2.141548e-25 4.302832e-26 2.571831e-25 
1.898000e+00 2.136291e-25 4.290374e-26 2.565329e-25 
1.900000e+00 2.129022e-25 4.275938e-26 2.556616e-25 
1.902000e+00 2.124099e-25 4.260567e-26 2.550156e-25 
1.904000e+00 2.119880e-25 4.251613e-26 2.545042e-25 
1.906000e+00 2.111767e-25 4.231591e-26 2.534926e-25 
1.908000e+00 2.105290e-25 4.213203e-26 2.526610e-25 
1.910000e+00 2.098739e-25 4.198101e-26 2.518549e-25 
1.912000e+00 2.092387e-25 4.182643e-26 2.510651e-25 
1.914000e+00 2.085413e-25 4.163817e-26 2.501795e-25 
1.916000e+00 2.080464e-25 4.146237e-26 2.495088e-25 
1.918000e+00 2.072356e-25 4.128817e-26 2.485238e-25 
1.920000e+00 2.066513e-25 4.114493e-26 2.477962e-25 
1.922000e+00 2.060153e-25 4.096184e-26 2.469771e-25 
1.924000e+00 2.053219e-25 4.082794e-26 2.461498e-25 
1.926000e+00 2.047449e-25 4.070931e-26 2.454542e-25 
1.928000e+00 2.040011e-25 4.054041e-26 2.445415e-25 
1.930000e+00 2.033972e-25 4.041375e-26 2.438110e-25 
1.932000e+00 2.027664e-25 4.029936e-26 2.430658e-25 
1.934000e+00 2.020789e-25 4.013595e-26 2.422149e-25 
1.936000e+00 2.014611e-25 4.000316e-26 2.414643e-25 
1.938000e+00 2.008331e-25 3.992282e-26 2.407560e-25 
1.940000e+00 2.002046e-25 3.977556e-26 2.399801e-25 
1.942000e+00 1.995860e-25 3.963154e-26 2.392175e-25 
1.944000e+00 1.261236e-25 3.947422e-26 1.655979e-25 
1.946000e+00 1.982751e-25 3.933676e-26 2.376118e-25 
1.948000e+00 1.976900e-25 3.916715e-26 2.368572e-25 
1.950000e+00 1.970386e-25 3.904867e-26 2.360872e-25 
1.952000e+00 1.943154e-25 3.893064e-26 2.332460e-25 
1.954000e+00 1.956086e-25 3.874684e-26 2.343554e-25 
1.956000e+00 1.949623e-25 3.856960e-26 2.335319e-25 
1.958000e+00 1.944675e-25 3.843829e-26 2.329058e-25 
1.960000e+00 1.938336e-25 3.833836e-26 2.321720e-25 
1.962000e+00 1.933068e-25 3.820572e-26 2.315126e-25 
1.964000e+00 1.925954e-25 3.801750e-26 2.306129e-25 
1.966000e+00 1.920042e-25 3.794159e-26 2.299458e-25 
1.968000e+00 1.913857e-25 3.773985e-26 2.291256e-25 
1.970000e+00 1.907499e-25 3.768133e-26 2.284312e-25 
1.972000e+00 1.900110e-25 3.727936e-26 2.272904e-25 
1.974000e+00 1.898522e-25 3.738539e-26 2.272376e-25 
1.976000e+00 1.886014e-25 3.725930e-26 2.258607e-25 
1.978000e+00 1.881590e-25 3.708416e-26 2.252432e-25 
1.980000e+00 1.875106e-25 3.694205e-26 2.244527e-25 
1.982000e+00 1.867760e-25 3.681756e-26 2.235936e-25 
1.984000e+00 1.863997e-25 3.663381e-26 2.230335e-25 
1.986000e+00 1.856847e-25 3.643817e-26 2.221228e-25 
1.988000e+00 1.850292e-25 3.628514e-26 2.213144e-25 
1.990000e+00 1.843989e-25 3.608967e-26 2.204886e-25 
1.992000e+00 1.837667e-25 3.589989e-26 2.196666e-25 
1.994000e+00 1.831016e-25 3.581378e-26 2.189153e-25 
1.996000e+00 1.824949e-25 3.564290e-26 2.181378e-25 
1.998000e+00 1.818645e-25 3.548091e-26 2.173454e-25 
2.000000e+00 1.812701e-25 3.538360e-26 2.166537e-25 
2.002000e+00 1.806699e-25 3.521802e-26 2.158879e-25 
2.004000e+00 1.800578e-25 3.512173e-26 2.151795e-25 
2.006000e+00 1.794644e-25 3.497089e-26 2.144353e-25 
2.008000e+00 1.788413e-25 3.488169e-26 2.137230e-25 
2.010000e+00 1.783288e-25 3.477515e-26 2.131039e-25 
2.012000e+00 1.776547e-25 3.463844e-26 2.122931e-25 
2.014000e+00 1.770500e-25 3.450881e-26 2.115588e-25 
2.016000e+00 1.764311e-25 3.437462e-26 2.108057e-25 
2.018000e+00 1.758656e-25 3.425477e-26 2.101203e-25 
2.020000e+00 1.752420e-25 7.648437e-26 2.517264e-25 
2.022000e+00 1.745600e-25 3.397674e-26 2.085367e-25 
2.024000e+00 1.736815e-25 7.603230e-26 2.497138e-25 
2.026000e+00 1.733084e-25 7.573657e-26 2.490449e-25 
2.028000e+00 1.727880e-25 7.549595e-26 2.482840e-25 
2.030000e+00 1.715125e-25 7.526026e-26 2.467728e-25 
2.032000e+00 1.716728e-25 7.498482e-26 2.466576e-25 
2.034000e+00 1.711461e-25 7.470411e-26 2.458502e-25 
2.036000e+00 1.710884e-25 7.438730e-26 2.454757e-25 
2.038000e+00 1.699704e-25 7.467397e-26 2.446443e-25 
2.040000e+00 1.694771e-25 7.389792e-26 2.433750e-25 
2.042000e+00 1.681856e-25 7.365939e-26 2.418450e-25 
2.044000e+00 1.683565e-25 7.344920e-26 2.418057e-25 
2.046000e+00 1.677977e-25 7.318932e-26 2.409870e-25 
2.048000e+00 1.672248e-25 7.297304e-26 2.401978e-25 
2.050000e+00 1.666374e-25 7.271657e-26 2.393539e-25 
2.052000e+00 1.660455e-25 7.244398e-26 2.384894e-25 
2.054000e+00 1.655730e-25 7.223788e-26 2.378109e-25 
2.056000e+00 1.649514e-25 7.199286e-26 2.369442e-25 
2.058000e+00 1.644185e-25 7.177689e-26 2.361954e-25 
2.060000e+00 1.638143e-25 7.153022e-26 2.353445e-25 
2.062000e+00 1.610644e-25 7.127192e-26 2.323363e-25 
2.064000e+00 1.635068e-25 7.101214e-26 2.345189e-25 
2.066000e+00 1.619659e-25 7.075215e-26 2.327180e-25 
2.068000e+00 1.615562e-25 7.051478e-26 2.320710e-25 
2.070000e+00 1.608943e-25 7.029010e-26 2.311844e-25 
2.072000e+00 1.602831e-25 7.006986e-26 2.303529e-25 
2.074000e+00 1.599858e-25 6.983811e-26 2.298239e-25 
2.076000e+00 1.593855e-25 6.952199e-26 2.289075e-25 
2.078000e+00 1.588158e-25 6.930920e-26 2.281250e-25 
2.080000e+00 1.582248e-25 6.912461e-26 2.273494e-25 
2.082000e+00 1.578180e-25 6.885923e-26 2.266772e-25 
2.084000e+00 1.572438e-25 6.865877e-26 2.259026e-25 
2.086000e+00 1.566748e-25 6.838142e-26 2.250563e-25 
2.088000e+00 1.561092e-25 6.816158e-26 2.242707e-25 
2.090000e+00 1.556895e-25 6.796681e-26 2.236563e-25 
2.092000e+00 1.551148e-25 6.772279e-26 2.228376e-25 
2.094000e+00 1.546541e-25 6.754109e-26 2.221952e-25 
2.096000e+00 1.541113e-25 6.729361e-26 2.214049e-25 
2.098000e+00 1.535933e-25 6.710263e-26 2.206959e-25 
2.100000e+00 1.529717e-25 6.684983e-26 2.198215e-25 
2.102000e+00 1.526074e-25 6.668400e-26 2.192914e-25 
2.104000e+00 1.520137e-25 6.645657e-26 2.184702e-25 
2.106000e+00 1.514614e-25 6.626025e-26 2.177216e-25 
2.108000e+00 1.510565e-25 6.604773e-26 2.171042e-25 
2.110000e+00 1.504672e-25 6.584088e-26 2.163081e-25 
2.112000e+00 1.496395e-25 6.561145e-26 2.152510e-25 
2.114000e+00 1.492929e-25 6.543805e-26 2.147310e-25 
2.116000e+00 1.490524e-25 6.518664e-26 2.142390e-25 
2.118000e+00 1.484318e-25 6.421112e-26 2.126429e-25 
2.120000e+00 1.479849e-25 6.475943e-26 2.127443e-25 
2.122000e+00 1.474650e-25 6.373127e-26 2.111963e-25 
2.124000e+00 1.470844e-25 6.437432e-26 2.114587e-25 
2.126000e+00 1.465009e-25 6.415445e-26 2.106554e-25 
2.128000e+00 1.461786e-25 6.396370e-26 2.101423e-25 
2.130000e+00 1.455373e-25 6.376021e-26 2.092975e-25 
2.132000e+00 1.450534e-25 6.352503e-26 2.085785e-25 
2.134000e+00 1.445467e-25 6.333809e-26 2.078848e-25 
2.136000e+00 1.440998e-25 6.306218e-26 2.071619e-25 
2.138000e+00 1.436408e-25 6.292787e-26 2.065687e-25 
2.140000e+00 1.432167e-25 6.274840e-26 2.059651e-25 
2.142000e+00 1.426587e-25 6.250147e-26 2.051601e-25 
2.144000e+00 1.422002e-25 6.236964e-26 2.045698e-25 
2.146000e+00 1.417152e-25 6.218107e-26 2.038963e-25 
2.148000e+00 1.411662e-25 6.192611e-26 2.030923e-25 
2.150000e+00 1.407494e-25 6.174647e-26 2.024958e-25 
2.152000e+00 1.401766e-25 6.158550e-26 2.017621e-25 
2.154000e+00 1.397407e-25 6.127906e-26 2.010198e-25 
2.156000e+00 1.392691e-25 6.116664e-26 2.004357e-25 
2.158000e+00 1.387727e-25 6.095799e-26 1.997307e-25 
2.160000e+00 1.382876e-25 6.072970e-26 1.990173e-25 
2.162000e+00 1.378688e-25 6.059232e-26 1.984611e-25 
2.164000e+00 1.374910e-25 6.038818e-26 1.978792e-25 
2.166000e+00 1.370552e-25 6.023165e-26 1.972868e-25 
2.168000e+00 1.365418e-25 6.000308e-26 1.965448e-25 
2.170000e+00 1.361111e-25 5.979760e-26 1.959087e-25 
2.172000e+00 1.356415e-25 5.963161e-26 1.952731e-25 
2.174000e+00 1.353012e-25 5.941263e-26 1.947138e-25 
2.176000e+00 1.354613e-25 5.926164e-26 1.947229e-25 
2.178000e+00 1.349763e-25 5.907734e-26 1.940536e-25 
2.180000e+00 1.345110e-25 5.891353e-26 1.934246e-25 
2.182000e+00 1.334390e-25 5.862532e-26 1.920643e-25 
2.184000e+00 1.336630e-25 5.847902e-26 1.921420e-25 
2.186000e+00 1.334280e-25 5.831721e-26 1.917452e-25 
2.188000e+00 1.327938e-25 5.813607e-26 1.909299e-25 
2.190000e+00 1.322080e-25 5.788389e-26 1.900919e-25 
2.192000e+00 1.318847e-25 5.772752e-26 1.896122e-25 
2.194000e+00 1.314155e-25 5.755195e-26 1.889674e-25 
2.196000e+00 1.310221e-25 5.740151e-26 1.884236e-25 
2.198000e+00 1.305997e-25 5.724020e-26 1.878399e-25 
2.200000e+00 1.302138e-25 5.708594e-26 1.872998e-25 
2.202000e+00 1.297765e-25 5.688161e-26 1.866581e-25 
2.204000e+00 1.291876e-25 5.671516e-26 1.859028e-25 
2.206000e+00 1.288321e-25 5.655971e-26 1.853919e-25 
2.208000e+00 1.284632e-25 5.631777e-26 1.847809e-25 
2.210000e+00 1.280125e-25 5.617891e-26 1.841914e-25 
2.212000e+00 1.275823e-25 5.600936e-26 1.835917e-25 
2.214000e+00 1.271989e-25 5.583244e-26 1.830313e-25 
2.216000e+00 1.267847e-25 5.566123e-26 1.824459e-25 
2.218000e+00 1.264074e-25 5.549161e-26 1.818990e-25 
2.220000e+00 1.259905e-25 5.532728e-26 1.813177e-25 
2.222000e+00 1.255573e-25 5.514990e-26 1.807072e-25 
2.224000e+00 1.251646e-25 5.500558e-26 1.801702e-25 
2.226000e+00 1.247363e-25 5.484903e-26 1.795853e-25 
2.228000e+00 1.243660e-25 5.457839e-26 1.789444e-25 
2.230000e+00 1.238848e-25 5.440951e-26 1.782943e-25 
2.232000e+00 1.235130e-25 5.423567e-26 1.777487e-25 
2.234000e+00 1.231018e-25 5.409035e-26 1.771921e-25 
2.236000e+00 1.228188e-25 5.393398e-26 1.767528e-25 
2.238000e+00 1.224526e-25 5.375883e-26 1.762114e-25 
2.240000e+00 1.220379e-25 5.364331e-26 1.756812e-25 
2.242000e+00 1.216675e-25 5.342646e-26 1.750940e-25 
2.244000e+00 1.212739e-25 5.322404e-26 1.744979e-25 
2.246000e+00 1.208846e-25 5.308794e-26 1.739726e-25 
2.248000e+00 1.204540e-25 5.291967e-26 1.733737e-25 
2.250000e+00 1.200946e-25 5.274429e-26 1.728389e-25 
2.252000e+00 1.197270e-25 5.261780e-26 1.723448e-25 
2.254000e+00 1.193061e-25 5.246113e-26 1.717673e-25 
2.256000e+00 1.189174e-25 5.231575e-26 1.712331e-25 
2.258000e+00 1.185072e-25 5.214399e-26 1.706512e-25 
2.260000e+00 1.181094e-25 5.199288e-26 1.701023e-25 
2.262000e+00 1.177917e-25 5.181720e-26 1.696089e-25 
2.264000e+00 1.174361e-25 5.166352e-26 1.690996e-25 
2.266000e+00 1.169954e-25 5.148423e-26 1.684796e-25 
2.268000e+00 1.165881e-25 5.131675e-26 1.679049e-25 
2.270000e+00 1.161701e-25 5.117773e-26 1.673478e-25 
2.272000e+00 1.157370e-25 5.099354e-26 1.667306e-25 
2.274000e+00 1.154774e-25 5.085236e-26 1.663298e-25 
2.276000e+00 1.151095e-25 5.068295e-26 1.657925e-25 
2.278000e+00 1.146838e-25 5.057361e-26 1.652574e-25 
2.280000e+00 1.143437e-25 5.040927e-26 1.647530e-25 
2.282000e+00 1.140137e-25 5.022894e-26 1.642427e-25 
2.284000e+00 1.136266e-25 5.007284e-26 1.636995e-25 
2.286000e+00 1.134019e-25 4.989015e-26 1.632921e-25 
2.288000e+00 1.129594e-25 4.979316e-26 1.627526e-25 
2.290000e+00 1.125836e-25 4.958419e-26 1.621678e-25 
2.292000e+00 1.123228e-25 4.943510e-26 1.617579e-25 
2.294000e+00 1.118674e-25 4.933890e-26 1.612063e-25 
2.296000e+00 1.115994e-25 4.920814e-26 1.608075e-25 
2.298000e+00 1.111055e-25 4.901338e-26 1.601189e-25 
2.300000e+00 1.108242e-25 4.892790e-26 1.597521e-25 
2.302000e+00 1.104530e-25 4.881832e-26 1.592713e-25 
2.304000e+00 1.100997e-25 4.859548e-26 1.586951e-25 
2.306000e+00 1.097856e-25 4.855024e-26 1.583359e-25 
2.308000e+00 1.094552e-25 4.830869e-26 1.577639e-25 
2.310000e+00 1.091542e-25 4.816333e-26 1.573175e-25 
2.312000e+00 1.087385e-25 4.799483e-26 1.567333e-25 
2.314000e+00 1.084793e-25 4.791470e-26 1.563940e-25 
2.316000e+00 1.080759e-25 4.775063e-26 1.558266e-25 
2.318000e+00 1.077992e-25 4.758867e-26 1.553879e-25 
2.320000e+00 1.073845e-25 4.739364e-26 1.547781e-25 
2.322000e+00 1.070662e-25 4.733539e-26 1.544016e-25 
2.324000e+00 1.067551e-25 4.714508e-26 1.539002e-25 
2.326000e+00 1.063838e-25 4.700055e-26 1.533843e-25 
2.328000e+00 1.060756e-25 4.688556e-26 1.529611e-25 
2.330000e+00 1.058089e-25 4.671394e-26 1.525229e-25 
2.332000e+00 1.053939e-25 4.656347e-26 1.519574e-25 
2.334000e+00 1.050502e-25 4.648040e-26 1.515306e-25 
2.336000e+00 1.047554e-25 4.629131e-26 1.510467e-25 
2.338000e+00 1.041060e-25 4.616263e-26 1.502686e-25 
2.340000e+00 1.040993e-25 4.607522e-26 1.501745e-25 
2.342000e+00 1.038502e-25 4.591937e-26 1.497695e-25 
2.344000e+00 1.034961e-25 4.573279e-26 1.492289e-25 
2.346000e+00 1.031946e-25 4.565709e-26 1.488517e-25 
2.348000e+00 1.029210e-25 4.552002e-26 1.484410e-25 
2.350000e+00 1.025748e-25 4.541500e-26 1.479898e-25 
2.352000e+00 1.022742e-25 4.522892e-26 1.475031e-25 
2.354000e+00 9.870103e-26 4.512674e-26 1.438278e-25 
2.356000e+00 1.015998e-25 4.496935e-26 1.465691e-25 
2.358000e+00 1.013232e-25 4.487328e-26 1.461965e-25 
2.360000e+00 1.009079e-25 4.473137e-26 1.456393e-25 
2.362000e+00 1.006178e-25 4.462957e-26 1.452474e-25 
2.364000e+00 1.002571e-25 4.446938e-26 1.447265e-25 
2.366000e+00 9.999405e-26 4.436409e-26 1.443581e-25 
2.368000e+00 9.964066e-26 4.418627e-26 1.438269e-25 
2.370000e+00 9.938124e-26 4.412817e-26 1.435094e-25 
2.372000e+00 9.901522e-26 4.398384e-26 1.429991e-25 
2.374000e+00 9.872645e-26 4.387723e-26 1.426037e-25 
2.376000e+00 9.846416e-26 4.370851e-26 1.421727e-25 
2.378000e+00 9.815422e-26 4.359243e-26 1.417466e-25 
2.380000e+00 9.784669e-26 4.346498e-26 1.413117e-25 
2.382000e+00 9.755317e-26 4.337577e-26 1.409289e-25 
2.384000e+00 9.729324e-26 4.320590e-26 1.404991e-25 
2.386000e+00 9.687091e-26 4.309538e-26 1.399663e-25 
2.388000e+00 9.663050e-26 4.295883e-26 1.395893e-25 
2.390000e+00 9.631998e-26 4.286842e-26 1.391884e-25 
2.392000e+00 9.601084e-26 4.273295e-26 1.387438e-25 
2.394000e+00 9.580838e-26 4.260194e-26 1.384103e-25 
2.396000e+00 9.541910e-26 4.244282e-26 1.378619e-25 
2.398000e+00 9.513928e-26 4.235785e-26 1.374971e-25 
2.400000e+00 9.486853e-26 4.221968e-26 1.370882e-25 
2.402000e+00 9.462197e-26 4.211960e-26 1.367416e-25 
2.404000e+00 9.437110e-26 4.200983e-26 1.363809e-25 
2.406000e+00 9.398251e-26 4.184283e-26 1.358253e-25 
2.408000e+00 9.372980e-26 4.173708e-26 1.354669e-25 
2.410000e+00 9.347155e-26 4.164645e-26 1.351180e-25 
2.412000e+00 9.321865e-26 4.151199e-26 1.347306e-25 
2.414000e+00 9.294733e-26 4.139470e-26 1.343420e-25 
2.416000e+00 9.264253e-26 4.128078e-26 1.339233e-25 
2.418000e+00 9.235457e-26 4.115312e-26 1.335077e-25 
2.420000e+00 9.206976e-26 4.103922e-26 1.331090e-25 
2.422000e+00 9.184146e-26 4.087847e-26 1.327199e-25 
2.424000e+00 9.157379e-26 4.091750e-26 1.324913e-25 
2.426000e+00 9.122470e-26 4.067909e-26 1.319038e-25 
2.428000e+00 9.102045e-26 4.051857e-26 1.315390e-25 
2.430000e+00 9.075485e-26 4.046531e-26 1.312202e-25 
2.432000e+00 9.050879e-26 4.036296e-26 1.308717e-25 
2.434000e+00 9.018567e-26 4.020295e-26 1.303886e-25 
2.436000e+00 8.991849e-26 4.012127e-26 1.300398e-25 
2.438000e+00 8.966216e-26 4.002257e-26 1.296847e-25 
2.440000e+00 8.938416e-26 3.986929e-26 1.292534e-25 
2.442000e+00 8.912336e-26 3.975128e-26 1.288746e-25 
2.444000e+00 8.892579e-26 3.969013e-26 1.286159e-25 
2.446000e+00 8.871110e-26 3.951535e-26 1.282264e-25 
2.448000e+00 8.824052e-26 3.944274e-26 1.276833e-25 
2.450000e+00 8.800191e-26 3.931031e-26 1.273122e-25 
2.452000e+00 8.774636e-26 3.918031e-26 1.269267e-25 
2.454000e+00 8.747114e-26 3.909372e-26 1.265649e-25 
2.456000e+00 8.715393e-26 3.898515e-26 1.261391e-25 
2.458000e+00 8.695168e-26 3.881410e-26 1.257658e-25 
2.460000e+00 8.670345e-26 3.875167e-26 1.254551e-25 
2.462000e+00 8.641648e-26 3.868924e-26 1.251057e-25 
2.464000e+00 8.619070e-26 3.855217e-26 1.247429e-25 
2.466000e+00 8.592213e-26 3.840445e-26 1.243266e-25 
2.468000e+00 8.556057e-26 3.815158e-26 1.237121e-25 
2.470000e+00 8.541393e-26 3.822647e-26 1.236404e-25 
2.472000e+00 8.516640e-26 3.812900e-26 1.232954e-25 
2.474000e+00 8.492210e-26 3.801609e-26 1.229382e-25 
2.476000e+00 8.457051e-26 3.791519e-26 1.224857e-25 
2.478000e+00 8.433554e-26 3.779818e-26 1.221337e-25 
2.480000e+00 8.408121e-26 3.772899e-26 1.218102e-25 
2.482000e+00 8.381044e-26 3.763781e-26 1.214482e-25 
2.484000e+00 8.358058e-26 3.753270e-26 1.211133e-25 
2.486000e+00 8.342297e-26 3.738167e-26 1.208046e-25 
2.488000e+00 8.317070e-26 3.725738e-26 1.204281e-25 
2.490000e+00 8.286427e-26 3.718103e-26 1.200453e-25 
2.492000e+00 8.262421e-26 3.707055e-26 1.196948e-25 
2.494000e+00 8.241260e-26 3.698149e-26 1.193941e-25 
2.496000e+00 8.216535e-26 3.683398e-26 1.189993e-25 
2.498000e+00 8.189536e-26 3.672710e-26 1.186225e-25 
2.500000e+00 8.165831e-26 3.666573e-26 1.183240e-25 
2.502000e+00 8.144397e-26 3.657154e-26 1.180155e-25 
2.504000e+00 8.118157e-26 3.644056e-26 1.176221e-25 
2.506000e+00 8.093739e-26 3.629922e-26 1.172366e-25 
2.508000e+00 8.076246e-26 3.623461e-26 1.169971e-25 
2.510000e+00 8.054696e-26 3.597460e-26 1.165216e-25 
2.512000e+00 8.032244e-26 3.604360e-26 1.163660e-25 
2.514000e+00 8.008997e-26 3.593501e-26 1.160250e-25 
2.516000e+00 7.976962e-26 3.584702e-26 1.156166e-25 
2.518000e+00 7.957358e-26 3.571298e-26 1.152866e-25 
2.520000e+00 7.933964e-26 3.567360e-26 1.150132e-25 
2.522000e+00 7.906129e-26 3.556403e-26 1.146253e-25 
2.524000e+00 7.893212e-26 3.542864e-26 1.143608e-25 
2.526000e+00 7.869935e-26 3.536018e-26 1.140595e-25 
2.528000e+00 7.846016e-26 3.524043e-26 1.137006e-25 
2.530000e+00 7.820571e-26 3.516481e-26 1.133705e-25 
2.532000e+00 7.806570e-26 3.505949e-26 1.131252e-25 
2.534000e+00 7.779022e-26 3.497694e-26 1.127672e-25 
2.536000e+00 7.748882e-26 3.487179e-26 1.123606e-25 
2.538000e+00 7.728778e-26 3.478166e-26 1.120694e-25 
2.540000e+00 7.702266e-26 3.466997e-26 1.116926e-25 
2.542000e+00 7.675547e-26 3.459547e-26 1.113509e-25 
2.544000e+00 7.661723e-26 3.450128e-26 1.111185e-25 
2.546000e+00 7.634680e-26 3.442575e-26 1.107725e-25 
2.548000e+00 7.607716e-26 3.430084e-26 1.103780e-25 
2.550000e+00 7.596859e-26 3.425234e-26 1.102209e-25 
2.552000e+00 7.570366e-26 1.927790e-26 9.498156e-26 
2.554000e+00 7.542619e-26 1.922084e-26 9.464704e-26 
2.556000e+00 7.534761e-26 1.917165e-26 9.451926e-26 
2.558000e+00 7.508484e-26 1.914100e-26 9.422584e-26 
2.560000e+00 7.509004e-26 1.903704e-26 9.412708e-26 
2.562000e+00 7.469902e-26 1.899374e-26 9.369276e-26 
2.564000e+00 7.445823e-26 1.890360e-26 9.336183e-26 
2.566000e+00 7.423562e-26 1.884430e-26 9.307992e-26 
2.568000e+00 7.392497e-26 1.880934e-26 9.273430e-26 
2.570000e+00 7.383147e-26 1.874338e-26 9.257485e-26 
2.572000e+00 7.357290e-26 1.865576e-26 9.222866e-26 
2.574000e+00 7.331501e-26 1.861676e-26 9.193177e-26 
2.576000e+00 7.311230e-26 1.858192e-26 9.169421e-26 
2.578000e+00 7.286122e-26 1.849387e-26 9.135509e-26 
2.580000e+00 7.273739e-26 1.846002e-26 9.119741e-26 
2.582000e+00 7.251049e-26 1.836799e-26 9.087847e-26 
2.584000e+00 7.238547e-26 1.832101e-26 9.070648e-26 
2.586000e+00 7.213923e-26 1.825777e-26 9.039700e-26 
2.588000e+00 7.183679e-26 1.821222e-26 9.004902e-26 
2.590000e+00 7.218470e-26 1.812856e-26 9.031326e-26 
2.592000e+00 7.145733e-26 1.808643e-26 8.954377e-26 
2.594000e+00 7.123565e-26 1.800999e-26 8.924563e-26 
2.596000e+00 7.105195e-26 1.797934e-26 8.903129e-26 
2.598000e+00 7.087190e-26 1.792096e-26 8.879285e-26 
2.600000e+00 7.066915e-26 1.785900e-26 8.852815e-26 
2.602000e+00 7.053165e-26 1.780114e-26 8.833280e-26 
2.604000e+00 7.024941e-26 1.774876e-26 8.799818e-26 
2.606000e+00 7.014024e-26 1.765630e-26 8.779654e-26 
2.608000e+00 6.990696e-26 1.762798e-26 8.753493e-26 
2.610000e+00 6.974059e-26 1.755904e-26 8.729964e-26 
2.612000e+00 6.959487e-26 1.752642e-26 8.712129e-26 
2.614000e+00 6.940850e-26 1.746149e-26 8.686998e-26 
2.616000e+00 6.983763e-26 1.741170e-26 8.724933e-26 
2.618000e+00 6.898561e-26 1.736483e-26 8.635044e-26 
2.620000e+00 6.874679e-26 1.731623e-26 8.606302e-26 
2.622000e+00 6.863096e-26 1.725177e-26 8.588272e-26 
2.624000e+00 6.838037e-26 1.718006e-26 8.556043e-26 
2.626000e+00 6.815031e-26 1.711611e-26 8.526642e-26 
2.628000e+00 6.800001e-26 1.705626e-26 8.505627e-26 
2.630000e+00 6.776697e-26 1.697848e-26 8.474545e-26 
2.632000e+00 6.759169e-26 1.690411e-26 8.449580e-26 
2.634000e+00 6.740344e-26 1.687341e-26 8.427684e-26 
2.636000e+00 6.715647e-26 1.678408e-26 8.394055e-26 
2.638000e+00 6.699583e-26 1.673208e-26 8.372791e-26 
2.640000e+00 6.681295e-26 1.667572e-26 8.348867e-26 
2.642000e+00 6.664122e-26 1.662862e-26 8.326984e-26 
2.644000e+00 6.646058e-26 1.661034e-26 8.307092e-26 
2.646000e+00 6.622203e-26 1.651240e-26 8.273444e-26 
2.648000e+00 6.610022e-26 1.648012e-26 8.258034e-26 
2.650000e+00 6.565484e-26 1.641649e-26 8.207132e-26 
2.652000e+00 6.571589e-26 1.633315e-26 8.204904e-26 
2.654000e+00 6.556702e-26 1.624499e-26 8.181202e-26 
2.656000e+00 6.534009e-26 1.627532e-26 8.161540e-26 
2.658000e+00 6.520949e-26 1.621717e-26 8.142665e-26 
2.660000e+00 6.496567e-26 1.617078e-26 8.113645e-26 
2.662000e+00 6.481048e-26 1.608567e-26 8.089615e-26 
2.664000e+00 6.456173e-26 1.604542e-26 8.060715e-26 
2.666000e+00 6.446119e-26 1.601416e-26 8.047535e-26 
2.668000e+00 6.419618e-26 1.595007e-26 8.014625e-26 
2.670000e+00 6.404854e-26 1.587009e-26 7.991863e-26 
2.672000e+00 6.386131e-26 1.583473e-26 7.969604e-26 
2.674000e+00 6.369766e-26 1.579100e-26 7.948866e-26 
2.676000e+00 6.351148e-26 1.570841e-26 7.921988e-26 
2.678000e+00 6.331257e-26 1.568406e-26 7.899663e-26 
2.680000e+00 6.319281e-26 1.559825e-26 7.879106e-26 
2.682000e+00 6.301386e-26 1.552156e-26 7.853543e-26 
2.684000e+00 6.282374e-26 1.549210e-26 7.831583e-26 
2.686000e+00 6.265138e-26 1.543202e-26 7.808340e-26 
2.688000e+00 6.245178e-26 1.536132e-26 7.781310e-26 
2.690000e+00 6.232088e-26 1.532215e-26 7.764303e-26 
2.692000e+00 6.211408e-26 1.529677e-26 7.741085e-26 
2.694000e+00 6.200711e-26 1.521894e-26 7.722605e-26 
2.696000e+00 6.182752e-26 1.513839e-26 7.696592e-26 
2.698000e+00 6.155794e-26 1.511464e-26 7.667258e-26 
2.700000e+00 6.148526e-26 1.507511e-26 7.656037e-26 
2.702000e+00 6.131961e-26 1.500517e-26 7.632478e-26 
2.704000e+00 6.108255e-26 1.499042e-26 7.607297e-26 
2.706000e+00 6.097231e-26 1.491891e-26 7.589121e-26 
2.708000e+00 6.086446e-26 1.487187e-26 7.573633e-26 
2.710000e+00 6.072854e-26 1.483926e-26 7.556779e-26 
2.712000e+00 6.050424e-26 1.476259e-26 7.526683e-26 
2.714000e+00 6.035596e-26 1.472658e-26 7.508254e-26 
2.716000e+00 6.019714e-26 1.467874e-26 7.487588e-26 
2.718000e+00 6.006080e-26 1.464095e-26 7.470175e-26 
2.720000e+00 5.995858e-26 1.454956e-26 7.450814e-26 
2.722000e+00 5.971405e-26 1.451263e-26 7.422668e-26 
2.724000e+00 5.958610e-26 1.448010e-26 7.406619e-26 
2.726000e+00 5.946374e-26 1.440060e-26 7.386434e-26 
2.728000e+00 5.919102e-26 1.437305e-26 7.356406e-26 
2.730000e+00 5.903711e-26 1.430206e-26 7.333917e-26 
2.732000e+00 5.889250e-26 1.423207e-26 7.312456e-26 
2.734000e+00 5.876071e-26 1.420932e-26 7.297003e-26 
2.736000e+00 5.851964e-26 1.412534e-26 7.264498e-26 
2.738000e+00 5.836911e-26 1.406485e-26 7.243396e-26 
2.740000e+00 5.824428e-26 1.403677e-26 7.228105e-26 
2.742000e+00 5.811356e-26 1.396977e-26 7.208333e-26 
2.744000e+00 5.799914e-26 1.390643e-26 7.190558e-26 
2.746000e+00 5.774317e-26 1.387666e-26 7.161983e-26 
2.748000e+00 5.760694e-26 1.383979e-26 7.144672e-26 
2.750000e+00 5.748258e-26 1.378570e-26 7.126829e-26 
2.752000e+00 5.728921e-26 1.376545e-26 7.105466e-26 
2.754000e+00 5.700495e-26 1.368626e-26 7.069121e-26 
2.756000e+00 5.699883e-26 1.368100e-26 7.067983e-26 
2.758000e+00 5.686613e-26 1.361286e-26 7.047899e-26 
2.760000e+00 5.673538e-26 1.354575e-26 7.028113e-26 
2.762000e+00 5.651250e-26 1.353925e-26 7.005175e-26 
2.764000e+00 5.636111e-26 1.348915e-26 6.985026e-26 
2.766000e+00 5.624817e-26 1.345965e-26 6.970782e-26 
2.768000e+00 5.610763e-26 1.337923e-26 6.948686e-26 
2.770000e+00 5.597444e-26 1.336272e-26 6.933716e-26 
2.772000e+00 5.580155e-26 1.331702e-26 6.911857e-26 
2.774000e+00 5.565438e-26 1.326936e-26 6.892375e-26 
2.776000e+00 5.542757e-26 1.322532e-26 6.865289e-26 
2.778000e+00 5.530411e-26 1.318818e-26 6.849229e-26 
2.780000e+00 5.522333e-26 1.315917e-26 6.838250e-26 
2.782000e+00 5.507281e-26 1.310631e-26 6.817912e-26 
2.784000e+00 5.490753e-26 1.308347e-26 6.799101e-26 
2.786000e+00 5.483905e-26 1.300664e-26 6.784569e-26 
2.788000e+00 5.471938e-26 1.298724e-26 6.770662e-26 
2.790000e+00 5.453909e-26 1.295673e-26 6.749582e-26 
2.792000e+00 5.430263e-26 1.289649e-26 6.719912e-26 
2.794000e+00 5.419120e-26 1.286797e-26 6.705917e-26 
2.796000e+00 5.404409e-26 1.282542e-26 6.686951e-26 
2.798000e+00 5.391937e-26 1.280213e-26 6.672150e-26 
2.800000e+00 5.378796e-26 1.274007e-26 6.652804e-26 
2.802000e+00 5.364318e-26 1.270755e-26 6.635072e-26 
2.804000e+00 5.352961e-26 1.268934e-26 6.621895e-26 
2.806000e+00 5.341547e-26 1.264273e-26 6.605821e-26 
2.808000e+00 5.324716e-26 1.261199e-26 6.585915e-26 
2.810000e+00 5.305866e-26 1.257288e-26 6.563154e-26 
2.812000e+00 5.294485e-26 1.256205e-26 6.550690e-26 
2.814000e+00 5.278608e-26 1.249827e-26 6.528435e-26 
2.816000e+00 5.269262e-26 1.249165e-26 6.518427e-26 
2.818000e+00 5.253174e-26 1.242959e-26 6.496134e-26 
2.820000e+00 5.237954e-26 1.238909e-26 6.476863e-26 
2.822000e+00 5.226817e-26 1.235531e-26 6.462347e-26 
2.824000e+00 5.214892e-26 1.232017e-26 6.446909e-26 
2.826000e+00 5.205534e-26 1.230055e-26 6.435589e-26 
2.828000e+00 5.185069e-26 1.227315e-26 6.412384e-26 
2.830000e+00 5.168511e-26 1.221277e-26 6.389788e-26 
2.832000e+00 5.155622e-26 1.216962e-26 6.372584e-26 
2.834000e+00 5.139307e-26 1.208732e-26 6.348038e-26 
2.836000e+00 5.124402e-26 1.208435e-26 6.332837e-26 
2.838000e+00 5.111045e-26 1.206942e-26 6.317987e-26 
2.840000e+00 5.096659e-26 1.200742e-26 6.297401e-26 
2.842000e+00 5.081875e-26 1.197351e-26 6.279226e-26 
2.844000e+00 5.070218e-26 1.191907e-26 6.262125e-26 
2.846000e+00 5.059901e-26 1.190989e-26 6.250891e-26 
2.848000e+00 5.046536e-26 1.188595e-26 6.235132e-26 
2.850000e+00 5.032054e-26 1.183685e-26 6.215739e-26 
2.852000e+00 5.027837e-26 1.182173e-26 6.210011e-26 
2.854000e+00 4.864521e-26 1.178102e-26 6.042623e-26 
2.856000e+00 4.854091e-26 1.173928e-26 6.028020e-26 
2.858000e+00 4.839694e-26 1.173585e-26 6.013279e-26 
2.860000e+00 4.826378e-26 1.169275e-26 5.995653e-26 
2.862000e+00 4.814309e-26 1.168606e-26 5.982915e-26 
2.864000e+00 4.802900e-26 1.165930e-26 5.968830e-26 
2.866000e+00 4.789804e-26 1.162645e-26 5.952450e-26 
2.868000e+00 4.777262e-26 1.158883e-26 5.936145e-26 
2.870000e+00 4.763149e-26 1.153651e-26 5.916800e-26 
2.872000e+00 4.753758e-26 1.156263e-26 5.910021e-26 
2.874000e+00 4.745709e-26 1.147700e-26 5.893410e-26 
2.876000e+00 4.732794e-26 1.147641e-26 5.880435e-26 
2.878000e+00 4.718356e-26 1.141311e-26 5.859667e-26 
2.880000e+00 4.708607e-26 1.140120e-26 5.848727e-26 
2.882000e+00 4.691890e-26 1.134692e-26 5.826582e-26 
2.884000e+00 4.679305e-26 1.133834e-26 5.813139e-26 
2.886000e+00 4.664648e-26 1.133070e-26 5.797718e-26 
2.888000e+00 4.653279e-26 1.126153e-26 5.779433e-26 
2.890000e+00 4.639982e-26 1.125758e-26 5.765740e-26 
2.892000e+00 4.623979e-26 1.124301e-26 5.748280e-26 
2.894000e+00 4.618898e-26 1.118457e-26 5.737355e-26 
2.896000e+00 4.598076e-26 1.116600e-26 5.714676e-26 
2.898000e+00 4.592734e-26 1.115360e-26 5.708093e-26 
2.900000e+00 4.577585e-26 1.110551e-26 5.688136e-26 
2.902000e+00 4.596116e-26 1.110074e-26 5.706189e-26 
2.904000e+00 4.553910e-26 1.106651e-26 5.660562e-26 
2.906000e+00 4.535212e-26 1.103856e-26 5.639068e-26 
2.908000e+00 4.526482e-26 1.103148e-26 5.629630e-26 
2.910000e+00 4.520172e-26 1.097083e-26 5.617255e-26 
2.912000e+00 4.507689e-26 1.096402e-26 5.604091e-26 
2.914000e+00 4.495930e-26 1.096237e-26 5.592167e-26 
2.916000e+00 4.485957e-26 1.091020e-26 5.576978e-26 
2.918000e+00 4.468094e-26 1.090413e-26 5.558507e-26 
2.920000e+00 4.459840e-26 1.091132e-26 5.550972e-26 
2.922000e+00 4.446218e-26 1.085839e-26 5.532057e-26 
2.924000e+00 4.434626e-26 1.085591e-26 5.520217e-26 
2.926000e+00 4.427026e-26 1.083783e-26 5.510809e-26 
2.928000e+00 4.415024e-26 2.120938e-26 6.535962e-26 
2.930000e+00 4.401650e-26 2.117841e-26 6.519491e-26 
2.932000e+00 4.390866e-26 2.114020e-26 6.504886e-26 
2.934000e+00 4.382073e-26 2.106723e-26 6.488796e-26 
2.936000e+00 4.365750e-26 2.101888e-26 6.467639e-26 
2.938000e+00 4.351523e-26 2.100606e-26 6.452129e-26 
2.940000e+00 4.344663e-26 2.092270e-26 6.436933e-26 
2.942000e+00 4.332357e-26 2.088925e-26 6.421283e-26 
2.944000e+00 4.322652e-26 2.087199e-26 6.409852e-26 
2.946000e+00 4.308486e-26 2.078180e-26 6.386665e-26 
2.948000e+00 4.295237e-26 2.071561e-26 6.366798e-26 
2.950000e+00 4.283570e-26 2.069511e-26 6.353081e-26 
2.952000e+00 4.269572e-26 2.060851e-26 6.330423e-26 
2.954000e+00 4.265884e-26 2.060425e-26 6.326309e-26 
2.956000e+00 4.253941e-26 2.053643e-26 6.307584e-26 
2.958000e+00 4.241118e-26 2.051509e-26 6.292627e-26 
2.960000e+00 4.226874e-26 2.043440e-26 6.270314e-26 
2.962000e+00 4.222426e-26 2.041637e-26 6.264063e-26 
2.964000e+00 4.209312e-26 2.039326e-26 6.248638e-26 
2.966000e+00 4.197663e-26 2.030340e-26 6.228003e-26 
2.968000e+00 4.192408e-26 2.027285e-26 6.219694e-26 
2.970000e+00 4.182302e-26 2.021678e-26 6.203980e-26 
2.972000e+00 4.168725e-26 2.019237e-26 6.187962e-26 
2.974000e+00 4.156506e-26 2.010976e-26 6.167482e-26 
2.976000e+00 4.145266e-26 2.009935e-26 6.155201e-26 
2.978000e+00 4.139108e-26 2.006286e-26 6.145393e-26 
2.980000e+00 4.128147e-26 2.002265e-26 6.130412e-26 
2.982000e+00 4.114638e-26 1.995166e-26 6.109804e-26 
2.984000e+00 4.100784e-26 1.991693e-26 6.092477e-26 
2.986000e+00 4.101912e-26 1.985577e-26 6.087489e-26 
2.988000e+00 4.089621e-26 1.981407e-26 6.071028e-26 
2.990000e+00 4.071649e-26 1.977711e-26 6.049360e-26 
2.992000e+00 4.067217e-26 1.972855e-26 6.040072e-26 
2.994000e+00 4.054090e-26 1.964943e-26 6.019033e-26 
2.996000e+00 4.043390e-26 1.962298e-26 6.005688e-26 
2.998000e+00 4.028304e-26 1.958010e-26 5.986315e-26 
