1.000000e-01 1.787031e-22 1.334004e-22 3.121034e-22 
1.020000e-01 1.781584e-22 1.321677e-22 3.103261e-22 
1.040000e-01 1.771561e-22 1.307699e-22 3.079260e-22 
1.060000e-01 1.757468e-22 1.295011e-22 3.052479e-22 
1.080000e-01 1.738637e-22 1.281565e-22 3.020202e-22 
1.100000e-01 1.713285e-22 1.267527e-22 2.980811e-22 
1.120000e-01 1.677444e-22 1.254384e-22 2.931828e-22 
1.140000e-01 1.618428e-22 1.240405e-22 2.858833e-22 
1.160000e-01 1.449469e-22 1.225835e-22 2.675304e-22 
1.180000e-01 1.593980e-22 1.212698e-22 2.806679e-22 
1.200000e-01 1.649694e-22 1.199097e-22 2.848792e-22 
1.220000e-01 1.676334e-22 1.184660e-22 2.860994e-22 
1.240000e-01 1.692766e-22 1.171048e-22 2.863815e-22 
1.260000e-01 1.704098e-22 1.157133e-22 2.861231e-22 
1.280000e-01 1.711964e-22 1.143138e-22 2.855101e-22 
1.300000e-01 1.717346e-22 1.129254e-22 2.846600e-22 
1.320000e-01 1.721061e-22 1.115309e-22 2.836370e-22 
1.340000e-01 1.723470e-22 1.101228e-22 2.824698e-22 
1.360000e-01 1.724703e-22 1.087418e-22 2.812121e-22 
1.380000e-01 1.724954e-22 1.073179e-22 2.798133e-22 
1.400000e-01 1.724309e-22 1.059385e-22 2.783694e-22 
1.420000e-01 1.723224e-22 1.045048e-22 2.768272e-22 
1.440000e-01 1.721381e-22 1.030869e-22 2.752249e-22 
1.460000e-01 1.718826e-22 1.016590e-22 2.735416e-22 
1.480000e-01 1.715572e-22 1.002507e-22 2.718079e-22 
1.500000e-01 1.711807e-22 9.882414e-23 2.700048e-22 
1.520000e-01 1.707455e-22 9.737220e-23 2.681177e-22 
1.540000e-01 1.702170e-22 9.597198e-23 2.661889e-22 
1.560000e-01 1.696133e-22 9.454274e-23 2.641561e-22 
1.580000e-01 1.689090e-22 9.306909e-23 2.619781e-22 
1.600000e-01 1.681185e-22 9.165348e-23 2.597720e-22 
1.620000e-01 1.671691e-22 9.019588e-23 2.573650e-22 
1.640000e-01 1.658993e-22 8.871673e-23 2.546160e-22 
1.660000e-01 1.638839e-22 8.727861e-23 2.511625e-22 
1.680000e-01 1.587363e-22 8.585942e-23 2.445958e-22 
1.700000e-01 1.603406e-22 8.326893e-23 2.436095e-22 
1.720000e-01 1.620275e-22 8.186883e-23 2.438964e-22 
1.740000e-01 1.626363e-22 8.045795e-23 2.430942e-22 
1.760000e-01 1.628986e-22 7.904613e-23 2.419448e-22 
1.780000e-01 1.630099e-22 7.763245e-23 2.406423e-22 
1.800000e-01 1.630255e-22 7.621375e-23 2.392393e-22 
1.820000e-01 1.629730e-22 7.479059e-23 2.377636e-22 
1.840000e-01 1.628942e-22 7.336214e-23 2.362563e-22 
1.860000e-01 1.627872e-22 7.194081e-23 2.347280e-22 
1.880000e-01 1.626705e-22 7.049279e-23 2.331633e-22 
1.900000e-01 1.625460e-22 6.905256e-23 2.315985e-22 
1.920000e-01 1.624664e-22 6.760947e-23 2.300759e-22 
1.940000e-01 1.625105e-22 6.618368e-23 2.286942e-22 
1.960000e-01 1.627997e-22 6.473921e-23 2.275389e-22 
1.980000e-01 1.640553e-22 6.330182e-23 2.273571e-22 
2.000000e-01 1.668464e-22 6.186262e-23 2.287090e-22 
2.020000e-01 1.638562e-22 6.044123e-23 2.242974e-22 
2.040000e-01 1.624042e-22 5.902169e-23 2.214259e-22 
2.060000e-01 1.612519e-22 5.756233e-23 2.188142e-22 
2.080000e-01 1.602349e-22 5.611234e-23 2.163472e-22 
2.100000e-01 1.592738e-22 5.465557e-23 2.139293e-22 
2.120000e-01 1.583497e-22 5.316048e-23 2.115101e-22 
2.140000e-01 1.574594e-22 5.165651e-23 2.091159e-22 
2.160000e-01 1.565846e-22 5.014518e-23 2.067298e-22 
2.180000e-01 1.557026e-22 4.859538e-23 2.042980e-22 
2.200000e-01 1.548680e-22 4.710083e-23 2.019688e-22 
2.220000e-01 1.540422e-22 4.560574e-23 1.996480e-22 
2.240000e-01 1.531853e-22 4.411677e-23 1.973021e-22 
2.260000e-01 1.523154e-22 4.260738e-23 1.949227e-22 
2.280000e-01 1.514088e-22 4.104225e-23 1.924510e-22 
2.300000e-01 1.505073e-22 3.950182e-23 1.900091e-22 
2.320000e-01 1.496131e-22 3.793196e-23 1.875451e-22 
2.340000e-01 1.486951e-22 3.633515e-23 1.850303e-22 
2.360000e-01 1.477770e-22 3.473916e-23 1.825161e-22 
2.380000e-01 1.468449e-22 3.312408e-23 1.799690e-22 
2.400000e-01 1.458919e-22 3.176653e-23 1.776584e-22 
2.420000e-01 1.449563e-22 3.066066e-23 1.756170e-22 
2.440000e-01 1.440022e-22 2.960162e-23 1.736038e-22 
2.460000e-01 1.430681e-22 2.830439e-23 1.713724e-22 
2.480000e-01 1.421390e-22 2.683149e-23 1.689705e-22 
2.500000e-01 1.412087e-22 2.516986e-23 1.663785e-22 
2.520000e-01 1.402776e-22 2.321616e-23 1.634937e-22 
2.540000e-01 1.393306e-22 2.112843e-23 1.604591e-22 
2.560000e-01 1.383905e-22 1.893915e-23 1.573297e-22 
2.580000e-01 1.374325e-22 1.656715e-23 1.539997e-22 
2.600000e-01 1.364815e-22 1.373803e-23 1.502196e-22 
2.620000e-01 1.355180e-22 1.056683e-23 1.460848e-22 
2.640000e-01 1.345486e-22 7.113126e-24 1.416617e-22 
2.660000e-01 1.335906e-22 4.105847e-24 1.376964e-22 
2.680000e-01 1.326210e-22 1.762722e-24 1.343837e-22 
2.700000e-01 1.316674e-22 3.616650e-25 1.320291e-22 
2.720000e-01 1.307012e-22 3.033933e-25 1.310045e-22 
2.740000e-01 1.297535e-22 1.887288e-24 1.316408e-22 
2.760000e-01 1.288090e-22 5.494643e-24 1.343036e-22 
2.780000e-01 1.278764e-22 9.470393e-24 1.373468e-22 
2.800000e-01 1.269348e-22 2.019550e-23 1.471303e-22 
2.820000e-01 1.259837e-22 2.450148e-23 1.504852e-22 
2.840000e-01 1.250127e-22 2.302037e-23 1.480331e-22 
2.860000e-01 1.240504e-22 2.158608e-23 1.456364e-22 
2.880000e-01 1.230702e-22 2.075108e-23 1.438212e-22 
2.900000e-01 1.220941e-22 2.047940e-23 1.425735e-22 
2.920000e-01 1.210989e-22 2.066436e-23 1.417633e-22 
2.940000e-01 1.201102e-22 2.124129e-23 1.413515e-22 
2.960000e-01 1.191140e-22 2.201792e-23 1.411320e-22 
2.980000e-01 1.181274e-22 2.298054e-23 1.411079e-22 
3.000000e-01 1.171315e-22 2.389168e-23 1.410232e-22 
3.020000e-01 1.161373e-22 2.460456e-23 1.407419e-22 
3.040000e-01 1.151278e-22 2.512752e-23 1.402553e-22 
3.060000e-01 1.141288e-22 2.554654e-23 1.396754e-22 
3.080000e-01 1.131189e-22 2.596195e-23 1.390808e-22 
3.100000e-01 1.121155e-22 2.621146e-23 1.383270e-22 
3.120000e-01 1.111037e-22 2.641789e-23 1.375216e-22 
3.140000e-01 1.100957e-22 2.647031e-23 1.365660e-22 
3.160000e-01 1.090820e-22 2.641749e-23 1.354995e-22 
3.180000e-01 1.080727e-22 2.623615e-23 1.343089e-22 
3.200000e-01 1.070655e-22 2.612710e-23 1.331926e-22 
3.220000e-01 1.060585e-22 2.606052e-23 1.321191e-22 
3.240000e-01 1.050572e-22 2.611307e-23 1.311703e-22 
3.260000e-01 1.040483e-22 2.620125e-23 1.302496e-22 
3.280000e-01 1.030503e-22 2.625296e-23 1.293033e-22 
3.300000e-01 1.020508e-22 2.631057e-23 1.283614e-22 
3.320000e-01 1.010672e-22 2.633962e-23 1.274068e-22 
3.340000e-01 1.000921e-22 2.636758e-23 1.264596e-22 
3.360000e-01 9.912240e-23 2.636188e-23 1.254843e-22 
3.380000e-01 9.815345e-23 2.635110e-23 1.245045e-22 
3.400000e-01 9.718329e-23 2.631917e-23 1.235025e-22 
3.420000e-01 9.621744e-23 2.629243e-23 1.225099e-22 
3.440000e-01 9.524159e-23 2.627641e-23 1.215180e-22 
3.460000e-01 9.428178e-23 2.625761e-23 1.205394e-22 
3.480000e-01 9.330937e-23 2.622647e-23 1.195358e-22 
3.500000e-01 9.233934e-23 2.619095e-23 1.185303e-22 
3.520000e-01 9.137402e-23 2.614062e-23 1.175146e-22 
3.540000e-01 9.040156e-23 2.608862e-23 1.164902e-22 
3.560000e-01 8.944807e-23 2.602953e-23 1.154776e-22 
3.580000e-01 8.848748e-23 2.596859e-23 1.144561e-22 
3.600000e-01 8.753624e-23 2.589063e-23 1.134269e-22 
3.620000e-01 8.659131e-23 2.581300e-23 1.124043e-22 
3.640000e-01 8.564949e-23 2.573755e-23 1.113870e-22 
3.660000e-01 8.471665e-23 2.566297e-23 1.103796e-22 
3.680000e-01 8.378259e-23 2.557364e-23 1.093562e-22 
3.700000e-01 8.285780e-23 2.548591e-23 1.083437e-22 
3.720000e-01 8.193373e-23 2.539811e-23 1.073318e-22 
3.740000e-01 8.100730e-23 2.531105e-23 1.063184e-22 
3.760000e-01 8.008815e-23 2.521221e-23 1.053004e-22 
3.780000e-01 7.916332e-23 2.511091e-23 1.042742e-22 
3.800000e-01 7.823941e-23 2.499942e-23 1.032388e-22 
3.820000e-01 7.732362e-23 2.488635e-23 1.022100e-22 
3.840000e-01 7.639785e-23 2.476577e-23 1.011636e-22 
3.860000e-01 7.549000e-23 2.465475e-23 1.001448e-22 
3.880000e-01 7.458639e-23 2.453424e-23 9.912063e-23 
3.900000e-01 7.368823e-23 2.435267e-23 9.804090e-23 
3.920000e-01 7.279812e-23 2.429789e-23 9.709601e-23 
3.940000e-01 7.191268e-23 2.417978e-23 9.609246e-23 
3.960000e-01 7.104001e-23 2.406138e-23 9.510139e-23 
3.980000e-01 7.017875e-23 2.394124e-23 9.411999e-23 
4.000000e-01 6.931953e-23 2.381858e-23 9.313812e-23 
4.020000e-01 6.847158e-23 2.369199e-23 9.216357e-23 
4.040000e-01 6.762834e-23 2.355805e-23 9.118638e-23 
4.060000e-01 6.678400e-23 2.342616e-23 9.021015e-23 
4.080000e-01 6.594823e-23 2.329596e-23 8.924419e-23 
4.100000e-01 6.511509e-23 2.316694e-23 8.828203e-23 
4.120000e-01 6.428796e-23 2.303526e-23 8.732322e-23 
4.140000e-01 6.347309e-23 2.290317e-23 8.637626e-23 
4.160000e-01 6.266053e-23 2.277165e-23 8.543218e-23 
4.180000e-01 6.184878e-23 2.264013e-23 8.448891e-23 
4.200000e-01 6.105348e-23 2.250508e-23 8.355856e-23 
4.220000e-01 6.025411e-23 2.237517e-23 8.262928e-23 
4.240000e-01 5.946202e-23 2.224344e-23 8.170547e-23 
4.260000e-01 5.867937e-23 2.212170e-23 8.080107e-23 
4.280000e-01 5.790197e-23 2.197120e-23 7.987318e-23 
4.300000e-01 5.713320e-23 2.183393e-23 7.896713e-23 
4.320000e-01 5.637196e-23 2.169649e-23 7.806845e-23 
4.340000e-01 5.561112e-23 2.156056e-23 7.717168e-23 
4.360000e-01 5.485903e-23 2.142586e-23 7.628489e-23 
4.380000e-01 5.410897e-23 2.129266e-23 7.540163e-23 
4.400000e-01 5.336444e-23 2.115957e-23 7.452401e-23 
4.420000e-01 5.262949e-23 2.101774e-23 7.364723e-23 
4.440000e-01 5.190310e-23 2.087731e-23 7.278041e-23 
4.460000e-01 5.117844e-23 2.073707e-23 7.191551e-23 
4.480000e-01 5.045943e-23 2.059955e-23 7.105897e-23 
4.500000e-01 4.975137e-23 2.046261e-23 7.021398e-23 
4.520000e-01 4.904405e-23 2.031402e-23 6.935806e-23 
4.540000e-01 4.834026e-23 2.016436e-23 6.850462e-23 
4.560000e-01 4.764594e-23 2.001731e-23 6.766324e-23 
4.580000e-01 4.695698e-23 1.987585e-23 6.683283e-23 
4.600000e-01 4.626979e-23 1.973094e-23 6.600073e-23 
4.620000e-01 4.559482e-23 1.958352e-23 6.517834e-23 
4.640000e-01 4.492173e-23 1.944108e-23 6.436282e-23 
4.660000e-01 4.425228e-23 1.929824e-23 6.355052e-23 
4.680000e-01 4.358855e-23 1.915978e-23 6.274833e-23 
4.700000e-01 4.293035e-23 1.902058e-23 6.195094e-23 
4.720000e-01 4.227050e-23 1.888005e-23 6.115055e-23 
4.740000e-01 4.161793e-23 1.874012e-23 6.035805e-23 
4.760000e-01 4.096880e-23 1.858868e-23 5.955749e-23 
4.780000e-01 4.032487e-23 1.844471e-23 5.876957e-23 
4.800000e-01 3.968316e-23 1.830028e-23 5.798343e-23 
4.820000e-01 3.904628e-23 1.815458e-23 5.720086e-23 
4.840000e-01 3.841188e-23 1.801053e-23 5.642241e-23 
4.860000e-01 3.777722e-23 1.786687e-23 5.564409e-23 
4.880000e-01 3.714625e-23 1.772329e-23 5.486954e-23 
4.900000e-01 3.651689e-23 1.757741e-23 5.409429e-23 
4.920000e-01 3.589165e-23 1.743166e-23 5.332332e-23 
4.940000e-01 3.526435e-23 1.728640e-23 5.255075e-23 
4.960000e-01 3.464214e-23 1.714551e-23 5.178765e-23 
4.980000e-01 3.401768e-23 1.700317e-23 5.102085e-23 
5.000000e-01 3.339070e-23 1.686163e-23 5.025232e-23 
5.020000e-01 3.276598e-23 1.672321e-23 4.948918e-23 
5.040000e-01 3.213779e-23 1.658489e-23 4.872268e-23 
5.060000e-01 3.150712e-23 1.644753e-23 4.795465e-23 
5.080000e-01 3.087247e-23 1.631179e-23 4.718426e-23 
5.100000e-01 3.023210e-23 1.617622e-23 4.640832e-23 
5.120000e-01 2.958418e-23 1.604263e-23 4.562681e-23 
5.140000e-01 2.893246e-23 1.591109e-23 4.484355e-23 
5.160000e-01 2.827122e-23 1.578095e-23 4.405217e-23 
5.180000e-01 2.759647e-23 1.565314e-23 4.324960e-23 
5.200000e-01 2.690338e-23 1.552621e-23 4.242959e-23 
5.220000e-01 2.619434e-23 1.540012e-23 4.159446e-23 
5.240000e-01 2.545900e-23 1.527325e-23 4.073225e-23 
5.260000e-01 2.469399e-23 1.514514e-23 3.983914e-23 
5.280000e-01 2.389066e-23 1.501585e-23 3.890651e-23 
5.300000e-01 2.303941e-23 1.488940e-23 3.792881e-23 
5.320000e-01 2.212744e-23 1.476554e-23 3.689298e-23 
5.340000e-01 2.109379e-23 1.464126e-23 3.573505e-23 
5.360000e-01 1.989515e-23 1.451446e-23 3.440960e-23 
5.380000e-01 1.832992e-23 1.438601e-23 3.271593e-23 
5.400000e-01 1.626703e-23 1.425785e-23 3.052488e-23 
5.420000e-01 1.416216e-23 1.413319e-23 2.829535e-23 
5.440000e-01 1.304582e-23 1.401530e-23 2.706111e-23 
5.460000e-01 1.357294e-23 1.389693e-23 2.746987e-23 
5.480000e-01 1.537729e-23 1.377859e-23 2.915588e-23 
5.500000e-01 1.709249e-23 1.367257e-23 3.076506e-23 
5.520000e-01 1.831479e-23 1.355423e-23 3.186902e-23 
5.540000e-01 1.901415e-23 1.342109e-23 3.243525e-23 
5.560000e-01 1.950947e-23 1.330904e-23 3.281851e-23 
5.580000e-01 1.986002e-23 1.319602e-23 3.305604e-23 
5.600000e-01 2.013306e-23 1.308456e-23 3.321762e-23 
5.620000e-01 2.034569e-23 1.298934e-23 3.333503e-23 
5.640000e-01 2.050959e-23 1.287585e-23 3.338545e-23 
5.660000e-01 2.063450e-23 1.274664e-23 3.338114e-23 
5.680000e-01 2.072122e-23 1.263504e-23 3.335625e-23 
5.700000e-01 2.077835e-23 1.252484e-23 3.330318e-23 
5.720000e-01 2.081043e-23 1.241341e-23 3.322384e-23 
5.740000e-01 2.082490e-23 1.230475e-23 3.312965e-23 
5.760000e-01 2.082781e-23 1.219647e-23 3.302428e-23 
5.780000e-01 2.080920e-23 1.209066e-23 3.289986e-23 
5.800000e-01 2.077531e-23 1.198407e-23 3.275939e-23 
5.820000e-01 2.073211e-23 1.188202e-23 3.261413e-23 
5.840000e-01 2.067967e-23 1.178058e-23 3.246024e-23 
5.860000e-01 2.061836e-23 1.167952e-23 3.229789e-23 
5.880000e-01 2.054197e-23 1.157800e-23 3.211997e-23 
5.900000e-01 2.046139e-23 1.147752e-23 3.193890e-23 
5.920000e-01 2.037384e-23 1.137694e-23 3.175078e-23 
5.940000e-01 2.028018e-23 1.127672e-23 3.155690e-23 
5.960000e-01 2.018028e-23 1.117952e-23 3.135981e-23 
5.980000e-01 2.007271e-23 1.108298e-23 3.115569e-23 
6.000000e-01 1.996447e-23 1.098556e-23 3.095003e-23 
6.020000e-01 1.985033e-23 1.088618e-23 3.073651e-23 
6.040000e-01 1.973050e-23 1.078623e-23 3.051673e-23 
6.060000e-01 1.960639e-23 1.068555e-23 3.029194e-23 
6.080000e-01 1.948053e-23 1.059235e-23 3.007288e-23 
6.100000e-01 1.935318e-23 1.050505e-23 2.985823e-23 
6.120000e-01 1.922093e-23 1.041760e-23 2.963854e-23 
6.140000e-01 1.908171e-23 1.032931e-23 2.941101e-23 
6.160000e-01 1.894545e-23 1.023908e-23 2.918452e-23 
6.180000e-01 1.880515e-23 1.014750e-23 2.895265e-23 
6.200000e-01 1.866343e-23 1.005678e-23 2.872021e-23 
6.220000e-01 1.851848e-23 9.967118e-24 2.848560e-23 
6.240000e-01 1.837187e-23 9.881209e-24 2.825308e-23 
6.260000e-01 1.822562e-23 9.796019e-24 2.802164e-23 
6.280000e-01 1.807533e-23 9.711173e-24 2.778650e-23 
6.300000e-01 1.792346e-23 9.625572e-24 2.754903e-23 
6.320000e-01 1.777017e-23 9.539969e-24 2.731014e-23 
6.340000e-01 1.761544e-23 9.453457e-24 2.706890e-23 
6.360000e-01 1.745833e-23 9.366672e-24 2.682500e-23 
6.380000e-01 1.729975e-23 9.287804e-24 2.658756e-23 
6.400000e-01 1.713834e-23 9.202141e-24 2.634048e-23 
6.420000e-01 1.697492e-23 9.120860e-24 2.609578e-23 
6.440000e-01 1.681251e-23 9.042683e-24 2.585519e-23 
6.460000e-01 1.664728e-23 8.970325e-24 2.561760e-23 
6.480000e-01 1.649440e-23 8.896155e-24 2.539055e-23 
6.500000e-01 1.630944e-23 8.824916e-24 2.513436e-23 
6.520000e-01 1.613649e-23 8.746798e-24 2.488329e-23 
6.540000e-01 1.596246e-23 8.666917e-24 2.462938e-23 
6.560000e-01 1.578399e-23 8.587069e-24 2.437106e-23 
6.580000e-01 1.560393e-23 8.508179e-24 2.411211e-23 
6.600000e-01 1.542042e-23 8.434999e-24 2.385542e-23 
6.620000e-01 1.523380e-23 8.362436e-24 2.359623e-23 
6.640000e-01 1.504530e-23 8.290440e-24 2.333574e-23 
6.660000e-01 1.485178e-23 8.219016e-24 2.307080e-23 
6.680000e-01 1.465713e-23 8.147187e-24 2.280432e-23 
6.700000e-01 1.445795e-23 8.075701e-24 2.253365e-23 
6.720000e-01 1.425775e-23 8.003535e-24 2.226129e-23 
6.740000e-01 1.405087e-23 7.932703e-24 2.198358e-23 
6.760000e-01 1.383929e-23 7.864949e-24 2.170424e-23 
6.780000e-01 1.362359e-23 7.798028e-24 2.142162e-23 
6.800000e-01 1.340408e-23 7.731323e-24 2.113540e-23 
6.820000e-01 1.317361e-23 7.665104e-24 2.083871e-23 
6.840000e-01 1.293640e-23 7.599718e-24 2.053612e-23 
6.860000e-01 1.268998e-23 7.535864e-24 2.022585e-23 
6.880000e-01 1.242930e-23 7.472141e-24 1.990144e-23 
6.900000e-01 1.215826e-23 7.407313e-24 1.956557e-23 
6.920000e-01 1.186473e-23 7.345390e-24 1.921012e-23 
6.940000e-01 1.154295e-23 7.282838e-24 1.882579e-23 
6.960000e-01 1.119665e-23 7.220924e-24 1.841757e-23 
6.980000e-01 1.078965e-23 7.158734e-24 1.794838e-23 
7.000000e-01 1.024550e-23 7.096736e-24 1.734223e-23 
7.020000e-01 9.627462e-24 7.035624e-24 1.666309e-23 
7.040000e-01 8.955720e-24 6.974585e-24 1.593030e-23 
7.060000e-01 8.564055e-24 6.920206e-24 1.548426e-23 
7.080000e-01 8.417935e-24 6.856022e-24 1.527396e-23 
7.100000e-01 8.810329e-24 6.796464e-24 1.560679e-23 
7.120000e-01 9.373194e-24 6.738291e-24 1.611149e-23 
7.140000e-01 1.012250e-23 6.680743e-24 1.680324e-23 
7.160000e-01 1.064724e-23 6.625027e-24 1.727226e-23 
7.180000e-01 1.107399e-23 6.568721e-24 1.764271e-23 
7.200000e-01 1.131260e-23 6.512653e-24 1.782525e-23 
7.220000e-01 1.148921e-23 6.457782e-24 1.794699e-23 
7.240000e-01 1.163355e-23 6.405777e-24 1.803933e-23 
7.260000e-01 1.173759e-23 6.352492e-24 1.809008e-23 
7.280000e-01 1.182473e-23 6.300575e-24 1.812530e-23 
7.300000e-01 1.189817e-23 6.247116e-24 1.814529e-23 
7.320000e-01 1.194608e-23 6.194891e-24 1.814097e-23 
7.340000e-01 1.198682e-23 6.141377e-24 1.812820e-23 
7.360000e-01 1.201629e-23 6.088686e-24 1.810497e-23 
7.380000e-01 1.203622e-23 6.035711e-24 1.807193e-23 
7.400000e-01 1.205105e-23 5.984263e-24 1.803531e-23 
7.420000e-01 1.205522e-23 5.934367e-24 1.798959e-23 
7.440000e-01 1.205329e-23 5.884140e-24 1.793743e-23 
7.460000e-01 1.204753e-23 5.834397e-24 1.788193e-23 
7.480000e-01 1.203794e-23 5.785991e-24 1.782393e-23 
7.500000e-01 1.202342e-23 5.738925e-24 1.776235e-23 
7.520000e-01 1.200446e-23 5.692321e-24 1.769679e-23 
7.540000e-01 1.198100e-23 5.644804e-24 1.762580e-23 
7.560000e-01 1.195626e-23 5.598333e-24 1.755460e-23 
7.580000e-01 1.192467e-23 5.553809e-24 1.747848e-23 
7.600000e-01 1.189430e-23 5.508752e-24 1.740305e-23 
7.620000e-01 1.185862e-23 5.464104e-24 1.732272e-23 
7.640000e-01 1.182231e-23 5.425804e-24 1.724812e-23 
7.660000e-01 1.178205e-23 5.377253e-24 1.715930e-23 
7.680000e-01 1.174068e-23 5.334791e-24 1.707547e-23 
7.700000e-01 1.169905e-23 5.292320e-24 1.699137e-23 
7.720000e-01 1.165383e-23 5.250434e-24 1.690427e-23 
7.740000e-01 1.160781e-23 5.208511e-24 1.681632e-23 
7.760000e-01 1.155950e-23 5.164923e-24 1.672442e-23 
7.780000e-01 1.151003e-23 5.122348e-24 1.663238e-23 
7.800000e-01 1.145882e-23 5.092203e-24 1.655102e-23 
7.820000e-01 1.140669e-23 5.037004e-24 1.644369e-23 
7.840000e-01 1.135259e-23 4.997222e-24 1.634981e-23 
7.860000e-01 1.129472e-23 4.956850e-24 1.625157e-23 
7.880000e-01 1.123848e-23 4.925768e-24 1.616424e-23 
7.900000e-01 1.118028e-23 4.877474e-24 1.605775e-23 
7.920000e-01 1.111914e-23 4.838565e-24 1.595770e-23 
7.940000e-01 1.105777e-23 4.800687e-24 1.585845e-23 
7.960000e-01 1.098754e-23 4.763321e-24 1.575086e-23 
7.980000e-01 1.092013e-23 4.724611e-24 1.564474e-23 
8.000000e-01 1.085514e-23 4.687796e-24 1.554294e-23 
8.020000e-01 1.079348e-23 4.652006e-24 1.544549e-23 
8.040000e-01 1.073487e-23 4.615739e-24 1.535061e-23 
8.060000e-01 1.067672e-23 4.579366e-24 1.525608e-23 
8.080000e-01 1.062009e-23 4.544236e-24 1.516433e-23 
8.100000e-01 1.056253e-23 4.508505e-24 1.507103e-23 
8.120000e-01 1.050636e-23 4.472012e-24 1.497837e-23 
8.140000e-01 1.045330e-23 4.435445e-24 1.488874e-23 
8.160000e-01 1.039944e-23 4.399457e-24 1.479890e-23 
8.180000e-01 1.034624e-23 4.362972e-24 1.470921e-23 
8.200000e-01 1.029288e-23 4.329428e-24 1.462231e-23 
8.220000e-01 1.024159e-23 4.297399e-24 1.453899e-23 
8.240000e-01 1.018850e-23 4.265075e-24 1.445358e-23 
8.260000e-01 1.013823e-23 4.234048e-24 1.437228e-23 
8.280000e-01 1.008701e-23 4.201773e-24 1.428878e-23 
8.300000e-01 1.003641e-23 4.170254e-24 1.420666e-23 
8.320000e-01 9.987099e-24 4.137586e-24 1.412468e-23 
8.340000e-01 9.938094e-24 4.105543e-24 1.404364e-23 
8.360000e-01 9.890503e-24 4.073522e-24 1.396403e-23 
8.380000e-01 9.812525e-24 4.041699e-24 1.385422e-23 
8.400000e-01 9.765748e-24 4.011035e-24 1.377678e-23 
8.420000e-01 9.720169e-24 3.980833e-24 1.370100e-23 
8.440000e-01 9.674467e-24 3.951261e-24 1.362573e-23 
8.460000e-01 9.629124e-24 3.920391e-24 1.354952e-23 
8.480000e-01 9.584656e-24 3.890093e-24 1.347475e-23 
8.500000e-01 9.541755e-24 3.861878e-24 1.340363e-23 
8.520000e-01 9.498954e-24 3.833242e-24 1.333220e-23 
8.540000e-01 9.456560e-24 3.804950e-24 1.326151e-23 
8.560000e-01 9.414140e-24 3.776078e-24 1.319022e-23 
8.580000e-01 9.372457e-24 3.748118e-24 1.312057e-23 
8.600000e-01 9.329067e-24 3.718936e-24 1.304800e-23 
8.620000e-01 9.286763e-24 3.689638e-24 1.297640e-23 
8.640000e-01 9.244093e-24 3.661175e-24 1.290527e-23 
8.660000e-01 9.199999e-24 3.632520e-24 1.283252e-23 
8.680000e-01 9.157700e-24 3.604077e-24 1.276178e-23 
8.700000e-01 9.114229e-24 3.576489e-24 1.269072e-23 
8.720000e-01 9.068196e-24 3.547299e-24 1.261550e-23 
8.740000e-01 9.022750e-24 3.520767e-24 1.254352e-23 
8.760000e-01 8.975751e-24 3.493217e-24 1.246897e-23 
8.780000e-01 8.927535e-24 3.465951e-24 1.239349e-23 
8.800000e-01 8.880469e-24 3.441350e-24 1.232182e-23 
8.820000e-01 8.831773e-24 3.417506e-24 1.224928e-23 
8.840000e-01 8.785148e-24 3.393743e-24 1.217889e-23 
8.860000e-01 8.738614e-24 3.369319e-24 1.210793e-23 
8.880000e-01 8.689718e-24 3.345157e-24 1.203487e-23 
8.900000e-01 8.641633e-24 3.320493e-24 1.196213e-23 
8.920000e-01 8.593629e-24 3.296326e-24 1.188995e-23 
8.940000e-01 8.545018e-24 3.271887e-24 1.181690e-23 
8.960000e-01 8.497780e-24 3.248055e-24 1.174583e-23 
8.980000e-01 8.451589e-24 3.223514e-24 1.167510e-23 
9.000000e-01 8.412417e-24 3.198784e-24 1.161120e-23 
9.020000e-01 8.355238e-24 3.174226e-24 1.152946e-23 
9.040000e-01 8.307783e-24 3.149756e-24 1.145754e-23 
9.060000e-01 8.260348e-24 3.124726e-24 1.138507e-23 
9.080000e-01 8.214210e-24 3.100192e-24 1.131440e-23 
9.100000e-01 8.166584e-24 3.078247e-24 1.124483e-23 
9.120000e-01 8.120982e-24 3.056756e-24 1.117774e-23 
9.140000e-01 8.072939e-24 3.034341e-24 1.110728e-23 
9.160000e-01 8.025295e-24 3.013211e-24 1.103851e-23 
9.180000e-01 7.979063e-24 2.992126e-24 1.097119e-23 
9.200000e-01 7.932802e-24 2.970143e-24 1.090295e-23 
9.220000e-01 7.886126e-24 2.947379e-24 1.083351e-23 
9.240000e-01 7.840863e-24 2.925631e-24 1.076649e-23 
9.260000e-01 7.795725e-24 2.903571e-24 1.069930e-23 
9.280000e-01 7.750195e-24 2.881497e-24 1.063169e-23 
9.300000e-01 7.704309e-24 2.860484e-24 1.056479e-23 
9.320000e-01 7.659440e-24 2.841352e-24 1.050079e-23 
9.340000e-01 7.613539e-24 2.822257e-24 1.043580e-23 
9.360000e-01 7.568284e-24 2.803349e-24 1.037163e-23 
9.380000e-01 7.523733e-24 2.784133e-24 1.030787e-23 
9.400000e-01 7.478756e-24 2.764843e-24 1.024360e-23 
9.420000e-01 7.434908e-24 2.745632e-24 1.018054e-23 
9.440000e-01 7.389933e-24 2.726302e-24 1.011624e-23 
9.460000e-01 7.345691e-24 2.707106e-24 1.005280e-23 
9.480000e-01 7.302606e-24 2.687685e-24 9.990291e-24 
9.500000e-01 7.258796e-24 2.668180e-24 9.926975e-24 
9.520000e-01 7.252829e-24 2.649378e-24 9.902207e-24 
9.540000e-01 7.209926e-24 2.631255e-24 9.841180e-24 
9.560000e-01 7.167481e-24 2.613143e-24 9.780623e-24 
9.580000e-01 7.124209e-24 2.594809e-24 9.719018e-24 
9.600000e-01 7.082141e-24 2.578085e-24 9.660226e-24 
9.620000e-01 7.040207e-24 2.558137e-24 9.598344e-24 
9.640000e-01 6.996468e-24 2.539887e-24 9.536355e-24 
9.660000e-01 6.954439e-24 2.520813e-24 9.475252e-24 
9.680000e-01 6.913038e-24 2.502197e-24 9.415234e-24 
9.700000e-01 6.872016e-24 2.481904e-24 9.353920e-24 
9.720000e-01 6.831359e-24 2.464825e-24 9.296184e-24 
9.740000e-01 6.790950e-24 2.447401e-24 9.238351e-24 
9.760000e-01 6.750946e-24 2.431168e-24 9.182113e-24 
9.780000e-01 6.710802e-24 2.414360e-24 9.125162e-24 
9.800000e-01 6.670690e-24 2.396846e-24 9.067536e-24 
9.820000e-01 6.630429e-24 2.382150e-24 9.012579e-24 
9.840000e-01 6.590005e-24 2.371954e-24 8.961959e-24 
9.860000e-01 6.551310e-24 2.349129e-24 8.900439e-24 
9.880000e-01 6.513002e-24 2.332272e-24 8.845274e-24 
9.900000e-01 6.473316e-24 2.315784e-24 8.789100e-24 
9.920000e-01 6.434336e-24 2.298952e-24 8.733288e-24 
9.940000e-01 6.396580e-24 2.282473e-24 8.679054e-24 
9.960000e-01 6.357838e-24 2.266542e-24 8.624380e-24 
9.980000e-01 6.320531e-24 2.254470e-24 8.575001e-24 
1.000000e+00 6.281828e-24 2.242230e-24 8.524058e-24 
1.002000e+00 6.244527e-24 2.227806e-24 8.472333e-24 
1.004000e+00 6.208121e-24 2.213773e-24 8.421894e-24 
1.006000e+00 6.170764e-24 2.201401e-24 8.372165e-24 
1.008000e+00 6.134864e-24 2.185397e-24 8.320261e-24 
1.010000e+00 6.098678e-24 2.171929e-24 8.270606e-24 
1.012000e+00 6.061544e-24 2.157612e-24 8.219157e-24 
1.014000e+00 6.025528e-24 2.143327e-24 8.168856e-24 
1.016000e+00 5.989484e-24 2.130042e-24 8.119526e-24 
1.018000e+00 5.954370e-24 2.115169e-24 8.069539e-24 
1.020000e+00 5.918449e-24 2.101489e-24 8.019938e-24 
1.022000e+00 5.883347e-24 2.087790e-24 7.971137e-24 
1.024000e+00 5.848203e-24 2.073839e-24 7.922042e-24 
1.026000e+00 5.814128e-24 2.060962e-24 7.875089e-24 
1.028000e+00 5.780092e-24 2.048353e-24 7.828445e-24 
1.030000e+00 5.744226e-24 2.035947e-24 7.780173e-24 
1.032000e+00 5.710280e-24 2.022784e-24 7.733064e-24 
1.034000e+00 5.676062e-24 2.009715e-24 7.685777e-24 
1.036000e+00 5.643110e-24 1.997039e-24 7.640149e-24 
1.038000e+00 5.608284e-24 1.984131e-24 7.592415e-24 
1.040000e+00 5.575126e-24 1.971737e-24 7.546863e-24 
1.042000e+00 5.542547e-24 1.959075e-24 7.501622e-24 
1.044000e+00 5.509430e-24 1.946678e-24 7.456107e-24 
1.046000e+00 5.476729e-24 1.934400e-24 7.411129e-24 
1.048000e+00 5.445236e-24 1.922021e-24 7.367256e-24 
1.050000e+00 5.412267e-24 1.910186e-24 7.322453e-24 
1.052000e+00 5.380189e-24 1.898360e-24 7.278549e-24 
1.054000e+00 5.348029e-24 1.886709e-24 7.234737e-24 
1.056000e+00 5.316665e-24 1.875294e-24 7.191959e-24 
1.058000e+00 5.284767e-24 1.863703e-24 7.148470e-24 
1.060000e+00 5.255005e-24 1.851819e-24 7.106824e-24 
1.062000e+00 5.222323e-24 1.840485e-24 7.062808e-24 
1.064000e+00 5.192444e-24 1.828739e-24 7.021184e-24 
1.066000e+00 5.161143e-24 1.817791e-24 6.978934e-24 
1.068000e+00 5.130041e-24 1.806157e-24 6.936197e-24 
1.070000e+00 5.098793e-24 1.794784e-24 6.893577e-24 
1.072000e+00 5.069666e-24 1.783791e-24 6.853458e-24 
1.074000e+00 5.038643e-24 1.772871e-24 6.811514e-24 
1.076000e+00 5.009052e-24 1.762203e-24 6.771255e-24 
1.078000e+00 4.979382e-24 1.751812e-24 6.731194e-24 
1.080000e+00 4.950114e-24 1.741073e-24 6.691187e-24 
1.082000e+00 4.920772e-24 1.730546e-24 6.651318e-24 
1.084000e+00 4.890446e-24 1.719929e-24 6.610375e-24 
1.086000e+00 4.862859e-24 1.709247e-24 6.572106e-24 
1.088000e+00 4.833321e-24 1.699462e-24 6.532783e-24 
1.090000e+00 4.805159e-24 1.688681e-24 6.493840e-24 
1.092000e+00 4.777751e-24 1.678073e-24 6.455825e-24 
1.094000e+00 4.748148e-24 1.668167e-24 6.416315e-24 
1.096000e+00 4.720396e-24 1.657520e-24 6.377916e-24 
1.098000e+00 4.692397e-24 1.647562e-24 6.339959e-24 
1.100000e+00 4.664931e-24 1.638569e-24 6.303499e-24 
1.102000e+00 4.637972e-24 1.628698e-24 6.266670e-24 
1.104000e+00 4.610136e-24 1.618390e-24 6.228525e-24 
1.106000e+00 4.585409e-24 1.609112e-24 6.194521e-24 
1.108000e+00 4.556347e-24 1.599834e-24 6.156181e-24 
1.110000e+00 4.529225e-24 1.590057e-24 6.119281e-24 
1.112000e+00 4.502596e-24 1.580180e-24 6.082776e-24 
1.114000e+00 4.475932e-24 1.570656e-24 6.046588e-24 
1.116000e+00 4.449606e-24 1.561170e-24 6.010776e-24 
1.118000e+00 4.423115e-24 1.551840e-24 5.974954e-24 
1.120000e+00 4.396540e-24 1.542654e-24 5.939194e-24 
1.122000e+00 4.371126e-24 1.533099e-24 5.904225e-24 
1.124000e+00 4.345120e-24 1.524330e-24 5.869451e-24 
1.126000e+00 4.320119e-24 1.515505e-24 5.835624e-24 
1.128000e+00 4.294214e-24 1.506768e-24 5.800982e-24 
1.130000e+00 4.268507e-24 1.498204e-24 5.766711e-24 
1.132000e+00 4.243953e-24 1.489522e-24 5.733476e-24 
1.134000e+00 4.219126e-24 1.480985e-24 5.700111e-24 
1.136000e+00 4.195034e-24 1.472198e-24 5.667232e-24 
1.138000e+00 4.171079e-24 1.463926e-24 5.635004e-24 
1.140000e+00 4.146163e-24 1.455466e-24 5.601628e-24 
1.142000e+00 4.121549e-24 1.446439e-24 5.567988e-24 
1.144000e+00 4.097146e-24 1.438136e-24 5.535281e-24 
1.146000e+00 4.072764e-24 1.429878e-24 5.502642e-24 
1.148000e+00 4.049288e-24 1.421414e-24 5.470702e-24 
1.150000e+00 4.025492e-24 1.413148e-24 5.438641e-24 
1.152000e+00 4.002208e-24 1.405251e-24 5.407459e-24 
1.154000e+00 3.978674e-24 1.397356e-24 5.376030e-24 
1.156000e+00 3.955994e-24 1.389822e-24 5.345816e-24 
1.158000e+00 3.931870e-24 1.381184e-24 5.313054e-24 
1.160000e+00 3.909091e-24 1.373148e-24 5.282239e-24 
1.162000e+00 3.885776e-24 1.365606e-24 5.251382e-24 
1.164000e+00 3.863005e-24 1.357734e-24 5.220739e-24 
1.166000e+00 3.840277e-24 1.350023e-24 5.190299e-24 
1.168000e+00 3.817769e-24 1.342236e-24 5.160004e-24 
1.170000e+00 3.794861e-24 1.334387e-24 5.129248e-24 
1.172000e+00 3.772821e-24 1.326801e-24 5.099622e-24 
1.174000e+00 3.751726e-24 1.319082e-24 5.070809e-24 
1.176000e+00 3.730037e-24 1.311403e-24 5.041441e-24 
1.178000e+00 3.707320e-24 1.304114e-24 5.011434e-24 
1.180000e+00 3.686278e-24 1.297545e-24 4.983822e-24 
1.182000e+00 3.663924e-24 1.290558e-24 4.954482e-24 
1.184000e+00 3.641658e-24 1.282729e-24 4.924387e-24 
1.186000e+00 3.620734e-24 1.274519e-24 4.895253e-24 
1.188000e+00 3.599763e-24 1.268087e-24 4.867850e-24 
1.190000e+00 3.578058e-24 1.261349e-24 4.839408e-24 
1.192000e+00 3.556955e-24 1.253991e-24 4.810946e-24 
1.194000e+00 3.536225e-24 1.247371e-24 4.783595e-24 
1.196000e+00 3.514992e-24 1.240175e-24 4.755168e-24 
1.198000e+00 3.494800e-24 1.233204e-24 4.728005e-24 
1.200000e+00 3.473981e-24 1.225639e-24 4.699620e-24 
1.202000e+00 3.453496e-24 1.219103e-24 4.672599e-24 
1.204000e+00 3.432624e-24 1.212411e-24 4.645035e-24 
1.206000e+00 3.412437e-24 1.206158e-24 4.618595e-24 
1.208000e+00 3.392099e-24 1.199394e-24 4.591493e-24 
1.210000e+00 3.371918e-24 1.193105e-24 4.565023e-24 
1.212000e+00 3.351840e-24 1.186459e-24 4.538299e-24 
1.214000e+00 3.332105e-24 1.179759e-24 4.511864e-24 
1.216000e+00 3.312176e-24 1.173700e-24 4.485876e-24 
1.218000e+00 3.292518e-24 1.167083e-24 4.459601e-24 
1.220000e+00 3.273031e-24 1.160792e-24 4.433823e-24 
1.222000e+00 3.253312e-24 1.154330e-24 4.407642e-24 
1.224000e+00 3.233225e-24 1.148128e-24 4.381352e-24 
1.226000e+00 3.213383e-24 1.141916e-24 4.355299e-24 
1.228000e+00 3.194169e-24 1.135459e-24 4.329628e-24 
1.230000e+00 3.174854e-24 1.128811e-24 4.303664e-24 
1.232000e+00 3.156274e-24 1.123123e-24 4.279397e-24 
1.234000e+00 3.137283e-24 1.117203e-24 4.254487e-24 
1.236000e+00 3.117025e-24 1.111322e-24 4.228347e-24 
1.238000e+00 3.098444e-24 1.105100e-24 4.203545e-24 
1.240000e+00 3.078511e-24 1.099327e-24 4.177838e-24 
1.242000e+00 3.060173e-24 1.093579e-24 4.153751e-24 
1.244000e+00 3.040779e-24 1.087622e-24 4.128401e-24 
1.246000e+00 2.944945e-24 1.081760e-24 4.026705e-24 
1.248000e+00 2.925660e-24 1.076162e-24 4.001822e-24 
1.250000e+00 2.906440e-24 1.070415e-24 3.976855e-24 
1.252000e+00 2.888037e-24 1.064402e-24 3.952439e-24 
1.254000e+00 2.869083e-24 1.058913e-24 3.927997e-24 
1.256000e+00 2.849214e-24 1.052967e-24 3.902181e-24 
1.258000e+00 2.830194e-24 1.047293e-24 3.877488e-24 
1.260000e+00 2.811202e-24 1.041483e-24 3.852685e-24 
1.262000e+00 2.791868e-24 1.036133e-24 3.828001e-24 
1.264000e+00 2.772899e-24 1.031114e-24 3.804013e-24 
1.266000e+00 2.752984e-24 1.025542e-24 3.778526e-24 
1.268000e+00 2.732988e-24 1.020445e-24 3.753432e-24 
1.270000e+00 2.713396e-24 1.014938e-24 3.728334e-24 
1.272000e+00 2.692760e-24 1.009880e-24 3.702640e-24 
1.274000e+00 2.672684e-24 1.004477e-24 3.677161e-24 
1.276000e+00 2.653140e-24 9.991459e-25 3.652285e-24 
1.278000e+00 2.631172e-24 9.938393e-25 3.625012e-24 
1.280000e+00 2.609815e-24 9.920627e-25 3.601878e-24 
1.282000e+00 2.588265e-24 9.833634e-25 3.571629e-24 
1.284000e+00 2.564867e-24 9.781472e-25 3.543014e-24 
1.286000e+00 2.540551e-24 9.727186e-25 3.513270e-24 
1.288000e+00 2.513853e-24 9.675850e-25 3.481438e-24 
1.290000e+00 2.479929e-24 9.624700e-25 3.442399e-24 
1.292000e+00 2.447224e-24 9.579099e-25 3.405133e-24 
1.294000e+00 2.416570e-24 9.519710e-25 3.368541e-24 
1.296000e+00 2.387599e-24 9.477445e-25 3.335343e-24 
1.298000e+00 2.359355e-24 9.429194e-25 3.302274e-24 
1.300000e+00 2.342373e-24 9.379071e-25 3.280280e-24 
1.302000e+00 2.330545e-24 9.330512e-25 3.263597e-24 
1.304000e+00 2.318972e-24 9.285611e-25 3.247533e-24 
1.306000e+00 2.321125e-24 9.235179e-25 3.244643e-24 
1.308000e+00 2.325278e-24 9.189111e-25 3.244189e-24 
1.310000e+00 2.330582e-24 9.142415e-25 3.244824e-24 
1.312000e+00 2.339228e-24 9.093096e-25 3.248538e-24 
1.314000e+00 2.347491e-24 9.048608e-25 3.252351e-24 
1.316000e+00 2.355962e-24 9.001975e-25 3.256160e-24 
1.318000e+00 2.356323e-24 8.951965e-25 3.251520e-24 
1.320000e+00 2.357111e-24 8.907500e-25 3.247861e-24 
1.322000e+00 2.356991e-24 8.864641e-25 3.243456e-24 
1.324000e+00 2.352609e-24 8.820600e-25 3.234669e-24 
1.326000e+00 2.349012e-24 8.776615e-25 3.226674e-24 
1.328000e+00 2.344616e-24 8.731232e-25 3.217739e-24 
1.330000e+00 2.338435e-24 8.691371e-25 3.207572e-24 
1.332000e+00 2.332604e-24 8.643658e-25 3.196970e-24 
1.334000e+00 2.326665e-24 8.601013e-25 3.186766e-24 
1.336000e+00 2.319194e-24 8.558320e-25 3.175026e-24 
1.338000e+00 2.312153e-24 8.514700e-25 3.163623e-24 
1.340000e+00 2.304210e-24 8.474229e-25 3.151633e-24 
1.342000e+00 2.296068e-24 8.430835e-25 3.139151e-24 
1.344000e+00 2.288621e-24 8.387233e-25 3.127345e-24 
1.346000e+00 2.280983e-24 8.345482e-25 3.115531e-24 
1.348000e+00 2.271857e-24 8.302550e-25 3.102112e-24 
1.350000e+00 2.263877e-24 8.262491e-25 3.090126e-24 
1.352000e+00 2.255747e-24 8.219625e-25 3.077710e-24 
1.354000e+00 2.247287e-24 8.183525e-25 3.065639e-24 
1.356000e+00 2.238511e-24 8.142059e-25 3.052717e-24 
1.358000e+00 2.230591e-24 8.107735e-25 3.041365e-24 
1.360000e+00 2.221983e-24 8.060210e-25 3.028004e-24 
1.362000e+00 2.213353e-24 8.036400e-25 3.016993e-24 
1.364000e+00 2.204444e-24 7.983162e-25 3.002760e-24 
1.366000e+00 2.195510e-24 7.942587e-25 2.989769e-24 
1.368000e+00 2.185949e-24 7.903537e-25 2.976303e-24 
1.370000e+00 2.177411e-24 7.862998e-25 2.963711e-24 
1.372000e+00 2.167804e-24 7.826249e-25 2.950429e-24 
1.374000e+00 2.159877e-24 7.786601e-25 2.938537e-24 
1.376000e+00 2.150353e-24 7.747762e-25 2.925129e-24 
1.378000e+00 2.141749e-24 7.707916e-25 2.912541e-24 
1.380000e+00 2.133107e-24 7.671749e-25 2.900281e-24 
1.382000e+00 2.124443e-24 7.635145e-25 2.887958e-24 
1.384000e+00 2.115024e-24 7.599216e-25 2.874945e-24 
1.386000e+00 2.105545e-24 7.560261e-25 2.861571e-24 
1.388000e+00 2.096763e-24 7.525864e-25 2.849349e-24 
1.390000e+00 2.084571e-24 7.493108e-25 2.833882e-24 
1.392000e+00 2.078767e-24 7.454528e-25 2.824220e-24 
1.394000e+00 2.069729e-24 7.416971e-25 2.811426e-24 
1.396000e+00 2.060913e-24 7.382388e-25 2.799151e-24 
1.398000e+00 2.052468e-24 7.344327e-25 2.786901e-24 
1.400000e+00 2.042987e-24 7.310904e-25 2.774077e-24 
1.402000e+00 2.034140e-24 7.277985e-25 2.761938e-24 
1.404000e+00 2.025700e-24 7.243232e-25 2.750023e-24 
1.406000e+00 2.016345e-24 7.204278e-25 2.736773e-24 
1.408000e+00 2.007388e-24 7.168887e-25 2.724277e-24 
1.410000e+00 1.999089e-24 7.132982e-25 2.712387e-24 
1.412000e+00 1.989814e-24 7.099890e-25 2.699803e-24 
1.414000e+00 1.981808e-24 7.069695e-25 2.688777e-24 
1.416000e+00 1.972373e-24 7.035769e-25 2.675950e-24 
1.418000e+00 1.964080e-24 7.002580e-25 2.664338e-24 
1.420000e+00 1.955144e-24 6.967951e-25 2.651939e-24 
1.422000e+00 1.946717e-24 6.935993e-25 2.640316e-24 
1.424000e+00 1.938486e-24 6.906977e-25 2.629183e-24 
1.426000e+00 1.929423e-24 6.871719e-25 2.616595e-24 
1.428000e+00 1.919985e-24 6.841293e-25 2.604115e-24 
1.430000e+00 1.911460e-24 6.809562e-25 2.592416e-24 
1.432000e+00 1.903226e-24 6.775056e-25 2.580732e-24 
1.434000e+00 1.895081e-24 6.743853e-25 2.569466e-24 
1.436000e+00 1.886806e-24 6.714025e-25 2.558209e-24 
1.438000e+00 1.878487e-24 6.682521e-25 2.546739e-24 
1.440000e+00 1.870359e-24 6.649187e-25 2.535278e-24 
1.442000e+00 1.861944e-24 6.618321e-25 2.523776e-24 
1.444000e+00 1.853043e-24 6.588167e-25 2.511860e-24 
1.446000e+00 1.844596e-24 6.556438e-25 2.500240e-24 
1.448000e+00 1.836984e-24 6.526562e-25 2.489640e-24 
1.450000e+00 1.828324e-24 6.498806e-25 2.478205e-24 
1.452000e+00 1.819575e-24 6.467444e-25 2.466320e-24 
1.454000e+00 1.811385e-24 6.436854e-25 2.455070e-24 
1.456000e+00 1.803498e-24 6.409149e-25 2.444412e-24 
1.458000e+00 1.795366e-24 6.380599e-25 2.433425e-24 
1.460000e+00 1.787200e-24 6.354391e-25 2.422639e-24 
1.462000e+00 1.779214e-24 6.322438e-25 2.411457e-24 
1.464000e+00 1.771168e-24 6.292038e-25 2.400372e-24 
1.466000e+00 1.763211e-24 6.264689e-25 2.389680e-24 
1.468000e+00 1.755601e-24 6.235955e-25 2.379197e-24 
1.470000e+00 1.747649e-24 6.208125e-25 2.368461e-24 
1.472000e+00 1.739594e-24 6.178005e-25 2.357395e-24 
1.474000e+00 1.732361e-24 6.150834e-25 2.347444e-24 
1.476000e+00 1.724085e-24 6.120183e-25 2.336103e-24 
1.478000e+00 1.716391e-24 6.094052e-25 2.325797e-24 
1.480000e+00 1.710055e-24 6.067652e-25 2.316820e-24 
1.482000e+00 1.701929e-24 6.037457e-25 2.305675e-24 
1.484000e+00 1.693868e-24 6.011856e-25 2.295053e-24 
1.486000e+00 1.685656e-24 5.983979e-25 2.284054e-24 
1.488000e+00 1.677850e-24 5.958839e-25 2.273734e-24 
1.490000e+00 1.670956e-24 5.934728e-25 2.264429e-24 
1.492000e+00 1.663206e-24 5.906397e-25 2.253846e-24 
1.494000e+00 1.655457e-24 5.881322e-25 2.243589e-24 
1.496000e+00 1.647834e-24 5.855388e-25 2.233373e-24 
1.498000e+00 1.640717e-24 5.829472e-25 2.223664e-24 
1.500000e+00 1.633261e-24 5.801948e-25 2.213456e-24 
1.502000e+00 1.625448e-24 5.741750e-25 2.199623e-24 
1.504000e+00 1.618208e-24 5.748655e-25 2.193074e-24 
1.506000e+00 1.611062e-24 5.721941e-25 2.183256e-24 
1.508000e+00 1.604075e-24 5.696266e-25 2.173702e-24 
1.510000e+00 1.596447e-24 5.669729e-25 2.163419e-24 
1.512000e+00 1.589127e-24 5.645391e-25 2.153666e-24 
1.514000e+00 1.582093e-24 5.621346e-25 2.144228e-24 
1.516000e+00 1.575247e-24 5.598042e-25 2.135051e-24 
1.518000e+00 1.568077e-24 5.571788e-25 2.125256e-24 
1.520000e+00 1.561012e-24 5.548709e-25 2.115883e-24 
1.522000e+00 1.553770e-24 5.525446e-25 2.106315e-24 
1.524000e+00 1.546370e-24 5.496977e-25 2.096068e-24 
1.526000e+00 1.539365e-24 5.476088e-25 2.086974e-24 
1.528000e+00 1.532393e-24 5.451483e-25 2.077542e-24 
1.530000e+00 1.513763e-24 5.430346e-25 2.056797e-24 
1.532000e+00 1.519191e-24 5.404609e-25 2.059652e-24 
1.534000e+00 1.512177e-24 5.380669e-25 2.050244e-24 
1.536000e+00 1.505884e-24 5.361252e-25 2.042009e-24 
1.538000e+00 1.498806e-24 5.335603e-25 2.032366e-24 
1.540000e+00 1.491877e-24 5.307538e-25 2.022630e-24 
1.542000e+00 1.485191e-24 5.286974e-25 2.013888e-24 
1.544000e+00 1.478586e-24 5.263862e-25 2.004972e-24 
1.546000e+00 1.471642e-24 5.239953e-25 1.995637e-24 
1.548000e+00 1.465476e-24 5.219381e-25 1.987414e-24 
1.550000e+00 1.458560e-24 5.194325e-25 1.977992e-24 
1.552000e+00 1.452230e-24 5.169891e-25 1.969220e-24 
1.554000e+00 1.445478e-24 5.149562e-25 1.960435e-24 
1.556000e+00 1.439045e-24 5.127568e-25 1.951802e-24 
1.558000e+00 1.432633e-24 5.107988e-25 1.943432e-24 
1.560000e+00 1.425796e-24 5.084946e-25 1.934291e-24 
1.562000e+00 1.419838e-24 5.065917e-25 1.926429e-24 
1.564000e+00 1.412787e-24 5.042532e-25 1.917040e-24 
1.566000e+00 1.406533e-24 5.020379e-25 1.908571e-24 
1.568000e+00 1.387132e-24 5.000340e-25 1.887166e-24 
1.570000e+00 1.394446e-24 4.971180e-25 1.891564e-24 
1.572000e+00 1.388432e-24 4.956122e-25 1.884044e-24 
1.574000e+00 1.382229e-24 4.935855e-25 1.875814e-24 
1.576000e+00 1.376015e-24 4.914040e-25 1.867419e-24 
1.578000e+00 1.368861e-24 4.895288e-25 1.858390e-24 
1.580000e+00 1.362984e-24 4.872735e-25 1.850257e-24 
1.582000e+00 1.356791e-24 4.850157e-25 1.841807e-24 
1.584000e+00 1.351011e-24 4.829836e-25 1.833995e-24 
1.586000e+00 1.344714e-24 4.806696e-25 1.825383e-24 
1.588000e+00 1.338437e-24 4.788281e-25 1.817265e-24 
1.590000e+00 1.332832e-24 4.769139e-25 1.809746e-24 
1.592000e+00 1.326665e-24 4.749794e-25 1.801644e-24 
1.594000e+00 1.321008e-24 4.729604e-25 1.793968e-24 
1.596000e+00 1.315223e-24 4.709750e-25 1.786198e-24 
1.598000e+00 1.309479e-24 4.692397e-25 1.778719e-24 
1.600000e+00 1.303401e-24 4.673263e-25 1.770727e-24 
1.602000e+00 1.297441e-24 4.653785e-25 1.762819e-24 
1.604000e+00 1.291651e-24 4.631634e-25 1.754815e-24 
1.606000e+00 1.286160e-24 4.613818e-25 1.747542e-24 
1.608000e+00 1.280357e-24 4.591273e-25 1.739484e-24 
1.610000e+00 1.274830e-24 4.575035e-25 1.732333e-24 
1.612000e+00 1.268926e-24 4.553450e-25 1.724271e-24 
1.614000e+00 1.263187e-24 4.535593e-25 1.716746e-24 
1.616000e+00 1.257210e-24 4.515700e-25 1.708780e-24 
1.618000e+00 1.251264e-24 4.496426e-25 1.700907e-24 
1.620000e+00 1.244427e-24 4.478245e-25 1.692252e-24 
1.622000e+00 1.239088e-24 4.458843e-25 1.684972e-24 
1.624000e+00 1.233154e-24 4.442408e-25 1.677395e-24 
1.626000e+00 1.228085e-24 4.425708e-25 1.670656e-24 
1.628000e+00 1.222463e-24 4.406994e-25 1.663163e-24 
1.630000e+00 1.217150e-24 4.389101e-25 1.656060e-24 
1.632000e+00 1.211914e-24 4.371289e-25 1.649043e-24 
1.634000e+00 1.206854e-24 4.353724e-25 1.642226e-24 
1.636000e+00 1.200864e-24 4.336529e-25 1.634517e-24 
1.638000e+00 1.195658e-24 4.320308e-25 1.627689e-24 
1.640000e+00 1.190421e-24 4.303208e-25 1.620741e-24 
1.642000e+00 1.185363e-24 4.285366e-25 1.613900e-24 
1.644000e+00 1.180131e-24 4.267011e-25 1.606832e-24 
1.646000e+00 1.174849e-24 4.249609e-25 1.599810e-24 
1.648000e+00 1.169797e-24 4.232448e-25 1.593041e-24 
1.650000e+00 1.164318e-24 4.214087e-25 1.585727e-24 
1.652000e+00 1.158678e-24 4.197227e-25 1.578400e-24 
1.654000e+00 1.153634e-24 4.185791e-25 1.572213e-24 
1.656000e+00 1.148421e-24 4.162570e-25 1.564678e-24 
1.658000e+00 1.143146e-24 4.146629e-25 1.557809e-24 
1.660000e+00 1.138490e-24 4.130504e-25 1.551540e-24 
1.662000e+00 1.133402e-24 4.113543e-25 1.544756e-24 
1.664000e+00 1.128326e-24 4.096289e-25 1.537955e-24 
1.666000e+00 1.123124e-24 4.080734e-25 1.531198e-24 
1.668000e+00 1.118052e-24 4.066164e-25 1.524668e-24 
1.670000e+00 1.113540e-24 4.048255e-25 1.518366e-24 
1.672000e+00 1.108349e-24 4.032945e-25 1.511644e-24 
1.674000e+00 1.103319e-24 4.019327e-25 1.505252e-24 
1.676000e+00 1.098739e-24 4.004531e-25 1.499192e-24 
1.678000e+00 1.093879e-24 3.984690e-25 1.492348e-24 
1.680000e+00 1.088738e-24 3.969995e-25 1.485737e-24 
1.682000e+00 1.084108e-24 3.954172e-25 1.479525e-24 
1.684000e+00 1.079006e-24 3.938825e-25 1.472889e-24 
1.686000e+00 1.074666e-24 3.922916e-25 1.466957e-24 
1.688000e+00 1.069518e-24 3.908011e-25 1.460319e-24 
1.690000e+00 1.064948e-24 3.891897e-25 1.454138e-24 
1.692000e+00 1.059923e-24 3.863542e-25 1.446277e-24 
1.694000e+00 1.055474e-24 3.859662e-25 1.441440e-24 
1.696000e+00 1.050964e-24 3.845362e-25 1.435500e-24 
1.698000e+00 1.046178e-24 3.829978e-25 1.429176e-24 
1.700000e+00 1.041545e-24 3.813289e-25 1.422874e-24 
1.702000e+00 1.036600e-24 3.798086e-25 1.416409e-24 
1.704000e+00 1.032150e-24 3.786652e-25 1.410815e-24 
1.706000e+00 1.027716e-24 3.768254e-25 1.404541e-24 
1.708000e+00 1.023568e-24 3.752949e-25 1.398863e-24 
1.710000e+00 1.018314e-24 3.741665e-25 1.392480e-24 
1.712000e+00 1.013850e-24 3.726330e-25 1.386483e-24 
1.714000e+00 1.008912e-24 3.708356e-25 1.379748e-24 
1.716000e+00 1.004366e-24 3.696959e-25 1.374062e-24 
1.718000e+00 1.000277e-24 3.681248e-25 1.368401e-24 
1.720000e+00 9.958875e-25 3.667300e-25 1.362617e-24 
1.722000e+00 9.909882e-25 3.652174e-25 1.356206e-24 
1.724000e+00 9.865075e-25 3.637007e-25 1.350208e-24 
1.726000e+00 9.822715e-25 3.624359e-25 1.344707e-24 
1.728000e+00 9.780043e-25 3.608745e-25 1.338879e-24 
1.730000e+00 9.735500e-25 3.597306e-25 1.333281e-24 
1.732000e+00 9.696517e-25 3.581958e-25 1.327847e-24 
1.734000e+00 9.650337e-25 3.567020e-25 1.321736e-24 
1.736000e+00 9.608429e-25 3.552587e-25 1.316102e-24 
1.738000e+00 9.567120e-25 3.536758e-25 1.310388e-24 
1.740000e+00 9.522585e-25 3.502451e-25 1.302504e-24 
1.742000e+00 9.473234e-25 3.512737e-25 1.298597e-24 
1.744000e+00 9.429205e-25 3.500375e-25 1.292958e-24 
1.746000e+00 9.386657e-25 3.486537e-25 1.287319e-24 
1.748000e+00 9.342305e-25 3.470941e-25 1.281325e-24 
1.750000e+00 9.302017e-25 3.458455e-25 1.276047e-24 
1.752000e+00 9.257264e-25 3.445284e-25 1.270255e-24 
1.754000e+00 9.214851e-25 3.431518e-25 1.264637e-24 
1.756000e+00 9.175129e-25 3.416734e-25 1.259186e-24 
1.758000e+00 9.129445e-25 3.403700e-25 1.253314e-24 
1.760000e+00 9.087282e-25 3.394688e-25 1.248197e-24 
1.762000e+00 9.046429e-25 3.382316e-25 1.242875e-24 
1.764000e+00 9.005258e-25 3.368411e-25 1.237367e-24 
1.766000e+00 8.964007e-25 3.355299e-25 1.231931e-24 
1.768000e+00 8.919445e-25 3.340711e-25 1.226016e-24 
1.770000e+00 8.876813e-25 3.329941e-25 1.220675e-24 
1.772000e+00 8.836600e-25 3.316818e-25 1.215342e-24 
1.774000e+00 8.794547e-25 3.304576e-25 1.209912e-24 
1.776000e+00 8.748747e-25 3.289135e-25 1.203788e-24 
1.778000e+00 8.664426e-25 3.278698e-25 1.194312e-24 
1.780000e+00 8.664665e-25 3.266748e-25 1.193141e-24 
1.782000e+00 8.623295e-25 3.259619e-25 1.188291e-24 
1.784000e+00 8.578418e-25 3.244919e-25 1.182334e-24 
1.786000e+00 8.535723e-25 3.230537e-25 1.176626e-24 
1.788000e+00 8.512116e-25 3.218991e-25 1.173111e-24 
1.790000e+00 8.448762e-25 3.206682e-25 1.165544e-24 
1.792000e+00 8.409141e-25 3.199028e-25 1.160817e-24 
1.794000e+00 8.361743e-25 3.184040e-25 1.154578e-24 
1.796000e+00 8.322587e-25 3.170911e-25 1.149350e-24 
1.798000e+00 8.281574e-25 3.158960e-25 1.144053e-24 
1.800000e+00 8.236651e-25 3.151146e-25 1.138780e-24 
1.802000e+00 8.191485e-25 3.136215e-25 1.132770e-24 
1.804000e+00 8.149012e-25 3.123523e-25 1.127254e-24 
1.806000e+00 8.101470e-25 3.116409e-25 1.121788e-24 
1.808000e+00 8.050036e-25 3.105207e-25 1.115524e-24 
1.810000e+00 8.006642e-25 3.089831e-25 1.109647e-24 
1.812000e+00 7.955831e-25 3.080938e-25 1.103677e-24 
1.814000e+00 7.911458e-25 3.067456e-25 1.097891e-24 
1.816000e+00 7.854294e-25 3.055218e-25 1.090951e-24 
1.818000e+00 7.798975e-25 3.046247e-25 1.084522e-24 
1.820000e+00 7.745036e-25 3.033707e-25 1.077874e-24 
1.822000e+00 7.687322e-25 3.025222e-25 1.071254e-24 
1.824000e+00 7.620095e-25 3.011047e-25 1.063114e-24 
1.826000e+00 7.549925e-25 3.001762e-25 1.055169e-24 
1.828000e+00 7.484134e-25 2.990728e-25 1.047486e-24 
1.830000e+00 7.419229e-25 2.979497e-25 1.039873e-24 
1.832000e+00 7.361584e-25 2.970362e-25 1.033195e-24 
1.834000e+00 7.311996e-25 2.958469e-25 1.027046e-24 
1.836000e+00 7.253924e-25 2.948032e-25 1.020196e-24 
1.838000e+00 7.207976e-25 2.934804e-25 1.014278e-24 
1.840000e+00 7.182503e-25 2.927123e-25 1.010963e-24 
1.842000e+00 7.164181e-25 2.915736e-25 1.007992e-24 
1.844000e+00 7.144976e-25 2.903437e-25 1.004841e-24 
1.846000e+00 7.124106e-25 2.893711e-25 1.001782e-24 
1.848000e+00 7.137971e-25 2.883959e-25 1.002193e-24 
1.850000e+00 7.149913e-25 2.873417e-25 1.002333e-24 
1.852000e+00 7.166830e-25 2.861506e-25 1.002834e-24 
1.854000e+00 7.178526e-25 2.852217e-25 1.003074e-24 
1.856000e+00 7.194968e-25 2.840228e-25 1.003520e-24 
1.858000e+00 7.207028e-25 2.831478e-25 1.003851e-24 
1.860000e+00 7.219994e-25 2.817876e-25 1.003787e-24 
1.862000e+00 7.235400e-25 2.809583e-25 1.004498e-24 
1.864000e+00 7.228517e-25 2.799373e-25 1.002789e-24 
1.866000e+00 7.221508e-25 2.787998e-25 1.000951e-24 
1.868000e+00 7.213975e-25 2.780999e-25 9.994975e-25 
1.870000e+00 7.181112e-25 2.770426e-25 9.951539e-25 
1.872000e+00 7.194717e-25 2.760475e-25 9.955191e-25 
1.874000e+00 7.177193e-25 2.750328e-25 9.927522e-25 
1.876000e+00 7.165323e-25 2.741416e-25 9.906738e-25 
1.878000e+00 7.153276e-25 2.732550e-25 9.885826e-25 
1.880000e+00 7.136839e-25 2.725489e-25 9.862329e-25 
1.882000e+00 7.124158e-25 2.714386e-25 9.838544e-25 
1.884000e+00 7.108973e-25 2.705667e-25 9.814640e-25 
1.886000e+00 7.092041e-25 2.694840e-25 9.786881e-25 
1.888000e+00 7.074373e-25 2.684827e-25 9.759200e-25 
1.890000e+00 7.054683e-25 2.674462e-25 9.729145e-25 
1.892000e+00 7.039805e-25 2.665341e-25 9.705146e-25 
1.894000e+00 7.022272e-25 2.657920e-25 9.680192e-25 
1.896000e+00 7.001389e-25 2.648644e-25 9.650033e-25 
1.898000e+00 6.989680e-25 2.639295e-25 9.628975e-25 
1.900000e+00 6.968677e-25 2.628228e-25 9.596905e-25 
1.902000e+00 6.945314e-25 2.618419e-25 9.563732e-25 
1.904000e+00 6.926484e-25 2.612430e-25 9.538914e-25 
1.906000e+00 6.904648e-25 2.602223e-25 9.506871e-25 
1.908000e+00 6.886535e-25 2.591728e-25 9.478263e-25 
1.910000e+00 6.866419e-25 2.583057e-25 9.449476e-25 
1.912000e+00 6.845834e-25 2.575700e-25 9.421534e-25 
1.914000e+00 6.826138e-25 2.566206e-25 9.392345e-25 
1.916000e+00 6.810081e-25 2.556313e-25 9.366394e-25 
1.918000e+00 6.789045e-25 2.547009e-25 9.336054e-25 
1.920000e+00 6.768844e-25 2.541453e-25 9.310297e-25 
1.922000e+00 6.749795e-25 2.514255e-25 9.264050e-25 
1.924000e+00 6.729232e-25 2.505186e-25 9.234418e-25 
1.926000e+00 6.709835e-25 2.498082e-25 9.207917e-25 
1.928000e+00 6.688168e-25 2.487803e-25 9.175970e-25 
1.930000e+00 6.668009e-25 2.480134e-25 9.148143e-25 
1.932000e+00 6.648344e-25 2.471662e-25 9.120007e-25 
1.934000e+00 6.628644e-25 2.461997e-25 9.090642e-25 
1.936000e+00 6.608075e-25 2.452334e-25 9.060409e-25 
1.938000e+00 6.587707e-25 2.445512e-25 9.033218e-25 
1.940000e+00 6.567891e-25 2.435771e-25 9.003663e-25 
1.942000e+00 6.548166e-25 2.426963e-25 8.975129e-25 
1.944000e+00 6.529227e-25 2.419381e-25 8.948608e-25 
1.946000e+00 6.507916e-25 2.410225e-25 8.918141e-25 
1.948000e+00 6.487437e-25 2.400274e-25 8.887711e-25 
1.950000e+00 6.467039e-25 2.392335e-25 8.859374e-25 
1.952000e+00 6.465592e-25 2.384079e-25 8.849670e-25 
1.954000e+00 6.423053e-25 2.376182e-25 8.799235e-25 
1.956000e+00 6.402518e-25 2.366021e-25 8.768539e-25 
1.958000e+00 6.387079e-25 2.358667e-25 8.745746e-25 
1.960000e+00 6.367018e-25 2.351008e-25 8.718026e-25 
1.962000e+00 6.347471e-25 2.343551e-25 8.691022e-25 
1.964000e+00 6.326473e-25 2.334799e-25 8.661271e-25 
1.966000e+00 6.307431e-25 2.327219e-25 8.634649e-25 
1.968000e+00 6.288397e-25 2.318323e-25 8.606720e-25 
1.970000e+00 6.268573e-25 2.310380e-25 8.578953e-25 
1.972000e+00 6.242644e-25 2.302027e-25 8.544671e-25 
1.974000e+00 6.223446e-25 2.294870e-25 8.518316e-25 
1.976000e+00 6.202910e-25 2.288075e-25 8.490985e-25 
1.978000e+00 6.184255e-25 2.278403e-25 8.462658e-25 
1.980000e+00 6.165130e-25 2.270812e-25 8.435942e-25 
1.982000e+00 6.145562e-25 2.264157e-25 8.409718e-25 
1.984000e+00 6.127242e-25 2.254839e-25 8.382081e-25 
1.986000e+00 6.105869e-25 2.247122e-25 8.352992e-25 
1.988000e+00 6.089628e-25 2.240000e-25 8.329629e-25 
1.990000e+00 6.066540e-25 2.230446e-25 8.296986e-25 
1.992000e+00 6.048993e-25 2.223765e-25 8.272758e-25 
1.994000e+00 6.043221e-25 2.215985e-25 8.259206e-25 
1.996000e+00 6.009346e-25 2.207231e-25 8.216578e-25 
1.998000e+00 5.989871e-25 2.199796e-25 8.189667e-25 
2.000000e+00 5.970263e-25 2.199121e-25 8.169383e-25 
2.002000e+00 5.949855e-25 2.185120e-25 8.134974e-25 
2.004000e+00 5.930770e-25 2.178971e-25 8.109742e-25 
2.006000e+00 5.912916e-25 2.171299e-25 8.084215e-25 
2.008000e+00 5.894514e-25 2.165076e-25 8.059590e-25 
2.010000e+00 5.874581e-25 2.158109e-25 8.032690e-25 
2.012000e+00 5.854838e-25 2.149967e-25 8.004805e-25 
2.014000e+00 5.834683e-25 2.142577e-25 7.977260e-25 
2.016000e+00 5.817270e-25 2.134879e-25 7.952149e-25 
2.018000e+00 5.797961e-25 2.128242e-25 7.926203e-25 
2.020000e+00 5.779301e-25 2.122067e-25 7.901367e-25 
2.022000e+00 5.759661e-25 2.115464e-25 7.875126e-25 
2.024000e+00 5.740309e-25 2.108501e-25 7.848810e-25 
2.026000e+00 5.720640e-25 2.100493e-25 7.821133e-25 
2.028000e+00 5.701567e-25 2.093707e-25 7.795274e-25 
2.030000e+00 5.681618e-25 2.086771e-25 7.768389e-25 
2.032000e+00 5.663688e-25 2.080048e-25 7.743736e-25 
2.034000e+00 5.646021e-25 2.072997e-25 7.719019e-25 
2.036000e+00 5.628167e-25 2.063650e-25 7.691817e-25 
2.038000e+00 5.609076e-25 2.056404e-25 7.665480e-25 
2.040000e+00 5.595956e-25 2.049419e-25 7.645374e-25 
2.042000e+00 5.577518e-25 2.042415e-25 7.619933e-25 
2.044000e+00 5.556470e-25 2.037886e-25 7.594356e-25 
2.046000e+00 5.538383e-25 2.030214e-25 7.568598e-25 
2.048000e+00 5.520478e-25 2.023035e-25 7.543512e-25 
2.050000e+00 5.501422e-25 2.016245e-25 7.517668e-25 
2.052000e+00 5.483213e-25 2.010066e-25 7.493280e-25 
2.054000e+00 5.467053e-25 2.003133e-25 7.470186e-25 
2.056000e+00 5.448872e-25 1.996262e-25 7.445134e-25 
2.058000e+00 5.429886e-25 1.990762e-25 7.420648e-25 
2.060000e+00 5.411254e-25 1.983837e-25 7.395091e-25 
2.062000e+00 5.393485e-25 1.976249e-25 7.369733e-25 
2.064000e+00 5.378444e-25 1.969990e-25 7.348434e-25 
2.066000e+00 5.359681e-25 1.964586e-25 7.324268e-25 
2.068000e+00 5.340022e-25 1.954799e-25 7.294821e-25 
2.070000e+00 5.326376e-25 1.951233e-25 7.277609e-25 
2.072000e+00 5.306916e-25 1.944722e-25 7.251639e-25 
2.074000e+00 5.291772e-25 1.936725e-25 7.228497e-25 
2.076000e+00 5.275519e-25 1.929345e-25 7.204864e-25 
2.078000e+00 5.256375e-25 1.924136e-25 7.180511e-25 
2.080000e+00 5.241633e-25 1.918626e-25 7.160259e-25 
2.082000e+00 5.224669e-25 1.910302e-25 7.134971e-25 
2.084000e+00 5.204555e-25 1.905116e-25 7.109671e-25 
2.086000e+00 5.187266e-25 1.897759e-25 7.085026e-25 
2.088000e+00 5.168872e-25 1.891418e-25 7.060290e-25 
2.090000e+00 5.154817e-25 1.886460e-25 7.041277e-25 
2.092000e+00 5.137964e-25 1.879636e-25 7.017600e-25 
2.094000e+00 5.124022e-25 1.874768e-25 6.998790e-25 
2.096000e+00 5.103823e-25 1.868439e-25 6.972262e-25 
2.098000e+00 5.090001e-25 1.863117e-25 6.953118e-25 
2.100000e+00 5.070821e-25 1.856261e-25 6.927083e-25 
2.102000e+00 5.056524e-25 1.851577e-25 6.908101e-25 
2.104000e+00 5.037817e-25 1.844537e-25 6.882354e-25 
2.106000e+00 5.021263e-25 1.839815e-25 6.861078e-25 
2.108000e+00 5.005573e-25 1.833687e-25 6.839260e-25 
2.110000e+00 4.988384e-25 1.827858e-25 6.816242e-25 
2.112000e+00 4.973641e-25 1.821313e-25 6.794954e-25 
2.114000e+00 4.956023e-25 1.816366e-25 6.772389e-25 
2.116000e+00 4.944283e-25 1.809593e-25 6.753875e-25 
2.118000e+00 4.921376e-25 1.804649e-25 6.726026e-25 
2.120000e+00 4.944327e-25 1.797796e-25 6.742122e-25 
2.122000e+00 4.926432e-25 1.794240e-25 6.720672e-25 
2.124000e+00 4.911071e-25 1.786334e-25 6.697405e-25 
2.126000e+00 4.900100e-25 1.781171e-25 6.681271e-25 
2.128000e+00 4.881955e-25 1.774346e-25 6.656300e-25 
2.130000e+00 4.863414e-25 1.769880e-25 6.633293e-25 
2.132000e+00 4.850284e-25 1.763158e-25 6.613442e-25 
2.134000e+00 4.832692e-25 1.758367e-25 6.591059e-25 
2.136000e+00 4.819100e-25 1.751429e-25 6.570529e-25 
2.138000e+00 4.805029e-25 1.747638e-25 6.552667e-25 
2.140000e+00 4.792116e-25 1.742271e-25 6.534387e-25 
2.142000e+00 4.772110e-25 1.735657e-25 6.507768e-25 
2.144000e+00 4.759142e-25 1.730855e-25 6.489996e-25 
2.146000e+00 4.743940e-25 1.726260e-25 6.470200e-25 
2.148000e+00 4.728292e-25 1.720421e-25 6.448713e-25 
2.150000e+00 4.714320e-25 1.714815e-25 6.429134e-25 
2.152000e+00 4.697635e-25 1.709712e-25 6.407347e-25 
2.154000e+00 4.684143e-25 1.703980e-25 6.388123e-25 
2.156000e+00 4.668664e-25 1.699252e-25 6.367916e-25 
2.158000e+00 4.651045e-25 1.693841e-25 6.344886e-25 
2.160000e+00 4.637336e-25 1.686864e-25 6.324200e-25 
2.162000e+00 4.624114e-25 1.682952e-25 6.307066e-25 
2.164000e+00 4.612422e-25 1.677883e-25 6.290305e-25 
2.166000e+00 4.596753e-25 1.672629e-25 6.269382e-25 
2.168000e+00 4.581313e-25 1.666410e-25 6.247723e-25 
2.170000e+00 4.567011e-25 1.661763e-25 6.228774e-25 
2.172000e+00 4.551697e-25 1.657677e-25 6.209374e-25 
2.174000e+00 4.540882e-25 1.650552e-25 6.191434e-25 
2.176000e+00 4.524536e-25 1.646017e-25 6.170553e-25 
2.178000e+00 4.509519e-25 1.642514e-25 6.152033e-25 
2.180000e+00 4.495503e-25 1.636048e-25 6.131551e-25 
2.182000e+00 4.482092e-25 1.628876e-25 6.110968e-25 
2.184000e+00 4.465846e-25 1.624917e-25 6.090763e-25 
2.186000e+00 4.453900e-25 1.619944e-25 6.073845e-25 
2.188000e+00 4.446101e-25 1.615358e-25 6.061459e-25 
2.190000e+00 4.424443e-25 1.608667e-25 6.033110e-25 
2.192000e+00 4.412177e-25 1.602921e-25 6.015097e-25 
2.194000e+00 4.397980e-25 1.599061e-25 5.997042e-25 
2.196000e+00 4.384304e-25 1.595038e-25 5.979342e-25 
2.198000e+00 4.370051e-25 1.590451e-25 5.960502e-25 
2.200000e+00 4.351736e-25 1.586047e-25 5.937783e-25 
2.202000e+00 4.342993e-25 1.580416e-25 5.923409e-25 
2.204000e+00 4.326210e-25 1.575847e-25 5.902057e-25 
2.206000e+00 4.314387e-25 1.571840e-25 5.886227e-25 
2.208000e+00 4.301413e-25 1.564691e-25 5.866105e-25 
2.210000e+00 4.286505e-25 1.559416e-25 5.845921e-25 
2.212000e+00 4.274816e-25 1.554904e-25 5.829720e-25 
2.214000e+00 4.261121e-25 1.551149e-25 5.812270e-25 
2.216000e+00 4.248948e-25 1.547226e-25 5.796174e-25 
2.218000e+00 4.235159e-25 1.541920e-25 5.777080e-25 
2.220000e+00 4.222626e-25 1.536673e-25 5.759299e-25 
2.222000e+00 4.207867e-25 1.530558e-25 5.738425e-25 
2.224000e+00 4.193517e-25 1.528666e-25 5.722183e-25 
2.226000e+00 4.182624e-25 1.523237e-25 5.705861e-25 
2.228000e+00 4.169855e-25 1.517037e-25 5.686892e-25 
2.230000e+00 4.154982e-25 1.511835e-25 5.666817e-25 
2.232000e+00 4.143358e-25 1.506918e-25 5.650276e-25 
2.234000e+00 4.127225e-25 1.502803e-25 5.630029e-25 
2.236000e+00 4.120953e-25 1.497625e-25 5.618578e-25 
2.238000e+00 4.106781e-25 1.492763e-25 5.599544e-25 
2.240000e+00 4.094437e-25 1.488482e-25 5.582919e-25 
2.242000e+00 4.081539e-25 1.484545e-25 5.566084e-25 
2.244000e+00 4.093565e-25 1.478900e-25 5.572465e-25 
2.246000e+00 4.057067e-25 1.474703e-25 5.531769e-25 
2.248000e+00 4.041519e-25 1.471025e-25 5.512544e-25 
2.250000e+00 4.030163e-25 1.467587e-25 5.497750e-25 
2.252000e+00 4.019308e-25 1.461611e-25 5.480918e-25 
2.254000e+00 4.003764e-25 1.459200e-25 5.462964e-25 
2.256000e+00 3.991052e-25 1.454104e-25 5.445156e-25 
2.258000e+00 3.977354e-25 1.450189e-25 5.427543e-25 
2.260000e+00 3.967712e-25 1.445085e-25 5.412797e-25 
2.262000e+00 3.955507e-25 1.440490e-25 5.395997e-25 
2.264000e+00 3.944200e-25 1.436522e-25 5.380721e-25 
2.266000e+00 3.928329e-25 1.430924e-25 5.359252e-25 
2.268000e+00 3.915675e-25 1.426608e-25 5.342283e-25 
2.270000e+00 3.901682e-25 1.422458e-25 5.324140e-25 
2.272000e+00 3.890548e-25 1.417847e-25 5.308394e-25 
2.274000e+00 3.881678e-25 1.425433e-25 5.307112e-25 
2.276000e+00 3.869320e-25 1.408951e-25 5.278271e-25 
2.278000e+00 3.856155e-25 1.405448e-25 5.261602e-25 
2.280000e+00 3.843691e-25 1.400703e-25 5.244395e-25 
2.282000e+00 3.834085e-25 1.395790e-25 5.229875e-25 
2.284000e+00 3.822992e-25 1.392512e-25 5.215504e-25 
2.286000e+00 3.813307e-25 1.387191e-25 5.200498e-25 
2.288000e+00 3.798750e-25 1.383520e-25 5.182270e-25 
2.290000e+00 3.788135e-25 1.378583e-25 5.166719e-25 
2.292000e+00 3.778803e-25 1.374080e-25 5.152883e-25 
2.294000e+00 3.764738e-25 1.371467e-25 5.136205e-25 
2.296000e+00 3.753499e-25 1.367821e-25 5.121320e-25 
2.298000e+00 3.740784e-25 1.362905e-25 5.103689e-25 
2.300000e+00 3.732319e-25 1.360029e-25 5.092348e-25 
2.302000e+00 3.719743e-25 1.355296e-25 5.075040e-25 
2.304000e+00 3.707414e-25 1.351120e-25 5.058535e-25 
2.306000e+00 3.696589e-25 1.346863e-25 5.043453e-25 
2.308000e+00 3.685049e-25 1.343467e-25 5.028516e-25 
2.310000e+00 3.675959e-25 1.338808e-25 5.014766e-25 
2.312000e+00 3.661710e-25 1.334291e-25 4.996001e-25 
2.314000e+00 3.652479e-25 1.331744e-25 4.984223e-25 
2.316000e+00 3.640222e-25 1.328027e-25 4.968250e-25 
2.318000e+00 3.633691e-25 1.323060e-25 4.956751e-25 
2.320000e+00 3.612923e-25 1.318681e-25 4.931605e-25 
2.322000e+00 3.603999e-25 1.315844e-25 4.919844e-25 
2.324000e+00 3.600068e-25 1.310982e-25 4.911050e-25 
2.326000e+00 3.585743e-25 1.307648e-25 4.893391e-25 
2.328000e+00 3.574897e-25 1.304499e-25 4.879396e-25 
2.330000e+00 3.567848e-25 1.299693e-25 4.867541e-25 
2.332000e+00 3.553667e-25 1.296457e-25 4.850124e-25 
2.334000e+00 3.541658e-25 1.293271e-25 4.834929e-25 
2.336000e+00 3.530877e-25 1.288784e-25 4.819661e-25 
2.338000e+00 3.520482e-25 1.283245e-25 4.803727e-25 
2.340000e+00 3.511209e-25 1.280854e-25 4.792064e-25 
2.342000e+00 3.500505e-25 1.339926e-25 4.840431e-25 
2.344000e+00 3.489368e-25 1.272758e-25 4.762126e-25 
2.346000e+00 3.481159e-25 1.269343e-25 4.750502e-25 
2.348000e+00 3.473348e-25 1.265288e-25 4.738636e-25 
2.350000e+00 3.460547e-25 1.263628e-25 4.724175e-25 
2.352000e+00 3.450912e-25 1.257658e-25 4.708569e-25 
2.354000e+00 3.440330e-25 1.255127e-25 4.695457e-25 
2.356000e+00 3.429908e-25 1.251302e-25 4.681210e-25 
2.358000e+00 3.422478e-25 1.248359e-25 4.670837e-25 
2.360000e+00 3.407755e-25 1.243490e-25 4.651245e-25 
2.362000e+00 3.400820e-25 1.241446e-25 4.642265e-25 
2.364000e+00 3.387082e-25 1.236970e-25 4.624052e-25 
2.366000e+00 3.378671e-25 1.233911e-25 4.612581e-25 
2.368000e+00 3.367235e-25 1.229549e-25 4.596784e-25 
2.370000e+00 3.358410e-25 1.227053e-25 4.585463e-25 
2.372000e+00 3.345327e-25 1.223418e-25 4.568745e-25 
2.374000e+00 3.336699e-25 1.218875e-25 4.555574e-25 
2.376000e+00 3.328480e-25 1.215100e-25 4.543580e-25 
2.378000e+00 3.319408e-25 1.213044e-25 4.532453e-25 
2.380000e+00 3.308031e-25 1.208835e-25 4.516866e-25 
2.382000e+00 3.298975e-25 1.205658e-25 4.504633e-25 
2.384000e+00 3.289467e-25 1.201378e-25 4.490845e-25 
2.386000e+00 3.277665e-25 1.198663e-25 4.476328e-25 
2.388000e+00 3.270279e-25 1.194429e-25 4.464708e-25 
2.390000e+00 3.258969e-25 1.191543e-25 4.450512e-25 
2.392000e+00 3.248184e-25 1.187134e-25 4.435318e-25 
2.394000e+00 3.240263e-25 1.185634e-25 4.425896e-25 
2.396000e+00 3.227719e-25 1.182086e-25 4.409805e-25 
2.398000e+00 3.219328e-25 1.178652e-25 4.397981e-25 
2.400000e+00 3.109567e-25 1.174522e-25 4.284089e-25 
2.402000e+00 3.202694e-25 1.171326e-25 4.374020e-25 
2.404000e+00 3.193969e-25 1.169386e-25 4.363355e-25 
2.406000e+00 3.183381e-25 1.163963e-25 4.347344e-25 
2.408000e+00 3.171256e-25 1.161376e-25 4.332632e-25 
2.410000e+00 3.164293e-25 1.158550e-25 4.322843e-25 
2.412000e+00 3.154861e-25 1.154961e-25 4.309822e-25 
2.414000e+00 3.146534e-25 1.151798e-25 4.298332e-25 
2.416000e+00 3.137240e-25 1.148892e-25 4.286132e-25 
2.418000e+00 3.127957e-25 1.145875e-25 4.273831e-25 
2.420000e+00 3.120593e-25 1.142236e-25 4.262829e-25 
2.422000e+00 3.110592e-25 1.137805e-25 4.248397e-25 
2.424000e+00 3.101899e-25 1.134746e-25 4.236645e-25 
2.426000e+00 3.092101e-25 1.132952e-25 4.225053e-25 
2.428000e+00 3.083368e-25 1.128290e-25 4.211659e-25 
2.430000e+00 3.073309e-25 1.125851e-25 4.199159e-25 
2.432000e+00 3.065317e-25 1.122857e-25 4.188174e-25 
2.434000e+00 3.056403e-25 1.118421e-25 4.174824e-25 
2.436000e+00 3.049176e-25 1.116273e-25 4.165450e-25 
2.438000e+00 3.039325e-25 1.113899e-25 4.153225e-25 
2.440000e+00 3.033223e-25 1.108901e-25 4.142124e-25 
2.442000e+00 3.022331e-25 1.106547e-25 4.128877e-25 
2.444000e+00 3.014883e-25 1.104045e-25 4.118929e-25 
2.446000e+00 3.005158e-25 1.099416e-25 4.104574e-25 
2.448000e+00 2.994215e-25 1.096308e-25 4.090523e-25 
2.450000e+00 2.985722e-25 1.094369e-25 4.080091e-25 
2.452000e+00 2.981455e-25 1.089633e-25 4.071088e-25 
2.454000e+00 2.969264e-25 1.087962e-25 4.057226e-25 
2.456000e+00 2.960379e-25 1.084939e-25 4.045318e-25 
2.458000e+00 2.951924e-25 1.081012e-25 4.032936e-25 
2.460000e+00 2.943059e-25 1.077888e-25 4.020947e-25 
2.462000e+00 2.935039e-25 1.075841e-25 4.010880e-25 
2.464000e+00 2.927909e-25 1.066415e-25 3.994324e-25 
2.466000e+00 2.919796e-25 1.069697e-25 3.989493e-25 
2.468000e+00 2.911870e-25 1.066319e-25 3.978188e-25 
2.470000e+00 2.902674e-25 1.063371e-25 3.966044e-25 
2.472000e+00 2.894051e-25 1.060954e-25 3.955006e-25 
2.474000e+00 2.886089e-25 1.058350e-25 3.944438e-25 
2.476000e+00 2.874471e-25 1.053617e-25 3.928088e-25 
2.478000e+00 2.865658e-25 1.051594e-25 3.917253e-25 
2.480000e+00 2.858046e-25 1.049247e-25 3.907293e-25 
2.482000e+00 2.849786e-25 1.046372e-25 3.896158e-25 
2.484000e+00 2.842292e-25 1.044082e-25 3.886374e-25 
2.486000e+00 2.836769e-25 1.039139e-25 3.875908e-25 
2.488000e+00 2.826841e-25 1.036877e-25 3.863718e-25 
2.490000e+00 2.819294e-25 1.034964e-25 3.854258e-25 
2.492000e+00 2.812838e-25 1.031571e-25 3.844409e-25 
2.494000e+00 2.804802e-25 1.029136e-25 3.833937e-25 
2.496000e+00 2.794871e-25 1.024746e-25 3.819617e-25 
2.498000e+00 2.784991e-25 1.023145e-25 3.808136e-25 
2.500000e+00 2.779743e-25 1.020546e-25 3.800289e-25 
2.502000e+00 2.771953e-25 1.017869e-25 3.789822e-25 
2.504000e+00 2.763580e-25 1.014504e-25 3.778084e-25 
2.506000e+00 2.753382e-25 1.010510e-25 3.763892e-25 
2.508000e+00 2.749405e-25 1.007831e-25 3.757236e-25 
2.510000e+00 2.743328e-25 1.005467e-25 3.748796e-25 
2.512000e+00 2.733266e-25 1.003284e-25 3.736551e-25 
2.514000e+00 2.724935e-25 1.000189e-25 3.725124e-25 
2.516000e+00 2.717916e-25 9.981062e-26 3.716022e-25 
2.518000e+00 2.709105e-25 9.951610e-26 3.704266e-25 
2.520000e+00 2.701040e-25 9.931337e-26 3.694174e-25 
2.522000e+00 2.692431e-25 9.898658e-26 3.682297e-25 
2.524000e+00 2.667370e-25 9.855190e-26 3.652889e-25 
2.526000e+00 2.678754e-25 9.841855e-26 3.662940e-25 
2.528000e+00 2.670575e-25 9.808778e-26 3.651453e-25 
2.530000e+00 2.662867e-25 9.788762e-26 3.641743e-25 
2.532000e+00 2.659697e-25 9.756523e-26 3.635349e-25 
2.534000e+00 2.650766e-25 9.732403e-26 3.624006e-25 
2.536000e+00 2.641650e-25 9.709275e-26 3.612578e-25 
2.538000e+00 2.632974e-25 9.684223e-26 3.601396e-25 
2.540000e+00 2.626036e-25 9.653002e-26 3.591336e-25 
2.542000e+00 2.617093e-25 9.629273e-26 3.580020e-25 
2.544000e+00 2.614168e-25 9.605483e-26 3.574716e-25 
2.546000e+00 2.603923e-25 9.575078e-26 3.561431e-25 
2.548000e+00 2.595382e-25 9.546399e-26 3.550022e-25 
2.550000e+00 2.591592e-25 9.532894e-26 3.544882e-25 
2.552000e+00 2.583765e-25 9.498978e-26 3.533663e-25 
2.554000e+00 2.575737e-25 9.478582e-26 3.523595e-25 
2.556000e+00 2.572313e-25 9.444525e-26 3.516765e-25 
2.558000e+00 2.562878e-25 9.426466e-26 3.505524e-25 
2.560000e+00 2.554862e-25 9.401703e-26 3.495032e-25 
2.562000e+00 2.550781e-25 9.374594e-26 3.488240e-25 
2.564000e+00 2.541393e-25 9.339280e-26 3.475322e-25 
2.566000e+00 2.534029e-25 9.306737e-26 3.464702e-25 
2.568000e+00 2.526016e-25 9.280683e-26 3.454085e-25 
2.570000e+00 2.521524e-25 9.251273e-26 3.446651e-25 
2.572000e+00 2.514193e-25 9.233110e-26 3.437504e-25 
2.574000e+00 2.506231e-25 9.229167e-26 3.429148e-25 
2.576000e+00 2.498623e-25 9.193803e-26 3.418004e-25 
2.578000e+00 2.492045e-25 9.172675e-26 3.409313e-25 
2.580000e+00 2.484834e-25 9.148028e-26 3.399637e-25 
2.582000e+00 2.476081e-25 9.128379e-26 3.388919e-25 
2.584000e+00 2.471968e-25 9.094522e-26 3.381421e-25 
2.586000e+00 2.464035e-25 9.078541e-26 3.371889e-25 
2.588000e+00 2.455689e-25 9.048826e-26 3.360572e-25 
2.590000e+00 2.446210e-25 9.023859e-26 3.348596e-25 
2.592000e+00 2.444514e-25 8.995816e-26 3.344095e-25 
2.594000e+00 2.436078e-25 8.979171e-26 3.333995e-25 
2.596000e+00 2.432053e-25 8.946957e-26 3.326748e-25 
2.598000e+00 2.423483e-25 8.933942e-26 3.316877e-25 
2.600000e+00 2.414793e-25 8.915706e-26 3.306364e-25 
2.602000e+00 2.410924e-25 8.885297e-26 3.299454e-25 
2.604000e+00 2.421811e-25 8.869925e-26 3.308803e-25 
2.606000e+00 2.399088e-25 8.836656e-26 3.282754e-25 
2.608000e+00 2.388568e-25 8.813149e-26 3.269883e-25 
2.610000e+00 2.385700e-25 8.778729e-26 3.263573e-25 
2.612000e+00 2.380190e-25 8.767349e-26 3.256925e-25 
2.614000e+00 2.372741e-25 8.734214e-26 3.246162e-25 
2.616000e+00 2.365990e-25 8.714595e-26 3.237449e-25 
2.618000e+00 2.362931e-25 8.716024e-26 3.234533e-25 
2.620000e+00 2.354005e-25 8.682826e-26 3.222287e-25 
2.622000e+00 2.349904e-25 8.657756e-26 3.215680e-25 
2.624000e+00 2.340304e-25 8.638707e-26 3.204175e-25 
2.626000e+00 2.332077e-25 8.606470e-26 3.192724e-25 
2.628000e+00 2.325919e-25 8.587934e-26 3.184712e-25 
2.630000e+00 2.339115e-25 8.559149e-26 3.195030e-25 
2.632000e+00 2.313457e-25 8.536616e-26 3.167119e-25 
2.634000e+00 2.308246e-25 8.519651e-26 3.160212e-25 
2.636000e+00 2.298379e-25 8.497789e-26 3.148158e-25 
2.638000e+00 2.293873e-25 8.471980e-26 3.141071e-25 
2.640000e+00 2.288882e-25 8.450714e-26 3.133953e-25 
2.642000e+00 2.283141e-25 8.427726e-26 3.125914e-25 
2.644000e+00 2.276470e-25 8.414196e-26 3.117890e-25 
2.646000e+00 2.270685e-25 8.384416e-26 3.109126e-25 
2.648000e+00 2.264856e-25 8.360054e-26 3.100862e-25 
2.650000e+00 2.257899e-25 8.331861e-26 3.091085e-25 
2.652000e+00 2.252207e-25 8.317901e-26 3.083997e-25 
2.654000e+00 2.247226e-25 8.311588e-26 3.078385e-25 
2.656000e+00 2.239722e-25 8.278693e-26 3.067592e-25 
2.658000e+00 2.235689e-25 8.247582e-26 3.060447e-25 
2.660000e+00 2.228617e-25 8.232521e-26 3.051869e-25 
2.662000e+00 2.222712e-25 8.201046e-26 3.042816e-25 
2.664000e+00 2.214487e-25 8.194161e-26 3.033903e-25 
2.666000e+00 2.212236e-25 8.168338e-26 3.029070e-25 
2.668000e+00 2.202361e-25 8.144228e-26 3.016784e-25 
2.670000e+00 2.197737e-25 8.122396e-26 3.009977e-25 
2.672000e+00 2.191078e-25 8.098314e-26 3.000910e-25 
2.674000e+00 2.185486e-25 8.096523e-26 2.995138e-25 
2.676000e+00 2.178735e-25 8.059192e-26 2.984655e-25 
2.678000e+00 2.173212e-25 8.043247e-26 2.977537e-25 
2.680000e+00 2.168553e-25 8.018005e-26 2.970353e-25 
2.682000e+00 2.162231e-25 7.997065e-26 2.961938e-25 
2.684000e+00 2.157222e-25 7.985005e-26 2.955723e-25 
2.686000e+00 2.152304e-25 7.959618e-26 2.948266e-25 
2.688000e+00 2.143849e-25 7.932823e-26 2.937131e-25 
2.690000e+00 2.137867e-25 7.909335e-26 2.928800e-25 
2.692000e+00 2.131532e-25 7.900299e-26 2.921562e-25 
2.694000e+00 2.128597e-25 7.868275e-26 2.915424e-25 
2.696000e+00 2.122487e-25 7.844020e-26 2.906889e-25 
2.698000e+00 2.053257e-25 7.832203e-26 2.836477e-25 
2.700000e+00 2.050091e-25 7.812951e-26 2.831386e-25 
2.702000e+00 2.044480e-25 7.791390e-26 2.823619e-25 
2.704000e+00 2.036662e-25 7.782902e-26 2.814952e-25 
2.706000e+00 2.033091e-25 7.758579e-26 2.808949e-25 
2.708000e+00 2.028810e-25 7.741114e-26 2.802921e-25 
2.710000e+00 2.024062e-25 7.702519e-26 2.794314e-25 
2.712000e+00 2.016014e-25 7.704309e-26 2.786445e-25 
2.714000e+00 2.011865e-25 7.679750e-26 2.779840e-25 
2.716000e+00 2.005974e-25 7.664086e-26 2.772383e-25 
2.718000e+00 2.003232e-25 7.652587e-26 2.768491e-25 
2.720000e+00 1.997250e-25 7.620843e-26 2.759334e-25 
2.722000e+00 1.990318e-25 7.608695e-26 2.751188e-25 
2.724000e+00 1.986178e-25 7.593627e-26 2.745541e-25 
2.726000e+00 1.982548e-25 7.565088e-26 2.739057e-25 
2.728000e+00 1.973490e-25 7.555963e-26 2.729086e-25 
2.730000e+00 1.967940e-25 7.527970e-26 2.720737e-25 
2.732000e+00 1.963850e-25 7.507304e-26 2.714580e-25 
2.734000e+00 1.958878e-25 7.491574e-26 2.708035e-25 
2.736000e+00 1.951371e-25 7.468730e-26 2.698244e-25 
2.738000e+00 1.946440e-25 7.447631e-26 2.691203e-25 
2.740000e+00 1.942648e-25 7.438037e-26 2.686451e-25 
2.742000e+00 1.937952e-25 7.406680e-26 2.678620e-25 
2.744000e+00 1.934073e-25 7.388972e-26 2.672970e-25 
2.746000e+00 1.925547e-25 7.383788e-26 2.663926e-25 
2.748000e+00 1.919371e-25 7.352064e-26 2.654577e-25 
2.750000e+00 1.916461e-25 7.331728e-26 2.649633e-25 
2.752000e+00 1.909078e-25 7.318971e-26 2.640975e-25 
2.754000e+00 1.905524e-25 7.299088e-26 2.635432e-25 
2.756000e+00 1.900665e-25 7.285829e-26 2.629248e-25 
2.758000e+00 1.894144e-25 7.263936e-26 2.620538e-25 
2.760000e+00 1.891783e-25 7.238960e-26 2.615679e-25 
2.762000e+00 1.884475e-25 7.229979e-26 2.607472e-25 
2.764000e+00 1.878908e-25 7.200034e-26 2.598912e-25 
2.766000e+00 1.874839e-25 7.188601e-26 2.593699e-25 
2.768000e+00 1.870299e-25 7.174869e-26 2.587786e-25 
2.770000e+00 1.865736e-25 7.162983e-26 2.582034e-25 
2.772000e+00 1.861383e-25 7.133546e-26 2.574738e-25 
2.774000e+00 1.855811e-25 7.112977e-26 2.567109e-25 
2.776000e+00 1.849918e-25 7.103079e-26 2.560226e-25 
2.778000e+00 1.838787e-25 7.155976e-26 2.554384e-25 
2.780000e+00 1.840946e-25 7.070243e-26 2.547970e-25 
2.782000e+00 1.836558e-25 7.055103e-26 2.542069e-25 
2.784000e+00 1.830195e-25 7.044233e-26 2.534618e-25 
2.786000e+00 1.827471e-25 7.015938e-26 2.529065e-25 
2.788000e+00 1.821522e-25 7.010283e-26 2.522551e-25 
2.790000e+00 1.819745e-25 6.983966e-26 2.518141e-25 
2.792000e+00 1.809981e-25 6.955886e-26 2.505570e-25 
2.794000e+00 1.806166e-25 6.945747e-26 2.500740e-25 
2.796000e+00 1.801224e-25 6.929214e-26 2.494145e-25 
2.798000e+00 1.796316e-25 6.919765e-26 2.488292e-25 
2.800000e+00 1.792408e-25 6.895175e-26 2.481926e-25 
2.802000e+00 1.787336e-25 6.882558e-26 2.475591e-25 
2.804000e+00 1.784078e-25 6.860086e-26 2.470087e-25 
2.806000e+00 1.779217e-25 6.849543e-26 2.464171e-25 
2.808000e+00 1.773984e-25 6.824842e-26 2.456468e-25 
2.810000e+00 1.770934e-25 6.810848e-26 2.452019e-25 
2.812000e+00 1.762576e-25 6.793114e-26 2.441888e-25 
2.814000e+00 1.758458e-25 6.776969e-26 2.436155e-25 
2.816000e+00 1.754648e-25 6.764810e-26 2.431129e-25 
2.818000e+00 1.749054e-25 6.736374e-26 2.422691e-25 
2.820000e+00 1.744924e-25 6.728236e-26 2.417747e-25 
2.822000e+00 1.740559e-25 6.697259e-26 2.410285e-25 
2.824000e+00 1.736780e-25 6.695012e-26 2.406281e-25 
2.826000e+00 1.732497e-25 6.670112e-26 2.399508e-25 
2.828000e+00 1.726666e-25 6.660869e-26 2.392753e-25 
2.830000e+00 1.720633e-25 6.639759e-26 2.384609e-25 
2.832000e+00 1.716188e-25 6.629209e-26 2.379109e-25 
2.834000e+00 1.711338e-25 6.608010e-26 2.372139e-25 
2.836000e+00 1.706468e-25 6.586927e-26 2.365161e-25 
2.838000e+00 1.702895e-25 2.791655e-26 1.982061e-25 
2.840000e+00 1.697908e-25 2.778119e-26 1.975720e-25 
2.842000e+00 1.693091e-25 2.771073e-26 1.970198e-25 
2.844000e+00 1.688325e-25 2.761073e-26 1.964432e-25 
2.846000e+00 1.685115e-25 2.757457e-26 1.960861e-25 
2.848000e+00 1.681044e-25 2.742287e-26 1.955273e-25 
2.850000e+00 1.675670e-25 2.736843e-26 1.949354e-25 
2.852000e+00 1.673503e-25 2.729147e-26 1.946418e-25 
2.854000e+00 1.667120e-25 2.719635e-26 1.939084e-25 
2.856000e+00 1.663210e-25 2.712899e-26 1.934499e-25 
2.858000e+00 1.658060e-25 2.705816e-26 1.928641e-25 
2.860000e+00 1.653699e-25 2.702097e-26 1.923909e-25 
2.862000e+00 1.648640e-25 2.696413e-26 1.918281e-25 
2.864000e+00 1.644620e-25 2.687378e-26 1.913358e-25 
2.866000e+00 1.640555e-25 2.680858e-26 1.908641e-25 
2.868000e+00 1.636238e-25 2.675502e-26 1.903788e-25 
2.870000e+00 1.631817e-25 2.663505e-26 1.898168e-25 
2.872000e+00 1.627788e-25 2.658036e-26 1.893592e-25 
2.874000e+00 1.625974e-25 2.648178e-26 1.890792e-25 
2.876000e+00 1.621520e-25 2.644217e-26 1.885942e-25 
2.878000e+00 1.616792e-25 2.627960e-26 1.879588e-25 
2.880000e+00 1.613017e-25 2.624317e-26 1.875449e-25 
2.882000e+00 1.608212e-25 2.612347e-26 1.869447e-25 
2.884000e+00 1.602962e-25 2.608258e-26 1.863788e-25 
2.886000e+00 1.597844e-25 2.603267e-26 1.858171e-25 
2.888000e+00 1.594771e-25 2.586416e-26 1.853413e-25 
2.890000e+00 1.590858e-25 2.583101e-26 1.849168e-25 
2.892000e+00 1.596679e-25 2.578984e-26 1.854578e-25 
2.894000e+00 1.584460e-25 2.565772e-26 1.841037e-25 
2.896000e+00 1.580397e-25 2.563248e-26 1.836722e-25 
2.898000e+00 1.575781e-25 2.558878e-26 1.831669e-25 
2.900000e+00 1.571764e-25 2.547111e-26 1.826475e-25 
2.902000e+00 1.568605e-25 2.544866e-26 1.823091e-25 
2.904000e+00 1.563328e-25 2.538336e-26 1.817161e-25 
2.906000e+00 1.558967e-25 2.529686e-26 1.811936e-25 
2.908000e+00 1.554711e-25 2.527217e-26 1.807432e-25 
2.910000e+00 1.552607e-25 2.512007e-26 1.803808e-25 
2.912000e+00 1.548906e-25 2.510206e-26 1.799926e-25 
2.914000e+00 1.544400e-25 2.507360e-26 1.795136e-25 
2.916000e+00 1.540151e-25 2.490675e-26 1.789219e-25 
2.918000e+00 1.535679e-25 2.493167e-26 1.784996e-25 
2.920000e+00 1.531729e-25 2.492707e-26 1.780999e-25 
2.922000e+00 1.527481e-25 2.479997e-26 1.775480e-25 
2.924000e+00 1.523359e-25 2.478987e-26 1.771258e-25 
2.926000e+00 1.521273e-25 2.474068e-26 1.768680e-25 
2.928000e+00 1.516211e-25 2.462083e-26 1.762420e-25 
2.930000e+00 1.512922e-25 2.461304e-26 1.759053e-25 
2.932000e+00 1.508452e-25 2.453283e-26 1.753781e-25 
2.934000e+00 1.503869e-25 2.447302e-26 1.748599e-25 
2.936000e+00 1.500164e-25 2.439802e-26 1.744144e-25 
2.938000e+00 1.495860e-25 2.436048e-26 1.739465e-25 
2.940000e+00 1.493508e-25 2.428304e-26 1.736338e-25 
2.942000e+00 1.488868e-25 2.420273e-26 1.730895e-25 
2.944000e+00 1.485491e-25 2.417043e-26 1.727195e-25 
2.946000e+00 1.480315e-25 2.407273e-26 1.721042e-25 
2.948000e+00 1.477108e-25 2.405218e-26 1.717630e-25 
2.950000e+00 1.472834e-25 2.401054e-26 1.712940e-25 
2.952000e+00 1.469141e-25 2.389983e-26 1.708140e-25 
2.954000e+00 1.465321e-25 2.385463e-26 1.703867e-25 
2.956000e+00 1.461626e-25 2.381565e-26 1.699783e-25 
2.958000e+00 1.457747e-25 2.378388e-26 1.695586e-25 
2.960000e+00 1.453709e-25 2.370330e-26 1.690742e-25 
2.962000e+00 1.452257e-25 2.364654e-26 1.688722e-25 
2.964000e+00 1.447251e-25 2.363445e-26 1.683595e-25 
2.966000e+00 1.443947e-25 2.352368e-26 1.679183e-25 
2.968000e+00 1.441150e-25 2.351087e-26 1.676258e-25 
2.970000e+00 1.437094e-25 2.343689e-26 1.671463e-25 
2.972000e+00 1.433189e-25 2.342454e-26 1.667434e-25 
2.974000e+00 1.428978e-25 2.330646e-26 1.662043e-25 
2.976000e+00 1.424602e-25 2.329883e-26 1.657590e-25 
2.978000e+00 1.422390e-25 2.327364e-26 1.655127e-25 
2.980000e+00 1.418557e-25 2.316535e-26 1.650211e-25 
2.982000e+00 1.414574e-25 2.316157e-26 1.646189e-25 
2.984000e+00 1.409262e-25 2.306322e-26 1.639894e-25 
2.986000e+00 1.407850e-25 2.307300e-26 1.638580e-25 
2.988000e+00 1.404842e-25 2.295816e-26 1.634423e-25 
2.990000e+00 1.399869e-25 2.294121e-26 1.629281e-25 
2.992000e+00 1.399396e-25 2.283544e-26 1.627750e-25 
2.994000e+00 1.395019e-25 2.278446e-26 1.622864e-25 
2.996000e+00 1.390691e-25 2.271589e-26 1.617850e-25 
2.998000e+00 1.386154e-25 2.269174e-26 1.613072e-25 
