1.000000e-01 1.836965e-22 1.380972e-22 3.217936e-22 
1.020000e-01 1.833496e-22 1.370525e-22 3.204021e-22 
1.040000e-01 1.825508e-22 1.358502e-22 3.184010e-22 
1.060000e-01 1.813456e-22 1.347811e-22 3.161268e-22 
1.080000e-01 1.796698e-22 1.336461e-22 3.133160e-22 
1.100000e-01 1.773366e-22 1.324510e-22 3.097876e-22 
1.120000e-01 1.739429e-22 1.313482e-22 3.052911e-22 
1.140000e-01 1.681981e-22 1.301757e-22 2.983738e-22 
1.160000e-01 1.512170e-22 1.289406e-22 2.801576e-22 
1.180000e-01 1.659970e-22 1.278479e-22 2.938448e-22 
1.200000e-01 1.718835e-22 1.267133e-22 2.985967e-22 
1.220000e-01 1.748256e-22 1.255002e-22 3.003259e-22 
1.240000e-01 1.767383e-22 1.243723e-22 3.011106e-22 
1.260000e-01 1.781390e-22 1.232164e-22 3.013554e-22 
1.280000e-01 1.792008e-22 1.220559e-22 3.012567e-22 
1.300000e-01 1.800085e-22 1.208949e-22 3.009034e-22 
1.320000e-01 1.806509e-22 1.197490e-22 3.003999e-22 
1.340000e-01 1.811671e-22 1.185913e-22 2.997584e-22 
1.360000e-01 1.815703e-22 1.174614e-22 2.990316e-22 
1.380000e-01 1.818799e-22 1.162931e-22 2.981730e-22 
1.400000e-01 1.821089e-22 1.151703e-22 2.972792e-22 
1.420000e-01 1.822895e-22 1.139971e-22 2.962866e-22 
1.440000e-01 1.823979e-22 1.128420e-22 2.952399e-22 
1.460000e-01 1.824389e-22 1.116798e-22 2.941187e-22 
1.480000e-01 1.746292e-22 1.105387e-22 2.851678e-22 
1.500000e-01 1.823382e-22 1.093846e-22 2.917227e-22 
1.520000e-01 1.822107e-22 1.082034e-22 2.904142e-22 
1.540000e-01 1.819980e-22 1.070765e-22 2.890746e-22 
1.560000e-01 1.817061e-22 1.043907e-22 2.860968e-22 
1.580000e-01 1.812923e-22 1.032273e-22 2.845196e-22 
1.600000e-01 1.808157e-22 1.021275e-22 2.829432e-22 
1.620000e-01 1.801858e-22 1.009861e-22 2.811719e-22 
1.640000e-01 1.792321e-22 9.982130e-23 2.790534e-22 
1.660000e-01 1.775170e-22 9.869664e-23 2.762137e-22 
1.680000e-01 1.725025e-22 9.759300e-23 2.700955e-22 
1.700000e-01 1.743851e-22 9.649748e-23 2.708825e-22 
1.720000e-01 1.764736e-22 9.538302e-23 2.718567e-22 
1.740000e-01 1.774593e-22 9.425872e-23 2.717181e-22 
1.760000e-01 1.780936e-22 9.313320e-23 2.712268e-22 
1.780000e-01 1.785771e-22 9.200545e-23 2.705825e-22 
1.800000e-01 1.789682e-22 9.087173e-23 2.698400e-22 
1.820000e-01 1.793005e-22 8.973216e-23 2.690326e-22 
1.840000e-01 1.796027e-22 8.858586e-23 2.681886e-22 
1.860000e-01 1.798822e-22 8.744433e-23 2.673265e-22 
1.880000e-01 1.801567e-22 8.627417e-23 2.664309e-22 
1.900000e-01 1.804277e-22 8.510852e-23 2.655362e-22 
1.920000e-01 1.807484e-22 8.391761e-23 2.646660e-22 
1.940000e-01 1.773591e-22 8.275790e-23 2.601170e-22 
1.960000e-01 1.819210e-22 8.157391e-23 2.634949e-22 
1.980000e-01 1.836452e-22 8.039694e-23 2.640422e-22 
2.000000e-01 1.872035e-22 7.921035e-23 2.664139e-22 
2.020000e-01 1.845581e-22 7.803425e-23 2.625924e-22 
2.040000e-01 1.835028e-22 7.685330e-23 2.603561e-22 
2.060000e-01 1.827603e-22 7.562483e-23 2.583852e-22 
2.080000e-01 1.821607e-22 7.439761e-23 2.565584e-22 
2.100000e-01 1.816215e-22 7.236445e-23 2.539859e-22 
2.120000e-01 1.811239e-22 7.185948e-23 2.529834e-22 
2.140000e-01 1.806651e-22 7.054539e-23 2.512105e-22 
2.160000e-01 1.802241e-22 6.921102e-23 2.494351e-22 
2.180000e-01 1.797825e-22 6.782352e-23 2.476060e-22 
2.200000e-01 1.793909e-22 6.647614e-23 2.458671e-22 
2.220000e-01 1.790108e-22 6.511621e-23 2.441270e-22 
2.240000e-01 1.785988e-22 6.374087e-23 2.423396e-22 
2.260000e-01 1.781810e-22 6.232192e-23 2.405029e-22 
2.280000e-01 1.777239e-22 6.082111e-23 2.385450e-22 
2.300000e-01 1.772765e-22 5.932152e-23 2.365980e-22 
2.320000e-01 1.768368e-22 5.776138e-23 2.345981e-22 
2.340000e-01 1.763733e-22 5.613982e-23 2.325131e-22 
2.360000e-01 1.759131e-22 5.448484e-23 2.303979e-22 
2.380000e-01 1.754296e-22 5.276957e-23 2.281991e-22 
2.400000e-01 1.744282e-22 5.133792e-23 2.257661e-22 
2.420000e-01 1.744542e-22 5.019351e-23 2.246477e-22 
2.440000e-01 1.739550e-22 4.908810e-23 2.230431e-22 
2.460000e-01 1.734806e-22 4.764742e-23 2.211280e-22 
2.480000e-01 1.730119e-22 4.593549e-23 2.189474e-22 
2.500000e-01 1.725437e-22 4.391577e-23 2.164594e-22 
2.520000e-01 1.720763e-22 4.141584e-23 2.134921e-22 
2.540000e-01 1.715915e-22 3.862304e-23 2.102145e-22 
2.560000e-01 1.711157e-22 3.555150e-23 2.066672e-22 
2.580000e-01 1.706245e-22 3.203451e-23 2.026590e-22 
2.600000e-01 1.701357e-22 2.754598e-23 1.976817e-22 
2.620000e-01 1.696319e-22 2.211258e-23 1.917445e-22 
2.640000e-01 1.691234e-22 1.564031e-23 1.847637e-22 
2.660000e-01 1.686246e-22 9.465798e-24 1.780904e-22 
2.680000e-01 1.681120e-22 4.234282e-24 1.723463e-22 
2.700000e-01 1.676107e-22 8.943162e-25 1.685050e-22 
2.720000e-01 1.671024e-22 7.569978e-25 1.678594e-22 
2.740000e-01 1.666158e-22 4.633742e-24 1.712495e-22 
2.760000e-01 1.661342e-22 1.289666e-23 1.790308e-22 
2.780000e-01 1.656624e-22 1.896684e-23 1.846292e-22 
2.800000e-01 1.651781e-22 3.157735e-23 1.967555e-22 
2.820000e-01 1.646876e-22 3.681766e-23 2.015053e-22 
2.840000e-01 1.641703e-22 3.499146e-23 1.991617e-22 
2.860000e-01 1.636625e-22 3.319125e-23 1.968538e-22 
2.880000e-01 1.631281e-22 3.217915e-23 1.953072e-22 
2.900000e-01 1.626001e-22 3.192997e-23 1.945301e-22 
2.920000e-01 1.620431e-22 3.230674e-23 1.943499e-22 
2.940000e-01 1.614947e-22 3.322467e-23 1.947194e-22 
2.960000e-01 1.609306e-22 3.441604e-23 1.953466e-22 
2.980000e-01 1.603767e-22 3.585819e-23 1.962349e-22 
3.000000e-01 1.598066e-22 3.722675e-23 1.970334e-22 
3.020000e-01 1.592356e-22 3.832755e-23 1.975632e-22 
3.040000e-01 1.586430e-22 3.917537e-23 1.978184e-22 
3.060000e-01 1.580603e-22 3.988394e-23 1.979442e-22 
3.080000e-01 1.574575e-22 4.058945e-23 1.980469e-22 
3.100000e-01 1.568622e-22 4.107763e-23 1.979398e-22 
3.120000e-01 1.562479e-22 4.150857e-23 1.977564e-22 
3.140000e-01 1.556292e-22 4.173560e-23 1.973648e-22 
3.160000e-01 1.550008e-22 4.182325e-23 1.968241e-22 
3.180000e-01 1.543700e-22 4.173898e-23 1.961090e-22 
3.200000e-01 1.537409e-22 4.175114e-23 1.954920e-22 
3.220000e-01 1.531033e-22 4.182189e-23 1.949251e-22 
3.240000e-01 1.524699e-22 4.205311e-23 1.945230e-22 
3.260000e-01 1.518192e-22 4.233080e-23 1.941500e-22 
3.280000e-01 1.511776e-22 4.256674e-23 1.937444e-22 
3.300000e-01 1.505251e-22 4.280887e-23 1.933340e-22 
3.320000e-01 1.498862e-22 4.301245e-23 1.928986e-22 
3.340000e-01 1.492534e-22 4.321670e-23 1.924701e-22 
3.360000e-01 1.486225e-22 4.337524e-23 1.919977e-22 
3.380000e-01 1.479888e-22 4.352857e-23 1.915174e-22 
3.400000e-01 1.473466e-22 4.365216e-23 1.909987e-22 
3.420000e-01 1.467052e-22 4.378358e-23 1.904888e-22 
3.440000e-01 1.460400e-22 4.392944e-23 1.899694e-22 
3.460000e-01 1.453888e-22 4.407209e-23 1.894609e-22 
3.480000e-01 1.447145e-22 4.419961e-23 1.889141e-22 
3.500000e-01 1.440338e-22 4.432299e-23 1.883568e-22 
3.520000e-01 1.433552e-22 4.442592e-23 1.877811e-22 
3.540000e-01 1.426543e-22 4.452705e-23 1.871813e-22 
3.560000e-01 1.419701e-22 4.461626e-23 1.865863e-22 
3.580000e-01 1.412711e-22 4.470415e-23 1.859753e-22 
3.600000e-01 1.405764e-22 4.476959e-23 1.853460e-22 
3.620000e-01 1.398806e-22 4.483709e-23 1.847177e-22 
3.640000e-01 1.391795e-22 4.490303e-23 1.840825e-22 
3.660000e-01 1.384841e-22 4.497213e-23 1.834562e-22 
3.680000e-01 1.377779e-22 4.502315e-23 1.828011e-22 
3.700000e-01 1.370725e-22 4.507805e-23 1.821505e-22 
3.720000e-01 1.363621e-22 4.512725e-23 1.814893e-22 
3.740000e-01 1.356321e-22 4.517927e-23 1.808114e-22 
3.760000e-01 1.349097e-22 4.521356e-23 1.801233e-22 
3.780000e-01 1.341695e-22 4.523989e-23 1.794094e-22 
3.800000e-01 1.334167e-22 4.525578e-23 1.786725e-22 
3.820000e-01 1.326685e-22 4.526430e-23 1.779328e-22 
3.840000e-01 1.318905e-22 4.527237e-23 1.771628e-22 
3.860000e-01 1.311273e-22 4.528282e-23 1.764101e-22 
3.880000e-01 1.303625e-22 4.529079e-23 1.756533e-22 
3.900000e-01 1.295890e-22 4.529405e-23 1.748831e-22 
3.920000e-01 1.288185e-22 4.529981e-23 1.741183e-22 
3.940000e-01 1.280450e-22 4.530388e-23 1.733489e-22 
3.960000e-01 1.272787e-22 4.530926e-23 1.725880e-22 
3.980000e-01 1.265193e-22 4.530899e-23 1.718283e-22 
4.000000e-01 1.257522e-22 4.530480e-23 1.710570e-22 
4.020000e-01 1.249915e-22 4.529414e-23 1.702856e-22 
4.040000e-01 1.242280e-22 4.527022e-23 1.694982e-22 
4.060000e-01 1.234507e-22 4.524919e-23 1.686999e-22 
4.080000e-01 1.226771e-22 4.522726e-23 1.679044e-22 
4.100000e-01 1.218971e-22 4.520794e-23 1.671050e-22 
4.120000e-01 1.211113e-22 4.518362e-23 1.662949e-22 
4.140000e-01 1.203349e-22 4.515763e-23 1.654926e-22 
4.160000e-01 1.195508e-22 4.513382e-23 1.646846e-22 
4.180000e-01 1.187533e-22 4.510869e-23 1.638620e-22 
4.200000e-01 1.179747e-22 4.508496e-23 1.630597e-22 
4.220000e-01 1.171769e-22 4.505602e-23 1.622329e-22 
4.240000e-01 1.163771e-22 4.502895e-23 1.614060e-22 
4.260000e-01 1.155820e-22 4.499681e-23 1.605789e-22 
4.280000e-01 1.147823e-22 4.496298e-23 1.597453e-22 
4.300000e-01 1.139833e-22 4.492836e-23 1.589117e-22 
4.320000e-01 1.131873e-22 4.488846e-23 1.580758e-22 
4.340000e-01 1.123788e-22 4.485208e-23 1.572309e-22 
4.360000e-01 1.115719e-22 4.413421e-23 1.557061e-22 
4.380000e-01 1.107593e-22 4.410750e-23 1.548668e-22 
4.400000e-01 1.099420e-22 4.408015e-23 1.540222e-22 
4.420000e-01 1.091249e-22 4.403697e-23 1.531619e-22 
4.440000e-01 1.083132e-22 4.399660e-23 1.523099e-22 
4.460000e-01 1.074927e-22 4.395412e-23 1.514468e-22 
4.480000e-01 1.066670e-22 4.390928e-23 1.505763e-22 
4.500000e-01 1.058509e-22 4.386982e-23 1.497207e-22 
4.520000e-01 1.050244e-22 4.380727e-23 1.488317e-22 
4.540000e-01 1.041914e-22 4.374291e-23 1.479343e-22 
4.560000e-01 1.033634e-22 4.368220e-23 1.470456e-22 
4.580000e-01 1.025323e-22 4.361825e-23 1.461505e-22 
4.600000e-01 1.016892e-22 4.355635e-23 1.452456e-22 
4.620000e-01 1.008564e-22 4.349440e-23 1.443508e-22 
4.640000e-01 1.000160e-22 4.343153e-23 1.434476e-22 
4.660000e-01 9.916485e-23 4.336690e-23 1.425317e-22 
4.680000e-01 9.831618e-23 4.330523e-23 1.416214e-22 
4.700000e-01 9.746521e-23 4.324357e-23 1.407088e-22 
4.720000e-01 9.659737e-23 4.317970e-23 1.397771e-22 
4.740000e-01 9.572370e-23 4.310320e-23 1.388269e-22 
4.760000e-01 9.485087e-23 4.302757e-23 1.378784e-22 
4.780000e-01 9.397297e-23 4.294916e-23 1.369221e-22 
4.800000e-01 9.308502e-23 4.286915e-23 1.359542e-22 
4.820000e-01 9.219152e-23 4.278508e-23 1.349766e-22 
4.840000e-01 9.129175e-23 4.270334e-23 1.339951e-22 
4.860000e-01 9.037736e-23 4.261844e-23 1.329958e-22 
4.880000e-01 8.945460e-23 4.253570e-23 1.319903e-22 
4.900000e-01 8.852390e-23 4.244290e-23 1.309668e-22 
4.920000e-01 8.758427e-23 4.234826e-23 1.299325e-22 
4.940000e-01 8.662668e-23 4.225507e-23 1.288817e-22 
4.960000e-01 8.566588e-23 4.215795e-23 1.278238e-22 
4.980000e-01 8.468288e-23 4.206252e-23 1.267454e-22 
5.000000e-01 8.367797e-23 4.196497e-23 1.256429e-22 
5.020000e-01 8.266386e-23 4.187467e-23 1.245385e-22 
5.040000e-01 8.162851e-23 4.178223e-23 1.234107e-22 
5.060000e-01 8.056964e-23 4.168968e-23 1.222593e-22 
5.080000e-01 7.948440e-23 4.159801e-23 1.210824e-22 
5.100000e-01 7.837357e-23 4.150658e-23 1.198802e-22 
5.120000e-01 7.722488e-23 4.141512e-23 1.186400e-22 
5.140000e-01 7.604796e-23 4.132269e-23 1.173707e-22 
5.160000e-01 7.482812e-23 4.123444e-23 1.160626e-22 
5.180000e-01 7.356132e-23 4.114511e-23 1.147064e-22 
5.200000e-01 7.222565e-23 4.105689e-23 1.132825e-22 
5.220000e-01 7.083005e-23 4.096905e-23 1.117991e-22 
5.240000e-01 6.935248e-23 4.087682e-23 1.102293e-22 
5.260000e-01 6.777469e-23 4.078136e-23 1.085561e-22 
5.280000e-01 6.607545e-23 4.068449e-23 1.067599e-22 
5.300000e-01 6.422863e-23 4.058831e-23 1.048169e-22 
5.320000e-01 6.219514e-23 4.049330e-23 1.026884e-22 
5.340000e-01 5.981087e-23 4.039464e-23 1.002055e-22 
5.360000e-01 5.694793e-23 4.029179e-23 9.723972e-23 
5.380000e-01 5.305111e-23 4.018031e-23 9.323142e-23 
5.400000e-01 4.753916e-23 4.007053e-23 8.760969e-23 
5.420000e-01 4.140683e-23 3.996480e-23 8.137163e-23 
5.440000e-01 3.750639e-23 3.986650e-23 7.737289e-23 
5.460000e-01 3.817397e-23 3.976918e-23 7.794315e-23 
5.480000e-01 4.225035e-23 3.966894e-23 8.191928e-23 
5.500000e-01 4.655452e-23 3.955951e-23 8.611403e-23 
5.520000e-01 4.985829e-23 3.945084e-23 8.930913e-23 
5.540000e-01 5.184930e-23 3.934425e-23 9.119355e-23 
5.560000e-01 5.333339e-23 3.924564e-23 9.257902e-23 
5.580000e-01 5.445848e-23 3.914511e-23 9.360359e-23 
5.600000e-01 5.539318e-23 3.904787e-23 9.444105e-23 
5.620000e-01 5.618414e-23 3.894289e-23 9.512703e-23 
5.640000e-01 5.685291e-23 3.883717e-23 9.569009e-23 
5.660000e-01 5.742493e-23 3.873174e-23 9.615668e-23 
5.680000e-01 5.790552e-23 3.862446e-23 9.652999e-23 
5.700000e-01 5.831318e-23 3.851702e-23 9.683020e-23 
5.720000e-01 5.865724e-23 3.840726e-23 9.706451e-23 
5.740000e-01 5.895813e-23 3.829849e-23 9.725662e-23 
5.760000e-01 5.925863e-23 3.818796e-23 9.744659e-23 
5.780000e-01 5.944092e-23 3.808116e-23 9.752208e-23 
5.800000e-01 5.961591e-23 3.797170e-23 9.758761e-23 
5.820000e-01 5.976618e-23 3.786581e-23 9.763199e-23 
5.840000e-01 5.989156e-23 3.775965e-23 9.765121e-23 
5.860000e-01 5.999350e-23 3.765671e-23 9.765021e-23 
5.880000e-01 6.005464e-23 3.754801e-23 9.760265e-23 
5.900000e-01 6.010255e-23 3.744128e-23 9.754383e-23 
5.920000e-01 6.013226e-23 3.733223e-23 9.746448e-23 
5.940000e-01 6.014391e-23 3.722077e-23 9.736468e-23 
5.960000e-01 6.013432e-23 3.711424e-23 9.724857e-23 
5.980000e-01 6.010298e-23 3.700393e-23 9.710691e-23 
6.000000e-01 6.006689e-23 3.689258e-23 9.695947e-23 
6.020000e-01 6.001200e-23 3.677293e-23 9.678493e-23 
6.040000e-01 5.994148e-23 3.665152e-23 9.659299e-23 
6.060000e-01 5.985678e-23 3.652862e-23 9.638540e-23 
6.080000e-01 5.976254e-23 3.641764e-23 9.618018e-23 
6.100000e-01 5.966201e-23 3.632104e-23 9.598305e-23 
6.120000e-01 5.954955e-23 3.621919e-23 9.576874e-23 
6.140000e-01 5.940929e-23 3.612013e-23 9.552941e-23 
6.160000e-01 5.927466e-23 3.600551e-23 9.528017e-23 
6.180000e-01 5.912707e-23 3.588952e-23 9.501658e-23 
6.200000e-01 5.897245e-23 3.577405e-23 9.474650e-23 
6.220000e-01 5.880454e-23 3.566007e-23 9.446461e-23 
6.240000e-01 5.862605e-23 3.554815e-23 9.417421e-23 
6.260000e-01 5.844600e-23 3.543948e-23 9.388548e-23 
6.280000e-01 5.825490e-23 3.533012e-23 9.358502e-23 
6.300000e-01 5.805205e-23 3.521670e-23 9.326875e-23 
6.320000e-01 5.784238e-23 3.509797e-23 9.294035e-23 
6.340000e-01 5.762609e-23 3.497889e-23 9.260498e-23 
6.360000e-01 5.739955e-23 3.486073e-23 9.226027e-23 
6.380000e-01 5.716575e-23 3.475108e-23 9.191683e-23 
6.400000e-01 5.692066e-23 3.463516e-23 9.155582e-23 
6.420000e-01 5.666143e-23 3.451927e-23 9.118069e-23 
6.440000e-01 5.640315e-23 3.441116e-23 9.081431e-23 
6.460000e-01 5.613292e-23 3.430985e-23 9.044277e-23 
6.480000e-01 5.585079e-23 3.420743e-23 9.005822e-23 
6.500000e-01 5.555372e-23 3.411212e-23 8.966584e-23 
6.520000e-01 5.524609e-23 3.399452e-23 8.924060e-23 
6.540000e-01 5.493149e-23 3.387078e-23 8.880227e-23 
6.560000e-01 5.459769e-23 3.374789e-23 8.834557e-23 
6.580000e-01 5.425248e-23 3.362408e-23 8.787657e-23 
6.600000e-01 5.389430e-23 3.351384e-23 8.740814e-23 
6.620000e-01 5.351935e-23 3.340033e-23 8.691968e-23 
6.640000e-01 5.313587e-23 3.329006e-23 8.642593e-23 
6.660000e-01 5.272754e-23 3.317765e-23 8.590519e-23 
6.680000e-01 5.230516e-23 3.306331e-23 8.536847e-23 
6.700000e-01 5.186393e-23 3.294602e-23 8.480995e-23 
6.720000e-01 5.141268e-23 3.282810e-23 8.424078e-23 
6.740000e-01 5.093784e-23 3.271148e-23 8.364932e-23 
6.760000e-01 5.043536e-23 3.260065e-23 8.303601e-23 
6.780000e-01 4.991279e-23 3.249246e-23 8.240525e-23 
6.800000e-01 4.937135e-23 3.238282e-23 8.175418e-23 
6.820000e-01 4.878478e-23 3.226947e-23 8.105425e-23 
6.840000e-01 4.816859e-23 3.216089e-23 8.032948e-23 
6.860000e-01 4.751171e-23 3.205233e-23 7.956404e-23 
6.880000e-01 4.679818e-23 3.194146e-23 7.873964e-23 
6.900000e-01 4.603725e-23 3.182791e-23 7.786515e-23 
6.920000e-01 4.518926e-23 3.171796e-23 7.690722e-23 
6.940000e-01 4.422635e-23 3.160545e-23 7.583180e-23 
6.960000e-01 4.316865e-23 3.149697e-23 7.466563e-23 
6.980000e-01 4.187264e-23 3.138070e-23 7.325334e-23 
7.000000e-01 4.006180e-23 3.126869e-23 7.133049e-23 
7.020000e-01 3.791899e-23 3.115207e-23 6.907106e-23 
7.040000e-01 3.530565e-23 3.104042e-23 6.634607e-23 
7.060000e-01 3.355096e-23 3.092377e-23 6.447473e-23 
7.080000e-01 3.260092e-23 3.081474e-23 6.341566e-23 
7.100000e-01 3.362470e-23 3.069800e-23 6.432270e-23 
7.120000e-01 3.530392e-23 3.058624e-23 6.589016e-23 
7.140000e-01 3.768002e-23 3.047258e-23 6.815259e-23 
7.160000e-01 3.960599e-23 3.036415e-23 6.997014e-23 
7.180000e-01 4.123651e-23 3.025189e-23 7.148840e-23 
7.200000e-01 4.222689e-23 3.014119e-23 7.236809e-23 
7.220000e-01 4.300312e-23 3.003147e-23 7.303459e-23 
7.240000e-01 4.367481e-23 2.992546e-23 7.360027e-23 
7.260000e-01 4.420729e-23 2.981747e-23 7.402476e-23 
7.280000e-01 4.468264e-23 2.971398e-23 7.439662e-23 
7.300000e-01 4.511260e-23 2.960078e-23 7.471338e-23 
7.320000e-01 4.545420e-23 2.949082e-23 7.494502e-23 
7.340000e-01 4.577672e-23 2.937609e-23 7.515281e-23 
7.360000e-01 4.605519e-23 2.926392e-23 7.531912e-23 
7.380000e-01 4.630774e-23 2.914929e-23 7.545703e-23 
7.400000e-01 4.653923e-23 2.903565e-23 7.557488e-23 
7.420000e-01 4.673500e-23 2.892305e-23 7.565805e-23 
7.440000e-01 4.691043e-23 2.881420e-23 7.572462e-23 
7.460000e-01 4.706759e-23 2.869915e-23 7.576674e-23 
7.480000e-01 4.734909e-23 2.859160e-23 7.594069e-23 
7.500000e-01 4.734028e-23 2.848447e-23 7.582475e-23 
7.520000e-01 4.745324e-23 2.838085e-23 7.583410e-23 
7.540000e-01 4.754837e-23 2.827120e-23 7.581957e-23 
7.560000e-01 4.762985e-23 2.816313e-23 7.579298e-23 
7.580000e-01 4.770288e-23 2.806034e-23 7.576322e-23 
7.600000e-01 4.777033e-23 2.795495e-23 7.572528e-23 
7.620000e-01 4.782224e-23 2.785284e-23 7.567508e-23 
7.640000e-01 4.786870e-23 2.774792e-23 7.561662e-23 
7.660000e-01 4.790171e-23 2.764582e-23 7.554753e-23 
7.680000e-01 4.792756e-23 2.754842e-23 7.547598e-23 
7.700000e-01 4.794867e-23 2.744567e-23 7.539434e-23 
7.720000e-01 4.796162e-23 2.734611e-23 7.530773e-23 
7.740000e-01 4.796478e-23 2.724100e-23 7.520578e-23 
7.760000e-01 4.796038e-23 2.712956e-23 7.508994e-23 
7.780000e-01 4.794883e-23 2.702326e-23 7.497209e-23 
7.800000e-01 4.793168e-23 2.691498e-23 7.484666e-23 
7.820000e-01 4.790658e-23 2.680094e-23 7.470753e-23 
7.840000e-01 4.787706e-23 2.670054e-23 7.457760e-23 
7.860000e-01 4.783152e-23 2.659628e-23 7.442780e-23 
7.880000e-01 4.778454e-23 2.649229e-23 7.427683e-23 
7.900000e-01 4.773134e-23 2.638896e-23 7.412030e-23 
7.920000e-01 4.766783e-23 2.628405e-23 7.395187e-23 
7.940000e-01 4.759760e-23 2.618558e-23 7.378318e-23 
7.960000e-01 4.749701e-23 2.608718e-23 7.358419e-23 
7.980000e-01 4.739729e-23 2.598490e-23 7.338218e-23 
8.000000e-01 4.729657e-23 2.588446e-23 7.318103e-23 
8.020000e-01 4.720663e-23 2.578725e-23 7.299388e-23 
8.040000e-01 4.712573e-23 2.569234e-23 7.281807e-23 
8.060000e-01 4.705031e-23 2.559103e-23 7.264134e-23 
8.080000e-01 4.697602e-23 2.549015e-23 7.246617e-23 
8.100000e-01 4.689624e-23 2.539089e-23 7.228713e-23 
8.120000e-01 4.682266e-23 2.528859e-23 7.211125e-23 
8.140000e-01 4.675879e-23 2.517790e-23 7.193668e-23 
8.160000e-01 4.669110e-23 2.507464e-23 7.176575e-23 
8.180000e-01 4.662407e-23 2.496799e-23 7.159206e-23 
8.200000e-01 4.655470e-23 2.487075e-23 7.142546e-23 
8.220000e-01 4.649082e-23 2.477747e-23 7.126829e-23 
8.240000e-01 4.642168e-23 2.468481e-23 7.110650e-23 
8.260000e-01 4.636096e-23 2.459630e-23 7.095726e-23 
8.280000e-01 4.629796e-23 2.450251e-23 7.080047e-23 
8.300000e-01 4.623290e-23 2.440702e-23 7.063992e-23 
8.320000e-01 4.617328e-23 2.430943e-23 7.048271e-23 
8.340000e-01 4.611161e-23 2.421108e-23 7.032269e-23 
8.360000e-01 4.605332e-23 2.411149e-23 7.016481e-23 
8.380000e-01 4.599760e-23 2.401167e-23 7.000927e-23 
8.400000e-01 4.594235e-23 2.391332e-23 6.985567e-23 
8.420000e-01 4.589167e-23 2.382620e-23 6.971788e-23 
8.440000e-01 4.584274e-23 2.372832e-23 6.957106e-23 
8.460000e-01 4.579032e-23 2.363435e-23 6.942468e-23 
8.480000e-01 4.574413e-23 2.353745e-23 6.928158e-23 
8.500000e-01 4.570166e-23 2.344778e-23 6.914944e-23 
8.520000e-01 4.565971e-23 2.335562e-23 6.901534e-23 
8.540000e-01 4.561989e-23 2.326482e-23 6.888471e-23 
8.560000e-01 4.558218e-23 2.317495e-23 6.875713e-23 
8.580000e-01 4.554224e-23 2.308402e-23 6.862627e-23 
8.600000e-01 4.550321e-23 2.298387e-23 6.848708e-23 
8.620000e-01 4.546064e-23 2.288621e-23 6.834685e-23 
8.640000e-01 4.542025e-23 2.278913e-23 6.820938e-23 
8.660000e-01 4.537038e-23 2.269197e-23 6.806235e-23 
8.680000e-01 4.532989e-23 2.259803e-23 6.792791e-23 
8.700000e-01 4.528499e-23 2.250159e-23 6.778658e-23 
8.720000e-01 4.522728e-23 2.240503e-23 6.763231e-23 
8.740000e-01 4.517288e-23 2.231569e-23 6.748857e-23 
8.760000e-01 4.510613e-23 2.221834e-23 6.732447e-23 
8.780000e-01 4.503498e-23 2.212548e-23 6.716046e-23 
8.800000e-01 4.496217e-23 2.204361e-23 6.700578e-23 
8.820000e-01 4.488725e-23 2.196071e-23 6.684796e-23 
8.840000e-01 4.481877e-23 2.188153e-23 6.670030e-23 
8.860000e-01 4.474640e-23 2.179613e-23 6.654252e-23 
8.880000e-01 4.466744e-23 2.171565e-23 6.638309e-23 
8.900000e-01 4.458831e-23 2.162722e-23 6.621553e-23 
8.920000e-01 4.450338e-23 2.154131e-23 6.604469e-23 
8.940000e-01 4.441946e-23 2.145245e-23 6.587191e-23 
8.960000e-01 4.434015e-23 2.136735e-23 6.570750e-23 
8.980000e-01 4.426101e-23 2.128093e-23 6.554194e-23 
9.000000e-01 4.417420e-23 2.118995e-23 6.536415e-23 
9.020000e-01 4.408886e-23 2.109393e-23 6.518279e-23 
9.040000e-01 4.399888e-23 2.100053e-23 6.499941e-23 
9.060000e-01 4.390871e-23 2.091083e-23 6.481954e-23 
9.080000e-01 4.382546e-23 2.081351e-23 6.463898e-23 
9.100000e-01 4.373162e-23 2.073271e-23 6.446433e-23 
9.120000e-01 4.364480e-23 2.065260e-23 6.429740e-23 
9.140000e-01 4.355009e-23 2.056937e-23 6.411946e-23 
9.160000e-01 4.345479e-23 2.048870e-23 6.394349e-23 
9.180000e-01 4.336310e-23 2.041051e-23 6.377361e-23 
9.200000e-01 4.326352e-23 1.910820e-23 6.237172e-23 
9.220000e-01 4.317151e-23 2.023539e-23 6.340691e-23 
9.240000e-01 4.307953e-23 2.014890e-23 6.322843e-23 
9.260000e-01 4.298735e-23 2.006291e-23 6.305026e-23 
9.280000e-01 4.289285e-23 1.997513e-23 6.286799e-23 
9.300000e-01 4.279219e-23 1.989053e-23 6.268272e-23 
9.320000e-01 4.269363e-23 1.981542e-23 6.250905e-23 
9.340000e-01 4.259373e-23 1.974201e-23 6.233574e-23 
9.360000e-01 4.249277e-23 1.966773e-23 6.216051e-23 
9.380000e-01 4.239813e-23 1.958815e-23 6.198629e-23 
9.400000e-01 4.229318e-23 1.951339e-23 6.180657e-23 
9.420000e-01 4.219869e-23 1.943685e-23 6.163553e-23 
9.440000e-01 4.209364e-23 1.935698e-23 6.145061e-23 
9.460000e-01 4.199210e-23 1.927567e-23 6.126777e-23 
9.480000e-01 4.188800e-23 1.919653e-23 6.108452e-23 
9.500000e-01 4.179242e-23 1.911722e-23 6.090963e-23 
9.520000e-01 4.168661e-23 1.903546e-23 6.072207e-23 
9.540000e-01 4.158089e-23 1.896014e-23 6.054103e-23 
9.560000e-01 4.148128e-23 1.888587e-23 6.036715e-23 
9.580000e-01 4.137437e-23 1.880651e-23 6.018088e-23 
9.600000e-01 4.127591e-23 1.872980e-23 6.000571e-23 
9.620000e-01 4.117268e-23 1.865267e-23 5.982535e-23 
9.640000e-01 4.105876e-23 1.857283e-23 5.963159e-23 
9.660000e-01 4.095657e-23 1.848894e-23 5.944551e-23 
9.680000e-01 4.085089e-23 1.840525e-23 5.925614e-23 
9.700000e-01 4.074558e-23 1.831876e-23 5.906434e-23 
9.720000e-01 4.063921e-23 1.823607e-23 5.887528e-23 
9.740000e-01 4.053541e-23 1.815848e-23 5.869389e-23 
9.760000e-01 4.043064e-23 1.808625e-23 5.851688e-23 
9.780000e-01 4.032795e-23 1.801309e-23 5.834104e-23 
9.800000e-01 4.021924e-23 1.794140e-23 5.816064e-23 
9.820000e-01 4.011295e-23 1.786874e-23 5.798169e-23 
9.840000e-01 4.000031e-23 1.779823e-23 5.779855e-23 
9.860000e-01 3.989556e-23 1.772305e-23 5.761861e-23 
9.880000e-01 3.979202e-23 1.764189e-23 5.743391e-23 
9.900000e-01 3.968311e-23 1.756666e-23 5.724978e-23 
9.920000e-01 3.957455e-23 1.748597e-23 5.706052e-23 
9.940000e-01 3.947490e-23 1.740864e-23 5.688354e-23 
9.960000e-01 3.936234e-23 1.733680e-23 5.669914e-23 
9.980000e-01 3.926011e-23 1.728652e-23 5.654663e-23 
1.000000e+00 3.915227e-23 1.723561e-23 5.638788e-23 
1.002000e+00 3.904635e-23 1.717072e-23 5.621707e-23 
1.004000e+00 3.894356e-23 1.710400e-23 5.604755e-23 
1.006000e+00 3.883583e-23 1.703924e-23 5.587507e-23 
1.008000e+00 3.873107e-23 1.697197e-23 5.570304e-23 
1.010000e+00 3.862433e-23 1.690994e-23 5.553426e-23 
1.012000e+00 3.851638e-23 1.684014e-23 5.535652e-23 
1.014000e+00 3.840894e-23 1.677403e-23 5.518297e-23 
1.016000e+00 3.830039e-23 1.671022e-23 5.501061e-23 
1.018000e+00 3.819677e-23 1.664014e-23 5.483692e-23 
1.020000e+00 3.808996e-23 1.657481e-23 5.466477e-23 
1.022000e+00 3.798438e-23 1.650843e-23 5.449281e-23 
1.024000e+00 3.787464e-23 1.644056e-23 5.431520e-23 
1.026000e+00 3.776631e-23 1.637915e-23 5.414546e-23 
1.028000e+00 3.766324e-23 1.631917e-23 5.398241e-23 
1.030000e+00 3.755156e-23 1.625488e-23 5.380644e-23 
1.032000e+00 3.744546e-23 1.619227e-23 5.363773e-23 
1.034000e+00 3.733960e-23 1.612791e-23 5.346751e-23 
1.036000e+00 3.723655e-23 1.606535e-23 5.330190e-23 
1.038000e+00 3.712748e-23 1.599965e-23 5.312713e-23 
1.040000e+00 3.701677e-23 1.593965e-23 5.295641e-23 
1.042000e+00 3.691532e-23 1.587428e-23 5.278960e-23 
1.044000e+00 3.680596e-23 1.581085e-23 5.261682e-23 
1.046000e+00 3.670042e-23 1.574912e-23 5.244954e-23 
1.048000e+00 3.659817e-23 1.568528e-23 5.228345e-23 
1.050000e+00 3.649111e-23 1.562572e-23 5.211683e-23 
1.052000e+00 3.638357e-23 1.556370e-23 5.194727e-23 
1.054000e+00 3.627669e-23 1.550465e-23 5.178135e-23 
1.056000e+00 3.617355e-23 1.544883e-23 5.162237e-23 
1.058000e+00 3.606519e-23 1.538662e-23 5.145181e-23 
1.060000e+00 3.596508e-23 1.532494e-23 5.129002e-23 
1.062000e+00 3.585262e-23 1.526609e-23 5.111871e-23 
1.064000e+00 3.575099e-23 1.520629e-23 5.095728e-23 
1.066000e+00 3.564379e-23 1.514659e-23 5.079038e-23 
1.068000e+00 3.553776e-23 1.508372e-23 5.062148e-23 
1.070000e+00 3.542719e-23 1.502588e-23 5.045307e-23 
1.072000e+00 3.532823e-23 1.496731e-23 5.029554e-23 
1.074000e+00 3.521763e-23 1.490838e-23 5.012601e-23 
1.076000e+00 3.511404e-23 1.485148e-23 4.996552e-23 
1.078000e+00 3.500874e-23 1.479377e-23 4.980251e-23 
1.080000e+00 3.490606e-23 1.473612e-23 4.964219e-23 
1.082000e+00 3.480220e-23 1.467862e-23 4.948082e-23 
1.084000e+00 3.468777e-23 1.462228e-23 4.931005e-23 
1.086000e+00 3.459076e-23 1.456616e-23 4.915692e-23 
1.088000e+00 3.448010e-23 1.451175e-23 4.899185e-23 
1.090000e+00 3.437793e-23 1.445036e-23 4.882829e-23 
1.092000e+00 3.427795e-23 1.439243e-23 4.867038e-23 
1.094000e+00 3.416599e-23 1.433766e-23 4.850365e-23 
1.096000e+00 3.406093e-23 1.428181e-23 4.834274e-23 
1.098000e+00 3.395783e-23 1.422346e-23 4.818129e-23 
1.100000e+00 3.385379e-23 1.417045e-23 4.802424e-23 
1.102000e+00 3.375258e-23 1.411576e-23 4.786834e-23 
1.104000e+00 3.364572e-23 1.406033e-23 4.770605e-23 
1.106000e+00 3.354557e-23 1.400823e-23 4.755380e-23 
1.108000e+00 3.343798e-23 1.395369e-23 4.739168e-23 
1.110000e+00 3.333690e-23 1.390231e-23 4.723921e-23 
1.112000e+00 3.322933e-23 1.384170e-23 4.707103e-23 
1.114000e+00 3.312774e-23 1.378928e-23 4.691702e-23 
1.116000e+00 3.302482e-23 1.373433e-23 4.675914e-23 
1.118000e+00 3.291913e-23 1.368040e-23 4.659953e-23 
1.120000e+00 3.281141e-23 1.362468e-23 4.643609e-23 
1.122000e+00 3.271608e-23 1.356843e-23 4.628451e-23 
1.124000e+00 3.260655e-23 1.352013e-23 4.612667e-23 
1.126000e+00 3.250631e-23 1.346935e-23 4.597565e-23 
1.128000e+00 3.240052e-23 1.341926e-23 4.581978e-23 
1.130000e+00 3.229577e-23 1.336882e-23 4.566460e-23 
1.132000e+00 3.219555e-23 1.331372e-23 4.550926e-23 
1.134000e+00 3.209325e-23 1.326554e-23 4.535879e-23 
1.136000e+00 3.199794e-23 1.321268e-23 4.521062e-23 
1.138000e+00 3.189928e-23 1.316469e-23 4.506397e-23 
1.140000e+00 3.179372e-23 1.311302e-23 4.490674e-23 
1.142000e+00 3.168690e-23 1.306120e-23 4.474810e-23 
1.144000e+00 3.158795e-23 1.300880e-23 4.459675e-23 
1.146000e+00 3.148002e-23 1.295881e-23 4.443884e-23 
1.148000e+00 3.137941e-23 1.290989e-23 4.428930e-23 
1.150000e+00 3.127968e-23 1.285845e-23 4.413813e-23 
1.152000e+00 3.118479e-23 1.281213e-23 4.399692e-23 
1.154000e+00 3.108184e-23 1.276403e-23 4.384587e-23 
1.156000e+00 3.098516e-23 1.271694e-23 4.370209e-23 
1.158000e+00 3.087879e-23 1.266529e-23 4.354408e-23 
1.160000e+00 3.078307e-23 1.261527e-23 4.339834e-23 
1.162000e+00 3.068100e-23 1.256488e-23 4.324588e-23 
1.164000e+00 3.057870e-23 1.251923e-23 4.309794e-23 
1.166000e+00 3.047307e-23 1.246892e-23 4.294199e-23 
1.168000e+00 3.037342e-23 1.242059e-23 4.279401e-23 
1.170000e+00 3.027318e-23 1.237152e-23 4.264471e-23 
1.172000e+00 3.017548e-23 1.232224e-23 4.249771e-23 
1.174000e+00 3.008172e-23 1.227218e-23 4.235390e-23 
1.176000e+00 2.997887e-23 1.222834e-23 4.220721e-23 
1.178000e+00 2.987520e-23 1.218168e-23 4.205687e-23 
1.180000e+00 2.978254e-23 1.213231e-23 4.191485e-23 
1.182000e+00 2.967768e-23 1.209066e-23 4.176834e-23 
1.184000e+00 2.957121e-23 1.204291e-23 4.161412e-23 
1.186000e+00 2.947251e-23 1.199743e-23 4.146993e-23 
1.188000e+00 2.937649e-23 1.195195e-23 4.132844e-23 
1.190000e+00 2.927333e-23 1.190683e-23 4.118016e-23 
1.192000e+00 2.917626e-23 1.185922e-23 4.103548e-23 
1.194000e+00 2.907780e-23 1.181536e-23 4.089315e-23 
1.196000e+00 2.897651e-23 1.176970e-23 4.074621e-23 
1.198000e+00 2.888177e-23 1.172379e-23 4.060556e-23 
1.200000e+00 2.878043e-23 1.167672e-23 4.045714e-23 
1.202000e+00 2.867716e-23 1.163288e-23 4.031004e-23 
1.204000e+00 2.857712e-23 1.158789e-23 4.016501e-23 
1.206000e+00 2.848171e-23 1.154868e-23 4.003039e-23 
1.208000e+00 2.838206e-23 1.150152e-23 3.988358e-23 
1.210000e+00 2.827990e-23 1.146080e-23 3.974070e-23 
1.212000e+00 2.818429e-23 1.141434e-23 3.959863e-23 
1.214000e+00 2.808383e-23 1.137388e-23 3.945772e-23 
1.216000e+00 2.798720e-23 1.133280e-23 3.932000e-23 
1.218000e+00 2.788622e-23 1.128780e-23 3.917402e-23 
1.220000e+00 2.778434e-23 1.124400e-23 3.902834e-23 
1.222000e+00 2.768164e-23 1.120046e-23 3.888210e-23 
1.224000e+00 2.758291e-23 1.115851e-23 3.874142e-23 
1.226000e+00 2.748055e-23 1.111752e-23 3.859807e-23 
1.228000e+00 2.738294e-23 1.107294e-23 3.845587e-23 
1.230000e+00 2.728429e-23 1.102887e-23 3.831317e-23 
1.232000e+00 2.718488e-23 1.098656e-23 3.817143e-23 
1.234000e+00 2.708276e-23 1.095228e-23 3.803503e-23 
1.236000e+00 2.697649e-23 1.091064e-23 3.788713e-23 
1.238000e+00 2.687570e-23 1.086447e-23 3.774017e-23 
1.240000e+00 2.676848e-23 1.082539e-23 3.759386e-23 
1.242000e+00 2.667445e-23 1.078485e-23 3.745930e-23 
1.244000e+00 2.657210e-23 1.074384e-23 3.731594e-23 
1.246000e+00 2.645589e-23 1.070451e-23 3.716040e-23 
1.248000e+00 2.634960e-23 1.066536e-23 3.701495e-23 
1.250000e+00 2.624775e-23 1.062621e-23 3.687397e-23 
1.252000e+00 2.614341e-23 1.058560e-23 3.672900e-23 
1.254000e+00 2.603454e-23 1.054503e-23 3.657957e-23 
1.256000e+00 2.592347e-23 1.050303e-23 3.642650e-23 
1.258000e+00 2.581794e-23 1.046127e-23 3.627921e-23 
1.260000e+00 2.570343e-23 1.041958e-23 3.612301e-23 
1.262000e+00 2.559063e-23 1.038543e-23 3.597606e-23 
1.264000e+00 2.548260e-23 1.034692e-23 3.582951e-23 
1.266000e+00 2.536690e-23 1.030887e-23 3.567577e-23 
1.268000e+00 2.524300e-23 1.026996e-23 3.551296e-23 
1.270000e+00 2.512707e-23 1.023308e-23 3.536015e-23 
1.272000e+00 2.499950e-23 1.019575e-23 3.519525e-23 
1.274000e+00 2.487644e-23 1.015655e-23 3.503299e-23 
1.276000e+00 2.474774e-23 1.011754e-23 3.486528e-23 
1.278000e+00 2.461092e-23 1.007941e-23 3.469034e-23 
1.280000e+00 2.447482e-23 1.003976e-23 3.451459e-23 
1.282000e+00 2.433025e-23 1.000419e-23 3.433444e-23 
1.284000e+00 2.416818e-23 9.963220e-24 3.413140e-23 
1.286000e+00 2.399892e-23 9.925191e-24 3.392411e-23 
1.288000e+00 2.381050e-23 9.888573e-24 3.369908e-23 
1.290000e+00 2.355805e-23 9.852501e-24 3.341055e-23 
1.292000e+00 2.331049e-23 9.816443e-24 3.312693e-23 
1.294000e+00 2.305726e-23 9.778695e-24 3.283596e-23 
1.296000e+00 2.279391e-23 9.742032e-24 3.253594e-23 
1.298000e+00 2.253657e-23 9.704386e-24 3.224096e-23 
1.300000e+00 2.238151e-23 9.669394e-24 3.205090e-23 
1.302000e+00 2.227020e-23 9.634964e-24 3.190516e-23 
1.304000e+00 2.216311e-23 9.596698e-24 3.175981e-23 
1.306000e+00 2.217665e-23 9.561348e-24 3.173800e-23 
1.308000e+00 2.221144e-23 9.524068e-24 3.173551e-23 
1.310000e+00 2.225466e-23 9.489419e-24 3.174408e-23 
1.312000e+00 2.236459e-23 9.456409e-24 3.182100e-23 
1.314000e+00 2.247547e-23 9.421170e-24 3.189664e-23 
1.316000e+00 2.258928e-23 9.383283e-24 3.197256e-23 
1.318000e+00 2.264288e-23 9.347905e-24 3.199078e-23 
1.320000e+00 2.269871e-23 9.312799e-24 3.201151e-23 
1.322000e+00 2.274421e-23 9.282437e-24 3.202665e-23 
1.324000e+00 2.275113e-23 9.245839e-24 3.199697e-23 
1.326000e+00 2.276664e-23 9.214284e-24 3.198092e-23 
1.328000e+00 2.277111e-23 9.180203e-24 3.195131e-23 
1.330000e+00 2.276287e-23 9.150369e-24 3.191324e-23 
1.332000e+00 2.275439e-23 9.111518e-24 3.186591e-23 
1.334000e+00 2.274504e-23 9.079416e-24 3.182445e-23 
1.336000e+00 2.272526e-23 9.046217e-24 3.177147e-23 
1.338000e+00 2.270487e-23 9.012483e-24 3.171735e-23 
1.340000e+00 2.268222e-23 8.980513e-24 3.166273e-23 
1.342000e+00 2.265129e-23 8.946787e-24 3.159808e-23 
1.344000e+00 2.262739e-23 8.915000e-24 3.154239e-23 
1.346000e+00 2.260077e-23 8.878271e-24 3.147904e-23 
1.348000e+00 2.256050e-23 8.849748e-24 3.141025e-23 
1.350000e+00 2.253423e-23 8.815359e-24 3.134959e-23 
1.352000e+00 2.250076e-23 8.784626e-24 3.128539e-23 
1.354000e+00 2.246262e-23 8.754849e-24 3.121747e-23 
1.356000e+00 2.242338e-23 8.720913e-24 3.114429e-23 
1.358000e+00 2.239269e-23 8.691114e-24 3.108380e-23 
1.360000e+00 2.235268e-23 8.656710e-24 3.100939e-23 
1.362000e+00 2.231837e-23 8.626268e-24 3.094464e-23 
1.364000e+00 2.227759e-23 8.594279e-24 3.087187e-23 
1.366000e+00 2.223630e-23 8.563313e-24 3.079961e-23 
1.368000e+00 2.218624e-23 8.530469e-24 3.071671e-23 
1.370000e+00 2.214836e-23 8.499685e-24 3.064804e-23 
1.372000e+00 2.210095e-23 8.469182e-24 3.057013e-23 
1.374000e+00 2.206203e-23 8.437094e-24 3.049912e-23 
1.376000e+00 2.201531e-23 8.406548e-24 3.042186e-23 
1.378000e+00 2.197347e-23 8.374864e-24 3.034834e-23 
1.380000e+00 2.193547e-23 8.342575e-24 3.027804e-23 
1.382000e+00 2.188911e-23 8.315441e-24 3.020455e-23 
1.384000e+00 2.184200e-23 8.286387e-24 3.012839e-23 
1.386000e+00 2.179553e-23 8.252507e-24 3.004804e-23 
1.388000e+00 2.174348e-23 8.224920e-24 2.996840e-23 
1.390000e+00 2.170088e-23 8.197845e-24 2.989873e-23 
1.392000e+00 2.165121e-23 8.168791e-24 2.982000e-23 
1.394000e+00 2.160875e-23 8.136712e-24 2.974546e-23 
1.396000e+00 2.155561e-23 8.108748e-24 2.966436e-23 
1.398000e+00 2.151363e-23 8.079995e-24 2.959363e-23 
1.400000e+00 2.146494e-23 8.048143e-24 2.951308e-23 
1.402000e+00 2.141433e-23 8.020644e-24 2.943497e-23 
1.404000e+00 2.136812e-23 7.990938e-24 2.935906e-23 
1.406000e+00 2.131747e-23 7.958959e-24 2.927643e-23 
1.408000e+00 2.126395e-23 7.930728e-24 2.919468e-23 
1.410000e+00 2.122092e-23 7.900723e-24 2.912165e-23 
1.412000e+00 2.116797e-23 7.871433e-24 2.903940e-23 
1.414000e+00 2.112426e-23 7.847610e-24 2.897187e-23 
1.416000e+00 2.106992e-23 7.816660e-24 2.888658e-23 
1.418000e+00 2.102358e-23 7.790678e-24 2.881426e-23 
1.420000e+00 2.097077e-23 7.763244e-24 2.873402e-23 
1.422000e+00 2.092291e-23 7.735976e-24 2.865889e-23 
1.424000e+00 2.088196e-23 7.710075e-24 2.859203e-23 
1.426000e+00 2.082524e-23 7.681117e-24 2.850635e-23 
1.428000e+00 2.076813e-23 7.655261e-24 2.842339e-23 
1.430000e+00 2.071657e-23 7.627689e-24 2.834426e-23 
1.432000e+00 2.066914e-23 7.599564e-24 2.826871e-23 
1.434000e+00 2.062325e-23 7.573773e-24 2.819703e-23 
1.436000e+00 2.057721e-23 7.545756e-24 2.812297e-23 
1.438000e+00 2.052638e-23 7.521750e-24 2.804813e-23 
1.440000e+00 2.047631e-23 7.491714e-24 2.796802e-23 
1.442000e+00 2.042695e-23 7.465014e-24 2.789196e-23 
1.444000e+00 2.037114e-23 7.437883e-24 2.780902e-23 
1.446000e+00 2.032447e-23 7.410661e-24 2.773513e-23 
1.448000e+00 2.027445e-23 7.383589e-24 2.765804e-23 
1.450000e+00 2.022418e-23 7.363401e-24 2.758758e-23 
1.452000e+00 2.016730e-23 7.333678e-24 2.750098e-23 
1.454000e+00 2.011930e-23 7.307276e-24 2.742657e-23 
1.456000e+00 2.006620e-23 7.285784e-24 2.735199e-23 
1.458000e+00 2.001605e-23 7.259674e-24 2.727573e-23 
1.460000e+00 1.996988e-23 7.235302e-24 2.720518e-23 
1.462000e+00 1.991775e-23 7.208150e-24 2.712590e-23 
1.464000e+00 1.986652e-23 7.181947e-24 2.704847e-23 
1.466000e+00 1.981612e-23 7.157748e-24 2.697387e-23 
1.468000e+00 1.977070e-23 7.132591e-24 2.690329e-23 
1.470000e+00 1.971945e-23 7.108143e-24 2.682760e-23 
1.472000e+00 1.966613e-23 7.081938e-24 2.674806e-23 
1.474000e+00 1.962198e-23 7.057466e-24 2.667944e-23 
1.476000e+00 1.957176e-23 7.030956e-24 2.660272e-23 
1.478000e+00 1.952061e-23 7.006924e-24 2.652754e-23 
1.480000e+00 1.947279e-23 6.981620e-24 2.645441e-23 
1.482000e+00 1.942266e-23 6.956328e-24 2.637899e-23 
1.484000e+00 1.937778e-23 6.930658e-24 2.630844e-23 
1.486000e+00 1.932248e-23 6.906630e-24 2.622911e-23 
1.488000e+00 1.926832e-23 6.881774e-24 2.615009e-23 
1.490000e+00 1.922299e-23 6.861503e-24 2.608449e-23 
1.492000e+00 1.916920e-23 6.838157e-24 2.600735e-23 
1.494000e+00 1.912364e-23 6.814363e-24 2.593800e-23 
1.496000e+00 1.907209e-23 6.791166e-24 2.586325e-23 
1.498000e+00 1.902529e-23 6.767904e-24 2.579320e-23 
1.500000e+00 1.897651e-23 6.745299e-24 2.572181e-23 
1.502000e+00 1.892279e-23 6.719175e-24 2.564196e-23 
1.504000e+00 1.887252e-23 6.694378e-24 2.556690e-23 
1.506000e+00 1.882580e-23 6.672704e-24 2.549850e-23 
1.508000e+00 1.877530e-23 6.647888e-24 2.542319e-23 
1.510000e+00 1.873040e-23 6.622184e-24 2.535259e-23 
1.512000e+00 1.867510e-23 6.601082e-24 2.527618e-23 
1.514000e+00 1.862638e-23 6.578807e-24 2.520519e-23 
1.516000e+00 1.857946e-23 6.554994e-24 2.513445e-23 
1.518000e+00 1.852939e-23 6.532786e-24 2.506218e-23 
1.520000e+00 1.847849e-23 6.511967e-24 2.499045e-23 
1.522000e+00 1.842934e-23 6.488811e-24 2.491815e-23 
1.524000e+00 1.838112e-23 6.466270e-24 2.484739e-23 
1.526000e+00 1.833408e-23 6.442410e-24 2.477649e-23 
1.528000e+00 1.828033e-23 6.423949e-24 2.470428e-23 
1.530000e+00 1.823373e-23 6.401586e-24 2.463532e-23 
1.532000e+00 1.819019e-23 6.377712e-24 2.456790e-23 
1.534000e+00 1.813808e-23 6.357604e-24 2.449568e-23 
1.536000e+00 1.809700e-23 6.333926e-24 2.443093e-23 
1.538000e+00 1.804712e-23 6.310247e-24 2.435736e-23 
1.540000e+00 1.799827e-23 6.289275e-24 2.428754e-23 
1.542000e+00 1.794830e-23 6.267861e-24 2.421616e-23 
1.544000e+00 1.789942e-23 6.247711e-24 2.414713e-23 
1.546000e+00 1.784958e-23 6.224150e-24 2.407374e-23 
1.548000e+00 1.780672e-23 6.205861e-24 2.401258e-23 
1.550000e+00 1.775644e-23 6.183265e-24 2.393971e-23 
1.552000e+00 1.771252e-23 6.159728e-24 2.387224e-23 
1.554000e+00 1.765760e-23 6.137159e-24 2.379476e-23 
1.556000e+00 1.761177e-23 6.118476e-24 2.373025e-23 
1.558000e+00 1.756788e-23 6.100075e-24 2.366795e-23 
1.560000e+00 1.751785e-23 6.077290e-24 2.359514e-23 
1.562000e+00 1.746961e-23 6.060067e-24 2.352968e-23 
1.564000e+00 1.742080e-23 6.036722e-24 2.345752e-23 
1.566000e+00 1.737250e-23 6.017071e-24 2.338957e-23 
1.568000e+00 1.732730e-23 5.997446e-24 2.332474e-23 
1.570000e+00 1.728077e-23 5.975312e-24 2.325608e-23 
1.572000e+00 1.723514e-23 5.953897e-24 2.318904e-23 
1.574000e+00 1.719221e-23 5.934421e-24 2.312663e-23 
1.576000e+00 1.714206e-23 5.914410e-24 2.305647e-23 
1.578000e+00 1.709182e-23 5.896857e-24 2.298868e-23 
1.580000e+00 1.704179e-23 5.872893e-24 2.291468e-23 
1.582000e+00 1.699933e-23 5.852278e-24 2.285161e-23 
1.584000e+00 1.695237e-23 5.835558e-24 2.278792e-23 
1.586000e+00 1.690565e-23 5.812361e-24 2.271801e-23 
1.588000e+00 1.685659e-23 5.791825e-24 2.264841e-23 
1.590000e+00 1.680732e-23 5.772719e-24 2.258004e-23 
1.592000e+00 1.677022e-23 5.757308e-24 2.252752e-23 
1.594000e+00 1.672211e-23 5.734734e-24 2.245685e-23 
1.596000e+00 1.668153e-23 5.718936e-24 2.240047e-23 
1.598000e+00 1.663286e-23 5.701076e-24 2.233393e-23 
1.600000e+00 1.658441e-23 5.680496e-24 2.226491e-23 
1.602000e+00 1.653623e-23 5.663354e-24 2.219958e-23 
1.604000e+00 1.649219e-23 5.640444e-24 2.213263e-23 
1.606000e+00 1.644941e-23 5.619036e-24 2.206845e-23 
1.608000e+00 1.640516e-23 5.601709e-24 2.200687e-23 
1.610000e+00 1.635873e-23 5.581435e-24 2.194017e-23 
1.612000e+00 1.630797e-23 5.564989e-24 2.187296e-23 
1.614000e+00 1.626799e-23 5.545888e-24 2.181388e-23 
1.616000e+00 1.622038e-23 5.528104e-24 2.174849e-23 
1.618000e+00 1.617142e-23 5.508852e-24 2.168028e-23 
1.620000e+00 1.612939e-23 5.490556e-24 2.161995e-23 
1.622000e+00 1.608328e-23 5.468745e-24 2.155203e-23 
1.624000e+00 1.603651e-23 5.452837e-24 2.148935e-23 
1.626000e+00 1.599426e-23 5.436582e-24 2.143084e-23 
1.628000e+00 1.595021e-23 5.422029e-24 2.137224e-23 
1.630000e+00 1.590954e-23 5.400177e-24 2.130972e-23 
1.632000e+00 1.586485e-23 5.384655e-24 2.124951e-23 
1.634000e+00 1.582329e-23 5.365532e-24 2.118882e-23 
1.636000e+00 1.577007e-23 5.350497e-24 2.112057e-23 
1.638000e+00 1.572850e-23 5.331708e-24 2.106020e-23 
1.640000e+00 1.568577e-23 5.314184e-24 2.099996e-23 
1.642000e+00 1.564140e-23 5.295503e-24 2.093690e-23 
1.644000e+00 1.560393e-23 5.279797e-24 2.088373e-23 
1.646000e+00 1.555734e-23 5.260310e-24 2.081765e-23 
1.648000e+00 1.551478e-23 5.244861e-24 2.075964e-23 
1.650000e+00 1.546799e-23 5.227170e-24 2.069516e-23 
1.652000e+00 1.541797e-23 5.211041e-24 2.062901e-23 
1.654000e+00 1.537383e-23 5.194276e-24 2.056810e-23 
1.656000e+00 1.533344e-23 5.175976e-24 2.050941e-23 
1.658000e+00 1.528671e-23 5.159036e-24 2.044575e-23 
1.660000e+00 1.525141e-23 5.143892e-24 2.039531e-23 
1.662000e+00 1.520362e-23 5.124328e-24 2.032794e-23 
1.664000e+00 1.516111e-23 5.108820e-24 2.026992e-23 
1.666000e+00 1.511757e-23 5.091882e-24 2.020945e-23 
1.668000e+00 1.507065e-23 5.074148e-24 2.014479e-23 
1.670000e+00 1.503380e-23 5.059675e-24 2.009348e-23 
1.672000e+00 1.498467e-23 5.045204e-24 2.002987e-23 
1.674000e+00 1.494560e-23 5.027910e-24 1.997351e-23 
1.676000e+00 1.490506e-23 5.010079e-24 1.991514e-23 
1.678000e+00 1.486195e-23 4.995361e-24 1.985731e-23 
1.680000e+00 1.481188e-23 4.977559e-24 1.978944e-23 
1.682000e+00 1.477328e-23 4.964175e-24 1.973746e-23 
1.684000e+00 1.473181e-23 4.945464e-24 1.967727e-23 
1.686000e+00 1.469190e-23 4.930187e-24 1.962209e-23 
1.688000e+00 1.464641e-23 4.913665e-24 1.956007e-23 
1.690000e+00 1.460587e-23 4.899539e-24 1.950541e-23 
1.692000e+00 1.455963e-23 4.882957e-24 1.944259e-23 
1.694000e+00 1.451877e-23 4.863368e-24 1.938214e-23 
1.696000e+00 1.448092e-23 4.851806e-24 1.933272e-23 
1.698000e+00 1.443496e-23 4.832339e-24 1.926730e-23 
1.700000e+00 1.439753e-23 4.816587e-24 1.921412e-23 
1.702000e+00 1.435217e-23 4.801141e-24 1.915331e-23 
1.704000e+00 1.431082e-23 4.787370e-24 1.909819e-23 
1.706000e+00 1.427109e-23 4.768938e-24 1.904003e-23 
1.708000e+00 1.422653e-23 4.754209e-24 1.898074e-23 
1.710000e+00 1.418420e-23 4.740921e-24 1.892512e-23 
1.712000e+00 1.414605e-23 4.725359e-24 1.887141e-23 
1.714000e+00 1.409686e-23 4.707878e-24 1.880474e-23 
1.716000e+00 1.406212e-23 4.694469e-24 1.875659e-23 
1.718000e+00 1.401951e-23 4.679022e-24 1.869853e-23 
1.720000e+00 1.397920e-23 4.666239e-24 1.864544e-23 
1.722000e+00 1.393229e-23 4.648126e-24 1.858041e-23 
1.724000e+00 1.388973e-23 4.633932e-24 1.852366e-23 
1.726000e+00 1.384794e-23 4.619322e-24 1.846726e-23 
1.728000e+00 1.381027e-23 4.603680e-24 1.841395e-23 
1.730000e+00 1.376584e-23 4.589349e-24 1.835519e-23 
1.732000e+00 1.372853e-23 4.572162e-24 1.830069e-23 
1.734000e+00 1.368638e-23 4.555570e-24 1.824195e-23 
1.736000e+00 1.364483e-23 4.542898e-24 1.818773e-23 
1.738000e+00 1.360499e-23 4.527171e-24 1.813216e-23 
1.740000e+00 1.356197e-23 4.512515e-24 1.807449e-23 
1.742000e+00 1.351543e-23 4.499591e-24 1.801502e-23 
1.744000e+00 1.347466e-23 4.486300e-24 1.796096e-23 
1.746000e+00 1.343053e-23 4.471627e-24 1.790216e-23 
1.748000e+00 1.339074e-23 4.456701e-24 1.784744e-23 
1.750000e+00 1.334975e-23 4.444169e-24 1.779392e-23 
1.752000e+00 1.330739e-23 4.430802e-24 1.773819e-23 
1.754000e+00 1.326514e-23 4.414921e-24 1.768006e-23 
1.756000e+00 1.322251e-23 4.404630e-24 1.762714e-23 
1.758000e+00 1.318024e-23 4.389039e-24 1.756927e-23 
1.760000e+00 1.314080e-23 4.375331e-24 1.751613e-23 
1.762000e+00 1.309841e-23 4.361434e-24 1.745984e-23 
1.764000e+00 1.305741e-23 4.344495e-24 1.740191e-23 
1.766000e+00 1.301489e-23 4.331751e-24 1.734664e-23 
1.768000e+00 1.297222e-23 4.317927e-24 1.729015e-23 
1.770000e+00 1.293021e-23 4.305967e-24 1.723618e-23 
1.772000e+00 1.288767e-23 4.291338e-24 1.717900e-23 
1.774000e+00 1.284630e-23 4.277438e-24 1.712374e-23 
1.776000e+00 1.279648e-23 4.265115e-24 1.706159e-23 
1.778000e+00 1.275007e-23 4.250215e-24 1.700028e-23 
1.780000e+00 1.270956e-23 4.237092e-24 1.694665e-23 
1.782000e+00 1.266841e-23 4.221832e-24 1.689024e-23 
1.784000e+00 1.262029e-23 4.212024e-24 1.683231e-23 
1.786000e+00 1.257275e-23 4.198753e-24 1.677151e-23 
1.788000e+00 1.252485e-23 4.183919e-24 1.670877e-23 
1.790000e+00 1.248451e-23 4.172383e-24 1.665689e-23 
1.792000e+00 1.244021e-23 4.162034e-24 1.660225e-23 
1.794000e+00 1.238720e-23 4.148742e-24 1.653594e-23 
1.796000e+00 1.234587e-23 4.133559e-24 1.647943e-23 
1.798000e+00 1.230657e-23 4.120309e-24 1.642688e-23 
1.800000e+00 1.225164e-23 4.110365e-24 1.636201e-23 
1.802000e+00 1.220239e-23 4.096570e-24 1.629896e-23 
1.804000e+00 1.215022e-23 4.081842e-24 1.623206e-23 
1.806000e+00 1.210216e-23 4.071708e-24 1.617387e-23 
1.808000e+00 1.204522e-23 4.058204e-24 1.610343e-23 
1.810000e+00 1.199617e-23 4.045045e-24 1.604122e-23 
1.812000e+00 1.193757e-23 4.035079e-24 1.597264e-23 
1.814000e+00 1.188773e-23 4.020363e-24 1.590810e-23 
1.816000e+00 1.181480e-23 4.006785e-24 1.582158e-23 
1.818000e+00 1.175409e-23 3.995970e-24 1.575006e-23 
1.820000e+00 1.168754e-23 3.982286e-24 1.566983e-23 
1.822000e+00 1.161510e-23 3.970875e-24 1.558597e-23 
1.824000e+00 1.152988e-23 3.958406e-24 1.548828e-23 
1.826000e+00 1.143440e-23 3.946342e-24 1.538074e-23 
1.828000e+00 1.135384e-23 3.934285e-24 1.528813e-23 
1.830000e+00 1.126651e-23 3.921563e-24 1.518807e-23 
1.832000e+00 1.118168e-23 3.911343e-24 1.509302e-23 
1.834000e+00 1.110666e-23 3.898168e-24 1.500483e-23 
1.836000e+00 1.102560e-23 3.887009e-24 1.491260e-23 
1.838000e+00 1.095559e-23 3.873278e-24 1.482887e-23 
1.840000e+00 1.091782e-23 3.863128e-24 1.478094e-23 
1.842000e+00 1.089135e-23 3.850631e-24 1.474198e-23 
1.844000e+00 1.086772e-23 3.838766e-24 1.470649e-23 
1.846000e+00 1.083693e-23 3.824773e-24 1.466170e-23 
1.848000e+00 1.085843e-23 3.817987e-24 1.467641e-23 
1.850000e+00 1.087430e-23 3.800929e-24 1.467523e-23 
1.852000e+00 1.090016e-23 3.791701e-24 1.469186e-23 
1.854000e+00 1.092187e-23 3.780602e-24 1.470247e-23 
1.856000e+00 1.095807e-23 3.766871e-24 1.472494e-23 
1.858000e+00 1.098707e-23 3.757425e-24 1.474449e-23 
1.860000e+00 1.102314e-23 3.744400e-24 1.476754e-23 
1.862000e+00 1.105731e-23 3.733568e-24 1.479088e-23 
1.864000e+00 1.106307e-23 3.720284e-24 1.478335e-23 
1.866000e+00 1.106312e-23 3.708195e-24 1.477132e-23 
1.868000e+00 1.106467e-23 3.698068e-24 1.476274e-23 
1.870000e+00 1.106850e-23 3.688185e-24 1.475668e-23 
1.872000e+00 1.106253e-23 3.677257e-24 1.473978e-23 
1.874000e+00 1.105312e-23 3.666706e-24 1.471983e-23 
1.876000e+00 1.104777e-23 3.653610e-24 1.470138e-23 
1.878000e+00 1.104163e-23 3.643443e-24 1.468507e-23 
1.880000e+00 1.103017e-23 3.634502e-24 1.466468e-23 
1.882000e+00 1.102769e-23 3.625789e-24 1.465348e-23 
1.884000e+00 1.101564e-23 3.616002e-24 1.463165e-23 
1.886000e+00 1.100513e-23 3.602901e-24 1.460803e-23 
1.888000e+00 1.099403e-23 3.592108e-24 1.458614e-23 
1.890000e+00 1.097443e-23 3.580744e-24 1.455517e-23 
1.892000e+00 1.096398e-23 3.571634e-24 1.453562e-23 
1.894000e+00 1.095362e-23 3.559937e-24 1.451356e-23 
1.896000e+00 1.093382e-23 3.547885e-24 1.448171e-23 
1.898000e+00 1.092577e-23 3.536729e-24 1.446250e-23 
1.900000e+00 1.090494e-23 3.527479e-24 1.443242e-23 
1.902000e+00 1.088608e-23 3.514911e-24 1.440099e-23 
1.904000e+00 1.086641e-23 3.507213e-24 1.437362e-23 
1.906000e+00 1.084427e-23 3.495146e-24 1.433942e-23 
1.908000e+00 1.083624e-23 3.484265e-24 1.432050e-23 
1.910000e+00 1.081742e-23 3.474694e-24 1.429211e-23 
1.912000e+00 1.080209e-23 3.465547e-24 1.426764e-23 
1.914000e+00 1.078107e-23 3.454755e-24 1.423582e-23 
1.916000e+00 1.076883e-23 3.443383e-24 1.421221e-23 
1.918000e+00 1.074981e-23 3.435417e-24 1.418523e-23 
1.920000e+00 1.072887e-23 3.425550e-24 1.415442e-23 
1.922000e+00 1.071084e-23 3.414047e-24 1.412488e-23 
1.924000e+00 1.069202e-23 3.402380e-24 1.409440e-23 
1.926000e+00 1.067675e-23 3.394107e-24 1.407085e-23 
1.928000e+00 1.065180e-23 3.385389e-24 1.403719e-23 
1.930000e+00 1.063361e-23 3.372628e-24 1.400623e-23 
1.932000e+00 1.061348e-23 3.365554e-24 1.397904e-23 
1.934000e+00 1.059683e-23 3.353548e-24 1.395038e-23 
1.936000e+00 1.057439e-23 3.343703e-24 1.391809e-23 
1.938000e+00 1.055687e-23 3.335170e-24 1.389205e-23 
1.940000e+00 1.054057e-23 3.323046e-24 1.386361e-23 
1.942000e+00 1.051334e-23 3.313133e-24 1.382647e-23 
1.944000e+00 1.049831e-23 3.303165e-24 1.380148e-23 
1.946000e+00 1.047961e-23 3.293913e-24 1.377352e-23 
1.948000e+00 1.045860e-23 3.281829e-24 1.374043e-23 
1.950000e+00 1.043914e-23 3.274044e-24 1.371319e-23 
1.952000e+00 1.041206e-23 3.263477e-24 1.367553e-23 
1.954000e+00 1.039197e-23 3.255680e-24 1.364765e-23 
1.956000e+00 1.037273e-23 3.243148e-24 1.361588e-23 
1.958000e+00 1.035990e-23 3.233810e-24 1.359371e-23 
1.960000e+00 1.033689e-23 3.227158e-24 1.356405e-23 
1.962000e+00 1.031821e-23 3.216965e-24 1.353518e-23 
1.964000e+00 1.029831e-23 3.208368e-24 1.350668e-23 
1.966000e+00 1.027767e-23 3.199053e-24 1.347672e-23 
1.968000e+00 1.026039e-23 3.188957e-24 1.344935e-23 
1.970000e+00 1.023903e-23 3.180711e-24 1.341974e-23 
1.972000e+00 1.021064e-23 3.169859e-24 1.338050e-23 
1.974000e+00 1.018903e-23 3.160360e-24 1.334938e-23 
1.976000e+00 1.016961e-23 3.154437e-24 1.332405e-23 
1.978000e+00 1.015062e-23 3.143109e-24 1.329373e-23 
1.980000e+00 1.013102e-23 3.133881e-24 1.326490e-23 
1.982000e+00 1.011029e-23 3.127101e-24 1.323739e-23 
1.984000e+00 1.008702e-23 3.115037e-24 1.320205e-23 
1.986000e+00 1.006474e-23 3.105116e-24 1.316985e-23 
1.988000e+00 1.004635e-23 3.097727e-24 1.314407e-23 
1.990000e+00 1.002275e-23 3.087331e-24 1.311009e-23 
1.992000e+00 1.000615e-23 3.077316e-24 1.308346e-23 
1.994000e+00 9.985269e-24 3.069977e-24 1.305525e-23 
1.996000e+00 9.963360e-24 3.060004e-24 1.302336e-23 
1.998000e+00 9.941802e-24 3.048997e-24 1.299080e-23 
2.000000e+00 9.923520e-24 3.043025e-24 1.296654e-23 
2.002000e+00 9.898673e-24 3.032289e-24 1.293096e-23 
2.004000e+00 9.879692e-24 3.026007e-24 1.290570e-23 
2.006000e+00 9.858485e-24 3.016967e-24 1.287545e-23 
2.008000e+00 9.837499e-24 3.011455e-24 1.284895e-23 
2.010000e+00 9.815795e-24 3.001122e-24 1.281692e-23 
2.012000e+00 9.795366e-24 2.993677e-24 1.278904e-23 
2.014000e+00 9.773588e-24 2.985079e-24 1.275867e-23 
2.016000e+00 9.753492e-24 2.975112e-24 1.272860e-23 
2.018000e+00 9.731653e-24 2.966085e-24 1.269774e-23 
2.020000e+00 9.712516e-24 2.959997e-24 1.267251e-23 
2.022000e+00 9.689431e-24 2.951543e-24 1.264097e-23 
2.024000e+00 9.668393e-24 2.943137e-24 1.261153e-23 
2.026000e+00 9.642085e-24 2.934440e-24 1.257653e-23 
2.028000e+00 9.622618e-24 2.925754e-24 1.254837e-23 
2.030000e+00 9.606758e-24 2.917695e-24 1.252445e-23 
2.032000e+00 9.584338e-24 2.908039e-24 1.249238e-23 
2.034000e+00 9.566428e-24 2.900431e-24 1.246686e-23 
2.036000e+00 9.546790e-24 2.888731e-24 1.243552e-23 
2.038000e+00 9.520297e-24 2.881856e-24 1.240215e-23 
2.040000e+00 9.509007e-24 2.873392e-24 1.238240e-23 
2.042000e+00 9.486085e-24 2.866945e-24 1.235303e-23 
2.044000e+00 9.466761e-24 2.860554e-24 1.232732e-23 
2.046000e+00 9.443853e-24 2.849690e-24 1.229354e-23 
2.048000e+00 9.423107e-24 2.844358e-24 1.226747e-23 
2.050000e+00 9.400021e-24 2.833013e-24 1.223303e-23 
2.052000e+00 9.378668e-24 2.825744e-24 1.220441e-23 
2.054000e+00 9.363053e-24 2.816817e-24 1.217987e-23 
2.056000e+00 9.340998e-24 2.809123e-24 1.215012e-23 
2.058000e+00 9.319150e-24 2.802697e-24 1.212185e-23 
2.060000e+00 9.296128e-24 2.794253e-24 1.209038e-23 
2.062000e+00 9.274645e-24 2.788105e-24 1.206275e-23 
2.064000e+00 9.260494e-24 2.776209e-24 1.203670e-23 
2.066000e+00 9.238132e-24 2.770077e-24 1.200821e-23 
2.068000e+00 9.215084e-24 2.760415e-24 1.197550e-23 
2.070000e+00 9.201998e-24 2.755707e-24 1.195771e-23 
2.072000e+00 9.174831e-24 2.746648e-24 1.192148e-23 
2.074000e+00 9.161339e-24 2.740520e-24 1.190186e-23 
2.076000e+00 9.139179e-24 2.731660e-24 1.187084e-23 
2.078000e+00 9.117279e-24 2.722000e-24 1.183928e-23 
2.080000e+00 9.101827e-24 2.715509e-24 1.181734e-23 
2.082000e+00 9.078672e-24 2.708184e-24 1.178686e-23 
2.084000e+00 9.055954e-24 2.698693e-24 1.175465e-23 
2.086000e+00 9.030622e-24 2.692473e-24 1.172310e-23 
2.088000e+00 9.014463e-24 2.683558e-24 1.169802e-23 
2.090000e+00 8.997276e-24 2.679278e-24 1.167655e-23 
2.092000e+00 8.972763e-24 2.668480e-24 1.164124e-23 
2.094000e+00 8.959198e-24 2.664431e-24 1.162363e-23 
2.096000e+00 8.933939e-24 2.653432e-24 1.158737e-23 
2.098000e+00 8.918767e-24 2.648965e-24 1.156773e-23 
2.100000e+00 8.898564e-24 2.640923e-24 1.153949e-23 
2.102000e+00 8.880042e-24 2.636914e-24 1.151696e-23 
2.104000e+00 8.855684e-24 2.627481e-24 1.148316e-23 
2.106000e+00 8.832172e-24 2.622420e-24 1.145459e-23 
2.108000e+00 8.813469e-24 2.612031e-24 1.142550e-23 
2.110000e+00 8.793899e-24 2.606436e-24 1.140034e-23 
2.112000e+00 8.778589e-24 2.599025e-24 1.137761e-23 
2.114000e+00 8.757539e-24 2.592452e-24 1.134999e-23 
2.116000e+00 8.738225e-24 2.583481e-24 1.132171e-23 
2.118000e+00 8.713714e-24 2.578717e-24 1.129243e-23 
2.120000e+00 8.699760e-24 2.570121e-24 1.126988e-23 
2.122000e+00 8.678477e-24 2.565776e-24 1.124425e-23 
2.124000e+00 8.659402e-24 2.557320e-24 1.121672e-23 
2.126000e+00 8.638162e-24 2.550401e-24 1.118856e-23 
2.128000e+00 8.622574e-24 2.543027e-24 1.116560e-23 
2.130000e+00 8.600090e-24 2.535490e-24 1.113558e-23 
2.132000e+00 8.584602e-24 2.529276e-24 1.111388e-23 
2.134000e+00 8.558540e-24 2.522450e-24 1.108099e-23 
2.136000e+00 8.544656e-24 2.512579e-24 1.105724e-23 
2.138000e+00 8.526574e-24 2.507778e-24 1.103435e-23 
2.140000e+00 8.509346e-24 2.503876e-24 1.101322e-23 
2.142000e+00 8.484718e-24 2.493262e-24 1.097798e-23 
2.144000e+00 8.468385e-24 2.489430e-24 1.095781e-23 
2.146000e+00 8.452297e-24 2.481799e-24 1.093410e-23 
2.148000e+00 8.430647e-24 2.473723e-24 1.090437e-23 
2.150000e+00 8.414903e-24 2.468176e-24 1.088308e-23 
2.152000e+00 8.389277e-24 2.462230e-24 1.085151e-23 
2.154000e+00 8.373316e-24 2.452976e-24 1.082629e-23 
2.156000e+00 8.358398e-24 2.448868e-24 1.080727e-23 
2.158000e+00 8.332130e-24 2.443708e-24 1.077584e-23 
2.160000e+00 8.317096e-24 2.434961e-24 1.075206e-23 
2.162000e+00 8.298188e-24 2.427693e-24 1.072588e-23 
2.164000e+00 8.279550e-24 2.423640e-24 1.070319e-23 
2.166000e+00 8.260835e-24 2.418239e-24 1.067907e-23 
2.168000e+00 8.239329e-24 2.407612e-24 1.064694e-23 
2.170000e+00 8.224728e-24 2.401109e-24 1.062584e-23 
2.172000e+00 8.207853e-24 2.396517e-24 1.060437e-23 
2.174000e+00 8.191437e-24 2.388107e-24 1.057954e-23 
2.176000e+00 8.172494e-24 2.382106e-24 1.055460e-23 
2.178000e+00 8.150759e-24 2.375833e-24 1.052659e-23 
2.180000e+00 8.134094e-24 2.372890e-24 1.050698e-23 
2.182000e+00 8.112813e-24 2.362580e-24 1.047539e-23 
2.184000e+00 8.093691e-24 2.356028e-24 1.044972e-23 
2.186000e+00 8.080983e-24 2.351413e-24 1.043240e-23 
2.188000e+00 8.062537e-24 2.344666e-24 1.040720e-23 
2.190000e+00 8.040121e-24 2.336545e-24 1.037667e-23 
2.192000e+00 8.019588e-24 2.329942e-24 1.034953e-23 
2.194000e+00 8.003989e-24 2.326048e-24 1.033004e-23 
2.196000e+00 7.985478e-24 2.318863e-24 1.030434e-23 
2.198000e+00 7.968795e-24 2.314325e-24 1.028312e-23 
2.200000e+00 7.951508e-24 2.305595e-24 1.025710e-23 
2.202000e+00 7.930941e-24 2.302506e-24 1.023345e-23 
2.204000e+00 7.911460e-24 2.295552e-24 1.020701e-23 
2.206000e+00 7.892376e-24 2.290629e-24 1.018301e-23 
2.208000e+00 7.876280e-24 2.282014e-24 1.015829e-23 
2.210000e+00 7.855345e-24 2.276647e-24 1.013199e-23 
2.212000e+00 7.841656e-24 2.267448e-24 1.010910e-23 
2.214000e+00 7.821829e-24 2.263086e-24 1.008492e-23 
2.216000e+00 7.803829e-24 2.259319e-24 1.006315e-23 
2.218000e+00 7.787953e-24 2.253910e-24 1.004186e-23 
2.220000e+00 7.772177e-24 2.247181e-24 1.001936e-23 
2.222000e+00 7.751323e-24 2.240831e-24 9.992154e-24 
2.224000e+00 7.733874e-24 2.235785e-24 9.969659e-24 
2.226000e+00 7.714893e-24 2.229938e-24 9.944831e-24 
2.228000e+00 7.699620e-24 2.220599e-24 9.920219e-24 
2.230000e+00 7.680316e-24 2.213989e-24 9.894305e-24 
2.232000e+00 7.664877e-24 2.207651e-24 9.872528e-24 
2.234000e+00 7.645043e-24 2.204365e-24 9.849408e-24 
2.236000e+00 7.636166e-24 2.196346e-24 9.832512e-24 
2.238000e+00 7.618979e-24 2.191255e-24 9.810234e-24 
2.240000e+00 7.601435e-24 2.188215e-24 9.789650e-24 
2.242000e+00 7.579110e-24 2.181074e-24 9.760184e-24 
2.244000e+00 7.561696e-24 2.173779e-24 9.735475e-24 
2.246000e+00 7.544345e-24 2.168200e-24 9.712545e-24 
2.248000e+00 7.528756e-24 2.164233e-24 9.692989e-24 
2.250000e+00 7.508359e-24 2.156953e-24 9.665312e-24 
2.252000e+00 7.489223e-24 2.151109e-24 9.640332e-24 
2.254000e+00 7.471835e-24 2.146209e-24 9.618044e-24 
2.256000e+00 7.455777e-24 2.141081e-24 9.596858e-24 
2.258000e+00 7.436282e-24 2.136307e-24 9.572589e-24 
2.260000e+00 7.419113e-24 2.129338e-24 9.548451e-24 
2.262000e+00 7.409987e-24 2.124520e-24 9.534507e-24 
2.264000e+00 7.391966e-24 2.118380e-24 9.510346e-24 
2.266000e+00 7.370976e-24 2.112213e-24 9.483189e-24 
2.268000e+00 7.355039e-24 2.105930e-24 9.460969e-24 
2.270000e+00 7.334071e-24 2.101982e-24 9.436054e-24 
2.272000e+00 7.317369e-24 2.093921e-24 9.411290e-24 
2.274000e+00 7.306609e-24 2.089481e-24 9.396090e-24 
2.276000e+00 7.291254e-24 2.084347e-24 9.375601e-24 
2.278000e+00 7.270626e-24 2.080498e-24 9.351124e-24 
2.280000e+00 7.251551e-24 2.074863e-24 9.326414e-24 
2.282000e+00 7.241923e-24 2.069950e-24 9.311873e-24 
2.284000e+00 7.220734e-24 2.063349e-24 9.284083e-24 
2.286000e+00 7.209518e-24 2.059209e-24 9.268727e-24 
2.288000e+00 7.189832e-24 2.052014e-24 9.241846e-24 
2.290000e+00 7.173607e-24 2.046032e-24 9.219639e-24 
2.292000e+00 7.160340e-24 2.039401e-24 9.199741e-24 
2.294000e+00 7.143093e-24 2.036851e-24 9.179944e-24 
2.296000e+00 7.125697e-24 2.030566e-24 9.156263e-24 
2.298000e+00 7.104756e-24 2.025217e-24 9.129973e-24 
2.300000e+00 7.092484e-24 2.020139e-24 9.112623e-24 
2.302000e+00 7.073474e-24 2.016459e-24 9.089933e-24 
2.304000e+00 7.055278e-24 2.011029e-24 9.066308e-24 
2.306000e+00 7.046251e-24 2.003729e-24 9.049979e-24 
2.308000e+00 7.024174e-24 2.001837e-24 9.026012e-24 
2.310000e+00 7.015491e-24 1.995077e-24 9.010568e-24 
2.312000e+00 6.996757e-24 1.989551e-24 8.986308e-24 
2.314000e+00 6.982389e-24 1.984441e-24 8.966831e-24 
2.316000e+00 6.965354e-24 1.979030e-24 8.944384e-24 
2.318000e+00 6.950709e-24 1.973304e-24 8.924013e-24 
2.320000e+00 6.934493e-24 1.969064e-24 8.903557e-24 
2.322000e+00 6.916436e-24 1.965205e-24 8.881641e-24 
2.324000e+00 6.903252e-24 1.958453e-24 8.861705e-24 
2.326000e+00 6.883309e-24 1.952286e-24 8.835596e-24 
2.328000e+00 6.867527e-24 1.950183e-24 8.817709e-24 
2.330000e+00 6.854238e-24 1.943934e-24 8.798171e-24 
2.332000e+00 6.834235e-24 1.939534e-24 8.773769e-24 
2.334000e+00 6.818756e-24 1.935827e-24 8.754583e-24 
2.336000e+00 6.805468e-24 1.927309e-24 8.732777e-24 
2.338000e+00 6.785371e-24 1.923656e-24 8.709027e-24 
2.340000e+00 6.774002e-24 1.919021e-24 8.693023e-24 
2.342000e+00 6.763852e-24 1.913418e-24 8.677270e-24 
2.344000e+00 6.744614e-24 1.908185e-24 8.652799e-24 
2.346000e+00 6.731271e-24 1.905293e-24 8.636564e-24 
2.348000e+00 6.717532e-24 1.897865e-24 8.615397e-24 
2.350000e+00 6.699102e-24 1.894632e-24 8.593734e-24 
2.352000e+00 6.687356e-24 1.890345e-24 8.577700e-24 
2.354000e+00 6.678739e-24 1.884845e-24 8.563584e-24 
2.356000e+00 6.654380e-24 1.879980e-24 8.534360e-24 
2.358000e+00 6.645042e-24 1.875434e-24 8.520476e-24 
2.360000e+00 6.625408e-24 1.871385e-24 8.496793e-24 
2.362000e+00 6.612303e-24 1.868403e-24 8.480706e-24 
2.364000e+00 6.595015e-24 1.861329e-24 8.456344e-24 
2.366000e+00 6.582015e-24 1.858930e-24 8.440945e-24 
2.368000e+00 6.564589e-24 1.852376e-24 8.416965e-24 
2.370000e+00 6.547294e-24 1.849892e-24 8.397186e-24 
2.372000e+00 6.530891e-24 1.843939e-24 8.374831e-24 
2.374000e+00 6.519382e-24 1.840010e-24 8.359392e-24 
2.376000e+00 6.507525e-24 1.836278e-24 8.343803e-24 
2.378000e+00 6.494651e-24 1.830399e-24 8.325050e-24 
2.380000e+00 6.473969e-24 1.824638e-24 8.298607e-24 
2.382000e+00 6.464748e-24 1.823635e-24 8.288383e-24 
2.384000e+00 6.449448e-24 1.816196e-24 8.265644e-24 
2.386000e+00 6.431933e-24 1.812673e-24 8.244606e-24 
2.388000e+00 6.419597e-24 1.807119e-24 8.226716e-24 
2.390000e+00 6.400592e-24 1.846243e-24 8.246836e-24 
2.392000e+00 6.384921e-24 1.795875e-24 8.180796e-24 
2.394000e+00 6.372750e-24 1.795374e-24 8.168124e-24 
2.396000e+00 6.354737e-24 1.786872e-24 8.141609e-24 
2.398000e+00 6.342283e-24 1.786016e-24 8.128298e-24 
2.400000e+00 6.329637e-24 1.782875e-24 8.112513e-24 
2.402000e+00 6.315916e-24 1.775312e-24 8.091228e-24 
2.404000e+00 6.304057e-24 1.772431e-24 8.076487e-24 
2.406000e+00 6.286349e-24 1.766827e-24 8.053176e-24 
2.408000e+00 6.271041e-24 1.763047e-24 8.034088e-24 
2.410000e+00 6.258055e-24 1.758513e-24 8.016568e-24 
2.412000e+00 6.243865e-24 1.754439e-24 7.998304e-24 
2.414000e+00 6.234397e-24 1.751134e-24 7.985531e-24 
2.416000e+00 6.213063e-24 1.746982e-24 7.960045e-24 
2.418000e+00 6.199075e-24 1.742327e-24 7.941402e-24 
2.420000e+00 6.187752e-24 1.736361e-24 7.924112e-24 
2.422000e+00 6.177524e-24 1.733974e-24 7.911498e-24 
2.424000e+00 6.161754e-24 1.728907e-24 7.890661e-24 
2.426000e+00 6.144171e-24 1.726318e-24 7.870489e-24 
2.428000e+00 6.129739e-24 1.720950e-24 7.850689e-24 
2.430000e+00 6.114680e-24 1.716778e-24 7.831458e-24 
2.432000e+00 6.103083e-24 1.713786e-24 7.816869e-24 
2.434000e+00 6.093545e-24 1.705421e-24 7.798966e-24 
2.436000e+00 6.080042e-24 1.703183e-24 7.783225e-24 
2.438000e+00 6.065971e-24 1.700920e-24 7.766892e-24 
2.440000e+00 6.052229e-24 1.694137e-24 7.746365e-24 
2.442000e+00 6.038582e-24 1.689507e-24 7.728088e-24 
2.444000e+00 6.027951e-24 1.686431e-24 7.714383e-24 
2.446000e+00 6.015686e-24 1.682762e-24 7.698448e-24 
2.448000e+00 5.992712e-24 1.678738e-24 7.671450e-24 
2.450000e+00 5.981720e-24 1.675308e-24 7.657028e-24 
2.452000e+00 5.967631e-24 1.667608e-24 7.635239e-24 
2.454000e+00 5.955034e-24 1.665502e-24 7.620536e-24 
2.456000e+00 5.943161e-24 1.662647e-24 7.605809e-24 
2.458000e+00 5.928741e-24 1.656020e-24 7.584761e-24 
2.460000e+00 5.917117e-24 1.652099e-24 7.569216e-24 
2.462000e+00 5.902819e-24 1.649604e-24 7.552424e-24 
2.464000e+00 5.891710e-24 1.647027e-24 7.538737e-24 
2.466000e+00 5.875561e-24 1.641952e-24 7.517513e-24 
2.468000e+00 5.863669e-24 1.635270e-24 7.498939e-24 
2.470000e+00 5.848800e-24 1.632446e-24 7.481246e-24 
2.472000e+00 5.838347e-24 1.628595e-24 7.466942e-24 
2.474000e+00 5.824062e-24 1.625007e-24 7.449068e-24 
2.476000e+00 5.802875e-24 1.621988e-24 7.424863e-24 
2.478000e+00 5.789118e-24 1.616982e-24 7.406100e-24 
2.480000e+00 5.777800e-24 1.612997e-24 7.390797e-24 
2.482000e+00 5.768010e-24 1.610501e-24 7.378511e-24 
2.484000e+00 5.751533e-24 1.605780e-24 7.357313e-24 
2.486000e+00 5.746311e-24 1.601490e-24 7.347801e-24 
2.488000e+00 5.731799e-24 1.596330e-24 7.328129e-24 
2.490000e+00 5.719097e-24 1.593943e-24 7.313040e-24 
2.492000e+00 5.705426e-24 1.589930e-24 7.295356e-24 
2.494000e+00 5.692574e-24 1.586750e-24 7.279324e-24 
2.496000e+00 5.679783e-24 1.582214e-24 7.261996e-24 
2.498000e+00 5.662294e-24 1.577485e-24 7.239779e-24 
2.500000e+00 5.653001e-24 1.574157e-24 7.227158e-24 
2.502000e+00 5.636628e-24 1.570836e-24 7.207463e-24 
2.504000e+00 5.627088e-24 1.567521e-24 7.194609e-24 
2.506000e+00 5.614913e-24 1.562500e-24 7.177413e-24 
2.508000e+00 5.605883e-24 1.558288e-24 7.164171e-24 
2.510000e+00 5.592438e-24 1.556283e-24 7.148721e-24 
2.512000e+00 5.579620e-24 1.551031e-24 7.130651e-24 
2.514000e+00 5.562834e-24 1.546877e-24 7.109712e-24 
2.516000e+00 5.551013e-24 1.544951e-24 7.095964e-24 
2.518000e+00 5.537524e-24 1.541493e-24 7.079017e-24 
2.520000e+00 5.525808e-24 1.536923e-24 7.062731e-24 
2.522000e+00 5.515090e-24 1.533631e-24 7.048721e-24 
2.524000e+00 5.506859e-24 1.528411e-24 7.035271e-24 
2.526000e+00 5.492254e-24 1.524819e-24 7.017073e-24 
2.528000e+00 5.478981e-24 1.522702e-24 7.001682e-24 
2.530000e+00 5.466564e-24 1.518488e-24 6.985053e-24 
2.532000e+00 5.457045e-24 1.514740e-24 6.971785e-24 
2.534000e+00 5.445336e-24 1.511139e-24 6.956475e-24 
2.536000e+00 5.431681e-24 1.507107e-24 6.938787e-24 
2.538000e+00 5.414761e-24 1.504261e-24 6.919022e-24 
2.540000e+00 5.403249e-24 1.502658e-24 6.905908e-24 
2.542000e+00 5.391299e-24 1.497693e-24 6.888992e-24 
2.544000e+00 5.381758e-24 1.493605e-24 6.875363e-24 
2.546000e+00 5.368623e-24 1.490664e-24 6.859287e-24 
2.548000e+00 5.356143e-24 1.486444e-24 6.842587e-24 
2.550000e+00 5.348249e-24 1.483405e-24 6.831654e-24 
2.552000e+00 5.335205e-24 1.481241e-24 6.816446e-24 
2.554000e+00 5.318780e-24 1.476296e-24 6.795076e-24 
2.556000e+00 5.313039e-24 1.474164e-24 6.787202e-24 
2.558000e+00 5.300729e-24 1.470359e-24 6.771088e-24 
2.560000e+00 5.286605e-24 1.466069e-24 6.752674e-24 
2.562000e+00 5.280408e-24 1.462018e-24 6.742425e-24 
2.564000e+00 5.263477e-24 1.457094e-24 6.720571e-24 
2.566000e+00 5.251392e-24 1.453110e-24 6.704502e-24 
2.568000e+00 5.237002e-24 1.449530e-24 6.686532e-24 
2.570000e+00 5.227948e-24 1.445250e-24 6.673198e-24 
2.572000e+00 5.218855e-24 1.442219e-24 6.661075e-24 
2.574000e+00 5.204643e-24 1.440420e-24 6.645063e-24 
2.576000e+00 5.193378e-24 1.438439e-24 6.631817e-24 
2.578000e+00 5.180391e-24 1.435988e-24 6.616379e-24 
2.580000e+00 5.166579e-24 1.431841e-24 6.598420e-24 
2.582000e+00 5.155698e-24 1.428921e-24 6.584619e-24 
2.584000e+00 5.140845e-24 1.424061e-24 6.564906e-24 
2.586000e+00 5.138397e-24 1.421924e-24 6.560321e-24 
2.588000e+00 5.122767e-24 1.418344e-24 6.541111e-24 
2.590000e+00 5.108216e-24 1.415012e-24 6.523227e-24 
2.592000e+00 5.099793e-24 1.410719e-24 6.510512e-24 
2.594000e+00 5.087679e-24 1.408764e-24 6.496443e-24 
2.596000e+00 5.078980e-24 1.404726e-24 6.483706e-24 
2.598000e+00 5.063832e-24 1.402656e-24 6.466488e-24 
2.600000e+00 5.053549e-24 1.401234e-24 6.454783e-24 
2.602000e+00 5.041345e-24 1.397131e-24 6.438476e-24 
2.604000e+00 5.028937e-24 1.392938e-24 6.421875e-24 
2.606000e+00 5.023408e-24 1.389112e-24 6.412520e-24 
2.608000e+00 5.005914e-24 1.383939e-24 6.389853e-24 
2.610000e+00 5.002661e-24 1.382829e-24 6.385490e-24 
2.612000e+00 4.991259e-24 1.377305e-24 6.368565e-24 
2.614000e+00 4.980941e-24 1.376788e-24 6.357728e-24 
2.616000e+00 4.967661e-24 1.371159e-24 6.338820e-24 
2.618000e+00 4.959987e-24 1.370492e-24 6.330479e-24 
2.620000e+00 4.948130e-24 1.368407e-24 6.316538e-24 
2.622000e+00 4.936014e-24 1.363286e-24 6.299300e-24 
2.624000e+00 4.923933e-24 1.361524e-24 6.285456e-24 
2.626000e+00 4.907827e-24 1.356574e-24 6.264401e-24 
2.628000e+00 4.902774e-24 1.354765e-24 6.257539e-24 
2.630000e+00 4.890070e-24 1.350791e-24 6.240861e-24 
2.632000e+00 4.879287e-24 1.347288e-24 6.226575e-24 
2.634000e+00 4.867469e-24 1.346556e-24 6.214025e-24 
2.636000e+00 4.853129e-24 1.342622e-24 6.195750e-24 
2.638000e+00 4.848285e-24 1.337343e-24 6.185628e-24 
2.640000e+00 4.836071e-24 1.335823e-24 6.171894e-24 
2.642000e+00 4.821889e-24 1.333604e-24 6.155494e-24 
2.644000e+00 4.817564e-24 1.330168e-24 6.147733e-24 
2.646000e+00 4.802595e-24 1.328685e-24 6.131280e-24 
2.648000e+00 4.794329e-24 1.323687e-24 6.118015e-24 
2.650000e+00 4.787831e-24 1.321269e-24 6.109100e-24 
2.652000e+00 4.771277e-24 1.317356e-24 6.088634e-24 
2.654000e+00 4.765662e-24 1.315769e-24 6.081431e-24 
2.656000e+00 4.749617e-24 1.311353e-24 6.060970e-24 
2.658000e+00 4.743555e-24 1.309338e-24 6.052893e-24 
2.660000e+00 4.730748e-24 1.304780e-24 6.035528e-24 
2.662000e+00 4.721071e-24 1.303156e-24 6.024227e-24 
2.664000e+00 4.711257e-24 1.301406e-24 6.012663e-24 
2.666000e+00 4.700820e-24 1.296332e-24 5.997152e-24 
2.668000e+00 4.686367e-24 1.294297e-24 5.980665e-24 
2.670000e+00 4.680872e-24 1.289790e-24 5.970662e-24 
2.672000e+00 4.667167e-24 1.285416e-24 5.952583e-24 
2.674000e+00 4.656050e-24 1.283839e-24 5.939889e-24 
2.676000e+00 4.643998e-24 1.282679e-24 5.926678e-24 
2.678000e+00 4.634497e-24 1.278658e-24 5.913155e-24 
2.680000e+00 4.627489e-24 1.275608e-24 5.903097e-24 
2.682000e+00 4.616235e-24 1.272144e-24 5.888379e-24 
2.684000e+00 4.605781e-24 1.271032e-24 5.876813e-24 
2.686000e+00 4.597609e-24 1.266619e-24 5.864229e-24 
2.688000e+00 4.584184e-24 1.264106e-24 5.848290e-24 
2.690000e+00 4.578444e-24 1.259872e-24 5.838316e-24 
2.692000e+00 4.562321e-24 1.258127e-24 5.820449e-24 
2.694000e+00 4.556012e-24 1.256380e-24 5.812392e-24 
2.696000e+00 4.545380e-24 1.252024e-24 5.797403e-24 
2.698000e+00 4.532868e-24 1.250812e-24 5.783680e-24 
2.700000e+00 4.523600e-24 1.246358e-24 5.769958e-24 
2.702000e+00 4.516710e-24 1.244573e-24 5.761284e-24 
2.704000e+00 4.500878e-24 1.243436e-24 5.744314e-24 
2.706000e+00 4.497726e-24 1.238935e-24 5.736661e-24 
2.708000e+00 4.487831e-24 1.236788e-24 5.724618e-24 
2.710000e+00 4.478196e-24 1.233067e-24 5.711263e-24 
2.712000e+00 4.464813e-24 1.231629e-24 5.696442e-24 
2.714000e+00 4.454821e-24 1.227648e-24 5.682470e-24 
2.716000e+00 4.450708e-24 1.225430e-24 5.676138e-24 
2.718000e+00 4.439388e-24 1.223922e-24 5.663310e-24 
2.720000e+00 4.435727e-24 1.220443e-24 5.656170e-24 
2.722000e+00 4.419238e-24 1.218170e-24 5.637409e-24 
2.724000e+00 4.413445e-24 1.214474e-24 5.627918e-24 
2.726000e+00 4.402532e-24 1.213059e-24 5.615591e-24 
2.728000e+00 4.386432e-24 1.211259e-24 5.597691e-24 
2.730000e+00 4.380122e-24 1.206989e-24 5.587111e-24 
2.732000e+00 4.372162e-24 1.203450e-24 5.575612e-24 
2.734000e+00 4.366521e-24 1.202386e-24 5.568907e-24 
2.736000e+00 4.352702e-24 1.199276e-24 5.551978e-24 
2.738000e+00 4.342447e-24 1.195297e-24 5.537745e-24 
2.740000e+00 4.334890e-24 1.194137e-24 5.529027e-24 
2.742000e+00 4.326742e-24 1.190015e-24 5.516757e-24 
2.744000e+00 4.319071e-24 1.188494e-24 5.507565e-24 
2.746000e+00 4.306077e-24 1.186719e-24 5.492796e-24 
2.748000e+00 4.297621e-24 1.182375e-24 5.479996e-24 
2.750000e+00 4.288013e-24 1.177945e-24 5.465958e-24 
2.752000e+00 4.274342e-24 1.177347e-24 5.451689e-24 
2.754000e+00 4.267298e-24 1.175355e-24 5.442653e-24 
2.756000e+00 4.259519e-24 1.172354e-24 5.431873e-24 
2.758000e+00 4.247486e-24 1.170182e-24 5.417668e-24 
2.760000e+00 4.241481e-24 1.166923e-24 5.408404e-24 
2.762000e+00 4.229382e-24 1.165079e-24 5.394461e-24 
2.764000e+00 4.221973e-24 1.160370e-24 5.382342e-24 
2.766000e+00 4.211616e-24 1.159777e-24 5.371393e-24 
2.768000e+00 4.203384e-24 1.157871e-24 5.361255e-24 
2.770000e+00 4.197220e-24 1.156253e-24 5.353473e-24 
2.772000e+00 4.189483e-24 1.151830e-24 5.341313e-24 
2.774000e+00 4.181597e-24 1.147705e-24 5.329303e-24 
2.776000e+00 4.165643e-24 1.146165e-24 5.311808e-24 
2.778000e+00 4.158000e-24 1.144694e-24 5.302694e-24 
2.780000e+00 4.148532e-24 1.141272e-24 5.289804e-24 
2.782000e+00 4.141233e-24 1.140222e-24 5.281455e-24 
2.784000e+00 4.131216e-24 1.139544e-24 5.270760e-24 
2.786000e+00 4.126144e-24 1.134986e-24 5.261131e-24 
2.788000e+00 4.117809e-24 1.133797e-24 5.251605e-24 
2.790000e+00 4.109558e-24 1.129601e-24 5.239159e-24 
2.792000e+00 4.092545e-24 1.128259e-24 5.220804e-24 
2.794000e+00 4.086841e-24 1.124205e-24 5.211046e-24 
2.796000e+00 4.076109e-24 1.123035e-24 5.199144e-24 
2.798000e+00 4.070454e-24 1.121123e-24 5.191577e-24 
2.800000e+00 4.063773e-24 1.116967e-24 5.180740e-24 
2.802000e+00 4.053532e-24 1.116948e-24 5.170480e-24 
2.804000e+00 4.042831e-24 1.111774e-24 5.154605e-24 
2.806000e+00 4.036088e-24 1.110355e-24 5.146443e-24 
2.808000e+00 4.029118e-24 1.107044e-24 5.136162e-24 
2.810000e+00 4.014562e-24 1.105465e-24 5.120027e-24 
2.812000e+00 4.007980e-24 1.104555e-24 5.112534e-24 
2.814000e+00 3.999589e-24 1.100301e-24 5.099889e-24 
2.816000e+00 3.989736e-24 1.099496e-24 5.089232e-24 
2.818000e+00 3.981805e-24 1.095297e-24 5.077102e-24 
2.820000e+00 3.977764e-24 1.093863e-24 5.071628e-24 
2.822000e+00 3.967633e-24 1.088947e-24 5.056580e-24 
2.824000e+00 3.958464e-24 1.088588e-24 5.047051e-24 
2.826000e+00 3.948828e-24 1.086072e-24 5.034900e-24 
2.828000e+00 3.943372e-24 1.084157e-24 5.027529e-24 
2.830000e+00 3.924583e-24 1.081657e-24 5.006241e-24 
2.832000e+00 3.921428e-24 1.080303e-24 5.001731e-24 
2.834000e+00 3.912284e-24 1.076121e-24 4.988405e-24 
2.836000e+00 3.901595e-24 1.075385e-24 4.976980e-24 
2.838000e+00 3.894586e-24 1.074092e-24 4.968678e-24 
2.840000e+00 3.888946e-24 1.070463e-24 4.959410e-24 
2.842000e+00 3.877677e-24 1.069005e-24 4.946682e-24 
2.844000e+00 3.868440e-24 1.065899e-24 4.934339e-24 
2.846000e+00 3.861137e-24 1.064442e-24 4.925579e-24 
2.848000e+00 3.853785e-24 1.059947e-24 4.913732e-24 
2.850000e+00 3.845593e-24 1.059397e-24 4.904990e-24 
2.852000e+00 3.840874e-24 1.055343e-24 4.896218e-24 
2.854000e+00 3.829611e-24 1.053659e-24 4.883270e-24 
2.856000e+00 3.818343e-24 1.051420e-24 4.869763e-24 
2.858000e+00 3.810858e-24 1.048946e-24 4.859804e-24 
2.860000e+00 3.802823e-24 1.047530e-24 4.850352e-24 
2.862000e+00 3.795471e-24 1.046888e-24 4.842359e-24 
2.864000e+00 3.786966e-24 1.042632e-24 4.829598e-24 
2.866000e+00 3.778739e-24 1.041049e-24 4.819787e-24 
2.868000e+00 3.768525e-24 1.039959e-24 4.808483e-24 
2.870000e+00 3.762422e-24 1.036779e-24 4.799201e-24 
2.872000e+00 3.753816e-24 1.034858e-24 4.788674e-24 
2.874000e+00 3.751725e-24 1.031967e-24 4.783691e-24 
2.876000e+00 3.742406e-24 1.030761e-24 4.773167e-24 
2.878000e+00 3.732928e-24 1.026392e-24 4.759319e-24 
2.880000e+00 3.726983e-24 1.024762e-24 4.751745e-24 
2.882000e+00 3.719428e-24 1.021752e-24 4.741180e-24 
2.884000e+00 3.709007e-24 1.020376e-24 4.729383e-24 
2.886000e+00 3.700410e-24 1.019715e-24 4.720125e-24 
2.888000e+00 3.692552e-24 1.014952e-24 4.707504e-24 
2.890000e+00 3.681938e-24 1.013525e-24 4.695463e-24 
2.892000e+00 3.678615e-24 1.012881e-24 4.691496e-24 
2.894000e+00 3.673659e-24 1.009673e-24 4.683332e-24 
2.896000e+00 3.663698e-24 1.008806e-24 4.672504e-24 
2.898000e+00 3.653794e-24 1.007508e-24 4.661302e-24 
2.900000e+00 3.646501e-24 1.003597e-24 4.650098e-24 
2.902000e+00 3.640960e-24 1.002897e-24 4.643856e-24 
2.904000e+00 3.632163e-24 1.001468e-24 4.633632e-24 
2.906000e+00 3.623367e-24 9.978218e-25 4.621189e-24 
2.908000e+00 3.618445e-24 9.974991e-25 4.615944e-24 
2.910000e+00 3.612684e-24 9.922524e-25 4.604936e-24 
2.912000e+00 3.606223e-24 9.914452e-25 4.597668e-24 
2.914000e+00 3.595318e-24 9.912135e-25 4.586532e-24 
2.916000e+00 3.586662e-24 9.870476e-25 4.573709e-24 
2.918000e+00 3.578038e-24 9.862282e-25 4.564266e-24 
2.920000e+00 3.570415e-24 9.849078e-25 4.555323e-24 
2.922000e+00 3.564440e-24 9.804212e-25 4.544861e-24 
2.924000e+00 3.554552e-24 9.803816e-25 4.534934e-24 
2.926000e+00 3.549282e-24 9.787990e-25 4.528080e-24 
2.928000e+00 3.543237e-24 9.749000e-25 4.518137e-24 
2.930000e+00 3.534323e-24 9.744192e-25 4.508742e-24 
2.932000e+00 3.525429e-24 9.707964e-25 4.496225e-24 
2.934000e+00 3.516509e-24 9.696167e-25 4.486126e-24 
2.936000e+00 3.508697e-24 9.669983e-25 4.475696e-24 
2.938000e+00 3.502686e-24 9.653839e-25 4.468069e-24 
2.940000e+00 3.495481e-24 9.635660e-25 4.459047e-24 
2.942000e+00 3.489340e-24 9.597366e-25 4.449076e-24 
2.944000e+00 3.481322e-24 9.593315e-25 4.440653e-24 
2.946000e+00 3.474206e-24 9.558840e-25 4.430090e-24 
2.948000e+00 3.466121e-24 9.544573e-25 4.420578e-24 
2.950000e+00 3.455646e-24 9.545164e-25 4.410163e-24 
2.952000e+00 3.447040e-24 9.501507e-25 4.397191e-24 
2.954000e+00 3.444073e-24 9.479698e-25 4.392042e-24 
2.956000e+00 3.436581e-24 9.484455e-25 4.385027e-24 
2.958000e+00 3.426194e-24 9.470198e-25 4.373214e-24 
2.960000e+00 3.421287e-24 9.436741e-25 4.364961e-24 
2.962000e+00 3.416717e-24 9.417633e-25 4.358480e-24 
2.964000e+00 3.406980e-24 9.418248e-25 4.348805e-24 
2.966000e+00 3.399219e-24 9.377078e-25 4.336926e-24 
2.968000e+00 3.394473e-24 9.363442e-25 4.330818e-24 
2.970000e+00 3.389109e-24 9.332208e-25 4.322330e-24 
2.972000e+00 3.378640e-24 9.328634e-25 4.311503e-24 
2.974000e+00 3.369853e-24 9.285341e-25 4.298387e-24 
2.976000e+00 3.363101e-24 9.282927e-25 4.291394e-24 
2.978000e+00 3.361018e-24 9.272285e-25 4.288247e-24 
2.980000e+00 3.351811e-24 9.231062e-25 4.274918e-24 
2.982000e+00 3.344154e-24 9.228832e-25 4.267037e-24 
2.984000e+00 3.334766e-24 9.219683e-25 4.256734e-24 
2.986000e+00 3.375124e-24 9.210319e-25 4.296156e-24 
2.988000e+00 3.323703e-24 9.169428e-25 4.240646e-24 
2.990000e+00 3.314480e-24 9.160081e-25 4.230488e-24 
2.992000e+00 3.310220e-24 9.119679e-25 4.222188e-24 
2.994000e+00 3.303363e-24 9.111402e-25 4.214503e-24 
2.996000e+00 3.294935e-24 9.082660e-25 4.203201e-24 
2.998000e+00 3.286410e-24 9.077804e-25 4.194191e-24 
