1.000000e-01 1.837334e-22 1.381462e-22 3.218796e-22 
1.020000e-01 1.833931e-22 1.355692e-22 3.189624e-22 
1.040000e-01 1.825959e-22 1.359098e-22 3.185057e-22 
1.060000e-01 1.813924e-22 1.348436e-22 3.162360e-22 
1.080000e-01 1.797185e-22 1.337117e-22 3.134302e-22 
1.100000e-01 1.773874e-22 1.325197e-22 3.099071e-22 
1.120000e-01 1.740020e-22 1.314200e-22 3.054220e-22 
1.140000e-01 1.682616e-22 1.302508e-22 2.985124e-22 
1.160000e-01 1.512817e-22 1.290192e-22 2.803009e-22 
1.180000e-01 1.660768e-22 1.279304e-22 2.940072e-22 
1.200000e-01 1.719665e-22 1.267995e-22 2.987660e-22 
1.220000e-01 1.749109e-22 1.255941e-22 3.005050e-22 
1.240000e-01 1.768198e-22 1.244704e-22 3.012903e-22 
1.260000e-01 1.782232e-22 1.233203e-22 3.015436e-22 
1.280000e-01 1.792879e-22 1.221658e-22 3.014537e-22 
1.300000e-01 1.800987e-22 1.210251e-22 3.011238e-22 
1.320000e-01 1.807454e-22 1.198840e-22 3.006294e-22 
1.340000e-01 1.812649e-22 1.187310e-22 2.999959e-22 
1.360000e-01 1.761119e-22 1.176083e-22 2.937202e-22 
1.380000e-01 1.819850e-22 1.164452e-22 2.984302e-22 
1.400000e-01 1.822174e-22 1.153293e-22 2.975466e-22 
1.420000e-01 1.824015e-22 1.141617e-22 2.965633e-22 
1.440000e-01 1.825135e-22 1.130125e-22 2.955259e-22 
1.460000e-01 1.825581e-22 1.118563e-22 2.944144e-22 
1.480000e-01 1.825361e-22 1.107221e-22 2.932582e-22 
1.500000e-01 1.824719e-22 1.095729e-22 2.920448e-22 
1.520000e-01 1.823488e-22 1.083817e-22 2.907305e-22 
1.540000e-01 1.821405e-22 1.072796e-22 2.894202e-22 
1.560000e-01 1.818553e-22 1.045854e-22 2.864408e-22 
1.580000e-01 1.814712e-22 1.034322e-22 2.849033e-22 
1.600000e-01 1.681482e-22 1.023395e-22 2.704877e-22 
1.620000e-01 1.803786e-22 1.012054e-22 2.815840e-22 
1.640000e-01 1.794300e-22 1.000481e-22 2.794781e-22 
1.660000e-01 1.777208e-22 9.893311e-23 2.766539e-22 
1.680000e-01 1.727094e-22 9.783775e-23 2.705471e-22 
1.700000e-01 1.745958e-22 9.674962e-23 2.713454e-22 
1.720000e-01 1.766904e-22 9.564414e-23 2.723345e-22 
1.740000e-01 1.776820e-22 9.452807e-23 2.722101e-22 
1.760000e-01 1.783223e-22 9.341088e-23 2.717332e-22 
1.780000e-01 1.788120e-22 9.229156e-23 2.711036e-22 
1.800000e-01 1.792106e-22 9.116595e-23 2.703766e-22 
1.820000e-01 1.795494e-22 9.003500e-23 2.695844e-22 
1.840000e-01 1.798594e-22 8.889750e-23 2.687569e-22 
1.860000e-01 1.801458e-22 8.776493e-23 2.679107e-22 
1.880000e-01 1.804271e-22 8.660391e-23 2.670310e-22 
1.900000e-01 1.807053e-22 8.544737e-23 2.661527e-22 
1.920000e-01 1.810338e-22 8.428440e-23 2.653182e-22 
1.940000e-01 1.815003e-22 8.313482e-23 2.646351e-22 
1.960000e-01 1.822213e-22 8.196031e-23 2.641817e-22 
1.980000e-01 1.839534e-22 8.079291e-23 2.647463e-22 
2.000000e-01 1.875329e-22 7.961585e-23 2.671488e-22 
2.020000e-01 1.848973e-22 7.844944e-23 2.633468e-22 
2.040000e-01 1.838497e-22 7.727826e-23 2.611280e-22 
2.060000e-01 1.831152e-22 7.605985e-23 2.591750e-22 
2.080000e-01 1.825242e-22 7.484261e-23 2.573668e-22 
2.100000e-01 1.819931e-22 7.360855e-23 2.556017e-22 
2.120000e-01 1.815039e-22 7.232768e-23 2.538316e-22 
2.140000e-01 1.810534e-22 7.102376e-23 2.520771e-22 
2.160000e-01 1.806211e-22 6.969958e-23 2.503207e-22 
2.180000e-01 1.801884e-22 6.832228e-23 2.485107e-22 
2.200000e-01 1.798060e-22 6.698500e-23 2.467910e-22 
2.220000e-01 1.794376e-22 6.563374e-23 2.450713e-22 
2.240000e-01 1.790400e-22 6.426831e-23 2.433083e-22 
2.260000e-01 1.786319e-22 6.286107e-23 2.414930e-22 
2.280000e-01 1.781845e-22 6.136985e-23 2.395544e-22 
2.300000e-01 1.777471e-22 5.987954e-23 2.376266e-22 
2.320000e-01 1.773174e-22 5.832835e-23 2.356458e-22 
2.340000e-01 1.768641e-22 5.671533e-23 2.335794e-22 
2.360000e-01 1.764141e-22 5.506829e-23 2.314824e-22 
2.380000e-01 1.759483e-22 5.336026e-23 2.293085e-22 
2.400000e-01 1.754609e-22 5.193464e-23 2.273956e-22 
2.420000e-01 1.749936e-22 5.080072e-23 2.257943e-22 
2.440000e-01 1.745053e-22 4.970288e-23 2.242082e-22 
2.460000e-01 1.740415e-22 4.826812e-23 2.223096e-22 
2.480000e-01 1.735817e-22 4.656023e-23 2.201420e-22 
2.500000e-01 1.731243e-22 4.454192e-23 2.176662e-22 
2.520000e-01 1.726678e-22 4.203977e-23 2.147075e-22 
2.540000e-01 1.721939e-22 3.923916e-23 2.114331e-22 
2.560000e-01 1.717292e-22 3.615384e-23 2.078831e-22 
2.580000e-01 1.712493e-22 3.261408e-23 2.038633e-22 
2.600000e-01 1.707732e-22 2.808337e-23 1.988566e-22 
2.620000e-01 1.702808e-22 2.258275e-23 1.928635e-22 
2.640000e-01 1.697838e-22 1.600595e-23 1.857898e-22 
2.660000e-01 1.692966e-22 9.707096e-24 1.790037e-22 
2.680000e-01 1.687958e-22 4.350303e-24 1.731461e-22 
2.700000e-01 1.683128e-22 9.200898e-25 1.692329e-22 
2.720000e-01 1.678165e-22 7.792063e-25 1.685957e-22 
2.740000e-01 1.673419e-22 4.766582e-24 1.721085e-22 
2.760000e-01 1.668725e-22 1.324033e-23 1.801128e-22 
2.780000e-01 1.664136e-22 1.936648e-23 1.857801e-22 
2.800000e-01 1.659456e-22 3.199678e-23 1.979423e-22 
2.820000e-01 1.654676e-22 3.726259e-23 2.027302e-22 
2.840000e-01 1.649627e-22 3.543078e-23 2.003935e-22 
2.860000e-01 1.644676e-22 3.362376e-23 1.980913e-22 
2.880000e-01 1.639457e-22 3.261060e-23 1.965563e-22 
2.900000e-01 1.634304e-22 3.236589e-23 1.957963e-22 
2.920000e-01 1.628860e-22 3.275333e-23 1.956394e-22 
2.940000e-01 1.623495e-22 3.368559e-23 1.960351e-22 
2.960000e-01 1.617974e-22 3.489369e-23 1.966911e-22 
2.980000e-01 1.612564e-22 3.635436e-23 1.976107e-22 
3.000000e-01 1.606991e-22 3.774018e-23 1.984393e-22 
3.020000e-01 1.601430e-22 3.885682e-23 1.989998e-22 
3.040000e-01 1.595633e-22 3.971872e-23 1.992820e-22 
3.060000e-01 1.589936e-22 4.044088e-23 1.994345e-22 
3.080000e-01 1.584038e-22 4.115985e-23 1.995636e-22 
3.100000e-01 1.578215e-22 4.165990e-23 1.994814e-22 
3.120000e-01 1.572202e-22 4.210247e-23 1.993227e-22 
3.140000e-01 1.566195e-22 4.233981e-23 1.989593e-22 
3.160000e-01 1.560068e-22 4.243692e-23 1.984437e-22 
3.180000e-01 1.553923e-22 4.236081e-23 1.977531e-22 
3.200000e-01 1.547762e-22 4.238261e-23 1.971588e-22 
3.220000e-01 1.541516e-22 4.246310e-23 1.966147e-22 
3.240000e-01 1.535314e-22 4.270521e-23 1.962366e-22 
3.260000e-01 1.528937e-22 4.299428e-23 1.958879e-22 
3.280000e-01 1.522652e-22 4.324135e-23 1.955065e-22 
3.300000e-01 1.516257e-22 4.349482e-23 1.951205e-22 
3.320000e-01 1.509998e-22 4.370966e-23 1.947094e-22 
3.340000e-01 1.503801e-22 4.392511e-23 1.943052e-22 
3.360000e-01 1.497624e-22 4.409471e-23 1.938571e-22 
3.380000e-01 1.491408e-22 4.425958e-23 1.934004e-22 
3.400000e-01 1.485117e-22 4.439428e-23 1.929060e-22 
3.420000e-01 1.478835e-22 4.453741e-23 1.924209e-22 
3.440000e-01 1.472312e-22 4.468527e-23 1.919165e-22 
3.460000e-01 1.465938e-22 4.484973e-23 1.914435e-22 
3.480000e-01 1.459325e-22 4.498863e-23 1.909211e-22 
3.500000e-01 1.452646e-22 4.512293e-23 1.903875e-22 
3.520000e-01 1.445988e-22 4.523742e-23 1.898362e-22 
3.540000e-01 1.439106e-22 4.534988e-23 1.892605e-22 
3.560000e-01 1.432356e-22 4.545034e-23 1.886859e-22 
3.580000e-01 1.425492e-22 4.554994e-23 1.880991e-22 
3.600000e-01 1.418670e-22 4.562704e-23 1.874940e-22 
3.620000e-01 1.411836e-22 4.570635e-23 1.868900e-22 
3.640000e-01 1.404949e-22 4.578405e-23 1.862790e-22 
3.660000e-01 1.398129e-22 4.586510e-23 1.856780e-22 
3.680000e-01 1.391191e-22 4.592822e-23 1.850473e-22 
3.700000e-01 1.384273e-22 4.599512e-23 1.844224e-22 
3.720000e-01 1.377291e-22 4.605638e-23 1.837855e-22 
3.740000e-01 1.370155e-22 4.612065e-23 1.831362e-22 
3.760000e-01 1.363052e-22 4.616796e-23 1.824731e-22 
3.780000e-01 1.355768e-22 4.621145e-23 1.817882e-22 
3.800000e-01 1.348356e-22 4.623959e-23 1.810751e-22 
3.820000e-01 1.340989e-22 4.626073e-23 1.803596e-22 
3.840000e-01 1.333320e-22 4.628120e-23 1.796132e-22 
3.860000e-01 1.325799e-22 4.630408e-23 1.788840e-22 
3.880000e-01 1.318271e-22 4.632467e-23 1.781517e-22 
3.900000e-01 1.310600e-22 4.633961e-23 1.773996e-22 
3.920000e-01 1.303021e-22 4.635815e-23 1.766602e-22 
3.940000e-01 1.295392e-22 4.637505e-23 1.759142e-22 
3.960000e-01 1.287835e-22 4.639345e-23 1.751769e-22 
3.980000e-01 1.280346e-22 4.639438e-23 1.744290e-22 
4.000000e-01 1.272778e-22 4.641552e-23 1.736934e-22 
4.020000e-01 1.265267e-22 4.641802e-23 1.729447e-22 
4.040000e-01 1.257734e-22 4.640726e-23 1.721806e-22 
4.060000e-01 1.250072e-22 4.639934e-23 1.714065e-22 
4.080000e-01 1.242435e-22 4.639049e-23 1.706339e-22 
4.100000e-01 1.234731e-22 4.638443e-23 1.698576e-22 
4.120000e-01 1.226968e-22 4.637342e-23 1.690702e-22 
4.140000e-01 1.219299e-22 4.636174e-23 1.682916e-22 
4.160000e-01 1.211550e-22 4.635150e-23 1.675065e-22 
4.180000e-01 1.203664e-22 4.634000e-23 1.667064e-22 
4.200000e-01 1.195971e-22 4.633010e-23 1.659272e-22 
4.220000e-01 1.188079e-22 4.631467e-23 1.651226e-22 
4.240000e-01 1.180166e-22 4.630331e-23 1.643199e-22 
4.260000e-01 1.172300e-22 4.628523e-23 1.635152e-22 
4.280000e-01 1.130892e-22 4.626552e-23 1.593547e-22 
4.300000e-01 1.156474e-22 4.553838e-23 1.611858e-22 
4.320000e-01 1.148593e-22 4.551952e-23 1.603788e-22 
4.340000e-01 1.140584e-22 4.550329e-23 1.595617e-22 
4.360000e-01 1.132589e-22 4.548796e-23 1.587469e-22 
4.380000e-01 1.124536e-22 4.547663e-23 1.579302e-22 
4.400000e-01 1.116432e-22 4.546401e-23 1.571072e-22 
4.420000e-01 1.108365e-22 4.543546e-23 1.562720e-22 
4.440000e-01 1.100344e-22 4.540991e-23 1.554444e-22 
4.460000e-01 1.092194e-22 4.538228e-23 1.546017e-22 
4.480000e-01 1.083999e-22 4.535536e-23 1.537552e-22 
4.500000e-01 1.075898e-22 4.533099e-23 1.529208e-22 
4.520000e-01 1.067691e-22 4.528318e-23 1.520522e-22 
4.540000e-01 1.059415e-22 4.523362e-23 1.511751e-22 
4.560000e-01 1.051173e-22 4.519312e-23 1.503105e-22 
4.580000e-01 1.042913e-22 4.514417e-23 1.494355e-22 
4.600000e-01 1.034529e-22 4.509750e-23 1.485504e-22 
4.620000e-01 1.026220e-22 4.505071e-23 1.476727e-22 
4.640000e-01 1.017859e-22 4.500312e-23 1.467891e-22 
4.660000e-01 1.009386e-22 4.495390e-23 1.458925e-22 
4.680000e-01 1.000937e-22 4.490757e-23 1.450013e-22 
4.700000e-01 9.924628e-23 4.486141e-23 1.441077e-22 
4.720000e-01 9.838147e-23 4.480737e-23 1.431888e-22 
4.740000e-01 9.751483e-23 4.474628e-23 1.422611e-22 
4.760000e-01 9.664448e-23 4.468626e-23 1.413307e-22 
4.780000e-01 9.576868e-23 4.462338e-23 1.403921e-22 
4.800000e-01 9.488240e-23 4.455888e-23 1.394413e-22 
4.820000e-01 9.399019e-23 4.449045e-23 1.384806e-22 
4.840000e-01 9.309138e-23 4.442439e-23 1.375158e-22 
4.860000e-01 9.217745e-23 4.435524e-23 1.365327e-22 
4.880000e-01 9.125469e-23 4.428810e-23 1.355428e-22 
4.900000e-01 9.032361e-23 4.421088e-23 1.345345e-22 
4.920000e-01 8.938309e-23 4.413255e-23 1.335156e-22 
4.940000e-01 8.842473e-23 4.405517e-23 1.324799e-22 
4.960000e-01 8.746209e-23 4.397358e-23 1.314357e-22 
4.980000e-01 8.647647e-23 4.389393e-23 1.303704e-22 
5.000000e-01 8.546822e-23 4.381222e-23 1.292804e-22 
5.020000e-01 8.445027e-23 4.373803e-23 1.281883e-22 
5.040000e-01 8.341037e-23 4.366190e-23 1.270723e-22 
5.060000e-01 8.234608e-23 4.358560e-23 1.259317e-22 
5.080000e-01 8.125455e-23 4.351018e-23 1.247647e-22 
5.100000e-01 8.013654e-23 4.343514e-23 1.235717e-22 
5.120000e-01 7.897951e-23 4.336010e-23 1.223396e-22 
5.140000e-01 7.779319e-23 4.328407e-23 1.210773e-22 
5.160000e-01 7.656341e-23 4.321241e-23 1.197758e-22 
5.180000e-01 7.528447e-23 4.313970e-23 1.184242e-22 
5.200000e-01 7.393460e-23 4.306807e-23 1.170027e-22 
5.220000e-01 7.252492e-23 4.299700e-23 1.155219e-22 
5.240000e-01 7.102898e-23 4.292145e-23 1.139504e-22 
5.260000e-01 6.942990e-23 4.284278e-23 1.122727e-22 
5.280000e-01 6.770596e-23 4.276238e-23 1.104683e-22 
5.300000e-01 6.583030e-23 4.268302e-23 1.085133e-22 
5.320000e-01 6.376279e-23 4.260480e-23 1.063676e-22 
5.340000e-01 6.133522e-23 4.252300e-23 1.038582e-22 
5.360000e-01 5.841629e-23 4.243697e-23 1.008533e-22 
5.380000e-01 5.443614e-23 4.234215e-23 9.677829e-23 
5.400000e-01 4.879548e-23 4.224926e-23 9.104474e-23 
5.420000e-01 4.250764e-23 4.216040e-23 8.466804e-23 
5.440000e-01 3.849698e-23 4.207907e-23 8.057606e-23 
5.460000e-01 3.916950e-23 4.200212e-23 8.117163e-23 
5.480000e-01 4.333780e-23 4.191898e-23 8.525678e-23 
5.500000e-01 4.774880e-23 4.182633e-23 8.957513e-23 
5.520000e-01 5.114119e-23 4.173453e-23 9.287572e-23 
5.540000e-01 5.319014e-23 4.164499e-23 9.483513e-23 
5.560000e-01 5.472057e-23 4.156353e-23 9.628410e-23 
5.580000e-01 5.588380e-23 4.148027e-23 9.736407e-23 
5.600000e-01 5.685295e-23 4.140053e-23 9.825348e-23 
5.620000e-01 5.767476e-23 4.131282e-23 9.898757e-23 
5.640000e-01 5.837170e-23 4.122445e-23 9.959615e-23 
5.660000e-01 5.896977e-23 4.113651e-23 1.001063e-22 
5.680000e-01 5.947446e-23 4.104660e-23 1.005211e-22 
5.700000e-01 5.990459e-23 4.095632e-23 1.008609e-22 
5.720000e-01 6.026975e-23 4.085911e-23 1.011289e-22 
5.740000e-01 6.059085e-23 4.076770e-23 1.013586e-22 
5.760000e-01 6.087827e-23 4.067407e-23 1.015523e-22 
5.780000e-01 6.111141e-23 4.058461e-23 1.016960e-22 
5.800000e-01 6.130381e-23 4.049253e-23 1.017963e-22 
5.820000e-01 6.147095e-23 4.040389e-23 1.018748e-22 
5.840000e-01 6.161264e-23 4.031501e-23 1.019277e-22 
5.860000e-01 6.173042e-23 4.023121e-23 1.019616e-22 
5.880000e-01 6.180638e-23 4.013983e-23 1.019462e-22 
5.900000e-01 6.186886e-23 4.005061e-23 1.019195e-22 
5.920000e-01 6.191271e-23 3.995892e-23 1.018716e-22 
5.940000e-01 6.193702e-23 3.986490e-23 1.018019e-22 
5.960000e-01 6.194053e-23 3.977576e-23 1.017163e-22 
5.980000e-01 6.192180e-23 3.968281e-23 1.016046e-22 
6.000000e-01 6.189820e-23 3.958884e-23 1.014870e-22 
6.020000e-01 6.185633e-23 3.948631e-23 1.013426e-22 
6.040000e-01 6.179744e-23 3.938208e-23 1.011795e-22 
6.060000e-01 6.172397e-23 3.927637e-23 1.010003e-22 
6.080000e-01 6.164032e-23 3.918283e-23 1.008232e-22 
6.100000e-01 6.155061e-23 3.910396e-23 1.006546e-22 
6.120000e-01 6.144863e-23 3.901970e-23 1.004683e-22 
6.140000e-01 6.131990e-23 3.893847e-23 1.002584e-22 
6.160000e-01 6.119508e-23 3.884173e-23 1.000368e-22 
6.180000e-01 6.105687e-23 3.874348e-23 9.980035e-23 
6.200000e-01 6.091148e-23 3.864539e-23 9.955687e-23 
6.220000e-01 6.075233e-23 3.854885e-23 9.930118e-23 
6.240000e-01 6.058218e-23 3.845616e-23 9.903834e-23 
6.260000e-01 6.041210e-23 3.836496e-23 9.877707e-23 
6.280000e-01 6.022900e-23 3.827327e-23 9.850227e-23 
6.300000e-01 6.003371e-23 3.817720e-23 9.821092e-23 
6.320000e-01 5.983131e-23 3.807471e-23 9.790602e-23 
6.340000e-01 5.962206e-23 3.797281e-23 9.759487e-23 
6.360000e-01 5.940218e-23 3.787185e-23 9.727403e-23 
6.380000e-01 5.917484e-23 3.787790e-23 9.705275e-23 
6.400000e-01 5.893568e-23 3.768139e-23 9.661707e-23 
6.420000e-01 5.868007e-23 3.758273e-23 9.626280e-23 
6.440000e-01 5.842718e-23 3.749123e-23 9.591841e-23 
6.460000e-01 5.816187e-23 3.740729e-23 9.556916e-23 
6.480000e-01 5.788408e-23 3.732221e-23 9.520630e-23 
6.500000e-01 5.759089e-23 3.724450e-23 9.483540e-23 
6.520000e-01 5.728662e-23 3.714266e-23 9.442928e-23 
6.540000e-01 5.697505e-23 3.703570e-23 9.401075e-23 
6.560000e-01 5.664356e-23 3.692957e-23 9.357314e-23 
6.580000e-01 5.630001e-23 3.682249e-23 9.312249e-23 
6.600000e-01 5.594305e-23 3.672926e-23 9.267231e-23 
6.620000e-01 5.556850e-23 3.663253e-23 9.220103e-23 
6.640000e-01 5.518504e-23 3.653927e-23 9.172431e-23 
6.660000e-01 5.477568e-23 3.644371e-23 9.121939e-23 
6.680000e-01 5.435138e-23 3.634587e-23 9.069725e-23 
6.700000e-01 5.390746e-23 3.624531e-23 9.015277e-23 
6.720000e-01 5.345292e-23 3.614395e-23 8.959687e-23 
6.740000e-01 5.297384e-23 3.604408e-23 8.901791e-23 
6.760000e-01 5.246568e-23 3.594998e-23 8.841566e-23 
6.780000e-01 5.193650e-23 3.585862e-23 8.779513e-23 
6.800000e-01 5.138743e-23 3.576585e-23 8.715327e-23 
6.820000e-01 5.079130e-23 3.566928e-23 8.646058e-23 
6.840000e-01 5.016370e-23 3.557714e-23 8.574084e-23 
6.860000e-01 4.949389e-23 3.548520e-23 8.497909e-23 
6.880000e-01 4.876488e-23 3.541742e-23 8.418231e-23 
6.900000e-01 4.798617e-23 3.532020e-23 8.330637e-23 
6.920000e-01 4.711659e-23 3.522663e-23 8.234322e-23 
6.940000e-01 4.612684e-23 3.513039e-23 8.125723e-23 
6.960000e-01 4.503701e-23 3.503846e-23 8.007547e-23 
6.980000e-01 4.369934e-23 3.493810e-23 7.863744e-23 
7.000000e-01 4.182459e-23 3.484233e-23 7.666693e-23 
7.020000e-01 3.960175e-23 3.474180e-23 7.434356e-23 
7.040000e-01 3.688061e-23 3.464717e-23 7.152778e-23 
7.060000e-01 3.504921e-23 3.454544e-23 6.959465e-23 
7.080000e-01 3.405362e-23 3.445250e-23 6.850612e-23 
7.100000e-01 3.511599e-23 3.435143e-23 6.946742e-23 
7.120000e-01 3.686302e-23 3.425549e-23 7.111851e-23 
7.140000e-01 3.933763e-23 3.415778e-23 7.349542e-23 
7.160000e-01 4.135284e-23 3.406456e-23 7.541741e-23 
7.180000e-01 4.306206e-23 3.396865e-23 7.703071e-23 
7.200000e-01 4.410511e-23 3.384485e-23 7.794996e-23 
7.220000e-01 4.492544e-23 3.375091e-23 7.867635e-23 
7.240000e-01 4.563734e-23 3.366047e-23 7.929780e-23 
7.260000e-01 4.620439e-23 3.356793e-23 7.977231e-23 
7.280000e-01 4.671264e-23 3.348020e-23 8.019285e-23 
7.300000e-01 4.717330e-23 3.338203e-23 8.055533e-23 
7.320000e-01 4.754350e-23 3.328741e-23 8.083091e-23 
7.340000e-01 4.789272e-23 3.318758e-23 8.108030e-23 
7.360000e-01 4.819604e-23 3.309020e-23 8.128623e-23 
7.380000e-01 4.847253e-23 3.299030e-23 8.146283e-23 
7.400000e-01 4.872722e-23 3.289124e-23 8.161846e-23 
7.420000e-01 4.894483e-23 3.279315e-23 8.173797e-23 
7.440000e-01 4.914149e-23 3.269897e-23 8.184046e-23 
7.460000e-01 4.931886e-23 3.259827e-23 8.191713e-23 
7.480000e-01 4.948349e-23 3.250545e-23 8.198893e-23 
7.500000e-01 4.963072e-23 3.241270e-23 8.204341e-23 
7.520000e-01 4.976248e-23 3.232411e-23 8.208659e-23 
7.540000e-01 4.987561e-23 3.222881e-23 8.210443e-23 
7.560000e-01 4.997462e-23 3.213533e-23 8.210995e-23 
7.580000e-01 5.006483e-23 3.204688e-23 8.211171e-23 
7.600000e-01 5.014920e-23 3.195577e-23 8.210497e-23 
7.620000e-01 5.021751e-23 3.186796e-23 8.208547e-23 
7.640000e-01 5.028017e-23 3.177735e-23 8.205751e-23 
7.660000e-01 5.032923e-23 3.168954e-23 8.201877e-23 
7.680000e-01 5.037104e-23 3.160681e-23 8.197785e-23 
7.700000e-01 5.040722e-23 3.151812e-23 8.192533e-23 
7.720000e-01 5.043511e-23 3.143288e-23 8.186800e-23 
7.740000e-01 5.045267e-23 3.134157e-23 8.179424e-23 
7.760000e-01 5.046238e-23 3.124324e-23 8.170562e-23 
7.780000e-01 5.046496e-23 3.115046e-23 8.161542e-23 
7.800000e-01 5.046165e-23 3.105549e-23 8.151714e-23 
7.820000e-01 5.044960e-23 3.095424e-23 8.140384e-23 
7.840000e-01 5.043313e-23 3.086753e-23 8.130067e-23 
7.860000e-01 5.039988e-23 3.077696e-23 8.117684e-23 
7.880000e-01 5.036496e-23 3.068626e-23 8.105122e-23 
7.900000e-01 5.032358e-23 3.059472e-23 8.091830e-23 
7.920000e-01 5.027141e-23 3.050274e-23 8.077415e-23 
7.940000e-01 5.021210e-23 3.041658e-23 8.062868e-23 
7.960000e-01 5.012099e-23 3.033124e-23 8.045222e-23 
7.980000e-01 5.003053e-23 3.024198e-23 8.027251e-23 
8.000000e-01 4.993874e-23 3.015439e-23 8.009314e-23 
8.020000e-01 4.985828e-23 3.007006e-23 7.992833e-23 
8.040000e-01 4.978742e-23 2.998834e-23 7.977576e-23 
8.060000e-01 4.972224e-23 2.989945e-23 7.962170e-23 
8.080000e-01 4.965823e-23 2.981109e-23 7.946933e-23 
8.100000e-01 4.958803e-23 2.972433e-23 7.931235e-23 
8.120000e-01 4.952479e-23 2.963424e-23 7.915904e-23 
8.140000e-01 4.947129e-23 2.953465e-23 7.900595e-23 
8.160000e-01 4.941425e-23 2.752981e-23 7.694406e-23 
8.180000e-01 4.935785e-23 2.934830e-23 7.870616e-23 
8.200000e-01 4.929898e-23 2.926300e-23 7.856198e-23 
8.220000e-01 4.924580e-23 2.918203e-23 7.842783e-23 
8.240000e-01 4.918729e-23 2.910165e-23 7.828894e-23 
8.260000e-01 4.913750e-23 2.902687e-23 7.816438e-23 
8.280000e-01 4.908540e-23 2.894550e-23 7.803090e-23 
8.300000e-01 4.903094e-23 2.886153e-23 7.789248e-23 
8.320000e-01 4.898243e-23 2.877526e-23 7.775769e-23 
8.340000e-01 4.893180e-23 2.868796e-23 7.761976e-23 
8.360000e-01 4.888447e-23 2.859953e-23 7.748400e-23 
8.380000e-01 4.884023e-23 2.851053e-23 7.735077e-23 
8.400000e-01 4.879627e-23 2.842315e-23 7.721942e-23 
8.420000e-01 4.875711e-23 2.834810e-23 7.710521e-23 
8.440000e-01 4.872005e-23 2.826103e-23 7.698108e-23 
8.460000e-01 4.867904e-23 2.817784e-23 7.685688e-23 
8.480000e-01 4.864472e-23 2.809199e-23 7.673670e-23 
8.500000e-01 4.861438e-23 2.801322e-23 7.662760e-23 
8.520000e-01 4.858469e-23 2.793184e-23 7.651654e-23 
8.540000e-01 4.855727e-23 2.783980e-23 7.639706e-23 
8.560000e-01 4.853209e-23 2.776090e-23 7.629299e-23 
8.580000e-01 4.850482e-23 2.768044e-23 7.618526e-23 
8.600000e-01 4.847837e-23 2.758963e-23 7.606800e-23 
8.620000e-01 4.844817e-23 2.750175e-23 7.594992e-23 
8.640000e-01 4.842048e-23 2.741420e-23 7.583468e-23 
8.660000e-01 4.838269e-23 2.733932e-23 7.572201e-23 
8.680000e-01 4.835604e-23 2.725520e-23 7.561125e-23 
8.700000e-01 4.832351e-23 2.716788e-23 7.549139e-23 
8.720000e-01 4.827758e-23 2.708060e-23 7.535818e-23 
8.740000e-01 4.823519e-23 2.700126e-23 7.523645e-23 
8.760000e-01 4.817950e-23 2.691341e-23 7.509291e-23 
8.780000e-01 4.812085e-23 2.682965e-23 7.495050e-23 
8.800000e-01 4.806007e-23 2.675813e-23 7.481820e-23 
8.820000e-01 4.799568e-23 2.668692e-23 7.468260e-23 
8.840000e-01 4.793812e-23 2.661821e-23 7.455633e-23 
8.860000e-01 4.787667e-23 2.655583e-23 7.443249e-23 
8.880000e-01 4.780791e-23 2.648569e-23 7.429361e-23 
8.900000e-01 4.773922e-23 2.640633e-23 7.414555e-23 
8.920000e-01 4.766402e-23 2.632988e-23 7.399391e-23 
8.940000e-01 4.758993e-23 2.624994e-23 7.383987e-23 
8.960000e-01 4.752071e-23 2.617375e-23 7.369446e-23 
8.980000e-01 4.745188e-23 2.609647e-23 7.354835e-23 
9.000000e-01 4.737484e-23 2.601343e-23 7.338826e-23 
9.020000e-01 4.729919e-23 2.592499e-23 7.322418e-23 
9.040000e-01 4.721858e-23 2.583925e-23 7.305784e-23 
9.060000e-01 4.713659e-23 2.575736e-23 7.289395e-23 
9.080000e-01 4.706313e-23 2.566706e-23 7.273019e-23 
9.100000e-01 4.697852e-23 2.559454e-23 7.257307e-23 
9.120000e-01 4.689930e-23 2.552354e-23 7.242284e-23 
9.140000e-01 4.681354e-23 2.544872e-23 7.226226e-23 
9.160000e-01 4.672728e-23 2.537648e-23 7.210376e-23 
9.180000e-01 4.664460e-23 2.530714e-23 7.195174e-23 
9.200000e-01 4.655344e-23 2.523012e-23 7.178356e-23 
9.220000e-01 4.647060e-23 2.514686e-23 7.161747e-23 
9.240000e-01 4.638767e-23 2.505293e-23 7.144060e-23 
9.260000e-01 4.630439e-23 2.497465e-23 7.127905e-23 
9.280000e-01 4.621873e-23 2.489359e-23 7.111231e-23 
9.300000e-01 4.612625e-23 2.481573e-23 7.094198e-23 
9.320000e-01 4.603620e-23 2.474908e-23 7.078528e-23 
9.340000e-01 4.594457e-23 2.468422e-23 7.062879e-23 
9.360000e-01 4.585184e-23 2.461792e-23 7.046975e-23 
9.380000e-01 4.576566e-23 2.454582e-23 7.031148e-23 
9.400000e-01 4.566860e-23 2.447923e-23 7.014783e-23 
9.420000e-01 4.558270e-23 2.441046e-23 6.999316e-23 
9.440000e-01 4.548521e-23 2.433757e-23 6.982278e-23 
9.460000e-01 4.539163e-23 2.426302e-23 6.965465e-23 
9.480000e-01 4.529511e-23 2.419036e-23 6.948547e-23 
9.500000e-01 4.520786e-23 2.411794e-23 6.932580e-23 
9.520000e-01 4.510965e-23 2.404175e-23 6.915140e-23 
9.540000e-01 4.501121e-23 2.397387e-23 6.898508e-23 
9.560000e-01 4.491952e-23 2.390632e-23 6.882583e-23 
9.580000e-01 4.481997e-23 2.383307e-23 6.865304e-23 
9.600000e-01 4.472948e-23 2.376241e-23 6.849189e-23 
9.620000e-01 4.463364e-23 2.369188e-23 6.832552e-23 
9.640000e-01 4.452639e-23 2.361763e-23 6.814402e-23 
9.660000e-01 4.443175e-23 2.353852e-23 6.797027e-23 
9.680000e-01 4.433368e-23 2.345963e-23 6.779331e-23 
9.700000e-01 4.423526e-23 2.337677e-23 6.761203e-23 
9.720000e-01 4.413588e-23 2.329883e-23 6.743471e-23 
9.740000e-01 4.403809e-23 2.322696e-23 6.726505e-23 
9.760000e-01 4.395537e-23 2.316037e-23 6.711575e-23 
9.780000e-01 4.386002e-23 2.309293e-23 6.695295e-23 
9.800000e-01 4.375804e-23 2.302757e-23 6.678561e-23 
9.820000e-01 4.365858e-23 2.296077e-23 6.661935e-23 
9.840000e-01 4.355223e-23 2.289613e-23 6.644836e-23 
9.860000e-01 4.345412e-23 2.282626e-23 6.628038e-23 
9.880000e-01 4.335738e-23 2.274858e-23 6.610596e-23 
9.900000e-01 4.325483e-23 2.267778e-23 6.593262e-23 
9.920000e-01 4.315265e-23 2.260066e-23 6.575332e-23 
9.940000e-01 4.306023e-23 2.252748e-23 6.558770e-23 
9.960000e-01 4.295363e-23 2.246012e-23 6.541375e-23 
9.980000e-01 4.285813e-23 2.241974e-23 6.527788e-23 
1.000000e+00 4.275664e-23 2.237708e-23 6.513372e-23 
1.002000e+00 4.265712e-23 2.231825e-23 6.497537e-23 
1.004000e+00 4.256090e-23 2.225708e-23 6.481798e-23 
1.006000e+00 4.245933e-23 2.219787e-23 6.465720e-23 
1.008000e+00 4.236074e-23 2.213579e-23 6.449653e-23 
1.010000e+00 4.226007e-23 2.208005e-23 6.434012e-23 
1.012000e+00 4.215817e-23 2.201496e-23 6.417313e-23 
1.014000e+00 4.205660e-23 2.195358e-23 6.401018e-23 
1.016000e+00 4.193793e-23 2.188189e-23 6.381982e-23 
1.018000e+00 4.184046e-23 2.181603e-23 6.365649e-23 
1.020000e+00 4.173950e-23 2.175558e-23 6.349508e-23 
1.022000e+00 4.163977e-23 2.169349e-23 6.333327e-23 
1.024000e+00 4.153551e-23 2.162972e-23 6.316524e-23 
1.026000e+00 4.143360e-23 2.157272e-23 6.300632e-23 
1.028000e+00 4.133675e-23 2.153108e-23 6.286783e-23 
1.030000e+00 4.123026e-23 2.147125e-23 6.270151e-23 
1.032000e+00 4.112964e-23 2.141312e-23 6.254277e-23 
1.034000e+00 4.102950e-23 2.135285e-23 6.238235e-23 
1.036000e+00 4.093200e-23 2.129483e-23 6.222683e-23 
1.038000e+00 4.082813e-23 2.123276e-23 6.206089e-23 
1.040000e+00 4.072232e-23 2.117778e-23 6.190009e-23 
1.042000e+00 4.062649e-23 2.025963e-23 6.088611e-23 
1.044000e+00 4.052208e-23 2.105635e-23 6.157843e-23 
1.046000e+00 4.042183e-23 2.099915e-23 6.142098e-23 
1.048000e+00 4.032504e-23 2.093765e-23 6.126269e-23 
1.050000e+00 4.022307e-23 2.088275e-23 6.110581e-23 
1.052000e+00 4.012028e-23 2.082468e-23 6.094496e-23 
1.054000e+00 4.001814e-23 2.076946e-23 6.078760e-23 
1.056000e+00 3.992011e-23 2.071851e-23 6.063863e-23 
1.058000e+00 3.981655e-23 2.065936e-23 6.047590e-23 
1.060000e+00 3.972162e-23 2.060117e-23 6.032279e-23 
1.062000e+00 3.961327e-23 2.054658e-23 6.015984e-23 
1.064000e+00 3.951668e-23 2.048990e-23 6.000659e-23 
1.066000e+00 3.941413e-23 2.043358e-23 5.984771e-23 
1.068000e+00 3.931267e-23 2.037301e-23 5.968568e-23 
1.070000e+00 3.920597e-23 2.031884e-23 5.952482e-23 
1.072000e+00 3.911228e-23 2.026401e-23 5.937629e-23 
1.074000e+00 3.900473e-23 2.020795e-23 5.921268e-23 
1.076000e+00 3.890565e-23 2.015436e-23 5.906001e-23 
1.078000e+00 3.880466e-23 2.009998e-23 5.890464e-23 
1.080000e+00 3.870663e-23 2.004514e-23 5.875177e-23 
1.082000e+00 3.860718e-23 1.999095e-23 5.859813e-23 
1.084000e+00 3.849597e-23 1.993740e-23 5.843337e-23 
1.086000e+00 3.840388e-23 1.988403e-23 5.828790e-23 
1.088000e+00 3.829662e-23 1.983358e-23 5.813020e-23 
1.090000e+00 3.819900e-23 1.977399e-23 5.797299e-23 
1.092000e+00 3.810338e-23 1.971796e-23 5.782134e-23 
1.094000e+00 3.799448e-23 1.966593e-23 5.766041e-23 
1.096000e+00 3.789344e-23 1.961168e-23 5.750512e-23 
1.098000e+00 3.779427e-23 1.955554e-23 5.734981e-23 
1.100000e+00 3.769452e-23 1.950563e-23 5.720015e-23 
1.102000e+00 3.759765e-23 1.945355e-23 5.705121e-23 
1.104000e+00 3.749303e-23 1.939983e-23 5.689285e-23 
1.106000e+00 3.739670e-23 1.935075e-23 5.674745e-23 
1.108000e+00 3.730555e-23 1.929808e-23 5.660363e-23 
1.110000e+00 3.720858e-23 1.924978e-23 5.645836e-23 
1.112000e+00 3.710403e-23 1.918940e-23 5.629343e-23 
1.114000e+00 3.700588e-23 1.913988e-23 5.614576e-23 
1.116000e+00 3.690690e-23 1.908805e-23 5.599495e-23 
1.118000e+00 3.680415e-23 1.903610e-23 5.584025e-23 
1.120000e+00 3.669950e-23 1.898164e-23 5.568114e-23 
1.122000e+00 3.660819e-23 1.892641e-23 5.553459e-23 
1.124000e+00 3.650083e-23 1.888145e-23 5.538228e-23 
1.126000e+00 3.640424e-23 1.883240e-23 5.523664e-23 
1.128000e+00 3.630115e-23 1.878418e-23 5.508532e-23 
1.130000e+00 3.619884e-23 1.873654e-23 5.493538e-23 
1.132000e+00 3.610199e-23 1.868261e-23 5.478461e-23 
1.134000e+00 3.600268e-23 1.863626e-23 5.463893e-23 
1.136000e+00 3.591121e-23 1.858489e-23 5.449610e-23 
1.138000e+00 3.581555e-23 1.853901e-23 5.435456e-23 
1.140000e+00 3.571254e-23 1.848910e-23 5.420165e-23 
1.142000e+00 3.560788e-23 1.843746e-23 5.404534e-23 
1.144000e+00 3.551183e-23 1.838649e-23 5.389832e-23 
1.146000e+00 3.540560e-23 1.833738e-23 5.374298e-23 
1.148000e+00 3.530755e-23 1.829009e-23 5.359765e-23 
1.150000e+00 3.521056e-23 1.823971e-23 5.345027e-23 
1.152000e+00 3.511920e-23 1.819529e-23 5.331449e-23 
1.154000e+00 3.500462e-23 1.814875e-23 5.315337e-23 
1.156000e+00 3.491080e-23 1.810292e-23 5.301372e-23 
1.158000e+00 3.480626e-23 1.805179e-23 5.285805e-23 
1.160000e+00 3.471337e-23 1.800235e-23 5.271571e-23 
1.162000e+00 3.461321e-23 1.795234e-23 5.256555e-23 
1.164000e+00 3.451283e-23 1.790849e-23 5.242132e-23 
1.166000e+00 3.440830e-23 1.785915e-23 5.226745e-23 
1.168000e+00 3.431100e-23 1.781133e-23 5.212232e-23 
1.170000e+00 3.421300e-23 1.776291e-23 5.197591e-23 
1.172000e+00 3.411720e-23 1.771353e-23 5.183073e-23 
1.174000e+00 3.402624e-23 1.766345e-23 5.168968e-23 
1.176000e+00 3.392453e-23 1.762050e-23 5.154503e-23 
1.178000e+00 3.382216e-23 1.757479e-23 5.139695e-23 
1.180000e+00 3.373202e-23 1.752478e-23 5.125680e-23 
1.182000e+00 3.362833e-23 1.748553e-23 5.111386e-23 
1.184000e+00 3.352266e-23 1.743732e-23 5.095998e-23 
1.186000e+00 3.342534e-23 1.739289e-23 5.081823e-23 
1.188000e+00 3.333122e-23 1.734756e-23 5.067878e-23 
1.190000e+00 3.322893e-23 1.730309e-23 5.053202e-23 
1.192000e+00 3.313381e-23 1.725523e-23 5.038904e-23 
1.194000e+00 3.303640e-23 1.721177e-23 5.024818e-23 
1.196000e+00 3.293635e-23 1.711684e-23 5.005319e-23 
1.198000e+00 3.284333e-23 1.709526e-23 4.993859e-23 
1.200000e+00 3.274249e-23 1.704690e-23 4.978939e-23 
1.202000e+00 3.263972e-23 1.700388e-23 4.964360e-23 
1.204000e+00 3.254035e-23 1.695776e-23 4.949810e-23 
1.206000e+00 3.244673e-23 1.697119e-23 4.941792e-23 
1.208000e+00 3.234747e-23 1.692279e-23 4.927026e-23 
1.210000e+00 3.224576e-23 1.688282e-23 4.912859e-23 
1.212000e+00 3.215131e-23 1.683485e-23 4.898615e-23 
1.214000e+00 3.205103e-23 1.679468e-23 4.884571e-23 
1.216000e+00 3.195549e-23 1.675401e-23 4.870950e-23 
1.218000e+00 3.185423e-23 1.670812e-23 4.856235e-23 
1.220000e+00 3.175208e-23 1.666467e-23 4.841674e-23 
1.222000e+00 3.164931e-23 1.662066e-23 4.826997e-23 
1.224000e+00 3.155095e-23 1.657842e-23 4.812937e-23 
1.226000e+00 3.144838e-23 1.653776e-23 4.798614e-23 
1.228000e+00 3.135088e-23 1.649165e-23 4.784253e-23 
1.230000e+00 3.125227e-23 1.644600e-23 4.769828e-23 
1.232000e+00 3.115267e-23 1.640403e-23 4.755670e-23 
1.234000e+00 3.104990e-23 1.637198e-23 4.742188e-23 
1.236000e+00 3.094341e-23 1.632958e-23 4.727299e-23 
1.238000e+00 3.084219e-23 1.628145e-23 4.712364e-23 
1.240000e+00 3.073342e-23 1.624154e-23 4.697495e-23 
1.242000e+00 3.063963e-23 1.620068e-23 4.684031e-23 
1.244000e+00 3.053644e-23 1.613524e-23 4.667168e-23 
1.246000e+00 3.041789e-23 1.609461e-23 4.651250e-23 
1.248000e+00 3.030878e-23 1.605499e-23 4.636377e-23 
1.250000e+00 3.020541e-23 1.601563e-23 4.622104e-23 
1.252000e+00 3.009960e-23 1.597353e-23 4.607313e-23 
1.254000e+00 2.998862e-23 1.593227e-23 4.592089e-23 
1.256000e+00 2.987458e-23 1.588864e-23 4.576322e-23 
1.258000e+00 2.976688e-23 1.584470e-23 4.561158e-23 
1.260000e+00 2.964924e-23 1.580166e-23 4.545089e-23 
1.262000e+00 2.953280e-23 1.576744e-23 4.530024e-23 
1.264000e+00 2.942207e-23 1.572840e-23 4.515048e-23 
1.266000e+00 2.930215e-23 1.568909e-23 4.499123e-23 
1.268000e+00 2.917306e-23 1.564936e-23 4.482242e-23 
1.270000e+00 2.905298e-23 1.561164e-23 4.466461e-23 
1.272000e+00 2.891935e-23 1.557334e-23 4.449269e-23 
1.274000e+00 2.879101e-23 1.553248e-23 4.432349e-23 
1.276000e+00 2.869150e-23 1.549237e-23 4.418386e-23 
1.278000e+00 2.854682e-23 1.545242e-23 4.399924e-23 
1.280000e+00 2.840252e-23 1.541087e-23 4.381339e-23 
1.282000e+00 2.824908e-23 1.537438e-23 4.362346e-23 
1.284000e+00 2.807456e-23 1.533071e-23 4.340527e-23 
1.286000e+00 2.789199e-23 1.529071e-23 4.318271e-23 
1.288000e+00 2.768667e-23 1.525161e-23 4.293828e-23 
1.290000e+00 2.740700e-23 1.521592e-23 4.262291e-23 
1.292000e+00 2.713329e-23 1.517742e-23 4.231071e-23 
1.294000e+00 2.685064e-23 1.513728e-23 4.198792e-23 
1.296000e+00 2.655447e-23 1.509905e-23 4.165351e-23 
1.298000e+00 2.626529e-23 1.505976e-23 4.132505e-23 
1.300000e+00 2.609422e-23 1.502302e-23 4.111725e-23 
1.302000e+00 2.597372e-23 1.498802e-23 4.096173e-23 
1.304000e+00 2.585785e-23 1.494695e-23 4.080480e-23 
1.306000e+00 2.588254e-23 1.490998e-23 4.079252e-23 
1.308000e+00 2.593128e-23 1.487002e-23 4.080130e-23 
1.310000e+00 2.599052e-23 1.483327e-23 4.082379e-23 
1.312000e+00 2.612972e-23 1.479877e-23 4.092850e-23 
1.314000e+00 2.626976e-23 1.476226e-23 4.103202e-23 
1.316000e+00 2.641344e-23 1.472128e-23 4.113472e-23 
1.318000e+00 2.648884e-23 1.468294e-23 4.117179e-23 
1.320000e+00 2.656657e-23 1.464705e-23 4.121362e-23 
1.322000e+00 2.663226e-23 1.461537e-23 4.124763e-23 
1.324000e+00 2.661741e-23 1.457608e-23 4.119348e-23 
1.326000e+00 2.664792e-23 1.454380e-23 4.119172e-23 
1.328000e+00 2.666607e-23 1.450875e-23 4.117482e-23 
1.330000e+00 2.666918e-23 1.447767e-23 4.114685e-23 
1.332000e+00 2.667191e-23 1.443523e-23 4.110714e-23 
1.334000e+00 2.667358e-23 1.440164e-23 4.107522e-23 
1.336000e+00 2.666307e-23 1.436643e-23 4.102950e-23 
1.338000e+00 2.665199e-23 1.432924e-23 4.098123e-23 
1.340000e+00 2.663797e-23 1.429539e-23 4.093336e-23 
1.342000e+00 2.661473e-23 1.425907e-23 4.087380e-23 
1.344000e+00 2.659985e-23 1.422463e-23 4.082448e-23 
1.346000e+00 2.658104e-23 1.418422e-23 4.076526e-23 
1.348000e+00 2.654732e-23 1.415522e-23 4.070255e-23 
1.350000e+00 2.652935e-23 1.411819e-23 4.064754e-23 
1.352000e+00 2.650261e-23 1.408525e-23 4.058786e-23 
1.354000e+00 2.647049e-23 1.405317e-23 4.052366e-23 
1.356000e+00 2.643756e-23 1.401637e-23 4.045392e-23 
1.358000e+00 2.641409e-23 1.398371e-23 4.039779e-23 
1.360000e+00 2.637993e-23 1.394479e-23 4.032472e-23 
1.362000e+00 2.635295e-23 1.391244e-23 4.026539e-23 
1.364000e+00 2.631733e-23 1.387825e-23 4.019559e-23 
1.366000e+00 2.628157e-23 1.384477e-23 4.012634e-23 
1.368000e+00 2.623535e-23 1.380906e-23 4.004440e-23 
1.370000e+00 2.620347e-23 1.377437e-23 3.997784e-23 
1.372000e+00 2.616013e-23 1.374237e-23 3.990251e-23 
1.374000e+00 2.612713e-23 1.370696e-23 3.983409e-23 
1.376000e+00 2.608494e-23 1.367322e-23 3.975815e-23 
1.378000e+00 2.604838e-23 1.363869e-23 3.968706e-23 
1.380000e+00 2.601629e-23 1.360271e-23 3.961900e-23 
1.382000e+00 2.597438e-23 1.357420e-23 3.954858e-23 
1.384000e+00 2.593116e-23 1.354277e-23 3.947393e-23 
1.386000e+00 2.588908e-23 1.350480e-23 3.939388e-23 
1.388000e+00 2.584006e-23 1.347542e-23 3.931548e-23 
1.390000e+00 2.580265e-23 1.344601e-23 3.924867e-23 
1.392000e+00 2.575700e-23 1.341536e-23 3.917236e-23 
1.394000e+00 2.571944e-23 1.337883e-23 3.909827e-23 
1.396000e+00 2.566902e-23 1.334843e-23 3.901745e-23 
1.398000e+00 2.563191e-23 1.331717e-23 3.894908e-23 
1.400000e+00 2.558662e-23 1.319269e-23 3.877931e-23 
1.402000e+00 2.553918e-23 1.325202e-23 3.879120e-23 
1.404000e+00 2.549721e-23 1.321882e-23 3.871603e-23 
1.406000e+00 2.544980e-23 1.318257e-23 3.863237e-23 
1.408000e+00 2.539865e-23 1.315113e-23 3.854978e-23 
1.410000e+00 2.536037e-23 1.311652e-23 3.847689e-23 
1.412000e+00 2.530965e-23 1.306483e-23 3.837448e-23 
1.414000e+00 2.527039e-23 1.303902e-23 3.830941e-23 
1.416000e+00 2.521881e-23 1.300561e-23 3.822442e-23 
1.418000e+00 2.517597e-23 1.297665e-23 3.815262e-23 
1.420000e+00 2.512537e-23 1.294593e-23 3.807130e-23 
1.422000e+00 2.508107e-23 1.291671e-23 3.799778e-23 
1.424000e+00 2.504463e-23 1.290844e-23 3.795307e-23 
1.426000e+00 2.498977e-23 1.287569e-23 3.786546e-23 
1.428000e+00 2.493410e-23 1.284699e-23 3.778109e-23 
1.430000e+00 2.488237e-23 1.281702e-23 3.769939e-23 
1.432000e+00 2.483821e-23 1.278441e-23 3.762261e-23 
1.434000e+00 2.479654e-23 1.275646e-23 3.755300e-23 
1.436000e+00 2.475337e-23 1.272477e-23 3.747814e-23 
1.438000e+00 2.470468e-23 1.269815e-23 3.740284e-23 
1.440000e+00 2.465778e-23 1.266241e-23 3.732019e-23 
1.442000e+00 2.461145e-23 1.263424e-23 3.724570e-23 
1.444000e+00 2.455635e-23 1.260342e-23 3.715977e-23 
1.446000e+00 2.451345e-23 1.257319e-23 3.708665e-23 
1.448000e+00 2.446564e-23 1.254178e-23 3.700741e-23 
1.450000e+00 2.441825e-23 1.252137e-23 3.693962e-23 
1.452000e+00 2.436195e-23 1.248658e-23 3.684853e-23 
1.454000e+00 2.431656e-23 1.245730e-23 3.677387e-23 
1.456000e+00 2.426562e-23 1.243351e-23 3.669912e-23 
1.458000e+00 2.421733e-23 1.240297e-23 3.662031e-23 
1.460000e+00 2.417449e-23 1.237723e-23 3.655172e-23 
1.462000e+00 2.412359e-23 1.234597e-23 3.646956e-23 
1.464000e+00 2.407426e-23 1.231444e-23 3.638870e-23 
1.466000e+00 2.402619e-23 1.228825e-23 3.631444e-23 
1.468000e+00 2.398472e-23 1.225952e-23 3.624424e-23 
1.470000e+00 2.393503e-23 1.223287e-23 3.616790e-23 
1.472000e+00 2.388232e-23 1.220172e-23 3.608405e-23 
1.474000e+00 2.384175e-23 1.217428e-23 3.601603e-23 
1.476000e+00 2.379348e-23 1.214281e-23 3.593629e-23 
1.478000e+00 2.374403e-23 1.211675e-23 3.586079e-23 
1.480000e+00 2.369823e-23 1.208739e-23 3.578561e-23 
1.482000e+00 2.364988e-23 1.205796e-23 3.570784e-23 
1.484000e+00 2.360769e-23 1.202778e-23 3.563546e-23 
1.486000e+00 2.355354e-23 1.200123e-23 3.555477e-23 
1.488000e+00 2.350025e-23 1.197179e-23 3.547203e-23 
1.490000e+00 2.345710e-23 1.195129e-23 3.540840e-23 
1.492000e+00 2.340354e-23 1.192402e-23 3.532757e-23 
1.494000e+00 2.337105e-23 1.189690e-23 3.526795e-23 
1.496000e+00 2.332044e-23 1.186932e-23 3.518977e-23 
1.498000e+00 2.327577e-23 1.184166e-23 3.511744e-23 
1.500000e+00 2.322866e-23 1.181659e-23 3.504525e-23 
1.502000e+00 2.317535e-23 1.178550e-23 3.496085e-23 
1.504000e+00 2.312610e-23 1.175629e-23 3.488239e-23 
1.506000e+00 2.308280e-23 1.173190e-23 3.481470e-23 
1.508000e+00 2.303280e-23 1.170248e-23 3.473527e-23 
1.510000e+00 2.299020e-23 1.167123e-23 3.466143e-23 
1.512000e+00 2.293373e-23 1.164778e-23 3.458151e-23 
1.514000e+00 2.288685e-23 1.162040e-23 3.450725e-23 
1.516000e+00 2.284223e-23 1.159422e-23 3.443645e-23 
1.518000e+00 2.279267e-23 1.156748e-23 3.436015e-23 
1.520000e+00 2.274241e-23 1.154391e-23 3.428632e-23 
1.522000e+00 2.269472e-23 1.151716e-23 3.421188e-23 
1.524000e+00 2.264776e-23 1.148927e-23 3.413702e-23 
1.526000e+00 2.260210e-23 1.146313e-23 3.406523e-23 
1.528000e+00 2.254825e-23 1.144232e-23 3.399057e-23 
1.530000e+00 2.250322e-23 1.141633e-23 3.391955e-23 
1.532000e+00 2.246237e-23 1.138672e-23 3.384909e-23 
1.534000e+00 2.240949e-23 1.136435e-23 3.377384e-23 
1.536000e+00 2.237097e-23 1.133672e-23 3.370769e-23 
1.538000e+00 2.232193e-23 1.130750e-23 3.362943e-23 
1.540000e+00 2.227373e-23 1.128261e-23 3.355634e-23 
1.542000e+00 2.222441e-23 1.125685e-23 3.348125e-23 
1.544000e+00 2.217654e-23 1.123370e-23 3.341024e-23 
1.546000e+00 2.212651e-23 1.120564e-23 3.333215e-23 
1.548000e+00 2.208635e-23 1.118442e-23 3.327077e-23 
1.550000e+00 2.203587e-23 1.115797e-23 3.319384e-23 
1.552000e+00 2.198370e-23 1.112814e-23 3.311184e-23 
1.554000e+00 2.192714e-23 1.110263e-23 3.302978e-23 
1.556000e+00 2.188258e-23 1.108022e-23 3.296280e-23 
1.558000e+00 2.184077e-23 1.105848e-23 3.289925e-23 
1.560000e+00 2.179000e-23 1.103097e-23 3.282097e-23 
1.562000e+00 2.174244e-23 1.101286e-23 3.275530e-23 
1.564000e+00 2.169351e-23 1.098312e-23 3.267663e-23 
1.566000e+00 2.164571e-23 1.096013e-23 3.260584e-23 
1.568000e+00 2.160177e-23 1.093711e-23 3.253888e-23 
1.570000e+00 2.155522e-23 1.091020e-23 3.246542e-23 
1.572000e+00 2.151021e-23 1.088363e-23 3.239384e-23 
1.574000e+00 2.146908e-23 1.086124e-23 3.233032e-23 
1.576000e+00 2.141849e-23 1.083620e-23 3.225469e-23 
1.578000e+00 2.136727e-23 1.081699e-23 3.218426e-23 
1.580000e+00 2.131686e-23 1.078643e-23 3.210329e-23 
1.582000e+00 2.127629e-23 1.076062e-23 3.203691e-23 
1.584000e+00 2.122870e-23 1.074102e-23 3.196973e-23 
1.586000e+00 2.118283e-23 1.071202e-23 3.189485e-23 
1.588000e+00 2.113360e-23 1.068752e-23 3.182112e-23 
1.590000e+00 2.108275e-23 1.066457e-23 3.174732e-23 
1.592000e+00 2.104168e-23 1.064743e-23 3.168911e-23 
1.594000e+00 2.100000e-23 1.061829e-23 3.161830e-23 
1.596000e+00 2.096154e-23 1.060066e-23 3.156220e-23 
1.598000e+00 2.091166e-23 1.057824e-23 3.148990e-23 
1.600000e+00 2.086253e-23 1.055377e-23 3.141629e-23 
1.602000e+00 2.081414e-23 1.053350e-23 3.134764e-23 
1.604000e+00 2.076946e-23 1.050286e-23 3.127232e-23 
1.606000e+00 2.072832e-23 1.047717e-23 3.120549e-23 
1.608000e+00 2.068393e-23 1.045568e-23 3.113961e-23 
1.610000e+00 2.063678e-23 1.043327e-23 3.107005e-23 
1.612000e+00 2.058467e-23 1.041355e-23 3.099823e-23 
1.614000e+00 2.054554e-23 1.039031e-23 3.093585e-23 
1.616000e+00 2.049766e-23 1.036886e-23 3.086652e-23 
1.618000e+00 2.044827e-23 1.034498e-23 3.079324e-23 
1.620000e+00 2.040661e-23 1.032317e-23 3.072978e-23 
1.622000e+00 2.035985e-23 1.029432e-23 3.065416e-23 
1.624000e+00 2.031202e-23 1.027643e-23 3.058845e-23 
1.626000e+00 2.026972e-23 1.025635e-23 3.052606e-23 
1.628000e+00 2.022613e-23 1.023986e-23 3.046599e-23 
1.630000e+00 2.018573e-23 1.021237e-23 3.039811e-23 
1.632000e+00 2.014123e-23 1.019416e-23 3.033538e-23 
1.634000e+00 2.009933e-23 1.016943e-23 3.026875e-23 
1.636000e+00 2.004322e-23 1.015290e-23 3.019613e-23 
1.638000e+00 2.000229e-23 1.012852e-23 3.013081e-23 
1.640000e+00 1.995898e-23 1.010645e-23 3.006543e-23 
1.642000e+00 1.991526e-23 1.008364e-23 2.999890e-23 
1.644000e+00 1.987824e-23 1.006484e-23 2.994308e-23 
1.646000e+00 1.983100e-23 1.004024e-23 2.987123e-23 
1.648000e+00 1.978754e-23 1.002222e-23 2.980976e-23 
1.650000e+00 1.973936e-23 9.999506e-24 2.973886e-23 
1.652000e+00 1.968790e-23 9.978658e-24 2.966656e-23 
1.654000e+00 1.964243e-23 9.960297e-24 2.960273e-23 
1.656000e+00 1.960204e-23 9.935042e-24 2.953708e-23 
1.658000e+00 1.955394e-23 9.913820e-24 2.946776e-23 
1.660000e+00 1.951995e-23 9.897468e-24 2.941742e-23 
1.662000e+00 1.947059e-23 9.870336e-24 2.934093e-23 
1.664000e+00 1.942663e-23 9.851116e-24 2.927774e-23 
1.666000e+00 1.938247e-23 9.831687e-24 2.921415e-23 
1.668000e+00 1.933445e-23 9.808456e-24 2.914290e-23 
1.670000e+00 1.929844e-23 9.789955e-24 2.908840e-23 
1.672000e+00 1.924627e-23 9.772046e-24 2.901832e-23 
1.674000e+00 1.920653e-23 9.751008e-24 2.895753e-23 
1.676000e+00 1.916665e-23 9.728993e-24 2.889564e-23 
1.678000e+00 1.912136e-23 9.710592e-24 2.883195e-23 
1.680000e+00 1.906948e-23 9.687139e-24 2.875662e-23 
1.682000e+00 1.903054e-23 9.670438e-24 2.870098e-23 
1.684000e+00 1.898794e-23 9.645908e-24 2.863384e-23 
1.686000e+00 1.894856e-23 9.627041e-24 2.857560e-23 
1.688000e+00 1.890027e-23 9.605501e-24 2.850577e-23 
1.690000e+00 1.885959e-23 9.587701e-24 2.844729e-23 
1.692000e+00 1.881116e-23 9.566538e-24 2.837769e-23 
1.694000e+00 1.876883e-23 9.539986e-24 2.830882e-23 
1.696000e+00 1.873160e-23 9.526773e-24 2.825838e-23 
1.698000e+00 1.868329e-23 9.501150e-24 2.818444e-23 
1.700000e+00 1.864610e-23 9.480057e-24 2.812616e-23 
1.702000e+00 1.859829e-23 9.460592e-24 2.805888e-23 
1.704000e+00 1.855573e-23 9.442894e-24 2.799862e-23 
1.706000e+00 1.851546e-23 9.359231e-24 2.787470e-23 
1.708000e+00 1.846896e-23 9.340538e-24 2.780950e-23 
1.710000e+00 1.842450e-23 9.324866e-24 2.774936e-23 
1.712000e+00 1.838606e-23 9.303832e-24 2.768989e-23 
1.714000e+00 1.833346e-23 9.280680e-24 2.761414e-23 
1.716000e+00 1.829987e-23 9.264358e-24 2.756423e-23 
1.718000e+00 1.825387e-23 9.303682e-24 2.755756e-23 
1.720000e+00 1.821298e-23 9.288836e-24 2.750181e-23 
1.722000e+00 1.816261e-23 9.264275e-24 2.742688e-23 
1.724000e+00 1.811788e-23 9.244771e-24 2.736266e-23 
1.726000e+00 1.807502e-23 9.226116e-24 2.730113e-23 
1.728000e+00 1.803586e-23 9.205597e-24 2.724146e-23 
1.730000e+00 1.798869e-23 9.188369e-24 2.717706e-23 
1.732000e+00 1.795209e-23 9.162932e-24 2.711502e-23 
1.734000e+00 1.790762e-23 9.141627e-24 2.704925e-23 
1.736000e+00 1.786404e-23 9.125426e-24 2.698946e-23 
1.738000e+00 1.782217e-23 9.103957e-24 2.692612e-23 
1.740000e+00 1.777652e-23 9.086109e-24 2.686263e-23 
1.742000e+00 1.772742e-23 9.068586e-24 2.679600e-23 
1.744000e+00 1.768443e-23 9.052338e-24 2.673677e-23 
1.746000e+00 1.763763e-23 9.033634e-24 2.667126e-23 
1.748000e+00 1.759648e-23 9.011613e-24 2.660809e-23 
1.750000e+00 1.755229e-23 8.996237e-24 2.654853e-23 
1.752000e+00 1.750797e-23 8.979709e-24 2.648768e-23 
1.754000e+00 1.746289e-23 8.958650e-24 2.642154e-23 
1.756000e+00 1.741726e-23 8.946780e-24 2.636404e-23 
1.758000e+00 1.737234e-23 8.925556e-24 2.629790e-23 
1.760000e+00 1.733135e-23 8.908425e-24 2.623977e-23 
1.762000e+00 1.728560e-23 8.890745e-24 2.617635e-23 
1.764000e+00 1.724247e-23 8.866601e-24 2.610907e-23 
1.766000e+00 1.719633e-23 8.849501e-24 2.604583e-23 
1.768000e+00 1.715031e-23 8.831726e-24 2.598204e-23 
1.770000e+00 1.710573e-23 8.815668e-24 2.592140e-23 
1.772000e+00 1.706000e-23 8.796505e-24 2.585651e-23 
1.774000e+00 1.701548e-23 8.777284e-24 2.579277e-23 
1.776000e+00 1.696011e-23 8.761975e-24 2.572209e-23 
1.778000e+00 1.690964e-23 8.740790e-24 2.565043e-23 
1.780000e+00 1.686597e-23 8.722905e-24 2.558888e-23 
1.782000e+00 1.682183e-23 8.702550e-24 2.552438e-23 
1.784000e+00 1.676837e-23 8.690553e-24 2.545892e-23 
1.786000e+00 1.671610e-23 8.674294e-24 2.539039e-23 
1.788000e+00 1.666267e-23 8.653199e-24 2.531587e-23 
1.790000e+00 1.661858e-23 8.638066e-24 2.525665e-23 
1.792000e+00 1.656947e-23 8.626047e-24 2.519552e-23 
1.794000e+00 1.651045e-23 8.607472e-24 2.511792e-23 
1.796000e+00 1.646509e-23 8.585457e-24 2.505055e-23 
1.798000e+00 1.644299e-23 8.567699e-24 2.501069e-23 
1.800000e+00 1.638088e-23 8.556766e-24 2.493764e-23 
1.802000e+00 1.632436e-23 8.541091e-24 2.486545e-23 
1.804000e+00 1.626456e-23 8.520234e-24 2.478479e-23 
1.806000e+00 1.621052e-23 8.507188e-24 2.471771e-23 
1.808000e+00 1.614426e-23 8.488686e-24 2.463295e-23 
1.810000e+00 1.608862e-23 8.470759e-24 2.455938e-23 
1.812000e+00 1.602049e-23 8.458636e-24 2.447912e-23 
1.814000e+00 1.596364e-23 8.437232e-24 2.440088e-23 
1.816000e+00 1.587491e-23 8.417317e-24 2.429223e-23 
1.818000e+00 1.580372e-23 8.403652e-24 2.420737e-23 
1.820000e+00 1.572480e-23 8.387425e-24 2.411223e-23 
1.822000e+00 1.563742e-23 8.369528e-24 2.400694e-23 
1.824000e+00 1.553314e-23 8.352102e-24 2.388524e-23 
1.826000e+00 1.541454e-23 8.338555e-24 2.375309e-23 
1.828000e+00 1.531509e-23 8.321224e-24 2.363631e-23 
1.830000e+00 1.520703e-23 8.304460e-24 2.351149e-23 
1.832000e+00 1.510061e-23 8.290725e-24 2.339133e-23 
1.834000e+00 1.500635e-23 8.272202e-24 2.327855e-23 
1.836000e+00 1.490518e-23 8.257058e-24 2.316224e-23 
1.838000e+00 1.481805e-23 8.236010e-24 2.305406e-23 
1.840000e+00 1.477443e-23 8.224094e-24 2.299853e-23 
1.842000e+00 1.474662e-23 8.206375e-24 2.295300e-23 
1.844000e+00 1.472166e-23 8.190606e-24 2.291226e-23 
1.846000e+00 1.468708e-23 8.170288e-24 2.285736e-23 
1.848000e+00 1.472303e-23 8.162191e-24 2.288523e-23 
1.850000e+00 1.475254e-23 8.137964e-24 2.289051e-23 
1.852000e+00 1.479431e-23 8.125313e-24 2.291963e-23 
1.854000e+00 1.483135e-23 8.110580e-24 2.294193e-23 
1.856000e+00 1.488969e-23 8.089759e-24 2.297945e-23 
1.858000e+00 1.493777e-23 8.077621e-24 2.301540e-23 
1.860000e+00 1.499565e-23 8.060201e-24 2.305585e-23 
1.862000e+00 1.505187e-23 8.044857e-24 2.309673e-23 
1.864000e+00 1.506901e-23 8.022917e-24 2.309193e-23 
1.866000e+00 1.505816e-23 8.008887e-24 2.306704e-23 
1.868000e+00 1.506951e-23 7.994183e-24 2.306369e-23 
1.870000e+00 1.508376e-23 7.981682e-24 2.306544e-23 
1.872000e+00 1.508579e-23 7.960729e-24 2.304652e-23 
1.874000e+00 1.508266e-23 7.947582e-24 2.303025e-23 
1.876000e+00 1.508385e-23 7.929319e-24 2.301316e-23 
1.878000e+00 1.508592e-23 7.914376e-24 2.300030e-23 
1.880000e+00 1.507931e-23 7.904731e-24 2.298404e-23 
1.882000e+00 1.508537e-23 7.893022e-24 2.297839e-23 
1.884000e+00 1.507847e-23 7.878475e-24 2.295694e-23 
1.886000e+00 1.507340e-23 7.860906e-24 2.293431e-23 
1.888000e+00 1.506848e-23 7.846389e-24 2.291486e-23 
1.890000e+00 1.505155e-23 7.828587e-24 2.288013e-23 
1.892000e+00 1.504458e-23 7.815683e-24 2.286026e-23 
1.894000e+00 1.504174e-23 7.799739e-24 2.284148e-23 
1.896000e+00 1.502305e-23 7.782633e-24 2.280568e-23 
1.898000e+00 1.502099e-23 7.765589e-24 2.278658e-23 
1.900000e+00 1.500261e-23 7.752604e-24 2.275522e-23 
1.902000e+00 1.498579e-23 7.735954e-24 2.272174e-23 
1.904000e+00 1.496951e-23 7.725745e-24 2.269526e-23 
1.906000e+00 1.494860e-23 7.707508e-24 2.265611e-23 
1.908000e+00 1.494683e-23 7.692635e-24 2.263946e-23 
1.910000e+00 1.493066e-23 7.679143e-24 2.260981e-23 
1.912000e+00 1.491880e-23 7.666463e-24 2.258526e-23 
1.914000e+00 1.489903e-23 7.651563e-24 2.255059e-23 
1.916000e+00 1.489200e-23 7.634877e-24 2.252687e-23 
1.918000e+00 1.487574e-23 7.622021e-24 2.249776e-23 
1.920000e+00 1.485665e-23 7.607417e-24 2.246407e-23 
1.922000e+00 1.484031e-23 7.590433e-24 2.243075e-23 
1.924000e+00 1.482398e-23 7.573179e-24 2.239716e-23 
1.926000e+00 1.481232e-23 7.561428e-24 2.237375e-23 
1.928000e+00 1.478691e-23 7.549349e-24 2.233626e-23 
1.930000e+00 1.477092e-23 7.531098e-24 2.230202e-23 
1.932000e+00 1.475199e-23 7.520639e-24 2.227263e-23 
1.934000e+00 1.473863e-23 7.503869e-24 2.224250e-23 
1.936000e+00 1.471734e-23 7.487135e-24 2.220448e-23 
1.938000e+00 1.470198e-23 7.476164e-24 2.217814e-23 
1.940000e+00 1.468899e-23 7.458807e-24 2.214780e-23 
1.942000e+00 1.466145e-23 7.443261e-24 2.210471e-23 
1.944000e+00 1.464975e-23 7.432679e-24 2.208243e-23 
1.946000e+00 1.463317e-23 7.417240e-24 2.205041e-23 
1.948000e+00 1.461363e-23 7.399034e-24 2.201267e-23 
1.950000e+00 1.459700e-23 7.387786e-24 2.198479e-23 
1.952000e+00 1.456681e-23 7.371934e-24 2.193874e-23 
1.954000e+00 1.454896e-23 7.360420e-24 2.190938e-23 
1.956000e+00 1.453161e-23 7.341292e-24 2.187290e-23 
1.958000e+00 1.452288e-23 7.328793e-24 2.185168e-23 
1.960000e+00 1.449981e-23 7.319670e-24 2.181948e-23 
1.962000e+00 1.448347e-23 7.304258e-24 2.178773e-23 
1.964000e+00 1.446455e-23 7.293239e-24 2.175779e-23 
1.966000e+00 1.444523e-23 7.279854e-24 2.172509e-23 
1.968000e+00 1.443086e-23 7.262006e-24 2.169287e-23 
1.970000e+00 1.440990e-23 7.251554e-24 2.166145e-23 
1.972000e+00 1.437974e-23 7.234589e-24 2.161432e-23 
1.974000e+00 1.435874e-23 7.222021e-24 2.158076e-23 
1.976000e+00 1.434043e-23 7.214889e-24 2.155532e-23 
1.978000e+00 1.432337e-23 7.195515e-24 2.151889e-23 
1.980000e+00 1.430517e-23 7.183120e-24 2.148829e-23 
1.982000e+00 1.428592e-23 7.171731e-24 2.145765e-23 
1.984000e+00 1.426198e-23 7.153263e-24 2.141524e-23 
1.986000e+00 1.423975e-23 7.140164e-24 2.137991e-23 
1.988000e+00 1.422325e-23 7.130952e-24 2.135420e-23 
1.990000e+00 1.419858e-23 7.113739e-24 2.131232e-23 
1.992000e+00 1.418510e-23 7.098834e-24 2.128393e-23 
1.994000e+00 1.416509e-23 7.086834e-24 2.125192e-23 
1.996000e+00 1.414392e-23 7.071583e-24 2.121550e-23 
1.998000e+00 1.412135e-23 7.055635e-24 2.117699e-23 
2.000000e+00 1.410458e-23 7.048624e-24 2.115320e-23 
2.002000e+00 1.407876e-23 7.032170e-24 2.111093e-23 
2.004000e+00 1.406219e-23 7.022168e-24 2.108435e-23 
2.006000e+00 1.404065e-23 7.009812e-24 2.105047e-23 
2.008000e+00 1.401991e-23 7.002097e-24 2.102201e-23 
2.010000e+00 1.399701e-23 6.987072e-24 2.098408e-23 
2.012000e+00 1.397663e-23 6.975383e-24 2.095201e-23 
2.014000e+00 1.395593e-23 6.963298e-24 2.091923e-23 
2.016000e+00 1.393590e-23 6.948018e-24 2.088392e-23 
2.018000e+00 1.391396e-23 6.935343e-24 2.084930e-23 
2.020000e+00 1.389604e-23 6.926497e-24 2.082253e-23 
2.022000e+00 1.387174e-23 6.913466e-24 2.078521e-23 
2.024000e+00 1.385184e-23 6.901808e-24 2.075365e-23 
2.026000e+00 1.382242e-23 6.889404e-24 2.071182e-23 
2.028000e+00 1.380533e-23 6.875828e-24 2.068116e-23 
2.030000e+00 1.379046e-23 6.863596e-24 2.065406e-23 
2.032000e+00 1.376718e-23 6.848763e-24 2.061595e-23 
2.034000e+00 1.375124e-23 6.837879e-24 2.058912e-23 
2.036000e+00 1.373299e-23 6.817154e-24 2.055015e-23 
2.038000e+00 1.370286e-23 6.806825e-24 2.050968e-23 
2.040000e+00 1.369581e-23 6.793897e-24 2.048971e-23 
2.042000e+00 1.367242e-23 6.783100e-24 2.045552e-23 
2.044000e+00 1.365363e-23 6.777508e-24 2.043114e-23 
2.046000e+00 1.363016e-23 6.761800e-24 2.039196e-23 
2.048000e+00 1.360887e-23 6.750588e-24 2.035946e-23 
2.050000e+00 1.358440e-23 6.733332e-24 2.031773e-23 
2.052000e+00 1.356331e-23 6.722922e-24 2.028623e-23 
2.054000e+00 1.354970e-23 6.707128e-24 2.025682e-23 
2.056000e+00 1.352757e-23 6.696687e-24 2.022426e-23 
2.058000e+00 1.350339e-23 6.689242e-24 2.019264e-23 
2.060000e+00 1.348084e-23 6.675398e-24 2.015624e-23 
2.062000e+00 1.345867e-23 6.666887e-24 2.012556e-23 
2.064000e+00 1.344684e-23 6.647674e-24 2.009451e-23 
2.066000e+00 1.342458e-23 6.636278e-24 2.006086e-23 
2.068000e+00 1.339951e-23 6.622939e-24 2.002245e-23 
2.070000e+00 1.338872e-23 6.617001e-24 2.000573e-23 
2.072000e+00 1.335905e-23 6.603760e-24 1.996281e-23 
2.074000e+00 1.334805e-23 6.592194e-24 1.994024e-23 
2.076000e+00 1.332522e-23 6.579526e-24 1.990475e-23 
2.078000e+00 1.330366e-23 6.563371e-24 1.986704e-23 
2.080000e+00 1.328854e-23 6.555786e-24 1.984433e-23 
2.082000e+00 1.326393e-23 6.541950e-24 1.980587e-23 
2.084000e+00 1.324037e-23 6.528629e-24 1.976900e-23 
2.086000e+00 1.321198e-23 6.517161e-24 1.972914e-23 
2.088000e+00 1.319635e-23 6.502996e-24 1.969935e-23 
2.090000e+00 1.318034e-23 6.497180e-24 1.967752e-23 
2.092000e+00 1.315389e-23 6.479532e-24 1.963343e-23 
2.094000e+00 1.314200e-23 6.474573e-24 1.961657e-23 
2.096000e+00 1.311526e-23 6.458722e-24 1.957399e-23 
2.098000e+00 1.310153e-23 6.453405e-24 1.955493e-23 
2.100000e+00 1.308015e-23 6.438618e-24 1.951877e-23 
2.102000e+00 1.306208e-23 6.433240e-24 1.949532e-23 
2.104000e+00 1.303563e-23 6.417489e-24 1.945312e-23 
2.106000e+00 1.300974e-23 6.412749e-24 1.942249e-23 
2.108000e+00 1.299236e-23 6.394787e-24 1.938714e-23 
2.110000e+00 1.297102e-23 6.387740e-24 1.935876e-23 
2.112000e+00 1.295623e-23 6.374290e-24 1.933052e-23 
2.114000e+00 1.293533e-23 6.365230e-24 1.930056e-23 
2.116000e+00 1.291675e-23 6.350765e-24 1.926751e-23 
2.118000e+00 1.288771e-23 6.343918e-24 1.923163e-23 
2.120000e+00 1.287604e-23 6.328854e-24 1.920490e-23 
2.122000e+00 1.285453e-23 6.324776e-24 1.917930e-23 
2.124000e+00 1.283498e-23 6.307483e-24 1.914246e-23 
2.126000e+00 1.281106e-23 6.299825e-24 1.911089e-23 
2.128000e+00 1.279346e-23 6.287607e-24 1.908107e-23 
2.130000e+00 1.277005e-23 6.275728e-24 1.904578e-23 
2.132000e+00 1.275637e-23 6.266649e-24 1.902302e-23 
2.134000e+00 1.272593e-23 6.256167e-24 1.898210e-23 
2.136000e+00 1.271529e-23 6.237710e-24 1.895300e-23 
2.138000e+00 1.269640e-23 6.230511e-24 1.892692e-23 
2.140000e+00 1.267849e-23 6.207085e-24 1.888558e-23 
2.142000e+00 1.265125e-23 6.190481e-24 1.884173e-23 
2.144000e+00 1.263824e-23 6.184810e-24 1.882305e-23 
2.146000e+00 1.262345e-23 6.171708e-24 1.879515e-23 
2.148000e+00 1.259968e-23 6.157069e-24 1.875675e-23 
2.150000e+00 1.258408e-23 6.148834e-24 1.873292e-23 
2.152000e+00 1.255419e-23 6.140576e-24 1.869476e-23 
2.154000e+00 1.253984e-23 6.145086e-24 1.868493e-23 
2.156000e+00 1.252577e-23 6.141250e-24 1.866702e-23 
2.158000e+00 1.249437e-23 6.130455e-24 1.862483e-23 
2.160000e+00 1.248074e-23 6.115475e-24 1.859621e-23 
2.162000e+00 1.246102e-23 6.104803e-24 1.856582e-23 
2.164000e+00 1.244286e-23 6.100805e-24 1.854367e-23 
2.166000e+00 1.242276e-23 6.091226e-24 1.851398e-23 
2.168000e+00 1.239979e-23 6.073290e-24 1.847308e-23 
2.170000e+00 1.238504e-23 6.063993e-24 1.844903e-23 
2.172000e+00 1.236937e-23 6.057261e-24 1.842663e-23 
2.174000e+00 1.235296e-23 6.041445e-24 1.839440e-23 
2.176000e+00 1.233368e-23 6.032013e-24 1.836569e-23 
2.178000e+00 1.230852e-23 6.024552e-24 1.833307e-23 
2.180000e+00 1.229273e-23 6.019786e-24 1.831252e-23 
2.182000e+00 1.226853e-23 6.001981e-24 1.827051e-23 
2.184000e+00 1.224856e-23 5.989020e-24 1.823758e-23 
2.186000e+00 1.223749e-23 5.982164e-24 1.821966e-23 
2.188000e+00 1.221828e-23 5.971921e-24 1.819020e-23 
2.190000e+00 1.219283e-23 5.957654e-24 1.815048e-23 
2.192000e+00 1.216980e-23 5.947354e-24 1.811715e-23 
2.194000e+00 1.215467e-23 5.942271e-24 1.809694e-23 
2.196000e+00 1.213616e-23 5.930725e-24 1.806688e-23 
2.198000e+00 1.211934e-23 5.922817e-24 1.804216e-23 
2.200000e+00 1.210067e-23 5.909005e-24 1.800967e-23 
2.202000e+00 1.207784e-23 5.905675e-24 1.798352e-23 
2.204000e+00 1.205714e-23 5.894918e-24 1.795206e-23 
2.206000e+00 1.203605e-23 5.885926e-24 1.792197e-23 
2.208000e+00 1.201992e-23 5.869805e-24 1.788972e-23 
2.210000e+00 1.199617e-23 5.861259e-24 1.785743e-23 
2.212000e+00 1.198306e-23 5.846686e-24 1.782975e-23 
2.214000e+00 1.196227e-23 5.841724e-24 1.780399e-23 
2.216000e+00 1.194305e-23 5.833910e-24 1.777696e-23 
2.218000e+00 1.192687e-23 5.825501e-24 1.775237e-23 
2.220000e+00 1.191210e-23 5.814135e-24 1.772624e-23 
2.222000e+00 1.188744e-23 5.805000e-24 1.769244e-23 
2.224000e+00 1.187021e-23 5.796279e-24 1.766649e-23 
2.226000e+00 1.184838e-23 5.785663e-24 1.763404e-23 
2.228000e+00 1.183385e-23 5.770445e-24 1.760429e-23 
2.230000e+00 1.181297e-23 5.758504e-24 1.757147e-23 
2.232000e+00 1.179662e-23 5.747694e-24 1.754432e-23 
2.234000e+00 1.177425e-23 5.742084e-24 1.751633e-23 
2.236000e+00 1.176740e-23 5.728623e-24 1.749602e-23 
2.238000e+00 1.175181e-23 5.721599e-24 1.747341e-23 
2.240000e+00 1.173405e-23 5.716939e-24 1.745099e-23 
2.242000e+00 1.170734e-23 5.704757e-24 1.741209e-23 
2.244000e+00 1.168962e-23 5.691341e-24 1.738096e-23 
2.246000e+00 1.167038e-23 5.681975e-24 1.735235e-23 
2.248000e+00 1.165493e-23 5.675956e-24 1.733089e-23 
2.250000e+00 1.163743e-23 5.663358e-24 1.730078e-23 
2.252000e+00 1.161448e-23 5.654138e-24 1.726861e-23 
2.254000e+00 1.159580e-23 5.648194e-24 1.724400e-23 
2.256000e+00 1.157963e-23 5.638750e-24 1.721838e-23 
2.258000e+00 1.155707e-23 5.630243e-24 1.718731e-23 
2.260000e+00 1.153845e-23 5.618353e-24 1.715680e-23 
2.262000e+00 1.153266e-23 5.609402e-24 1.714206e-23 
2.264000e+00 1.151244e-23 5.600507e-24 1.711295e-23 
2.266000e+00 1.148868e-23 5.591560e-24 1.708024e-23 
2.268000e+00 1.147234e-23 5.579348e-24 1.705168e-23 
2.270000e+00 1.144877e-23 5.571632e-24 1.702041e-23 
2.272000e+00 1.143029e-23 5.557857e-24 1.698814e-23 
2.274000e+00 1.142011e-23 5.550384e-24 1.697049e-23 
2.276000e+00 1.140546e-23 5.539459e-24 1.694492e-23 
2.278000e+00 1.138051e-23 5.535890e-24 1.691640e-23 
2.280000e+00 1.135946e-23 5.527068e-24 1.688653e-23 
2.282000e+00 1.135202e-23 5.517384e-24 1.686940e-23 
2.284000e+00 1.132708e-23 5.507329e-24 1.683441e-23 
2.286000e+00 1.131789e-23 5.497335e-24 1.681522e-23 
2.288000e+00 1.129538e-23 5.485605e-24 1.678099e-23 
2.290000e+00 1.127735e-23 5.476247e-24 1.675360e-23 
2.292000e+00 1.126470e-23 5.463634e-24 1.672834e-23 
2.294000e+00 1.124640e-23 5.461213e-24 1.670761e-23 
2.296000e+00 1.122651e-23 5.450508e-24 1.667702e-23 
2.298000e+00 1.120012e-23 5.440597e-24 1.664072e-23 
2.300000e+00 1.119052e-23 5.435078e-24 1.662560e-23 
2.302000e+00 1.116800e-23 5.426561e-24 1.659456e-23 
2.304000e+00 1.114771e-23 5.417521e-24 1.656523e-23 
2.306000e+00 1.113981e-23 5.402836e-24 1.654264e-23 
2.308000e+00 1.111448e-23 5.400584e-24 1.651506e-23 
2.310000e+00 1.110765e-23 5.391597e-24 1.649925e-23 
2.312000e+00 1.108655e-23 5.380365e-24 1.646692e-23 
2.314000e+00 1.107151e-23 5.372428e-24 1.644393e-23 
2.316000e+00 1.105252e-23 5.363165e-24 1.641569e-23 
2.318000e+00 1.103783e-23 5.351051e-24 1.638889e-23 
2.320000e+00 1.101936e-23 5.344565e-24 1.636392e-23 
2.322000e+00 1.099790e-23 5.339665e-24 1.633757e-23 
2.324000e+00 1.098615e-23 5.327294e-24 1.631345e-23 
2.326000e+00 1.096208e-23 5.316243e-24 1.627832e-23 
2.328000e+00 1.094539e-23 5.314157e-24 1.625955e-23 
2.330000e+00 1.093097e-23 5.302652e-24 1.623362e-23 
2.332000e+00 1.090771e-23 5.295041e-24 1.620275e-23 
2.334000e+00 1.089174e-23 5.288779e-24 1.618052e-23 
2.336000e+00 1.087249e-23 5.274833e-24 1.614732e-23 
2.338000e+00 1.084728e-23 5.266532e-24 1.611381e-23 
2.340000e+00 1.083935e-23 5.260713e-24 1.610007e-23 
2.342000e+00 1.082876e-23 5.249270e-24 1.607803e-23 
2.344000e+00 1.080462e-23 5.239151e-24 1.604377e-23 
2.346000e+00 1.079319e-23 5.235808e-24 1.602900e-23 
2.348000e+00 1.077884e-23 5.223686e-24 1.600253e-23 
2.350000e+00 1.075605e-23 5.217977e-24 1.597403e-23 
2.352000e+00 1.074523e-23 5.208935e-24 1.595416e-23 
2.354000e+00 1.073902e-23 5.201756e-24 1.594078e-23 
2.356000e+00 1.070726e-23 5.193121e-24 1.590038e-23 
2.358000e+00 1.069993e-23 5.183226e-24 1.588316e-23 
2.360000e+00 1.067609e-23 5.177201e-24 1.585329e-23 
2.362000e+00 1.066193e-23 5.172905e-24 1.583483e-23 
2.364000e+00 1.064282e-23 5.160180e-24 1.580300e-23 
2.366000e+00 1.062830e-23 5.157111e-24 1.578541e-23 
2.368000e+00 1.061061e-23 5.143233e-24 1.575384e-23 
2.370000e+00 1.058955e-23 5.140208e-24 1.572976e-23 
2.372000e+00 1.054175e-23 5.129731e-24 1.567148e-23 
2.374000e+00 1.053259e-23 4.899442e-24 1.543203e-23 
2.376000e+00 1.052039e-23 5.115221e-24 1.563561e-23 
2.378000e+00 1.050582e-23 5.106254e-24 1.561207e-23 
2.380000e+00 1.048193e-23 5.095518e-24 1.557745e-23 
2.382000e+00 1.047407e-23 5.094082e-24 1.556816e-23 
2.384000e+00 1.045703e-23 5.080455e-24 1.553749e-23 
2.386000e+00 1.043498e-23 5.075883e-24 1.551086e-23 
2.388000e+00 1.045097e-23 5.063909e-24 1.551487e-23 
2.390000e+00 1.042593e-23 5.059301e-24 1.548524e-23 
2.392000e+00 1.040885e-23 5.044459e-24 1.545331e-23 
2.394000e+00 1.039724e-23 5.043586e-24 1.544083e-23 
2.396000e+00 1.037603e-23 5.028015e-24 1.540404e-23 
2.398000e+00 1.036274e-23 5.027154e-24 1.538990e-23 
2.400000e+00 1.035015e-23 5.021232e-24 1.537138e-23 
2.402000e+00 1.033440e-23 5.006891e-24 1.534129e-23 
2.404000e+00 1.032231e-23 5.003317e-24 1.532562e-23 
2.406000e+00 1.030232e-23 4.991936e-24 1.529425e-23 
2.408000e+00 1.028419e-23 4.985716e-24 1.526990e-23 
2.410000e+00 1.026990e-23 4.979850e-24 1.524975e-23 
2.412000e+00 1.025507e-23 4.970374e-24 1.522544e-23 
2.414000e+00 1.024529e-23 4.965559e-24 1.521085e-23 
2.416000e+00 1.022002e-23 4.958528e-24 1.517854e-23 
2.418000e+00 1.020401e-23 4.950152e-24 1.515416e-23 
2.420000e+00 1.019239e-23 4.940938e-24 1.513332e-23 
2.422000e+00 1.018290e-23 4.934215e-24 1.511712e-23 
2.424000e+00 1.016429e-23 4.924856e-24 1.508915e-23 
2.426000e+00 1.014405e-23 4.922612e-24 1.506666e-23 
2.428000e+00 1.012864e-23 4.909004e-24 1.503764e-23 
2.430000e+00 1.011035e-23 4.904292e-24 1.501464e-23 
2.432000e+00 1.009718e-23 4.898297e-24 1.499548e-23 
2.434000e+00 1.008906e-23 4.882105e-24 1.497116e-23 
2.436000e+00 1.007213e-23 4.877365e-24 1.494949e-23 
2.438000e+00 1.005748e-23 4.877206e-24 1.493469e-23 
2.440000e+00 1.004250e-23 4.860854e-24 1.490335e-23 
2.442000e+00 1.002807e-23 4.853246e-24 1.488132e-23 
2.444000e+00 1.001535e-23 4.850744e-24 1.486609e-23 
2.446000e+00 1.000292e-23 4.839202e-24 1.484212e-23 
2.448000e+00 9.973955e-24 4.833782e-24 1.480774e-23 
2.450000e+00 9.962195e-24 4.827639e-24 1.478983e-23 
2.452000e+00 9.945011e-24 4.813366e-24 1.475838e-23 
2.454000e+00 9.932430e-24 4.812359e-24 1.474479e-23 
2.456000e+00 9.919451e-24 4.804888e-24 1.472434e-23 
2.458000e+00 9.903618e-24 4.792480e-24 1.469610e-23 
2.460000e+00 9.889794e-24 4.787052e-24 1.467685e-23 
2.462000e+00 9.875062e-24 4.782253e-24 1.465731e-23 
2.464000e+00 9.862277e-24 4.776656e-24 1.463893e-23 
2.466000e+00 9.843663e-24 4.766265e-24 1.460993e-23 
2.468000e+00 9.829744e-24 4.757150e-24 1.458689e-23 
2.470000e+00 9.814872e-24 4.749677e-24 1.456455e-23 
2.472000e+00 9.799930e-24 4.745514e-24 1.454544e-23 
2.474000e+00 9.784809e-24 4.736918e-24 1.452173e-23 
2.476000e+00 9.756576e-24 4.729729e-24 1.448631e-23 
2.478000e+00 9.741619e-24 4.721927e-24 1.446355e-23 
2.480000e+00 9.728614e-24 4.714814e-24 1.444343e-23 
2.482000e+00 9.718752e-24 4.709878e-24 1.442863e-23 
2.484000e+00 9.699057e-24 4.703279e-24 1.440234e-23 
2.486000e+00 9.697088e-24 4.693427e-24 1.439051e-23 
2.488000e+00 9.680471e-24 4.686770e-24 1.436724e-23 
2.490000e+00 9.666694e-24 4.681051e-24 1.434774e-23 
2.492000e+00 9.649803e-24 4.672147e-24 1.432195e-23 
2.494000e+00 9.635104e-24 4.667492e-24 1.430260e-23 
2.496000e+00 9.620584e-24 4.656595e-24 1.427718e-23 
2.498000e+00 9.599908e-24 4.647904e-24 1.424781e-23 
2.500000e+00 9.590177e-24 4.643876e-24 1.423405e-23 
2.502000e+00 9.569942e-24 4.639558e-24 1.420950e-23 
2.504000e+00 9.559267e-24 4.632222e-24 1.419149e-23 
2.506000e+00 9.545873e-24 4.619250e-24 1.416512e-23 
2.508000e+00 9.539594e-24 4.613364e-24 1.415296e-23 
2.510000e+00 9.521206e-24 4.610661e-24 1.413187e-23 
2.512000e+00 9.505595e-24 4.601888e-24 1.410748e-23 
2.514000e+00 9.485238e-24 4.592926e-24 1.407816e-23 
2.516000e+00 9.472422e-24 4.590331e-24 1.406275e-23 
2.518000e+00 9.455830e-24 4.582983e-24 1.403881e-23 
2.520000e+00 9.443543e-24 4.576255e-24 1.401980e-23 
2.522000e+00 9.432322e-24 4.570360e-24 1.400268e-23 
2.524000e+00 9.423552e-24 4.557344e-24 1.398090e-23 
2.526000e+00 9.407968e-24 4.550491e-24 1.395846e-23 
2.528000e+00 9.391684e-24 4.547545e-24 1.393923e-23 
2.530000e+00 9.377792e-24 4.539994e-24 1.391779e-23 
2.532000e+00 9.367015e-24 4.532043e-24 1.389906e-23 
2.534000e+00 9.354300e-24 4.527208e-24 1.388151e-23 
2.536000e+00 9.337676e-24 4.518730e-24 1.385641e-23 
2.538000e+00 9.317483e-24 4.514981e-24 1.383246e-23 
2.540000e+00 9.303832e-24 4.510592e-24 1.381442e-23 
2.542000e+00 9.290547e-24 4.502033e-24 1.379258e-23 
2.544000e+00 9.280204e-24 4.494297e-24 1.377450e-23 
2.546000e+00 9.265229e-24 4.486074e-24 1.375130e-23 
2.548000e+00 9.250394e-24 4.482222e-24 1.373262e-23 
2.550000e+00 9.246303e-24 4.475841e-24 1.372214e-23 
2.552000e+00 9.229439e-24 4.471583e-24 1.370102e-23 
2.554000e+00 9.207333e-24 4.461644e-24 1.366898e-23 
2.556000e+00 9.202546e-24 4.456997e-24 1.365954e-23 
2.558000e+00 9.188848e-24 4.450605e-24 1.363945e-23 
2.560000e+00 9.171495e-24 4.442155e-24 1.361365e-23 
2.562000e+00 9.166589e-24 4.436624e-24 1.360321e-23 
2.564000e+00 9.144601e-24 4.422961e-24 1.356756e-23 
2.566000e+00 9.131040e-24 4.416982e-24 1.354802e-23 
2.568000e+00 9.111967e-24 4.410525e-24 1.352249e-23 
2.570000e+00 9.102715e-24 4.400059e-24 1.350277e-23 
2.572000e+00 9.094933e-24 4.396015e-24 1.349095e-23 
2.574000e+00 9.077048e-24 4.394907e-24 1.347195e-23 
2.576000e+00 9.060927e-24 4.390637e-24 1.345156e-23 
2.578000e+00 9.047896e-24 4.384197e-24 1.343209e-23 
2.580000e+00 9.029779e-24 4.378354e-24 1.340813e-23 
2.582000e+00 9.016555e-24 4.369074e-24 1.338563e-23 
2.584000e+00 8.999765e-24 4.362058e-24 1.336182e-23 
2.586000e+00 9.001371e-24 4.357898e-24 1.335927e-23 
2.588000e+00 8.979382e-24 4.350034e-24 1.332942e-23 
2.590000e+00 8.962030e-24 4.343174e-24 1.330520e-23 
2.592000e+00 8.953857e-24 4.335100e-24 1.328896e-23 
2.594000e+00 8.940911e-24 4.330383e-24 1.327129e-23 
2.596000e+00 8.929462e-24 4.324801e-24 1.325426e-23 
2.598000e+00 8.910490e-24 4.322439e-24 1.323293e-23 
2.600000e+00 8.900494e-24 4.317731e-24 1.321823e-23 
2.602000e+00 8.884384e-24 4.310276e-24 1.319466e-23 
2.604000e+00 8.869699e-24 4.302662e-24 1.317236e-23 
2.606000e+00 8.867336e-24 4.295981e-24 1.316332e-23 
2.608000e+00 8.842888e-24 4.284124e-24 1.312701e-23 
2.610000e+00 8.842447e-24 4.281283e-24 1.312373e-23 
2.612000e+00 8.828832e-24 4.272272e-24 1.310110e-23 
2.614000e+00 8.816773e-24 4.268104e-24 1.308488e-23 
2.616000e+00 8.798838e-24 4.260772e-24 1.305961e-23 
2.618000e+00 8.794456e-24 4.261516e-24 1.305597e-23 
2.620000e+00 8.777771e-24 4.255335e-24 1.303311e-23 
2.622000e+00 8.764028e-24 4.246559e-24 1.301059e-23 
2.624000e+00 8.749653e-24 4.240655e-24 1.299031e-23 
2.626000e+00 8.726360e-24 4.232051e-24 1.295841e-23 
2.628000e+00 8.415961e-24 4.226146e-24 1.264211e-23 
2.630000e+00 8.708146e-24 4.220267e-24 1.292841e-23 
2.632000e+00 8.696172e-24 4.212157e-24 1.290833e-23 
2.634000e+00 8.681914e-24 4.213719e-24 1.289563e-23 
2.636000e+00 8.664219e-24 4.205984e-24 1.287020e-23 
2.638000e+00 8.660119e-24 4.195447e-24 1.285557e-23 
2.640000e+00 8.647192e-24 4.189597e-24 1.283679e-23 
2.642000e+00 8.626283e-24 4.182594e-24 1.280888e-23 
2.644000e+00 8.625166e-24 4.182166e-24 1.280733e-23 
2.646000e+00 8.605440e-24 4.178293e-24 1.278373e-23 
2.648000e+00 8.595839e-24 4.167444e-24 1.276328e-23 
2.650000e+00 8.591018e-24 4.161580e-24 1.275260e-23 
2.652000e+00 8.569961e-24 4.153102e-24 1.272306e-23 
2.654000e+00 8.564841e-24 4.153714e-24 1.271856e-23 
2.656000e+00 8.540902e-24 4.146888e-24 1.268779e-23 
2.658000e+00 8.538808e-24 4.140726e-24 1.267953e-23 
2.660000e+00 8.522447e-24 4.130552e-24 1.265300e-23 
2.662000e+00 8.510447e-24 4.126379e-24 1.263683e-23 
2.664000e+00 8.499241e-24 4.124809e-24 1.262405e-23 
2.666000e+00 8.485407e-24 4.114742e-24 1.260015e-23 
2.668000e+00 8.465814e-24 4.108553e-24 1.257437e-23 
2.670000e+00 8.460987e-24 4.100142e-24 1.256113e-23 
2.672000e+00 8.421388e-24 4.091266e-24 1.251265e-23 
2.674000e+00 8.407616e-24 4.092256e-24 1.249987e-23 
2.676000e+00 8.393093e-24 4.087200e-24 1.248029e-23 
2.678000e+00 8.383485e-24 4.079150e-24 1.246264e-23 
2.680000e+00 8.375882e-24 4.071913e-24 1.244779e-23 
2.682000e+00 8.362221e-24 4.065290e-24 1.242751e-23 
2.684000e+00 8.349828e-24 4.065013e-24 1.241484e-23 
2.686000e+00 8.339886e-24 4.054866e-24 1.239475e-23 
2.688000e+00 8.321968e-24 4.047379e-24 1.236935e-23 
2.690000e+00 8.339499e-24 4.039571e-24 1.237907e-23 
2.692000e+00 8.314742e-24 4.037494e-24 1.235224e-23 
2.694000e+00 8.310146e-24 4.033688e-24 1.234383e-23 
2.696000e+00 8.297260e-24 4.025218e-24 1.232248e-23 
2.698000e+00 8.281607e-24 4.022760e-24 1.230437e-23 
2.700000e+00 8.270528e-24 4.016319e-24 1.228685e-23 
2.702000e+00 8.264191e-24 4.008636e-24 1.227283e-23 
2.704000e+00 8.241019e-24 4.009597e-24 1.225062e-23 
2.706000e+00 8.242935e-24 4.003223e-24 1.224616e-23 
2.708000e+00 8.229489e-24 3.996412e-24 1.222590e-23 
2.710000e+00 8.218189e-24 3.991699e-24 1.220989e-23 
2.712000e+00 8.200477e-24 3.984607e-24 1.218508e-23 
2.714000e+00 8.187582e-24 3.977313e-24 1.216490e-23 
2.716000e+00 8.187323e-24 3.973924e-24 1.216125e-23 
2.718000e+00 8.173070e-24 3.968994e-24 1.214206e-23 
2.720000e+00 8.171083e-24 3.964590e-24 1.213567e-23 
2.722000e+00 8.145846e-24 3.959487e-24 1.210533e-23 
2.724000e+00 8.143878e-24 3.953482e-24 1.209736e-23 
2.726000e+00 8.129166e-24 3.948161e-24 1.207733e-23 
2.728000e+00 8.106310e-24 3.947023e-24 1.205333e-23 
2.730000e+00 8.100061e-24 3.937031e-24 1.203709e-23 
2.732000e+00 8.090744e-24 3.930509e-24 1.202125e-23 
2.734000e+00 8.085783e-24 3.929724e-24 1.201551e-23 
2.736000e+00 8.067393e-24 3.920510e-24 1.198790e-23 
2.738000e+00 8.056875e-24 3.913949e-24 1.197082e-23 
2.740000e+00 8.045530e-24 3.912731e-24 1.195826e-23 
2.742000e+00 8.036682e-24 3.904923e-24 1.194160e-23 
2.744000e+00 8.029375e-24 3.898908e-24 1.192828e-23 
2.746000e+00 8.011801e-24 3.895382e-24 1.190718e-23 
2.748000e+00 8.002370e-24 3.886315e-24 1.188868e-23 
2.750000e+00 7.990429e-24 3.877732e-24 1.186816e-23 
2.752000e+00 7.970841e-24 3.879215e-24 1.185006e-23 
2.754000e+00 7.964096e-24 3.873027e-24 1.183712e-23 
2.756000e+00 7.954219e-24 3.868193e-24 1.182241e-23 
2.758000e+00 7.939753e-24 3.862337e-24 1.180209e-23 
2.760000e+00 7.934915e-24 3.855198e-24 1.179011e-23 
2.762000e+00 7.915224e-24 3.852158e-24 1.176738e-23 
2.764000e+00 7.908210e-24 3.843022e-24 1.175123e-23 
2.766000e+00 7.896169e-24 3.842987e-24 1.173916e-23 
2.768000e+00 7.887245e-24 3.836617e-24 1.172386e-23 
2.770000e+00 7.879594e-24 3.834939e-24 1.171453e-23 
2.772000e+00 7.871978e-24 3.825453e-24 1.169743e-23 
2.774000e+00 7.862080e-24 3.816963e-24 1.167904e-23 
2.776000e+00 7.839781e-24 3.814428e-24 1.165421e-23 
2.778000e+00 7.830255e-24 3.808994e-24 1.163925e-23 
2.780000e+00 7.816799e-24 3.804716e-24 1.162151e-23 
2.782000e+00 7.810611e-24 3.797947e-24 1.160856e-23 
2.784000e+00 7.799798e-24 3.798688e-24 1.159849e-23 
2.786000e+00 7.793584e-24 3.789414e-24 1.158300e-23 
2.788000e+00 7.783574e-24 3.791315e-24 1.157489e-23 
2.790000e+00 7.775459e-24 3.780497e-24 1.155596e-23 
2.792000e+00 7.748162e-24 3.775469e-24 1.152363e-23 
2.794000e+00 7.743734e-24 3.769547e-24 1.151328e-23 
2.796000e+00 7.729780e-24 3.765584e-24 1.149536e-23 
2.798000e+00 7.723778e-24 3.761206e-24 1.148498e-23 
2.800000e+00 7.715810e-24 3.752007e-24 1.146782e-23 
2.802000e+00 7.703333e-24 3.753215e-24 1.145655e-23 
2.804000e+00 7.690813e-24 3.743599e-24 1.143441e-23 
2.806000e+00 7.683325e-24 3.739246e-24 1.142257e-23 
2.808000e+00 7.675048e-24 3.733525e-24 1.140857e-23 
2.810000e+00 7.653352e-24 3.728232e-24 1.138158e-23 
2.812000e+00 7.647030e-24 3.728907e-24 1.137594e-23 
2.814000e+00 7.636643e-24 3.718270e-24 1.135491e-23 
2.816000e+00 7.622995e-24 3.716527e-24 1.133952e-23 
2.818000e+00 7.614150e-24 3.707055e-24 1.132121e-23 
2.820000e+00 7.609187e-24 3.704134e-24 1.131332e-23 
2.822000e+00 7.598178e-24 3.695336e-24 1.129351e-23 
2.824000e+00 7.585439e-24 3.696681e-24 1.128212e-23 
2.826000e+00 7.573094e-24 3.687559e-24 1.126065e-23 
2.828000e+00 7.569420e-24 3.685386e-24 1.125481e-23 
2.830000e+00 7.539349e-24 3.677461e-24 1.121681e-23 
2.832000e+00 7.537973e-24 3.677001e-24 1.121497e-23 
2.834000e+00 7.524901e-24 3.668268e-24 1.119317e-23 
2.836000e+00 7.512978e-24 3.666910e-24 1.117989e-23 
2.838000e+00 7.503535e-24 3.662683e-24 1.116622e-23 
2.840000e+00 7.498015e-24 3.656751e-24 1.115477e-23 
2.842000e+00 7.484280e-24 3.653680e-24 1.113796e-23 
2.844000e+00 7.471510e-24 3.646057e-24 1.111757e-23 
2.846000e+00 7.463387e-24 3.643018e-24 1.110640e-23 
2.848000e+00 7.452719e-24 3.634432e-24 1.108715e-23 
2.850000e+00 7.442540e-24 3.633026e-24 1.107557e-23 
2.852000e+00 7.439545e-24 3.623350e-24 1.106289e-23 
2.854000e+00 7.424224e-24 3.622500e-24 1.104672e-23 
2.856000e+00 7.407732e-24 3.583390e-24 1.099112e-23 
2.858000e+00 7.398364e-24 3.582029e-24 1.098039e-23 
2.860000e+00 7.389347e-24 3.575546e-24 1.096489e-23 
2.862000e+00 7.381570e-24 3.576347e-24 1.095792e-23 
2.864000e+00 7.368780e-24 3.569150e-24 1.093793e-23 
2.866000e+00 7.356814e-24 3.562639e-24 1.091945e-23 
2.868000e+00 7.344580e-24 3.560625e-24 1.090520e-23 
2.870000e+00 7.338585e-24 3.554608e-24 1.089319e-23 
2.872000e+00 7.326617e-24 3.552089e-24 1.087871e-23 
2.874000e+00 7.327090e-24 3.543938e-24 1.087103e-23 
2.876000e+00 7.314557e-24 3.572518e-24 1.088708e-23 
2.878000e+00 7.301853e-24 3.561226e-24 1.086308e-23 
2.880000e+00 7.295610e-24 3.560400e-24 1.085601e-23 
2.882000e+00 7.288205e-24 3.550984e-24 1.083919e-23 
2.884000e+00 7.273942e-24 3.548170e-24 1.082211e-23 
2.886000e+00 7.261317e-24 3.547577e-24 1.080889e-23 
2.888000e+00 7.252181e-24 3.537788e-24 1.078997e-23 
2.890000e+00 7.237499e-24 3.534243e-24 1.077174e-23 
2.892000e+00 7.239094e-24 3.534335e-24 1.077343e-23 
2.894000e+00 7.234761e-24 3.525859e-24 1.076062e-23 
2.896000e+00 7.219619e-24 3.525922e-24 1.074554e-23 
2.898000e+00 7.205910e-24 3.524005e-24 1.072992e-23 
2.900000e+00 7.195985e-24 3.513210e-24 1.070920e-23 
2.902000e+00 7.187686e-24 3.510531e-24 1.069822e-23 
2.904000e+00 7.178152e-24 3.510877e-24 1.068903e-23 
2.906000e+00 7.166532e-24 3.500680e-24 1.066721e-23 
2.908000e+00 7.161903e-24 3.502198e-24 1.066410e-23 
2.910000e+00 7.156567e-24 3.486659e-24 1.064323e-23 
2.912000e+00 7.147892e-24 3.487328e-24 1.063522e-23 
2.914000e+00 7.133291e-24 3.487331e-24 1.062062e-23 
2.916000e+00 7.120699e-24 3.477677e-24 1.059838e-23 
2.918000e+00 7.109364e-24 3.478270e-24 1.058763e-23 
2.920000e+00 7.098612e-24 3.472905e-24 1.057152e-23 
2.922000e+00 7.093346e-24 3.461934e-24 1.055528e-23 
2.924000e+00 7.079083e-24 3.463290e-24 1.054237e-23 
2.926000e+00 7.074563e-24 3.460763e-24 1.053533e-23 
2.928000e+00 7.066350e-24 3.449912e-24 1.051626e-23 
2.930000e+00 7.055124e-24 3.451542e-24 1.050667e-23 
2.932000e+00 7.043566e-24 3.444925e-24 1.048849e-23 
2.934000e+00 7.031129e-24 3.441068e-24 1.047220e-23 
2.936000e+00 7.019569e-24 3.437095e-24 1.045666e-23 
2.938000e+00 7.013296e-24 3.432348e-24 1.044564e-23 
2.940000e+00 7.002208e-24 3.425764e-24 1.042797e-23 
2.942000e+00 6.997313e-24 3.420986e-24 1.041830e-23 
2.944000e+00 6.986409e-24 3.422132e-24 1.040854e-23 
2.946000e+00 6.978192e-24 3.411605e-24 1.038980e-23 
2.948000e+00 6.963643e-24 3.409661e-24 1.037330e-23 
2.950000e+00 6.951694e-24 3.408087e-24 1.035978e-23 
2.952000e+00 6.937877e-24 3.397153e-24 1.033503e-23 
2.954000e+00 6.935338e-24 3.393607e-24 1.032894e-23 
2.956000e+00 6.926063e-24 3.394034e-24 1.032010e-23 
2.958000e+00 6.911569e-24 3.394119e-24 1.030569e-23 
2.960000e+00 6.907147e-24 3.382971e-24 1.029012e-23 
2.962000e+00 6.904118e-24 3.380567e-24 1.028468e-23 
2.964000e+00 6.891262e-24 3.381140e-24 1.027240e-23 
2.966000e+00 6.879229e-24 3.370194e-24 1.024942e-23 
2.968000e+00 6.875700e-24 3.370064e-24 1.024576e-23 
2.970000e+00 6.870028e-24 3.362990e-24 1.023302e-23 
2.972000e+00 6.852941e-24 3.363768e-24 1.021671e-23 
2.974000e+00 6.841492e-24 3.353520e-24 1.019501e-23 
2.976000e+00 6.834353e-24 3.350966e-24 1.018532e-23 
2.978000e+00 6.833831e-24 3.347617e-24 1.018145e-23 
2.980000e+00 6.821738e-24 3.338663e-24 1.016040e-23 
2.982000e+00 6.811016e-24 3.340911e-24 1.015193e-23 
2.984000e+00 6.795494e-24 3.338427e-24 1.013392e-23 
2.986000e+00 6.799882e-24 3.335412e-24 1.013529e-23 
2.988000e+00 6.785014e-24 3.324188e-24 1.010920e-23 
2.990000e+00 6.770322e-24 3.322727e-24 1.009305e-23 
2.992000e+00 6.766118e-24 3.316272e-24 1.008239e-23 
2.994000e+00 6.755946e-24 3.311584e-24 1.006753e-23 
2.996000e+00 6.744528e-24 3.307730e-24 1.005226e-23 
2.998000e+00 6.732243e-24 3.305656e-24 1.003790e-23 
