1.000000e-01 1.829743e-22 1.373371e-22 3.203113e-22 
1.020000e-01 1.826004e-22 1.362641e-22 3.188645e-22 
1.040000e-01 1.817698e-22 1.350300e-22 3.167999e-22 
1.060000e-01 1.804988e-22 1.339246e-22 3.144234e-22 
1.080000e-01 1.787887e-22 1.327538e-22 3.115425e-22 
1.100000e-01 1.764198e-22 1.315212e-22 3.079410e-22 
1.120000e-01 1.729943e-22 1.303797e-22 3.033740e-22 
1.140000e-01 1.672252e-22 1.291665e-22 2.963917e-22 
1.160000e-01 1.502540e-22 1.278896e-22 2.781436e-22 
1.180000e-01 1.649936e-22 1.267549e-22 2.917485e-22 
1.200000e-01 1.708294e-22 1.255716e-22 2.964010e-22 
1.220000e-01 1.737272e-22 1.243139e-22 2.980411e-22 
1.240000e-01 1.755985e-22 1.231408e-22 2.987393e-22 
1.260000e-01 1.769583e-22 1.219403e-22 2.988986e-22 
1.280000e-01 1.779789e-22 1.207337e-22 2.987126e-22 
1.300000e-01 1.787451e-22 1.195396e-22 2.982847e-22 
1.320000e-01 1.793459e-22 1.183459e-22 2.976918e-22 
1.340000e-01 1.798189e-22 1.171393e-22 2.969581e-22 
1.360000e-01 1.801780e-22 1.159619e-22 2.961399e-22 
1.380000e-01 1.804420e-22 1.147428e-22 2.951848e-22 
1.400000e-01 1.806242e-22 1.135693e-22 2.941935e-22 
1.420000e-01 1.807560e-22 1.123433e-22 2.930993e-22 
1.440000e-01 1.808154e-22 1.111343e-22 2.919497e-22 
1.460000e-01 1.807993e-22 1.099148e-22 2.907141e-22 
1.480000e-01 1.807226e-22 1.087175e-22 2.894401e-22 
1.500000e-01 1.805977e-22 1.075064e-22 2.881041e-22 
1.520000e-01 1.804157e-22 1.062663e-22 2.866820e-22 
1.540000e-01 1.801503e-22 1.050804e-22 2.852307e-22 
1.560000e-01 1.798076e-22 1.038658e-22 2.836734e-22 
1.580000e-01 1.793629e-22 1.010960e-22 2.804589e-22 
1.600000e-01 1.788371e-22 9.993433e-23 2.787714e-22 
1.620000e-01 1.781536e-22 9.872975e-23 2.768833e-22 
1.640000e-01 1.771465e-22 9.750040e-23 2.746469e-22 
1.660000e-01 1.753799e-22 9.631296e-23 2.716929e-22 
1.680000e-01 1.703396e-22 9.514435e-23 2.654839e-22 
1.700000e-01 1.721765e-22 9.397882e-23 2.661553e-22 
1.720000e-01 1.741925e-22 9.279778e-23 2.669903e-22 
1.740000e-01 1.751145e-22 9.160555e-23 2.667200e-22 
1.760000e-01 1.756851e-22 9.041129e-23 2.660964e-22 
1.780000e-01 1.761044e-22 8.920514e-23 2.653095e-22 
1.800000e-01 1.764303e-22 8.800109e-23 2.644314e-22 
1.820000e-01 1.766962e-22 8.679054e-23 2.634868e-22 
1.840000e-01 1.769321e-22 8.557270e-23 2.625048e-22 
1.860000e-01 1.771430e-22 8.435837e-23 2.615014e-22 
1.880000e-01 1.773475e-22 8.311537e-23 2.604628e-22 
1.900000e-01 1.775477e-22 8.187646e-23 2.594242e-22 
1.920000e-01 1.777971e-22 8.063045e-23 2.584276e-22 
1.940000e-01 1.781828e-22 7.939740e-23 2.575802e-22 
1.960000e-01 1.788206e-22 7.813869e-23 2.569593e-22 
1.980000e-01 1.804636e-22 7.688676e-23 2.573504e-22 
2.000000e-01 1.838965e-22 7.562489e-23 2.595214e-22 
2.020000e-01 1.811869e-22 7.437367e-23 2.555605e-22 
2.040000e-01 1.800566e-22 7.311757e-23 2.531742e-22 
2.060000e-01 1.792307e-22 7.181382e-23 2.510445e-22 
2.080000e-01 1.785009e-22 7.051121e-23 2.490121e-22 
2.100000e-01 1.778817e-22 6.919210e-23 2.470738e-22 
2.120000e-01 1.773031e-22 6.782541e-23 2.451285e-22 
2.140000e-01 1.767620e-22 6.643706e-23 2.431990e-22 
2.160000e-01 1.762348e-22 6.502908e-23 2.412639e-22 
2.180000e-01 1.757091e-22 6.356883e-23 2.392779e-22 
2.200000e-01 1.752294e-22 6.215037e-23 2.373798e-22 
2.220000e-01 1.747647e-22 6.072080e-23 2.354855e-22 
2.240000e-01 1.742699e-22 5.927745e-23 2.335474e-22 
2.260000e-01 1.737636e-22 5.779470e-23 2.315583e-22 
2.280000e-01 1.732178e-22 5.623125e-23 2.294491e-22 
2.300000e-01 1.726807e-22 5.467248e-23 2.273532e-22 
2.320000e-01 1.721449e-22 5.305743e-23 2.252023e-22 
2.340000e-01 1.715903e-22 5.138383e-23 2.229741e-22 
2.360000e-01 1.710377e-22 4.968477e-23 2.207224e-22 
2.380000e-01 1.704689e-22 4.793288e-23 2.184018e-22 
2.400000e-01 1.698781e-22 4.646240e-23 2.163405e-22 
2.420000e-01 1.693061e-22 4.527709e-23 2.145831e-22 
2.440000e-01 1.687128e-22 4.413047e-23 2.128433e-22 
2.460000e-01 1.681376e-22 4.266465e-23 2.108022e-22 
2.480000e-01 1.675695e-22 4.094335e-23 2.085129e-22 
2.500000e-01 1.670036e-22 3.894141e-23 2.059451e-22 
2.520000e-01 1.664377e-22 3.650017e-23 2.029378e-22 
2.540000e-01 1.658539e-22 3.380480e-23 1.996587e-22 
2.560000e-01 1.652781e-22 3.087890e-23 1.961570e-22 
2.580000e-01 1.646869e-22 2.758136e-23 1.922683e-22 
2.600000e-01 1.640984e-22 2.345706e-23 1.875554e-22 
2.620000e-01 1.634935e-22 1.858043e-23 1.820739e-22 
2.640000e-01 1.628832e-22 1.293370e-23 1.758169e-22 
2.660000e-01 1.622821e-22 7.704673e-24 1.699868e-22 
2.680000e-01 1.616669e-22 3.397757e-24 1.650646e-22 
2.700000e-01 1.610685e-22 7.102076e-25 1.617787e-22 
2.720000e-01 1.604563e-22 5.990194e-25 1.610554e-22 
2.740000e-01 1.598646e-22 3.686173e-24 1.635508e-22 
2.760000e-01 1.592767e-22 1.041786e-23 1.696946e-22 
2.780000e-01 1.586985e-22 1.601015e-23 1.747087e-22 
2.800000e-01 1.581092e-22 2.836128e-23 1.864705e-22 
2.820000e-01 1.575102e-22 3.338642e-23 1.908967e-22 
2.840000e-01 1.568849e-22 3.162245e-23 1.885073e-22 
2.860000e-01 1.562681e-22 2.989156e-23 1.861597e-22 
2.880000e-01 1.556256e-22 2.890439e-23 1.845300e-22 
2.900000e-01 1.549811e-22 2.863123e-23 1.836123e-22 
2.920000e-01 1.543158e-22 2.894295e-23 1.832588e-22 
2.940000e-01 1.536579e-22 2.975805e-23 1.834160e-22 
2.960000e-01 1.529851e-22 3.082850e-23 1.838136e-22 
2.980000e-01 1.523216e-22 3.213407e-23 1.844557e-22 
3.000000e-01 1.516425e-22 3.337172e-23 1.850142e-22 
3.020000e-01 1.509637e-22 3.435820e-23 1.853219e-22 
3.040000e-01 1.502621e-22 3.510653e-23 1.853686e-22 
3.060000e-01 1.495698e-22 3.572410e-23 1.852939e-22 
3.080000e-01 1.488560e-22 3.633799e-23 1.851940e-22 
3.100000e-01 1.481492e-22 3.674657e-23 1.848958e-22 
3.120000e-01 1.474265e-22 3.710045e-23 1.845269e-22 
3.140000e-01 1.467041e-22 3.726159e-23 1.839657e-22 
3.160000e-01 1.459669e-22 3.729118e-23 1.832581e-22 
3.180000e-01 1.452317e-22 3.715866e-23 1.823903e-22 
3.200000e-01 1.444947e-22 3.711707e-23 1.816117e-22 
3.220000e-01 1.437501e-22 3.712820e-23 1.808783e-22 
3.240000e-01 1.430094e-22 3.729122e-23 1.803006e-22 
3.260000e-01 1.422523e-22 3.749713e-23 1.797495e-22 
3.280000e-01 1.415040e-22 3.766367e-23 1.791677e-22 
3.300000e-01 1.407459e-22 3.783528e-23 1.785812e-22 
3.320000e-01 1.400011e-22 3.797029e-23 1.779714e-22 
3.340000e-01 1.392620e-22 3.810531e-23 1.773674e-22 
3.360000e-01 1.385249e-22 3.819722e-23 1.767221e-22 
3.380000e-01 1.377849e-22 3.828357e-23 1.760684e-22 
3.400000e-01 1.370370e-22 3.834159e-23 1.753786e-22 
3.420000e-01 1.362899e-22 3.840725e-23 1.746971e-22 
3.440000e-01 1.355209e-22 3.848592e-23 1.740068e-22 
3.460000e-01 1.347617e-22 3.856125e-23 1.733230e-22 
3.480000e-01 1.339848e-22 3.862163e-23 1.726064e-22 
3.500000e-01 1.331995e-22 3.867590e-23 1.718754e-22 
3.520000e-01 1.324190e-22 3.871232e-23 1.711313e-22 
3.540000e-01 1.316186e-22 3.874664e-23 1.703653e-22 
3.560000e-01 1.308346e-22 3.877007e-23 1.696046e-22 
3.580000e-01 1.300372e-22 3.879160e-23 1.688288e-22 
3.600000e-01 1.292447e-22 3.879167e-23 1.680364e-22 
3.620000e-01 1.284512e-22 3.879312e-23 1.672444e-22 
3.640000e-01 1.276536e-22 3.879386e-23 1.664475e-22 
3.660000e-01 1.268617e-22 3.879683e-23 1.656586e-22 
3.680000e-01 1.260604e-22 3.878206e-23 1.648425e-22 
3.700000e-01 1.252620e-22 3.877011e-23 1.640321e-22 
3.720000e-01 1.244581e-22 3.875397e-23 1.632121e-22 
3.740000e-01 1.236412e-22 3.873978e-23 1.623810e-22 
3.760000e-01 1.228277e-22 3.870907e-23 1.615368e-22 
3.780000e-01 1.219984e-22 3.867508e-23 1.606735e-22 
3.800000e-01 1.211588e-22 3.862586e-23 1.597847e-22 
3.820000e-01 1.203240e-22 3.857026e-23 1.588943e-22 
3.840000e-01 1.194633e-22 3.851410e-23 1.579774e-22 
3.860000e-01 1.186178e-22 3.846007e-23 1.570778e-22 
3.880000e-01 1.177722e-22 3.840322e-23 1.561754e-22 
3.900000e-01 1.169190e-22 3.834234e-23 1.552613e-22 
3.920000e-01 1.160714e-22 3.828273e-23 1.543541e-22 
3.940000e-01 1.152204e-22 3.822236e-23 1.534428e-22 
3.960000e-01 1.143775e-22 3.816210e-23 1.525396e-22 
3.980000e-01 1.135421e-22 3.809704e-23 1.516391e-22 
4.000000e-01 1.127006e-22 3.802807e-23 1.507286e-22 
4.020000e-01 1.118662e-22 3.795313e-23 1.498194e-22 
4.040000e-01 1.110303e-22 3.786668e-23 1.488970e-22 
4.060000e-01 1.101827e-22 3.778215e-23 1.479649e-22 
4.080000e-01 1.093399e-22 3.769742e-23 1.470373e-22 
4.100000e-01 1.084886e-22 3.761457e-23 1.461031e-22 
4.120000e-01 1.076376e-22 3.752698e-23 1.451646e-22 
4.140000e-01 1.067964e-22 3.743888e-23 1.442352e-22 
4.160000e-01 1.059493e-22 3.735114e-23 1.433004e-22 
4.180000e-01 1.050920e-22 3.726223e-23 1.423542e-22 
4.200000e-01 1.042527e-22 3.717387e-23 1.414266e-22 
4.220000e-01 1.033973e-22 3.708142e-23 1.404787e-22 
4.240000e-01 1.025421e-22 3.698984e-23 1.395319e-22 
4.260000e-01 1.016923e-22 3.689344e-23 1.385857e-22 
4.280000e-01 1.008401e-22 3.679517e-23 1.376352e-22 
4.300000e-01 9.999023e-23 3.669573e-23 1.366860e-22 
4.320000e-01 9.914224e-23 3.659246e-23 1.357347e-22 
4.340000e-01 9.828671e-23 3.649197e-23 1.347787e-22 
4.360000e-01 9.743353e-23 3.639152e-23 1.338251e-22 
4.380000e-01 9.657732e-23 3.629449e-23 1.328718e-22 
4.400000e-01 9.571703e-23 3.619556e-23 1.319126e-22 
4.420000e-01 9.486353e-23 3.608324e-23 1.309468e-22 
4.440000e-01 9.401564e-23 3.597206e-23 1.299877e-22 
4.460000e-01 9.315916e-23 3.585996e-23 1.290191e-22 
4.480000e-01 9.230041e-23 3.574959e-23 1.280500e-22 
4.500000e-01 9.145141e-23 3.564030e-23 1.270917e-22 
4.520000e-01 9.059496e-23 3.551050e-23 1.261055e-22 
4.540000e-01 8.973486e-23 3.537873e-23 1.251136e-22 
4.560000e-01 8.888050e-23 3.524963e-23 1.241301e-22 
4.580000e-01 8.802517e-23 3.511855e-23 1.231437e-22 
4.600000e-01 8.716163e-23 3.499002e-23 1.221517e-22 
4.620000e-01 8.630899e-23 3.486154e-23 1.211705e-22 
4.640000e-01 8.545102e-23 3.473316e-23 1.201842e-22 
4.660000e-01 8.458648e-23 3.460345e-23 1.191899e-22 
4.680000e-01 8.372515e-23 3.447723e-23 1.182024e-22 
4.700000e-01 8.286396e-23 3.434955e-23 1.172135e-22 
4.720000e-01 8.198994e-23 3.421933e-23 1.162093e-22 
4.740000e-01 8.111725e-23 3.407898e-23 1.151962e-22 
4.760000e-01 8.024277e-23 3.393938e-23 1.141821e-22 
4.780000e-01 7.936642e-23 3.379906e-23 1.131655e-22 
4.800000e-01 7.848360e-23 3.365542e-23 1.121390e-22 
4.820000e-01 7.759843e-23 3.351011e-23 1.111085e-22 
4.840000e-01 7.670704e-23 3.336529e-23 1.100723e-22 
4.860000e-01 7.580605e-23 3.322004e-23 1.090261e-22 
4.880000e-01 7.490225e-23 3.307464e-23 1.079769e-22 
4.900000e-01 7.399362e-23 3.240006e-23 1.063937e-22 
4.920000e-01 7.308027e-23 3.225118e-23 1.053314e-22 
4.940000e-01 7.215409e-23 3.210322e-23 1.042573e-22 
4.960000e-01 7.122731e-23 3.195339e-23 1.031807e-22 
4.980000e-01 7.028422e-23 3.180479e-23 1.020890e-22 
5.000000e-01 6.932545e-23 3.165428e-23 1.009797e-22 
5.020000e-01 6.836133e-23 3.150991e-23 9.987124e-23 
5.040000e-01 6.738166e-23 3.136393e-23 9.874559e-23 
5.060000e-01 6.638533e-23 3.121781e-23 9.760314e-23 
5.080000e-01 6.536973e-23 3.107308e-23 9.644281e-23 
5.100000e-01 6.433541e-23 3.092853e-23 9.526394e-23 
5.120000e-01 6.327242e-23 3.078431e-23 9.405673e-23 
5.140000e-01 6.218949e-23 3.063978e-23 9.282927e-23 
5.160000e-01 6.107485e-23 3.049895e-23 9.157381e-23 
5.180000e-01 5.992349e-23 3.035753e-23 9.028102e-23 
5.200000e-01 5.871934e-23 3.021783e-23 8.893717e-23 
5.220000e-01 5.747096e-23 3.007805e-23 8.754901e-23 
5.240000e-01 5.615706e-23 2.993522e-23 8.609228e-23 
5.260000e-01 5.476561e-23 2.978940e-23 8.455502e-23 
5.280000e-01 5.327918e-23 2.964274e-23 8.292192e-23 
5.300000e-01 5.167713e-23 2.949722e-23 8.117436e-23 
5.320000e-01 4.992860e-23 2.935350e-23 7.928210e-23 
5.340000e-01 4.790121e-23 2.920652e-23 7.710773e-23 
5.360000e-01 4.549355e-23 2.905646e-23 7.455001e-23 
5.380000e-01 4.225983e-23 2.889953e-23 7.115936e-23 
5.400000e-01 3.776712e-23 2.874364e-23 6.651075e-23 
5.420000e-01 3.285730e-23 2.859243e-23 6.144973e-23 
5.440000e-01 2.981919e-23 2.844813e-23 5.826732e-23 
5.460000e-01 3.044389e-23 2.830468e-23 5.874858e-23 
5.480000e-01 3.381572e-23 2.815939e-23 6.197511e-23 
5.500000e-01 3.729919e-23 2.800750e-23 6.530669e-23 
5.520000e-01 3.992691e-23 2.785645e-23 6.778336e-23 
5.540000e-01 4.148200e-23 2.770709e-23 6.918909e-23 
5.560000e-01 4.262130e-23 2.756517e-23 7.018647e-23 
5.580000e-01 4.346560e-23 2.742160e-23 7.088720e-23 
5.600000e-01 4.415355e-23 2.728064e-23 7.143419e-23 
5.620000e-01 4.472208e-23 2.713399e-23 7.185607e-23 
5.640000e-01 4.519000e-23 2.698705e-23 7.217705e-23 
5.660000e-01 4.557813e-23 2.684028e-23 7.241841e-23 
5.680000e-01 4.589037e-23 2.669288e-23 7.258325e-23 
5.700000e-01 4.614265e-23 2.654638e-23 7.268903e-23 
5.720000e-01 4.634092e-23 2.639749e-23 7.273840e-23 
5.740000e-01 4.650484e-23 2.625055e-23 7.275539e-23 
5.760000e-01 4.664189e-23 2.610279e-23 7.274468e-23 
5.780000e-01 4.673546e-23 2.595847e-23 7.269393e-23 
5.800000e-01 4.679633e-23 2.581216e-23 7.260849e-23 
5.820000e-01 4.683690e-23 2.567017e-23 7.250707e-23 
5.840000e-01 4.685728e-23 2.552837e-23 7.238565e-23 
5.860000e-01 4.685826e-23 2.539000e-23 7.224826e-23 
5.880000e-01 4.682645e-23 2.524705e-23 7.207350e-23 
5.900000e-01 4.678382e-23 2.510601e-23 7.188983e-23 
5.920000e-01 4.672645e-23 2.496295e-23 7.168941e-23 
5.940000e-01 4.665449e-23 2.481831e-23 7.147280e-23 
5.960000e-01 4.656632e-23 2.467965e-23 7.124597e-23 
5.980000e-01 4.646042e-23 2.453758e-23 7.099800e-23 
6.000000e-01 4.635015e-23 2.439511e-23 7.074526e-23 
6.020000e-01 4.622664e-23 2.424650e-23 7.047314e-23 
6.040000e-01 4.608990e-23 2.409677e-23 7.018667e-23 
6.060000e-01 4.594225e-23 2.394612e-23 6.988837e-23 
6.080000e-01 4.578750e-23 2.380568e-23 6.959318e-23 
6.100000e-01 4.562775e-23 2.367785e-23 6.930560e-23 
6.120000e-01 4.545829e-23 2.354605e-23 6.900434e-23 
6.140000e-01 4.526941e-23 2.341669e-23 6.868610e-23 
6.160000e-01 4.508337e-23 2.327637e-23 6.835974e-23 
6.180000e-01 4.488816e-23 2.313509e-23 6.802325e-23 
6.200000e-01 4.468753e-23 2.299423e-23 6.768176e-23 
6.220000e-01 4.447721e-23 2.285492e-23 6.733213e-23 
6.240000e-01 4.425963e-23 2.271983e-23 6.697946e-23 
6.260000e-01 4.404226e-23 2.258606e-23 6.662832e-23 
6.280000e-01 4.381509e-23 2.245150e-23 6.626658e-23 
6.300000e-01 4.357966e-23 2.231505e-23 6.589470e-23 
6.320000e-01 4.333966e-23 2.217537e-23 6.551503e-23 
6.340000e-01 4.309486e-23 2.203575e-23 6.513061e-23 
6.360000e-01 4.284280e-23 2.190968e-23 6.475249e-23 
6.380000e-01 4.258530e-23 2.177846e-23 6.436377e-23 
6.400000e-01 4.232020e-23 2.164317e-23 6.396338e-23 
6.420000e-01 4.204521e-23 2.150808e-23 6.355329e-23 
6.440000e-01 4.177145e-23 2.138049e-23 6.315194e-23 
6.460000e-01 4.148915e-23 2.125863e-23 6.274778e-23 
6.480000e-01 4.119924e-23 2.112236e-23 6.232159e-23 
6.500000e-01 4.089805e-23 2.100585e-23 6.190390e-23 
6.520000e-01 4.059000e-23 2.087251e-23 6.146250e-23 
6.540000e-01 4.027746e-23 2.073493e-23 6.101239e-23 
6.560000e-01 3.995114e-23 2.059865e-23 6.054979e-23 
6.580000e-01 3.961807e-23 2.046232e-23 6.008039e-23 
6.600000e-01 3.927527e-23 2.033675e-23 5.961202e-23 
6.620000e-01 3.892158e-23 2.020978e-23 5.913136e-23 
6.640000e-01 3.856209e-23 2.008510e-23 5.864719e-23 
6.660000e-01 3.818548e-23 1.995998e-23 5.814546e-23 
6.680000e-01 3.780089e-23 1.983377e-23 5.763466e-23 
6.700000e-01 3.740179e-23 1.970547e-23 5.710726e-23 
6.720000e-01 3.699809e-23 1.957730e-23 5.657540e-23 
6.740000e-01 3.657755e-23 1.945028e-23 5.602783e-23 
6.760000e-01 3.613931e-23 1.932860e-23 5.546791e-23 
6.780000e-01 3.568750e-23 1.920987e-23 5.489737e-23 
6.800000e-01 3.522382e-23 1.909000e-23 5.431382e-23 
6.820000e-01 3.472800e-23 1.896741e-23 5.369541e-23 
6.840000e-01 3.421304e-23 1.885037e-23 5.306341e-23 
6.860000e-01 3.367063e-23 1.873345e-23 5.240407e-23 
6.880000e-01 3.308907e-23 1.861484e-23 5.170391e-23 
6.900000e-01 3.247594e-23 1.849398e-23 5.096992e-23 
6.920000e-01 3.180210e-23 1.837807e-23 5.018017e-23 
6.940000e-01 3.104919e-23 1.826067e-23 4.930986e-23 
6.960000e-01 3.023084e-23 1.814626e-23 4.837711e-23 
6.980000e-01 2.924670e-23 1.802744e-23 4.727413e-23 
7.000000e-01 2.790088e-23 1.791182e-23 4.581270e-23 
7.020000e-01 2.633268e-23 1.779298e-23 4.412566e-23 
7.040000e-01 2.448099e-23 1.767831e-23 4.215929e-23 
7.060000e-01 2.326930e-23 1.756093e-23 4.083023e-23 
7.080000e-01 2.264495e-23 1.744965e-23 4.009461e-23 
7.100000e-01 2.341508e-23 1.733325e-23 4.074832e-23 
7.120000e-01 2.464110e-23 1.722103e-23 4.186213e-23 
7.140000e-01 2.635486e-23 1.710735e-23 4.346221e-23 
7.160000e-01 2.768747e-23 1.699871e-23 4.468618e-23 
7.180000e-01 2.879931e-23 1.688784e-23 4.568715e-23 
7.200000e-01 2.945070e-23 1.677793e-23 4.622863e-23 
7.220000e-01 2.994780e-23 1.666950e-23 4.661730e-23 
7.240000e-01 3.036801e-23 1.656438e-23 4.693239e-23 
7.260000e-01 3.068827e-23 1.645856e-23 4.714683e-23 
7.280000e-01 3.096710e-23 1.635563e-23 4.732273e-23 
7.300000e-01 3.121259e-23 1.624723e-23 4.745982e-23 
7.320000e-01 3.139506e-23 1.614050e-23 4.753557e-23 
7.340000e-01 3.156185e-23 1.603202e-23 4.759386e-23 
7.360000e-01 3.169765e-23 1.592500e-23 4.762264e-23 
7.380000e-01 3.181413e-23 1.581769e-23 4.763182e-23 
7.400000e-01 3.191520e-23 1.571131e-23 4.762651e-23 
7.420000e-01 3.199029e-23 1.560643e-23 4.759671e-23 
7.440000e-01 3.204983e-23 1.550464e-23 4.755447e-23 
7.460000e-01 3.209812e-23 1.539863e-23 4.749675e-23 
7.480000e-01 3.213645e-23 1.529834e-23 4.743479e-23 
7.500000e-01 3.216300e-23 1.519965e-23 4.736265e-23 
7.520000e-01 3.217805e-23 1.510217e-23 4.728021e-23 
7.540000e-01 3.218101e-23 1.500164e-23 4.718265e-23 
7.560000e-01 3.217391e-23 1.490243e-23 4.707634e-23 
7.580000e-01 3.216112e-23 1.480820e-23 4.696932e-23 
7.600000e-01 3.214469e-23 1.471225e-23 4.685694e-23 
7.620000e-01 3.211671e-23 1.461924e-23 4.673595e-23 
7.640000e-01 3.208500e-23 1.452436e-23 4.660937e-23 
7.660000e-01 3.204403e-23 1.443206e-23 4.647609e-23 
7.680000e-01 3.199852e-23 1.434270e-23 4.634122e-23 
7.700000e-01 3.194996e-23 1.425084e-23 4.620080e-23 
7.720000e-01 3.189456e-23 1.416101e-23 4.605557e-23 
7.740000e-01 3.183329e-23 1.406831e-23 4.590160e-23 
7.760000e-01 3.176653e-23 1.397226e-23 4.573879e-23 
7.780000e-01 3.169574e-23 1.387953e-23 4.557528e-23 
7.800000e-01 3.162066e-23 1.378601e-23 4.540666e-23 
7.820000e-01 3.154096e-23 1.368968e-23 4.523064e-23 
7.840000e-01 3.145736e-23 1.360163e-23 4.505900e-23 
7.860000e-01 3.136296e-23 1.351184e-23 4.487481e-23 
7.880000e-01 3.126893e-23 1.342296e-23 4.469189e-23 
7.900000e-01 3.117025e-23 1.333509e-23 4.450534e-23 
7.920000e-01 3.106476e-23 1.324648e-23 4.431124e-23 
7.940000e-01 3.095556e-23 1.316252e-23 4.411809e-23 
7.960000e-01 3.082545e-23 1.307957e-23 4.390503e-23 
7.980000e-01 3.069765e-23 1.299317e-23 4.369082e-23 
8.000000e-01 3.057003e-23 1.290948e-23 4.347951e-23 
8.020000e-01 3.045106e-23 1.282811e-23 4.327917e-23 
8.040000e-01 3.033907e-23 1.274751e-23 4.308658e-23 
8.060000e-01 3.023003e-23 1.266434e-23 4.289437e-23 
8.080000e-01 3.012234e-23 1.258156e-23 4.270390e-23 
8.100000e-01 3.001130e-23 1.249978e-23 4.251109e-23 
8.120000e-01 2.990422e-23 1.242424e-23 4.232846e-23 
8.140000e-01 2.980469e-23 1.233711e-23 4.214180e-23 
8.160000e-01 2.970231e-23 1.224638e-23 4.194869e-23 
8.180000e-01 2.960066e-23 1.216216e-23 4.176281e-23 
8.200000e-01 2.949775e-23 1.208439e-23 4.158214e-23 
8.220000e-01 2.939925e-23 1.200879e-23 4.140804e-23 
8.240000e-01 2.929656e-23 1.193417e-23 4.123073e-23 
8.260000e-01 2.920023e-23 1.186290e-23 4.106313e-23 
8.280000e-01 2.910214e-23 1.178733e-23 4.088947e-23 
8.300000e-01 2.900396e-23 1.172122e-23 4.072518e-23 
8.320000e-01 2.890865e-23 1.164477e-23 4.055341e-23 
8.340000e-01 2.881266e-23 1.156056e-23 4.037322e-23 
8.360000e-01 2.871918e-23 1.148358e-23 4.020276e-23 
8.380000e-01 2.862660e-23 1.140758e-23 4.003418e-23 
8.400000e-01 2.853518e-23 1.133176e-23 3.986694e-23 
8.420000e-01 2.844739e-23 1.126323e-23 3.971061e-23 
8.440000e-01 2.835960e-23 1.118869e-23 3.954829e-23 
8.460000e-01 2.827122e-23 1.111728e-23 3.938850e-23 
8.480000e-01 2.818633e-23 1.104341e-23 3.922974e-23 
8.500000e-01 2.810412e-23 1.097559e-23 3.907971e-23 
8.520000e-01 2.802188e-23 1.090581e-23 3.892769e-23 
8.540000e-01 2.794120e-23 1.083753e-23 3.877873e-23 
8.560000e-01 2.786179e-23 1.076946e-23 3.863125e-23 
8.580000e-01 2.778015e-23 1.070178e-23 3.848193e-23 
8.600000e-01 2.769943e-23 1.062933e-23 3.832876e-23 
8.620000e-01 2.761747e-23 1.055763e-23 3.817510e-23 
8.640000e-01 2.753582e-23 1.048709e-23 3.802291e-23 
8.660000e-01 2.744826e-23 1.041696e-23 3.786522e-23 
8.680000e-01 2.736703e-23 1.034860e-23 3.771563e-23 
8.700000e-01 2.728350e-23 1.027945e-23 3.756295e-23 
8.720000e-01 2.719153e-23 1.021032e-23 3.740185e-23 
8.740000e-01 2.710156e-23 1.014616e-23 3.724772e-23 
8.760000e-01 2.700477e-23 1.007678e-23 3.708155e-23 
8.780000e-01 2.690585e-23 1.001080e-23 3.691665e-23 
8.800000e-01 2.680677e-23 9.951792e-24 3.675856e-23 
8.820000e-01 2.670588e-23 9.892678e-24 3.659855e-23 
8.840000e-01 2.660932e-23 9.835124e-24 3.644444e-23 
8.860000e-01 2.650934e-23 9.774643e-24 3.628398e-23 
8.880000e-01 2.640695e-23 9.717013e-24 3.612396e-23 
8.900000e-01 2.630359e-23 9.655252e-24 3.595885e-23 
8.920000e-01 2.619745e-23 9.594661e-24 3.579211e-23 
8.940000e-01 2.609289e-23 9.533017e-24 3.562591e-23 
8.960000e-01 2.599135e-23 9.474292e-24 3.546565e-23 
8.980000e-01 2.588966e-23 9.414109e-24 3.530376e-23 
9.000000e-01 2.578342e-23 9.352765e-24 3.513619e-23 
9.020000e-01 2.567909e-23 9.288432e-24 3.496753e-23 
9.040000e-01 2.557221e-23 9.225838e-24 3.479805e-23 
9.060000e-01 2.546528e-23 9.165748e-24 3.463103e-23 
9.080000e-01 2.536306e-23 9.101503e-24 3.446456e-23 
9.100000e-01 2.525388e-23 9.046310e-24 3.430019e-23 
9.120000e-01 2.515104e-23 8.992027e-24 3.414306e-23 
9.140000e-01 2.504289e-23 8.936115e-24 3.397900e-23 
9.160000e-01 2.493403e-23 8.882029e-24 3.381606e-23 
9.180000e-01 2.482846e-23 8.829119e-24 3.365758e-23 
9.200000e-01 2.471888e-23 8.773215e-24 3.349210e-23 
9.220000e-01 2.461283e-23 8.714794e-24 3.332762e-23 
9.240000e-01 2.450756e-23 8.659017e-24 3.316658e-23 
9.260000e-01 2.440325e-23 8.696503e-24 3.309975e-23 
9.280000e-01 2.429744e-23 8.639742e-24 3.293719e-23 
9.300000e-01 2.418856e-23 8.584354e-24 3.277292e-23 
9.320000e-01 2.408076e-23 8.533572e-24 3.261433e-23 
9.340000e-01 2.397281e-23 8.484752e-24 3.245756e-23 
9.360000e-01 2.386442e-23 8.435194e-24 3.229961e-23 
9.380000e-01 2.376050e-23 8.384127e-24 3.214462e-23 
9.400000e-01 2.365047e-23 8.334580e-24 3.198505e-23 
9.420000e-01 2.354682e-23 8.283412e-24 3.183024e-23 
9.440000e-01 2.343840e-23 8.232376e-24 3.167078e-23 
9.460000e-01 2.333095e-23 8.181021e-24 3.151197e-23 
9.480000e-01 2.322336e-23 8.130158e-24 3.135351e-23 
9.500000e-01 2.312087e-23 8.078902e-24 3.119977e-23 
9.520000e-01 2.301208e-23 8.028344e-24 3.104043e-23 
9.540000e-01 2.290520e-23 7.979933e-24 3.088513e-23 
9.560000e-01 2.280103e-23 7.931300e-24 3.073233e-23 
9.580000e-01 2.269285e-23 7.881952e-24 3.057480e-23 
9.600000e-01 2.258994e-23 7.833665e-24 3.042360e-23 
9.620000e-01 2.248526e-23 7.785429e-24 3.027069e-23 
9.640000e-01 2.237426e-23 7.736009e-24 3.011026e-23 
9.660000e-01 2.227021e-23 7.684345e-24 2.995455e-23 
9.680000e-01 2.216494e-23 7.634045e-24 2.979898e-23 
9.700000e-01 2.206104e-23 7.582097e-24 2.964313e-23 
9.720000e-01 2.195647e-23 7.532686e-24 2.948916e-23 
9.740000e-01 2.185373e-23 7.484225e-24 2.933795e-23 
9.760000e-01 2.175058e-23 7.441398e-24 2.919198e-23 
9.780000e-01 2.164825e-23 7.395179e-24 2.904343e-23 
9.800000e-01 2.154333e-23 7.351476e-24 2.889481e-23 
9.820000e-01 2.144039e-23 7.307779e-24 2.874817e-23 
9.840000e-01 2.133396e-23 7.263995e-24 2.859796e-23 
9.860000e-01 2.123303e-23 7.219685e-24 2.845271e-23 
9.880000e-01 2.113283e-23 7.172821e-24 2.830565e-23 
9.900000e-01 2.103005e-23 7.127499e-24 2.815755e-23 
9.920000e-01 2.092748e-23 7.079902e-24 2.800738e-23 
9.940000e-01 2.082962e-23 7.034588e-24 2.786421e-23 
9.960000e-01 2.072560e-23 6.991398e-24 2.771699e-23 
9.980000e-01 2.062780e-23 6.959754e-24 2.758756e-23 
1.000000e+00 2.052655e-23 6.927562e-24 2.745411e-23 
1.002000e+00 2.042725e-23 6.887992e-24 2.731524e-23 
1.004000e+00 2.032978e-23 6.848886e-24 2.717867e-23 
1.006000e+00 2.023016e-23 6.808941e-24 2.703910e-23 
1.008000e+00 2.013311e-23 6.770170e-24 2.690328e-23 
1.010000e+00 2.003465e-23 6.732817e-24 2.676747e-23 
1.012000e+00 1.993568e-23 6.693216e-24 2.662890e-23 
1.014000e+00 1.983781e-23 6.654677e-24 2.649249e-23 
1.016000e+00 1.973954e-23 6.616400e-24 2.635595e-23 
1.018000e+00 1.964410e-23 6.576391e-24 2.622049e-23 
1.020000e+00 1.954678e-23 6.538961e-24 2.608574e-23 
1.022000e+00 1.945129e-23 6.500803e-24 2.595210e-23 
1.024000e+00 1.935366e-23 6.462166e-24 2.581583e-23 
1.026000e+00 1.925853e-23 6.426751e-24 2.568529e-23 
1.028000e+00 1.916570e-23 6.391979e-24 2.555768e-23 
1.030000e+00 1.906760e-23 6.355943e-24 2.542355e-23 
1.032000e+00 1.897358e-23 6.320237e-24 2.529381e-23 
1.034000e+00 1.887846e-23 6.283231e-24 2.516169e-23 
1.036000e+00 1.878703e-23 6.247755e-24 2.503478e-23 
1.038000e+00 1.869164e-23 6.211295e-24 2.490294e-23 
1.040000e+00 1.859652e-23 6.177618e-24 2.477414e-23 
1.042000e+00 1.850668e-23 6.141247e-24 2.464793e-23 
1.044000e+00 1.841244e-23 6.106331e-24 2.451877e-23 
1.046000e+00 1.832047e-23 6.072000e-24 2.439247e-23 
1.048000e+00 1.823101e-23 6.037066e-24 2.426808e-23 
1.050000e+00 1.813835e-23 6.003311e-24 2.414166e-23 
1.052000e+00 1.804721e-23 5.970294e-24 2.401751e-23 
1.054000e+00 1.795640e-23 5.936654e-24 2.389305e-23 
1.056000e+00 1.786763e-23 5.904471e-24 2.377210e-23 
1.058000e+00 1.777600e-23 5.872935e-24 2.364894e-23 
1.060000e+00 1.769007e-23 5.838335e-24 2.352840e-23 
1.062000e+00 1.759713e-23 5.806636e-24 2.340376e-23 
1.064000e+00 1.751064e-23 5.772899e-24 2.328354e-23 
1.066000e+00 1.742076e-23 5.741792e-24 2.316255e-23 
1.068000e+00 1.733226e-23 5.707947e-24 2.304021e-23 
1.070000e+00 1.724208e-23 5.676131e-24 2.291821e-23 
1.072000e+00 1.715778e-23 5.644725e-24 2.280251e-23 
1.074000e+00 1.706786e-23 5.614362e-24 2.268222e-23 
1.076000e+00 1.698198e-23 5.582708e-24 2.256469e-23 
1.078000e+00 1.689551e-23 5.553306e-24 2.244882e-23 
1.080000e+00 1.681062e-23 5.522570e-24 2.233319e-23 
1.082000e+00 1.672518e-23 5.491587e-24 2.221676e-23 
1.084000e+00 1.663508e-23 5.462342e-24 2.209742e-23 
1.086000e+00 1.655410e-23 5.431786e-24 2.198589e-23 
1.088000e+00 1.646682e-23 5.402765e-24 2.186959e-23 
1.090000e+00 1.638415e-23 5.372183e-24 2.175634e-23 
1.092000e+00 1.630301e-23 5.342644e-24 2.164566e-23 
1.094000e+00 1.621575e-23 5.313859e-24 2.152961e-23 
1.096000e+00 1.613186e-23 5.286141e-24 2.141801e-23 
1.098000e+00 1.604956e-23 5.253263e-24 2.130283e-23 
1.100000e+00 1.596735e-23 5.226263e-24 2.119362e-23 
1.102000e+00 1.588662e-23 5.198654e-24 2.108527e-23 
1.104000e+00 1.580300e-23 5.170394e-24 2.097339e-23 
1.106000e+00 1.572436e-23 5.142397e-24 2.086675e-23 
1.108000e+00 1.564124e-23 5.115563e-24 2.075680e-23 
1.110000e+00 1.556057e-23 5.087324e-24 2.064789e-23 
1.112000e+00 1.547880e-23 5.058660e-24 2.053746e-23 
1.114000e+00 1.540003e-23 5.030495e-24 2.043052e-23 
1.116000e+00 1.531967e-23 5.003438e-24 2.032310e-23 
1.118000e+00 1.523968e-23 4.975438e-24 2.021512e-23 
1.120000e+00 1.515804e-23 4.948639e-24 2.010668e-23 
1.122000e+00 1.508258e-23 4.920839e-24 2.000341e-23 
1.124000e+00 1.500217e-23 4.896230e-24 1.989840e-23 
1.126000e+00 1.492525e-23 4.869879e-24 1.979512e-23 
1.128000e+00 1.484593e-23 4.844369e-24 1.969030e-23 
1.130000e+00 1.476833e-23 4.818953e-24 1.958728e-23 
1.132000e+00 1.469207e-23 4.793309e-24 1.948538e-23 
1.134000e+00 1.461561e-23 4.768446e-24 1.938405e-23 
1.136000e+00 1.454212e-23 4.742660e-24 1.928478e-23 
1.138000e+00 1.446834e-23 4.717993e-24 1.918633e-23 
1.140000e+00 1.439059e-23 4.693930e-24 1.908452e-23 
1.142000e+00 1.431317e-23 4.667525e-24 1.898069e-23 
1.144000e+00 1.423935e-23 4.642857e-24 1.888221e-23 
1.146000e+00 1.416226e-23 4.618853e-24 1.878111e-23 
1.148000e+00 1.408893e-23 4.594401e-24 1.868333e-23 
1.150000e+00 1.401544e-23 4.569121e-24 1.858456e-23 
1.152000e+00 1.394414e-23 4.545350e-24 1.848949e-23 
1.154000e+00 1.387039e-23 4.522757e-24 1.839315e-23 
1.156000e+00 1.379918e-23 4.499849e-24 1.829903e-23 
1.158000e+00 1.372374e-23 4.474035e-24 1.819777e-23 
1.160000e+00 1.365370e-23 4.450987e-24 1.810468e-23 
1.162000e+00 1.358121e-23 4.427740e-24 1.800894e-23 
1.164000e+00 1.350876e-23 4.404579e-24 1.791333e-23 
1.166000e+00 1.343634e-23 4.381351e-24 1.781769e-23 
1.168000e+00 1.336468e-23 4.358467e-24 1.772314e-23 
1.170000e+00 1.329349e-23 4.334949e-24 1.762844e-23 
1.172000e+00 1.322447e-23 4.313379e-24 1.753785e-23 
1.174000e+00 1.315709e-23 4.288981e-24 1.744607e-23 
1.176000e+00 1.308676e-23 4.266818e-24 1.735357e-23 
1.178000e+00 1.301537e-23 4.245517e-24 1.726088e-23 
1.180000e+00 1.294937e-23 4.223281e-24 1.717265e-23 
1.182000e+00 1.287712e-23 4.203079e-24 1.708020e-23 
1.184000e+00 1.280566e-23 4.181703e-24 1.698737e-23 
1.186000e+00 1.273835e-23 4.159958e-24 1.689830e-23 
1.188000e+00 1.267171e-23 4.137799e-24 1.680951e-23 
1.190000e+00 1.260202e-23 4.117402e-24 1.671942e-23 
1.192000e+00 1.253509e-23 4.095162e-24 1.663025e-23 
1.194000e+00 1.246885e-23 4.075096e-24 1.654395e-23 
1.196000e+00 1.240025e-23 4.052945e-24 1.645320e-23 
1.198000e+00 1.233500e-23 4.032715e-24 1.636772e-23 
1.200000e+00 1.226843e-23 4.010462e-24 1.627889e-23 
1.202000e+00 1.220074e-23 3.990652e-24 1.619139e-23 
1.204000e+00 1.213419e-23 3.970542e-24 1.610473e-23 
1.206000e+00 1.206925e-23 3.951392e-24 1.602064e-23 
1.208000e+00 1.200436e-23 3.931544e-24 1.593591e-23 
1.210000e+00 1.193754e-23 3.912512e-24 1.585006e-23 
1.212000e+00 1.187350e-23 3.891790e-24 1.576529e-23 
1.214000e+00 1.180906e-23 3.872146e-24 1.568121e-23 
1.216000e+00 1.174471e-23 3.853132e-24 1.559784e-23 
1.218000e+00 1.168080e-23 3.833426e-24 1.551423e-23 
1.220000e+00 1.161581e-23 3.814503e-24 1.543031e-23 
1.222000e+00 1.154965e-23 3.794601e-24 1.534425e-23 
1.224000e+00 1.148593e-23 3.776074e-24 1.526201e-23 
1.226000e+00 1.142072e-23 3.757379e-24 1.517810e-23 
1.228000e+00 1.135864e-23 3.737281e-24 1.509592e-23 
1.230000e+00 1.129572e-23 3.717469e-24 1.501319e-23 
1.232000e+00 1.123386e-23 3.699495e-24 1.493335e-23 
1.234000e+00 1.117027e-23 3.683014e-24 1.485329e-23 
1.236000e+00 1.110478e-23 3.664772e-24 1.476955e-23 
1.238000e+00 1.104222e-23 3.645192e-24 1.468741e-23 
1.240000e+00 1.097689e-23 3.628264e-24 1.460515e-23 
1.242000e+00 1.091789e-23 3.609755e-24 1.452764e-23 
1.244000e+00 1.085426e-23 3.592040e-24 1.444630e-23 
1.246000e+00 1.078656e-23 3.574470e-24 1.436103e-23 
1.248000e+00 1.072320e-23 3.557077e-24 1.428028e-23 
1.250000e+00 1.066148e-23 3.539457e-24 1.420093e-23 
1.252000e+00 1.059880e-23 3.521654e-24 1.412045e-23 
1.254000e+00 1.053430e-23 3.504380e-24 1.403869e-23 
1.256000e+00 1.046976e-23 3.486706e-24 1.395646e-23 
1.258000e+00 1.040719e-23 3.469042e-24 1.387623e-23 
1.260000e+00 1.034127e-23 3.451056e-24 1.379232e-23 
1.262000e+00 1.027652e-23 3.434284e-24 1.371080e-23 
1.264000e+00 1.021432e-23 3.418888e-24 1.363321e-23 
1.266000e+00 1.014834e-23 3.402986e-24 1.355132e-23 
1.268000e+00 1.007971e-23 3.386112e-24 1.346582e-23 
1.270000e+00 1.001449e-23 3.370436e-24 1.338492e-23 
1.272000e+00 9.944501e-24 3.353570e-24 1.329807e-23 
1.274000e+00 9.876359e-24 3.337045e-24 1.321340e-23 
1.276000e+00 9.807166e-24 3.320837e-24 1.312800e-23 
1.278000e+00 9.733777e-24 3.304459e-24 1.303824e-23 
1.280000e+00 9.662191e-24 3.287622e-24 1.294981e-23 
1.282000e+00 9.586439e-24 3.272516e-24 1.285895e-23 
1.284000e+00 9.504189e-24 3.256210e-24 1.276040e-23 
1.286000e+00 9.419048e-24 3.239770e-24 1.265882e-23 
1.288000e+00 9.326706e-24 3.223906e-24 1.255061e-23 
1.290000e+00 9.209432e-24 3.208592e-24 1.241802e-23 
1.292000e+00 9.093787e-24 3.194857e-24 1.228864e-23 
1.294000e+00 8.981533e-24 3.177248e-24 1.215878e-23 
1.296000e+00 8.869471e-24 3.161761e-24 1.203123e-23 
1.298000e+00 8.760772e-24 3.147022e-24 1.190779e-23 
1.300000e+00 8.693626e-24 3.132142e-24 1.182577e-23 
1.302000e+00 8.644292e-24 3.116693e-24 1.176098e-23 
1.304000e+00 8.597815e-24 3.102317e-24 1.170013e-23 
1.306000e+00 8.598052e-24 3.087897e-24 1.168595e-23 
1.308000e+00 8.608399e-24 3.072084e-24 1.168048e-23 
1.310000e+00 8.621289e-24 3.057393e-24 1.167868e-23 
1.312000e+00 8.653790e-24 3.042488e-24 1.169628e-23 
1.314000e+00 8.686545e-24 3.028874e-24 1.171542e-23 
1.316000e+00 8.720762e-24 3.013923e-24 1.173468e-23 
1.318000e+00 8.726591e-24 2.999290e-24 1.172588e-23 
1.320000e+00 8.734306e-24 2.984217e-24 1.171852e-23 
1.322000e+00 8.738006e-24 2.971686e-24 1.170969e-23 
1.324000e+00 8.725633e-24 2.958113e-24 1.168375e-23 
1.326000e+00 8.717793e-24 2.944163e-24 1.166196e-23 
1.328000e+00 8.704594e-24 2.930099e-24 1.163469e-23 
1.330000e+00 8.686980e-24 2.917538e-24 1.160452e-23 
1.332000e+00 8.669305e-24 2.903177e-24 1.157248e-23 
1.334000e+00 8.651610e-24 2.889660e-24 1.154127e-23 
1.336000e+00 8.630014e-24 2.876241e-24 1.150625e-23 
1.338000e+00 8.607631e-24 2.863354e-24 1.147099e-23 
1.340000e+00 8.585599e-24 2.849470e-24 1.143507e-23 
1.342000e+00 8.559393e-24 2.836321e-24 1.139571e-23 
1.344000e+00 8.535614e-24 2.822384e-24 1.135800e-23 
1.346000e+00 8.511343e-24 2.808817e-24 1.132016e-23 
1.348000e+00 8.481745e-24 2.796497e-24 1.127824e-23 
1.350000e+00 8.457489e-24 2.782572e-24 1.124006e-23 
1.352000e+00 8.431398e-24 2.770879e-24 1.120228e-23 
1.354000e+00 8.403282e-24 2.758656e-24 1.116194e-23 
1.356000e+00 8.374661e-24 2.745389e-24 1.112005e-23 
1.358000e+00 8.349196e-24 2.733367e-24 1.108256e-23 
1.360000e+00 8.320382e-24 2.719499e-24 1.103988e-23 
1.362000e+00 8.293344e-24 2.707803e-24 1.100115e-23 
1.364000e+00 8.264968e-24 2.694466e-24 1.095943e-23 
1.366000e+00 8.236405e-24 2.682534e-24 1.091894e-23 
1.368000e+00 8.203904e-24 2.670411e-24 1.087431e-23 
1.370000e+00 8.175943e-24 2.658131e-24 1.083407e-23 
1.372000e+00 8.145574e-24 2.646002e-24 1.079158e-23 
1.374000e+00 8.117980e-24 2.633123e-24 1.075110e-23 
1.376000e+00 8.087003e-24 2.621146e-24 1.070815e-23 
1.378000e+00 8.058543e-24 2.608424e-24 1.066697e-23 
1.380000e+00 8.031444e-24 2.596807e-24 1.062825e-23 
1.382000e+00 8.001995e-24 2.585504e-24 1.058750e-23 
1.384000e+00 7.971877e-24 2.574614e-24 1.054649e-23 
1.386000e+00 7.942543e-24 2.561839e-24 1.050438e-23 
1.388000e+00 7.910256e-24 2.550893e-24 1.046115e-23 
1.390000e+00 7.881520e-24 2.539786e-24 1.042131e-23 
1.392000e+00 7.850016e-24 2.528423e-24 1.037844e-23 
1.394000e+00 7.822164e-24 2.515981e-24 1.033815e-23 
1.396000e+00 7.790712e-24 2.505179e-24 1.029589e-23 
1.398000e+00 7.762972e-24 2.494059e-24 1.025703e-23 
1.400000e+00 7.733187e-24 2.482703e-24 1.021589e-23 
1.402000e+00 7.702224e-24 2.471242e-24 1.017347e-23 
1.404000e+00 7.672592e-24 2.460347e-24 1.013294e-23 
1.406000e+00 7.641589e-24 2.447570e-24 1.008916e-23 
1.408000e+00 7.611063e-24 2.437428e-24 1.004849e-23 
1.410000e+00 7.583186e-24 2.425966e-24 1.000915e-23 
1.412000e+00 7.552850e-24 2.414746e-24 9.967596e-24 
1.414000e+00 7.525213e-24 2.408154e-24 9.933367e-24 
1.416000e+00 7.492838e-24 2.394028e-24 9.886867e-24 
1.418000e+00 7.465813e-24 2.383242e-24 9.849055e-24 
1.420000e+00 7.435204e-24 2.373414e-24 9.808618e-24 
1.422000e+00 7.406680e-24 2.362756e-24 9.769435e-24 
1.424000e+00 7.380445e-24 2.353395e-24 9.733840e-24 
1.426000e+00 7.348534e-24 2.342668e-24 9.691202e-24 
1.428000e+00 7.317545e-24 2.332170e-24 9.649714e-24 
1.430000e+00 7.287134e-24 2.322590e-24 9.609724e-24 
1.432000e+00 7.259187e-24 2.311311e-24 9.570498e-24 
1.434000e+00 7.231107e-24 2.301261e-24 9.532368e-24 
1.436000e+00 7.204720e-24 2.291070e-24 9.495790e-24 
1.438000e+00 7.176441e-24 2.281382e-24 9.457823e-24 
1.440000e+00 7.146470e-24 2.270872e-24 9.417342e-24 
1.442000e+00 7.118281e-24 2.260859e-24 9.379139e-24 
1.444000e+00 7.088951e-24 2.251093e-24 9.340043e-24 
1.446000e+00 7.060593e-24 2.240880e-24 9.301473e-24 
1.448000e+00 7.032606e-24 2.231171e-24 9.263777e-24 
1.450000e+00 7.003750e-24 2.222455e-24 9.226205e-24 
1.452000e+00 6.974080e-24 2.212292e-24 9.186371e-24 
1.454000e+00 6.946940e-24 2.202325e-24 9.149265e-24 
1.456000e+00 6.918121e-24 2.193782e-24 9.111903e-24 
1.458000e+00 6.890310e-24 2.184177e-24 9.074487e-24 
1.460000e+00 6.863461e-24 2.174993e-24 9.038454e-24 
1.462000e+00 6.836509e-24 2.165126e-24 9.001635e-24 
1.464000e+00 6.808381e-24 2.155782e-24 8.964162e-24 
1.466000e+00 6.780125e-24 2.146904e-24 8.927029e-24 
1.468000e+00 6.754268e-24 2.137148e-24 8.891417e-24 
1.470000e+00 6.727109e-24 2.128704e-24 8.855813e-24 
1.472000e+00 6.699078e-24 2.118964e-24 8.818042e-24 
1.474000e+00 6.674043e-24 2.109793e-24 8.783836e-24 
1.476000e+00 6.646607e-24 2.100173e-24 8.746780e-24 
1.478000e+00 6.619290e-24 2.091516e-24 8.710807e-24 
1.480000e+00 6.593349e-24 2.083032e-24 8.676382e-24 
1.482000e+00 6.566419e-24 2.073069e-24 8.639488e-24 
1.484000e+00 6.542081e-24 2.064110e-24 8.606191e-24 
1.486000e+00 6.512803e-24 2.056103e-24 8.568906e-24 
1.488000e+00 6.484829e-24 2.047232e-24 8.532062e-24 
1.490000e+00 6.461299e-24 2.040089e-24 8.501388e-24 
1.492000e+00 6.433948e-24 2.030503e-24 8.464451e-24 
1.494000e+00 6.408145e-24 2.022009e-24 8.430154e-24 
1.496000e+00 6.381931e-24 2.014032e-24 8.395963e-24 
1.498000e+00 6.357592e-24 2.004965e-24 8.362558e-24 
1.500000e+00 6.331690e-24 1.996602e-24 8.328291e-24 
1.502000e+00 6.304622e-24 1.987741e-24 8.292363e-24 
1.504000e+00 6.278239e-24 1.978647e-24 8.256887e-24 
1.506000e+00 6.252649e-24 1.970299e-24 8.222948e-24 
1.508000e+00 6.227416e-24 1.961747e-24 8.189163e-24 
1.510000e+00 6.203329e-24 1.952443e-24 8.155771e-24 
1.512000e+00 6.177509e-24 1.945878e-24 8.123387e-24 
1.514000e+00 6.151878e-24 1.937208e-24 8.089086e-24 
1.516000e+00 6.126962e-24 1.929399e-24 8.056360e-24 
1.518000e+00 6.102792e-24 1.920654e-24 8.023445e-24 
1.520000e+00 6.076481e-24 1.913370e-24 7.989851e-24 
1.522000e+00 6.051645e-24 1.905862e-24 7.957507e-24 
1.524000e+00 6.026931e-24 1.896520e-24 7.923451e-24 
1.526000e+00 6.003309e-24 1.889588e-24 7.892897e-24 
1.528000e+00 5.977371e-24 1.881874e-24 7.859245e-24 
1.530000e+00 5.952809e-24 1.873816e-24 7.826625e-24 
1.532000e+00 5.930488e-24 1.865323e-24 7.795811e-24 
1.534000e+00 5.905552e-24 1.858763e-24 7.764315e-24 
1.536000e+00 5.884009e-24 1.850256e-24 7.734266e-24 
1.538000e+00 5.859447e-24 1.843286e-24 7.702733e-24 
1.540000e+00 5.835308e-24 1.834479e-24 7.669787e-24 
1.542000e+00 5.811411e-24 1.827617e-24 7.639028e-24 
1.544000e+00 5.786803e-24 1.820124e-24 7.606926e-24 
1.546000e+00 5.763446e-24 1.811643e-24 7.575090e-24 
1.548000e+00 5.741269e-24 1.805102e-24 7.546370e-24 
1.550000e+00 5.717418e-24 1.797360e-24 7.514778e-24 
1.552000e+00 5.694863e-24 1.789771e-24 7.484634e-24 
1.554000e+00 5.670398e-24 1.781876e-24 7.452274e-24 
1.556000e+00 5.647564e-24 1.775135e-24 7.422698e-24 
1.558000e+00 5.624749e-24 1.768724e-24 7.393473e-24 
1.560000e+00 5.611669e-24 1.760632e-24 7.372302e-24 
1.562000e+00 5.578414e-24 1.754468e-24 7.332881e-24 
1.564000e+00 5.555067e-24 1.747161e-24 7.302228e-24 
1.566000e+00 5.531900e-24 1.739542e-24 7.271442e-24 
1.568000e+00 5.509952e-24 1.732912e-24 7.242864e-24 
1.570000e+00 5.488187e-24 1.725259e-24 7.213446e-24 
1.572000e+00 5.466535e-24 1.717864e-24 7.184399e-24 
1.574000e+00 5.444589e-24 1.711823e-24 7.156412e-24 
1.576000e+00 5.421810e-24 1.703963e-24 7.125773e-24 
1.578000e+00 5.398485e-24 1.699021e-24 7.097506e-24 
1.580000e+00 5.375641e-24 1.690492e-24 7.066133e-24 
1.582000e+00 5.353963e-24 1.682948e-24 7.036911e-24 
1.584000e+00 5.332920e-24 1.676712e-24 7.009632e-24 
1.586000e+00 5.310865e-24 1.668996e-24 6.979861e-24 
1.588000e+00 5.287794e-24 1.662547e-24 6.950341e-24 
1.590000e+00 5.266404e-24 1.656095e-24 6.922499e-24 
1.592000e+00 5.247351e-24 1.650506e-24 6.897857e-24 
1.594000e+00 5.225483e-24 1.643388e-24 6.868871e-24 
1.596000e+00 5.204838e-24 1.636954e-24 6.841792e-24 
1.598000e+00 5.183816e-24 1.630466e-24 6.814282e-24 
1.600000e+00 5.161758e-24 1.623822e-24 6.785579e-24 
1.602000e+00 5.140156e-24 1.617464e-24 6.757620e-24 
1.604000e+00 5.120420e-24 1.609879e-24 6.730299e-24 
1.606000e+00 5.099593e-24 1.603983e-24 6.703576e-24 
1.608000e+00 5.080021e-24 1.596948e-24 6.676969e-24 
1.610000e+00 5.058839e-24 1.591519e-24 6.650358e-24 
1.612000e+00 5.036672e-24 1.584236e-24 6.620908e-24 
1.614000e+00 5.018123e-24 1.578523e-24 6.596647e-24 
1.616000e+00 4.996401e-24 1.571806e-24 6.568207e-24 
1.618000e+00 4.973810e-24 1.566122e-24 6.539931e-24 
1.620000e+00 4.955228e-24 1.559092e-24 6.514320e-24 
1.622000e+00 4.934425e-24 1.552934e-24 6.487359e-24 
1.624000e+00 4.913891e-24 1.547709e-24 6.461600e-24 
1.626000e+00 5.069842e-24 1.541209e-24 6.611051e-24 
1.628000e+00 4.874617e-24 1.535666e-24 6.410283e-24 
1.630000e+00 4.856634e-24 1.529684e-24 6.386318e-24 
1.632000e+00 4.835932e-24 1.524226e-24 6.360158e-24 
1.634000e+00 4.817866e-24 1.517656e-24 6.335523e-24 
1.636000e+00 4.795933e-24 1.512599e-24 6.308532e-24 
1.638000e+00 4.776624e-24 1.506070e-24 6.282693e-24 
1.640000e+00 4.758198e-24 1.500780e-24 6.258978e-24 
1.642000e+00 4.737971e-24 1.494506e-24 6.232477e-24 
1.644000e+00 4.720893e-24 1.489231e-24 6.210124e-24 
1.646000e+00 4.700409e-24 1.482969e-24 6.183378e-24 
1.648000e+00 4.683246e-24 1.477204e-24 6.160450e-24 
1.650000e+00 4.662937e-24 1.471123e-24 6.134060e-24 
1.652000e+00 4.641213e-24 1.465946e-24 6.107159e-24 
1.654000e+00 4.622411e-24 1.452729e-24 6.075140e-24 
1.656000e+00 4.604526e-24 1.454179e-24 6.058705e-24 
1.658000e+00 4.584819e-24 1.448687e-24 6.033506e-24 
1.660000e+00 4.568567e-24 1.443475e-24 6.012042e-24 
1.662000e+00 4.548642e-24 1.436944e-24 5.985586e-24 
1.664000e+00 4.531122e-24 1.431856e-24 5.962978e-24 
1.666000e+00 4.511949e-24 1.426282e-24 5.938231e-24 
1.668000e+00 4.492257e-24 1.421227e-24 5.913483e-24 
1.670000e+00 4.475564e-24 1.409612e-24 5.885176e-24 
1.672000e+00 4.455833e-24 1.410837e-24 5.866670e-24 
1.674000e+00 4.438718e-24 1.405189e-24 5.843908e-24 
1.676000e+00 4.420653e-24 1.400048e-24 5.820700e-24 
1.678000e+00 4.403111e-24 1.395166e-24 5.798276e-24 
1.680000e+00 4.382568e-24 1.389029e-24 5.771597e-24 
1.682000e+00 4.365899e-24 1.384076e-24 5.749974e-24 
1.684000e+00 4.348595e-24 1.378742e-24 5.727338e-24 
1.686000e+00 4.331078e-24 1.373565e-24 5.704643e-24 
1.688000e+00 4.313183e-24 1.368242e-24 5.681425e-24 
1.690000e+00 4.295185e-24 1.362953e-24 5.658139e-24 
1.692000e+00 4.276390e-24 1.358003e-24 5.634394e-24 
1.694000e+00 4.259971e-24 1.352279e-24 5.612250e-24 
1.696000e+00 4.243835e-24 1.347573e-24 5.591409e-24 
1.698000e+00 4.225394e-24 1.341993e-24 5.567387e-24 
1.700000e+00 4.208499e-24 1.336737e-24 5.545235e-24 
1.702000e+00 4.190905e-24 1.331658e-24 5.522563e-24 
1.704000e+00 4.173936e-24 1.327137e-24 5.501073e-24 
1.706000e+00 4.157233e-24 1.322007e-24 5.479240e-24 
1.708000e+00 4.139164e-24 1.315854e-24 5.455018e-24 
1.710000e+00 4.121911e-24 1.312586e-24 5.434497e-24 
1.712000e+00 4.106211e-24 1.306656e-24 5.412867e-24 
1.714000e+00 4.086490e-24 1.301646e-24 5.388136e-24 
1.716000e+00 4.071378e-24 1.297397e-24 5.368774e-24 
1.718000e+00 4.054950e-24 1.292190e-24 5.347140e-24 
1.720000e+00 4.038598e-24 1.287593e-24 5.326191e-24 
1.722000e+00 4.021082e-24 1.282227e-24 5.303309e-24 
1.724000e+00 4.003215e-24 1.277717e-24 5.280932e-24 
1.726000e+00 3.986295e-24 1.273162e-24 5.259457e-24 
1.728000e+00 3.971285e-24 1.267629e-24 5.238915e-24 
1.730000e+00 3.954038e-24 1.263760e-24 5.217798e-24 
1.732000e+00 3.939119e-24 1.258248e-24 5.197367e-24 
1.734000e+00 3.922032e-24 1.253318e-24 5.175350e-24 
1.736000e+00 3.906290e-24 1.248870e-24 5.155160e-24 
1.738000e+00 3.890421e-24 1.243403e-24 5.133824e-24 
1.740000e+00 3.873371e-24 1.238659e-24 5.112030e-24 
1.742000e+00 3.854959e-24 1.234625e-24 5.089584e-24 
1.744000e+00 3.839177e-24 1.230550e-24 5.069727e-24 
1.746000e+00 3.822894e-24 1.226123e-24 5.049017e-24 
1.748000e+00 3.806264e-24 1.221074e-24 5.027338e-24 
1.750000e+00 3.790877e-24 1.217262e-24 5.008139e-24 
1.752000e+00 3.774166e-24 1.212323e-24 4.986490e-24 
1.754000e+00 3.757710e-24 1.208090e-24 4.965799e-24 
1.756000e+00 3.741859e-24 1.203672e-24 4.945531e-24 
1.758000e+00 3.725621e-24 1.199725e-24 4.925345e-24 
1.760000e+00 3.710961e-24 1.195117e-24 4.906077e-24 
1.762000e+00 3.695647e-24 1.190808e-24 4.886455e-24 
1.764000e+00 3.679349e-24 1.185241e-24 4.864591e-24 
1.766000e+00 3.663216e-24 1.180871e-24 4.844087e-24 
1.768000e+00 3.647216e-24 1.177283e-24 4.824499e-24 
1.770000e+00 3.631260e-24 1.172725e-24 4.803985e-24 
1.772000e+00 3.615374e-24 1.168985e-24 4.784359e-24 
1.774000e+00 3.599338e-24 1.164166e-24 4.763504e-24 
1.776000e+00 3.581816e-24 1.160538e-24 4.742354e-24 
1.778000e+00 3.565148e-24 1.155942e-24 4.721090e-24 
1.780000e+00 3.549591e-24 1.152139e-24 4.701730e-24 
1.782000e+00 3.533881e-24 1.147190e-24 4.681071e-24 
1.784000e+00 3.517080e-24 1.143757e-24 4.660838e-24 
1.786000e+00 3.499709e-24 1.139904e-24 4.639613e-24 
1.788000e+00 3.482745e-24 1.135355e-24 4.618101e-24 
1.790000e+00 3.467759e-24 1.131282e-24 4.599041e-24 
1.792000e+00 3.452284e-24 1.128335e-24 4.580619e-24 
1.794000e+00 3.432205e-24 1.123798e-24 4.556003e-24 
1.796000e+00 3.417691e-24 1.119280e-24 4.536970e-24 
1.798000e+00 3.403337e-24 1.114900e-24 4.518237e-24 
1.800000e+00 3.383249e-24 1.111803e-24 4.495052e-24 
1.802000e+00 3.365771e-24 1.108097e-24 4.473867e-24 
1.804000e+00 3.348242e-24 1.103323e-24 4.451565e-24 
1.806000e+00 3.330763e-24 1.100563e-24 4.431325e-24 
1.808000e+00 3.311454e-24 1.095910e-24 4.407364e-24 
1.810000e+00 3.294577e-24 1.091496e-24 4.386074e-24 
1.812000e+00 3.275169e-24 1.088558e-24 4.363727e-24 
1.814000e+00 3.257694e-24 1.084413e-24 4.342106e-24 
1.816000e+00 3.234756e-24 1.079927e-24 4.314683e-24 
1.818000e+00 3.213846e-24 1.076945e-24 4.290791e-24 
1.820000e+00 3.191932e-24 1.072710e-24 4.264642e-24 
1.822000e+00 3.168683e-24 1.069189e-24 4.237871e-24 
1.824000e+00 3.141841e-24 1.064416e-24 4.206257e-24 
1.826000e+00 3.112787e-24 1.061200e-24 4.173987e-24 
1.828000e+00 3.088141e-24 1.057422e-24 4.145563e-24 
1.830000e+00 3.060597e-24 1.053772e-24 4.114369e-24 
1.832000e+00 3.037161e-24 1.050692e-24 4.087853e-24 
1.834000e+00 3.015745e-24 1.046504e-24 4.062249e-24 
1.836000e+00 2.992400e-24 1.043116e-24 4.035517e-24 
1.838000e+00 2.972668e-24 1.038452e-24 4.011119e-24 
1.840000e+00 2.961794e-24 1.036056e-24 3.997851e-24 
1.842000e+00 2.952987e-24 1.031915e-24 3.984901e-24 
1.844000e+00 2.945832e-24 1.028304e-24 3.974136e-24 
1.846000e+00 2.937132e-24 1.024835e-24 3.961967e-24 
1.848000e+00 2.942638e-24 1.021511e-24 3.964150e-24 
1.850000e+00 2.946151e-24 1.017437e-24 3.963588e-24 
1.852000e+00 2.952530e-24 1.013736e-24 3.966266e-24 
1.854000e+00 2.958089e-24 1.010316e-24 3.968405e-24 
1.856000e+00 2.965055e-24 1.006204e-24 3.971259e-24 
1.858000e+00 2.970458e-24 1.003010e-24 3.973468e-24 
1.860000e+00 2.977392e-24 9.996498e-25 3.977042e-24 
1.862000e+00 2.983335e-24 9.953766e-25 3.978711e-24 
1.864000e+00 2.982336e-24 9.922698e-25 3.974606e-24 
1.866000e+00 2.980134e-24 9.890313e-25 3.969166e-24 
1.868000e+00 2.977436e-24 9.855843e-25 3.963021e-24 
1.870000e+00 2.975675e-24 9.823012e-25 3.957976e-24 
1.872000e+00 2.971350e-24 9.792023e-25 3.950553e-24 
1.874000e+00 2.965252e-24 9.759149e-25 3.941167e-24 
1.876000e+00 2.961180e-24 9.724645e-25 3.933644e-24 
1.878000e+00 2.956527e-24 9.692671e-25 3.925794e-24 
1.880000e+00 2.950974e-24 9.666772e-25 3.917651e-24 
1.882000e+00 2.946831e-24 9.634018e-25 3.910232e-24 
1.884000e+00 2.941220e-24 9.600538e-25 3.901274e-24 
1.886000e+00 2.935562e-24 9.566903e-25 3.892252e-24 
1.888000e+00 2.929680e-24 9.533626e-25 3.883043e-24 
1.890000e+00 2.920967e-24 9.497700e-25 3.870737e-24 
1.892000e+00 2.916841e-24 9.470833e-25 3.863924e-24 
1.894000e+00 2.909598e-24 9.433974e-25 3.852995e-24 
1.896000e+00 2.901963e-24 9.406049e-25 3.842568e-24 
1.898000e+00 2.897805e-24 9.370500e-25 3.834855e-24 
1.900000e+00 2.889241e-24 9.336405e-25 3.822882e-24 
1.902000e+00 2.881664e-24 9.305052e-25 3.812169e-24 
1.904000e+00 2.873695e-24 9.282077e-25 3.801903e-24 
1.906000e+00 2.864589e-24 9.247533e-25 3.789342e-24 
1.908000e+00 2.860303e-24 9.214152e-25 3.781718e-24 
1.910000e+00 2.851798e-24 9.185461e-25 3.770344e-24 
1.912000e+00 2.845336e-24 9.157707e-25 3.761107e-24 
1.914000e+00 2.837299e-24 9.122935e-25 3.749593e-24 
1.916000e+00 2.830979e-24 9.092213e-25 3.740200e-24 
1.918000e+00 2.823499e-24 9.062351e-25 3.729734e-24 
1.920000e+00 2.815023e-24 9.037171e-25 3.718740e-24 
1.922000e+00 2.808039e-24 8.997292e-25 3.707768e-24 
1.924000e+00 2.800518e-24 8.970697e-25 3.697588e-24 
1.926000e+00 2.793552e-24 8.944735e-25 3.688026e-24 
1.928000e+00 2.784615e-24 8.913384e-25 3.675954e-24 
1.930000e+00 2.776793e-24 8.877983e-25 3.664591e-24 
1.932000e+00 2.769690e-24 8.857938e-25 3.655484e-24 
1.934000e+00 2.762680e-24 8.826982e-25 3.645379e-24 
1.936000e+00 2.753878e-24 8.787204e-25 3.632598e-24 
1.938000e+00 2.747076e-24 8.764106e-25 3.623487e-24 
1.940000e+00 2.740109e-24 8.731256e-25 3.613235e-24 
1.942000e+00 2.730039e-24 8.698211e-25 3.599860e-24 
1.944000e+00 2.724005e-24 8.674945e-25 3.591500e-24 
1.946000e+00 2.716742e-24 8.645919e-25 3.581334e-24 
1.948000e+00 2.708108e-24 8.614946e-25 3.569603e-24 
1.950000e+00 2.700393e-24 8.585950e-25 3.558988e-24 
1.952000e+00 2.691732e-24 8.548104e-25 3.546542e-24 
1.954000e+00 2.683521e-24 8.531603e-25 3.536681e-24 
1.956000e+00 2.675950e-24 8.496148e-25 3.525565e-24 
1.958000e+00 2.670482e-24 8.473130e-25 3.517795e-24 
1.960000e+00 2.662375e-24 8.447390e-25 3.507114e-24 
1.962000e+00 2.654569e-24 8.411427e-25 3.495711e-24 
1.964000e+00 2.647054e-24 8.393258e-25 3.486380e-24 
1.966000e+00 2.640006e-24 8.368499e-25 3.476856e-24 
1.968000e+00 2.632965e-24 8.333373e-25 3.466302e-24 
1.970000e+00 2.624691e-24 8.309440e-25 3.455635e-24 
1.972000e+00 2.615045e-24 8.277629e-25 3.442808e-24 
1.974000e+00 2.607155e-24 8.258367e-25 3.432991e-24 
1.976000e+00 2.599916e-24 8.227210e-25 3.422637e-24 
1.978000e+00 2.593023e-24 8.198089e-25 3.412832e-24 
1.980000e+00 2.585484e-24 8.171401e-25 3.402624e-24 
1.982000e+00 2.577370e-24 8.148002e-25 3.392170e-24 
1.984000e+00 2.569933e-24 8.120060e-25 3.381939e-24 
1.986000e+00 2.561870e-24 8.096203e-25 3.371490e-24 
1.988000e+00 2.554575e-24 8.070141e-25 3.361589e-24 
1.990000e+00 2.546911e-24 8.038856e-25 3.350797e-24 
1.992000e+00 2.539607e-24 8.011722e-25 3.340780e-24 
1.994000e+00 2.531909e-24 7.987811e-25 3.330690e-24 
1.996000e+00 2.524489e-24 7.961445e-25 3.320633e-24 
1.998000e+00 2.516861e-24 7.931376e-25 3.309998e-24 
2.000000e+00 2.510460e-24 7.906704e-25 3.301130e-24 
2.002000e+00 2.502056e-24 7.884407e-25 3.290497e-24 
2.004000e+00 2.494202e-24 7.862078e-25 3.280410e-24 
2.006000e+00 2.486964e-24 7.834478e-25 3.270411e-24 
2.008000e+00 2.479612e-24 7.810627e-25 3.260674e-24 
2.010000e+00 2.471978e-24 7.783658e-25 3.250344e-24 
2.012000e+00 2.464999e-24 7.762094e-25 3.241208e-24 
2.014000e+00 2.456524e-24 7.735971e-25 3.230121e-24 
2.016000e+00 2.449633e-24 7.713422e-25 3.220976e-24 
2.018000e+00 2.442501e-24 7.689814e-25 3.211482e-24 
2.020000e+00 2.435228e-24 7.669439e-25 3.202172e-24 
2.022000e+00 2.427631e-24 7.639331e-25 3.191564e-24 
2.024000e+00 2.420107e-24 7.619191e-25 3.182026e-24 
2.026000e+00 2.411851e-24 7.592635e-25 3.171115e-24 
2.028000e+00 2.403961e-24 7.567884e-25 3.160749e-24 
2.030000e+00 2.370984e-24 7.546056e-25 3.125590e-24 
2.032000e+00 2.390978e-24 7.520154e-25 3.142993e-24 
2.034000e+00 2.384541e-24 7.501215e-25 3.134663e-24 
2.036000e+00 2.394634e-24 7.464622e-25 3.141096e-24 
2.038000e+00 2.364447e-24 7.441711e-25 3.108619e-24 
2.040000e+00 2.358826e-24 7.417513e-25 3.100578e-24 
2.042000e+00 2.351511e-24 7.398681e-25 3.091379e-24 
2.044000e+00 2.344608e-24 7.380780e-25 3.082686e-24 
2.046000e+00 2.337240e-24 7.348715e-25 3.072111e-24 
2.048000e+00 2.329784e-24 7.333176e-25 3.063101e-24 
2.050000e+00 2.322239e-24 7.304956e-25 3.052734e-24 
2.052000e+00 2.315064e-24 7.286534e-25 3.043718e-24 
2.054000e+00 2.309072e-24 7.259997e-25 3.035072e-24 
2.056000e+00 2.301245e-24 7.235698e-25 3.024815e-24 
2.058000e+00 2.294604e-24 7.216199e-25 3.016224e-24 
2.060000e+00 2.286824e-24 7.193921e-25 3.006216e-24 
2.062000e+00 2.279671e-24 7.174372e-25 2.997108e-24 
2.064000e+00 2.273988e-24 7.146449e-25 2.988633e-24 
2.066000e+00 2.266759e-24 7.129874e-25 2.979746e-24 
2.068000e+00 2.258962e-24 7.103696e-25 2.969331e-24 
2.070000e+00 2.253254e-24 7.082574e-25 2.961511e-24 
2.072000e+00 2.246120e-24 7.063677e-25 2.952488e-24 
2.074000e+00 2.240020e-24 7.038079e-25 2.943828e-24 
2.076000e+00 2.233346e-24 7.013236e-25 2.934669e-24 
2.078000e+00 2.226314e-24 6.988095e-25 2.925124e-24 
2.080000e+00 2.220599e-24 6.973826e-25 2.917982e-24 
2.082000e+00 2.212989e-24 6.947594e-25 2.907748e-24 
2.084000e+00 2.205333e-24 6.922129e-25 2.897546e-24 
2.086000e+00 2.198500e-24 6.903291e-25 2.888829e-24 
2.088000e+00 2.191604e-24 6.877332e-25 2.879337e-24 
2.090000e+00 2.185737e-24 6.865255e-25 2.872262e-24 
2.092000e+00 2.178987e-24 6.838702e-25 2.862857e-24 
2.094000e+00 2.172873e-24 6.818992e-25 2.854772e-24 
2.096000e+00 2.165494e-24 6.795466e-25 2.845041e-24 
2.098000e+00 2.160466e-24 6.779607e-25 2.838427e-24 
2.100000e+00 2.152877e-24 6.757492e-25 2.828626e-24 
2.102000e+00 2.147220e-24 6.743462e-25 2.821566e-24 
2.104000e+00 2.139496e-24 6.717936e-25 2.811290e-24 
2.106000e+00 2.132714e-24 6.809735e-25 2.813688e-24 
2.108000e+00 2.126763e-24 6.674086e-25 2.794171e-24 
2.110000e+00 2.119909e-24 6.657961e-25 2.785705e-24 
2.112000e+00 2.105443e-24 6.638655e-25 2.769309e-24 
2.114000e+00 2.107780e-24 6.617406e-25 2.769521e-24 
2.116000e+00 2.102141e-24 6.594106e-25 2.761551e-24 
2.118000e+00 2.093202e-24 6.580085e-25 2.751210e-24 
2.120000e+00 2.089038e-24 6.558368e-25 2.744875e-24 
2.122000e+00 2.082195e-24 6.547563e-25 2.736951e-24 
2.124000e+00 2.075790e-24 6.520150e-25 2.727805e-24 
2.126000e+00 2.069118e-24 6.504655e-25 2.719583e-24 
2.128000e+00 2.064027e-24 6.477925e-25 2.711819e-24 
2.130000e+00 2.056334e-24 6.457981e-25 2.702132e-24 
2.132000e+00 2.051523e-24 6.440727e-25 2.695596e-24 
2.134000e+00 2.043852e-24 6.423888e-25 2.686241e-24 
2.136000e+00 2.038975e-24 6.394632e-25 2.678438e-24 
2.138000e+00 2.033294e-24 6.381194e-25 2.671413e-24 
2.140000e+00 2.027554e-24 6.369115e-25 2.664465e-24 
2.142000e+00 2.019461e-24 6.341985e-25 2.653660e-24 
2.144000e+00 2.014420e-24 6.324312e-25 2.646852e-24 
2.146000e+00 2.008686e-24 6.312408e-25 2.639927e-24 
2.148000e+00 2.001811e-24 6.290905e-25 2.630902e-24 
2.150000e+00 1.996614e-24 6.266995e-25 2.623313e-24 
2.152000e+00 1.989453e-24 6.255376e-25 2.614991e-24 
2.154000e+00 1.984170e-24 6.235424e-25 2.607712e-24 
2.156000e+00 1.978143e-24 6.217998e-25 2.599943e-24 
2.158000e+00 1.971240e-24 6.199672e-25 2.591207e-24 
2.160000e+00 1.965660e-24 6.180410e-25 2.583701e-24 
2.162000e+00 1.960069e-24 6.159876e-25 2.576057e-24 
2.164000e+00 1.954758e-24 6.146449e-25 2.569403e-24 
2.166000e+00 1.948565e-24 6.128812e-25 2.561446e-24 
2.168000e+00 1.942333e-24 6.104698e-25 2.552803e-24 
2.170000e+00 1.936922e-24 6.084847e-25 2.545407e-24 
2.172000e+00 1.931075e-24 6.072966e-25 2.538372e-24 
2.174000e+00 1.927057e-24 6.048921e-25 2.531949e-24 
2.176000e+00 1.920002e-24 6.031478e-25 2.523150e-24 
2.178000e+00 1.913585e-24 6.018058e-25 2.515391e-24 
2.180000e+00 1.908020e-24 6.003435e-25 2.508364e-24 
2.182000e+00 1.902492e-24 5.975980e-25 2.500090e-24 
2.184000e+00 1.896630e-24 5.965873e-25 2.493217e-24 
2.186000e+00 1.891341e-24 5.945149e-25 2.485856e-24 
2.188000e+00 1.885859e-24 5.925895e-25 2.478449e-24 
2.190000e+00 1.879659e-24 5.903132e-25 2.469973e-24 
2.192000e+00 1.874141e-24 5.886420e-25 2.462783e-24 
2.194000e+00 1.868445e-24 5.873019e-25 2.455747e-24 
2.196000e+00 1.863273e-24 5.860396e-25 2.449312e-24 
2.198000e+00 1.865396e-24 5.837557e-25 2.449151e-24 
2.200000e+00 1.852791e-24 5.824589e-25 2.435250e-24 
2.202000e+00 1.846694e-24 5.809934e-25 2.427687e-24 
2.204000e+00 1.839982e-24 5.792118e-25 2.419194e-24 
2.206000e+00 1.834649e-24 5.780231e-25 2.412673e-24 
2.208000e+00 1.829350e-24 5.753732e-25 2.404724e-24 
2.210000e+00 1.823614e-24 5.734292e-25 2.397044e-24 
2.212000e+00 1.818146e-24 5.721311e-25 2.390277e-24 
2.214000e+00 1.812908e-24 5.703307e-25 2.383239e-24 
2.216000e+00 1.807733e-24 5.693202e-25 2.377053e-24 
2.218000e+00 1.802461e-24 5.674426e-25 2.369904e-24 
2.220000e+00 1.797245e-24 5.655181e-25 2.362764e-24 
2.222000e+00 1.791273e-24 5.643830e-25 2.355656e-24 
2.224000e+00 1.785868e-24 5.625421e-25 2.348410e-24 
2.226000e+00 1.780953e-24 5.609188e-25 2.341872e-24 
2.228000e+00 1.775496e-24 5.585430e-25 2.334039e-24 
2.230000e+00 1.769765e-24 5.572510e-25 2.327016e-24 
2.232000e+00 1.765077e-24 5.555296e-25 2.320606e-24 
2.234000e+00 1.759001e-24 5.542552e-25 2.313256e-24 
2.236000e+00 1.755771e-24 5.523720e-25 2.308143e-24 
2.238000e+00 1.750186e-24 5.505587e-25 2.300745e-24 
2.240000e+00 1.744466e-24 5.491281e-25 2.293594e-24 
2.242000e+00 1.739419e-24 5.475003e-25 2.286919e-24 
2.244000e+00 1.733831e-24 5.431508e-25 2.276982e-24 
2.246000e+00 1.729216e-24 5.416244e-25 2.270841e-24 
2.248000e+00 1.723318e-24 5.402394e-25 2.263558e-24 
2.250000e+00 1.718468e-24 5.383073e-25 2.256776e-24 
2.252000e+00 1.713421e-24 5.366681e-25 2.250089e-24 
2.254000e+00 1.707900e-24 5.358766e-25 2.243776e-24 
2.256000e+00 1.702175e-24 5.341522e-25 2.236327e-24 
2.258000e+00 1.697578e-24 5.326534e-25 2.230231e-24 
2.260000e+00 1.691762e-24 5.309470e-25 2.222709e-24 
2.262000e+00 1.688420e-24 5.292950e-25 2.217715e-24 
2.264000e+00 1.682960e-24 5.276272e-25 2.210587e-24 
2.266000e+00 1.677096e-24 5.258944e-25 2.202990e-24 
2.268000e+00 1.672145e-24 5.245076e-25 2.196653e-24 
2.270000e+00 1.666856e-24 5.227073e-25 2.189563e-24 
2.272000e+00 1.661599e-24 5.212788e-25 2.182877e-24 
2.274000e+00 1.657796e-24 5.196068e-25 2.177403e-24 
2.276000e+00 1.652782e-24 5.180375e-25 2.170819e-24 
2.278000e+00 1.647346e-24 5.172244e-25 2.164571e-24 
2.280000e+00 1.642200e-24 5.155169e-25 2.157717e-24 
2.282000e+00 1.639106e-24 5.138921e-25 2.152998e-24 
2.284000e+00 1.633544e-24 5.123743e-25 2.145918e-24 
2.286000e+00 1.629760e-24 5.107717e-25 2.140532e-24 
2.288000e+00 1.624159e-24 5.093474e-25 2.133506e-24 
2.290000e+00 1.619453e-24 5.078196e-25 2.127272e-24 
2.292000e+00 1.615532e-24 5.060971e-25 2.121629e-24 
2.294000e+00 1.610059e-24 5.050410e-25 2.115100e-24 
2.296000e+00 1.605235e-24 5.034062e-25 2.108642e-24 
2.298000e+00 1.600333e-24 5.020221e-25 2.102356e-24 
2.300000e+00 1.596124e-24 5.010468e-25 2.097171e-24 
2.302000e+00 1.591301e-24 4.994865e-25 2.090787e-24 
2.304000e+00 1.585944e-24 4.979322e-25 2.083876e-24 
2.306000e+00 1.581868e-24 4.962283e-25 2.078097e-24 
2.308000e+00 1.576765e-24 4.953846e-25 2.072150e-24 
2.310000e+00 1.573539e-24 4.937435e-25 2.067283e-24 
2.312000e+00 1.567663e-24 4.921151e-25 2.059778e-24 
2.314000e+00 1.563839e-24 4.909094e-25 2.054749e-24 
2.316000e+00 1.544285e-24 4.892203e-25 2.033505e-24 
2.318000e+00 1.555479e-24 4.876338e-25 2.043113e-24 
2.320000e+00 1.550681e-24 4.863351e-25 2.037016e-24 
2.322000e+00 1.544926e-24 4.853756e-25 2.030302e-24 
2.324000e+00 1.541573e-24 4.839377e-25 2.025511e-24 
2.326000e+00 1.536029e-24 4.821366e-25 2.018165e-24 
2.328000e+00 1.531733e-24 4.811771e-25 2.012910e-24 
2.330000e+00 1.528190e-24 4.796029e-25 2.007793e-24 
2.332000e+00 1.522642e-24 4.782202e-25 2.000862e-24 
2.334000e+00 1.517996e-24 4.769875e-25 1.994984e-24 
2.336000e+00 1.551158e-24 4.756274e-25 2.026786e-24 
2.338000e+00 1.509089e-24 4.739854e-25 1.983074e-24 
2.340000e+00 1.504988e-24 4.729056e-25 1.977894e-24 
2.342000e+00 1.501229e-24 4.712295e-25 1.972459e-24 
2.344000e+00 1.496699e-24 4.699222e-25 1.966621e-24 
2.346000e+00 1.493429e-24 4.688739e-25 1.962303e-24 
2.348000e+00 1.489922e-24 4.672082e-25 1.957131e-24 
2.350000e+00 1.484779e-24 4.665492e-25 1.951328e-24 
2.352000e+00 1.480764e-24 4.647816e-25 1.945546e-24 
2.354000e+00 1.476148e-24 4.637725e-25 1.939920e-24 
2.356000e+00 1.471420e-24 4.623037e-25 1.933723e-24 
2.358000e+00 1.468256e-24 4.613078e-25 1.929563e-24 
2.360000e+00 1.462415e-24 4.598235e-25 1.922239e-24 
2.362000e+00 1.459518e-24 4.586976e-25 1.918215e-24 
2.364000e+00 1.454048e-24 4.570933e-25 1.911141e-24 
2.366000e+00 1.450639e-24 4.563091e-25 1.906948e-24 
2.368000e+00 1.445407e-24 4.546213e-25 1.900028e-24 
2.370000e+00 1.442145e-24 4.538863e-25 1.896031e-24 
2.372000e+00 1.436665e-24 4.525850e-25 1.889250e-24 
2.374000e+00 1.433166e-24 4.513552e-25 1.884521e-24 
2.376000e+00 1.429821e-24 4.497746e-25 1.879596e-24 
2.378000e+00 1.425933e-24 4.486685e-25 1.874601e-24 
2.380000e+00 1.420966e-24 4.472502e-25 1.868216e-24 
2.382000e+00 1.417440e-24 4.465046e-25 1.863944e-24 
2.384000e+00 1.413698e-24 4.446636e-25 1.858361e-24 
2.386000e+00 1.411233e-24 4.438068e-25 1.855040e-24 
2.388000e+00 1.405247e-24 4.422981e-25 1.847545e-24 
2.390000e+00 1.400274e-24 4.412119e-25 1.841486e-24 
2.392000e+00 1.396311e-24 4.397166e-25 1.836027e-24 
2.394000e+00 1.392862e-24 4.388792e-25 1.831741e-24 
2.396000e+00 1.387691e-24 4.372048e-25 1.824896e-24 
2.398000e+00 1.384230e-24 4.364842e-25 1.820714e-24 
2.400000e+00 1.380812e-24 4.354911e-25 1.816303e-24 
2.402000e+00 1.377152e-24 4.337831e-25 1.810935e-24 
2.404000e+00 1.373380e-24 4.328573e-25 1.806238e-24 
2.406000e+00 1.368698e-24 4.313102e-25 1.800008e-24 
2.408000e+00 1.364429e-24 4.305021e-25 1.794931e-24 
2.410000e+00 1.361832e-24 4.295465e-25 1.791378e-24 
2.412000e+00 1.357377e-24 4.282223e-25 1.785600e-24 
2.414000e+00 1.353994e-24 4.268523e-25 1.780847e-24 
2.416000e+00 1.349499e-24 4.263048e-25 1.775804e-24 
2.418000e+00 1.345901e-24 4.245897e-25 1.770491e-24 
2.420000e+00 1.342488e-24 4.236410e-25 1.766129e-24 
2.422000e+00 1.338350e-24 4.222018e-25 1.760552e-24 
2.424000e+00 1.335278e-24 4.212868e-25 1.756565e-24 
2.426000e+00 1.330365e-24 4.201123e-25 1.750478e-24 
2.428000e+00 1.327272e-24 4.186281e-25 1.745900e-24 
2.430000e+00 1.322953e-24 4.178468e-25 1.740800e-24 
2.432000e+00 1.319635e-24 4.168507e-25 1.736486e-24 
2.434000e+00 1.315873e-24 4.149507e-25 1.730823e-24 
2.436000e+00 1.312713e-24 4.143384e-25 1.727051e-24 
2.438000e+00 1.309279e-24 4.135533e-25 1.722833e-24 
2.440000e+00 1.305801e-24 4.118475e-25 1.717649e-24 
2.442000e+00 1.302102e-24 4.112260e-25 1.713328e-24 
2.444000e+00 1.298518e-24 4.099754e-25 1.708493e-24 
2.446000e+00 1.294765e-24 4.085590e-25 1.703324e-24 
2.448000e+00 1.290240e-24 4.076205e-25 1.697861e-24 
2.450000e+00 1.286796e-24 4.067589e-25 1.693555e-24 
2.452000e+00 1.283096e-24 4.050878e-25 1.688184e-24 
2.454000e+00 1.279877e-24 4.042841e-25 1.684161e-24 
2.456000e+00 1.276078e-24 4.031538e-25 1.679232e-24 
2.458000e+00 1.272605e-24 4.017709e-25 1.674376e-24 
2.460000e+00 1.268829e-24 4.007181e-25 1.669547e-24 
2.462000e+00 1.265176e-24 4.001522e-25 1.665328e-24 
2.464000e+00 1.261896e-24 3.992361e-25 1.661132e-24 
2.466000e+00 1.259007e-24 3.976557e-25 1.656663e-24 
2.468000e+00 1.255352e-24 3.965681e-25 1.651920e-24 
2.470000e+00 1.251728e-24 3.952954e-25 1.647024e-24 
2.472000e+00 1.248168e-24 3.946822e-25 1.642850e-24 
2.474000e+00 1.244907e-24 3.938966e-25 1.638803e-24 
2.476000e+00 1.240046e-24 3.924614e-25 1.632508e-24 
2.478000e+00 1.236141e-24 3.916026e-25 1.627743e-24 
2.480000e+00 1.232785e-24 3.903539e-25 1.623139e-24 
2.482000e+00 1.229412e-24 3.895794e-25 1.618992e-24 
2.484000e+00 1.225972e-24 3.885547e-25 1.614526e-24 
2.486000e+00 1.224155e-24 3.870896e-25 1.611245e-24 
2.488000e+00 1.220142e-24 3.860353e-25 1.606178e-24 
2.490000e+00 1.216446e-24 3.852261e-25 1.601672e-24 
2.492000e+00 1.213588e-24 3.842369e-25 1.597825e-24 
2.494000e+00 1.209876e-24 3.832833e-25 1.593159e-24 
2.496000e+00 1.206370e-24 3.818466e-25 1.588216e-24 
2.498000e+00 1.202812e-24 3.807850e-25 1.583597e-24 
2.500000e+00 1.199875e-24 3.798971e-25 1.579772e-24 
2.502000e+00 1.196251e-24 3.789816e-25 1.575233e-24 
2.504000e+00 1.192791e-24 3.783379e-25 1.571129e-24 
2.506000e+00 1.189197e-24 3.770148e-25 1.566212e-24 
2.508000e+00 1.187417e-24 3.757531e-25 1.563170e-24 
2.510000e+00 1.184263e-24 3.748324e-25 1.559096e-24 
2.512000e+00 1.180274e-24 3.738182e-25 1.554093e-24 
2.514000e+00 1.176901e-24 3.728866e-25 1.549787e-24 
2.516000e+00 1.173513e-24 3.720685e-25 1.545582e-24 
2.518000e+00 1.169939e-24 3.712019e-25 1.541141e-24 
2.520000e+00 1.166551e-24 3.699385e-25 1.536489e-24 
2.522000e+00 1.163203e-24 3.691450e-25 1.532348e-24 
2.524000e+00 1.160971e-24 3.677369e-25 1.528708e-24 
2.526000e+00 1.157415e-24 3.670252e-25 1.524440e-24 
2.528000e+00 1.154133e-24 3.661786e-25 1.520312e-24 
2.530000e+00 1.158361e-24 3.652455e-25 1.523607e-24 
2.532000e+00 1.155489e-24 3.640182e-25 1.519507e-24 
2.534000e+00 1.152713e-24 3.631224e-25 1.515835e-24 
2.536000e+00 1.148896e-24 3.624728e-25 1.511369e-24 
2.538000e+00 1.137979e-24 3.612579e-25 1.499237e-24 
2.540000e+00 1.141605e-24 3.604088e-25 1.502014e-24 
2.542000e+00 1.138842e-24 3.596427e-25 1.498484e-24 
2.544000e+00 1.136400e-24 3.587148e-25 1.495115e-24 
2.546000e+00 1.132687e-24 3.577183e-25 1.490406e-24 
2.548000e+00 1.130256e-24 3.567243e-25 1.486980e-24 
2.550000e+00 1.127042e-24 3.560715e-25 1.483114e-24 
2.552000e+00 1.123764e-24 3.552343e-25 1.478998e-24 
2.554000e+00 1.109786e-24 3.538768e-25 1.463663e-24 
2.556000e+00 1.118860e-24 3.533200e-25 1.472180e-24 
2.558000e+00 1.115829e-24 3.522208e-25 1.468050e-24 
2.560000e+00 1.112244e-24 3.514107e-25 1.463655e-24 
2.562000e+00 1.110541e-24 3.503199e-25 1.460861e-24 
2.564000e+00 1.106201e-24 3.489042e-25 1.455105e-24 
2.566000e+00 1.104164e-24 3.481091e-25 1.452273e-24 
2.568000e+00 1.099478e-24 3.472327e-25 1.446711e-24 
2.570000e+00 1.097808e-24 3.463873e-25 1.444195e-24 
2.572000e+00 1.094772e-24 3.453070e-25 1.440079e-24 
2.574000e+00 1.091120e-24 3.449254e-25 1.436045e-24 
2.576000e+00 1.088971e-24 3.441630e-25 1.433134e-24 
2.578000e+00 1.085889e-24 3.431368e-25 1.429026e-24 
2.580000e+00 1.083267e-24 3.425156e-25 1.425782e-24 
2.582000e+00 1.080352e-24 3.414535e-25 1.421806e-24 
2.584000e+00 1.076069e-24 3.404473e-25 1.416517e-24 
2.586000e+00 1.075235e-24 3.388228e-25 1.414057e-24 
2.588000e+00 1.071733e-24 3.386758e-25 1.410409e-24 
2.590000e+00 1.067657e-24 3.376209e-25 1.405278e-24 
2.592000e+00 1.066268e-24 3.367141e-25 1.402982e-24 
2.594000e+00 1.062003e-24 3.358880e-25 1.397891e-24 
2.596000e+00 1.060763e-24 3.350533e-25 1.395817e-24 
2.598000e+00 1.057424e-24 3.344764e-25 1.391900e-24 
2.600000e+00 1.054408e-24 3.339707e-25 1.388379e-24 
2.602000e+00 1.051939e-24 3.329752e-25 1.384915e-24 
2.604000e+00 1.049019e-24 3.320113e-25 1.381030e-24 
2.606000e+00 1.046867e-24 3.308634e-25 1.377730e-24 
2.608000e+00 1.043217e-24 3.300348e-25 1.373252e-24 
2.610000e+00 1.040943e-24 3.293415e-25 1.370284e-24 
2.612000e+00 1.038614e-24 3.285930e-25 1.367207e-24 
2.614000e+00 1.036118e-24 3.274150e-25 1.363533e-24 
2.616000e+00 1.033297e-24 3.266778e-25 1.359974e-24 
2.618000e+00 1.030973e-24 3.264574e-25 1.357430e-24 
2.620000e+00 1.027931e-24 3.252473e-25 1.353179e-24 
2.622000e+00 1.025278e-24 3.246989e-25 1.349977e-24 
2.624000e+00 1.022361e-24 3.237342e-25 1.346095e-24 
2.626000e+00 1.018792e-24 3.225757e-25 1.341368e-24 
2.628000e+00 1.016644e-24 3.217594e-25 1.338403e-24 
2.630000e+00 1.013535e-24 3.208437e-25 1.334379e-24 
2.632000e+00 1.011233e-24 3.202249e-25 1.331458e-24 
2.634000e+00 1.008669e-24 3.196511e-25 1.328320e-24 
2.636000e+00 1.004242e-24 3.185232e-25 1.322766e-24 
2.638000e+00 1.003785e-24 3.179222e-25 1.321707e-24 
2.640000e+00 1.000326e-24 3.169279e-25 1.317253e-24 
2.642000e+00 9.975809e-25 3.161790e-25 1.313760e-24 
2.644000e+00 9.964140e-25 3.155241e-25 1.311938e-24 
2.646000e+00 9.925604e-25 3.148586e-25 1.307419e-24 
2.648000e+00 9.905085e-25 3.140821e-25 1.304591e-24 
2.650000e+00 9.885079e-25 3.131791e-25 1.301687e-24 
2.652000e+00 9.847653e-25 3.120731e-25 1.296838e-24 
2.654000e+00 9.831743e-25 3.116780e-25 1.294852e-24 
2.656000e+00 9.796919e-25 3.111469e-25 1.290839e-24 
2.658000e+00 9.782621e-25 3.101035e-25 1.288366e-24 
2.660000e+00 9.749207e-25 3.090295e-25 1.283950e-24 
2.662000e+00 9.726353e-25 3.082003e-25 1.280836e-24 
2.664000e+00 9.700753e-25 3.080590e-25 1.278134e-24 
2.666000e+00 9.677664e-25 3.068625e-25 1.274629e-24 
2.668000e+00 9.637725e-25 3.062948e-25 1.270067e-24 
2.670000e+00 9.630776e-25 3.050899e-25 1.268168e-24 
2.672000e+00 9.598964e-25 3.045102e-25 1.264407e-24 
2.674000e+00 9.576873e-25 3.040256e-25 1.261713e-24 
2.676000e+00 9.540322e-25 3.031330e-25 1.257165e-24 
2.678000e+00 9.518962e-25 3.021848e-25 1.254081e-24 
2.680000e+00 9.499133e-25 3.012106e-25 1.251124e-24 
2.682000e+00 9.473732e-25 3.004712e-25 1.247844e-24 
2.684000e+00 9.454481e-25 3.001145e-25 1.245563e-24 
2.686000e+00 9.431384e-25 2.993691e-25 1.242507e-24 
2.688000e+00 9.400857e-25 2.983995e-25 1.238485e-24 
2.690000e+00 9.385251e-25 2.975099e-25 1.236035e-24 
2.692000e+00 9.345749e-25 2.969702e-25 1.231545e-24 
2.694000e+00 9.337376e-25 2.963934e-25 1.230131e-24 
2.696000e+00 9.307364e-25 2.954590e-25 1.226195e-24 
2.698000e+00 9.276606e-25 2.951000e-25 1.222761e-24 
2.700000e+00 9.257341e-25 2.940703e-25 1.219804e-24 
2.702000e+00 9.237976e-25 2.936297e-25 1.217427e-24 
2.704000e+00 9.200355e-25 2.929638e-25 1.212999e-24 
2.706000e+00 9.191599e-25 2.919210e-25 1.211081e-24 
2.708000e+00 9.169615e-25 2.912413e-25 1.208203e-24 
2.710000e+00 9.146680e-25 2.906127e-25 1.205281e-24 
2.712000e+00 9.114449e-25 2.900174e-25 1.201462e-24 
2.714000e+00 9.095908e-25 2.889791e-25 1.198570e-24 
2.716000e+00 9.075812e-25 2.886924e-25 1.196274e-24 
2.718000e+00 9.060561e-25 2.879452e-25 1.194001e-24 
2.720000e+00 9.049205e-25 2.870458e-25 1.191966e-24 
2.722000e+00 9.007152e-25 2.864857e-25 1.187201e-24 
2.724000e+00 8.989834e-25 2.856626e-25 1.184646e-24 
2.726000e+00 8.971661e-25 2.848816e-25 1.182048e-24 
2.728000e+00 8.927848e-25 2.847976e-25 1.177582e-24 
2.730000e+00 8.911509e-25 2.836239e-25 1.174775e-24 
2.732000e+00 8.901699e-25 2.827271e-25 1.172897e-24 
2.734000e+00 8.878220e-25 2.822486e-25 1.170071e-24 
2.736000e+00 8.844159e-25 2.815874e-25 1.166003e-24 
2.738000e+00 8.829117e-25 2.806586e-25 1.163570e-24 
2.740000e+00 8.809953e-25 2.803814e-25 1.161377e-24 
2.742000e+00 8.791743e-25 2.793339e-25 1.158508e-24 
2.744000e+00 8.766218e-25 2.786994e-25 1.155321e-24 
2.746000e+00 8.742808e-25 2.781104e-25 1.152391e-24 
2.748000e+00 8.719808e-25 2.772307e-25 1.149211e-24 
2.750000e+00 8.701134e-25 2.764750e-25 1.146588e-24 
2.752000e+00 8.665617e-25 2.685201e-25 1.135082e-24 
2.754000e+00 8.653405e-25 2.752266e-25 1.140567e-24 
2.756000e+00 8.629063e-25 2.749294e-25 1.137836e-24 
2.758000e+00 8.606053e-25 2.742449e-25 1.134850e-24 
2.760000e+00 8.593741e-25 2.731987e-25 1.132573e-24 
2.762000e+00 8.567753e-25 2.727302e-25 1.129506e-24 
2.764000e+00 8.542667e-25 2.719267e-25 1.126193e-24 
2.766000e+00 8.521702e-25 2.715475e-25 1.123718e-24 
2.768000e+00 8.503048e-25 2.709899e-25 1.121295e-24 
2.770000e+00 8.486159e-25 2.703495e-25 1.118965e-24 
2.772000e+00 8.469832e-25 2.695046e-25 1.116488e-24 
2.774000e+00 8.452099e-25 2.686186e-25 1.113829e-24 
2.776000e+00 8.415389e-25 2.680192e-25 1.109558e-24 
2.778000e+00 8.399621e-25 2.673619e-25 1.107324e-24 
2.780000e+00 8.379314e-25 2.669510e-25 1.104882e-24 
2.782000e+00 8.354614e-25 2.663085e-25 1.101770e-24 
2.784000e+00 8.332351e-25 2.660352e-25 1.099270e-24 
2.786000e+00 8.327591e-25 2.649967e-25 1.097756e-24 
2.788000e+00 8.305608e-25 2.648306e-25 1.095391e-24 
2.790000e+00 8.282137e-25 2.638813e-25 1.092095e-24 
2.792000e+00 8.247576e-25 2.629607e-25 1.087718e-24 
2.794000e+00 8.233714e-25 2.625277e-25 1.085899e-24 
2.796000e+00 8.211687e-25 2.618893e-25 1.083058e-24 
2.798000e+00 8.198728e-25 2.615578e-25 1.081431e-24 
2.800000e+00 8.183733e-25 2.606398e-25 1.079013e-24 
2.802000e+00 8.154627e-25 2.602518e-25 1.075715e-24 
2.804000e+00 8.131315e-25 2.594860e-25 1.072617e-24 
2.806000e+00 8.115619e-25 2.587151e-25 1.070277e-24 
2.808000e+00 8.105717e-25 2.578047e-25 1.068376e-24 
2.810000e+00 8.069342e-25 2.573775e-25 1.064312e-24 
2.812000e+00 8.050208e-25 2.568178e-25 1.061839e-24 
2.814000e+00 8.034341e-25 2.562070e-25 1.059641e-24 
2.816000e+00 8.013011e-25 2.557603e-25 1.057061e-24 
2.818000e+00 7.996429e-25 2.547004e-25 1.054343e-24 
2.820000e+00 7.985798e-25 2.543995e-25 1.052979e-24 
2.822000e+00 7.962145e-25 2.536038e-25 1.049818e-24 
2.824000e+00 7.940587e-25 2.530603e-25 1.047119e-24 
2.826000e+00 7.917102e-25 2.523479e-25 1.044058e-24 
2.828000e+00 7.898691e-25 2.519467e-25 1.041816e-24 
2.830000e+00 7.867623e-25 2.510444e-25 1.037807e-24 
2.832000e+00 7.861102e-25 2.508365e-25 1.036947e-24 
2.834000e+00 7.837916e-25 2.501281e-25 1.033920e-24 
2.836000e+00 7.810741e-25 2.496390e-25 1.030713e-24 
2.838000e+00 7.796342e-25 2.493658e-25 1.029000e-24 
2.840000e+00 7.779004e-25 2.486374e-25 1.026538e-24 
2.842000e+00 7.759754e-25 2.482232e-25 1.024199e-24 
2.844000e+00 7.736859e-25 2.471309e-25 1.020817e-24 
2.846000e+00 7.721378e-25 2.469081e-25 1.019046e-24 
2.848000e+00 7.702179e-25 2.461331e-25 1.016351e-24 
2.850000e+00 7.689320e-25 2.457489e-25 1.014681e-24 
2.852000e+00 7.672625e-25 2.451622e-25 1.012425e-24 
2.854000e+00 7.650034e-25 2.447413e-25 1.009745e-24 
2.856000e+00 7.632100e-25 2.436596e-25 1.006870e-24 
2.858000e+00 7.604720e-25 2.432302e-25 1.003702e-24 
2.860000e+00 7.591280e-25 2.425285e-25 1.001656e-24 
2.862000e+00 7.571114e-25 2.421688e-25 9.992802e-25 
2.864000e+00 7.552749e-25 2.418738e-25 9.971487e-25 
2.866000e+00 7.538559e-25 2.411310e-25 9.949869e-25 
2.868000e+00 7.514390e-25 2.405130e-25 9.919520e-25 
2.870000e+00 7.498327e-25 2.396468e-25 9.894795e-25 
2.872000e+00 7.480233e-25 2.393921e-25 9.874154e-25 
2.874000e+00 7.476140e-25 2.386129e-25 9.862269e-25 
2.876000e+00 7.453242e-25 2.385893e-25 9.839135e-25 
2.878000e+00 7.435722e-25 2.375725e-25 9.811447e-25 
2.880000e+00 7.418451e-25 2.371487e-25 9.789939e-25 
2.882000e+00 7.397494e-25 2.362684e-25 9.760178e-25 
2.884000e+00 7.377259e-25 2.359476e-25 9.736736e-25 
2.886000e+00 7.360306e-25 2.355488e-25 9.715794e-25 
2.888000e+00 7.342823e-25 2.346003e-25 9.688827e-25 
2.890000e+00 7.323047e-25 2.344579e-25 9.667625e-25 
2.892000e+00 7.312091e-25 2.339266e-25 9.651357e-25 
2.894000e+00 7.294580e-25 2.333062e-25 9.627642e-25 
2.896000e+00 7.274127e-25 2.327988e-25 9.602114e-25 
2.898000e+00 7.253191e-25 2.324511e-25 9.577701e-25 
2.900000e+00 7.243097e-25 2.316957e-25 9.560054e-25 
2.902000e+00 7.232572e-25 2.310577e-25 9.543148e-25 
2.904000e+00 7.215438e-25 2.308878e-25 9.524316e-25 
2.906000e+00 7.195513e-25 2.300522e-25 9.496035e-25 
2.908000e+00 7.176885e-25 2.296575e-25 9.473460e-25 
2.910000e+00 7.169401e-25 2.288138e-25 9.457539e-25 
2.912000e+00 7.152057e-25 2.283032e-25 9.435090e-25 
2.914000e+00 7.130513e-25 2.281287e-25 9.411800e-25 
2.916000e+00 7.113700e-25 2.273630e-25 9.387330e-25 
2.918000e+00 7.089803e-25 2.268475e-25 9.358277e-25 
2.920000e+00 7.078618e-25 2.267889e-25 9.346507e-25 
2.922000e+00 7.062498e-25 2.257082e-25 9.319579e-25 
2.924000e+00 7.043690e-25 2.254587e-25 9.298277e-25 
2.926000e+00 7.025085e-25 2.251504e-25 9.276590e-25 
2.928000e+00 7.011738e-25 2.242800e-25 9.254538e-25 
2.930000e+00 6.997898e-25 2.241579e-25 9.239477e-25 
2.932000e+00 6.970691e-25 2.235255e-25 9.205946e-25 
2.934000e+00 6.956084e-25 2.229060e-25 9.185144e-25 
2.936000e+00 6.936715e-25 2.234157e-25 9.170872e-25 
2.938000e+00 6.922448e-25 2.223052e-25 9.145501e-25 
2.940000e+00 6.908578e-25 2.211162e-25 9.119740e-25 
2.942000e+00 6.892395e-25 2.209987e-25 9.102382e-25 
2.944000e+00 6.878852e-25 2.205155e-25 9.084007e-25 
2.946000e+00 6.859598e-25 2.197539e-25 9.057136e-25 
2.948000e+00 6.848131e-25 2.194503e-25 9.042634e-25 
2.950000e+00 6.822656e-25 2.190179e-25 9.012835e-25 
2.952000e+00 6.801870e-25 2.181748e-25 8.983617e-25 
2.954000e+00 6.796107e-25 2.179878e-25 8.975985e-25 
2.956000e+00 6.777631e-25 2.174534e-25 8.952165e-25 
2.958000e+00 6.758084e-25 2.171473e-25 8.929557e-25 
2.960000e+00 6.740383e-25 2.162317e-25 8.902701e-25 
2.962000e+00 6.734516e-25 2.160966e-25 8.895482e-25 
2.964000e+00 6.712071e-25 2.155588e-25 8.867660e-25 
2.966000e+00 6.694387e-25 2.149177e-25 8.843564e-25 
2.968000e+00 6.684428e-25 2.146740e-25 8.831168e-25 
2.970000e+00 6.672536e-25 2.143806e-25 8.816342e-25 
2.972000e+00 6.654449e-25 2.138368e-25 8.792817e-25 
2.974000e+00 6.636736e-25 2.132867e-25 8.769603e-25 
2.976000e+00 6.613246e-25 2.128866e-25 8.742112e-25 
2.978000e+00 6.611813e-25 2.121850e-25 8.733663e-25 
2.980000e+00 6.593304e-25 2.115582e-25 8.708886e-25 
2.982000e+00 6.577692e-25 2.110405e-25 8.688097e-25 
2.984000e+00 6.554068e-25 2.108367e-25 8.662435e-25 
2.986000e+00 6.551233e-25 2.103423e-25 8.654655e-25 
2.988000e+00 6.535948e-25 2.096078e-25 8.632026e-25 
2.990000e+00 6.513955e-25 2.092825e-25 8.606780e-25 
2.992000e+00 6.501152e-25 2.087979e-25 8.589131e-25 
2.994000e+00 6.488955e-25 2.081373e-25 8.570328e-25 
2.996000e+00 6.467404e-25 2.078058e-25 8.545462e-25 
2.998000e+00 6.452663e-25 2.074663e-25 8.527326e-25 
