1.000000e-01 1.837377e-22 1.357833e-22 3.195210e-22 
1.020000e-01 1.833976e-22 1.371095e-22 3.205071e-22 
1.040000e-01 1.826005e-22 1.359115e-22 3.185120e-22 
1.060000e-01 1.813972e-22 1.328242e-22 3.142214e-22 
1.080000e-01 1.797235e-22 1.337135e-22 3.134369e-22 
1.100000e-01 1.773925e-22 1.325216e-22 3.099141e-22 
1.120000e-01 1.740011e-22 1.314220e-22 3.054231e-22 
1.140000e-01 1.682665e-22 1.302527e-22 2.985193e-22 
1.160000e-01 1.512861e-22 1.290222e-22 2.803083e-22 
1.180000e-01 1.660789e-22 1.279336e-22 2.940125e-22 
1.200000e-01 1.719687e-22 1.268027e-22 2.987714e-22 
1.220000e-01 1.749075e-22 1.255937e-22 3.005012e-22 
1.240000e-01 1.768229e-22 1.244698e-22 3.012928e-22 
1.260000e-01 1.782265e-22 1.233232e-22 3.015498e-22 
1.280000e-01 1.792913e-22 1.221686e-22 3.014600e-22 
1.300000e-01 1.801021e-22 1.210282e-22 3.011303e-22 
1.320000e-01 1.807488e-22 1.198872e-22 3.006360e-22 
1.340000e-01 1.812685e-22 1.187318e-22 3.000003e-22 
1.360000e-01 1.816756e-22 1.176095e-22 2.992850e-22 
1.380000e-01 1.819888e-22 1.164467e-22 2.984355e-22 
1.400000e-01 1.822227e-22 1.153305e-22 2.975532e-22 
1.420000e-01 1.824070e-22 1.141631e-22 2.965702e-22 
1.440000e-01 1.825191e-22 1.130140e-22 2.955331e-22 
1.460000e-01 1.825639e-22 1.118579e-22 2.944218e-22 
1.480000e-01 1.825420e-22 1.107244e-22 2.932665e-22 
1.500000e-01 1.824733e-22 1.095768e-22 2.920501e-22 
1.520000e-01 1.823500e-22 1.084023e-22 2.907523e-22 
1.540000e-01 1.821463e-22 1.072821e-22 2.894284e-22 
1.560000e-01 1.818612e-22 1.045866e-22 2.864478e-22 
1.580000e-01 1.814772e-22 1.034335e-22 2.849107e-22 
1.600000e-01 1.810097e-22 1.023407e-22 2.833504e-22 
1.620000e-01 1.803849e-22 1.012067e-22 2.815915e-22 
1.640000e-01 1.794360e-22 1.000495e-22 2.794855e-22 
1.660000e-01 1.777259e-22 9.893410e-23 2.766601e-22 
1.680000e-01 1.727114e-22 9.783879e-23 2.705502e-22 
1.700000e-01 1.745981e-22 9.675065e-23 2.713488e-22 
1.720000e-01 1.766930e-22 9.564618e-23 2.723392e-22 
1.740000e-01 1.776850e-22 9.453008e-23 2.722151e-22 
1.760000e-01 1.783256e-22 9.341283e-23 2.717384e-22 
1.780000e-01 1.788154e-22 9.229333e-23 2.711087e-22 
1.800000e-01 1.792130e-22 9.116810e-23 2.703811e-22 
1.820000e-01 1.795517e-22 9.003709e-23 2.695888e-22 
1.840000e-01 1.798645e-22 8.889953e-23 2.687641e-22 
1.860000e-01 1.801505e-22 8.776691e-23 2.679174e-22 
1.880000e-01 1.804322e-22 8.660584e-23 2.670381e-22 
1.900000e-01 1.807105e-22 8.544937e-23 2.661599e-22 
1.920000e-01 1.810391e-22 8.428633e-23 2.653254e-22 
1.940000e-01 1.815056e-22 8.313668e-23 2.646423e-22 
1.960000e-01 1.822267e-22 8.196209e-23 2.641888e-22 
1.980000e-01 1.839589e-22 8.079460e-23 2.647535e-22 
2.000000e-01 1.875386e-22 7.961758e-23 2.671562e-22 
2.020000e-01 1.849031e-22 7.845110e-23 2.633542e-22 
2.040000e-01 1.838556e-22 7.727579e-23 2.611314e-22 
2.060000e-01 1.831211e-22 7.605732e-23 2.591784e-22 
2.080000e-01 1.825296e-22 7.483947e-23 2.573691e-22 
2.100000e-01 1.819986e-22 7.360534e-23 2.556039e-22 
2.120000e-01 1.815099e-22 7.232436e-23 2.538343e-22 
2.140000e-01 1.810598e-22 7.102036e-23 2.520801e-22 
2.160000e-01 1.806276e-22 6.969610e-23 2.503237e-22 
2.180000e-01 1.801926e-22 6.831874e-23 2.485113e-22 
2.200000e-01 1.798102e-22 6.698137e-23 2.467916e-22 
2.220000e-01 1.794418e-22 6.563157e-23 2.450734e-22 
2.240000e-01 1.790442e-22 6.426609e-23 2.433103e-22 
2.260000e-01 1.786361e-22 6.285881e-23 2.414950e-22 
2.280000e-01 1.781888e-22 6.136753e-23 2.395563e-22 
2.300000e-01 1.777513e-22 5.987715e-23 2.376285e-22 
2.320000e-01 1.773217e-22 5.832588e-23 2.356476e-22 
2.340000e-01 1.768684e-22 5.671275e-23 2.335811e-22 
2.360000e-01 1.764184e-22 5.228572e-23 2.287041e-22 
2.380000e-01 1.759525e-22 5.335737e-23 2.293099e-22 
2.400000e-01 1.754652e-22 5.193298e-23 2.273981e-22 
2.420000e-01 1.749978e-22 5.079890e-23 2.257967e-22 
2.440000e-01 1.745095e-22 4.970091e-23 2.242104e-22 
2.460000e-01 1.740457e-22 4.826596e-23 2.223116e-22 
2.480000e-01 1.735875e-22 4.655785e-23 2.201454e-22 
2.500000e-01 1.731301e-22 4.453927e-23 2.176694e-22 
2.520000e-01 1.726723e-22 4.203681e-23 2.147092e-22 
2.540000e-01 1.721985e-22 3.923583e-23 2.114343e-22 
2.560000e-01 1.717338e-22 3.615012e-23 2.078839e-22 
2.580000e-01 1.712538e-22 3.260994e-23 2.038638e-22 
2.600000e-01 1.707777e-22 2.807952e-23 1.988572e-22 
2.620000e-01 1.702853e-22 2.257867e-23 1.928639e-22 
2.640000e-01 1.697883e-22 1.600205e-23 1.857904e-22 
2.660000e-01 1.693011e-22 9.704085e-24 1.790052e-22 
2.680000e-01 1.688002e-22 4.348701e-24 1.731489e-22 
2.700000e-01 1.683173e-22 9.197098e-25 1.692370e-22 
2.720000e-01 1.678209e-22 7.788771e-25 1.685998e-22 
2.740000e-01 1.673463e-22 4.762887e-24 1.721092e-22 
2.760000e-01 1.668768e-22 1.323167e-23 1.801085e-22 
2.780000e-01 1.664179e-22 1.935886e-23 1.857768e-22 
2.800000e-01 1.659485e-22 3.199087e-23 1.979393e-22 
2.820000e-01 1.654704e-22 3.725667e-23 2.027271e-22 
2.840000e-01 1.649655e-22 3.542477e-23 2.003903e-22 
2.860000e-01 1.644703e-22 3.361768e-23 1.980880e-22 
2.880000e-01 1.639483e-22 3.260369e-23 1.965520e-22 
2.900000e-01 1.634330e-22 3.235890e-23 1.957919e-22 
2.920000e-01 1.628885e-22 3.274626e-23 1.956348e-22 
2.940000e-01 1.623528e-22 3.367835e-23 1.960311e-22 
2.960000e-01 1.618014e-22 3.488501e-23 1.966864e-22 
2.980000e-01 1.612554e-22 3.634547e-23 1.976008e-22 
3.000000e-01 1.606981e-22 3.773168e-23 1.984297e-22 
3.020000e-01 1.601418e-22 3.884813e-23 1.989900e-22 
3.040000e-01 1.595620e-22 3.970991e-23 1.992720e-22 
3.060000e-01 1.589923e-22 4.043191e-23 1.994242e-22 
3.080000e-01 1.584023e-22 4.115071e-23 1.995530e-22 
3.100000e-01 1.578200e-22 4.165061e-23 1.994706e-22 
3.120000e-01 1.572186e-22 4.209302e-23 1.993116e-22 
3.140000e-01 1.566178e-22 4.233021e-23 1.989480e-22 
3.160000e-01 1.560050e-22 4.242721e-23 1.984322e-22 
3.180000e-01 1.553904e-22 4.235111e-23 1.977415e-22 
3.200000e-01 1.547742e-22 4.236854e-23 1.971428e-22 
3.220000e-01 1.541495e-22 4.244872e-23 1.965983e-22 
3.240000e-01 1.535292e-22 4.269062e-23 1.962199e-22 
3.260000e-01 1.528914e-22 4.297940e-23 1.958708e-22 
3.280000e-01 1.522628e-22 4.322626e-23 1.954891e-22 
3.300000e-01 1.516232e-22 4.347950e-23 1.951027e-22 
3.320000e-01 1.509972e-22 4.369401e-23 1.946912e-22 
3.340000e-01 1.503773e-22 4.390934e-23 1.942867e-22 
3.360000e-01 1.497595e-22 4.407871e-23 1.938382e-22 
3.380000e-01 1.491389e-22 4.424329e-23 1.933822e-22 
3.400000e-01 1.485097e-22 4.437776e-23 1.928875e-22 
3.420000e-01 1.478814e-22 4.452065e-23 1.924021e-22 
3.440000e-01 1.472291e-22 4.467766e-23 1.919067e-22 
3.460000e-01 1.465915e-22 4.483249e-23 1.914240e-22 
3.480000e-01 1.459301e-22 4.497127e-23 1.909013e-22 
3.500000e-01 1.452620e-22 4.510604e-23 1.903681e-22 
3.520000e-01 1.445962e-22 4.521828e-23 1.898145e-22 
3.540000e-01 1.439079e-22 4.533080e-23 1.892387e-22 
3.560000e-01 1.432362e-22 4.543128e-23 1.886675e-22 
3.580000e-01 1.425498e-22 4.553062e-23 1.880804e-22 
3.600000e-01 1.418675e-22 4.560745e-23 1.874750e-22 
3.620000e-01 1.411841e-22 4.568650e-23 1.868706e-22 
3.640000e-01 1.404954e-22 4.576393e-23 1.862593e-22 
3.660000e-01 1.398123e-22 4.584471e-23 1.856571e-22 
3.680000e-01 1.391185e-22 4.590755e-23 1.850260e-22 
3.700000e-01 1.384246e-22 4.597438e-23 1.843990e-22 
3.720000e-01 1.377264e-22 4.603536e-23 1.837617e-22 
3.740000e-01 1.370127e-22 4.609936e-23 1.831121e-22 
3.760000e-01 1.363023e-22 4.614554e-23 1.824479e-22 
3.780000e-01 1.355739e-22 4.618875e-23 1.817626e-22 
3.800000e-01 1.348326e-22 4.621660e-23 1.810492e-22 
3.820000e-01 1.340959e-22 4.623743e-23 1.803333e-22 
3.840000e-01 1.333289e-22 4.625760e-23 1.795865e-22 
3.860000e-01 1.325767e-22 4.628026e-23 1.788570e-22 
3.880000e-01 1.318238e-22 4.629907e-23 1.781229e-22 
3.900000e-01 1.310611e-22 4.631442e-23 1.773755e-22 
3.920000e-01 1.303032e-22 4.633264e-23 1.766358e-22 
3.940000e-01 1.295402e-22 4.634923e-23 1.758895e-22 
3.960000e-01 1.287845e-22 4.635841e-23 1.751429e-22 
3.980000e-01 1.280356e-22 4.637066e-23 1.744063e-22 
4.000000e-01 1.272788e-22 4.637906e-23 1.736579e-22 
4.020000e-01 1.265282e-22 4.638109e-23 1.729093e-22 
4.040000e-01 1.257748e-22 4.636989e-23 1.721447e-22 
4.060000e-01 1.250086e-22 4.636152e-23 1.713701e-22 
4.080000e-01 1.242449e-22 4.635220e-23 1.705971e-22 
4.100000e-01 1.234745e-22 4.634567e-23 1.698202e-22 
4.120000e-01 1.226982e-22 4.633418e-23 1.690324e-22 
4.140000e-01 1.219313e-22 4.632258e-23 1.682538e-22 
4.160000e-01 1.211563e-22 4.631184e-23 1.674682e-22 
4.180000e-01 1.203677e-22 4.629986e-23 1.666676e-22 
4.200000e-01 1.195982e-22 4.628947e-23 1.658877e-22 
4.220000e-01 1.188090e-22 4.627381e-23 1.650828e-22 
4.240000e-01 1.180180e-22 4.626020e-23 1.642782e-22 
4.260000e-01 1.172314e-22 4.624159e-23 1.634730e-22 
4.280000e-01 1.164398e-22 4.622140e-23 1.626612e-22 
4.300000e-01 1.156487e-22 4.550193e-23 1.611507e-22 
4.320000e-01 1.148607e-22 4.548262e-23 1.603433e-22 
4.340000e-01 1.140597e-22 4.546547e-23 1.595252e-22 
4.360000e-01 1.132602e-22 4.544967e-23 1.587099e-22 
4.380000e-01 1.124548e-22 4.543786e-23 1.578927e-22 
4.400000e-01 1.116445e-22 4.542477e-23 1.570692e-22 
4.420000e-01 1.108377e-22 4.539573e-23 1.562335e-22 
4.440000e-01 1.100356e-22 4.536969e-23 1.554053e-22 
4.460000e-01 1.092215e-22 4.534155e-23 1.545630e-22 
4.480000e-01 1.084019e-22 4.531414e-23 1.537160e-22 
4.500000e-01 1.075918e-22 4.528926e-23 1.528811e-22 
4.520000e-01 1.067711e-22 4.522967e-23 1.520007e-22 
4.540000e-01 1.059435e-22 4.517952e-23 1.511230e-22 
4.560000e-01 1.051195e-22 4.513315e-23 1.502527e-22 
4.580000e-01 1.042935e-22 4.508348e-23 1.493769e-22 
4.600000e-01 1.034551e-22 4.503608e-23 1.484911e-22 
4.620000e-01 1.026268e-22 4.498856e-23 1.476154e-22 
4.640000e-01 1.017908e-22 4.494023e-23 1.467310e-22 
4.660000e-01 1.009434e-22 4.489026e-23 1.458337e-22 
4.680000e-01 1.000985e-22 4.484319e-23 1.449417e-22 
4.700000e-01 9.925105e-23 4.479628e-23 1.440473e-22 
4.720000e-01 9.838623e-23 4.474723e-23 1.431335e-22 
4.740000e-01 9.751957e-23 4.468545e-23 1.422050e-22 
4.760000e-01 9.664920e-23 4.462472e-23 1.412739e-22 
4.780000e-01 9.577338e-23 4.456113e-23 1.403345e-22 
4.800000e-01 9.488707e-23 4.449592e-23 1.393830e-22 
4.820000e-01 9.399484e-23 4.442676e-23 1.384216e-22 
4.840000e-01 9.309600e-23 4.435999e-23 1.374560e-22 
4.860000e-01 9.218203e-23 4.428993e-23 1.364720e-22 
4.880000e-01 9.125925e-23 4.422238e-23 1.354816e-22 
4.900000e-01 9.032566e-23 4.414443e-23 1.344701e-22 
4.920000e-01 8.938512e-23 4.406536e-23 1.334505e-22 
4.940000e-01 8.842675e-23 4.398724e-23 1.324140e-22 
4.960000e-01 8.746409e-23 4.390496e-23 1.313691e-22 
4.980000e-01 8.647851e-23 4.382456e-23 1.303031e-22 
5.000000e-01 8.547024e-23 4.374209e-23 1.292123e-22 
5.020000e-01 8.445227e-23 4.366714e-23 1.281194e-22 
5.040000e-01 8.341237e-23 4.359024e-23 1.270026e-22 
5.060000e-01 8.234807e-23 4.351316e-23 1.258612e-22 
5.080000e-01 8.125652e-23 4.343696e-23 1.246935e-22 
5.100000e-01 8.013849e-23 4.336112e-23 1.234996e-22 
5.120000e-01 7.898145e-23 4.328526e-23 1.222667e-22 
5.140000e-01 7.779512e-23 4.320843e-23 1.210035e-22 
5.160000e-01 7.656532e-23 4.313596e-23 1.197013e-22 
5.180000e-01 7.528637e-23 4.306244e-23 1.183488e-22 
5.200000e-01 7.393649e-23 4.298999e-23 1.169265e-22 
5.220000e-01 7.251000e-23 4.291809e-23 1.154281e-22 
5.240000e-01 7.101415e-23 4.284171e-23 1.138559e-22 
5.260000e-01 6.763431e-23 4.276220e-23 1.103965e-22 
5.280000e-01 6.769139e-23 4.268128e-23 1.103727e-22 
5.300000e-01 6.581591e-23 4.260107e-23 1.084170e-22 
5.320000e-01 6.374863e-23 4.252201e-23 1.062706e-22 
5.340000e-01 6.132136e-23 4.243936e-23 1.037607e-22 
5.360000e-01 5.840285e-23 4.235246e-23 1.007553e-22 
5.380000e-01 5.442392e-23 4.225678e-23 9.668070e-23 
5.400000e-01 4.878429e-23 4.216302e-23 9.094731e-23 
5.420000e-01 4.249784e-23 4.207328e-23 8.457112e-23 
5.440000e-01 3.848858e-23 4.199108e-23 8.047965e-23 
5.460000e-01 3.916296e-23 4.190998e-23 8.107294e-23 
5.480000e-01 4.333093e-23 4.182591e-23 8.515684e-23 
5.500000e-01 4.774143e-23 4.173233e-23 8.947376e-23 
5.520000e-01 5.113335e-23 4.163920e-23 9.277256e-23 
5.540000e-01 5.318198e-23 4.154871e-23 9.473070e-23 
5.560000e-01 5.471216e-23 4.146631e-23 9.617847e-23 
5.580000e-01 5.587518e-23 4.138210e-23 9.725727e-23 
5.600000e-01 5.684413e-23 4.130140e-23 9.814552e-23 
5.620000e-01 5.766576e-23 4.121272e-23 9.887848e-23 
5.640000e-01 5.836254e-23 4.112338e-23 9.948591e-23 
5.660000e-01 5.896045e-23 4.103445e-23 9.999490e-23 
5.680000e-01 5.946500e-23 4.094355e-23 1.004085e-22 
5.700000e-01 5.989498e-23 4.085239e-23 1.007474e-22 
5.720000e-01 6.026000e-23 4.075906e-23 1.010191e-22 
5.740000e-01 6.058097e-23 4.066661e-23 1.012476e-22 
5.760000e-01 6.086827e-23 4.057220e-23 1.014405e-22 
5.780000e-01 6.110129e-23 4.048180e-23 1.015831e-22 
5.800000e-01 6.129356e-23 4.038876e-23 1.016823e-22 
5.820000e-01 6.146059e-23 4.029916e-23 1.017598e-22 
5.840000e-01 6.158919e-23 4.020933e-23 1.017985e-22 
5.860000e-01 6.170673e-23 4.012241e-23 1.018291e-22 
5.880000e-01 6.178245e-23 4.003006e-23 1.018125e-22 
5.900000e-01 6.184470e-23 3.993987e-23 1.017846e-22 
5.920000e-01 6.188833e-23 3.984732e-23 1.017357e-22 
5.940000e-01 6.191349e-23 3.975235e-23 1.016658e-22 
5.960000e-01 6.191680e-23 3.966210e-23 1.015789e-22 
5.980000e-01 6.189787e-23 3.956817e-23 1.014660e-22 
6.000000e-01 6.187408e-23 3.947318e-23 1.013473e-22 
6.020000e-01 6.183201e-23 3.936965e-23 1.012017e-22 
6.040000e-01 6.177293e-23 3.926442e-23 1.010374e-22 
6.060000e-01 6.169928e-23 3.915770e-23 1.008570e-22 
6.080000e-01 6.161581e-23 3.906315e-23 1.006790e-22 
6.100000e-01 6.152592e-23 3.898328e-23 1.005092e-22 
6.120000e-01 6.142376e-23 3.889801e-23 1.003218e-22 
6.140000e-01 6.129448e-23 3.881575e-23 1.001102e-22 
6.160000e-01 6.116948e-23 3.796825e-23 9.913773e-23 
6.180000e-01 6.103111e-23 3.861869e-23 9.964980e-23 
6.200000e-01 6.088556e-23 3.851956e-23 9.940512e-23 
6.220000e-01 6.072625e-23 3.842200e-23 9.914824e-23 
6.240000e-01 6.055594e-23 3.832827e-23 9.888421e-23 
6.260000e-01 6.038571e-23 3.823608e-23 9.862179e-23 
6.280000e-01 6.020246e-23 3.814334e-23 9.834579e-23 
6.300000e-01 6.000702e-23 3.800648e-23 9.801350e-23 
6.320000e-01 5.980447e-23 3.790131e-23 9.770578e-23 
6.340000e-01 5.959508e-23 3.779821e-23 9.739329e-23 
6.360000e-01 5.937506e-23 3.769606e-23 9.707112e-23 
6.380000e-01 5.914759e-23 3.760263e-23 9.675022e-23 
6.400000e-01 5.890830e-23 3.750256e-23 9.641086e-23 
6.420000e-01 5.865435e-23 3.740268e-23 9.605703e-23 
6.440000e-01 5.840133e-23 3.731056e-23 9.571189e-23 
6.460000e-01 5.813591e-23 3.722613e-23 9.536204e-23 
6.480000e-01 5.785802e-23 3.713910e-23 9.499712e-23 
6.500000e-01 5.756473e-23 3.706012e-23 9.462484e-23 
6.520000e-01 5.726035e-23 3.695822e-23 9.421857e-23 
6.540000e-01 5.694869e-23 3.685005e-23 9.379874e-23 
6.560000e-01 5.661712e-23 3.674268e-23 9.335980e-23 
6.580000e-01 5.627348e-23 3.663439e-23 9.290787e-23 
6.600000e-01 5.591646e-23 3.653994e-23 9.245640e-23 
6.620000e-01 5.554185e-23 3.644200e-23 9.198384e-23 
6.640000e-01 5.515833e-23 3.634751e-23 9.150584e-23 
6.660000e-01 5.474892e-23 3.625073e-23 9.099965e-23 
6.680000e-01 5.432459e-23 3.615186e-23 9.047646e-23 
6.700000e-01 5.388064e-23 3.605009e-23 8.993073e-23 
6.720000e-01 5.342609e-23 3.594751e-23 8.937361e-23 
6.740000e-01 5.294700e-23 3.584641e-23 8.879341e-23 
6.760000e-01 5.239595e-23 3.575114e-23 8.814709e-23 
6.780000e-01 5.186692e-23 3.565855e-23 8.752547e-23 
6.800000e-01 5.131802e-23 3.556453e-23 8.688255e-23 
6.820000e-01 5.072214e-23 3.546672e-23 8.618886e-23 
6.840000e-01 5.009569e-23 3.537336e-23 8.546905e-23 
6.860000e-01 4.942623e-23 3.528019e-23 8.470642e-23 
6.880000e-01 4.869766e-23 3.518464e-23 8.388231e-23 
6.900000e-01 4.791946e-23 3.508606e-23 8.300552e-23 
6.920000e-01 4.705052e-23 3.499035e-23 8.204086e-23 
6.940000e-01 4.606126e-23 3.489274e-23 8.095400e-23 
6.960000e-01 4.497339e-23 3.479942e-23 7.977281e-23 
6.980000e-01 4.363702e-23 3.469771e-23 7.833472e-23 
7.000000e-01 4.176430e-23 3.460055e-23 7.636485e-23 
7.020000e-01 3.954406e-23 3.449865e-23 7.404271e-23 
7.040000e-01 3.682664e-23 3.440261e-23 7.122925e-23 
7.060000e-01 3.499808e-23 3.430047e-23 6.929855e-23 
7.080000e-01 3.400438e-23 3.420616e-23 6.821054e-23 
7.100000e-01 3.506587e-23 3.410375e-23 6.916963e-23 
7.120000e-01 3.681105e-23 3.400612e-23 7.081716e-23 
7.140000e-01 3.928280e-23 3.390696e-23 7.318976e-23 
7.160000e-01 4.129519e-23 3.381238e-23 7.510757e-23 
7.180000e-01 4.300189e-23 3.371510e-23 7.671698e-23 
7.200000e-01 4.404323e-23 3.361875e-23 7.766199e-23 
7.220000e-01 4.486212e-23 3.352358e-23 7.838570e-23 
7.240000e-01 4.557270e-23 3.343190e-23 7.900461e-23 
7.260000e-01 4.613861e-23 3.333813e-23 7.947674e-23 
7.280000e-01 4.664579e-23 3.324916e-23 7.989496e-23 
7.300000e-01 4.710506e-23 3.314978e-23 8.025484e-23 
7.320000e-01 4.747434e-23 3.305393e-23 8.052826e-23 
7.340000e-01 4.782265e-23 3.295288e-23 8.077554e-23 
7.360000e-01 4.812512e-23 3.285458e-23 8.097970e-23 
7.380000e-01 4.840081e-23 3.275348e-23 8.115429e-23 
7.400000e-01 4.865470e-23 3.265322e-23 8.130791e-23 
7.420000e-01 4.887155e-23 3.255285e-23 8.142440e-23 
7.440000e-01 4.906747e-23 3.245746e-23 8.152493e-23 
7.460000e-01 4.924414e-23 3.235556e-23 8.159971e-23 
7.480000e-01 4.940807e-23 3.226153e-23 8.166960e-23 
7.500000e-01 4.955463e-23 3.216758e-23 8.172221e-23 
7.520000e-01 4.968573e-23 3.207775e-23 8.176348e-23 
7.540000e-01 4.979822e-23 3.198125e-23 8.177947e-23 
7.560000e-01 4.989659e-23 3.188655e-23 8.178314e-23 
7.580000e-01 4.998619e-23 3.179689e-23 8.178308e-23 
7.600000e-01 5.006996e-23 3.170457e-23 8.177453e-23 
7.620000e-01 5.013767e-23 3.161556e-23 8.175324e-23 
7.640000e-01 5.019974e-23 3.152373e-23 8.172348e-23 
7.660000e-01 5.024823e-23 3.143471e-23 8.168294e-23 
7.680000e-01 5.028949e-23 3.135074e-23 8.164023e-23 
7.700000e-01 5.032511e-23 3.126085e-23 8.158595e-23 
7.720000e-01 5.035247e-23 3.117439e-23 8.152685e-23 
7.740000e-01 5.036949e-23 3.108194e-23 8.145142e-23 
7.760000e-01 5.037866e-23 3.098244e-23 8.136110e-23 
7.780000e-01 5.038072e-23 3.088848e-23 8.126920e-23 
7.800000e-01 5.037660e-23 3.079275e-23 8.116935e-23 
7.820000e-01 5.036406e-23 3.069035e-23 8.105441e-23 
7.840000e-01 5.034709e-23 3.060244e-23 8.094953e-23 
7.860000e-01 5.031337e-23 3.051036e-23 8.082372e-23 
7.880000e-01 5.027798e-23 3.041831e-23 8.069629e-23 
7.900000e-01 5.021984e-23 3.032700e-23 8.054684e-23 
7.920000e-01 5.016716e-23 3.023386e-23 8.040101e-23 
7.940000e-01 5.010735e-23 3.014741e-23 8.025475e-23 
7.960000e-01 5.001580e-23 3.006089e-23 8.007668e-23 
7.980000e-01 4.992490e-23 2.997046e-23 7.989536e-23 
8.000000e-01 4.983271e-23 2.988170e-23 7.971441e-23 
8.020000e-01 4.975181e-23 2.979619e-23 7.954800e-23 
8.040000e-01 4.968111e-23 2.971329e-23 7.939440e-23 
8.060000e-01 4.961547e-23 2.962325e-23 7.923872e-23 
8.080000e-01 4.955100e-23 2.953373e-23 7.908472e-23 
8.100000e-01 4.948074e-23 2.944575e-23 7.892649e-23 
8.120000e-01 4.941704e-23 2.935452e-23 7.877155e-23 
8.140000e-01 4.936340e-23 2.925384e-23 7.861724e-23 
8.160000e-01 4.930588e-23 2.916132e-23 7.846720e-23 
8.180000e-01 4.924901e-23 2.906523e-23 7.831424e-23 
8.200000e-01 4.918967e-23 2.897878e-23 7.816845e-23 
8.220000e-01 4.913601e-23 2.889665e-23 7.803266e-23 
8.240000e-01 4.907702e-23 2.881511e-23 7.789212e-23 
8.260000e-01 4.902675e-23 2.873915e-23 7.776590e-23 
8.280000e-01 4.897416e-23 2.865660e-23 7.763075e-23 
8.300000e-01 4.891923e-23 2.857150e-23 7.749073e-23 
8.320000e-01 4.887022e-23 2.848359e-23 7.735380e-23 
8.340000e-01 4.881896e-23 2.839518e-23 7.721413e-23 
8.360000e-01 4.877115e-23 2.830562e-23 7.707677e-23 
8.380000e-01 4.872639e-23 2.821553e-23 7.694191e-23 
8.400000e-01 4.868193e-23 2.812703e-23 7.680896e-23 
8.420000e-01 4.864225e-23 2.805080e-23 7.669305e-23 
8.440000e-01 4.860466e-23 2.796263e-23 7.656729e-23 
8.460000e-01 4.856314e-23 2.787833e-23 7.644148e-23 
8.480000e-01 4.852830e-23 2.779134e-23 7.631964e-23 
8.500000e-01 4.849742e-23 2.771146e-23 7.620889e-23 
8.520000e-01 4.846719e-23 2.762914e-23 7.609633e-23 
8.540000e-01 4.843921e-23 2.754793e-23 7.598714e-23 
8.560000e-01 4.841345e-23 2.746802e-23 7.588147e-23 
8.580000e-01 4.838561e-23 2.738657e-23 7.577219e-23 
8.600000e-01 4.835860e-23 2.729483e-23 7.565343e-23 
8.620000e-01 4.829682e-23 2.721894e-23 7.551577e-23 
8.640000e-01 4.829958e-23 2.711750e-23 7.541709e-23 
8.660000e-01 4.826124e-23 2.702860e-23 7.528984e-23 
8.680000e-01 4.823289e-23 2.694341e-23 7.517630e-23 
8.700000e-01 4.819980e-23 2.685505e-23 7.505485e-23 
8.720000e-01 4.815331e-23 2.676673e-23 7.492004e-23 
8.740000e-01 4.811037e-23 2.668629e-23 7.479666e-23 
8.760000e-01 4.805416e-23 2.659738e-23 7.465154e-23 
8.780000e-01 4.799498e-23 2.651265e-23 7.450763e-23 
8.800000e-01 4.793370e-23 2.644000e-23 7.437371e-23 
8.820000e-01 4.786881e-23 2.636767e-23 7.423648e-23 
8.840000e-01 4.781074e-23 2.629783e-23 7.410857e-23 
8.860000e-01 4.774877e-23 2.622071e-23 7.396949e-23 
8.880000e-01 4.767954e-23 2.576056e-23 7.344010e-23 
8.900000e-01 4.761035e-23 2.606897e-23 7.367932e-23 
8.920000e-01 4.753489e-23 2.599142e-23 7.352632e-23 
8.940000e-01 4.746033e-23 2.591040e-23 7.337073e-23 
8.960000e-01 4.739064e-23 2.583322e-23 7.322386e-23 
8.980000e-01 4.732131e-23 2.575485e-23 7.307615e-23 
9.000000e-01 4.724379e-23 2.567079e-23 7.291458e-23 
9.020000e-01 4.716767e-23 2.558135e-23 7.274903e-23 
9.040000e-01 4.708661e-23 2.549461e-23 7.258122e-23 
9.060000e-01 4.700539e-23 2.541170e-23 7.241710e-23 
9.080000e-01 4.693147e-23 2.532043e-23 7.225191e-23 
9.100000e-01 4.684641e-23 2.524733e-23 7.209375e-23 
9.120000e-01 4.676843e-23 2.517477e-23 7.194320e-23 
9.140000e-01 4.668225e-23 2.509889e-23 7.178113e-23 
9.160000e-01 4.659555e-23 2.502558e-23 7.162113e-23 
9.180000e-01 4.651244e-23 2.495515e-23 7.146758e-23 
9.200000e-01 4.642086e-23 2.487710e-23 7.129796e-23 
9.220000e-01 4.633759e-23 2.479262e-23 7.113021e-23 
9.240000e-01 4.625380e-23 2.471185e-23 7.096565e-23 
9.260000e-01 4.617009e-23 2.463256e-23 7.080265e-23 
9.280000e-01 4.608398e-23 2.455054e-23 7.063452e-23 
9.300000e-01 4.599111e-23 2.447173e-23 7.046284e-23 
9.320000e-01 4.590063e-23 2.440403e-23 7.030466e-23 
9.340000e-01 4.580860e-23 2.434252e-23 7.015112e-23 
9.360000e-01 4.571546e-23 2.427533e-23 6.999079e-23 
9.380000e-01 4.562887e-23 2.420224e-23 6.983111e-23 
9.400000e-01 4.553142e-23 2.413461e-23 6.966603e-23 
9.420000e-01 4.544510e-23 2.406440e-23 6.950949e-23 
9.440000e-01 4.534722e-23 2.399054e-23 6.933776e-23 
9.460000e-01 4.525324e-23 2.391436e-23 6.916760e-23 
9.480000e-01 4.515635e-23 2.384077e-23 6.899712e-23 
9.500000e-01 4.506869e-23 2.376738e-23 6.883607e-23 
9.520000e-01 4.497009e-23 2.369033e-23 6.866042e-23 
9.540000e-01 4.487128e-23 2.362145e-23 6.849273e-23 
9.560000e-01 4.473876e-23 2.355294e-23 6.829171e-23 
9.580000e-01 4.463876e-23 2.347878e-23 6.811754e-23 
9.600000e-01 4.454779e-23 2.340721e-23 6.795499e-23 
9.620000e-01 4.445149e-23 2.333572e-23 6.778721e-23 
9.640000e-01 4.434382e-23 2.325151e-23 6.759533e-23 
9.660000e-01 4.424871e-23 2.317156e-23 6.742028e-23 
9.680000e-01 4.415019e-23 2.309182e-23 6.724202e-23 
9.700000e-01 4.405135e-23 2.300820e-23 6.705955e-23 
9.720000e-01 4.395154e-23 2.292941e-23 6.688094e-23 
9.740000e-01 4.343239e-23 2.285663e-23 6.628902e-23 
9.760000e-01 4.375616e-23 2.278913e-23 6.654529e-23 
9.780000e-01 4.366030e-23 2.272099e-23 6.638129e-23 
9.800000e-01 4.355785e-23 2.265470e-23 6.621256e-23 
9.820000e-01 4.345792e-23 2.258697e-23 6.604489e-23 
9.840000e-01 4.335113e-23 2.251640e-23 6.586752e-23 
9.860000e-01 4.325265e-23 2.244561e-23 6.569826e-23 
9.880000e-01 4.315544e-23 2.236713e-23 6.552256e-23 
9.900000e-01 4.305245e-23 2.229572e-23 6.534817e-23 
9.920000e-01 4.294981e-23 2.221779e-23 6.516761e-23 
9.940000e-01 4.285690e-23 2.214376e-23 6.500066e-23 
9.960000e-01 4.274987e-23 2.207553e-23 6.482540e-23 
9.980000e-01 4.265391e-23 2.203391e-23 6.468781e-23 
1.000000e+00 4.255196e-23 2.199106e-23 6.454302e-23 
1.002000e+00 4.245199e-23 2.193125e-23 6.438324e-23 
1.004000e+00 4.235532e-23 2.186913e-23 6.422445e-23 
1.006000e+00 4.225332e-23 2.180896e-23 6.406228e-23 
1.008000e+00 4.215428e-23 2.174597e-23 6.390025e-23 
1.010000e+00 4.205319e-23 2.168920e-23 6.374239e-23 
1.012000e+00 4.195086e-23 2.162322e-23 6.357408e-23 
1.014000e+00 4.184887e-23 2.156094e-23 6.340981e-23 
1.016000e+00 4.174567e-23 2.150151e-23 6.324718e-23 
1.018000e+00 4.164781e-23 2.143484e-23 6.308264e-23 
1.020000e+00 4.154646e-23 2.137353e-23 6.291999e-23 
1.022000e+00 4.144635e-23 2.131062e-23 6.275697e-23 
1.024000e+00 4.134173e-23 2.124603e-23 6.258776e-23 
1.026000e+00 4.123945e-23 2.118890e-23 6.242834e-23 
1.028000e+00 4.114223e-23 2.113343e-23 6.227565e-23 
1.030000e+00 4.103538e-23 2.107270e-23 6.210808e-23 
1.032000e+00 4.093440e-23 2.101367e-23 6.194807e-23 
1.034000e+00 4.083387e-23 2.095253e-23 6.178640e-23 
1.036000e+00 4.073601e-23 2.089359e-23 6.162961e-23 
1.038000e+00 4.063180e-23 2.083061e-23 6.146241e-23 
1.040000e+00 4.052564e-23 2.077469e-23 6.130033e-23 
1.042000e+00 4.042945e-23 2.071156e-23 6.114100e-23 
1.044000e+00 4.032470e-23 2.065155e-23 6.097624e-23 
1.046000e+00 4.022409e-23 2.059343e-23 6.081752e-23 
1.048000e+00 4.012693e-23 2.053117e-23 6.065810e-23 
1.050000e+00 4.002461e-23 2.047540e-23 6.050002e-23 
1.052000e+00 3.992150e-23 2.041646e-23 6.033796e-23 
1.054000e+00 3.981903e-23 2.036037e-23 6.017941e-23 
1.056000e+00 3.706655e-23 2.030848e-23 5.737503e-23 
1.058000e+00 3.961677e-23 2.024850e-23 5.986526e-23 
1.060000e+00 3.952149e-23 2.018945e-23 5.971094e-23 
1.062000e+00 3.941284e-23 2.013394e-23 5.954678e-23 
1.064000e+00 3.931591e-23 2.007643e-23 5.939235e-23 
1.066000e+00 3.921303e-23 2.001927e-23 5.923229e-23 
1.068000e+00 3.911125e-23 1.995791e-23 5.906916e-23 
1.070000e+00 3.900427e-23 1.990287e-23 5.890714e-23 
1.072000e+00 3.891022e-23 1.984715e-23 5.875736e-23 
1.074000e+00 3.880332e-23 1.979016e-23 5.859348e-23 
1.076000e+00 3.870355e-23 1.973572e-23 5.843927e-23 
1.078000e+00 3.860226e-23 1.968048e-23 5.828274e-23 
1.080000e+00 3.850390e-23 1.962481e-23 5.812871e-23 
1.082000e+00 3.840414e-23 1.957386e-23 5.797800e-23 
1.084000e+00 3.829268e-23 1.951949e-23 5.781218e-23 
1.086000e+00 3.820025e-23 1.946531e-23 5.766556e-23 
1.088000e+00 3.809273e-23 1.941394e-23 5.750668e-23 
1.090000e+00 3.799481e-23 1.935360e-23 5.734841e-23 
1.092000e+00 3.789888e-23 1.929681e-23 5.719569e-23 
1.094000e+00 3.778974e-23 1.924386e-23 5.703360e-23 
1.096000e+00 3.768840e-23 1.918970e-23 5.687811e-23 
1.098000e+00 3.758894e-23 1.913277e-23 5.672171e-23 
1.100000e+00 3.748891e-23 1.908201e-23 5.657091e-23 
1.102000e+00 3.739174e-23 1.902912e-23 5.642087e-23 
1.104000e+00 3.728805e-23 1.897465e-23 5.626270e-23 
1.106000e+00 3.719145e-23 1.892473e-23 5.611618e-23 
1.108000e+00 3.708683e-23 1.887130e-23 5.595813e-23 
1.110000e+00 3.698953e-23 1.882215e-23 5.581169e-23 
1.112000e+00 3.688472e-23 1.876112e-23 5.564584e-23 
1.114000e+00 3.678531e-23 1.871076e-23 5.549608e-23 
1.116000e+00 3.668605e-23 1.865614e-23 5.534220e-23 
1.118000e+00 3.658305e-23 1.860341e-23 5.518646e-23 
1.120000e+00 3.647813e-23 1.854822e-23 5.502635e-23 
1.122000e+00 3.638651e-23 1.849227e-23 5.487878e-23 
1.124000e+00 3.627894e-23 1.844642e-23 5.472536e-23 
1.126000e+00 3.618206e-23 1.839661e-23 5.457867e-23 
1.128000e+00 3.607871e-23 1.834762e-23 5.442633e-23 
1.130000e+00 3.597618e-23 1.829913e-23 5.427531e-23 
1.132000e+00 3.587906e-23 1.824445e-23 5.412351e-23 
1.134000e+00 3.577949e-23 1.819732e-23 5.397681e-23 
1.136000e+00 3.568771e-23 1.814521e-23 5.383292e-23 
1.138000e+00 3.559179e-23 1.809851e-23 5.369030e-23 
1.140000e+00 3.548854e-23 1.804353e-23 5.353208e-23 
1.142000e+00 3.538367e-23 1.799121e-23 5.337488e-23 
1.144000e+00 3.528737e-23 1.793947e-23 5.322684e-23 
1.146000e+00 3.518095e-23 1.788964e-23 5.307059e-23 
1.148000e+00 3.508268e-23 1.784167e-23 5.292435e-23 
1.150000e+00 3.498545e-23 1.779056e-23 5.277600e-23 
1.152000e+00 3.489380e-23 1.774533e-23 5.263913e-23 
1.154000e+00 3.479267e-23 1.769729e-23 5.248996e-23 
1.156000e+00 3.469861e-23 1.765072e-23 5.234933e-23 
1.158000e+00 3.459389e-23 1.759886e-23 5.219275e-23 
1.160000e+00 3.450076e-23 1.754871e-23 5.204947e-23 
1.162000e+00 3.440042e-23 1.749795e-23 5.189838e-23 
1.164000e+00 3.429986e-23 1.745330e-23 5.175315e-23 
1.166000e+00 3.419518e-23 1.740324e-23 5.159843e-23 
1.168000e+00 3.409768e-23 1.735471e-23 5.145238e-23 
1.170000e+00 3.399947e-23 1.730556e-23 5.130504e-23 
1.172000e+00 3.390349e-23 1.725552e-23 5.115901e-23 
1.174000e+00 3.381229e-23 1.720475e-23 5.101705e-23 
1.176000e+00 3.371042e-23 1.716166e-23 5.087209e-23 
1.178000e+00 3.360790e-23 1.711521e-23 5.072311e-23 
1.180000e+00 3.351754e-23 1.706434e-23 5.058188e-23 
1.182000e+00 3.341371e-23 1.702421e-23 5.043792e-23 
1.184000e+00 3.330790e-23 1.697536e-23 5.028326e-23 
1.186000e+00 3.321043e-23 1.693016e-23 5.014059e-23 
1.188000e+00 3.311612e-23 1.688415e-23 5.000027e-23 
1.190000e+00 3.301371e-23 1.683894e-23 4.985265e-23 
1.192000e+00 3.291839e-23 1.679040e-23 4.970879e-23 
1.194000e+00 3.282085e-23 1.674625e-23 4.956710e-23 
1.196000e+00 3.272064e-23 1.669994e-23 4.942058e-23 
1.198000e+00 3.262745e-23 1.665333e-23 4.928077e-23 
1.200000e+00 3.252650e-23 1.660448e-23 4.913099e-23 
1.202000e+00 3.241246e-23 1.656081e-23 4.897328e-23 
1.204000e+00 3.231298e-23 1.651420e-23 4.882717e-23 
1.206000e+00 3.221917e-23 1.647683e-23 4.869600e-23 
1.208000e+00 3.211981e-23 1.642782e-23 4.854763e-23 
1.210000e+00 3.201799e-23 1.638709e-23 4.840509e-23 
1.212000e+00 3.006685e-23 1.633854e-23 4.640539e-23 
1.214000e+00 3.182302e-23 1.629763e-23 4.812065e-23 
1.216000e+00 3.172733e-23 1.625699e-23 4.798433e-23 
1.218000e+00 3.162602e-23 1.620968e-23 4.783570e-23 
1.220000e+00 3.152406e-23 1.616549e-23 4.768956e-23 
1.222000e+00 3.142121e-23 1.612082e-23 4.754203e-23 
1.224000e+00 3.132275e-23 1.607788e-23 4.740064e-23 
1.226000e+00 3.122010e-23 1.603647e-23 4.725657e-23 
1.228000e+00 3.112252e-23 1.598977e-23 4.711229e-23 
1.230000e+00 3.102383e-23 1.594354e-23 4.696737e-23 
1.232000e+00 3.092313e-23 1.590080e-23 4.682393e-23 
1.234000e+00 3.082031e-23 1.586789e-23 4.668820e-23 
1.236000e+00 3.071380e-23 1.582483e-23 4.653863e-23 
1.238000e+00 3.061252e-23 1.577616e-23 4.638868e-23 
1.240000e+00 3.050375e-23 1.573559e-23 4.623934e-23 
1.242000e+00 3.040986e-23 1.569402e-23 4.610389e-23 
1.244000e+00 3.030664e-23 1.565261e-23 4.595925e-23 
1.246000e+00 3.018819e-23 1.561138e-23 4.579957e-23 
1.248000e+00 3.008008e-23 1.557109e-23 4.565117e-23 
1.250000e+00 2.997672e-23 1.553102e-23 4.550774e-23 
1.252000e+00 2.987090e-23 1.548833e-23 4.535924e-23 
1.254000e+00 2.975996e-23 1.544640e-23 4.520637e-23 
1.256000e+00 2.964601e-23 1.540218e-23 4.504819e-23 
1.258000e+00 2.953835e-23 1.537287e-23 4.491123e-23 
1.260000e+00 2.942080e-23 1.532919e-23 4.474999e-23 
1.262000e+00 2.930452e-23 1.529428e-23 4.459880e-23 
1.264000e+00 2.919387e-23 1.525455e-23 4.444841e-23 
1.266000e+00 2.907410e-23 1.521483e-23 4.428893e-23 
1.268000e+00 2.894523e-23 1.517443e-23 4.411966e-23 
1.270000e+00 2.882530e-23 1.512095e-23 4.394625e-23 
1.272000e+00 2.869194e-23 1.509671e-23 4.378865e-23 
1.274000e+00 2.856382e-23 1.505527e-23 4.361909e-23 
1.276000e+00 2.842882e-23 1.501455e-23 4.344337e-23 
1.278000e+00 2.828457e-23 1.497405e-23 4.325861e-23 
1.280000e+00 2.814072e-23 1.493194e-23 4.307266e-23 
1.282000e+00 2.798775e-23 1.489481e-23 4.288256e-23 
1.284000e+00 2.781396e-23 1.485065e-23 4.266462e-23 
1.286000e+00 2.763218e-23 1.480975e-23 4.244193e-23 
1.288000e+00 2.742789e-23 1.477015e-23 4.219804e-23 
1.290000e+00 2.714993e-23 1.473371e-23 4.188364e-23 
1.292000e+00 2.687786e-23 1.469513e-23 4.157299e-23 
1.294000e+00 2.659708e-23 1.465447e-23 4.125155e-23 
1.296000e+00 2.630304e-23 1.461568e-23 4.091872e-23 
1.298000e+00 2.601593e-23 1.457580e-23 4.059172e-23 
1.300000e+00 2.584588e-23 1.453849e-23 4.038437e-23 
1.302000e+00 2.572592e-23 1.450280e-23 4.022872e-23 
1.304000e+00 2.561059e-23 1.446123e-23 4.007182e-23 
1.306000e+00 2.563421e-23 1.442370e-23 4.005791e-23 
1.308000e+00 2.568198e-23 1.438323e-23 4.006522e-23 
1.310000e+00 2.574009e-23 1.434595e-23 4.008604e-23 
1.312000e+00 2.587725e-23 1.431087e-23 4.018812e-23 
1.314000e+00 2.601526e-23 1.427373e-23 4.028899e-23 
1.316000e+00 2.615687e-23 1.423230e-23 4.038917e-23 
1.318000e+00 2.623071e-23 1.419348e-23 4.042419e-23 
1.320000e+00 2.630687e-23 1.415690e-23 4.046377e-23 
1.322000e+00 2.637112e-23 1.412465e-23 4.049577e-23 
1.324000e+00 2.639097e-23 1.406940e-23 4.046037e-23 
1.326000e+00 2.642053e-23 1.403646e-23 4.045698e-23 
1.328000e+00 2.643779e-23 1.399999e-23 4.043777e-23 
1.330000e+00 2.644015e-23 1.396827e-23 4.040842e-23 
1.332000e+00 2.644214e-23 1.392536e-23 4.036750e-23 
1.334000e+00 2.644307e-23 1.389118e-23 4.033425e-23 
1.336000e+00 2.643193e-23 1.385538e-23 4.028731e-23 
1.338000e+00 2.642022e-23 1.381776e-23 4.023799e-23 
1.340000e+00 2.640561e-23 1.378489e-23 4.019050e-23 
1.342000e+00 2.638183e-23 1.374804e-23 4.012987e-23 
1.344000e+00 2.636633e-23 1.371310e-23 4.007942e-23 
1.346000e+00 2.634697e-23 1.367222e-23 4.001920e-23 
1.348000e+00 2.631279e-23 1.364255e-23 3.995534e-23 
1.350000e+00 2.629424e-23 1.360496e-23 3.989921e-23 
1.352000e+00 2.626702e-23 1.357147e-23 3.983849e-23 
1.354000e+00 2.623446e-23 1.353884e-23 3.977329e-23 
1.356000e+00 2.620105e-23 1.350151e-23 3.970257e-23 
1.358000e+00 2.617707e-23 1.347047e-23 3.964754e-23 
1.360000e+00 2.614248e-23 1.343119e-23 3.957367e-23 
1.362000e+00 2.611497e-23 1.339828e-23 3.951325e-23 
1.364000e+00 2.607896e-23 1.336349e-23 3.944246e-23 
1.366000e+00 2.604278e-23 1.332951e-23 3.937228e-23 
1.368000e+00 2.599645e-23 1.329327e-23 3.928972e-23 
1.370000e+00 2.596412e-23 1.325846e-23 3.922258e-23 
1.372000e+00 2.592046e-23 1.322583e-23 3.914629e-23 
1.374000e+00 2.588701e-23 1.318996e-23 3.907698e-23 
1.376000e+00 2.584445e-23 1.315573e-23 3.900019e-23 
1.378000e+00 2.580749e-23 1.312072e-23 3.892821e-23 
1.380000e+00 2.577497e-23 1.308428e-23 3.885924e-23 
1.382000e+00 2.573269e-23 1.305511e-23 3.878780e-23 
1.384000e+00 2.568915e-23 1.302316e-23 3.871232e-23 
1.386000e+00 2.564672e-23 1.298475e-23 3.863146e-23 
1.388000e+00 2.559742e-23 1.295478e-23 3.855220e-23 
1.390000e+00 2.555962e-23 1.292485e-23 3.848447e-23 
1.392000e+00 2.551337e-23 1.289353e-23 3.840690e-23 
1.394000e+00 2.547542e-23 1.285666e-23 3.833208e-23 
1.396000e+00 2.542475e-23 1.282571e-23 3.825046e-23 
1.398000e+00 2.538726e-23 1.279378e-23 3.818104e-23 
1.400000e+00 2.534167e-23 1.275825e-23 3.809993e-23 
1.402000e+00 2.529423e-23 1.272776e-23 3.802199e-23 
1.404000e+00 2.525191e-23 1.269410e-23 3.794600e-23 
1.406000e+00 2.520420e-23 1.265749e-23 3.786170e-23 
1.408000e+00 2.515282e-23 1.262556e-23 3.777838e-23 
1.410000e+00 2.511417e-23 1.259060e-23 3.770477e-23 
1.412000e+00 2.506322e-23 1.255874e-23 3.762195e-23 
1.414000e+00 2.502360e-23 1.253237e-23 3.755596e-23 
1.416000e+00 2.497174e-23 1.249839e-23 3.747014e-23 
1.418000e+00 2.492860e-23 1.246900e-23 3.739761e-23 
1.420000e+00 2.487777e-23 1.243785e-23 3.731562e-23 
1.422000e+00 2.483316e-23 1.240806e-23 3.724122e-23 
1.424000e+00 2.479636e-23 1.237872e-23 3.717508e-23 
1.426000e+00 2.474128e-23 1.234553e-23 3.708681e-23 
1.428000e+00 2.468543e-23 1.231635e-23 3.700178e-23 
1.430000e+00 2.463617e-23 1.228578e-23 3.692195e-23 
1.432000e+00 2.459172e-23 1.225282e-23 3.684454e-23 
1.434000e+00 2.454968e-23 1.222427e-23 3.677396e-23 
1.436000e+00 2.450626e-23 1.219216e-23 3.669842e-23 
1.438000e+00 2.445706e-23 1.216504e-23 3.662210e-23 
1.440000e+00 2.440986e-23 1.212887e-23 3.653873e-23 
1.442000e+00 2.436326e-23 1.210022e-23 3.646347e-23 
1.444000e+00 2.430802e-23 1.206898e-23 3.637700e-23 
1.446000e+00 2.426479e-23 1.203820e-23 3.630299e-23 
1.448000e+00 2.421684e-23 1.200647e-23 3.622331e-23 
1.450000e+00 2.416907e-23 1.198530e-23 3.615437e-23 
1.452000e+00 2.411265e-23 1.195025e-23 3.606290e-23 
1.454000e+00 2.406675e-23 1.193687e-23 3.600362e-23 
1.456000e+00 2.401557e-23 1.189610e-23 3.591167e-23 
1.458000e+00 2.396708e-23 1.186524e-23 3.583232e-23 
1.460000e+00 2.392393e-23 1.183882e-23 3.576276e-23 
1.462000e+00 2.387286e-23 1.180713e-23 3.567999e-23 
1.464000e+00 2.382332e-23 1.177537e-23 3.559869e-23 
1.466000e+00 2.377500e-23 1.174859e-23 3.552359e-23 
1.468000e+00 2.373322e-23 1.171943e-23 3.545264e-23 
1.470000e+00 2.368310e-23 1.169219e-23 3.537528e-23 
1.472000e+00 2.363026e-23 1.166071e-23 3.529098e-23 
1.474000e+00 2.358937e-23 1.163277e-23 3.522214e-23 
1.476000e+00 2.354087e-23 1.160100e-23 3.514188e-23 
1.478000e+00 2.349122e-23 1.157437e-23 3.506559e-23 
1.480000e+00 2.344519e-23 1.154459e-23 3.498978e-23 
1.482000e+00 2.339663e-23 1.152092e-23 3.491755e-23 
1.484000e+00 2.335418e-23 1.149039e-23 3.484456e-23 
1.486000e+00 2.329985e-23 1.146327e-23 3.476312e-23 
1.488000e+00 2.324640e-23 1.143348e-23 3.467988e-23 
1.490000e+00 2.320303e-23 1.141218e-23 3.461521e-23 
1.492000e+00 2.314934e-23 1.138457e-23 3.453392e-23 
1.494000e+00 2.310619e-23 1.135692e-23 3.446311e-23 
1.496000e+00 2.305542e-23 1.132292e-23 3.437834e-23 
1.498000e+00 2.301051e-23 1.129494e-23 3.430544e-23 
1.500000e+00 2.266596e-23 1.126930e-23 3.393526e-23 
1.502000e+00 2.290974e-23 1.124383e-23 3.415356e-23 
1.504000e+00 2.286033e-23 1.121425e-23 3.407458e-23 
1.506000e+00 2.281668e-23 1.118940e-23 3.400607e-23 
1.508000e+00 2.276653e-23 1.115960e-23 3.392613e-23 
1.510000e+00 2.272368e-23 1.112812e-23 3.385181e-23 
1.512000e+00 2.266719e-23 1.110408e-23 3.377127e-23 
1.514000e+00 2.262008e-23 1.107650e-23 3.369659e-23 
1.516000e+00 2.257521e-23 1.104971e-23 3.362492e-23 
1.518000e+00 2.252551e-23 1.102271e-23 3.354823e-23 
1.520000e+00 2.247510e-23 1.099862e-23 3.347371e-23 
1.522000e+00 2.242720e-23 1.097137e-23 3.339857e-23 
1.524000e+00 2.238005e-23 1.094326e-23 3.332331e-23 
1.526000e+00 2.233420e-23 1.091657e-23 3.325077e-23 
1.528000e+00 2.228023e-23 1.089523e-23 3.317546e-23 
1.530000e+00 2.223499e-23 1.086878e-23 3.310377e-23 
1.532000e+00 2.219386e-23 1.083899e-23 3.303284e-23 
1.534000e+00 2.214093e-23 1.081602e-23 3.295695e-23 
1.536000e+00 2.210213e-23 1.078792e-23 3.289005e-23 
1.538000e+00 2.205291e-23 1.075853e-23 3.281144e-23 
1.540000e+00 2.200458e-23 1.073323e-23 3.273781e-23 
1.542000e+00 2.195510e-23 1.070714e-23 3.266224e-23 
1.544000e+00 2.190705e-23 1.068351e-23 3.259056e-23 
1.546000e+00 2.185695e-23 1.065506e-23 3.251201e-23 
1.548000e+00 2.181650e-23 1.063343e-23 3.244993e-23 
1.550000e+00 2.176592e-23 1.060654e-23 3.237246e-23 
1.552000e+00 2.172409e-23 1.057657e-23 3.230066e-23 
1.554000e+00 2.166753e-23 1.055056e-23 3.221809e-23 
1.556000e+00 2.162278e-23 1.052773e-23 3.215051e-23 
1.558000e+00 2.158073e-23 1.049944e-23 3.208017e-23 
1.560000e+00 2.152990e-23 1.047163e-23 3.200153e-23 
1.562000e+00 2.148218e-23 1.045279e-23 3.193497e-23 
1.564000e+00 2.143315e-23 1.042290e-23 3.185605e-23 
1.566000e+00 2.138521e-23 1.039950e-23 3.178471e-23 
1.568000e+00 2.134108e-23 1.037600e-23 3.171708e-23 
1.570000e+00 2.129442e-23 1.034881e-23 3.164323e-23 
1.572000e+00 2.124925e-23 1.032160e-23 3.157085e-23 
1.574000e+00 2.120792e-23 1.029868e-23 3.150660e-23 
1.576000e+00 2.115723e-23 1.027343e-23 3.143066e-23 
1.578000e+00 2.110619e-23 1.025359e-23 3.135978e-23 
1.580000e+00 2.105569e-23 1.022290e-23 3.127860e-23 
1.582000e+00 2.101488e-23 1.019690e-23 3.121178e-23 
1.584000e+00 2.096724e-23 1.017680e-23 3.114404e-23 
1.586000e+00 2.092119e-23 1.014759e-23 3.106878e-23 
1.588000e+00 2.087185e-23 1.012268e-23 3.099453e-23 
1.590000e+00 2.082099e-23 1.009931e-23 3.092030e-23 
1.592000e+00 2.078619e-23 1.008160e-23 3.086779e-23 
1.594000e+00 2.073787e-23 1.005312e-23 3.079098e-23 
1.596000e+00 2.069915e-23 1.003495e-23 3.073410e-23 
1.598000e+00 2.064923e-23 1.001223e-23 3.066146e-23 
1.600000e+00 2.060004e-23 9.987334e-24 3.058737e-23 
1.602000e+00 2.055152e-23 9.966627e-24 3.051815e-23 
1.604000e+00 2.050678e-23 9.935983e-24 3.044276e-23 
1.606000e+00 2.046542e-23 9.909790e-24 3.037521e-23 
1.608000e+00 2.040698e-23 9.887982e-24 3.029496e-23 
1.610000e+00 2.035976e-23 9.862907e-24 3.022266e-23 
1.612000e+00 2.030773e-23 9.842747e-24 3.015048e-23 
1.614000e+00 2.026843e-23 9.819198e-24 3.008763e-23 
1.616000e+00 2.022044e-23 9.797352e-24 3.001779e-23 
1.618000e+00 2.017096e-23 9.773169e-24 2.994413e-23 
1.620000e+00 2.012916e-23 9.750940e-24 2.988010e-23 
1.622000e+00 2.008233e-23 9.722017e-24 2.980434e-23 
1.624000e+00 2.003446e-23 9.703527e-24 2.973798e-23 
1.626000e+00 1.999236e-23 9.683130e-24 2.967549e-23 
1.628000e+00 1.994862e-23 9.666069e-24 2.961469e-23 
1.630000e+00 1.990809e-23 9.638344e-24 2.954644e-23 
1.632000e+00 1.986346e-23 9.619641e-24 2.948310e-23 
1.634000e+00 1.982146e-23 9.594732e-24 2.941619e-23 
1.636000e+00 1.976543e-23 9.577619e-24 2.934304e-23 
1.638000e+00 1.972433e-23 9.553000e-24 2.927733e-23 
1.640000e+00 1.968094e-23 9.530550e-24 2.921149e-23 
1.642000e+00 1.963705e-23 9.507450e-24 2.914450e-23 
1.644000e+00 1.959989e-23 9.488226e-24 2.908811e-23 
1.646000e+00 1.955256e-23 9.463353e-24 2.901591e-23 
1.648000e+00 1.950904e-23 9.444804e-24 2.895385e-23 
1.650000e+00 1.946083e-23 9.421849e-24 2.888268e-23 
1.652000e+00 1.940934e-23 9.400743e-24 2.881008e-23 
1.654000e+00 1.936385e-23 9.381739e-24 2.874558e-23 
1.656000e+00 1.932333e-23 9.356491e-24 2.867982e-23 
1.658000e+00 1.927520e-23 9.334904e-24 2.861011e-23 
1.660000e+00 1.924101e-23 9.317914e-24 2.855892e-23 
1.662000e+00 1.919162e-23 9.290860e-24 2.848248e-23 
1.664000e+00 1.914764e-23 9.271257e-24 2.841890e-23 
1.666000e+00 1.910340e-23 9.251292e-24 2.835469e-23 
1.668000e+00 1.905532e-23 9.227839e-24 2.828316e-23 
1.670000e+00 1.901914e-23 9.209060e-24 2.822820e-23 
1.672000e+00 1.896705e-23 9.190756e-24 2.815781e-23 
1.674000e+00 1.892793e-23 9.169281e-24 2.809721e-23 
1.676000e+00 1.888788e-23 9.146894e-24 2.803477e-23 
1.678000e+00 1.884262e-23 9.128171e-24 2.797079e-23 
1.680000e+00 1.879072e-23 9.104551e-24 2.789527e-23 
1.682000e+00 1.875106e-23 9.087463e-24 2.783852e-23 
1.684000e+00 1.870841e-23 9.063110e-24 2.777152e-23 
1.686000e+00 1.866887e-23 9.043855e-24 2.771273e-23 
1.688000e+00 1.862064e-23 9.022028e-24 2.764267e-23 
1.690000e+00 1.857984e-23 9.003898e-24 2.758374e-23 
1.692000e+00 1.853143e-23 8.982523e-24 2.751396e-23 
1.694000e+00 1.848908e-23 8.955877e-24 2.744496e-23 
1.696000e+00 1.845168e-23 8.942104e-24 2.739379e-23 
1.698000e+00 1.840340e-23 8.916324e-24 2.731973e-23 
1.700000e+00 1.836608e-23 8.895114e-24 2.726119e-23 
1.702000e+00 1.831830e-23 8.875320e-24 2.719362e-23 
1.704000e+00 1.827569e-23 8.857314e-24 2.713301e-23 
1.706000e+00 1.823535e-23 8.833059e-24 2.706841e-23 
1.708000e+00 1.818885e-23 8.814210e-24 2.700306e-23 
1.710000e+00 1.814441e-23 8.798103e-24 2.694251e-23 
1.712000e+00 1.810586e-23 8.776994e-24 2.688285e-23 
1.714000e+00 1.805336e-23 8.753617e-24 2.680698e-23 
1.716000e+00 1.801957e-23 8.736948e-24 2.675652e-23 
1.718000e+00 1.797367e-23 8.716162e-24 2.668984e-23 
1.720000e+00 1.793269e-23 8.700812e-24 2.663350e-23 
1.722000e+00 1.788242e-23 8.676219e-24 2.655864e-23 
1.724000e+00 1.783771e-23 8.656530e-24 2.649424e-23 
1.726000e+00 1.779420e-23 8.637507e-24 2.643171e-23 
1.728000e+00 1.775503e-23 8.616720e-24 2.637175e-23 
1.730000e+00 1.770791e-23 8.598938e-24 2.630685e-23 
1.732000e+00 1.767115e-23 8.573713e-24 2.624487e-23 
1.734000e+00 1.762672e-23 8.552183e-24 2.617890e-23 
1.736000e+00 1.758314e-23 8.535531e-24 2.611867e-23 
1.738000e+00 1.754128e-23 8.514003e-24 2.605528e-23 
1.740000e+00 1.623738e-23 8.495785e-24 2.473317e-23 
1.742000e+00 1.744661e-23 8.477982e-24 2.592460e-23 
1.744000e+00 1.740365e-23 8.461407e-24 2.586506e-23 
1.746000e+00 1.735693e-23 8.442220e-24 2.579915e-23 
1.748000e+00 1.731574e-23 8.420322e-24 2.573606e-23 
1.750000e+00 1.727164e-23 8.404388e-24 2.567603e-23 
1.752000e+00 1.722732e-23 8.387466e-24 2.561479e-23 
1.754000e+00 1.718230e-23 8.366168e-24 2.554847e-23 
1.756000e+00 1.713674e-23 8.353743e-24 2.549049e-23 
1.758000e+00 1.709187e-23 8.332346e-24 2.542422e-23 
1.760000e+00 1.705085e-23 8.314882e-24 2.536574e-23 
1.762000e+00 1.700520e-23 8.296851e-24 2.530206e-23 
1.764000e+00 1.696210e-23 8.272755e-24 2.523485e-23 
1.766000e+00 1.691608e-23 8.255422e-24 2.517151e-23 
1.768000e+00 1.687016e-23 8.237361e-24 2.510752e-23 
1.770000e+00 1.682562e-23 8.221032e-24 2.504665e-23 
1.772000e+00 1.677998e-23 8.201619e-24 2.498160e-23 
1.774000e+00 1.673554e-23 8.182277e-24 2.491782e-23 
1.776000e+00 1.668041e-23 8.166493e-24 2.484690e-23 
1.778000e+00 1.663006e-23 8.145269e-24 2.477533e-23 
1.780000e+00 1.658642e-23 8.127169e-24 2.471359e-23 
1.782000e+00 1.654234e-23 8.106665e-24 2.464901e-23 
1.784000e+00 1.648911e-23 8.094136e-24 2.458325e-23 
1.786000e+00 1.643703e-23 8.077519e-24 2.451455e-23 
1.788000e+00 1.638384e-23 8.074023e-24 2.445787e-23 
1.790000e+00 1.633989e-23 8.058480e-24 2.439837e-23 
1.792000e+00 1.629096e-23 8.045885e-24 2.433685e-23 
1.794000e+00 1.623221e-23 8.027172e-24 2.425939e-23 
1.796000e+00 1.618700e-23 8.005154e-24 2.419216e-23 
1.798000e+00 1.614479e-23 7.987182e-24 2.413197e-23 
1.800000e+00 1.608304e-23 7.975614e-24 2.405865e-23 
1.802000e+00 1.602748e-23 7.955777e-24 2.398326e-23 
1.804000e+00 1.596810e-23 7.917420e-24 2.388552e-23 
1.806000e+00 1.591436e-23 7.903969e-24 2.381833e-23 
1.808000e+00 1.584864e-23 8.241154e-24 2.408979e-23 
1.810000e+00 1.579333e-23 7.867149e-24 2.366048e-23 
1.812000e+00 1.572576e-23 7.871563e-24 2.359732e-23 
1.814000e+00 1.566927e-23 7.850153e-24 2.351943e-23 
1.816000e+00 1.558154e-23 7.830251e-24 2.341180e-23 
1.818000e+00 1.551097e-23 7.816150e-24 2.332712e-23 
1.820000e+00 1.543281e-23 7.799466e-24 2.323227e-23 
1.822000e+00 1.534633e-23 7.781625e-24 2.312796e-23 
1.824000e+00 1.524331e-23 7.764033e-24 2.300734e-23 
1.826000e+00 1.512623e-23 7.749941e-24 2.287617e-23 
1.828000e+00 1.502803e-23 7.732520e-24 2.276055e-23 
1.830000e+00 1.492132e-23 7.715441e-24 2.263677e-23 
1.832000e+00 1.481635e-23 7.701358e-24 2.251771e-23 
1.834000e+00 1.472334e-23 7.682789e-24 2.240612e-23 
1.836000e+00 1.462350e-23 7.667361e-24 2.229086e-23 
1.838000e+00 1.453747e-23 7.646369e-24 2.218384e-23 
1.840000e+00 1.449414e-23 7.634002e-24 2.212814e-23 
1.842000e+00 1.446628e-23 7.616088e-24 2.208237e-23 
1.844000e+00 1.444128e-23 7.600144e-24 2.204143e-23 
1.846000e+00 1.440683e-23 7.579823e-24 2.198665e-23 
1.848000e+00 1.444161e-23 7.571147e-24 2.201276e-23 
1.850000e+00 1.446999e-23 7.546925e-24 2.201691e-23 
1.852000e+00 1.451047e-23 7.534135e-24 2.204460e-23 
1.854000e+00 1.454625e-23 7.519109e-24 2.206536e-23 
1.856000e+00 1.460283e-23 7.498369e-24 2.210120e-23 
1.858000e+00 1.464909e-23 7.485961e-24 2.213505e-23 
1.860000e+00 1.470525e-23 7.468207e-24 2.217346e-23 
1.862000e+00 1.475971e-23 7.452682e-24 2.221239e-23 
1.864000e+00 1.477588e-23 7.431125e-24 2.220700e-23 
1.866000e+00 1.478425e-23 7.416492e-24 2.220074e-23 
1.868000e+00 1.479481e-23 7.401652e-24 2.219646e-23 
1.870000e+00 1.480821e-23 7.388669e-24 2.219688e-23 
1.872000e+00 1.480956e-23 7.371818e-24 2.218138e-23 
1.874000e+00 1.480587e-23 7.358194e-24 2.216406e-23 
1.876000e+00 1.480648e-23 7.339798e-24 2.214628e-23 
1.878000e+00 1.480784e-23 7.307446e-24 2.211529e-23 
1.880000e+00 1.480077e-23 7.296914e-24 2.209769e-23 
1.882000e+00 1.480612e-23 7.284959e-24 2.209108e-23 
1.884000e+00 1.479871e-23 7.270374e-24 2.206909e-23 
1.886000e+00 1.479314e-23 7.252518e-24 2.204566e-23 
1.888000e+00 1.478765e-23 7.237725e-24 2.202538e-23 
1.890000e+00 1.477040e-23 7.219989e-24 2.199039e-23 
1.892000e+00 1.476306e-23 7.206866e-24 2.196993e-23 
1.894000e+00 1.475972e-23 7.190732e-24 2.195045e-23 
1.896000e+00 1.474082e-23 7.173445e-24 2.191427e-23 
1.898000e+00 1.473822e-23 7.156415e-24 2.189463e-23 
1.900000e+00 1.471953e-23 7.143152e-24 2.186268e-23 
1.902000e+00 1.470242e-23 7.126247e-24 2.182867e-23 
1.904000e+00 1.468576e-23 7.115596e-24 2.180136e-23 
1.906000e+00 1.466463e-23 7.097435e-24 2.176206e-23 
1.908000e+00 1.466228e-23 7.082288e-24 2.174457e-23 
1.910000e+00 1.464580e-23 7.068601e-24 2.171440e-23 
1.912000e+00 1.463355e-23 7.055597e-24 2.168915e-23 
1.914000e+00 1.461356e-23 7.040560e-24 2.165412e-23 
1.916000e+00 1.460603e-23 7.023733e-24 2.162977e-23 
1.918000e+00 1.458943e-23 7.010858e-24 2.160029e-23 
1.920000e+00 1.457007e-23 6.998339e-24 2.156841e-23 
1.922000e+00 1.455349e-23 6.981297e-24 2.153479e-23 
1.924000e+00 1.453684e-23 6.964001e-24 2.150084e-23 
1.926000e+00 1.452479e-23 6.951998e-24 2.147679e-23 
1.928000e+00 1.450012e-23 6.939575e-24 2.143970e-23 
1.930000e+00 1.448384e-23 6.914964e-24 2.139880e-23 
1.932000e+00 1.446468e-23 6.904202e-24 2.136888e-23 
1.934000e+00 1.445095e-23 6.887346e-24 2.133830e-23 
1.936000e+00 1.442944e-23 6.870828e-24 2.130026e-23 
1.938000e+00 1.441378e-23 6.859279e-24 2.127306e-23 
1.940000e+00 1.440043e-23 6.841946e-24 2.124237e-23 
1.942000e+00 1.437190e-23 6.826440e-24 2.119834e-23 
1.944000e+00 1.435982e-23 6.815138e-24 2.117496e-23 
1.946000e+00 1.434295e-23 6.799804e-24 2.114276e-23 
1.948000e+00 1.432317e-23 6.807214e-24 2.113038e-23 
1.950000e+00 1.430618e-23 6.770357e-24 2.107654e-23 
1.952000e+00 1.427607e-23 6.754474e-24 2.103055e-23 
1.954000e+00 1.425792e-23 6.742662e-24 2.100059e-23 
1.956000e+00 1.424029e-23 6.723669e-24 2.096396e-23 
1.958000e+00 1.423113e-23 6.710869e-24 2.094200e-23 
1.960000e+00 1.420792e-23 6.701302e-24 2.090922e-23 
1.962000e+00 1.419110e-23 6.685918e-24 2.087702e-23 
1.964000e+00 1.417198e-23 6.674568e-24 2.084655e-23 
1.966000e+00 1.415241e-23 6.660818e-24 2.081323e-23 
1.968000e+00 1.413768e-23 6.643377e-24 2.078106e-23 
1.970000e+00 1.411655e-23 6.632454e-24 2.074901e-23 
1.972000e+00 1.408637e-23 6.615530e-24 2.070190e-23 
1.974000e+00 1.406517e-23 6.602543e-24 2.066772e-23 
1.976000e+00 1.404665e-23 6.595013e-24 2.064167e-23 
1.978000e+00 1.402930e-23 6.576019e-24 2.060532e-23 
1.980000e+00 1.401085e-23 6.563336e-24 2.057419e-23 
1.982000e+00 1.399135e-23 6.551888e-24 2.054324e-23 
1.984000e+00 1.396731e-23 6.533468e-24 2.050078e-23 
1.986000e+00 1.394492e-23 6.520035e-24 2.046496e-23 
1.988000e+00 1.392814e-23 6.510298e-24 2.043844e-23 
1.990000e+00 1.390340e-23 6.493350e-24 2.039675e-23 
1.992000e+00 1.388954e-23 6.478298e-24 2.036784e-23 
1.994000e+00 1.386933e-23 6.466184e-24 2.033551e-23 
1.996000e+00 1.384795e-23 6.451077e-24 2.029903e-23 
1.998000e+00 1.382531e-23 6.435022e-24 2.026033e-23 
2.000000e+00 1.380828e-23 6.427416e-24 2.023569e-23 
2.002000e+00 1.378226e-23 6.410943e-24 2.019320e-23 
2.004000e+00 1.376535e-23 6.400836e-24 2.016618e-23 
2.006000e+00 1.374371e-23 6.388199e-24 2.013190e-23 
2.008000e+00 1.372270e-23 6.380088e-24 2.010279e-23 
2.010000e+00 1.370111e-23 6.365023e-24 2.006614e-23 
2.012000e+00 1.368058e-23 6.353133e-24 2.003372e-23 
2.014000e+00 1.365965e-23 6.341052e-24 2.000070e-23 
2.016000e+00 1.363947e-23 6.325802e-24 1.996528e-23 
2.018000e+00 1.361738e-23 6.312846e-24 1.993022e-23 
2.020000e+00 1.359923e-23 6.303662e-24 1.990290e-23 
2.022000e+00 1.357487e-23 6.290574e-24 1.986545e-23 
2.024000e+00 1.355501e-23 6.277915e-24 1.983293e-23 
2.026000e+00 1.352566e-23 6.265279e-24 1.979094e-23 
2.028000e+00 1.350823e-23 6.251695e-24 1.975993e-23 
2.030000e+00 1.349316e-23 6.239249e-24 1.973241e-23 
2.032000e+00 1.346979e-23 6.224604e-24 1.969440e-23 
2.034000e+00 1.345355e-23 6.213415e-24 1.966696e-23 
2.036000e+00 1.343505e-23 6.193189e-24 1.962824e-23 
2.038000e+00 1.340502e-23 6.182600e-24 1.958762e-23 
2.040000e+00 1.339753e-23 6.169703e-24 1.956723e-23 
2.042000e+00 1.337372e-23 6.158894e-24 1.953262e-23 
2.044000e+00 1.335474e-23 6.152293e-24 1.950704e-23 
2.046000e+00 1.333116e-23 6.136497e-24 1.946766e-23 
2.048000e+00 1.330975e-23 6.125497e-24 1.943524e-23 
2.050000e+00 1.328550e-23 6.108348e-24 1.939385e-23 
2.052000e+00 1.326423e-23 6.097672e-24 1.936190e-23 
2.054000e+00 1.325032e-23 6.082219e-24 1.933254e-23 
2.056000e+00 1.322804e-23 6.071379e-24 1.929942e-23 
2.058000e+00 1.320388e-23 6.063282e-24 1.926716e-23 
2.060000e+00 1.318116e-23 6.049464e-24 1.923062e-23 
2.062000e+00 1.315887e-23 6.040733e-24 1.919960e-23 
2.064000e+00 1.314672e-23 6.021861e-24 1.916858e-23 
2.066000e+00 1.312430e-23 6.010524e-24 1.913482e-23 
2.068000e+00 1.309921e-23 5.996927e-24 1.909614e-23 
2.070000e+00 1.308811e-23 5.990487e-24 1.907860e-23 
2.072000e+00 1.305846e-23 5.977117e-24 1.903558e-23 
2.074000e+00 1.304712e-23 5.965733e-24 1.901286e-23 
2.076000e+00 1.302419e-23 5.952884e-24 1.897707e-23 
2.078000e+00 1.300243e-23 5.937013e-24 1.893945e-23 
2.080000e+00 1.298715e-23 5.928727e-24 1.891588e-23 
2.082000e+00 1.296248e-23 5.915270e-24 1.887775e-23 
2.084000e+00 1.293882e-23 5.901708e-24 1.884053e-23 
2.086000e+00 1.291049e-23 5.890361e-24 1.880085e-23 
2.088000e+00 1.289468e-23 5.876190e-24 1.877087e-23 
2.090000e+00 1.287842e-23 5.869904e-24 1.874833e-23 
2.092000e+00 1.285195e-23 5.852450e-24 1.870440e-23 
2.094000e+00 1.283978e-23 5.847025e-24 1.868680e-23 
2.096000e+00 1.281298e-23 5.831155e-24 1.864413e-23 
2.098000e+00 1.279899e-23 5.825235e-24 1.862422e-23 
2.100000e+00 1.277754e-23 5.810784e-24 1.858832e-23 
2.102000e+00 1.275943e-23 5.804996e-24 1.856442e-23 
2.104000e+00 1.273298e-23 5.789364e-24 1.852234e-23 
2.106000e+00 1.270708e-23 5.783957e-24 1.849104e-23 
2.108000e+00 1.268944e-23 5.766366e-24 1.845580e-23 
2.110000e+00 1.266808e-23 5.758856e-24 1.842693e-23 
2.112000e+00 1.265310e-23 5.745675e-24 1.839878e-23 
2.114000e+00 1.263202e-23 5.736120e-24 1.836815e-23 
2.116000e+00 1.261321e-23 5.721759e-24 1.833497e-23 
2.118000e+00 1.258435e-23 5.714481e-24 1.829884e-23 
2.120000e+00 1.257235e-23 5.699807e-24 1.827216e-23 
2.122000e+00 1.255068e-23 5.694928e-24 1.824561e-23 
2.124000e+00 1.253102e-23 5.678286e-24 1.820931e-23 
2.126000e+00 1.250685e-23 5.670046e-24 1.817689e-23 
2.128000e+00 1.249170e-23 5.657897e-24 1.814959e-23 
2.130000e+00 1.246819e-23 5.645978e-24 1.811417e-23 
2.132000e+00 1.245433e-23 5.636825e-24 1.809116e-23 
2.134000e+00 1.242405e-23 5.625980e-24 1.805003e-23 
2.136000e+00 1.241302e-23 5.608077e-24 1.802110e-23 
2.138000e+00 1.239402e-23 5.600676e-24 1.799470e-23 
2.140000e+00 1.237601e-23 5.596264e-24 1.797228e-23 
2.142000e+00 1.234880e-23 5.579694e-24 1.792849e-23 
2.144000e+00 1.233291e-23 5.573766e-24 1.790668e-23 
2.146000e+00 1.231783e-23 5.560811e-24 1.787864e-23 
2.148000e+00 1.229407e-23 5.546421e-24 1.784049e-23 
2.150000e+00 1.227832e-23 5.538041e-24 1.781636e-23 
2.152000e+00 1.224855e-23 5.529470e-24 1.777802e-23 
2.154000e+00 1.223392e-23 5.514053e-24 1.774797e-23 
2.156000e+00 1.221963e-23 5.509737e-24 1.772937e-23 
2.158000e+00 1.218828e-23 5.498906e-24 1.768719e-23 
2.160000e+00 1.217438e-23 5.484330e-24 1.765871e-23 
2.162000e+00 1.215457e-23 5.473452e-24 1.762802e-23 
2.164000e+00 1.213619e-23 5.468785e-24 1.760497e-23 
2.166000e+00 1.211603e-23 5.459124e-24 1.757515e-23 
2.168000e+00 1.209301e-23 5.441436e-24 1.753445e-23 
2.170000e+00 1.207811e-23 5.431923e-24 1.751003e-23 
2.172000e+00 1.206216e-23 5.425073e-24 1.748724e-23 
2.174000e+00 1.204563e-23 5.409541e-24 1.745518e-23 
2.176000e+00 1.202621e-23 5.400034e-24 1.742624e-23 
2.178000e+00 1.200113e-23 5.391981e-24 1.739311e-23 
2.180000e+00 1.198512e-23 5.387118e-24 1.737224e-23 
2.182000e+00 1.196098e-23 5.369712e-24 1.733069e-23 
2.184000e+00 1.194089e-23 5.357010e-24 1.729790e-23 
2.186000e+00 1.192956e-23 5.349811e-24 1.727937e-23 
2.188000e+00 1.191022e-23 5.339431e-24 1.724965e-23 
2.190000e+00 1.188484e-23 5.325569e-24 1.721040e-23 
2.192000e+00 1.186181e-23 5.315156e-24 1.717696e-23 
2.194000e+00 1.184648e-23 5.309500e-24 1.715598e-23 
2.196000e+00 1.182779e-23 5.297932e-24 1.712572e-23 
2.198000e+00 1.181082e-23 5.289850e-24 1.710067e-23 
2.200000e+00 1.179209e-23 5.276098e-24 1.706819e-23 
2.202000e+00 1.176926e-23 5.272331e-24 1.704160e-23 
2.204000e+00 1.174849e-23 5.261280e-24 1.700977e-23 
2.206000e+00 1.172737e-23 5.252356e-24 1.697973e-23 
2.208000e+00 1.171108e-23 5.236795e-24 1.694788e-23 
2.210000e+00 1.168736e-23 5.228044e-24 1.691541e-23 
2.212000e+00 1.167406e-23 5.213521e-24 1.688758e-23 
2.214000e+00 1.165316e-23 5.208035e-24 1.686119e-23 
2.216000e+00 1.163385e-23 5.200361e-24 1.683421e-23 
2.218000e+00 1.161753e-23 5.191620e-24 1.680915e-23 
2.220000e+00 1.160251e-23 5.180451e-24 1.678296e-23 
2.222000e+00 1.157797e-23 5.171131e-24 1.674910e-23 
2.224000e+00 1.156053e-23 5.162288e-24 1.672281e-23 
2.226000e+00 1.153875e-23 5.151857e-24 1.669061e-23 
2.228000e+00 1.152401e-23 5.136642e-24 1.666065e-23 
2.230000e+00 1.150307e-23 5.124879e-24 1.662794e-23 
2.232000e+00 1.148742e-23 5.114153e-24 1.660157e-23 
2.234000e+00 1.146506e-23 5.108267e-24 1.657333e-23 
2.236000e+00 1.145789e-23 5.094951e-24 1.655284e-23 
2.238000e+00 1.144200e-23 5.087596e-24 1.652959e-23 
2.240000e+00 1.142307e-23 5.082659e-24 1.650573e-23 
2.242000e+00 1.139653e-23 5.076461e-24 1.647299e-23 
2.244000e+00 1.137864e-23 5.063298e-24 1.644194e-23 
2.246000e+00 1.135936e-23 5.053963e-24 1.641333e-23 
2.248000e+00 1.134375e-23 5.047609e-24 1.639136e-23 
2.250000e+00 1.132087e-23 5.035209e-24 1.635608e-23 
2.252000e+00 1.129726e-23 5.025946e-24 1.632320e-23 
2.254000e+00 1.127850e-23 5.019280e-24 1.629778e-23 
2.256000e+00 1.126219e-23 5.009907e-24 1.627210e-23 
2.258000e+00 1.125570e-23 5.001331e-24 1.625704e-23 
2.260000e+00 1.122098e-23 4.989586e-24 1.621057e-23 
2.262000e+00 1.121554e-23 4.974910e-24 1.619045e-23 
2.264000e+00 1.119531e-23 5.084134e-24 1.627945e-23 
2.266000e+00 1.117159e-23 4.956667e-24 1.612826e-23 
2.268000e+00 1.115510e-23 4.944788e-24 1.609988e-23 
2.270000e+00 1.113155e-23 4.937058e-24 1.606860e-23 
2.272000e+00 1.111301e-23 4.929209e-24 1.604222e-23 
2.274000e+00 1.110263e-23 4.921488e-24 1.602412e-23 
2.276000e+00 1.108774e-23 4.911115e-24 1.599886e-23 
2.278000e+00 1.106296e-23 4.906834e-24 1.596980e-23 
2.280000e+00 1.104188e-23 4.897870e-24 1.593975e-23 
2.282000e+00 1.103410e-23 4.888495e-24 1.592259e-23 
2.284000e+00 1.100923e-23 4.878311e-24 1.588754e-23 
2.286000e+00 1.099974e-23 4.868786e-24 1.586852e-23 
2.288000e+00 1.097725e-23 4.857003e-24 1.583426e-23 
2.290000e+00 1.095885e-23 4.847537e-24 1.580638e-23 
2.292000e+00 1.094600e-23 4.835230e-24 1.578123e-23 
2.294000e+00 1.092759e-23 4.832256e-24 1.575985e-23 
2.296000e+00 1.090770e-23 4.821764e-24 1.572947e-23 
2.298000e+00 1.088157e-23 4.811875e-24 1.569345e-23 
2.300000e+00 1.087158e-23 4.805941e-24 1.567752e-23 
2.302000e+00 1.084915e-23 4.797478e-24 1.564662e-23 
2.304000e+00 1.082883e-23 4.788423e-24 1.561725e-23 
2.306000e+00 1.082068e-23 4.774282e-24 1.559497e-23 
2.308000e+00 1.079543e-23 4.771473e-24 1.556690e-23 
2.310000e+00 1.078827e-23 4.762191e-24 1.555046e-23 
2.312000e+00 1.076717e-23 4.751456e-24 1.551863e-23 
2.314000e+00 1.075200e-23 4.743144e-24 1.549514e-23 
2.316000e+00 1.073299e-23 4.733951e-24 1.546694e-23 
2.318000e+00 1.071811e-23 4.722472e-24 1.544058e-23 
2.320000e+00 1.069965e-23 4.715453e-24 1.541511e-23 
2.322000e+00 1.067827e-23 4.710160e-24 1.538843e-23 
2.324000e+00 1.066623e-23 4.698167e-24 1.536440e-23 
2.326000e+00 1.064230e-23 4.687237e-24 1.532954e-23 
2.328000e+00 1.062550e-23 4.684476e-24 1.530997e-23 
2.330000e+00 1.061099e-23 4.673344e-24 1.528433e-23 
2.332000e+00 1.058779e-23 4.665761e-24 1.525355e-23 
2.334000e+00 1.057168e-23 4.659190e-24 1.523087e-23 
2.336000e+00 1.055771e-23 4.645449e-24 1.520316e-23 
2.338000e+00 1.053271e-23 4.637467e-24 1.517018e-23 
2.340000e+00 1.052430e-23 4.631389e-24 1.515569e-23 
2.342000e+00 1.051359e-23 4.620174e-24 1.513376e-23 
2.344000e+00 1.048887e-23 4.610211e-24 1.509909e-23 
2.346000e+00 1.047711e-23 4.606587e-24 1.508369e-23 
2.348000e+00 1.046262e-23 4.594401e-24 1.505702e-23 
2.350000e+00 1.044001e-23 4.588508e-24 1.502852e-23 
2.352000e+00 1.042893e-23 4.579764e-24 1.500870e-23 
2.354000e+00 1.042234e-23 4.566518e-24 1.498886e-23 
2.356000e+00 1.039065e-23 4.557833e-24 1.494848e-23 
2.358000e+00 1.038299e-23 4.548244e-24 1.493124e-23 
2.360000e+00 1.035928e-23 4.542002e-24 1.490128e-23 
2.362000e+00 1.034502e-23 4.537292e-24 1.488232e-23 
2.364000e+00 1.032588e-23 4.524836e-24 1.485072e-23 
2.366000e+00 1.031132e-23 4.521418e-24 1.483273e-23 
2.368000e+00 1.029342e-23 4.507995e-24 1.480141e-23 
2.370000e+00 1.027249e-23 4.504539e-24 1.477703e-23 
2.372000e+00 1.025276e-23 4.494336e-24 1.474709e-23 
2.374000e+00 1.024324e-23 4.488014e-24 1.473125e-23 
2.376000e+00 1.023093e-23 4.479739e-24 1.471066e-23 
2.378000e+00 1.021633e-23 4.470553e-24 1.468689e-23 
2.380000e+00 1.019251e-23 4.460112e-24 1.465262e-23 
2.382000e+00 1.018441e-23 4.458211e-24 1.464262e-23 
2.384000e+00 1.016732e-23 4.445216e-24 1.461254e-23 
2.386000e+00 1.014546e-23 4.440074e-24 1.458554e-23 
2.388000e+00 1.013312e-23 4.428772e-24 1.456189e-23 
2.390000e+00 1.010840e-23 4.423456e-24 1.453185e-23 
2.392000e+00 1.009122e-23 4.409468e-24 1.450069e-23 
2.394000e+00 1.007938e-23 4.408296e-24 1.448767e-23 
2.396000e+00 1.005835e-23 4.393137e-24 1.445149e-23 
2.398000e+00 1.004495e-23 4.391762e-24 1.443671e-23 
2.400000e+00 1.003217e-23 4.385517e-24 1.441768e-23 
2.402000e+00 1.001636e-23 4.372599e-24 1.438896e-23 
2.404000e+00 1.000412e-23 4.368624e-24 1.437274e-23 
2.406000e+00 9.984115e-24 4.357538e-24 1.434165e-23 
2.408000e+00 9.966030e-24 4.351269e-24 1.431730e-23 
2.410000e+00 9.949939e-24 4.344884e-24 1.429482e-23 
2.412000e+00 9.934965e-24 4.335748e-24 1.427071e-23 
2.414000e+00 9.925032e-24 4.330749e-24 1.425578e-23 
2.416000e+00 9.899892e-24 4.323595e-24 1.422349e-23 
2.418000e+00 9.883859e-24 4.315337e-24 1.419920e-23 
2.420000e+00 9.872071e-24 4.306191e-24 1.417826e-23 
2.422000e+00 9.862338e-24 4.299699e-24 1.416204e-23 
2.424000e+00 9.843801e-24 4.290407e-24 1.413421e-23 
2.426000e+00 9.823576e-24 4.287484e-24 1.411106e-23 
2.428000e+00 9.808023e-24 4.274631e-24 1.408265e-23 
2.430000e+00 9.789810e-24 4.269538e-24 1.405935e-23 
2.432000e+00 9.776617e-24 4.263511e-24 1.404013e-23 
2.434000e+00 9.768180e-24 4.248116e-24 1.401630e-23 
2.436000e+00 9.751713e-24 4.243194e-24 1.399491e-23 
2.438000e+00 9.736910e-24 4.242117e-24 1.397903e-23 
2.440000e+00 9.721830e-24 4.226903e-24 1.394873e-23 
2.442000e+00 9.707272e-24 4.219200e-24 1.392647e-23 
2.444000e+00 9.694546e-24 4.215841e-24 1.391039e-23 
2.446000e+00 9.681919e-24 4.205274e-24 1.388719e-23 
2.448000e+00 9.653224e-24 4.199420e-24 1.385264e-23 
2.450000e+00 9.641360e-24 4.193332e-24 1.383469e-23 
2.452000e+00 9.624262e-24 4.179586e-24 1.380385e-23 
2.454000e+00 9.611458e-24 4.177709e-24 1.378917e-23 
2.456000e+00 9.598389e-24 4.170559e-24 1.376895e-23 
2.458000e+00 9.582475e-24 4.158904e-24 1.374138e-23 
2.460000e+00 9.568668e-24 4.152820e-24 1.372149e-23 
2.462000e+00 9.553752e-24 4.147879e-24 1.370163e-23 
2.464000e+00 9.540912e-24 4.142315e-24 1.368323e-23 
2.466000e+00 9.522310e-24 4.132349e-24 1.365466e-23 
2.468000e+00 9.508385e-24 4.123285e-24 1.363167e-23 
2.470000e+00 9.493279e-24 4.115849e-24 1.360913e-23 
2.472000e+00 9.478573e-24 4.111121e-24 1.358969e-23 
2.474000e+00 9.463277e-24 4.102957e-24 1.356623e-23 
2.476000e+00 9.435466e-24 4.096156e-24 1.353162e-23 
2.478000e+00 9.420383e-24 4.088148e-24 1.350853e-23 
2.480000e+00 9.407331e-24 4.080990e-24 1.348832e-23 
2.482000e+00 9.397310e-24 4.075999e-24 1.347331e-23 
2.484000e+00 9.377655e-24 4.069031e-24 1.344669e-23 
2.486000e+00 9.383495e-24 4.059962e-24 1.344346e-23 
2.488000e+00 9.366849e-24 4.052715e-24 1.341956e-23 
2.490000e+00 9.352975e-24 4.047232e-24 1.340021e-23 
2.492000e+00 9.336153e-24 4.038598e-24 1.337475e-23 
2.494000e+00 9.321401e-24 4.033654e-24 1.335506e-23 
2.496000e+00 9.306815e-24 4.023305e-24 1.333012e-23 
2.498000e+00 9.286171e-24 4.014757e-24 1.330093e-23 
2.500000e+00 9.276324e-24 4.010515e-24 1.328684e-23 
2.502000e+00 9.256171e-24 4.005585e-24 1.326176e-23 
2.504000e+00 9.245429e-24 3.998603e-24 1.324403e-23 
2.506000e+00 9.231912e-24 3.986526e-24 1.321844e-23 
2.508000e+00 9.217027e-24 3.980418e-24 1.319745e-23 
2.510000e+00 9.198865e-24 3.977415e-24 1.317628e-23 
2.512000e+00 9.349983e-24 3.968508e-24 1.331849e-23 
2.514000e+00 9.163350e-24 3.959940e-24 1.312329e-23 
2.516000e+00 9.150438e-24 3.956991e-24 1.310743e-23 
2.518000e+00 9.141864e-24 3.949712e-24 1.309158e-23 
2.520000e+00 9.129422e-24 3.942617e-24 1.307204e-23 
2.522000e+00 9.118067e-24 3.937021e-24 1.305509e-23 
2.524000e+00 9.109487e-24 3.925019e-24 1.303451e-23 
2.526000e+00 9.093000e-24 3.918231e-24 1.301123e-23 
2.528000e+00 9.076785e-24 3.914803e-24 1.299159e-23 
2.530000e+00 9.062824e-24 3.907445e-24 1.297027e-23 
2.532000e+00 9.051979e-24 3.899528e-24 1.295151e-23 
2.534000e+00 9.039146e-24 3.894570e-24 1.293372e-23 
2.536000e+00 9.022587e-24 3.886212e-24 1.290880e-23 
2.538000e+00 9.002419e-24 3.881999e-24 1.288442e-23 
2.540000e+00 8.988777e-24 3.877778e-24 1.286655e-23 
2.542000e+00 8.975394e-24 3.869211e-24 1.284460e-23 
2.544000e+00 8.964947e-24 3.861607e-24 1.282655e-23 
2.546000e+00 8.949913e-24 3.853999e-24 1.280391e-23 
2.548000e+00 8.935070e-24 3.849552e-24 1.278462e-23 
2.550000e+00 8.930469e-24 3.843217e-24 1.277369e-23 
2.552000e+00 8.913764e-24 3.838732e-24 1.275250e-23 
2.554000e+00 8.891897e-24 3.829168e-24 1.272106e-23 
2.556000e+00 8.886880e-24 3.824781e-24 1.271166e-23 
2.558000e+00 8.873088e-24 3.818066e-24 1.269115e-23 
2.560000e+00 8.855806e-24 3.809891e-24 1.266570e-23 
2.562000e+00 8.850590e-24 3.804163e-24 1.265475e-23 
2.564000e+00 8.828835e-24 3.791600e-24 1.262044e-23 
2.566000e+00 8.815196e-24 3.785335e-24 1.260053e-23 
2.568000e+00 8.796332e-24 3.778903e-24 1.257524e-23 
2.570000e+00 8.786891e-24 3.769165e-24 1.255606e-23 
2.572000e+00 8.778834e-24 3.764885e-24 1.254372e-23 
2.574000e+00 8.761054e-24 3.763049e-24 1.252410e-23 
2.576000e+00 8.745156e-24 3.758579e-24 1.250373e-23 
2.578000e+00 8.731891e-24 3.752474e-24 1.248436e-23 
2.580000e+00 8.713948e-24 3.746331e-24 1.246028e-23 
2.582000e+00 8.700750e-24 3.737730e-24 1.243848e-23 
2.584000e+00 8.683904e-24 3.730718e-24 1.241462e-23 
2.586000e+00 8.684989e-24 3.726656e-24 1.241165e-23 
2.588000e+00 8.663356e-24 3.718898e-24 1.238225e-23 
2.590000e+00 8.646002e-24 3.712224e-24 1.235823e-23 
2.592000e+00 8.637612e-24 3.704355e-24 1.234197e-23 
2.594000e+00 8.624554e-24 3.699764e-24 1.232432e-23 
2.596000e+00 8.613145e-24 3.693881e-24 1.230703e-23 
2.598000e+00 8.594272e-24 3.690753e-24 1.228503e-23 
2.600000e+00 8.584061e-24 3.686429e-24 1.227049e-23 
2.602000e+00 8.568041e-24 3.679045e-24 1.224709e-23 
2.604000e+00 8.553400e-24 3.671540e-24 1.222494e-23 
2.606000e+00 8.550586e-24 3.664882e-24 1.221547e-23 
2.608000e+00 8.526497e-24 3.653883e-24 1.218038e-23 
2.610000e+00 8.517520e-24 3.650685e-24 1.216820e-23 
2.612000e+00 8.503898e-24 3.641843e-24 1.214574e-23 
2.614000e+00 8.491800e-24 3.638179e-24 1.212998e-23 
2.616000e+00 8.474067e-24 3.630608e-24 1.210467e-23 
2.618000e+00 8.469174e-24 3.630429e-24 1.209960e-23 
2.620000e+00 8.452750e-24 3.624587e-24 1.207734e-23 
2.622000e+00 8.438913e-24 3.615873e-24 1.205479e-23 
2.624000e+00 8.424504e-24 3.610392e-24 1.203490e-23 
2.626000e+00 8.401643e-24 3.601696e-24 1.200334e-23 
2.628000e+00 8.399625e-24 3.596268e-24 1.199589e-23 
2.630000e+00 8.383076e-24 3.590287e-24 1.197336e-23 
2.632000e+00 8.370984e-24 3.582597e-24 1.195358e-23 
2.634000e+00 8.356746e-24 3.583152e-24 1.193990e-23 
2.636000e+00 8.339128e-24 3.575659e-24 1.191479e-23 
2.638000e+00 8.334773e-24 3.565520e-24 1.190029e-23 
2.640000e+00 8.321679e-24 3.560024e-24 1.188170e-23 
2.642000e+00 8.301162e-24 3.553440e-24 1.185460e-23 
2.644000e+00 8.299553e-24 3.552167e-24 1.185172e-23 
2.646000e+00 8.280073e-24 3.548437e-24 1.182851e-23 
2.648000e+00 8.270401e-24 3.537998e-24 1.180840e-23 
2.650000e+00 8.265198e-24 3.532331e-24 1.179753e-23 
2.652000e+00 8.244302e-24 3.524183e-24 1.176849e-23 
2.654000e+00 8.238971e-24 3.523695e-24 1.176267e-23 
2.656000e+00 8.215532e-24 3.516910e-24 1.173244e-23 
2.658000e+00 8.212849e-24 3.511377e-24 1.172423e-23 
2.660000e+00 8.196619e-24 3.501538e-24 1.169816e-23 
2.662000e+00 8.184578e-24 3.497348e-24 1.168193e-23 
2.664000e+00 8.173326e-24 3.495239e-24 1.166856e-23 
2.666000e+00 8.160670e-24 3.485745e-24 1.164642e-23 
2.668000e+00 8.141343e-24 3.479848e-24 1.162119e-23 
2.670000e+00 8.136243e-24 3.471723e-24 1.160797e-23 
2.672000e+00 8.117606e-24 3.463375e-24 1.158098e-23 
2.674000e+00 8.103877e-24 3.463040e-24 1.156692e-23 
2.676000e+00 8.089379e-24 3.458301e-24 1.154768e-23 
2.678000e+00 8.079544e-24 3.450794e-24 1.153034e-23 
2.680000e+00 8.071851e-24 3.444097e-24 1.151595e-23 
2.682000e+00 8.058175e-24 3.437722e-24 1.149590e-23 
2.684000e+00 8.045725e-24 3.436600e-24 1.148232e-23 
2.686000e+00 8.035777e-24 3.427344e-24 1.146312e-23 
2.688000e+00 8.018043e-24 3.420254e-24 1.143830e-23 
2.690000e+00 8.014312e-24 3.412781e-24 1.142709e-23 
2.692000e+00 7.990099e-24 3.409853e-24 1.139995e-23 
2.694000e+00 7.985161e-24 3.406127e-24 1.139129e-23 
2.696000e+00 7.972242e-24 3.398071e-24 1.137031e-23 
2.698000e+00 7.956653e-24 3.395378e-24 1.135203e-23 
2.700000e+00 7.945535e-24 3.388635e-24 1.133417e-23 
2.702000e+00 7.938934e-24 3.381931e-24 1.132086e-23 
2.704000e+00 7.916227e-24 3.380920e-24 1.129715e-23 
2.706000e+00 7.917503e-24 3.374390e-24 1.129189e-23 
2.708000e+00 7.904146e-24 3.368086e-24 1.127223e-23 
2.710000e+00 7.892806e-24 3.363102e-24 1.125591e-23 
2.712000e+00 7.875262e-24 3.356573e-24 1.123183e-23 
2.714000e+00 7.862407e-24 3.349828e-24 1.121223e-23 
2.716000e+00 7.861601e-24 3.345772e-24 1.120737e-23 
2.718000e+00 7.847368e-24 3.341219e-24 1.118859e-23 
2.720000e+00 7.845050e-24 3.336854e-24 1.118190e-23 
2.722000e+00 7.820427e-24 3.331240e-24 1.115167e-23 
2.724000e+00 7.817879e-24 3.325747e-24 1.114363e-23 
2.726000e+00 7.803235e-24 3.320656e-24 1.112389e-23 
2.728000e+00 7.780919e-24 3.318598e-24 1.109952e-23 
2.730000e+00 7.774452e-24 3.309465e-24 1.108392e-23 
2.732000e+00 7.765031e-24 3.303223e-24 1.106825e-23 
2.734000e+00 7.759863e-24 3.301688e-24 1.106155e-23 
2.736000e+00 7.741641e-24 3.293361e-24 1.103500e-23 
2.738000e+00 7.730870e-24 3.286872e-24 1.101774e-23 
2.740000e+00 7.719768e-24 3.285246e-24 1.100501e-23 
2.742000e+00 7.710714e-24 3.277777e-24 1.098849e-23 
2.744000e+00 7.703220e-24 3.272202e-24 1.097542e-23 
2.746000e+00 7.685796e-24 3.268454e-24 1.095425e-23 
2.748000e+00 7.676225e-24 3.259968e-24 1.093619e-23 
2.750000e+00 7.664264e-24 3.251642e-24 1.091591e-23 
2.752000e+00 7.645036e-24 3.252272e-24 1.089731e-23 
2.754000e+00 7.638056e-24 3.246550e-24 1.088461e-23 
2.756000e+00 7.628191e-24 3.241602e-24 1.086979e-23 
2.758000e+00 7.613657e-24 3.235855e-24 1.084951e-23 
2.760000e+00 7.608528e-24 3.229469e-24 1.083800e-23 
2.762000e+00 7.589378e-24 3.225866e-24 1.081524e-23 
2.764000e+00 7.582093e-24 3.217090e-24 1.079918e-23 
2.766000e+00 7.569973e-24 3.216502e-24 1.078648e-23 
2.768000e+00 7.560881e-24 3.210552e-24 1.077143e-23 
2.770000e+00 7.553215e-24 3.208578e-24 1.076179e-23 
2.772000e+00 7.545353e-24 3.199802e-24 1.074516e-23 
2.774000e+00 7.535411e-24 3.191721e-24 1.072713e-23 
2.776000e+00 7.513463e-24 3.188866e-24 1.070233e-23 
2.778000e+00 7.503912e-24 3.183471e-24 1.068738e-23 
2.780000e+00 7.490645e-24 3.179168e-24 1.066981e-23 
2.782000e+00 7.484139e-24 3.173490e-24 1.065763e-23 
2.784000e+00 7.473097e-24 3.173147e-24 1.064624e-23 
2.786000e+00 7.466811e-24 3.164500e-24 1.063131e-23 
2.788000e+00 7.456740e-24 3.165166e-24 1.062191e-23 
2.790000e+00 7.448375e-24 3.155658e-24 1.060403e-23 
2.792000e+00 7.421803e-24 3.150898e-24 1.057270e-23 
2.794000e+00 7.417073e-24 3.144671e-24 1.056174e-23 
2.796000e+00 7.403152e-24 3.140955e-24 1.054411e-23 
2.798000e+00 7.397018e-24 3.136442e-24 1.053346e-23 
2.800000e+00 7.395057e-24 3.127888e-24 1.052294e-23 
2.802000e+00 7.382548e-24 3.128275e-24 1.051082e-23 
2.804000e+00 7.369943e-24 3.119271e-24 1.048921e-23 
2.806000e+00 7.362326e-24 3.115106e-24 1.047743e-23 
2.808000e+00 7.353952e-24 3.109349e-24 1.046330e-23 
2.810000e+00 7.332692e-24 3.104695e-24 1.043739e-23 
2.812000e+00 7.326173e-24 3.104486e-24 1.043066e-23 
2.814000e+00 7.315702e-24 3.094682e-24 1.041038e-23 
2.816000e+00 7.302209e-24 3.092688e-24 1.039490e-23 
2.818000e+00 7.293226e-24 3.084169e-24 1.037740e-23 
2.820000e+00 7.288183e-24 3.080729e-24 1.036891e-23 
2.822000e+00 7.276989e-24 3.072574e-24 1.034956e-23 
2.824000e+00 7.264394e-24 3.072842e-24 1.033724e-23 
2.826000e+00 7.245983e-24 3.064543e-24 1.031053e-23 
2.828000e+00 7.241998e-24 3.062485e-24 1.030448e-23 
2.830000e+00 7.335578e-24 3.055026e-24 1.039060e-23 
2.832000e+00 7.210942e-24 3.053863e-24 1.026480e-23 
2.834000e+00 7.198021e-24 3.045355e-24 1.024338e-23 
2.836000e+00 7.185958e-24 3.043974e-24 1.022993e-23 
2.838000e+00 7.182439e-24 3.040211e-24 1.022265e-23 
2.840000e+00 7.176722e-24 3.033984e-24 1.021071e-23 
2.842000e+00 7.163037e-24 3.030959e-24 1.019400e-23 
2.844000e+00 7.150416e-24 3.023834e-24 1.017425e-23 
2.846000e+00 7.142095e-24 3.020614e-24 1.016271e-23 
2.848000e+00 7.131595e-24 3.012565e-24 1.014416e-23 
2.850000e+00 7.121400e-24 3.010587e-24 1.013199e-23 
2.852000e+00 7.118028e-24 3.002080e-24 1.012011e-23 
2.854000e+00 7.102837e-24 3.000535e-24 1.010337e-23 
2.856000e+00 7.086543e-24 2.992063e-24 1.007861e-23 
2.858000e+00 7.077193e-24 2.989867e-24 1.006706e-23 
2.860000e+00 7.068041e-24 2.984168e-24 1.005221e-23 
2.862000e+00 7.060107e-24 2.984515e-24 1.004462e-23 
2.864000e+00 7.047517e-24 2.976997e-24 1.002451e-23 
2.866000e+00 7.035692e-24 2.971165e-24 1.000686e-23 
2.868000e+00 7.023395e-24 2.968971e-24 9.992366e-24 
2.870000e+00 7.017160e-24 2.963440e-24 9.980600e-24 
2.872000e+00 7.005313e-24 2.960444e-24 9.965758e-24 
2.874000e+00 7.005372e-24 2.953105e-24 9.958477e-24 
2.876000e+00 6.992731e-24 2.951936e-24 9.944667e-24 
2.878000e+00 6.980147e-24 2.941585e-24 9.921732e-24 
2.880000e+00 6.973682e-24 2.939694e-24 9.913376e-24 
2.882000e+00 6.966091e-24 2.931585e-24 9.897676e-24 
2.884000e+00 6.951934e-24 2.928791e-24 9.880725e-24 
2.886000e+00 6.939469e-24 2.927693e-24 9.867162e-24 
2.888000e+00 6.930221e-24 2.918323e-24 9.848543e-24 
2.890000e+00 6.915697e-24 2.914884e-24 9.830582e-24 
2.892000e+00 6.914764e-24 2.914314e-24 9.829077e-24 
2.894000e+00 6.910138e-24 2.906770e-24 9.816907e-24 
2.896000e+00 6.895293e-24 2.906084e-24 9.801376e-24 
2.898000e+00 6.881693e-24 2.904097e-24 9.785791e-24 
2.900000e+00 6.871836e-24 2.894257e-24 9.766093e-24 
2.902000e+00 6.863585e-24 2.891488e-24 9.755072e-24 
2.904000e+00 6.853881e-24 2.891231e-24 9.745112e-24 
2.906000e+00 6.842353e-24 2.881820e-24 9.724173e-24 
2.908000e+00 6.837514e-24 2.882550e-24 9.720064e-24 
2.910000e+00 6.831866e-24 2.868915e-24 9.700782e-24 
2.912000e+00 6.823245e-24 2.868724e-24 9.691970e-24 
2.914000e+00 6.808717e-24 2.868359e-24 9.677076e-24 
2.916000e+00 6.796324e-24 2.859659e-24 9.655983e-24 
2.918000e+00 6.784981e-24 2.859427e-24 9.644408e-24 
2.920000e+00 6.774309e-24 2.854479e-24 9.628788e-24 
2.922000e+00 6.768771e-24 2.844662e-24 9.613433e-24 
2.924000e+00 6.754722e-24 2.845197e-24 9.599919e-24 
2.926000e+00 6.749934e-24 2.846570e-24 9.596504e-24 
2.928000e+00 6.741681e-24 2.832850e-24 9.574531e-24 
2.930000e+00 6.730463e-24 2.833444e-24 9.563908e-24 
2.932000e+00 6.718937e-24 2.827080e-24 9.546017e-24 
2.934000e+00 6.706619e-24 2.823402e-24 9.530021e-24 
2.936000e+00 6.695221e-24 2.819441e-24 9.514661e-24 
2.938000e+00 6.688753e-24 2.814931e-24 9.503684e-24 
2.940000e+00 6.671830e-24 2.808810e-24 9.480640e-24 
2.942000e+00 6.666651e-24 2.803745e-24 9.470396e-24 
2.944000e+00 6.655690e-24 2.804576e-24 9.460265e-24 
2.946000e+00 6.647360e-24 2.794709e-24 9.442069e-24 
2.948000e+00 6.633274e-24 2.792562e-24 9.425836e-24 
2.950000e+00 6.621155e-24 2.790983e-24 9.412138e-24 
2.952000e+00 6.607678e-24 2.781322e-24 9.388999e-24 
2.954000e+00 6.604903e-24 2.777288e-24 9.382191e-24 
2.956000e+00 6.595557e-24 2.777534e-24 9.373090e-24 
2.958000e+00 6.581222e-24 2.776846e-24 9.358068e-24 
2.960000e+00 6.576549e-24 2.767430e-24 9.343978e-24 
2.962000e+00 6.573114e-24 2.764366e-24 9.337480e-24 
2.964000e+00 6.560335e-24 2.764425e-24 9.324760e-24 
2.966000e+00 6.548528e-24 2.755025e-24 9.303553e-24 
2.968000e+00 6.544662e-24 2.753956e-24 9.298618e-24 
2.970000e+00 6.538767e-24 2.747326e-24 9.286093e-24 
2.972000e+00 6.522123e-24 2.747188e-24 9.269311e-24 
2.974000e+00 6.510688e-24 2.738158e-24 9.248846e-24 
2.976000e+00 6.503412e-24 2.735676e-24 9.239088e-24 
2.978000e+00 6.502502e-24 2.732216e-24 9.234718e-24 
2.980000e+00 6.490466e-24 2.724133e-24 9.214598e-24 
2.982000e+00 6.479763e-24 2.725463e-24 9.205226e-24 
2.984000e+00 6.464658e-24 2.722928e-24 9.187586e-24 
2.986000e+00 6.468302e-24 2.719521e-24 9.187824e-24 
2.988000e+00 6.453662e-24 2.710067e-24 9.163729e-24 
2.990000e+00 6.439324e-24 2.708087e-24 9.147411e-24 
2.992000e+00 6.434881e-24 2.710271e-24 9.145152e-24 
2.994000e+00 6.424834e-24 2.706298e-24 9.131133e-24 
2.996000e+00 6.413469e-24 2.702409e-24 9.115878e-24 
2.998000e+00 6.401334e-24 2.700476e-24 9.101810e-24 
