1.000000e-01 1.837827e-22 1.381942e-22 3.219769e-22 
1.020000e-01 1.834461e-22 1.371638e-22 3.206099e-22 
1.040000e-01 1.826512e-22 1.359567e-22 3.186079e-22 
1.060000e-01 1.814504e-22 1.349009e-22 3.163513e-22 
1.080000e-01 1.797791e-22 1.337734e-22 3.135526e-22 
1.100000e-01 1.774507e-22 1.325785e-22 3.100292e-22 
1.120000e-01 1.740616e-22 1.314663e-22 3.055279e-22 
1.140000e-01 1.683232e-22 1.302890e-22 2.986122e-22 
1.160000e-01 1.513427e-22 1.290580e-22 2.804007e-22 
1.180000e-01 1.661368e-22 1.279894e-22 2.941262e-22 
1.200000e-01 1.720299e-22 1.268767e-22 2.989066e-22 
1.220000e-01 1.749786e-22 1.256509e-22 3.006295e-22 
1.240000e-01 1.768975e-22 1.245381e-22 3.014356e-22 
1.260000e-01 1.783042e-22 1.233890e-22 3.016932e-22 
1.280000e-01 1.793719e-22 1.222016e-22 3.015735e-22 
1.300000e-01 1.801855e-22 1.211015e-22 3.012870e-22 
1.320000e-01 1.808350e-22 1.199533e-22 3.007883e-22 
1.340000e-01 1.813576e-22 1.187754e-22 3.001330e-22 
1.360000e-01 1.817677e-22 1.176643e-22 2.994319e-22 
1.380000e-01 1.820842e-22 1.165098e-22 2.985940e-22 
1.400000e-01 1.823200e-22 1.154132e-22 2.977332e-22 
1.420000e-01 1.825075e-22 1.142166e-22 2.967241e-22 
1.440000e-01 1.826230e-22 1.131053e-22 2.957283e-22 
1.460000e-01 1.826713e-22 1.119391e-22 2.946104e-22 
1.480000e-01 1.826531e-22 1.107521e-22 2.934052e-22 
1.500000e-01 1.825881e-22 1.096456e-22 2.922337e-22 
1.520000e-01 1.824685e-22 1.085206e-22 2.909891e-22 
1.540000e-01 1.822639e-22 1.057988e-22 2.880627e-22 
1.560000e-01 1.819822e-22 1.046889e-22 2.866711e-22 
1.580000e-01 1.815980e-22 1.034809e-22 2.850790e-22 
1.600000e-01 1.811375e-22 1.024059e-22 2.835434e-22 
1.620000e-01 1.805168e-22 1.012537e-22 2.817705e-22 
1.640000e-01 1.795728e-22 1.001833e-22 2.797561e-22 
1.660000e-01 1.778660e-22 9.907279e-23 2.769388e-22 
1.680000e-01 1.728571e-22 9.795864e-23 2.708157e-22 
1.700000e-01 1.747484e-22 9.685468e-23 2.716030e-22 
1.720000e-01 1.768479e-22 9.577497e-23 2.726229e-22 
1.740000e-01 1.778443e-22 9.466196e-23 2.725062e-22 
1.760000e-01 1.784370e-22 9.348559e-23 2.719226e-22 
1.780000e-01 1.789835e-22 9.236984e-23 2.713533e-22 
1.800000e-01 1.793854e-22 9.113913e-23 2.705245e-22 
1.820000e-01 1.797284e-22 9.012266e-23 2.698510e-22 
1.840000e-01 1.800380e-22 8.896241e-23 2.690004e-22 
1.860000e-01 1.803334e-22 8.789583e-23 2.682292e-22 
1.880000e-01 1.806198e-22 8.673827e-23 2.673581e-22 
1.900000e-01 1.809030e-22 8.558518e-23 2.664881e-22 
1.920000e-01 1.812366e-22 8.445911e-23 2.656957e-22 
1.940000e-01 1.817084e-22 8.321587e-23 2.649243e-22 
1.960000e-01 1.824348e-22 8.208157e-23 2.645164e-22 
1.980000e-01 1.841727e-22 8.091883e-23 2.650916e-22 
2.000000e-01 1.877617e-22 7.974624e-23 2.675079e-22 
2.020000e-01 1.851295e-22 7.858365e-23 2.637131e-22 
2.040000e-01 1.840162e-22 7.736863e-23 2.613848e-22 
2.060000e-01 1.832878e-22 7.615072e-23 2.594385e-22 
2.080000e-01 1.827753e-22 7.493350e-23 2.577088e-22 
2.100000e-01 1.822501e-22 7.369877e-23 2.559489e-22 
2.120000e-01 1.817670e-22 7.241635e-23 2.541834e-22 
2.140000e-01 1.813229e-22 7.110987e-23 2.524328e-22 
2.160000e-01 1.808968e-22 6.978215e-23 2.506790e-22 
2.180000e-01 1.804684e-22 6.840017e-23 2.488685e-22 
2.200000e-01 1.800946e-22 6.713192e-23 2.472265e-22 
2.220000e-01 1.797327e-22 6.577969e-23 2.455124e-22 
2.240000e-01 1.793345e-22 6.432869e-23 2.436632e-22 
2.260000e-01 1.789399e-22 6.291297e-23 2.418529e-22 
2.280000e-01 1.784990e-22 6.141199e-23 2.399110e-22 
2.300000e-01 1.780656e-22 5.991121e-23 2.379769e-22 
2.320000e-01 1.776447e-22 5.834813e-23 2.359928e-22 
2.340000e-01 1.771977e-22 5.672169e-23 2.339194e-22 
2.360000e-01 1.767543e-22 5.505966e-23 2.318140e-22 
2.380000e-01 1.762953e-22 5.333551e-23 2.296308e-22 
2.400000e-01 1.758148e-22 5.189702e-23 2.277118e-22 
2.420000e-01 1.753544e-22 5.075101e-23 2.261054e-22 
2.440000e-01 1.748733e-22 4.964095e-23 2.245143e-22 
2.460000e-01 1.744168e-22 4.819019e-23 2.226070e-22 
2.480000e-01 1.739660e-22 4.602628e-23 2.199923e-22 
2.500000e-01 1.735160e-22 4.398837e-23 2.175044e-22 
2.520000e-01 1.730641e-22 4.146728e-23 2.145313e-22 
2.540000e-01 1.725976e-22 3.865099e-23 2.112486e-22 
2.560000e-01 1.721405e-22 3.555548e-23 2.076960e-22 
2.580000e-01 1.716682e-22 3.201451e-23 2.036827e-22 
2.600000e-01 1.712028e-22 2.750128e-23 1.987041e-22 
2.620000e-01 1.707180e-22 2.204853e-23 1.927665e-22 
2.640000e-01 1.702253e-22 1.557020e-23 1.857955e-22 
2.660000e-01 1.697489e-22 9.408388e-24 1.791573e-22 
2.680000e-01 1.692558e-22 4.202656e-24 1.734584e-22 
2.700000e-01 1.687807e-22 8.867746e-25 1.696675e-22 
2.720000e-01 1.682923e-22 7.504820e-25 1.690428e-22 
2.740000e-01 1.678256e-22 4.597857e-24 1.724235e-22 
2.760000e-01 1.673520e-22 1.282296e-23 1.801750e-22 
2.780000e-01 1.668973e-22 1.895550e-23 1.858528e-22 
2.800000e-01 1.664356e-22 3.166273e-23 1.980984e-22 
2.820000e-01 1.659660e-22 3.693037e-23 2.028963e-22 
2.840000e-01 1.654698e-22 3.509640e-23 2.005662e-22 
2.860000e-01 1.649967e-22 3.328819e-23 1.982849e-22 
2.880000e-01 1.621041e-22 3.227230e-23 1.943764e-22 
2.900000e-01 1.639638e-22 3.202345e-23 1.959872e-22 
2.920000e-01 1.634279e-22 3.240517e-23 1.958330e-22 
2.940000e-01 1.629152e-22 3.333036e-23 1.962455e-22 
2.960000e-01 1.623726e-22 3.453107e-23 1.969036e-22 
2.980000e-01 1.618447e-22 3.598437e-23 1.978291e-22 
3.000000e-01 1.612963e-22 3.736405e-23 1.986603e-22 
3.020000e-01 1.607489e-22 3.847461e-23 1.992236e-22 
3.040000e-01 1.601780e-22 3.926072e-23 1.994387e-22 
3.060000e-01 1.595962e-22 3.997549e-23 1.995716e-22 
3.080000e-01 1.590144e-22 4.068713e-23 1.997016e-22 
3.100000e-01 1.582152e-22 4.118016e-23 1.993953e-22 
3.120000e-01 1.576174e-22 4.161580e-23 1.992332e-22 
3.140000e-01 1.570200e-22 4.184638e-23 1.988664e-22 
3.160000e-01 1.566486e-22 4.193677e-23 1.985853e-22 
3.180000e-01 1.560417e-22 4.185396e-23 1.978956e-22 
3.200000e-01 1.554334e-22 4.186883e-23 1.973022e-22 
3.220000e-01 1.548169e-22 4.194220e-23 1.967591e-22 
3.240000e-01 1.542053e-22 4.217730e-23 1.963826e-22 
3.260000e-01 1.535762e-22 4.245906e-23 1.960353e-22 
3.280000e-01 1.529564e-22 4.269920e-23 1.956556e-22 
3.300000e-01 1.523461e-22 4.294568e-23 1.952917e-22 
3.320000e-01 1.517292e-22 4.315340e-23 1.948826e-22 
3.340000e-01 1.511185e-22 4.336184e-23 1.944803e-22 
3.360000e-01 1.504881e-22 4.352424e-23 1.940123e-22 
3.380000e-01 1.498761e-22 4.368143e-23 1.935576e-22 
3.400000e-01 1.489589e-22 4.380874e-23 1.927676e-22 
3.420000e-01 1.483342e-22 4.394444e-23 1.922787e-22 
3.440000e-01 1.476853e-22 4.409424e-23 1.917795e-22 
3.460000e-01 1.470511e-22 4.424167e-23 1.912928e-22 
3.480000e-01 1.463929e-22 4.437300e-23 1.907659e-22 
3.500000e-01 1.457279e-22 4.424370e-23 1.899716e-22 
3.520000e-01 1.450649e-22 4.434616e-23 1.894110e-22 
3.540000e-01 1.443792e-22 4.444682e-23 1.888260e-22 
3.560000e-01 1.437103e-22 4.453554e-23 1.882458e-22 
3.580000e-01 1.430265e-22 4.462293e-23 1.876494e-22 
3.600000e-01 1.423469e-22 4.468776e-23 1.870346e-22 
3.620000e-01 1.416662e-22 4.475471e-23 1.864209e-22 
3.640000e-01 1.409802e-22 4.482019e-23 1.858004e-22 
3.660000e-01 1.402999e-22 4.488883e-23 1.851887e-22 
3.680000e-01 1.396086e-22 4.493926e-23 1.845479e-22 
3.700000e-01 1.389192e-22 4.499324e-23 1.839124e-22 
3.720000e-01 1.382234e-22 4.527649e-23 1.834999e-22 
3.740000e-01 1.375121e-22 4.509298e-23 1.826051e-22 
3.760000e-01 1.368039e-22 4.512644e-23 1.819303e-22 
3.780000e-01 1.360775e-22 4.515677e-23 1.812343e-22 
3.800000e-01 1.353381e-22 4.517156e-23 1.805097e-22 
3.820000e-01 1.346032e-22 4.517939e-23 1.797826e-22 
3.840000e-01 1.334663e-22 4.518645e-23 1.786528e-22 
3.860000e-01 1.327117e-22 4.519592e-23 1.779076e-22 
3.880000e-01 1.319563e-22 4.520288e-23 1.771592e-22 
3.900000e-01 1.311913e-22 4.520511e-23 1.763964e-22 
3.920000e-01 1.304310e-22 4.520980e-23 1.756408e-22 
3.940000e-01 1.296657e-22 4.521277e-23 1.748785e-22 
3.960000e-01 1.289076e-22 4.521700e-23 1.741246e-22 
3.980000e-01 1.281561e-22 4.521547e-23 1.733716e-22 
4.000000e-01 1.273966e-22 4.520998e-23 1.726066e-22 
4.020000e-01 1.266435e-22 4.519801e-23 1.718415e-22 
4.040000e-01 1.258875e-22 4.517282e-23 1.710603e-22 
4.060000e-01 1.251186e-22 4.515026e-23 1.702689e-22 
4.080000e-01 1.243524e-22 4.512685e-23 1.694793e-22 
4.100000e-01 1.235796e-22 4.390147e-23 1.674811e-22 
4.120000e-01 1.228010e-22 4.387718e-23 1.666782e-22 
4.140000e-01 1.135119e-22 4.385258e-23 1.573644e-22 
4.160000e-01 1.212544e-22 4.382904e-23 1.650834e-22 
4.180000e-01 1.204633e-22 4.380326e-23 1.642666e-22 
4.200000e-01 1.196913e-22 4.378030e-23 1.634716e-22 
4.220000e-01 1.188994e-22 4.375145e-23 1.626508e-22 
4.240000e-01 1.181053e-22 4.372432e-23 1.618296e-22 
4.260000e-01 1.173152e-22 4.369203e-23 1.610072e-22 
4.280000e-01 1.165208e-22 4.365621e-23 1.601770e-22 
4.300000e-01 1.157269e-22 4.362070e-23 1.593476e-22 
4.320000e-01 1.149359e-22 4.358067e-23 1.585165e-22 
4.340000e-01 1.141319e-22 4.354295e-23 1.576748e-22 
4.360000e-01 1.133292e-22 4.350608e-23 1.568352e-22 
4.380000e-01 1.125204e-22 4.347298e-23 1.559934e-22 
4.400000e-01 1.117066e-22 4.343826e-23 1.551449e-22 
4.420000e-01 1.108965e-22 4.338762e-23 1.542841e-22 
4.440000e-01 1.087198e-22 4.333968e-23 1.520595e-22 
4.460000e-01 1.078965e-22 4.328961e-23 1.511861e-22 
4.480000e-01 1.070682e-22 4.324028e-23 1.503084e-22 
4.500000e-01 1.062493e-22 4.319320e-23 1.494426e-22 
4.520000e-01 1.054203e-22 4.312315e-23 1.485434e-22 
4.540000e-01 1.045847e-22 4.305118e-23 1.476359e-22 
4.560000e-01 1.037541e-22 4.298281e-23 1.467369e-22 
4.580000e-01 1.029202e-22 4.291125e-23 1.458315e-22 
4.600000e-01 1.020744e-22 4.284160e-23 1.449160e-22 
4.620000e-01 1.012389e-22 4.277198e-23 1.440108e-22 
4.640000e-01 1.003954e-22 4.270135e-23 1.430968e-22 
4.660000e-01 9.954124e-23 4.262888e-23 1.421701e-22 
4.680000e-01 9.868945e-23 4.255951e-23 1.412490e-22 
4.700000e-01 9.783537e-23 4.249000e-23 1.403254e-22 
4.720000e-01 9.696438e-23 4.241823e-23 1.393826e-22 
4.740000e-01 9.609192e-23 4.233377e-23 1.384257e-22 
4.760000e-01 9.521579e-23 4.225005e-23 1.374658e-22 
4.780000e-01 9.433390e-23 4.216361e-23 1.364975e-22 
4.800000e-01 9.344266e-23 4.207561e-23 1.355183e-22 
4.820000e-01 9.254586e-23 4.198344e-23 1.345293e-22 
4.840000e-01 9.164275e-23 4.189359e-23 1.335363e-22 
4.860000e-01 9.072488e-23 4.180050e-23 1.325254e-22 
4.880000e-01 8.979856e-23 4.170949e-23 1.315081e-22 
4.900000e-01 8.886423e-23 4.160861e-23 1.304728e-22 
4.920000e-01 8.792096e-23 4.150632e-23 1.294273e-22 
4.940000e-01 8.696018e-23 4.140488e-23 1.283651e-22 
4.960000e-01 8.599553e-23 4.142355e-23 1.274191e-22 
4.980000e-01 8.500839e-23 4.119610e-23 1.262045e-22 
5.000000e-01 8.399931e-23 4.109030e-23 1.250896e-22 
5.020000e-01 8.298089e-23 4.099002e-23 1.239709e-22 
5.040000e-01 8.194097e-23 4.088929e-23 1.228303e-22 
5.060000e-01 8.087755e-23 4.078823e-23 1.216658e-22 
5.080000e-01 7.978752e-23 4.068801e-23 1.204755e-22 
5.100000e-01 7.867171e-23 4.058804e-23 1.192597e-22 
5.120000e-01 7.751777e-23 4.048808e-23 1.180059e-22 
5.140000e-01 7.633560e-23 4.038716e-23 1.167228e-22 
5.160000e-01 7.511097e-23 4.029040e-23 1.154014e-22 
5.180000e-01 7.383831e-23 4.019254e-23 1.140309e-22 
5.200000e-01 7.249641e-23 4.009588e-23 1.125923e-22 
5.220000e-01 7.109625e-23 3.999942e-23 1.110957e-22 
5.240000e-01 6.961166e-23 3.989865e-23 1.095103e-22 
5.260000e-01 6.802630e-23 3.979454e-23 1.078208e-22 
5.280000e-01 6.631876e-23 3.968900e-23 1.060078e-22 
5.300000e-01 6.411309e-23 3.958420e-23 1.036973e-22 
5.320000e-01 6.207769e-23 3.948067e-23 1.015584e-22 
5.340000e-01 5.969187e-23 3.937292e-23 9.906479e-23 
5.360000e-01 5.682778e-23 3.926141e-23 9.608920e-23 
5.380000e-01 5.293083e-23 3.914132e-23 9.207215e-23 
5.400000e-01 4.742543e-23 3.902278e-23 8.644821e-23 
5.420000e-01 4.130984e-23 3.890843e-23 8.021827e-23 
5.440000e-01 3.743581e-23 3.880153e-23 7.623735e-23 
5.460000e-01 3.812433e-23 3.869556e-23 7.681989e-23 
5.480000e-01 4.222136e-23 3.858672e-23 8.080808e-23 
5.500000e-01 4.653591e-23 3.846883e-23 8.500474e-23 
5.520000e-01 4.984388e-23 3.835162e-23 8.819550e-23 
5.540000e-01 5.183731e-23 3.823642e-23 9.007372e-23 
5.560000e-01 5.332318e-23 3.812926e-23 9.145243e-23 
5.580000e-01 5.444946e-23 3.802007e-23 9.246952e-23 
5.600000e-01 5.538544e-23 3.791402e-23 9.329946e-23 
5.620000e-01 5.617706e-23 3.780040e-23 9.397745e-23 
5.640000e-01 5.684628e-23 3.768595e-23 9.453224e-23 
5.660000e-01 5.741857e-23 3.757170e-23 9.499026e-23 
5.680000e-01 5.789930e-23 3.745573e-23 9.535502e-23 
5.700000e-01 5.830697e-23 3.733971e-23 9.564668e-23 
5.720000e-01 5.921905e-23 3.722124e-23 9.644029e-23 
5.740000e-01 5.895170e-23 3.710391e-23 9.605561e-23 
5.760000e-01 5.921931e-23 3.698487e-23 9.620418e-23 
5.780000e-01 5.943384e-23 3.686954e-23 9.630338e-23 
5.800000e-01 5.960836e-23 3.675153e-23 9.635989e-23 
5.820000e-01 5.975810e-23 3.663729e-23 9.639539e-23 
5.840000e-01 5.988301e-23 3.652273e-23 9.640574e-23 
5.860000e-01 5.998424e-23 3.641283e-23 9.639708e-23 
5.880000e-01 6.004460e-23 3.629573e-23 9.634033e-23 
5.900000e-01 6.009132e-23 3.618071e-23 9.627203e-23 
5.920000e-01 6.012020e-23 3.606320e-23 9.618340e-23 
5.940000e-01 6.013090e-23 3.594333e-23 9.607423e-23 
5.960000e-01 6.012040e-23 3.582861e-23 9.594902e-23 
5.980000e-01 6.008809e-23 3.571003e-23 9.579812e-23 
6.000000e-01 6.005104e-23 3.559037e-23 9.564141e-23 
6.020000e-01 5.999605e-23 3.546250e-23 9.545855e-23 
6.040000e-01 5.992437e-23 3.533275e-23 9.525712e-23 
6.060000e-01 5.983861e-23 3.520096e-23 9.503957e-23 
6.080000e-01 5.974312e-23 3.508168e-23 9.482481e-23 
6.100000e-01 5.964122e-23 3.497683e-23 9.461804e-23 
6.120000e-01 5.952751e-23 3.486677e-23 9.439429e-23 
6.140000e-01 5.938770e-23 3.475946e-23 9.414716e-23 
6.160000e-01 5.925174e-23 3.463730e-23 9.388904e-23 
6.180000e-01 5.910270e-23 3.451361e-23 9.361631e-23 
6.200000e-01 5.894663e-23 3.438996e-23 9.333659e-23 
6.220000e-01 5.877725e-23 3.426783e-23 9.304508e-23 
6.240000e-01 5.859730e-23 3.414987e-23 9.274716e-23 
6.260000e-01 5.841748e-23 3.403317e-23 9.245065e-23 
6.280000e-01 5.822434e-23 3.391568e-23 9.214002e-23 
6.300000e-01 5.801987e-23 3.379428e-23 9.181415e-23 
6.320000e-01 5.780874e-23 3.366770e-23 9.147644e-23 
6.340000e-01 5.668187e-23 3.354076e-23 9.022262e-23 
6.360000e-01 5.645156e-23 3.311741e-23 8.956897e-23 
6.380000e-01 5.621410e-23 3.299928e-23 8.921338e-23 
6.400000e-01 5.596558e-23 3.287513e-23 8.884071e-23 
6.420000e-01 5.570320e-23 3.275084e-23 8.845404e-23 
6.440000e-01 5.544179e-23 3.263451e-23 8.807630e-23 
6.460000e-01 5.516858e-23 3.252489e-23 8.769347e-23 
6.480000e-01 5.488378e-23 3.241409e-23 8.729787e-23 
6.500000e-01 5.458426e-23 3.231047e-23 8.689473e-23 
6.520000e-01 5.427445e-23 3.218487e-23 8.645932e-23 
6.540000e-01 5.395777e-23 3.205328e-23 8.601105e-23 
6.560000e-01 5.362219e-23 3.192258e-23 8.554477e-23 
6.580000e-01 5.327560e-23 3.179103e-23 8.506664e-23 
6.600000e-01 5.291615e-23 3.167291e-23 8.458906e-23 
6.620000e-01 5.254040e-23 3.155173e-23 8.409213e-23 
6.640000e-01 5.215621e-23 3.143366e-23 8.358987e-23 
6.660000e-01 5.174725e-23 3.131362e-23 8.306088e-23 
6.680000e-01 5.132517e-23 3.119175e-23 8.251692e-23 
6.700000e-01 5.088453e-23 3.106692e-23 8.195145e-23 
6.720000e-01 5.043417e-23 3.094163e-23 8.137580e-23 
6.740000e-01 4.996062e-23 3.081754e-23 8.077816e-23 
6.760000e-01 4.946021e-23 3.069928e-23 8.015949e-23 
6.780000e-01 4.894009e-23 3.058370e-23 7.952379e-23 
6.800000e-01 4.840168e-23 3.046668e-23 7.886836e-23 
6.820000e-01 4.781895e-23 3.034593e-23 7.816488e-23 
6.840000e-01 4.720761e-23 3.023029e-23 7.743790e-23 
6.860000e-01 4.655618e-23 3.011461e-23 7.667078e-23 
6.880000e-01 4.671514e-23 3.064455e-23 7.735969e-23 
6.900000e-01 4.509600e-23 2.987626e-23 7.497226e-23 
6.920000e-01 4.425746e-23 2.975952e-23 7.401697e-23 
6.940000e-01 4.330642e-23 2.964029e-23 7.294671e-23 
6.960000e-01 4.226256e-23 2.952498e-23 7.178754e-23 
6.980000e-01 4.098534e-23 2.940225e-23 7.038759e-23 
7.000000e-01 3.920366e-23 2.928367e-23 6.848733e-23 
7.020000e-01 3.709825e-23 2.916052e-23 6.625877e-23 
7.040000e-01 3.453935e-23 2.904281e-23 6.358216e-23 
7.060000e-01 3.282751e-23 2.891987e-23 6.174738e-23 
7.080000e-01 3.190742e-23 2.880448e-23 6.071190e-23 
7.100000e-01 3.292275e-23 2.868161e-23 6.160436e-23 
7.120000e-01 3.457984e-23 2.856371e-23 6.314355e-23 
7.140000e-01 3.691989e-23 2.844259e-23 6.536248e-23 
7.160000e-01 3.880810e-23 2.832750e-23 6.713559e-23 
7.180000e-01 4.040476e-23 2.820979e-23 6.861455e-23 
7.200000e-01 4.137236e-23 2.809310e-23 6.946545e-23 
7.220000e-01 4.212945e-23 2.797761e-23 7.010706e-23 
7.240000e-01 4.278364e-23 2.786575e-23 7.064939e-23 
7.260000e-01 4.330104e-23 2.775204e-23 7.105308e-23 
7.280000e-01 4.376273e-23 2.764263e-23 7.140535e-23 
7.300000e-01 4.417927e-23 2.752398e-23 7.170325e-23 
7.320000e-01 4.451024e-23 2.740833e-23 7.191857e-23 
7.340000e-01 4.482096e-23 2.728831e-23 7.210927e-23 
7.360000e-01 4.508847e-23 2.717070e-23 7.225917e-23 
7.380000e-01 4.533050e-23 2.705093e-23 7.238143e-23 
7.400000e-01 4.555175e-23 2.693221e-23 7.248396e-23 
7.420000e-01 4.573776e-23 2.681464e-23 7.255240e-23 
7.440000e-01 4.590360e-23 2.670079e-23 7.260440e-23 
7.460000e-01 4.605187e-23 2.658088e-23 7.263275e-23 
7.480000e-01 4.618767e-23 2.646833e-23 7.265600e-23 
7.500000e-01 4.630712e-23 2.635651e-23 7.266363e-23 
7.520000e-01 4.641007e-23 2.624740e-23 7.265748e-23 
7.540000e-01 4.649713e-23 2.613306e-23 7.263019e-23 
7.560000e-01 4.657071e-23 2.602020e-23 7.259092e-23 
7.580000e-01 4.663471e-23 2.591236e-23 7.254707e-23 
7.600000e-01 4.669450e-23 2.580248e-23 7.249698e-23 
7.620000e-01 4.673904e-23 2.569587e-23 7.243491e-23 
7.640000e-01 4.677819e-23 2.558644e-23 7.236463e-23 
7.660000e-01 4.680441e-23 2.547992e-23 7.228432e-23 
7.680000e-01 4.682386e-23 2.537787e-23 7.220173e-23 
7.700000e-01 4.683820e-23 2.527087e-23 7.210907e-23 
7.720000e-01 4.684425e-23 2.516693e-23 7.201118e-23 
7.740000e-01 4.684085e-23 2.505774e-23 7.189859e-23 
7.760000e-01 4.682999e-23 2.494267e-23 7.177266e-23 
7.780000e-01 4.681256e-23 2.483244e-23 7.164500e-23 
7.800000e-01 4.678923e-23 2.472047e-23 7.150970e-23 
7.820000e-01 4.675818e-23 2.460312e-23 7.136130e-23 
7.840000e-01 4.672263e-23 2.449885e-23 7.122148e-23 
7.860000e-01 4.667139e-23 2.439098e-23 7.106237e-23 
7.880000e-01 4.661897e-23 2.428344e-23 7.090241e-23 
7.900000e-01 4.656033e-23 2.417670e-23 7.073703e-23 
7.920000e-01 4.649157e-23 2.406850e-23 7.056008e-23 
7.940000e-01 4.610772e-23 2.396664e-23 7.007436e-23 
7.960000e-01 4.600189e-23 2.386501e-23 6.986690e-23 
7.980000e-01 4.589713e-23 2.375942e-23 6.965655e-23 
8.000000e-01 4.579167e-23 2.365591e-23 6.944758e-23 
8.020000e-01 4.569665e-23 2.355564e-23 6.925229e-23 
8.040000e-01 4.561122e-23 2.345742e-23 6.906864e-23 
8.060000e-01 4.553029e-23 2.335332e-23 6.888361e-23 
8.080000e-01 4.545060e-23 2.324961e-23 6.870020e-23 
8.100000e-01 4.536549e-23 2.314753e-23 6.851302e-23 
8.120000e-01 4.528642e-23 2.304260e-23 6.832902e-23 
8.140000e-01 4.521695e-23 2.292995e-23 6.814690e-23 
8.160000e-01 4.514367e-23 2.282429e-23 6.796796e-23 
8.180000e-01 4.507096e-23 2.271542e-23 6.778639e-23 
8.200000e-01 4.499603e-23 2.261587e-23 6.761191e-23 
8.220000e-01 4.492659e-23 2.252006e-23 6.744665e-23 
8.240000e-01 4.485178e-23 2.242490e-23 6.727668e-23 
8.260000e-01 4.478530e-23 2.233488e-23 6.712017e-23 
8.280000e-01 4.471620e-23 2.223850e-23 6.695471e-23 
8.300000e-01 4.464565e-23 2.214112e-23 6.678677e-23 
8.320000e-01 4.458021e-23 2.204159e-23 6.662180e-23 
8.340000e-01 4.451281e-23 2.194114e-23 6.645396e-23 
8.360000e-01 4.444874e-23 2.183977e-23 6.628851e-23 
8.380000e-01 4.438697e-23 2.173846e-23 6.612543e-23 
8.400000e-01 4.432583e-23 2.163844e-23 6.596427e-23 
8.420000e-01 4.426915e-23 2.154920e-23 6.581835e-23 
8.440000e-01 4.421394e-23 2.144982e-23 6.566376e-23 
8.460000e-01 4.415563e-23 2.135444e-23 6.551006e-23 
8.480000e-01 4.410322e-23 2.125594e-23 6.535916e-23 
8.500000e-01 4.405444e-23 2.116487e-23 6.521932e-23 
8.520000e-01 4.400606e-23 2.107132e-23 6.507738e-23 
8.540000e-01 4.395971e-23 2.097922e-23 6.493892e-23 
8.560000e-01 4.391549e-23 2.088782e-23 6.480331e-23 
8.580000e-01 4.386879e-23 2.079572e-23 6.466451e-23 
8.600000e-01 4.448199e-23 2.069503e-23 6.517702e-23 
8.620000e-01 4.377420e-23 2.059650e-23 6.437070e-23 
8.640000e-01 4.372697e-23 2.049876e-23 6.422573e-23 
8.660000e-01 4.367085e-23 2.040095e-23 6.407180e-23 
8.680000e-01 4.362354e-23 2.030631e-23 6.392985e-23 
8.700000e-01 4.357221e-23 2.020940e-23 6.378161e-23 
8.720000e-01 4.350827e-23 2.011244e-23 6.362071e-23 
8.740000e-01 4.344755e-23 2.002245e-23 6.347000e-23 
8.760000e-01 4.337496e-23 1.992502e-23 6.329998e-23 
8.780000e-01 4.329937e-23 1.983186e-23 6.313122e-23 
8.800000e-01 4.322221e-23 1.974914e-23 6.297135e-23 
8.820000e-01 4.314187e-23 1.966675e-23 6.280862e-23 
8.840000e-01 4.306771e-23 1.958667e-23 6.265437e-23 
8.860000e-01 4.298956e-23 1.950092e-23 6.249049e-23 
8.880000e-01 4.290486e-23 1.941970e-23 6.232456e-23 
8.900000e-01 4.282028e-23 1.933115e-23 6.215143e-23 
8.920000e-01 4.273017e-23 1.924490e-23 6.197507e-23 
8.940000e-01 4.264125e-23 1.915600e-23 6.179725e-23 
8.960000e-01 4.255671e-23 1.907096e-23 6.162766e-23 
8.980000e-01 4.247226e-23 1.898442e-23 6.145668e-23 
9.000000e-01 4.238040e-23 1.889402e-23 6.127442e-23 
9.020000e-01 4.229008e-23 1.879878e-23 6.108886e-23 
9.040000e-01 4.219538e-23 1.870612e-23 6.090151e-23 
9.060000e-01 4.210039e-23 1.861712e-23 6.071751e-23 
9.080000e-01 4.201219e-23 1.852090e-23 6.053308e-23 
9.100000e-01 4.191356e-23 1.844026e-23 6.035382e-23 
9.120000e-01 4.182216e-23 1.836049e-23 6.018265e-23 
9.140000e-01 4.172287e-23 1.827765e-23 6.000052e-23 
9.160000e-01 4.162300e-23 1.819740e-23 5.982040e-23 
9.180000e-01 4.152679e-23 1.811940e-23 5.964619e-23 
9.200000e-01 4.142305e-23 1.803540e-23 5.945845e-23 
9.220000e-01 4.132642e-23 1.794628e-23 5.927270e-23 
9.240000e-01 4.122979e-23 1.786115e-23 5.909094e-23 
9.260000e-01 4.113324e-23 1.777618e-23 5.890943e-23 
9.280000e-01 4.103431e-23 1.768986e-23 5.872417e-23 
9.300000e-01 4.092961e-23 1.760639e-23 5.853601e-23 
9.320000e-01 4.082677e-23 1.753162e-23 5.835839e-23 
9.340000e-01 4.072249e-23 1.745869e-23 5.818118e-23 
9.360000e-01 4.061738e-23 1.738530e-23 5.800268e-23 
9.380000e-01 4.051863e-23 1.730651e-23 5.782513e-23 
9.400000e-01 4.040972e-23 1.723258e-23 5.764230e-23 
9.420000e-01 4.031104e-23 1.715714e-23 5.746817e-23 
9.440000e-01 4.020184e-23 1.707855e-23 5.728039e-23 
9.460000e-01 4.009649e-23 1.699869e-23 5.709518e-23 
9.480000e-01 3.998873e-23 1.692112e-23 5.690985e-23 
9.500000e-01 3.988921e-23 1.684316e-23 5.673237e-23 
9.520000e-01 3.977962e-23 1.676350e-23 5.654312e-23 
9.540000e-01 3.967060e-23 1.668922e-23 5.635982e-23 
9.560000e-01 3.956727e-23 1.661641e-23 5.618367e-23 
9.580000e-01 3.945680e-23 1.653879e-23 5.599560e-23 
9.600000e-01 3.935463e-23 1.646400e-23 5.581863e-23 
9.620000e-01 3.924796e-23 1.638838e-23 5.563634e-23 
9.640000e-01 3.913088e-23 1.631063e-23 5.544151e-23 
9.660000e-01 3.902524e-23 1.622917e-23 5.525441e-23 
9.680000e-01 3.891655e-23 1.614797e-23 5.506452e-23 
9.700000e-01 3.880823e-23 1.606448e-23 5.487271e-23 
9.720000e-01 3.869866e-23 1.598433e-23 5.468298e-23 
9.740000e-01 3.859173e-23 1.590867e-23 5.450040e-23 
9.760000e-01 3.848373e-23 1.583860e-23 5.432233e-23 
9.780000e-01 3.837772e-23 1.576736e-23 5.414508e-23 
9.800000e-01 3.826593e-23 1.569800e-23 5.396393e-23 
9.820000e-01 3.815674e-23 1.562727e-23 5.378401e-23 
9.840000e-01 3.804124e-23 1.555875e-23 5.359999e-23 
9.860000e-01 3.793363e-23 1.548578e-23 5.341941e-23 
9.880000e-01 3.782718e-23 1.540780e-23 5.323498e-23 
9.900000e-01 3.771565e-23 1.533512e-23 5.305077e-23 
9.920000e-01 3.760426e-23 1.525742e-23 5.286168e-23 
9.940000e-01 3.750147e-23 1.518298e-23 5.268445e-23 
9.960000e-01 3.738628e-23 1.511386e-23 5.250014e-23 
9.980000e-01 3.728123e-23 1.506366e-23 5.234489e-23 
1.000000e+00 3.717067e-23 1.501237e-23 5.218304e-23 
1.002000e+00 3.706205e-23 1.494963e-23 5.201168e-23 
1.004000e+00 3.695645e-23 1.488507e-23 5.184153e-23 
1.006000e+00 3.684616e-23 1.482257e-23 5.166873e-23 
1.008000e+00 3.673883e-23 1.475758e-23 5.149641e-23 
1.010000e+00 3.662954e-23 1.469711e-23 5.132664e-23 
1.012000e+00 3.651915e-23 1.463004e-23 5.114919e-23 
1.014000e+00 3.640927e-23 1.456651e-23 5.097577e-23 
1.016000e+00 3.629834e-23 1.450507e-23 5.080341e-23 
1.018000e+00 3.619222e-23 1.443772e-23 5.062995e-23 
1.020000e+00 3.608287e-23 1.437492e-23 5.045779e-23 
1.022000e+00 3.597499e-23 1.431134e-23 5.028633e-23 
1.024000e+00 3.586303e-23 1.424612e-23 5.010915e-23 
1.026000e+00 3.575359e-23 1.418706e-23 4.994064e-23 
1.028000e+00 3.564868e-23 1.412922e-23 4.977790e-23 
1.030000e+00 3.553495e-23 1.406773e-23 4.960267e-23 
1.032000e+00 3.542668e-23 1.400784e-23 4.943452e-23 
1.034000e+00 3.531845e-23 1.429548e-23 4.961393e-23 
1.036000e+00 3.521336e-23 1.388650e-23 4.909986e-23 
1.038000e+00 3.510229e-23 1.382398e-23 4.892627e-23 
1.040000e+00 3.498970e-23 1.376633e-23 4.875603e-23 
1.042000e+00 3.488626e-23 1.370437e-23 4.859062e-23 
1.044000e+00 3.477503e-23 1.364382e-23 4.841885e-23 
1.046000e+00 3.466741e-23 1.358479e-23 4.825220e-23 
1.048000e+00 3.456314e-23 1.352470e-23 4.808784e-23 
1.050000e+00 3.445404e-23 1.346765e-23 4.792169e-23 
1.052000e+00 3.434490e-23 1.340852e-23 4.775342e-23 
1.054000e+00 3.423642e-23 1.335250e-23 4.758892e-23 
1.056000e+00 3.413148e-23 1.329918e-23 4.743065e-23 
1.058000e+00 3.402131e-23 1.324036e-23 4.726167e-23 
1.060000e+00 3.391944e-23 1.318333e-23 4.710278e-23 
1.062000e+00 3.380571e-23 1.312578e-23 4.693149e-23 
1.064000e+00 3.322036e-23 1.306930e-23 4.628967e-23 
1.066000e+00 3.311128e-23 1.301285e-23 4.612413e-23 
1.068000e+00 3.300120e-23 1.295368e-23 4.595488e-23 
1.070000e+00 3.288927e-23 1.289861e-23 4.578789e-23 
1.072000e+00 3.278803e-23 1.284314e-23 4.563118e-23 
1.074000e+00 3.267604e-23 1.278758e-23 4.546362e-23 
1.076000e+00 3.257067e-23 1.273383e-23 4.530450e-23 
1.078000e+00 3.246375e-23 1.267939e-23 4.514314e-23 
1.080000e+00 3.235925e-23 1.262525e-23 4.498451e-23 
1.082000e+00 3.225369e-23 1.257076e-23 4.482446e-23 
1.084000e+00 3.213839e-23 1.251809e-23 4.465648e-23 
1.086000e+00 3.203936e-23 1.246532e-23 4.450468e-23 
1.088000e+00 3.192772e-23 1.241386e-23 4.434158e-23 
1.090000e+00 3.182427e-23 1.235619e-23 4.418046e-23 
1.092000e+00 3.172268e-23 1.230212e-23 4.402480e-23 
1.094000e+00 3.160996e-23 1.225070e-23 4.386065e-23 
1.096000e+00 3.150354e-23 1.219854e-23 4.370208e-23 
1.098000e+00 3.188551e-23 1.214381e-23 4.402932e-23 
1.100000e+00 3.178083e-23 1.209423e-23 4.387506e-23 
1.102000e+00 3.119185e-23 1.204289e-23 4.323474e-23 
1.104000e+00 3.108399e-23 1.199137e-23 4.307536e-23 
1.106000e+00 3.098263e-23 1.194245e-23 4.292509e-23 
1.108000e+00 3.087422e-23 1.189172e-23 4.276595e-23 
1.110000e+00 3.077171e-23 1.184355e-23 4.261527e-23 
1.112000e+00 3.066351e-23 1.178751e-23 4.245102e-23 
1.114000e+00 3.056097e-23 1.173828e-23 4.229925e-23 
1.116000e+00 3.045747e-23 1.168741e-23 4.214488e-23 
1.118000e+00 3.035120e-23 1.163732e-23 4.198852e-23 
1.120000e+00 3.024281e-23 1.158550e-23 4.182830e-23 
1.122000e+00 3.014612e-23 1.153324e-23 4.167937e-23 
1.124000e+00 3.003654e-23 1.148813e-23 4.152467e-23 
1.126000e+00 2.993526e-23 1.144108e-23 4.137634e-23 
1.128000e+00 2.982904e-23 1.139491e-23 4.122395e-23 
1.130000e+00 2.972403e-23 1.134762e-23 4.107165e-23 
1.132000e+00 2.962296e-23 1.129669e-23 4.091964e-23 
1.134000e+00 2.952006e-23 1.125228e-23 4.077234e-23 
1.136000e+00 2.942340e-23 1.120308e-23 4.062647e-23 
1.138000e+00 2.932414e-23 1.116002e-23 4.048416e-23 
1.140000e+00 2.921827e-23 1.111102e-23 4.032929e-23 
1.142000e+00 2.911145e-23 1.106372e-23 4.017517e-23 
1.144000e+00 2.901193e-23 1.101524e-23 4.002718e-23 
1.146000e+00 2.890428e-23 1.096927e-23 3.987355e-23 
1.148000e+00 2.880338e-23 1.092405e-23 3.972744e-23 
1.150000e+00 2.870321e-23 1.087652e-23 3.957972e-23 
1.152000e+00 2.860744e-23 1.083386e-23 3.944130e-23 
1.154000e+00 2.850456e-23 1.078983e-23 3.929439e-23 
1.156000e+00 2.840735e-23 1.074636e-23 3.915372e-23 
1.158000e+00 2.830121e-23 1.069911e-23 3.900032e-23 
1.160000e+00 2.820506e-23 1.065329e-23 3.885835e-23 
1.162000e+00 2.810309e-23 1.060704e-23 3.871013e-23 
1.164000e+00 2.800097e-23 1.056501e-23 3.856598e-23 
1.166000e+00 2.789604e-23 1.051958e-23 3.841562e-23 
1.168000e+00 2.779628e-23 1.047527e-23 3.827154e-23 
1.170000e+00 2.769597e-23 1.043013e-23 3.812609e-23 
1.172000e+00 2.759841e-23 1.038536e-23 3.798377e-23 
1.174000e+00 2.750426e-23 1.033974e-23 3.784400e-23 
1.176000e+00 2.740209e-23 1.029965e-23 3.770174e-23 
1.178000e+00 2.729898e-23 1.025696e-23 3.755594e-23 
1.180000e+00 2.720611e-23 1.021208e-23 3.741819e-23 
1.182000e+00 2.710191e-23 1.017393e-23 3.727584e-23 
1.184000e+00 2.699641e-23 1.013069e-23 3.712710e-23 
1.186000e+00 2.689823e-23 1.008907e-23 3.698730e-23 
1.188000e+00 2.680239e-23 1.004772e-23 3.685011e-23 
1.190000e+00 2.670009e-23 1.000663e-23 3.670672e-23 
1.192000e+00 2.660324e-23 9.963517e-24 3.656676e-23 
1.194000e+00 2.650551e-23 9.923543e-24 3.642905e-23 
1.196000e+00 2.640489e-23 9.882156e-24 3.628704e-23 
1.198000e+00 2.631044e-23 9.840524e-24 3.615097e-23 
1.200000e+00 2.621025e-23 9.798366e-24 3.600862e-23 
1.202000e+00 2.610817e-23 9.758234e-24 3.586640e-23 
1.204000e+00 2.600912e-23 9.717942e-24 3.572707e-23 
1.206000e+00 2.591403e-23 9.681868e-24 3.559590e-23 
1.208000e+00 2.581560e-23 9.639355e-24 3.545496e-23 
1.210000e+00 2.571463e-23 9.602414e-24 3.531705e-23 
1.212000e+00 2.561967e-23 9.560858e-24 3.518052e-23 
1.214000e+00 2.552060e-23 9.524394e-24 3.504499e-23 
1.216000e+00 2.542473e-23 9.487039e-24 3.491177e-23 
1.218000e+00 2.532541e-23 9.447245e-24 3.477265e-23 
1.220000e+00 2.522504e-23 9.407390e-24 3.463243e-23 
1.222000e+00 2.512385e-23 9.367915e-24 3.449177e-23 
1.224000e+00 2.502634e-23 9.330395e-24 3.435673e-23 
1.226000e+00 2.492559e-23 9.293470e-24 3.421906e-23 
1.228000e+00 2.482940e-23 9.253595e-24 3.408300e-23 
1.230000e+00 2.473220e-23 9.214058e-24 3.394626e-23 
1.232000e+00 2.463444e-23 9.175776e-24 3.381021e-23 
1.234000e+00 2.453423e-23 9.145317e-24 3.367955e-23 
1.236000e+00 2.443097e-23 9.108140e-24 3.353911e-23 
1.238000e+00 2.433198e-23 9.066923e-24 3.339891e-23 
1.240000e+00 2.422725e-23 9.032231e-24 3.325948e-23 
1.242000e+00 2.413454e-23 8.995944e-24 3.313048e-23 
1.244000e+00 2.403424e-23 8.958784e-24 3.299303e-23 
1.246000e+00 2.392202e-23 8.923949e-24 3.284597e-23 
1.248000e+00 2.300457e-23 8.888936e-24 3.189351e-23 
1.250000e+00 2.371900e-23 8.853904e-24 3.257290e-23 
1.252000e+00 2.361711e-23 8.817854e-24 3.243496e-23 
1.254000e+00 2.351113e-23 8.781418e-24 3.229255e-23 
1.256000e+00 2.340345e-23 8.748040e-24 3.215149e-23 
1.258000e+00 2.330075e-23 8.706943e-24 3.200769e-23 
1.260000e+00 2.318982e-23 8.669685e-24 3.185951e-23 
1.262000e+00 2.308009e-23 8.639486e-24 3.171957e-23 
1.264000e+00 2.297532e-23 8.605076e-24 3.158040e-23 
1.266000e+00 2.286373e-23 8.571407e-24 3.143513e-23 
1.268000e+00 2.274466e-23 8.536626e-24 3.128129e-23 
1.270000e+00 2.263290e-23 8.503816e-24 3.113672e-23 
1.272000e+00 2.251051e-23 8.470905e-24 3.098142e-23 
1.274000e+00 2.239231e-23 8.436187e-24 3.082850e-23 
1.276000e+00 2.226931e-23 8.401472e-24 3.067078e-23 
1.278000e+00 2.213890e-23 8.367812e-24 3.050671e-23 
1.280000e+00 2.200946e-23 8.332700e-24 3.034216e-23 
1.282000e+00 2.187201e-23 8.063970e-24 2.993598e-23 
1.284000e+00 2.171922e-23 8.027903e-24 2.974713e-23 
1.286000e+00 2.155981e-23 7.994269e-24 2.955408e-23 
1.288000e+00 2.138345e-23 7.962252e-24 2.934570e-23 
1.290000e+00 2.114952e-23 7.929799e-24 2.907932e-23 
1.292000e+00 2.132216e-23 7.898310e-24 2.922047e-23 
1.294000e+00 2.068656e-23 7.865194e-24 2.855176e-23 
1.296000e+00 2.044532e-23 7.832627e-24 2.827794e-23 
1.298000e+00 2.020955e-23 7.799365e-24 2.800891e-23 
1.300000e+00 2.006607e-23 7.768618e-24 2.783469e-23 
1.302000e+00 1.996210e-23 7.975644e-24 2.793775e-23 
1.304000e+00 1.986215e-23 7.942182e-24 2.780434e-23 
1.306000e+00 1.987038e-23 7.910847e-24 2.778123e-23 
1.308000e+00 1.989809e-23 7.878278e-24 2.777637e-23 
1.310000e+00 1.993304e-23 7.848119e-24 2.778116e-23 
1.312000e+00 2.002632e-23 7.819194e-24 2.784551e-23 
1.314000e+00 2.012062e-23 7.788013e-24 2.790863e-23 
1.316000e+00 2.021741e-23 7.754783e-24 2.797220e-23 
1.318000e+00 2.025899e-23 7.724286e-24 2.798328e-23 
1.320000e+00 2.030281e-23 7.693038e-24 2.799585e-23 
1.322000e+00 2.033733e-23 7.666596e-24 2.800392e-23 
1.324000e+00 2.033710e-23 7.634657e-24 2.797175e-23 
1.326000e+00 2.034476e-23 7.369285e-24 2.771405e-23 
1.328000e+00 2.034225e-23 7.339480e-24 2.768173e-23 
1.330000e+00 2.032848e-23 7.313495e-24 2.764198e-23 
1.332000e+00 2.031456e-23 7.279699e-24 2.759426e-23 
1.334000e+00 2.029990e-23 7.251371e-24 2.755127e-23 
1.336000e+00 2.027559e-23 7.222529e-24 2.749812e-23 
1.338000e+00 2.025096e-23 7.193342e-24 2.744430e-23 
1.340000e+00 2.022453e-23 7.165099e-24 2.738963e-23 
1.342000e+00 2.019040e-23 7.135718e-24 2.732612e-23 
1.344000e+00 2.016250e-23 7.108560e-24 2.727106e-23 
1.346000e+00 2.013260e-23 7.076718e-24 2.720932e-23 
1.348000e+00 2.009018e-23 7.051622e-24 2.714180e-23 
1.350000e+00 2.006035e-23 7.021740e-24 2.708209e-23 
1.352000e+00 2.002429e-23 6.995142e-24 2.701944e-23 
1.354000e+00 1.998401e-23 6.969447e-24 2.695346e-23 
1.356000e+00 1.994252e-23 6.939615e-24 2.688214e-23 
1.358000e+00 1.990897e-23 6.913415e-24 2.682238e-23 
1.360000e+00 1.986691e-23 6.883986e-24 2.675089e-23 
1.362000e+00 1.982974e-23 6.857506e-24 2.668724e-23 
1.364000e+00 1.978734e-23 6.829756e-24 2.661710e-23 
1.366000e+00 1.974432e-23 6.802906e-24 2.654723e-23 
1.368000e+00 1.969340e-23 6.774419e-24 2.646782e-23 
1.370000e+00 1.965337e-23 6.748089e-24 2.640146e-23 
1.372000e+00 1.960509e-23 6.721544e-24 2.632663e-23 
1.374000e+00 1.956419e-23 6.693819e-24 2.625801e-23 
1.376000e+00 1.951632e-23 6.667704e-24 2.618402e-23 
1.378000e+00 1.947288e-23 6.640193e-24 2.611308e-23 
1.380000e+00 1.943289e-23 6.612575e-24 2.604546e-23 
1.382000e+00 1.938549e-23 6.589191e-24 2.597468e-23 
1.384000e+00 1.933764e-23 6.564055e-24 2.590170e-23 
1.386000e+00 1.929011e-23 6.535120e-24 2.582523e-23 
1.388000e+00 1.923788e-23 6.511254e-24 2.574914e-23 
1.390000e+00 1.919376e-23 6.487949e-24 2.568171e-23 
1.392000e+00 1.914332e-23 6.462868e-24 2.560619e-23 
1.394000e+00 1.909950e-23 6.435362e-24 2.553486e-23 
1.396000e+00 1.904644e-23 6.411413e-24 2.545785e-23 
1.398000e+00 1.900309e-23 6.386749e-24 2.538984e-23 
1.400000e+00 1.895400e-23 6.359230e-24 2.531323e-23 
1.402000e+00 1.890296e-23 6.335594e-24 2.523856e-23 
1.404000e+00 1.885587e-23 6.310250e-24 2.516612e-23 
1.406000e+00 1.880488e-23 6.282845e-24 2.508772e-23 
1.408000e+00 1.875165e-23 6.258882e-24 2.501053e-23 
1.410000e+00 1.870741e-23 6.235323e-24 2.494273e-23 
1.412000e+00 1.865478e-23 6.208055e-24 2.486284e-23 
1.414000e+00 1.861007e-23 6.187957e-24 2.479802e-23 
1.416000e+00 1.855572e-23 6.161053e-24 2.471677e-23 
1.418000e+00 1.850905e-23 6.138875e-24 2.464792e-23 
1.420000e+00 1.845658e-23 6.115612e-24 2.457220e-23 
1.422000e+00 1.840828e-23 6.092018e-24 2.450030e-23 
1.424000e+00 1.836627e-23 6.070060e-24 2.443633e-23 
1.426000e+00 1.831013e-23 6.045494e-24 2.435563e-23 
1.428000e+00 1.825391e-23 6.023358e-24 2.427727e-23 
1.430000e+00 1.820250e-23 5.999825e-24 2.420232e-23 
1.432000e+00 1.815485e-23 5.976189e-24 2.413104e-23 
1.434000e+00 1.810817e-23 5.954147e-24 2.406232e-23 
1.436000e+00 1.806209e-23 5.930414e-24 2.399250e-23 
1.438000e+00 1.801166e-23 5.909906e-24 2.392157e-23 
1.440000e+00 1.796139e-23 5.882665e-24 2.384405e-23 
1.442000e+00 1.791201e-23 5.861626e-24 2.377364e-23 
1.444000e+00 1.785747e-23 5.838600e-24 2.369607e-23 
1.446000e+00 1.781026e-23 5.815561e-24 2.362582e-23 
1.448000e+00 1.776060e-23 5.792705e-24 2.355330e-23 
1.450000e+00 1.770992e-23 5.775349e-24 2.348527e-23 
1.452000e+00 1.765448e-23 5.750194e-24 2.340467e-23 
1.454000e+00 1.760695e-23 5.727804e-24 2.333476e-23 
1.456000e+00 1.755441e-23 5.709732e-24 2.326414e-23 
1.458000e+00 1.750480e-23 5.687714e-24 2.319252e-23 
1.460000e+00 1.745838e-23 5.666710e-24 2.312509e-23 
1.462000e+00 1.740732e-23 5.644039e-24 2.305136e-23 
1.464000e+00 1.735671e-23 5.622218e-24 2.297893e-23 
1.466000e+00 1.730666e-23 5.601431e-24 2.290809e-23 
1.468000e+00 1.726151e-23 5.580206e-24 2.284171e-23 
1.470000e+00 1.721118e-23 5.559359e-24 2.277054e-23 
1.472000e+00 1.715913e-23 5.537606e-24 2.269673e-23 
1.474000e+00 1.711466e-23 5.523793e-24 2.263845e-23 
1.476000e+00 1.706509e-23 5.494706e-24 2.255979e-23 
1.478000e+00 1.701471e-23 5.474053e-24 2.248876e-23 
1.480000e+00 1.696743e-23 5.452995e-24 2.242042e-23 
1.482000e+00 1.691803e-23 5.431637e-24 2.234967e-23 
1.484000e+00 1.687336e-23 5.410097e-24 2.228346e-23 
1.486000e+00 1.681916e-23 5.389774e-24 2.220894e-23 
1.488000e+00 1.676628e-23 5.368967e-24 2.213525e-23 
1.490000e+00 1.672149e-23 5.351771e-24 2.207326e-23 
1.492000e+00 1.666928e-23 5.332012e-24 2.200129e-23 
1.494000e+00 1.662322e-23 5.312157e-24 2.193538e-23 
1.496000e+00 1.657293e-23 5.292801e-24 2.186573e-23 
1.498000e+00 1.652673e-23 5.273522e-24 2.180026e-23 
1.500000e+00 1.647874e-23 5.254333e-24 2.173307e-23 
1.502000e+00 1.642657e-23 5.232496e-24 2.165906e-23 
1.504000e+00 1.637746e-23 5.211731e-24 2.158919e-23 
1.506000e+00 1.633063e-23 5.193424e-24 2.152405e-23 
1.508000e+00 1.628165e-23 5.172836e-24 2.145449e-23 
1.510000e+00 1.623717e-23 5.151453e-24 2.138863e-23 
1.512000e+00 1.618435e-23 5.133852e-24 2.131820e-23 
1.514000e+00 1.613633e-23 5.115048e-24 2.125138e-23 
1.516000e+00 1.609014e-23 5.094803e-24 2.118494e-23 
1.518000e+00 1.604162e-23 5.076356e-24 2.111798e-23 
1.520000e+00 1.599208e-23 5.058923e-24 2.105100e-23 
1.522000e+00 1.594396e-23 5.039756e-24 2.098372e-23 
1.524000e+00 1.589678e-23 5.021112e-24 2.091790e-23 
1.526000e+00 1.585075e-23 5.000741e-24 2.085149e-23 
1.528000e+00 1.579896e-23 4.985316e-24 2.078428e-23 
1.530000e+00 1.575317e-23 4.966716e-24 2.071989e-23 
1.532000e+00 1.571001e-23 4.946987e-24 2.065699e-23 
1.534000e+00 1.566006e-23 4.930234e-24 2.059030e-23 
1.536000e+00 1.561937e-23 4.910545e-24 2.052991e-23 
1.538000e+00 1.557083e-23 4.890847e-24 2.046168e-23 
1.540000e+00 1.552358e-23 4.873380e-24 2.039696e-23 
1.542000e+00 1.547514e-23 4.855850e-24 2.033099e-23 
1.544000e+00 1.542751e-23 4.838994e-24 2.026650e-23 
1.546000e+00 1.537993e-23 4.819496e-24 2.019942e-23 
1.548000e+00 1.533741e-23 4.804176e-24 2.014158e-23 
1.550000e+00 1.528901e-23 4.785357e-24 2.007436e-23 
1.552000e+00 1.524598e-23 4.766110e-24 2.001209e-23 
1.554000e+00 1.519389e-23 4.747154e-24 1.994104e-23 
1.556000e+00 1.514918e-23 4.731789e-24 1.988097e-23 
1.558000e+00 1.510591e-23 4.716650e-24 1.982256e-23 
1.560000e+00 1.505811e-23 4.697679e-24 1.975579e-23 
1.562000e+00 1.501135e-23 4.683311e-24 1.969466e-23 
1.564000e+00 1.496438e-23 4.664251e-24 1.962864e-23 
1.566000e+00 1.491767e-23 4.647878e-24 1.956555e-23 
1.568000e+00 1.487365e-23 4.631742e-24 1.950539e-23 
1.570000e+00 1.482892e-23 4.613287e-24 1.944220e-23 
1.572000e+00 1.478483e-23 4.595640e-24 1.938047e-23 
1.574000e+00 1.474264e-23 4.579597e-24 1.932224e-23 
1.576000e+00 1.469463e-23 4.563151e-24 1.925778e-23 
1.578000e+00 1.464668e-23 4.548375e-24 1.919505e-23 
1.580000e+00 1.459871e-23 4.528919e-24 1.912763e-23 
1.582000e+00 1.455702e-23 4.511942e-24 1.906896e-23 
1.584000e+00 1.451222e-23 4.498115e-24 1.901033e-23 
1.586000e+00 1.446696e-23 4.479287e-24 1.894625e-23 
1.588000e+00 1.441980e-23 4.462154e-24 1.888195e-23 
1.590000e+00 1.437324e-23 4.446544e-24 1.881978e-23 
1.592000e+00 1.433645e-23 4.433627e-24 1.877008e-23 
1.594000e+00 1.429031e-23 4.415228e-24 1.870554e-23 
1.596000e+00 1.425042e-23 4.401889e-24 1.865231e-23 
1.598000e+00 1.420431e-23 4.387429e-24 1.859174e-23 
1.600000e+00 1.409616e-23 4.370492e-24 1.846665e-23 
1.602000e+00 1.405003e-23 4.356257e-24 1.840629e-23 
1.604000e+00 1.400814e-23 4.337942e-24 1.834608e-23 
1.606000e+00 1.396633e-23 4.320206e-24 1.828654e-23 
1.608000e+00 1.392404e-23 4.306002e-24 1.823004e-23 
1.610000e+00 1.387980e-23 4.289436e-24 1.816924e-23 
1.612000e+00 1.383169e-23 4.275981e-24 1.810767e-23 
1.614000e+00 1.379303e-23 4.260068e-24 1.805310e-23 
1.616000e+00 1.374749e-23 4.245552e-24 1.799304e-23 
1.618000e+00 1.370066e-23 4.229821e-24 1.793049e-23 
1.620000e+00 1.366031e-23 4.215081e-24 1.787539e-23 
1.622000e+00 1.361639e-23 4.197423e-24 1.781382e-23 
1.624000e+00 1.357206e-23 4.184226e-24 1.775628e-23 
1.626000e+00 1.353154e-23 4.171227e-24 1.770276e-23 
1.628000e+00 1.355108e-23 4.159030e-24 1.771011e-23 
1.630000e+00 1.345018e-23 4.141168e-24 1.759135e-23 
1.632000e+00 1.346921e-23 4.128415e-24 1.759762e-23 
1.634000e+00 1.342967e-23 4.112998e-24 1.754267e-23 
1.636000e+00 1.338001e-23 4.100206e-24 1.748022e-23 
1.638000e+00 1.333991e-23 4.085324e-24 1.742523e-23 
1.640000e+00 1.329940e-23 4.070820e-24 1.737022e-23 
1.642000e+00 1.325661e-23 4.055759e-24 1.731237e-23 
1.644000e+00 1.322068e-23 4.042734e-24 1.726342e-23 
1.646000e+00 1.317637e-23 4.027082e-24 1.720345e-23 
1.648000e+00 1.313626e-23 4.014150e-24 1.715041e-23 
1.650000e+00 1.309210e-23 3.999994e-24 1.709210e-23 
1.652000e+00 1.304479e-23 3.987092e-24 1.703188e-23 
1.654000e+00 1.300318e-23 3.973024e-24 1.697620e-23 
1.656000e+00 1.290280e-23 3.958321e-24 1.686112e-23 
1.658000e+00 1.285875e-23 3.944870e-24 1.680361e-23 
1.660000e+00 1.282454e-23 3.932002e-24 1.675654e-23 
1.662000e+00 1.277959e-23 3.916403e-24 1.669599e-23 
1.664000e+00 1.273973e-23 3.903910e-24 1.664364e-23 
1.666000e+00 1.269840e-23 3.889785e-24 1.658819e-23 
1.668000e+00 1.265409e-23 3.875620e-24 1.652971e-23 
1.670000e+00 1.261865e-23 3.864048e-24 1.648270e-23 
1.672000e+00 1.257309e-23 3.852241e-24 1.642533e-23 
1.674000e+00 1.253584e-23 3.838274e-24 1.637412e-23 
1.676000e+00 1.249692e-23 3.823527e-24 1.632044e-23 
1.678000e+00 1.245675e-23 3.811604e-24 1.626835e-23 
1.680000e+00 1.240980e-23 3.797352e-24 1.620715e-23 
1.682000e+00 1.237322e-23 3.786615e-24 1.615983e-23 
1.684000e+00 1.233422e-23 3.771266e-24 1.610549e-23 
1.686000e+00 1.229596e-23 3.758927e-24 1.605489e-23 
1.688000e+00 1.225391e-23 3.745770e-24 1.599968e-23 
1.690000e+00 1.221519e-23 3.734380e-24 1.594957e-23 
1.692000e+00 1.217206e-23 3.720814e-24 1.589287e-23 
1.694000e+00 1.213386e-23 3.705247e-24 1.583911e-23 
1.696000e+00 1.209763e-23 3.695729e-24 1.579336e-23 
1.698000e+00 1.205491e-23 3.680039e-24 1.573495e-23 
1.700000e+00 1.201916e-23 3.667408e-24 1.568657e-23 
1.702000e+00 1.197709e-23 3.654893e-24 1.563198e-23 
1.704000e+00 1.193830e-23 3.643882e-24 1.558218e-23 
1.706000e+00 1.190074e-23 3.628855e-24 1.552960e-23 
1.708000e+00 1.185922e-23 3.616921e-24 1.547614e-23 
1.710000e+00 1.181985e-23 3.606040e-24 1.542589e-23 
1.712000e+00 1.178382e-23 3.593797e-24 1.537762e-23 
1.714000e+00 1.173838e-23 3.579728e-24 1.531811e-23 
1.716000e+00 1.170496e-23 3.568815e-24 1.527377e-23 
1.718000e+00 1.166599e-23 3.556435e-24 1.522242e-23 
1.720000e+00 1.215747e-23 3.545834e-24 1.570330e-23 
1.722000e+00 1.211431e-23 3.531275e-24 1.564559e-23 
1.724000e+00 1.154538e-23 3.520096e-24 1.506547e-23 
1.726000e+00 1.150611e-23 3.508621e-24 1.501473e-23 
1.728000e+00 1.147105e-23 3.495732e-24 1.496678e-23 
1.730000e+00 1.143003e-23 3.484370e-24 1.491440e-23 
1.732000e+00 1.139502e-23 3.470804e-24 1.486583e-23 
1.734000e+00 1.135597e-23 3.457191e-24 1.481316e-23 
1.736000e+00 1.131750e-23 3.446793e-24 1.476429e-23 
1.738000e+00 1.128059e-23 3.434744e-24 1.471534e-23 
1.740000e+00 1.124082e-23 3.422613e-24 1.466344e-23 
1.742000e+00 1.125875e-23 3.412546e-24 1.467130e-23 
1.744000e+00 1.116000e-23 3.401441e-24 1.456144e-23 
1.746000e+00 1.111997e-23 3.390004e-24 1.450997e-23 
1.748000e+00 1.108275e-23 3.378452e-24 1.446120e-23 
1.750000e+00 1.104532e-23 3.368275e-24 1.441359e-23 
1.752000e+00 1.100595e-23 3.357318e-24 1.436327e-23 
1.754000e+00 1.096712e-23 3.344599e-24 1.431172e-23 
1.756000e+00 1.092802e-23 3.336139e-24 1.426416e-23 
1.758000e+00 1.088907e-23 3.323766e-24 1.421284e-23 
1.760000e+00 1.085241e-23 3.312593e-24 1.416500e-23 
1.762000e+00 1.081375e-23 3.301756e-24 1.411551e-23 
1.764000e+00 1.077580e-23 3.288504e-24 1.406430e-23 
1.766000e+00 1.073699e-23 3.278109e-24 1.401510e-23 
1.768000e+00 1.069804e-23 3.267182e-24 1.396523e-23 
1.770000e+00 1.065930e-23 3.257554e-24 1.391686e-23 
1.772000e+00 1.062036e-23 3.245858e-24 1.386621e-23 
1.774000e+00 1.058250e-23 3.234751e-24 1.381725e-23 
1.776000e+00 1.053766e-23 3.225088e-24 1.376275e-23 
1.778000e+00 1.049541e-23 3.213356e-24 1.370877e-23 
1.780000e+00 1.045829e-23 3.202875e-24 1.366117e-23 
1.782000e+00 1.042025e-23 3.190601e-24 1.361085e-23 
1.784000e+00 1.037694e-23 3.182888e-24 1.355982e-23 
1.786000e+00 1.033391e-23 3.171788e-24 1.350570e-23 
1.788000e+00 1.029084e-23 3.160206e-24 1.345105e-23 
1.790000e+00 1.025424e-23 3.151147e-24 1.340539e-23 
1.792000e+00 1.021447e-23 3.142710e-24 1.335718e-23 
1.794000e+00 1.016653e-23 3.132385e-24 1.329892e-23 
1.796000e+00 1.012922e-23 3.120643e-24 1.324987e-23 
1.798000e+00 1.009332e-23 3.109787e-24 1.320310e-23 
1.800000e+00 1.004429e-23 3.101737e-24 1.314603e-23 
1.802000e+00 1.000034e-23 3.090981e-24 1.309133e-23 
1.804000e+00 9.954124e-24 3.079141e-24 1.303326e-23 
1.806000e+00 9.911062e-24 3.071201e-24 1.298226e-23 
1.808000e+00 9.860916e-24 3.060309e-24 1.292123e-23 
1.810000e+00 9.817176e-24 3.050012e-24 1.286719e-23 
1.812000e+00 9.765584e-24 3.041870e-24 1.280745e-23 
1.814000e+00 9.721304e-24 3.030451e-24 1.275176e-23 
1.816000e+00 9.658531e-24 3.020050e-24 1.267858e-23 
1.818000e+00 9.605151e-24 3.011212e-24 1.261636e-23 
1.820000e+00 9.547056e-24 2.999887e-24 1.254694e-23 
1.822000e+00 9.484358e-24 2.991356e-24 1.247571e-23 
1.824000e+00 9.411056e-24 2.981369e-24 1.239243e-23 
1.826000e+00 9.329753e-24 2.971351e-24 1.230110e-23 
1.828000e+00 9.260929e-24 2.961872e-24 1.222280e-23 
1.830000e+00 9.186232e-24 2.951666e-24 1.213790e-23 
1.832000e+00 9.114655e-24 2.943951e-24 1.205861e-23 
1.834000e+00 9.051437e-24 2.933402e-24 1.198484e-23 
1.836000e+00 8.982763e-24 2.924464e-24 1.190723e-23 
1.838000e+00 8.923504e-24 2.914083e-24 1.183759e-23 
1.840000e+00 8.890555e-24 2.905443e-24 1.179600e-23 
1.842000e+00 8.866507e-24 2.896006e-24 1.176251e-23 
1.844000e+00 8.845217e-24 2.886470e-24 1.173169e-23 
1.846000e+00 8.818209e-24 2.875330e-24 1.169354e-23 
1.848000e+00 8.833890e-24 2.870118e-24 1.170401e-23 
1.850000e+00 8.844458e-24 2.856528e-24 1.170099e-23 
1.852000e+00 8.863573e-24 2.849491e-24 1.171306e-23 
1.854000e+00 8.879088e-24 2.840450e-24 1.171954e-23 
1.856000e+00 8.905494e-24 2.829794e-24 1.173529e-23 
1.858000e+00 8.926249e-24 2.822199e-24 1.174845e-23 
1.860000e+00 8.952640e-24 2.812023e-24 1.176466e-23 
1.862000e+00 8.977099e-24 2.803391e-24 1.178049e-23 
1.864000e+00 8.978750e-24 2.793341e-24 1.177209e-23 
1.866000e+00 8.975738e-24 2.783383e-24 1.175912e-23 
1.868000e+00 8.973892e-24 2.775420e-24 1.174931e-23 
1.870000e+00 8.973982e-24 2.767961e-24 1.174194e-23 
1.872000e+00 8.965798e-24 2.759167e-24 1.172496e-23 
1.874000e+00 8.954885e-24 2.750748e-24 1.170563e-23 
1.876000e+00 8.947837e-24 2.740437e-24 1.168827e-23 
1.878000e+00 8.939378e-24 2.732427e-24 1.167180e-23 
1.880000e+00 8.927175e-24 2.725459e-24 1.165263e-23 
1.882000e+00 8.921927e-24 2.718445e-24 1.164037e-23 
1.884000e+00 8.909216e-24 2.710736e-24 1.161995e-23 
1.886000e+00 8.897694e-24 2.700194e-24 1.159789e-23 
1.888000e+00 8.885255e-24 2.691662e-24 1.157692e-23 
1.890000e+00 8.866067e-24 2.682839e-24 1.154891e-23 
1.892000e+00 8.855509e-24 2.676048e-24 1.153156e-23 
1.894000e+00 8.843065e-24 2.666712e-24 1.150978e-23 
1.896000e+00 8.824426e-24 2.657316e-24 1.148174e-23 
1.898000e+00 8.815124e-24 2.648538e-24 1.146366e-23 
1.900000e+00 8.794967e-24 2.641492e-24 1.143646e-23 
1.902000e+00 8.776841e-24 2.631265e-24 1.140811e-23 
1.904000e+00 8.757481e-24 2.625487e-24 1.138297e-23 
1.906000e+00 8.736491e-24 2.615765e-24 1.135226e-23 
1.908000e+00 8.727134e-24 2.607400e-24 1.133453e-23 
1.910000e+00 8.708731e-24 2.599715e-24 1.130845e-23 
1.912000e+00 8.693467e-24 2.592639e-24 1.128611e-23 
1.914000e+00 8.673655e-24 2.583933e-24 1.125759e-23 
1.916000e+00 8.660548e-24 2.575172e-24 1.123572e-23 
1.918000e+00 8.642118e-24 2.569233e-24 1.121135e-23 
1.920000e+00 8.622104e-24 2.561283e-24 1.118339e-23 
1.922000e+00 8.604924e-24 2.552114e-24 1.115704e-23 
1.924000e+00 8.586801e-24 2.543048e-24 1.112985e-23 
1.926000e+00 8.571449e-24 2.536696e-24 1.110815e-23 
1.928000e+00 8.548250e-24 2.529909e-24 1.107816e-23 
1.930000e+00 8.530755e-24 2.519915e-24 1.105067e-23 
1.932000e+00 8.511903e-24 2.514645e-24 1.102655e-23 
1.934000e+00 8.495462e-24 2.504891e-24 1.100035e-23 
1.936000e+00 8.474344e-24 2.497606e-24 1.097195e-23 
1.938000e+00 8.457597e-24 2.490964e-24 1.094856e-23 
1.940000e+00 8.441426e-24 2.481297e-24 1.092272e-23 
1.942000e+00 8.416606e-24 2.473620e-24 1.089023e-23 
1.944000e+00 8.401847e-24 2.465373e-24 1.086722e-23 
1.946000e+00 8.383914e-24 2.458574e-24 1.084249e-23 
1.948000e+00 8.364005e-24 2.449043e-24 1.081305e-23 
1.950000e+00 8.345148e-24 2.443155e-24 1.078830e-23 
1.952000e+00 8.321375e-24 2.434732e-24 1.075611e-23 
1.954000e+00 8.302050e-24 2.429030e-24 1.073108e-23 
1.956000e+00 8.283776e-24 2.419185e-24 1.070296e-23 
1.958000e+00 8.270804e-24 2.411608e-24 1.068241e-23 
1.960000e+00 8.249639e-24 2.406510e-24 1.065615e-23 
1.962000e+00 8.231693e-24 2.398549e-24 1.063024e-23 
1.964000e+00 8.213071e-24 2.391574e-24 1.060464e-23 
1.966000e+00 8.193821e-24 2.384352e-24 1.057817e-23 
1.968000e+00 8.177059e-24 2.376815e-24 1.055387e-23 
1.970000e+00 8.157185e-24 2.370329e-24 1.052751e-23 
1.972000e+00 8.131614e-24 2.362316e-24 1.049393e-23 
1.974000e+00 8.111631e-24 2.352161e-24 1.046379e-23 
1.976000e+00 8.093427e-24 2.350018e-24 1.044345e-23 
1.978000e+00 8.075479e-24 2.341227e-24 1.041671e-23 
1.980000e+00 8.057077e-24 2.333964e-24 1.039104e-23 
1.982000e+00 8.037508e-24 2.328972e-24 1.036648e-23 
1.984000e+00 8.016450e-24 2.319657e-24 1.033611e-23 
1.986000e+00 7.996042e-24 2.311819e-24 1.030786e-23 
1.988000e+00 7.978588e-24 2.305751e-24 1.028434e-23 
1.990000e+00 7.957386e-24 2.297822e-24 1.025521e-23 
1.992000e+00 7.941149e-24 2.349217e-24 1.029037e-23 
1.994000e+00 7.921729e-24 2.283568e-24 1.020530e-23 
1.996000e+00 7.901466e-24 2.276839e-24 1.017830e-23 
1.998000e+00 7.882124e-24 2.267949e-24 1.015007e-23 
2.000000e+00 7.865064e-24 2.263455e-24 1.012852e-23 
2.002000e+00 7.842546e-24 2.255086e-24 1.009763e-23 
2.004000e+00 7.824379e-24 2.250318e-24 1.007470e-23 
2.006000e+00 7.805040e-24 2.243020e-24 1.004806e-23 
2.008000e+00 7.785902e-24 2.238946e-24 1.002485e-23 
2.010000e+00 7.766001e-24 2.230659e-24 9.996660e-24 
2.012000e+00 7.747376e-24 2.225005e-24 9.972381e-24 
2.014000e+00 7.727052e-24 2.218257e-24 9.945309e-24 
2.016000e+00 7.708691e-24 2.210668e-24 9.919359e-24 
2.018000e+00 7.688893e-24 2.203684e-24 9.892577e-24 
2.020000e+00 7.671149e-24 2.198956e-24 9.870105e-24 
2.022000e+00 7.650527e-24 2.192510e-24 9.843037e-24 
2.024000e+00 7.630805e-24 2.185904e-24 9.816709e-24 
2.026000e+00 7.607578e-24 2.179093e-24 9.786671e-24 
2.028000e+00 7.588947e-24 2.172247e-24 9.761194e-24 
2.030000e+00 7.574301e-24 2.166309e-24 9.740610e-24 
2.032000e+00 7.554193e-24 2.158424e-24 9.712618e-24 
2.034000e+00 7.537369e-24 2.152805e-24 9.690174e-24 
2.036000e+00 7.518899e-24 2.143860e-24 9.662759e-24 
2.038000e+00 7.496041e-24 2.139091e-24 9.635132e-24 
2.040000e+00 7.484434e-24 2.132159e-24 9.616593e-24 
2.042000e+00 7.463696e-24 2.127610e-24 9.591306e-24 
2.044000e+00 7.446051e-24 2.122318e-24 9.568368e-24 
2.046000e+00 7.425243e-24 2.113700e-24 9.538943e-24 
2.048000e+00 7.406776e-24 2.110135e-24 9.516910e-24 
2.050000e+00 7.386055e-24 2.101099e-24 9.487154e-24 
2.052000e+00 7.366626e-24 2.095192e-24 9.461818e-24 
2.054000e+00 7.351938e-24 2.088525e-24 9.440463e-24 
2.056000e+00 7.331835e-24 2.082527e-24 9.414362e-24 
2.058000e+00 7.312928e-24 2.077314e-24 9.390243e-24 
2.060000e+00 7.291937e-24 2.070965e-24 9.362902e-24 
2.062000e+00 7.272840e-24 2.066111e-24 9.338950e-24 
2.064000e+00 7.259421e-24 2.142553e-24 9.401975e-24 
2.066000e+00 7.238872e-24 2.052639e-24 9.291511e-24 
2.068000e+00 7.218715e-24 2.044914e-24 9.263630e-24 
2.070000e+00 7.206308e-24 2.041373e-24 9.247681e-24 
2.072000e+00 7.182225e-24 2.034036e-24 9.216261e-24 
2.074000e+00 7.169307e-24 2.029642e-24 9.198949e-24 
2.076000e+00 7.149568e-24 2.022617e-24 9.172185e-24 
2.078000e+00 7.129652e-24 2.015352e-24 9.145004e-24 
2.080000e+00 7.115575e-24 2.010067e-24 9.125642e-24 
2.082000e+00 7.095050e-24 2.004879e-24 9.099929e-24 
2.084000e+00 7.074693e-24 1.997186e-24 9.071879e-24 
2.086000e+00 7.052700e-24 1.992664e-24 9.045364e-24 
2.088000e+00 7.037963e-24 1.986224e-24 9.024187e-24 
2.090000e+00 7.022109e-24 1.982680e-24 9.004788e-24 
2.092000e+00 7.000520e-24 1.974476e-24 8.974996e-24 
2.094000e+00 6.987996e-24 1.971368e-24 8.959364e-24 
2.096000e+00 6.965501e-24 1.962700e-24 8.928201e-24 
2.098000e+00 6.951419e-24 1.958913e-24 8.910332e-24 
2.100000e+00 6.933550e-24 1.953266e-24 8.886816e-24 
2.102000e+00 6.916724e-24 1.950034e-24 8.866757e-24 
2.104000e+00 6.895104e-24 1.942798e-24 8.837903e-24 
2.106000e+00 6.874784e-24 1.938800e-24 8.813584e-24 
2.108000e+00 6.857469e-24 1.930788e-24 8.788256e-24 
2.110000e+00 6.840448e-24 1.926251e-24 8.766700e-24 
2.112000e+00 6.826603e-24 1.920984e-24 8.747587e-24 
2.114000e+00 6.807453e-24 1.916087e-24 8.723540e-24 
2.116000e+00 6.789843e-24 1.909075e-24 8.698917e-24 
2.118000e+00 6.769193e-24 1.905293e-24 8.674487e-24 
2.120000e+00 6.756077e-24 1.898732e-24 8.654809e-24 
2.122000e+00 6.736847e-24 1.895577e-24 8.632425e-24 
2.124000e+00 6.719728e-24 1.889307e-24 8.609034e-24 
2.126000e+00 6.701684e-24 1.883719e-24 8.585403e-24 
2.128000e+00 6.687566e-24 1.877935e-24 8.565501e-24 
2.130000e+00 6.667350e-24 1.872154e-24 8.539503e-24 
2.132000e+00 6.653064e-24 1.867124e-24 8.520189e-24 
2.134000e+00 6.630846e-24 1.862017e-24 8.492863e-24 
2.136000e+00 6.617300e-24 1.854807e-24 8.472106e-24 
2.138000e+00 6.601528e-24 1.851414e-24 8.452942e-24 
2.140000e+00 6.586324e-24 1.848320e-24 8.434644e-24 
2.142000e+00 6.564787e-24 1.840090e-24 8.404877e-24 
2.144000e+00 6.550035e-24 1.836617e-24 8.386652e-24 
2.146000e+00 6.535445e-24 1.830808e-24 8.366253e-24 
2.148000e+00 6.516471e-24 1.825038e-24 8.341509e-24 
2.150000e+00 6.502335e-24 1.820558e-24 8.322894e-24 
2.152000e+00 6.480718e-24 1.816085e-24 8.296803e-24 
2.154000e+00 6.465907e-24 1.808981e-24 8.274888e-24 
2.156000e+00 6.452336e-24 1.805467e-24 8.257803e-24 
2.158000e+00 6.430398e-24 1.802102e-24 8.232500e-24 
2.160000e+00 6.416615e-24 1.795423e-24 8.212037e-24 
2.162000e+00 6.399722e-24 1.789624e-24 8.189346e-24 
2.164000e+00 6.383038e-24 1.786449e-24 8.169488e-24 
2.166000e+00 6.366645e-24 1.782536e-24 8.149181e-24 
2.168000e+00 6.347646e-24 1.774453e-24 8.122099e-24 
2.170000e+00 6.334800e-24 1.769311e-24 8.104111e-24 
2.172000e+00 6.319540e-24 1.765590e-24 8.085131e-24 
2.174000e+00 6.304842e-24 1.759561e-24 8.064402e-24 
2.176000e+00 6.287971e-24 1.754878e-24 8.042849e-24 
2.178000e+00 6.269666e-24 1.750058e-24 8.019724e-24 
2.180000e+00 6.254636e-24 1.747654e-24 8.002290e-24 
2.182000e+00 6.236396e-24 1.739691e-24 7.976087e-24 
2.184000e+00 6.219654e-24 1.735218e-24 7.954872e-24 
2.186000e+00 6.207803e-24 1.731690e-24 7.939493e-24 
2.188000e+00 6.191677e-24 1.726484e-24 7.918161e-24 
2.190000e+00 6.172317e-24 1.720012e-24 7.892329e-24 
2.192000e+00 6.154990e-24 1.714848e-24 7.869837e-24 
2.194000e+00 6.141143e-24 1.712190e-24 7.853333e-24 
2.196000e+00 6.124687e-24 1.706721e-24 7.831409e-24 
2.198000e+00 6.109811e-24 1.703448e-24 7.813259e-24 
2.200000e+00 6.095059e-24 1.696429e-24 7.791488e-24 
2.202000e+00 6.077354e-24 1.694085e-24 7.771439e-24 
2.204000e+00 6.060158e-24 1.688749e-24 7.748907e-24 
2.206000e+00 6.043847e-24 1.685182e-24 7.729030e-24 
2.208000e+00 6.029543e-24 1.678865e-24 7.708407e-24 
2.210000e+00 6.011858e-24 1.674808e-24 7.686666e-24 
2.212000e+00 5.999554e-24 1.667776e-24 7.667330e-24 
2.214000e+00 5.982065e-24 1.664416e-24 7.646482e-24 
2.216000e+00 5.966596e-24 1.661608e-24 7.628204e-24 
2.218000e+00 5.952586e-24 1.657537e-24 7.610123e-24 
2.220000e+00 5.938330e-24 1.652216e-24 7.590546e-24 
2.222000e+00 5.920882e-24 1.647132e-24 7.568015e-24 
2.224000e+00 5.905384e-24 1.643766e-24 7.549149e-24 
2.226000e+00 5.889341e-24 1.639349e-24 7.528690e-24 
2.228000e+00 5.875422e-24 1.632243e-24 7.507665e-24 
2.230000e+00 5.858773e-24 1.627066e-24 7.485840e-24 
2.232000e+00 5.845427e-24 1.622423e-24 7.467850e-24 
2.234000e+00 5.828530e-24 1.620112e-24 7.448642e-24 
2.236000e+00 5.820536e-24 1.613720e-24 7.434257e-24 
2.238000e+00 5.804650e-24 1.609950e-24 7.414600e-24 
2.240000e+00 5.789516e-24 1.607503e-24 7.397019e-24 
2.242000e+00 5.770768e-24 1.602045e-24 7.372812e-24 
2.244000e+00 5.755476e-24 1.596677e-24 7.352153e-24 
2.246000e+00 5.740932e-24 1.592436e-24 7.333369e-24 
2.248000e+00 5.726934e-24 1.589670e-24 7.316605e-24 
2.250000e+00 5.709640e-24 1.583948e-24 7.293588e-24 
2.252000e+00 5.693994e-24 1.579513e-24 7.273506e-24 
2.254000e+00 5.679022e-24 1.575635e-24 7.254656e-24 
2.256000e+00 5.664532e-24 1.572076e-24 7.236608e-24 
2.258000e+00 5.648264e-24 1.568607e-24 7.216871e-24 
2.260000e+00 5.633558e-24 1.563106e-24 7.196664e-24 
2.262000e+00 5.624747e-24 1.559651e-24 7.184398e-24 
2.264000e+00 5.609517e-24 1.554768e-24 7.164285e-24 
2.266000e+00 5.591463e-24 1.549906e-24 7.141369e-24 
2.268000e+00 5.577604e-24 1.545442e-24 7.123046e-24 
2.270000e+00 5.559644e-24 1.542576e-24 7.102220e-24 
2.272000e+00 5.545667e-24 1.536262e-24 7.081929e-24 
2.274000e+00 5.536127e-24 1.533114e-24 7.069241e-24 
2.276000e+00 5.522493e-24 1.529364e-24 7.051857e-24 
2.278000e+00 5.505406e-24 1.526304e-24 7.031710e-24 
2.280000e+00 5.489019e-24 1.522226e-24 7.011245e-24 
2.282000e+00 5.480246e-24 1.518070e-24 6.998316e-24 
2.284000e+00 5.462796e-24 1.513038e-24 6.975834e-24 
2.286000e+00 5.452264e-24 1.509533e-24 6.961797e-24 
2.288000e+00 5.435649e-24 1.504915e-24 6.940564e-24 
2.290000e+00 5.422074e-24 1.500255e-24 6.922329e-24 
2.292000e+00 5.410120e-24 1.495464e-24 6.905583e-24 
2.294000e+00 5.395278e-24 1.493386e-24 6.888664e-24 
2.296000e+00 5.380786e-24 1.488479e-24 6.869265e-24 
2.298000e+00 5.363896e-24 1.484647e-24 6.848543e-24 
2.300000e+00 5.352266e-24 1.480386e-24 6.832652e-24 
2.302000e+00 5.336638e-24 1.478071e-24 6.814709e-24 
2.304000e+00 5.321153e-24 1.474004e-24 6.795157e-24 
2.306000e+00 5.313182e-24 1.468619e-24 6.781801e-24 
2.308000e+00 5.294345e-24 1.467068e-24 6.761413e-24 
2.310000e+00 5.286722e-24 1.461915e-24 6.748637e-24 
2.312000e+00 5.270774e-24 1.457516e-24 6.728289e-24 
2.314000e+00 5.258368e-24 1.453545e-24 6.711913e-24 
2.316000e+00 5.244050e-24 1.449371e-24 6.693421e-24 
2.318000e+00 5.231329e-24 1.445291e-24 6.676620e-24 
2.320000e+00 5.217563e-24 1.442484e-24 6.660046e-24 
2.322000e+00 5.202760e-24 1.439405e-24 6.642165e-24 
2.324000e+00 5.190928e-24 1.434346e-24 6.625274e-24 
2.326000e+00 5.174371e-24 1.429667e-24 6.604037e-24 
2.328000e+00 5.160852e-24 1.427974e-24 6.588826e-24 
2.330000e+00 5.149759e-24 1.423162e-24 6.572921e-24 
2.332000e+00 5.133058e-24 1.419927e-24 6.552985e-24 
2.334000e+00 5.119577e-24 1.417446e-24 6.537023e-24 
2.336000e+00 5.108159e-24 1.410727e-24 6.518886e-24 
2.338000e+00 5.091879e-24 1.408242e-24 6.500122e-24 
2.340000e+00 5.081333e-24 1.404287e-24 6.485620e-24 
2.342000e+00 5.072725e-24 1.400514e-24 6.473239e-24 
2.344000e+00 5.057268e-24 1.396683e-24 6.453952e-24 
2.346000e+00 5.044971e-24 1.394274e-24 6.439246e-24 
2.348000e+00 5.033308e-24 1.388405e-24 6.421713e-24 
2.350000e+00 5.018150e-24 1.386127e-24 6.404278e-24 
2.352000e+00 5.007884e-24 1.383082e-24 6.390965e-24 
2.354000e+00 5.000187e-24 1.378568e-24 6.378755e-24 
2.356000e+00 4.980545e-24 1.375292e-24 6.355837e-24 
2.358000e+00 4.971974e-24 1.371861e-24 6.343835e-24 
2.360000e+00 4.955934e-24 1.368474e-24 6.324407e-24 
2.362000e+00 4.945009e-24 1.366449e-24 6.311459e-24 
2.364000e+00 4.930173e-24 1.360926e-24 6.291099e-24 
2.366000e+00 4.919394e-24 1.359261e-24 6.278655e-24 
2.368000e+00 4.904200e-24 1.354743e-24 6.258943e-24 
2.370000e+00 4.890481e-24 1.352768e-24 6.243250e-24 
2.372000e+00 4.877132e-24 1.348126e-24 6.225258e-24 
2.374000e+00 4.866435e-24 1.345549e-24 6.211984e-24 
2.376000e+00 4.856456e-24 1.342868e-24 6.199324e-24 
2.378000e+00 4.845631e-24 1.338253e-24 6.183884e-24 
2.380000e+00 4.828339e-24 1.333921e-24 6.162260e-24 
2.382000e+00 4.820234e-24 1.333231e-24 6.153465e-24 
2.384000e+00 4.807496e-24 1.327409e-24 6.134905e-24 
2.386000e+00 4.793278e-24 1.324677e-24 6.117955e-24 
2.388000e+00 4.782843e-24 1.320693e-24 6.103536e-24 
2.390000e+00 4.767841e-24 1.317783e-24 6.085624e-24 
2.392000e+00 4.754699e-24 1.312287e-24 6.066986e-24 
2.394000e+00 4.744031e-24 1.311897e-24 6.055927e-24 
2.396000e+00 4.728887e-24 1.305617e-24 6.034504e-24 
2.398000e+00 4.718533e-24 1.305072e-24 6.023605e-24 
2.400000e+00 4.707543e-24 1.302803e-24 6.010346e-24 
2.402000e+00 4.696576e-24 1.296936e-24 5.993512e-24 
2.404000e+00 4.686452e-24 1.294641e-24 5.981092e-24 
2.406000e+00 4.671489e-24 1.290775e-24 5.962264e-24 
2.408000e+00 4.658919e-24 1.287572e-24 5.946491e-24 
2.410000e+00 4.648204e-24 1.284194e-24 5.932398e-24 
2.412000e+00 4.636060e-24 1.281426e-24 5.917486e-24 
2.414000e+00 4.628275e-24 1.311713e-24 5.939988e-24 
2.416000e+00 4.610310e-24 1.275629e-24 5.885939e-24 
2.418000e+00 4.598798e-24 1.304175e-24 5.902973e-24 
2.420000e+00 4.589348e-24 1.267519e-24 5.856867e-24 
2.422000e+00 4.580439e-24 1.298148e-24 5.878588e-24 
2.424000e+00 4.567767e-24 1.294774e-24 5.862541e-24 
2.426000e+00 4.553054e-24 1.292214e-24 5.845268e-24 
2.428000e+00 4.540993e-24 1.289240e-24 5.830233e-24 
2.430000e+00 4.528931e-24 1.285416e-24 5.814347e-24 
2.432000e+00 4.519280e-24 1.282338e-24 5.801618e-24 
2.434000e+00 4.510942e-24 1.278198e-24 5.789140e-24 
2.436000e+00 4.500227e-24 1.276649e-24 5.776876e-24 
2.438000e+00 4.488161e-24 1.273594e-24 5.761755e-24 
2.440000e+00 4.476814e-24 1.269160e-24 5.745974e-24 
2.442000e+00 4.465219e-24 1.265865e-24 5.731084e-24 
2.444000e+00 4.456843e-24 1.264620e-24 5.721462e-24 
2.446000e+00 4.446509e-24 1.259225e-24 5.705734e-24 
2.448000e+00 4.427878e-24 1.257034e-24 5.684912e-24 
2.450000e+00 4.418641e-24 1.253515e-24 5.672156e-24 
2.452000e+00 4.407264e-24 1.250271e-24 5.657534e-24 
2.454000e+00 4.396600e-24 1.247017e-24 5.643617e-24 
2.456000e+00 4.386749e-24 1.244622e-24 5.631370e-24 
2.458000e+00 4.374622e-24 1.240678e-24 5.615300e-24 
2.460000e+00 4.365306e-24 1.236969e-24 5.602275e-24 
2.462000e+00 4.353168e-24 1.235419e-24 5.588587e-24 
2.464000e+00 4.344283e-24 1.232550e-24 5.576833e-24 
2.466000e+00 4.330828e-24 1.228661e-24 5.559489e-24 
2.468000e+00 4.321145e-24 1.224862e-24 5.546007e-24 
2.470000e+00 4.308451e-24 1.222003e-24 5.530453e-24 
2.472000e+00 4.300729e-24 1.220083e-24 5.520813e-24 
2.474000e+00 4.288895e-24 1.217604e-24 5.506498e-24 
2.476000e+00 4.271885e-24 1.213689e-24 5.485574e-24 
2.478000e+00 4.260437e-24 1.211060e-24 5.471497e-24 
2.480000e+00 4.254124e-24 1.207431e-24 5.461555e-24 
2.482000e+00 4.243022e-24 1.205452e-24 5.448473e-24 
2.484000e+00 4.229761e-24 1.202672e-24 5.432432e-24 
2.486000e+00 4.224955e-24 1.198136e-24 5.423091e-24 
2.488000e+00 4.212684e-24 1.195625e-24 5.408309e-24 
2.490000e+00 4.201955e-24 1.193599e-24 5.395555e-24 
2.492000e+00 4.191065e-24 1.190360e-24 5.381425e-24 
2.494000e+00 4.180687e-24 1.187607e-24 5.368294e-24 
2.496000e+00 4.170249e-24 1.182927e-24 5.353175e-24 
2.498000e+00 4.155931e-24 1.180932e-24 5.336863e-24 
2.500000e+00 4.147992e-24 1.177866e-24 5.325858e-24 
2.502000e+00 4.135005e-24 1.175282e-24 5.310287e-24 
2.504000e+00 4.127233e-24 1.173361e-24 5.300594e-24 
2.506000e+00 4.117414e-24 1.169385e-24 5.286798e-24 
2.508000e+00 4.109070e-24 1.166711e-24 5.275781e-24 
2.510000e+00 4.098921e-24 1.163018e-24 5.261940e-24 
2.512000e+00 4.088563e-24 1.160730e-24 5.249293e-24 
2.514000e+00 4.075134e-24 1.157773e-24 5.232907e-24 
2.516000e+00 4.065212e-24 1.156521e-24 5.221733e-24 
2.518000e+00 4.054435e-24 1.153021e-24 5.207456e-24 
2.520000e+00 4.044698e-24 1.150567e-24 5.195265e-24 
2.522000e+00 4.035761e-24 1.148178e-24 5.183939e-24 
2.524000e+00 4.028962e-24 1.143712e-24 5.172674e-24 
2.526000e+00 4.017123e-24 1.141561e-24 5.158684e-24 
2.528000e+00 4.006408e-24 1.138398e-24 5.144806e-24 
2.530000e+00 3.996180e-24 1.135490e-24 5.131670e-24 
2.532000e+00 3.988506e-24 1.133430e-24 5.121936e-24 
2.534000e+00 3.978948e-24 1.129996e-24 5.108943e-24 
2.536000e+00 3.967855e-24 1.127183e-24 5.095038e-24 
2.538000e+00 3.954210e-24 1.124868e-24 5.079078e-24 
2.540000e+00 3.944928e-24 1.123099e-24 5.068028e-24 
2.542000e+00 3.935244e-24 1.120781e-24 5.056025e-24 
2.544000e+00 3.927466e-24 1.117081e-24 5.044547e-24 
2.546000e+00 3.916800e-24 1.115870e-24 5.032670e-24 
2.548000e+00 3.906911e-24 1.111282e-24 5.018193e-24 
2.550000e+00 3.899327e-24 1.110191e-24 5.009518e-24 
2.552000e+00 3.888882e-24 1.106701e-24 4.995583e-24 
2.554000e+00 3.876511e-24 1.104326e-24 4.980837e-24 
2.556000e+00 3.871600e-24 1.078980e-24 4.950580e-24 
2.558000e+00 3.861610e-24 1.075856e-24 4.937467e-24 
2.560000e+00 3.850300e-24 1.073951e-24 4.924251e-24 
2.562000e+00 3.845329e-24 1.070716e-24 4.916045e-24 
2.564000e+00 3.831753e-24 1.066976e-24 4.898728e-24 
2.566000e+00 3.821960e-24 1.064715e-24 4.886675e-24 
2.568000e+00 3.810572e-24 1.062190e-24 4.872762e-24 
2.570000e+00 3.803395e-24 1.058791e-24 4.862186e-24 
2.572000e+00 3.795173e-24 1.055540e-24 4.850713e-24 
2.574000e+00 3.783961e-24 1.054641e-24 4.838602e-24 
2.576000e+00 3.787950e-24 1.053461e-24 4.841411e-24 
2.578000e+00 3.779224e-24 1.050563e-24 4.829787e-24 
2.580000e+00 3.754226e-24 1.047671e-24 4.801897e-24 
2.582000e+00 3.745514e-24 1.045162e-24 4.790676e-24 
2.584000e+00 3.733134e-24 1.042768e-24 4.775901e-24 
2.586000e+00 3.730739e-24 1.039890e-24 4.770629e-24 
2.588000e+00 3.718769e-24 1.060627e-24 4.779396e-24 
2.590000e+00 3.707169e-24 1.056735e-24 4.763904e-24 
2.592000e+00 3.700431e-24 1.055675e-24 4.756106e-24 
2.594000e+00 3.689937e-24 1.052481e-24 4.742417e-24 
2.596000e+00 3.683769e-24 1.049985e-24 4.733754e-24 
2.598000e+00 3.671771e-24 1.048711e-24 4.720482e-24 
2.600000e+00 3.662934e-24 1.046189e-24 4.709124e-24 
2.602000e+00 3.653564e-24 1.043612e-24 4.697176e-24 
2.604000e+00 3.643678e-24 1.041133e-24 4.684811e-24 
2.606000e+00 3.638475e-24 1.038514e-24 4.676989e-24 
2.608000e+00 3.625307e-24 1.035593e-24 4.660900e-24 
2.610000e+00 3.622214e-24 1.032500e-24 4.654714e-24 
2.612000e+00 3.613180e-24 1.030740e-24 4.643921e-24 
2.614000e+00 3.604988e-24 1.028157e-24 4.633145e-24 
2.616000e+00 3.594883e-24 1.025417e-24 4.620300e-24 
2.618000e+00 3.587930e-24 1.024330e-24 4.612260e-24 
2.620000e+00 3.578814e-24 1.022089e-24 4.600902e-24 
2.622000e+00 3.569201e-24 1.019511e-24 4.588712e-24 
2.624000e+00 3.559661e-24 1.016559e-24 4.576220e-24 
2.626000e+00 3.547494e-24 1.014534e-24 4.562028e-24 
2.628000e+00 3.542700e-24 1.012056e-24 4.554756e-24 
2.630000e+00 3.532848e-24 1.009581e-24 4.542429e-24 
2.632000e+00 3.524203e-24 1.006525e-24 4.530727e-24 
2.634000e+00 3.514807e-24 1.005576e-24 4.520383e-24 
2.636000e+00 3.503153e-24 1.001991e-24 4.505144e-24 
2.638000e+00 3.499584e-24 1.000025e-24 4.499609e-24 
2.640000e+00 3.489383e-24 9.979472e-25 4.487330e-24 
2.642000e+00 3.478971e-24 9.953913e-25 4.474362e-24 
2.644000e+00 3.475129e-24 9.720671e-25 4.447196e-24 
2.646000e+00 3.463107e-24 9.686370e-25 4.431744e-24 
2.648000e+00 3.456639e-24 9.665838e-25 4.423223e-24 
2.650000e+00 3.451327e-24 9.634217e-25 4.414749e-24 
2.652000e+00 3.438160e-24 9.600043e-25 4.398164e-24 
2.654000e+00 3.433597e-24 9.596586e-25 4.393256e-24 
2.656000e+00 3.421608e-24 9.577357e-25 4.379343e-24 
2.658000e+00 3.416109e-24 9.548113e-25 4.370921e-24 
2.660000e+00 3.405949e-24 9.527072e-25 4.358656e-24 
2.662000e+00 3.398709e-24 9.495822e-25 4.348292e-24 
2.664000e+00 3.390603e-24 9.487773e-25 4.339380e-24 
2.666000e+00 3.382549e-24 9.462269e-25 4.328776e-24 
2.668000e+00 3.371164e-24 9.437024e-25 4.314867e-24 
2.670000e+00 3.367044e-24 9.402729e-25 4.307317e-24 
2.672000e+00 3.356475e-24 9.382910e-25 4.294766e-24 
2.674000e+00 3.347807e-24 9.372291e-25 4.285036e-24 
2.676000e+00 3.337901e-24 9.351669e-25 4.273068e-24 
2.678000e+00 3.330197e-24 9.331602e-25 4.263357e-24 
2.680000e+00 3.324787e-24 9.296339e-25 4.254421e-24 
2.682000e+00 3.315961e-24 9.271258e-25 4.243087e-24 
2.684000e+00 3.307910e-24 9.262222e-25 4.234133e-24 
2.686000e+00 3.301626e-24 9.234561e-25 4.225082e-24 
2.688000e+00 3.291159e-24 9.209455e-25 4.212104e-24 
2.690000e+00 3.286076e-24 9.182853e-25 4.204361e-24 
2.692000e+00 3.274225e-24 9.178744e-25 4.192100e-24 
2.694000e+00 3.269002e-24 9.145506e-25 4.183552e-24 
2.696000e+00 3.260601e-24 9.118016e-25 4.172403e-24 
2.698000e+00 3.250709e-24 9.108175e-25 4.161526e-24 
2.700000e+00 3.243537e-24 9.083437e-25 4.151881e-24 
2.702000e+00 3.237920e-24 9.058171e-25 4.143737e-24 
2.704000e+00 3.225882e-24 9.046355e-25 4.130517e-24 
2.706000e+00 3.222578e-24 9.019170e-25 4.124495e-24 
2.708000e+00 3.215386e-24 9.003623e-25 4.115748e-24 
2.710000e+00 3.207611e-24 8.989716e-25 4.106583e-24 
2.712000e+00 3.197224e-24 8.966511e-25 4.093875e-24 
2.714000e+00 3.189747e-24 8.942941e-25 4.084041e-24 
2.716000e+00 3.185750e-24 8.925548e-25 4.078304e-24 
2.718000e+00 3.177282e-24 8.905310e-25 4.067813e-24 
2.720000e+00 3.174331e-24 8.875488e-25 4.061880e-24 
2.722000e+00 3.161805e-24 8.860021e-25 4.047807e-24 
2.724000e+00 3.156441e-24 8.846826e-25 4.041123e-24 
2.726000e+00 3.148677e-24 8.815208e-25 4.030198e-24 
2.728000e+00 3.135898e-24 8.804803e-25 4.016378e-24 
2.730000e+00 3.130942e-24 8.779636e-25 4.008906e-24 
2.732000e+00 3.125143e-24 8.759978e-25 4.001141e-24 
2.734000e+00 3.120221e-24 8.747836e-25 3.995005e-24 
2.736000e+00 3.109523e-24 8.719934e-25 3.981516e-24 
2.738000e+00 3.101557e-24 8.689275e-25 3.970485e-24 
2.740000e+00 3.095755e-24 8.686452e-25 3.964400e-24 
2.742000e+00 3.089658e-24 8.662406e-25 3.955898e-24 
2.744000e+00 3.082976e-24 8.639090e-25 3.946885e-24 
2.746000e+00 3.073360e-24 8.627006e-25 3.936061e-24 
2.748000e+00 3.066750e-24 8.600301e-25 3.926780e-24 
2.750000e+00 3.059488e-24 8.572597e-25 3.916748e-24 
2.752000e+00 3.048866e-24 8.570413e-25 3.905908e-24 
2.754000e+00 3.043287e-24 8.538410e-25 3.897128e-24 
2.756000e+00 3.037229e-24 8.532400e-25 3.890468e-24 
2.758000e+00 3.028029e-24 8.501228e-25 3.878152e-24 
2.760000e+00 3.023042e-24 8.470599e-25 3.870102e-24 
2.762000e+00 3.014325e-24 8.465436e-25 3.860868e-24 
2.764000e+00 3.008289e-24 8.435479e-25 3.851837e-24 
2.766000e+00 3.027578e-24 8.427412e-25 3.870320e-24 
2.768000e+00 2.993660e-24 8.402408e-25 3.833901e-24 
2.770000e+00 2.989010e-24 8.394216e-25 3.828432e-24 
2.772000e+00 2.982830e-24 8.363024e-25 3.819132e-24 
2.774000e+00 2.977071e-24 8.339935e-25 3.811064e-24 
2.776000e+00 2.964658e-24 8.332325e-25 3.797891e-24 
2.778000e+00 2.958931e-24 8.315442e-25 3.790476e-24 
2.780000e+00 2.951871e-24 8.298310e-25 3.781702e-24 
2.782000e+00 2.945640e-24 8.275695e-25 3.773209e-24 
2.784000e+00 2.937724e-24 8.270231e-25 3.764747e-24 
2.786000e+00 2.934217e-24 8.239103e-25 3.758127e-24 
2.788000e+00 2.927821e-24 8.228214e-25 3.750642e-24 
2.790000e+00 2.921043e-24 8.208574e-25 3.741900e-24 
2.792000e+00 2.908670e-24 8.185083e-25 3.727178e-24 
2.794000e+00 2.903862e-24 8.179551e-25 3.721818e-24 
2.796000e+00 2.895948e-24 8.143629e-25 3.710311e-24 
2.798000e+00 2.891404e-24 8.133052e-25 3.704710e-24 
2.800000e+00 2.886577e-24 8.102836e-25 3.696860e-24 
2.802000e+00 2.878276e-24 8.093298e-25 3.687606e-24 
2.804000e+00 2.870069e-24 8.071242e-25 3.677193e-24 
2.806000e+00 2.864743e-24 8.060062e-25 3.670749e-24 
2.808000e+00 2.859723e-24 8.036844e-25 3.663408e-24 
2.810000e+00 2.848566e-24 8.012680e-25 3.649834e-24 
2.812000e+00 2.843038e-24 8.005379e-25 3.643575e-24 
2.814000e+00 2.837032e-24 7.980957e-25 3.635127e-24 
2.816000e+00 2.829500e-24 7.971633e-25 3.626663e-24 
2.818000e+00 2.823362e-24 7.937266e-25 3.617089e-24 
2.820000e+00 2.820406e-24 7.923650e-25 3.612772e-24 
2.822000e+00 2.812364e-24 7.900659e-25 3.602429e-24 
2.824000e+00 2.805359e-24 7.885339e-25 3.593893e-24 
2.826000e+00 2.798187e-24 7.869768e-25 3.585164e-24 
2.828000e+00 2.793250e-24 7.859835e-25 3.579233e-24 
2.830000e+00 2.780051e-24 7.835584e-25 3.563609e-24 
2.832000e+00 2.777417e-24 7.822724e-25 3.559690e-24 
2.834000e+00 2.770695e-24 7.796295e-25 3.550324e-24 
2.836000e+00 2.762059e-24 7.792389e-25 3.541298e-24 
2.838000e+00 2.756888e-24 7.780575e-25 3.534945e-24 
2.840000e+00 2.752340e-24 7.749912e-25 3.527331e-24 
2.842000e+00 2.743747e-24 7.740555e-25 3.517802e-24 
2.844000e+00 2.736557e-24 7.710224e-25 3.507579e-24 
2.846000e+00 2.731314e-24 7.709772e-25 3.502291e-24 
2.848000e+00 2.725666e-24 7.685381e-25 3.494204e-24 
2.850000e+00 2.719537e-24 7.669971e-25 3.486534e-24 
2.852000e+00 2.715574e-24 7.652788e-25 3.480853e-24 
2.854000e+00 2.707268e-24 7.637453e-25 3.471013e-24 
2.856000e+00 2.699403e-24 7.609974e-25 3.460401e-24 
2.858000e+00 2.693135e-24 7.605715e-25 3.453707e-24 
2.860000e+00 2.687069e-24 7.577838e-25 3.444853e-24 
2.862000e+00 2.681008e-24 7.569001e-25 3.437908e-24 
2.864000e+00 2.674984e-24 7.557816e-25 3.430766e-24 
2.866000e+00 2.669039e-24 7.535897e-25 3.422629e-24 
2.868000e+00 2.661129e-24 7.520241e-25 3.413154e-24 
2.870000e+00 2.656429e-24 7.493425e-25 3.405772e-24 
2.872000e+00 2.650060e-24 7.489715e-25 3.399031e-24 
2.874000e+00 2.648277e-24 7.460188e-25 3.394296e-24 
2.876000e+00 2.641297e-24 7.453134e-25 3.386611e-24 
2.878000e+00 2.633955e-24 7.419705e-25 3.375926e-24 
2.880000e+00 2.629612e-24 7.408711e-25 3.370483e-24 
2.882000e+00 2.623219e-24 7.383873e-25 3.361607e-24 
2.884000e+00 2.615590e-24 7.383057e-25 3.353896e-24 
2.886000e+00 2.609430e-24 7.366223e-25 3.346052e-24 
2.888000e+00 2.603382e-24 7.343229e-25 3.337705e-24 
2.890000e+00 2.595475e-24 7.334269e-25 3.328902e-24 
2.892000e+00 2.592328e-24 7.322316e-25 3.324560e-24 
2.894000e+00 2.588612e-24 7.303837e-25 3.318995e-24 
2.896000e+00 2.581303e-24 7.290119e-25 3.310315e-24 
2.898000e+00 2.574021e-24 7.287030e-25 3.302724e-24 
2.900000e+00 2.568715e-24 7.257229e-25 3.294438e-24 
2.902000e+00 2.565024e-24 7.244474e-25 3.289471e-24 
2.904000e+00 2.558166e-24 7.233461e-25 3.281513e-24 
2.906000e+00 2.551625e-24 7.207419e-25 3.272367e-24 
2.908000e+00 2.547460e-24 7.199284e-25 3.267389e-24 
2.910000e+00 2.543317e-24 7.172489e-25 3.260566e-24 
2.912000e+00 2.538356e-24 7.160763e-25 3.254433e-24 
2.914000e+00 2.530325e-24 7.160816e-25 3.246407e-24 
2.916000e+00 2.523733e-24 7.130447e-25 3.236777e-24 
2.918000e+00 2.517449e-24 7.118178e-25 3.229266e-24 
2.920000e+00 2.512052e-24 7.113636e-25 3.223416e-24 
2.922000e+00 2.507092e-24 7.084541e-25 3.215546e-24 
2.924000e+00 2.499816e-24 7.080383e-25 3.207855e-24 
2.926000e+00 2.495303e-24 7.071734e-25 3.202476e-24 
2.928000e+00 2.491191e-24 7.040983e-25 3.195290e-24 
2.930000e+00 2.484472e-24 7.028041e-25 3.187276e-24 
2.932000e+00 2.477574e-24 7.022916e-25 3.179866e-24 
2.934000e+00 2.471010e-24 6.998438e-25 3.170854e-24 
2.936000e+00 2.465287e-24 6.987484e-25 3.164036e-24 
2.938000e+00 2.460596e-24 6.968476e-25 3.157443e-24 
2.940000e+00 2.455824e-24 6.952325e-25 3.151056e-24 
2.942000e+00 2.450454e-24 6.942568e-25 3.144711e-24 
2.944000e+00 2.444764e-24 6.924468e-25 3.137211e-24 
2.946000e+00 2.439149e-24 6.907818e-25 3.129931e-24 
2.948000e+00 2.433897e-24 6.884766e-25 3.122373e-24 
2.950000e+00 2.425698e-24 6.882927e-25 3.113990e-24 
2.952000e+00 2.419562e-24 6.858624e-25 3.105424e-24 
2.954000e+00 2.417530e-24 6.845895e-25 3.102119e-24 
2.956000e+00 2.411916e-24 6.837695e-25 3.095686e-24 
2.958000e+00 2.404237e-24 6.832314e-25 3.087469e-24 
2.960000e+00 2.399889e-24 6.807176e-25 3.080607e-24 
2.962000e+00 2.396510e-24 6.794759e-25 3.075986e-24 
2.964000e+00 2.389059e-24 6.784484e-25 3.067508e-24 
2.966000e+00 2.383519e-24 6.761585e-25 3.059677e-24 
2.968000e+00 2.379653e-24 6.757749e-25 3.055427e-24 
2.970000e+00 2.375801e-24 6.730306e-25 3.048831e-24 
2.972000e+00 2.368360e-24 6.725693e-25 3.040929e-24 
2.974000e+00 2.361810e-24 6.705718e-25 3.032382e-24 
2.976000e+00 2.356036e-24 6.697828e-25 3.025819e-24 
2.978000e+00 2.354770e-24 6.676287e-25 3.022398e-24 
2.980000e+00 2.347756e-24 6.654779e-25 3.013234e-24 
2.982000e+00 2.342502e-24 6.647202e-25 3.007222e-24 
2.984000e+00 2.335636e-24 6.638400e-25 2.999476e-24 
2.986000e+00 2.334374e-24 6.626652e-25 2.997039e-24 
2.988000e+00 2.327175e-24 6.607492e-25 2.987924e-24 
2.990000e+00 2.320449e-24 6.598093e-25 2.980259e-24 
2.992000e+00 2.317284e-24 6.574977e-25 2.974782e-24 
2.994000e+00 2.312451e-24 6.560123e-25 2.968463e-24 
2.996000e+00 2.306133e-24 6.540657e-25 2.960199e-24 
2.998000e+00 2.299949e-24 6.539367e-25 2.953886e-24 
