1.000000e-01 8.517107e-24 6.462580e-24 1.497969e-23 
1.020000e-01 8.119095e-24 6.051909e-24 1.417100e-23 
1.040000e-01 7.702599e-24 5.650953e-24 1.335355e-23 
1.060000e-01 7.274287e-24 5.296674e-24 1.257096e-23 
1.080000e-01 6.835415e-24 4.960576e-24 1.179599e-23 
1.100000e-01 5.955272e-24 4.644868e-24 1.060014e-23 
1.120000e-01 5.486750e-24 4.364029e-24 9.850779e-24 
1.140000e-01 4.924252e-24 4.096655e-24 9.020907e-24 
1.160000e-01 4.060159e-24 3.845346e-24 7.905505e-24 
1.180000e-01 5.196359e-24 3.625170e-24 8.821529e-24 
1.200000e-01 5.333432e-24 3.418227e-24 8.751660e-24 
1.220000e-01 5.294125e-24 3.219670e-24 8.513795e-24 
1.240000e-01 5.193685e-24 3.040676e-24 8.234361e-24 
1.260000e-01 5.066002e-24 2.872273e-24 7.938275e-24 
1.280000e-01 4.924483e-24 2.715707e-24 7.640190e-24 
1.300000e-01 4.773159e-24 2.570764e-24 7.343922e-24 
1.320000e-01 4.620063e-24 2.434879e-24 7.054942e-24 
1.340000e-01 4.465175e-24 2.307035e-24 6.772211e-24 
1.360000e-01 4.311363e-24 2.187944e-24 6.499307e-24 
1.380000e-01 4.158779e-24 2.073715e-24 6.232494e-24 
1.400000e-01 4.008820e-24 1.967657e-24 5.976477e-24 
1.420000e-01 3.862749e-24 1.875291e-24 5.738040e-24 
1.440000e-01 3.720118e-24 1.770506e-24 5.490624e-24 
1.460000e-01 3.580545e-24 1.680559e-24 5.261104e-24 
1.480000e-01 3.444734e-24 1.595719e-24 5.040453e-24 
1.500000e-01 3.313491e-24 1.392357e-24 4.705848e-24 
1.520000e-01 3.185721e-24 1.320743e-24 4.506463e-24 
1.540000e-01 3.061047e-24 1.254579e-24 4.315626e-24 
1.560000e-01 2.939273e-24 1.191466e-24 4.130739e-24 
1.580000e-01 2.821265e-24 1.131363e-24 3.952628e-24 
1.600000e-01 2.706567e-24 1.075929e-24 3.782496e-24 
1.620000e-01 2.591183e-24 1.022285e-24 3.613468e-24 
1.640000e-01 2.473154e-24 9.716808e-25 3.444835e-24 
1.660000e-01 2.342435e-24 9.245815e-25 3.267016e-24 
1.680000e-01 2.196449e-24 8.790346e-25 3.075484e-24 
1.700000e-01 2.242330e-24 8.380871e-25 3.080417e-24 
1.720000e-01 2.215137e-24 7.982722e-25 3.013409e-24 
1.740000e-01 2.163333e-24 7.602881e-25 2.923621e-24 
1.760000e-01 2.105314e-24 7.243100e-25 2.829624e-24 
1.780000e-01 2.047121e-24 6.901017e-25 2.737223e-24 
1.800000e-01 1.989315e-24 6.576552e-25 2.646970e-24 
1.820000e-01 1.986870e-24 6.266651e-25 2.613535e-24 
1.840000e-01 1.929427e-24 5.972617e-25 2.526689e-24 
1.860000e-01 1.873299e-24 5.693415e-25 2.442640e-24 
1.880000e-01 1.819984e-24 5.423956e-25 2.362380e-24 
1.900000e-01 1.768396e-24 5.169054e-25 2.285301e-24 
1.920000e-01 1.719381e-24 4.926430e-25 2.212024e-24 
1.940000e-01 1.678282e-24 4.696863e-25 2.147968e-24 
1.960000e-01 1.637020e-24 4.476255e-25 2.084646e-24 
1.980000e-01 1.615800e-24 4.266641e-25 2.042464e-24 
2.000000e-01 1.553299e-24 4.066865e-25 1.959986e-24 
2.020000e-01 1.466258e-24 3.876187e-25 1.853877e-24 
2.040000e-01 1.413185e-24 3.698885e-25 1.783074e-24 
2.060000e-01 1.355957e-24 3.521417e-25 1.708099e-24 
2.080000e-01 1.307625e-24 3.352012e-25 1.642826e-24 
2.100000e-01 1.263909e-24 3.193237e-25 1.583233e-24 
2.120000e-01 1.221452e-24 3.037158e-25 1.525168e-24 
2.140000e-01 1.181269e-24 2.884937e-25 1.469763e-24 
2.160000e-01 1.143372e-24 2.739706e-25 1.417343e-24 
2.180000e-01 1.107553e-24 2.602788e-25 1.367832e-24 
2.200000e-01 1.072727e-24 2.466032e-25 1.319331e-24 
2.220000e-01 1.039315e-24 2.337067e-25 1.273022e-24 
2.240000e-01 1.007196e-24 2.218211e-25 1.229017e-24 
2.260000e-01 9.764871e-25 2.100875e-25 1.186575e-24 
2.280000e-01 9.466965e-25 1.984157e-25 1.145112e-24 
2.300000e-01 9.178345e-25 1.874315e-25 1.105266e-24 
2.320000e-01 8.909226e-25 1.766085e-25 1.067531e-24 
2.340000e-01 8.641515e-25 1.660746e-25 1.030226e-24 
2.360000e-01 8.051001e-25 1.559377e-25 9.610377e-25 
2.380000e-01 7.803547e-25 1.461336e-25 9.264882e-25 
2.400000e-01 7.569330e-25 1.379194e-25 8.948524e-25 
2.420000e-01 7.345612e-25 1.311647e-25 8.657259e-25 
2.440000e-01 7.133973e-25 1.249503e-25 8.383476e-25 
2.460000e-01 6.926287e-25 1.177444e-25 8.103731e-25 
2.480000e-01 6.728053e-25 1.099606e-25 7.827660e-25 
2.500000e-01 6.535433e-25 1.015568e-25 7.551001e-25 
2.520000e-01 6.352614e-25 9.219510e-26 7.274565e-25 
2.540000e-01 6.173553e-25 8.253200e-26 6.998873e-25 
2.560000e-01 5.999924e-25 7.286318e-26 6.728556e-25 
2.580000e-01 5.830070e-25 6.274481e-26 6.457518e-25 
2.600000e-01 5.669958e-25 5.119322e-26 6.181890e-25 
2.620000e-01 5.516915e-25 3.873755e-26 5.904290e-25 
2.640000e-01 5.364051e-25 2.568616e-26 5.620913e-25 
2.660000e-01 5.219361e-25 1.463378e-26 5.365699e-25 
2.680000e-01 5.077971e-25 6.236383e-27 5.140335e-25 
2.700000e-01 4.953063e-25 1.267042e-27 4.965733e-25 
2.720000e-01 4.806038e-25 1.090092e-27 4.816939e-25 
2.740000e-01 4.682336e-25 6.776860e-27 4.750105e-25 
2.760000e-01 4.560074e-25 1.982125e-26 4.758287e-25 
2.780000e-01 4.436009e-25 4.159965e-26 4.852005e-25 
2.800000e-01 4.324573e-25 2.946820e-26 4.619255e-25 
2.820000e-01 4.221549e-25 4.089863e-26 4.630535e-25 
2.840000e-01 4.103648e-25 3.823838e-26 4.486032e-25 
2.860000e-01 3.996420e-25 3.583623e-26 4.354782e-25 
2.880000e-01 3.894243e-25 3.448392e-26 4.239082e-25 
2.900000e-01 3.794708e-25 3.354195e-26 4.130127e-25 
2.920000e-01 3.698297e-25 3.342390e-26 4.032536e-25 
2.940000e-01 3.604672e-25 3.428292e-26 3.947501e-25 
2.960000e-01 3.513287e-25 3.543137e-26 3.867601e-25 
2.980000e-01 3.425586e-25 3.697175e-26 3.795304e-25 
3.000000e-01 3.339780e-25 3.810719e-26 3.720852e-25 
3.020000e-01 3.256970e-25 3.841474e-26 3.641118e-25 
3.040000e-01 3.178460e-25 3.867033e-26 3.565164e-25 
3.060000e-01 3.098385e-25 3.908160e-26 3.489201e-25 
3.080000e-01 3.021225e-25 1.978850e-25 5.000075e-25 
3.100000e-01 2.947523e-25 1.975594e-25 4.923117e-25 
3.120000e-01 2.875101e-25 1.967352e-25 4.842453e-25 
3.140000e-01 2.805832e-25 4.068070e-26 3.212639e-25 
3.160000e-01 2.738408e-25 4.057417e-26 3.144149e-25 
3.180000e-01 2.672084e-25 4.033905e-26 3.075474e-25 
3.200000e-01 2.608491e-25 1.847425e-25 4.455916e-25 
3.220000e-01 2.547093e-25 1.818993e-25 4.366086e-25 
3.240000e-01 2.486021e-25 1.800605e-25 4.286626e-25 
3.260000e-01 2.427011e-25 1.785414e-25 4.212425e-25 
3.280000e-01 2.370390e-25 1.768348e-25 4.138738e-25 
3.300000e-01 2.314383e-25 1.697726e-25 4.012109e-25 
3.320000e-01 2.261331e-25 1.679696e-25 3.941027e-25 
3.340000e-01 2.209635e-25 1.661977e-25 3.871612e-25 
3.360000e-01 2.192944e-25 1.642582e-25 3.835526e-25 
3.380000e-01 2.144540e-25 1.622867e-25 3.767407e-25 
3.400000e-01 2.092717e-25 1.602309e-25 3.695027e-25 
3.420000e-01 1.555751e-25 1.582461e-25 3.138212e-25 
3.440000e-01 1.525487e-25 1.563921e-25 3.089407e-25 
3.460000e-01 1.492558e-25 1.545118e-25 3.037676e-25 
3.480000e-01 1.459183e-25 1.526066e-25 2.985248e-25 
3.500000e-01 1.427898e-25 1.506986e-25 2.934884e-25 
3.520000e-01 1.399627e-25 1.487294e-25 2.886921e-25 
3.540000e-01 1.374069e-25 1.467906e-25 2.841975e-25 
3.560000e-01 1.347705e-25 1.448779e-25 2.796484e-25 
3.580000e-01 1.321834e-25 1.429659e-25 2.751493e-25 
3.600000e-01 1.294400e-25 1.410381e-25 2.704781e-25 
3.620000e-01 1.265081e-25 1.390494e-25 2.655575e-25 
3.640000e-01 1.239961e-25 1.373060e-25 2.613021e-25 
3.660000e-01 1.220456e-25 1.354021e-25 2.574477e-25 
3.680000e-01 1.196707e-25 1.334841e-25 2.531548e-25 
3.700000e-01 1.174622e-25 1.315807e-25 2.490429e-25 
3.720000e-01 1.153679e-25 4.028116e-26 1.556490e-25 
3.740000e-01 1.128599e-25 3.952585e-26 1.523858e-25 
3.760000e-01 1.404564e-25 3.866419e-26 1.791206e-25 
3.780000e-01 1.372426e-25 3.809571e-26 1.753383e-25 
3.800000e-01 1.344326e-25 3.748244e-26 1.719151e-25 
3.820000e-01 1.315626e-25 3.690028e-26 1.684629e-25 
3.840000e-01 1.285228e-25 3.660132e-26 1.651241e-25 
3.860000e-01 1.258567e-25 3.607497e-26 1.619317e-25 
3.880000e-01 1.235051e-25 3.512853e-26 1.586337e-25 
3.900000e-01 1.207444e-25 3.428875e-26 1.550332e-25 
3.920000e-01 1.181138e-25 3.412760e-26 1.522414e-25 
3.940000e-01 1.157268e-25 3.397993e-26 1.497068e-25 
3.960000e-01 1.133581e-25 3.369756e-26 1.470557e-25 
3.980000e-01 1.108670e-25 3.382607e-26 1.446930e-25 
4.000000e-01 1.088330e-25 3.382937e-26 1.426624e-25 
4.020000e-01 1.065361e-25 3.324328e-26 1.397794e-25 
4.040000e-01 1.043008e-25 3.253776e-26 1.368386e-25 
4.060000e-01 1.021201e-25 3.248153e-26 1.346016e-25 
4.080000e-01 1.000849e-25 3.256118e-26 1.326461e-25 
4.100000e-01 9.804839e-26 3.236303e-26 1.304114e-25 
4.120000e-01 9.613234e-26 3.244189e-26 1.285742e-25 
4.140000e-01 9.394116e-26 3.269013e-26 1.266313e-25 
4.160000e-01 9.215073e-26 3.243648e-26 1.245872e-25 
4.180000e-01 9.028081e-26 3.163995e-26 1.219208e-25 
4.200000e-01 8.848469e-26 3.112202e-26 1.196067e-25 
4.220000e-01 8.665877e-26 3.104910e-26 1.177079e-25 
4.240000e-01 8.494617e-26 3.073231e-26 1.156785e-25 
4.260000e-01 8.322396e-26 8.828733e-26 1.715113e-25 
4.280000e-01 8.150203e-26 8.703931e-26 1.685413e-25 
4.300000e-01 7.967874e-26 8.581885e-26 1.654976e-25 
4.320000e-01 7.827697e-26 8.462649e-26 1.629035e-25 
4.340000e-01 7.672246e-26 8.339253e-26 1.601150e-25 
4.360000e-01 7.522611e-26 8.223779e-26 1.574639e-25 
4.380000e-01 7.372366e-26 8.105682e-26 1.547805e-25 
4.400000e-01 7.223313e-26 7.995234e-26 1.521855e-25 
4.420000e-01 7.083769e-26 7.879459e-26 1.496323e-25 
4.440000e-01 6.934247e-26 7.766286e-26 1.470053e-25 
4.460000e-01 6.795472e-26 7.659626e-26 1.445510e-25 
4.480000e-01 6.654978e-26 2.921563e-26 9.576540e-26 
4.500000e-01 6.530333e-26 2.863801e-26 9.394133e-26 
4.520000e-01 6.404721e-26 2.825776e-26 9.230497e-26 
4.540000e-01 6.276981e-26 2.800080e-26 9.077061e-26 
4.560000e-01 6.149096e-26 2.773075e-26 8.922171e-26 
4.580000e-01 6.030239e-26 2.753481e-26 8.783721e-26 
4.600000e-01 5.907976e-26 2.738336e-26 8.646312e-26 
4.620000e-01 5.786742e-26 2.737851e-26 8.524593e-26 
4.640000e-01 5.663432e-26 2.679774e-26 8.343206e-26 
4.660000e-01 5.552178e-26 2.628178e-26 8.180356e-26 
4.680000e-01 5.458588e-26 2.599315e-26 8.057902e-26 
4.700000e-01 5.343941e-26 2.584858e-26 7.928799e-26 
4.720000e-01 5.227391e-26 2.569076e-26 7.796467e-26 
4.740000e-01 5.124269e-26 2.549068e-26 7.673337e-26 
4.760000e-01 5.030920e-26 2.538987e-26 7.569907e-26 
4.780000e-01 4.915937e-26 2.529470e-26 7.445407e-26 
4.800000e-01 4.812458e-26 2.514175e-26 7.326633e-26 
4.820000e-01 4.703790e-26 2.471243e-26 7.175033e-26 
4.840000e-01 4.504615e-26 2.431740e-26 6.936355e-26 
4.860000e-01 4.412396e-26 2.416664e-26 6.829060e-26 
4.880000e-01 4.315681e-26 2.407348e-26 6.723029e-26 
4.900000e-01 4.224421e-26 2.395893e-26 6.620314e-26 
4.920000e-01 4.132920e-26 2.380998e-26 6.513918e-26 
4.940000e-01 4.053650e-26 2.365973e-26 6.419623e-26 
4.960000e-01 3.948495e-26 2.370254e-26 6.318750e-26 
4.980000e-01 3.861379e-26 2.355986e-26 6.217366e-26 
5.000000e-01 3.776903e-26 2.318730e-26 6.095633e-26 
5.020000e-01 3.688262e-26 2.277445e-26 5.965707e-26 
5.040000e-01 3.600452e-26 2.251779e-26 5.852230e-26 
5.060000e-01 3.510567e-26 2.231323e-26 5.741891e-26 
5.080000e-01 3.429141e-26 2.211356e-26 5.640497e-26 
5.100000e-01 3.343591e-26 2.190488e-26 5.534080e-26 
5.120000e-01 3.256972e-26 2.176911e-26 5.433883e-26 
5.140000e-01 3.160700e-26 2.165725e-26 5.326425e-26 
5.160000e-01 3.085488e-26 2.148564e-26 5.234052e-26 
5.180000e-01 3.004169e-26 2.113835e-26 5.118004e-26 
5.200000e-01 2.915083e-26 2.079438e-26 4.994522e-26 
5.220000e-01 2.827883e-26 2.041413e-26 4.869296e-26 
5.240000e-01 2.736140e-26 2.018143e-26 4.754283e-26 
5.260000e-01 2.643400e-26 1.997168e-26 4.640568e-26 
5.280000e-01 2.549493e-26 1.975622e-26 4.525115e-26 
5.300000e-01 2.445577e-26 1.955637e-26 4.401214e-26 
5.320000e-01 2.340161e-26 1.943507e-26 4.283668e-26 
5.340000e-01 2.220878e-26 1.928511e-26 4.149389e-26 
5.360000e-01 1.821792e-26 1.904821e-26 3.726613e-26 
5.380000e-01 1.918775e-26 1.863606e-26 3.782381e-26 
5.400000e-01 1.703351e-26 4.036618e-26 5.739969e-26 
5.420000e-01 1.508016e-26 3.981880e-26 5.489896e-26 
5.440000e-01 1.442950e-26 3.932164e-26 5.375113e-26 
5.460000e-01 1.561611e-26 3.881958e-26 5.443570e-26 
5.480000e-01 1.829998e-26 3.832338e-26 5.662335e-26 
5.500000e-01 2.048263e-26 3.799112e-26 5.847375e-26 
5.520000e-01 2.185597e-26 3.733156e-26 5.918753e-26 
5.540000e-01 1.844453e-26 3.686460e-26 5.530913e-26 
5.560000e-01 1.869941e-26 3.641611e-26 5.511552e-26 
5.580000e-01 2.343027e-26 3.600926e-26 5.943953e-26 
5.600000e-01 2.365562e-26 3.548185e-26 5.913747e-26 
5.620000e-01 2.377288e-26 3.502601e-26 5.879889e-26 
5.640000e-01 1.923566e-26 3.458173e-26 5.381739e-26 
5.660000e-01 1.921852e-26 3.415029e-26 5.336881e-26 
5.680000e-01 1.919852e-26 3.370798e-26 5.290650e-26 
5.700000e-01 1.922909e-26 3.326235e-26 5.249144e-26 
5.720000e-01 1.915533e-26 3.284536e-26 5.200070e-26 
5.740000e-01 1.908291e-26 3.245931e-26 5.154222e-26 
5.760000e-01 1.891693e-26 3.208313e-26 5.100006e-26 
5.780000e-01 1.851253e-26 3.166748e-26 5.018001e-26 
5.800000e-01 2.338653e-26 3.129572e-26 5.468225e-26 
5.820000e-01 2.323525e-26 3.087246e-26 5.410770e-26 
5.840000e-01 1.853904e-26 3.050084e-26 4.903987e-26 
5.860000e-01 1.839293e-26 3.014573e-26 4.853867e-26 
5.880000e-01 1.823041e-26 2.978268e-26 4.801310e-26 
5.900000e-01 1.815089e-26 2.939871e-26 4.754960e-26 
5.920000e-01 1.804745e-26 2.904070e-26 4.708815e-26 
5.940000e-01 1.791797e-26 2.868888e-26 4.660685e-26 
5.960000e-01 1.774626e-26 2.837864e-26 4.612490e-26 
5.980000e-01 1.749392e-26 2.806072e-26 4.555464e-26 
6.000000e-01 1.735001e-26 2.769237e-26 4.504238e-26 
6.020000e-01 2.140359e-26 2.734724e-26 4.875083e-26 
6.040000e-01 1.711509e-26 1.510094e-26 3.221603e-26 
6.060000e-01 1.697512e-26 1.495086e-26 3.192598e-26 
6.080000e-01 1.679152e-26 1.473341e-26 3.152492e-26 
6.100000e-01 1.661009e-26 1.456124e-26 3.117133e-26 
6.120000e-01 1.651647e-26 1.442321e-26 3.093969e-26 
6.140000e-01 1.636524e-26 1.431169e-26 3.067693e-26 
6.160000e-01 1.624760e-26 1.418831e-26 3.043591e-26 
6.180000e-01 1.605097e-26 1.399215e-26 3.004312e-26 
6.200000e-01 1.473777e-26 1.372703e-26 2.846480e-26 
6.220000e-01 1.468992e-26 1.351468e-26 2.820460e-26 
6.240000e-01 1.552532e-26 1.332111e-26 2.884643e-26 
6.260000e-01 1.535905e-26 1.316736e-26 2.852641e-26 
6.280000e-01 1.521795e-26 1.304690e-26 2.826485e-26 
6.300000e-01 1.504167e-26 1.285613e-26 2.789780e-26 
6.320000e-01 1.484577e-26 1.268903e-26 2.753480e-26 
6.340000e-01 1.472319e-26 1.256335e-26 2.728655e-26 
6.360000e-01 1.459323e-26 1.244285e-26 2.703608e-26 
6.380000e-01 1.442852e-26 1.233084e-26 2.675936e-26 
6.400000e-01 1.432712e-26 1.219669e-26 2.652380e-26 
6.420000e-01 1.406057e-26 1.197641e-26 2.603698e-26 
6.440000e-01 1.382007e-26 1.177058e-26 2.559065e-26 
6.460000e-01 1.368610e-26 1.161007e-26 2.529617e-26 
6.480000e-01 1.353331e-26 1.144532e-26 2.497863e-26 
6.500000e-01 1.338797e-26 1.130406e-26 2.469203e-26 
6.520000e-01 1.324326e-26 1.116943e-26 2.441269e-26 
6.540000e-01 1.305077e-26 1.100019e-26 2.405096e-26 
6.560000e-01 1.286966e-26 1.086675e-26 2.373641e-26 
6.580000e-01 1.272033e-26 1.077060e-26 2.349093e-26 
6.600000e-01 1.255956e-26 1.067610e-26 2.323566e-26 
6.620000e-01 1.240418e-26 1.057631e-26 2.298048e-26 
6.640000e-01 1.223700e-26 1.045733e-26 2.269432e-26 
6.660000e-01 1.199831e-26 1.023809e-26 2.223640e-26 
6.680000e-01 1.175645e-26 2.200083e-26 3.375728e-26 
6.700000e-01 1.158448e-26 2.178269e-26 3.336717e-26 
6.720000e-01 1.141757e-26 2.155653e-26 3.297410e-26 
6.740000e-01 1.125723e-26 2.135838e-26 3.261561e-26 
6.760000e-01 1.107037e-26 2.116512e-26 3.223549e-26 
6.780000e-01 1.087298e-26 2.095771e-26 3.183069e-26 
6.800000e-01 1.066431e-26 2.077133e-26 3.143563e-26 
6.820000e-01 1.047017e-26 2.056614e-26 3.103631e-26 
6.840000e-01 1.028068e-26 2.037630e-26 3.065698e-26 
6.860000e-01 1.008316e-26 2.018910e-26 3.027226e-26 
6.880000e-01 9.878289e-27 2.003639e-26 2.991468e-26 
6.900000e-01 9.632066e-27 1.981772e-26 2.944979e-26 
6.920000e-01 9.322320e-27 1.963794e-26 2.896026e-26 
6.940000e-01 9.030872e-27 1.946400e-26 2.849488e-26 
6.960000e-01 8.752500e-27 1.927899e-26 2.803149e-26 
6.980000e-01 8.445262e-27 1.911212e-26 2.755739e-26 
7.000000e-01 8.028822e-27 1.892471e-26 2.695353e-26 
7.020000e-01 7.560077e-27 1.874923e-26 2.630931e-26 
7.040000e-01 7.069643e-27 1.857196e-26 2.564160e-26 
7.060000e-01 6.833580e-27 1.843680e-26 2.527038e-26 
7.080000e-01 6.836892e-27 1.823564e-26 2.507254e-26 
7.100000e-01 7.339230e-27 1.806851e-26 2.540773e-26 
7.120000e-01 7.855476e-27 1.790620e-26 2.576168e-26 
7.140000e-01 8.588463e-27 1.774268e-26 2.633115e-26 
7.160000e-01 9.000857e-27 1.758485e-26 2.658570e-26 
7.180000e-01 9.275919e-27 1.742768e-26 2.670359e-26 
7.200000e-01 9.420275e-27 1.726504e-26 2.668532e-26 
7.220000e-01 7.578647e-27 1.711646e-26 2.469511e-26 
7.240000e-01 9.674826e-27 1.696947e-26 2.664430e-26 
7.260000e-01 9.785946e-27 1.682436e-26 2.661031e-26 
7.280000e-01 9.863827e-27 1.667900e-26 2.654283e-26 
7.300000e-01 9.893505e-27 1.652974e-26 2.642325e-26 
7.320000e-01 9.918510e-27 1.638785e-26 2.630636e-26 
7.340000e-01 9.903491e-27 1.624021e-26 2.614370e-26 
7.360000e-01 9.921715e-27 1.609286e-26 2.601458e-26 
7.380000e-01 9.945525e-27 1.594994e-26 2.589547e-26 
7.400000e-01 9.973650e-27 1.580804e-26 2.578169e-26 
7.420000e-01 9.961194e-27 1.565823e-26 2.561942e-26 
7.440000e-01 9.878957e-27 1.553324e-26 2.541220e-26 
7.460000e-01 9.798392e-27 1.539765e-26 2.519604e-26 
7.480000e-01 9.737293e-27 1.526334e-26 2.500064e-26 
7.500000e-01 9.756847e-27 1.513715e-26 2.489400e-26 
7.520000e-01 9.748058e-27 1.501253e-26 2.476059e-26 
7.540000e-01 9.760957e-27 1.488087e-26 2.464182e-26 
7.560000e-01 9.739921e-27 9.446236e-27 1.918616e-26 
7.580000e-01 9.681217e-27 9.334109e-27 1.901533e-26 
7.600000e-01 1.104976e-26 9.227495e-27 2.027726e-26 
7.620000e-01 1.098709e-26 9.129219e-27 2.011631e-26 
7.640000e-01 1.091408e-26 9.030615e-27 1.994470e-26 
7.660000e-01 1.084694e-26 8.934120e-27 1.978106e-26 
7.680000e-01 1.077546e-26 8.824417e-27 1.959988e-26 
7.700000e-01 1.071225e-26 8.707668e-27 1.941992e-26 
7.720000e-01 9.357793e-27 8.589677e-27 1.794747e-26 
7.740000e-01 1.061133e-26 8.478693e-27 1.909002e-26 
7.760000e-01 1.052063e-26 8.380605e-27 1.890123e-26 
7.780000e-01 1.044872e-26 8.282479e-27 1.873120e-26 
7.800000e-01 1.037686e-26 8.191631e-27 1.856849e-26 
7.820000e-01 1.029997e-26 8.088471e-27 1.838845e-26 
7.840000e-01 1.023036e-26 7.994224e-27 1.822458e-26 
7.860000e-01 1.015937e-26 7.474158e-27 1.763353e-26 
7.880000e-01 1.009068e-26 7.399692e-27 1.749037e-26 
7.900000e-01 1.000474e-26 7.333316e-27 1.733806e-26 
7.920000e-01 9.925311e-27 7.273259e-27 1.719857e-26 
7.940000e-01 9.838714e-27 7.212844e-27 1.705156e-26 
7.960000e-01 9.779078e-27 7.141127e-27 1.692021e-26 
7.980000e-01 9.667600e-27 7.055037e-27 1.672264e-26 
8.000000e-01 9.603548e-27 6.943866e-27 1.654741e-26 
8.020000e-01 9.553416e-27 6.858160e-27 1.641158e-26 
8.040000e-01 9.466843e-27 6.787983e-27 1.625483e-26 
8.060000e-01 9.398082e-27 6.729894e-27 1.612798e-26 
8.080000e-01 9.329340e-27 6.670955e-27 1.600029e-26 
8.100000e-01 9.260750e-27 6.628956e-27 1.588971e-26 
8.120000e-01 8.980994e-27 6.545085e-27 1.552608e-26 
8.140000e-01 8.901566e-27 6.465266e-27 1.536683e-26 
8.160000e-01 8.827799e-27 6.393416e-27 1.522121e-26 
8.180000e-01 8.989223e-27 6.328740e-27 1.531796e-26 
8.200000e-01 8.692048e-27 6.279788e-27 1.497184e-26 
8.220000e-01 8.643889e-27 6.230294e-27 1.487418e-26 
8.240000e-01 8.589793e-27 6.177099e-27 1.476689e-26 
8.260000e-01 8.549159e-27 6.115654e-27 1.466481e-26 
8.280000e-01 8.498653e-27 6.045619e-27 1.454427e-26 
8.300000e-01 8.408764e-27 5.951315e-27 1.436008e-26 
8.320000e-01 8.280356e-27 5.872820e-27 1.415318e-26 
8.340000e-01 8.200631e-27 5.819165e-27 1.401980e-26 
8.360000e-01 8.154116e-27 5.767627e-27 1.392174e-26 
8.380000e-01 8.131637e-27 5.715964e-27 1.384760e-26 
8.400000e-01 8.054861e-27 5.662488e-27 1.371735e-26 
8.420000e-01 8.021892e-27 5.613671e-27 1.363556e-26 
8.440000e-01 7.976054e-27 5.555350e-27 1.353140e-26 
8.460000e-01 7.900742e-27 5.491510e-27 1.339225e-26 
8.480000e-01 7.826111e-27 5.438843e-27 1.326495e-26 
8.500000e-01 7.783842e-27 5.396957e-27 1.318080e-26 
8.520000e-01 7.742530e-27 5.356073e-27 1.309860e-26 
8.540000e-01 7.707228e-27 5.313727e-27 1.302096e-26 
8.560000e-01 7.665854e-27 5.259322e-27 1.292518e-26 
8.580000e-01 7.639396e-27 5.210213e-27 1.284961e-26 
8.600000e-01 7.578167e-27 5.132935e-27 1.271110e-26 
8.620000e-01 7.469929e-27 5.054269e-27 1.252420e-26 
8.640000e-01 7.381925e-27 4.999498e-27 1.238142e-26 
8.660000e-01 7.326441e-27 4.952306e-27 1.227875e-26 
8.680000e-01 7.284461e-27 4.908332e-27 1.219279e-26 
8.700000e-01 7.237480e-27 4.865110e-27 1.210259e-26 
8.720000e-01  7.237480e-27 4.865110e-27 1.210259e-26 
8.740000e-01  7.237480e-27 4.865110e-27 1.210259e-26 
8.760000e-01  7.237480e-27 4.865110e-27 1.210259e-26 
8.780000e-01  7.237480e-27 4.865110e-27 1.210259e-26 
8.800000e-01  7.237480e-27 4.865110e-27 1.210259e-26 
8.820000e-01  7.237480e-27 4.865110e-27 1.210259e-26 
8.840000e-01  7.237480e-27 4.865110e-27 1.210259e-26 
8.860000e-01  7.237480e-27 4.865110e-27 1.210259e-26 
8.880000e-01  7.237480e-27 4.865110e-27 1.210259e-26 
8.900000e-01  7.237480e-27 4.865110e-27 1.210259e-26 
8.920000e-01  7.237480e-27 4.865110e-27 1.210259e-26 
8.940000e-01  7.237480e-27 4.865110e-27 1.210259e-26 
8.960000e-01  7.237480e-27 4.865110e-27 1.210259e-26 
8.980000e-01  7.237480e-27 4.865110e-27 1.210259e-26 
9.000000e-01  7.237480e-27 4.865110e-27 1.210259e-26 
9.020000e-01  7.237480e-27 4.865110e-27 1.210259e-26 
9.040000e-01  7.237480e-27 4.865110e-27 1.210259e-26 
9.060000e-01  7.237480e-27 4.865110e-27 1.210259e-26 
9.080000e-01  7.237480e-27 4.865110e-27 1.210259e-26 
9.100000e-01  7.237480e-27 4.865110e-27 1.210259e-26 
9.120000e-01  7.237480e-27 4.865110e-27 1.210259e-26 
9.140000e-01  7.237480e-27 4.865110e-27 1.210259e-26 
9.160000e-01  7.237480e-27 4.865110e-27 1.210259e-26 
9.180000e-01  7.237480e-27 4.865110e-27 1.210259e-26 
9.200000e-01  7.237480e-27 4.865110e-27 1.210259e-26 
9.220000e-01  7.237480e-27 4.865110e-27 1.210259e-26 
9.240000e-01  7.237480e-27 4.865110e-27 1.210259e-26 
9.260000e-01  7.237480e-27 4.865110e-27 1.210259e-26 
9.280000e-01  7.237480e-27 4.865110e-27 1.210259e-26 
9.300000e-01  7.237480e-27 4.865110e-27 1.210259e-26 
9.320000e-01  7.237480e-27 4.865110e-27 1.210259e-26 
9.340000e-01  7.237480e-27 4.865110e-27 1.210259e-26 
9.360000e-01  7.237480e-27 4.865110e-27 1.210259e-26 
9.380000e-01  7.237480e-27 4.865110e-27 1.210259e-26 
9.400000e-01  7.237480e-27 4.865110e-27 1.210259e-26 
9.420000e-01  7.237480e-27 4.865110e-27 1.210259e-26 
9.440000e-01  7.237480e-27 4.865110e-27 1.210259e-26 
9.460000e-01  7.237480e-27 4.865110e-27 1.210259e-26 
9.480000e-01  7.237480e-27 4.865110e-27 1.210259e-26 
9.500000e-01  7.237480e-27 4.865110e-27 1.210259e-26 
9.520000e-01  7.237480e-27 4.865110e-27 1.210259e-26 
9.540000e-01  7.237480e-27 4.865110e-27 1.210259e-26 
9.560000e-01  7.237480e-27 4.865110e-27 1.210259e-26 
9.580000e-01  7.237480e-27 4.865110e-27 1.210259e-26 
9.600000e-01  7.237480e-27 4.865110e-27 1.210259e-26 
9.620000e-01  7.237480e-27 4.865110e-27 1.210259e-26 
9.640000e-01  7.237480e-27 4.865110e-27 1.210259e-26 
9.660000e-01  7.237480e-27 4.865110e-27 1.210259e-26 
9.680000e-01  7.237480e-27 4.865110e-27 1.210259e-26 
9.700000e-01  7.237480e-27 4.865110e-27 1.210259e-26 
9.720000e-01  7.237480e-27 4.865110e-27 1.210259e-26 
9.740000e-01  7.237480e-27 4.865110e-27 1.210259e-26 
9.760000e-01  7.237480e-27 4.865110e-27 1.210259e-26 
9.780000e-01  7.237480e-27 4.865110e-27 1.210259e-26 
9.800000e-01  7.237480e-27 4.865110e-27 1.210259e-26 
9.820000e-01  7.237480e-27 4.865110e-27 1.210259e-26 
9.840000e-01  7.237480e-27 4.865110e-27 1.210259e-26 
9.860000e-01  7.237480e-27 4.865110e-27 1.210259e-26 
9.880000e-01  7.237480e-27 4.865110e-27 1.210259e-26 
9.900000e-01  7.237480e-27 4.865110e-27 1.210259e-26 
9.920000e-01  7.237480e-27 4.865110e-27 1.210259e-26 
9.940000e-01  7.237480e-27 4.865110e-27 1.210259e-26 
9.960000e-01  7.237480e-27 4.865110e-27 1.210259e-26 
9.980000e-01  7.237480e-27 4.865110e-27 1.210259e-26 
1.000000e+00  7.237480e-27 4.865110e-27 1.210259e-26 
1.002000e+00  7.237480e-27 4.865110e-27 1.210259e-26 
1.004000e+00  7.237480e-27 4.865110e-27 1.210259e-26 
1.006000e+00  7.237480e-27 4.865110e-27 1.210259e-26 
1.008000e+00  7.237480e-27 4.865110e-27 1.210259e-26 
1.010000e+00  7.237480e-27 4.865110e-27 1.210259e-26 
1.012000e+00  7.237480e-27 4.865110e-27 1.210259e-26 
1.014000e+00  7.237480e-27 4.865110e-27 1.210259e-26 
1.016000e+00  7.237480e-27 4.865110e-27 1.210259e-26 
1.018000e+00  7.237480e-27 4.865110e-27 1.210259e-26 
1.020000e+00  7.237480e-27 4.865110e-27 1.210259e-26 
1.022000e+00  7.237480e-27 4.865110e-27 1.210259e-26 
1.024000e+00  7.237480e-27 4.865110e-27 1.210259e-26 
1.026000e+00  7.237480e-27 4.865110e-27 1.210259e-26 
1.028000e+00  7.237480e-27 4.865110e-27 1.210259e-26 
1.030000e+00  7.237480e-27 4.865110e-27 1.210259e-26 
1.032000e+00  7.237480e-27 4.865110e-27 1.210259e-26 
1.034000e+00  7.237480e-27 4.865110e-27 1.210259e-26 
1.036000e+00  7.237480e-27 4.865110e-27 1.210259e-26 
1.038000e+00  7.237480e-27 4.865110e-27 1.210259e-26 
1.040000e+00  7.237480e-27 4.865110e-27 1.210259e-26 
1.042000e+00  7.237480e-27 4.865110e-27 1.210259e-26 
1.044000e+00  7.237480e-27 4.865110e-27 1.210259e-26 
1.046000e+00  7.237480e-27 4.865110e-27 1.210259e-26 
1.048000e+00  7.237480e-27 4.865110e-27 1.210259e-26 
1.050000e+00  7.237480e-27 4.865110e-27 1.210259e-26 
1.052000e+00  7.237480e-27 4.865110e-27 1.210259e-26 
1.054000e+00  7.237480e-27 4.865110e-27 1.210259e-26 
1.056000e+00  7.237480e-27 4.865110e-27 1.210259e-26 
1.058000e+00  7.237480e-27 4.865110e-27 1.210259e-26 
1.060000e+00  7.237480e-27 4.865110e-27 1.210259e-26 
1.062000e+00  7.237480e-27 4.865110e-27 1.210259e-26 
1.064000e+00  7.237480e-27 4.865110e-27 1.210259e-26 
1.066000e+00  7.237480e-27 4.865110e-27 1.210259e-26 
1.068000e+00  7.237480e-27 4.865110e-27 1.210259e-26 
1.070000e+00  7.237480e-27 4.865110e-27 1.210259e-26 
1.072000e+00  7.237480e-27 4.865110e-27 1.210259e-26 
1.074000e+00  7.237480e-27 4.865110e-27 1.210259e-26 
1.076000e+00  7.237480e-27 4.865110e-27 1.210259e-26 
1.078000e+00  7.237480e-27 4.865110e-27 1.210259e-26 
1.080000e+00  7.237480e-27 4.865110e-27 1.210259e-26 
1.082000e+00  7.237480e-27 4.865110e-27 1.210259e-26 
1.084000e+00  7.237480e-27 4.865110e-27 1.210259e-26 
1.086000e+00  7.237480e-27 4.865110e-27 1.210259e-26 
1.088000e+00  7.237480e-27 4.865110e-27 1.210259e-26 
1.090000e+00  7.237480e-27 4.865110e-27 1.210259e-26 
1.092000e+00  7.237480e-27 4.865110e-27 1.210259e-26 
1.094000e+00  7.237480e-27 4.865110e-27 1.210259e-26 
1.096000e+00  7.237480e-27 4.865110e-27 1.210259e-26 
1.098000e+00  7.237480e-27 4.865110e-27 1.210259e-26 
1.100000e+00  7.237480e-27 4.865110e-27 1.210259e-26 
1.102000e+00  7.237480e-27 4.865110e-27 1.210259e-26 
1.104000e+00  7.237480e-27 4.865110e-27 1.210259e-26 
1.106000e+00  7.237480e-27 4.865110e-27 1.210259e-26 
1.108000e+00  7.237480e-27 4.865110e-27 1.210259e-26 
1.110000e+00  7.237480e-27 4.865110e-27 1.210259e-26 
1.112000e+00  7.237480e-27 4.865110e-27 1.210259e-26 
1.114000e+00  7.237480e-27 4.865110e-27 1.210259e-26 
1.116000e+00  7.237480e-27 4.865110e-27 1.210259e-26 
1.118000e+00  7.237480e-27 4.865110e-27 1.210259e-26 
1.120000e+00  7.237480e-27 4.865110e-27 1.210259e-26 
1.122000e+00  7.237480e-27 4.865110e-27 1.210259e-26 
1.124000e+00  7.237480e-27 4.865110e-27 1.210259e-26 
1.126000e+00  7.237480e-27 4.865110e-27 1.210259e-26 
1.128000e+00  7.237480e-27 4.865110e-27 1.210259e-26 
1.130000e+00  7.237480e-27 4.865110e-27 1.210259e-26 
1.132000e+00  7.237480e-27 4.865110e-27 1.210259e-26 
1.134000e+00  7.237480e-27 4.865110e-27 1.210259e-26 
1.136000e+00  7.237480e-27 4.865110e-27 1.210259e-26 
1.138000e+00  7.237480e-27 4.865110e-27 1.210259e-26 
1.140000e+00  7.237480e-27 4.865110e-27 1.210259e-26 
1.142000e+00  7.237480e-27 4.865110e-27 1.210259e-26 
1.144000e+00  7.237480e-27 4.865110e-27 1.210259e-26 
1.146000e+00  7.237480e-27 4.865110e-27 1.210259e-26 
1.148000e+00  7.237480e-27 4.865110e-27 1.210259e-26 
1.150000e+00  7.237480e-27 4.865110e-27 1.210259e-26 
1.152000e+00  7.237480e-27 4.865110e-27 1.210259e-26 
1.154000e+00  7.237480e-27 4.865110e-27 1.210259e-26 
1.156000e+00  7.237480e-27 4.865110e-27 1.210259e-26 
1.158000e+00  7.237480e-27 4.865110e-27 1.210259e-26 
1.160000e+00  7.237480e-27 4.865110e-27 1.210259e-26 
1.162000e+00  7.237480e-27 4.865110e-27 1.210259e-26 
1.164000e+00  7.237480e-27 4.865110e-27 1.210259e-26 
1.166000e+00  7.237480e-27 4.865110e-27 1.210259e-26 
1.168000e+00  7.237480e-27 4.865110e-27 1.210259e-26 
1.170000e+00  7.237480e-27 4.865110e-27 1.210259e-26 
1.172000e+00  7.237480e-27 4.865110e-27 1.210259e-26 
1.174000e+00  7.237480e-27 4.865110e-27 1.210259e-26 
1.176000e+00  7.237480e-27 4.865110e-27 1.210259e-26 
1.178000e+00  7.237480e-27 4.865110e-27 1.210259e-26 
1.180000e+00  7.237480e-27 4.865110e-27 1.210259e-26 
1.182000e+00  7.237480e-27 4.865110e-27 1.210259e-26 
1.184000e+00  7.237480e-27 4.865110e-27 1.210259e-26 
1.186000e+00  7.237480e-27 4.865110e-27 1.210259e-26 
1.188000e+00  7.237480e-27 4.865110e-27 1.210259e-26 
1.190000e+00  7.237480e-27 4.865110e-27 1.210259e-26 
1.192000e+00  7.237480e-27 4.865110e-27 1.210259e-26 
1.194000e+00  7.237480e-27 4.865110e-27 1.210259e-26 
1.196000e+00  7.237480e-27 4.865110e-27 1.210259e-26 
1.198000e+00  7.237480e-27 4.865110e-27 1.210259e-26 
1.200000e+00  7.237480e-27 4.865110e-27 1.210259e-26 
1.202000e+00  7.237480e-27 4.865110e-27 1.210259e-26 
1.204000e+00  7.237480e-27 4.865110e-27 1.210259e-26 
1.206000e+00  7.237480e-27 4.865110e-27 1.210259e-26 
1.208000e+00  7.237480e-27 4.865110e-27 1.210259e-26 
1.210000e+00  7.237480e-27 4.865110e-27 1.210259e-26 
1.212000e+00  7.237480e-27 4.865110e-27 1.210259e-26 
1.214000e+00  7.237480e-27 4.865110e-27 1.210259e-26 
1.216000e+00  7.237480e-27 4.865110e-27 1.210259e-26 
1.218000e+00  7.237480e-27 4.865110e-27 1.210259e-26 
1.220000e+00  7.237480e-27 4.865110e-27 1.210259e-26 
1.222000e+00  7.237480e-27 4.865110e-27 1.210259e-26 
1.224000e+00  7.237480e-27 4.865110e-27 1.210259e-26 
1.226000e+00  7.237480e-27 4.865110e-27 1.210259e-26 
1.228000e+00  7.237480e-27 4.865110e-27 1.210259e-26 
1.230000e+00  7.237480e-27 4.865110e-27 1.210259e-26 
1.232000e+00  7.237480e-27 4.865110e-27 1.210259e-26 
1.234000e+00  7.237480e-27 4.865110e-27 1.210259e-26 
1.236000e+00  7.237480e-27 4.865110e-27 1.210259e-26 
1.238000e+00  7.237480e-27 4.865110e-27 1.210259e-26 
1.240000e+00  7.237480e-27 4.865110e-27 1.210259e-26 
1.242000e+00  7.237480e-27 4.865110e-27 1.210259e-26 
1.244000e+00  7.237480e-27 4.865110e-27 1.210259e-26 
1.246000e+00  7.237480e-27 4.865110e-27 1.210259e-26 
1.248000e+00  7.237480e-27 4.865110e-27 1.210259e-26 
1.250000e+00  7.237480e-27 4.865110e-27 1.210259e-26 
1.252000e+00  7.237480e-27 4.865110e-27 1.210259e-26 
1.254000e+00  7.237480e-27 4.865110e-27 1.210259e-26 
1.256000e+00  7.237480e-27 4.865110e-27 1.210259e-26 
1.258000e+00  7.237480e-27 4.865110e-27 1.210259e-26 
1.260000e+00  7.237480e-27 4.865110e-27 1.210259e-26 
1.262000e+00  7.237480e-27 4.865110e-27 1.210259e-26 
1.264000e+00  7.237480e-27 4.865110e-27 1.210259e-26 
1.266000e+00  7.237480e-27 4.865110e-27 1.210259e-26 
1.268000e+00  7.237480e-27 4.865110e-27 1.210259e-26 
1.270000e+00  7.237480e-27 4.865110e-27 1.210259e-26 
1.272000e+00  7.237480e-27 4.865110e-27 1.210259e-26 
1.274000e+00  7.237480e-27 4.865110e-27 1.210259e-26 
1.276000e+00  7.237480e-27 4.865110e-27 1.210259e-26 
1.278000e+00  7.237480e-27 4.865110e-27 1.210259e-26 
1.280000e+00  7.237480e-27 4.865110e-27 1.210259e-26 
1.282000e+00  7.237480e-27 4.865110e-27 1.210259e-26 
1.284000e+00  7.237480e-27 4.865110e-27 1.210259e-26 
1.286000e+00  7.237480e-27 4.865110e-27 1.210259e-26 
1.288000e+00  7.237480e-27 4.865110e-27 1.210259e-26 
1.290000e+00  7.237480e-27 4.865110e-27 1.210259e-26 
1.292000e+00  7.237480e-27 4.865110e-27 1.210259e-26 
1.294000e+00  7.237480e-27 4.865110e-27 1.210259e-26 
1.296000e+00  7.237480e-27 4.865110e-27 1.210259e-26 
1.298000e+00  7.237480e-27 4.865110e-27 1.210259e-26 
1.300000e+00  7.237480e-27 4.865110e-27 1.210259e-26 
1.302000e+00  7.237480e-27 4.865110e-27 1.210259e-26 
1.304000e+00  7.237480e-27 4.865110e-27 1.210259e-26 
1.306000e+00  7.237480e-27 4.865110e-27 1.210259e-26 
1.308000e+00  7.237480e-27 4.865110e-27 1.210259e-26 
1.310000e+00  7.237480e-27 4.865110e-27 1.210259e-26 
1.312000e+00  7.237480e-27 4.865110e-27 1.210259e-26 
1.314000e+00  7.237480e-27 4.865110e-27 1.210259e-26 
1.316000e+00  7.237480e-27 4.865110e-27 1.210259e-26 
1.318000e+00  7.237480e-27 4.865110e-27 1.210259e-26 
1.320000e+00  7.237480e-27 4.865110e-27 1.210259e-26 
1.322000e+00  7.237480e-27 4.865110e-27 1.210259e-26 
1.324000e+00  7.237480e-27 4.865110e-27 1.210259e-26 
1.326000e+00  7.237480e-27 4.865110e-27 1.210259e-26 
1.328000e+00  7.237480e-27 4.865110e-27 1.210259e-26 
1.330000e+00  7.237480e-27 4.865110e-27 1.210259e-26 
1.332000e+00  7.237480e-27 4.865110e-27 1.210259e-26 
1.334000e+00  7.237480e-27 4.865110e-27 1.210259e-26 
1.336000e+00  7.237480e-27 4.865110e-27 1.210259e-26 
1.338000e+00  7.237480e-27 4.865110e-27 1.210259e-26 
1.340000e+00  7.237480e-27 4.865110e-27 1.210259e-26 
1.342000e+00  7.237480e-27 4.865110e-27 1.210259e-26 
1.344000e+00  7.237480e-27 4.865110e-27 1.210259e-26 
1.346000e+00  7.237480e-27 4.865110e-27 1.210259e-26 
1.348000e+00  7.237480e-27 4.865110e-27 1.210259e-26 
1.350000e+00  7.237480e-27 4.865110e-27 1.210259e-26 
1.352000e+00  7.237480e-27 4.865110e-27 1.210259e-26 
1.354000e+00  7.237480e-27 4.865110e-27 1.210259e-26 
1.356000e+00  7.237480e-27 4.865110e-27 1.210259e-26 
1.358000e+00  7.237480e-27 4.865110e-27 1.210259e-26 
1.360000e+00  7.237480e-27 4.865110e-27 1.210259e-26 
1.362000e+00  7.237480e-27 4.865110e-27 1.210259e-26 
1.364000e+00  7.237480e-27 4.865110e-27 1.210259e-26 
1.366000e+00  7.237480e-27 4.865110e-27 1.210259e-26 
1.368000e+00  7.237480e-27 4.865110e-27 1.210259e-26 
1.370000e+00  7.237480e-27 4.865110e-27 1.210259e-26 
1.372000e+00  7.237480e-27 4.865110e-27 1.210259e-26 
1.374000e+00  7.237480e-27 4.865110e-27 1.210259e-26 
1.376000e+00  7.237480e-27 4.865110e-27 1.210259e-26 
1.378000e+00  7.237480e-27 4.865110e-27 1.210259e-26 
1.380000e+00  7.237480e-27 4.865110e-27 1.210259e-26 
1.382000e+00  7.237480e-27 4.865110e-27 1.210259e-26 
1.384000e+00  7.237480e-27 4.865110e-27 1.210259e-26 
1.386000e+00  7.237480e-27 4.865110e-27 1.210259e-26 
1.388000e+00  7.237480e-27 4.865110e-27 1.210259e-26 
1.390000e+00  7.237480e-27 4.865110e-27 1.210259e-26 
1.392000e+00  7.237480e-27 4.865110e-27 1.210259e-26 
1.394000e+00  7.237480e-27 4.865110e-27 1.210259e-26 
1.396000e+00  7.237480e-27 4.865110e-27 1.210259e-26 
1.398000e+00  7.237480e-27 4.865110e-27 1.210259e-26 
1.400000e+00  7.237480e-27 4.865110e-27 1.210259e-26 
1.402000e+00  7.237480e-27 4.865110e-27 1.210259e-26 
1.404000e+00  7.237480e-27 4.865110e-27 1.210259e-26 
1.406000e+00  7.237480e-27 4.865110e-27 1.210259e-26 
1.408000e+00  7.237480e-27 4.865110e-27 1.210259e-26 
1.410000e+00  7.237480e-27 4.865110e-27 1.210259e-26 
1.412000e+00  7.237480e-27 4.865110e-27 1.210259e-26 
1.414000e+00  7.237480e-27 4.865110e-27 1.210259e-26 
1.416000e+00  7.237480e-27 4.865110e-27 1.210259e-26 
1.418000e+00  7.237480e-27 4.865110e-27 1.210259e-26 
1.420000e+00  7.237480e-27 4.865110e-27 1.210259e-26 
1.422000e+00  7.237480e-27 4.865110e-27 1.210259e-26 
1.424000e+00  7.237480e-27 4.865110e-27 1.210259e-26 
1.426000e+00  7.237480e-27 4.865110e-27 1.210259e-26 
1.428000e+00  7.237480e-27 4.865110e-27 1.210259e-26 
1.430000e+00  7.237480e-27 4.865110e-27 1.210259e-26 
1.432000e+00  7.237480e-27 4.865110e-27 1.210259e-26 
1.434000e+00  7.237480e-27 4.865110e-27 1.210259e-26 
1.436000e+00  7.237480e-27 4.865110e-27 1.210259e-26 
1.438000e+00  7.237480e-27 4.865110e-27 1.210259e-26 
1.440000e+00  7.237480e-27 4.865110e-27 1.210259e-26 
1.442000e+00  7.237480e-27 4.865110e-27 1.210259e-26 
1.444000e+00  7.237480e-27 4.865110e-27 1.210259e-26 
1.446000e+00  7.237480e-27 4.865110e-27 1.210259e-26 
1.448000e+00  7.237480e-27 4.865110e-27 1.210259e-26 
1.450000e+00  7.237480e-27 4.865110e-27 1.210259e-26 
1.452000e+00  7.237480e-27 4.865110e-27 1.210259e-26 
1.454000e+00  7.237480e-27 4.865110e-27 1.210259e-26 
1.456000e+00  7.237480e-27 4.865110e-27 1.210259e-26 
1.458000e+00  7.237480e-27 4.865110e-27 1.210259e-26 
1.460000e+00  7.237480e-27 4.865110e-27 1.210259e-26 
1.462000e+00  7.237480e-27 4.865110e-27 1.210259e-26 
1.464000e+00  7.237480e-27 4.865110e-27 1.210259e-26 
1.466000e+00  7.237480e-27 4.865110e-27 1.210259e-26 
1.468000e+00  7.237480e-27 4.865110e-27 1.210259e-26 
1.470000e+00  7.237480e-27 4.865110e-27 1.210259e-26 
1.472000e+00  7.237480e-27 4.865110e-27 1.210259e-26 
1.474000e+00  7.237480e-27 4.865110e-27 1.210259e-26 
1.476000e+00  7.237480e-27 4.865110e-27 1.210259e-26 
1.478000e+00  7.237480e-27 4.865110e-27 1.210259e-26 
1.480000e+00  7.237480e-27 4.865110e-27 1.210259e-26 
1.482000e+00  7.237480e-27 4.865110e-27 1.210259e-26 
1.484000e+00  7.237480e-27 4.865110e-27 1.210259e-26 
1.486000e+00  7.237480e-27 4.865110e-27 1.210259e-26 
1.488000e+00  7.237480e-27 4.865110e-27 1.210259e-26 
1.490000e+00  7.237480e-27 4.865110e-27 1.210259e-26 
1.492000e+00  7.237480e-27 4.865110e-27 1.210259e-26 
1.494000e+00  7.237480e-27 4.865110e-27 1.210259e-26 
1.496000e+00  7.237480e-27 4.865110e-27 1.210259e-26 
1.498000e+00  7.237480e-27 4.865110e-27 1.210259e-26 
1.500000e+00  7.237480e-27 4.865110e-27 1.210259e-26 
1.502000e+00  7.237480e-27 4.865110e-27 1.210259e-26 
1.504000e+00  7.237480e-27 4.865110e-27 1.210259e-26 
1.506000e+00  7.237480e-27 4.865110e-27 1.210259e-26 
1.508000e+00  7.237480e-27 4.865110e-27 1.210259e-26 
1.510000e+00  7.237480e-27 4.865110e-27 1.210259e-26 
1.512000e+00  7.237480e-27 4.865110e-27 1.210259e-26 
1.514000e+00  7.237480e-27 4.865110e-27 1.210259e-26 
1.516000e+00  7.237480e-27 4.865110e-27 1.210259e-26 
1.518000e+00  7.237480e-27 4.865110e-27 1.210259e-26 
1.520000e+00  7.237480e-27 4.865110e-27 1.210259e-26 
1.522000e+00  7.237480e-27 4.865110e-27 1.210259e-26 
1.524000e+00  7.237480e-27 4.865110e-27 1.210259e-26 
1.526000e+00  7.237480e-27 4.865110e-27 1.210259e-26 
1.528000e+00  7.237480e-27 4.865110e-27 1.210259e-26 
1.530000e+00  7.237480e-27 4.865110e-27 1.210259e-26 
1.532000e+00  7.237480e-27 4.865110e-27 1.210259e-26 
1.534000e+00  7.237480e-27 4.865110e-27 1.210259e-26 
1.536000e+00  7.237480e-27 4.865110e-27 1.210259e-26 
1.538000e+00  7.237480e-27 4.865110e-27 1.210259e-26 
1.540000e+00  7.237480e-27 4.865110e-27 1.210259e-26 
1.542000e+00  7.237480e-27 4.865110e-27 1.210259e-26 
1.544000e+00  7.237480e-27 4.865110e-27 1.210259e-26 
1.546000e+00  7.237480e-27 4.865110e-27 1.210259e-26 
1.548000e+00  7.237480e-27 4.865110e-27 1.210259e-26 
1.550000e+00  7.237480e-27 4.865110e-27 1.210259e-26 
1.552000e+00  7.237480e-27 4.865110e-27 1.210259e-26 
1.554000e+00  7.237480e-27 4.865110e-27 1.210259e-26 
1.556000e+00  7.237480e-27 4.865110e-27 1.210259e-26 
1.558000e+00  7.237480e-27 4.865110e-27 1.210259e-26 
1.560000e+00  7.237480e-27 4.865110e-27 1.210259e-26 
1.562000e+00  7.237480e-27 4.865110e-27 1.210259e-26 
1.564000e+00  7.237480e-27 4.865110e-27 1.210259e-26 
1.566000e+00  7.237480e-27 4.865110e-27 1.210259e-26 
1.568000e+00  7.237480e-27 4.865110e-27 1.210259e-26 
1.570000e+00  7.237480e-27 4.865110e-27 1.210259e-26 
1.572000e+00  7.237480e-27 4.865110e-27 1.210259e-26 
1.574000e+00  7.237480e-27 4.865110e-27 1.210259e-26 
1.576000e+00  7.237480e-27 4.865110e-27 1.210259e-26 
1.578000e+00  7.237480e-27 4.865110e-27 1.210259e-26 
1.580000e+00  7.237480e-27 4.865110e-27 1.210259e-26 
1.582000e+00  7.237480e-27 4.865110e-27 1.210259e-26 
1.584000e+00  7.237480e-27 4.865110e-27 1.210259e-26 
1.586000e+00  7.237480e-27 4.865110e-27 1.210259e-26 
1.588000e+00  7.237480e-27 4.865110e-27 1.210259e-26 
1.590000e+00  7.237480e-27 4.865110e-27 1.210259e-26 
1.592000e+00  7.237480e-27 4.865110e-27 1.210259e-26 
1.594000e+00  7.237480e-27 4.865110e-27 1.210259e-26 
1.596000e+00  7.237480e-27 4.865110e-27 1.210259e-26 
1.598000e+00  7.237480e-27 4.865110e-27 1.210259e-26 
1.600000e+00  7.237480e-27 4.865110e-27 1.210259e-26 
1.602000e+00  7.237480e-27 4.865110e-27 1.210259e-26 
1.604000e+00  7.237480e-27 4.865110e-27 1.210259e-26 
1.606000e+00  7.237480e-27 4.865110e-27 1.210259e-26 
1.608000e+00  7.237480e-27 4.865110e-27 1.210259e-26 
1.610000e+00  7.237480e-27 4.865110e-27 1.210259e-26 
1.612000e+00  7.237480e-27 4.865110e-27 1.210259e-26 
1.614000e+00  7.237480e-27 4.865110e-27 1.210259e-26 
1.616000e+00  7.237480e-27 4.865110e-27 1.210259e-26 
1.618000e+00  7.237480e-27 4.865110e-27 1.210259e-26 
1.620000e+00  7.237480e-27 4.865110e-27 1.210259e-26 
1.622000e+00  7.237480e-27 4.865110e-27 1.210259e-26 
1.624000e+00  7.237480e-27 4.865110e-27 1.210259e-26 
1.626000e+00  7.237480e-27 4.865110e-27 1.210259e-26 
1.628000e+00  7.237480e-27 4.865110e-27 1.210259e-26 
1.630000e+00  7.237480e-27 4.865110e-27 1.210259e-26 
1.632000e+00  7.237480e-27 4.865110e-27 1.210259e-26 
1.634000e+00  7.237480e-27 4.865110e-27 1.210259e-26 
1.636000e+00  7.237480e-27 4.865110e-27 1.210259e-26 
1.638000e+00  7.237480e-27 4.865110e-27 1.210259e-26 
1.640000e+00  7.237480e-27 4.865110e-27 1.210259e-26 
1.642000e+00  7.237480e-27 4.865110e-27 1.210259e-26 
1.644000e+00  7.237480e-27 4.865110e-27 1.210259e-26 
1.646000e+00  7.237480e-27 4.865110e-27 1.210259e-26 
1.648000e+00  7.237480e-27 4.865110e-27 1.210259e-26 
1.650000e+00  7.237480e-27 4.865110e-27 1.210259e-26 
1.652000e+00  7.237480e-27 4.865110e-27 1.210259e-26 
1.654000e+00  7.237480e-27 4.865110e-27 1.210259e-26 
1.656000e+00  7.237480e-27 4.865110e-27 1.210259e-26 
1.658000e+00  7.237480e-27 4.865110e-27 1.210259e-26 
1.660000e+00  7.237480e-27 4.865110e-27 1.210259e-26 
1.662000e+00  7.237480e-27 4.865110e-27 1.210259e-26 
1.664000e+00  7.237480e-27 4.865110e-27 1.210259e-26 
1.666000e+00  7.237480e-27 4.865110e-27 1.210259e-26 
1.668000e+00  7.237480e-27 4.865110e-27 1.210259e-26 
1.670000e+00  7.237480e-27 4.865110e-27 1.210259e-26 
1.672000e+00  7.237480e-27 4.865110e-27 1.210259e-26 
1.674000e+00  7.237480e-27 4.865110e-27 1.210259e-26 
1.676000e+00  7.237480e-27 4.865110e-27 1.210259e-26 
1.678000e+00  7.237480e-27 4.865110e-27 1.210259e-26 
1.680000e+00  7.237480e-27 4.865110e-27 1.210259e-26 
1.682000e+00  7.237480e-27 4.865110e-27 1.210259e-26 
1.684000e+00  7.237480e-27 4.865110e-27 1.210259e-26 
1.686000e+00  7.237480e-27 4.865110e-27 1.210259e-26 
1.688000e+00  7.237480e-27 4.865110e-27 1.210259e-26 
1.690000e+00  7.237480e-27 4.865110e-27 1.210259e-26 
1.692000e+00  7.237480e-27 4.865110e-27 1.210259e-26 
1.694000e+00  7.237480e-27 4.865110e-27 1.210259e-26 
1.696000e+00  7.237480e-27 4.865110e-27 1.210259e-26 
1.698000e+00  7.237480e-27 4.865110e-27 1.210259e-26 
1.700000e+00  7.237480e-27 4.865110e-27 1.210259e-26 
1.702000e+00  7.237480e-27 4.865110e-27 1.210259e-26 
1.704000e+00  7.237480e-27 4.865110e-27 1.210259e-26 
1.706000e+00  7.237480e-27 4.865110e-27 1.210259e-26 
1.708000e+00  7.237480e-27 4.865110e-27 1.210259e-26 
1.710000e+00  7.237480e-27 4.865110e-27 1.210259e-26 
1.712000e+00  7.237480e-27 4.865110e-27 1.210259e-26 
1.714000e+00  7.237480e-27 4.865110e-27 1.210259e-26 
1.716000e+00  7.237480e-27 4.865110e-27 1.210259e-26 
1.718000e+00  7.237480e-27 4.865110e-27 1.210259e-26 
1.720000e+00  7.237480e-27 4.865110e-27 1.210259e-26 
1.722000e+00  7.237480e-27 4.865110e-27 1.210259e-26 
1.724000e+00  7.237480e-27 4.865110e-27 1.210259e-26 
1.726000e+00  7.237480e-27 4.865110e-27 1.210259e-26 
1.728000e+00  7.237480e-27 4.865110e-27 1.210259e-26 
1.730000e+00  7.237480e-27 4.865110e-27 1.210259e-26 
1.732000e+00  7.237480e-27 4.865110e-27 1.210259e-26 
1.734000e+00  7.237480e-27 4.865110e-27 1.210259e-26 
1.736000e+00  7.237480e-27 4.865110e-27 1.210259e-26 
1.738000e+00  7.237480e-27 4.865110e-27 1.210259e-26 
1.740000e+00  7.237480e-27 4.865110e-27 1.210259e-26 
1.742000e+00  7.237480e-27 4.865110e-27 1.210259e-26 
1.744000e+00  7.237480e-27 4.865110e-27 1.210259e-26 
1.746000e+00  7.237480e-27 4.865110e-27 1.210259e-26 
1.748000e+00  7.237480e-27 4.865110e-27 1.210259e-26 
1.750000e+00  7.237480e-27 4.865110e-27 1.210259e-26 
1.752000e+00  7.237480e-27 4.865110e-27 1.210259e-26 
1.754000e+00  7.237480e-27 4.865110e-27 1.210259e-26 
1.756000e+00  7.237480e-27 4.865110e-27 1.210259e-26 
1.758000e+00  7.237480e-27 4.865110e-27 1.210259e-26 
1.760000e+00  7.237480e-27 4.865110e-27 1.210259e-26 
1.762000e+00  7.237480e-27 4.865110e-27 1.210259e-26 
1.764000e+00  7.237480e-27 4.865110e-27 1.210259e-26 
1.766000e+00  7.237480e-27 4.865110e-27 1.210259e-26 
1.768000e+00  7.237480e-27 4.865110e-27 1.210259e-26 
1.770000e+00  7.237480e-27 4.865110e-27 1.210259e-26 
1.772000e+00  7.237480e-27 4.865110e-27 1.210259e-26 
1.774000e+00  7.237480e-27 4.865110e-27 1.210259e-26 
1.776000e+00  7.237480e-27 4.865110e-27 1.210259e-26 
1.778000e+00  7.237480e-27 4.865110e-27 1.210259e-26 
1.780000e+00  7.237480e-27 4.865110e-27 1.210259e-26 
1.782000e+00  7.237480e-27 4.865110e-27 1.210259e-26 
1.784000e+00  7.237480e-27 4.865110e-27 1.210259e-26 
1.786000e+00  7.237480e-27 4.865110e-27 1.210259e-26 
1.788000e+00  7.237480e-27 4.865110e-27 1.210259e-26 
1.790000e+00  7.237480e-27 4.865110e-27 1.210259e-26 
1.792000e+00  7.237480e-27 4.865110e-27 1.210259e-26 
1.794000e+00  7.237480e-27 4.865110e-27 1.210259e-26 
1.796000e+00  7.237480e-27 4.865110e-27 1.210259e-26 
1.798000e+00  7.237480e-27 4.865110e-27 1.210259e-26 
1.800000e+00  7.237480e-27 4.865110e-27 1.210259e-26 
1.802000e+00  7.237480e-27 4.865110e-27 1.210259e-26 
1.804000e+00  7.237480e-27 4.865110e-27 1.210259e-26 
1.806000e+00  7.237480e-27 4.865110e-27 1.210259e-26 
1.808000e+00  7.237480e-27 4.865110e-27 1.210259e-26 
1.810000e+00  7.237480e-27 4.865110e-27 1.210259e-26 
1.812000e+00  7.237480e-27 4.865110e-27 1.210259e-26 
1.814000e+00  7.237480e-27 4.865110e-27 1.210259e-26 
1.816000e+00  7.237480e-27 4.865110e-27 1.210259e-26 
1.818000e+00  7.237480e-27 4.865110e-27 1.210259e-26 
1.820000e+00  7.237480e-27 4.865110e-27 1.210259e-26 
1.822000e+00  7.237480e-27 4.865110e-27 1.210259e-26 
1.824000e+00  7.237480e-27 4.865110e-27 1.210259e-26 
1.826000e+00  7.237480e-27 4.865110e-27 1.210259e-26 
1.828000e+00  7.237480e-27 4.865110e-27 1.210259e-26 
1.830000e+00  7.237480e-27 4.865110e-27 1.210259e-26 
1.832000e+00  7.237480e-27 4.865110e-27 1.210259e-26 
1.834000e+00  7.237480e-27 4.865110e-27 1.210259e-26 
1.836000e+00  7.237480e-27 4.865110e-27 1.210259e-26 
1.838000e+00  7.237480e-27 4.865110e-27 1.210259e-26 
1.840000e+00  7.237480e-27 4.865110e-27 1.210259e-26 
1.842000e+00  7.237480e-27 4.865110e-27 1.210259e-26 
1.844000e+00  7.237480e-27 4.865110e-27 1.210259e-26 
1.846000e+00  7.237480e-27 4.865110e-27 1.210259e-26 
1.848000e+00  7.237480e-27 4.865110e-27 1.210259e-26 
1.850000e+00  7.237480e-27 4.865110e-27 1.210259e-26 
1.852000e+00  7.237480e-27 4.865110e-27 1.210259e-26 
1.854000e+00  7.237480e-27 4.865110e-27 1.210259e-26 
1.856000e+00  7.237480e-27 4.865110e-27 1.210259e-26 
1.858000e+00  7.237480e-27 4.865110e-27 1.210259e-26 
1.860000e+00  7.237480e-27 4.865110e-27 1.210259e-26 
1.862000e+00  7.237480e-27 4.865110e-27 1.210259e-26 
1.864000e+00  7.237480e-27 4.865110e-27 1.210259e-26 
1.866000e+00  7.237480e-27 4.865110e-27 1.210259e-26 
1.868000e+00  7.237480e-27 4.865110e-27 1.210259e-26 
1.870000e+00  7.237480e-27 4.865110e-27 1.210259e-26 
1.872000e+00  7.237480e-27 4.865110e-27 1.210259e-26 
1.874000e+00  7.237480e-27 4.865110e-27 1.210259e-26 
1.876000e+00  7.237480e-27 4.865110e-27 1.210259e-26 
1.878000e+00  7.237480e-27 4.865110e-27 1.210259e-26 
1.880000e+00  7.237480e-27 4.865110e-27 1.210259e-26 
1.882000e+00  7.237480e-27 4.865110e-27 1.210259e-26 
1.884000e+00  7.237480e-27 4.865110e-27 1.210259e-26 
1.886000e+00  7.237480e-27 4.865110e-27 1.210259e-26 
1.888000e+00  7.237480e-27 4.865110e-27 1.210259e-26 
1.890000e+00  7.237480e-27 4.865110e-27 1.210259e-26 
1.892000e+00  7.237480e-27 4.865110e-27 1.210259e-26 
1.894000e+00  7.237480e-27 4.865110e-27 1.210259e-26 
1.896000e+00  7.237480e-27 4.865110e-27 1.210259e-26 
1.898000e+00  7.237480e-27 4.865110e-27 1.210259e-26 
1.900000e+00  7.237480e-27 4.865110e-27 1.210259e-26 
1.902000e+00  7.237480e-27 4.865110e-27 1.210259e-26 
1.904000e+00  7.237480e-27 4.865110e-27 1.210259e-26 
1.906000e+00  7.237480e-27 4.865110e-27 1.210259e-26 
1.908000e+00  7.237480e-27 4.865110e-27 1.210259e-26 
1.910000e+00  7.237480e-27 4.865110e-27 1.210259e-26 
1.912000e+00  7.237480e-27 4.865110e-27 1.210259e-26 
1.914000e+00  7.237480e-27 4.865110e-27 1.210259e-26 
1.916000e+00  7.237480e-27 4.865110e-27 1.210259e-26 
1.918000e+00  7.237480e-27 4.865110e-27 1.210259e-26 
1.920000e+00  7.237480e-27 4.865110e-27 1.210259e-26 
1.922000e+00  7.237480e-27 4.865110e-27 1.210259e-26 
1.924000e+00  7.237480e-27 4.865110e-27 1.210259e-26 
1.926000e+00  7.237480e-27 4.865110e-27 1.210259e-26 
1.928000e+00  7.237480e-27 4.865110e-27 1.210259e-26 
1.930000e+00  7.237480e-27 4.865110e-27 1.210259e-26 
1.932000e+00  7.237480e-27 4.865110e-27 1.210259e-26 
1.934000e+00  7.237480e-27 4.865110e-27 1.210259e-26 
1.936000e+00  7.237480e-27 4.865110e-27 1.210259e-26 
1.938000e+00  7.237480e-27 4.865110e-27 1.210259e-26 
1.940000e+00  7.237480e-27 4.865110e-27 1.210259e-26 
1.942000e+00  7.237480e-27 4.865110e-27 1.210259e-26 
1.944000e+00  7.237480e-27 4.865110e-27 1.210259e-26 
1.946000e+00  7.237480e-27 4.865110e-27 1.210259e-26 
1.948000e+00  7.237480e-27 4.865110e-27 1.210259e-26 
1.950000e+00  7.237480e-27 4.865110e-27 1.210259e-26 
1.952000e+00  7.237480e-27 4.865110e-27 1.210259e-26 
1.954000e+00  7.237480e-27 4.865110e-27 1.210259e-26 
1.956000e+00  7.237480e-27 4.865110e-27 1.210259e-26 
1.958000e+00  7.237480e-27 4.865110e-27 1.210259e-26 
1.960000e+00  7.237480e-27 4.865110e-27 1.210259e-26 
1.962000e+00  7.237480e-27 4.865110e-27 1.210259e-26 
1.964000e+00  7.237480e-27 4.865110e-27 1.210259e-26 
1.966000e+00  7.237480e-27 4.865110e-27 1.210259e-26 
1.968000e+00  7.237480e-27 4.865110e-27 1.210259e-26 
1.970000e+00  7.237480e-27 4.865110e-27 1.210259e-26 
1.972000e+00  7.237480e-27 4.865110e-27 1.210259e-26 
1.974000e+00  7.237480e-27 4.865110e-27 1.210259e-26 
1.976000e+00  7.237480e-27 4.865110e-27 1.210259e-26 
1.978000e+00  7.237480e-27 4.865110e-27 1.210259e-26 
1.980000e+00  7.237480e-27 4.865110e-27 1.210259e-26 
1.982000e+00  7.237480e-27 4.865110e-27 1.210259e-26 
1.984000e+00  7.237480e-27 4.865110e-27 1.210259e-26 
1.986000e+00  7.237480e-27 4.865110e-27 1.210259e-26 
1.988000e+00  7.237480e-27 4.865110e-27 1.210259e-26 
1.990000e+00  7.237480e-27 4.865110e-27 1.210259e-26 
1.992000e+00  7.237480e-27 4.865110e-27 1.210259e-26 
1.994000e+00  7.237480e-27 4.865110e-27 1.210259e-26 
1.996000e+00  7.237480e-27 4.865110e-27 1.210259e-26 
1.998000e+00  7.237480e-27 4.865110e-27 1.210259e-26 
2.000000e+00  7.237480e-27 4.865110e-27 1.210259e-26 
2.002000e+00  7.237480e-27 4.865110e-27 1.210259e-26 
2.004000e+00  7.237480e-27 4.865110e-27 1.210259e-26 
2.006000e+00  7.237480e-27 4.865110e-27 1.210259e-26 
2.008000e+00  7.237480e-27 4.865110e-27 1.210259e-26 
2.010000e+00  7.237480e-27 4.865110e-27 1.210259e-26 
2.012000e+00  7.237480e-27 4.865110e-27 1.210259e-26 
2.014000e+00  7.237480e-27 4.865110e-27 1.210259e-26 
2.016000e+00  7.237480e-27 4.865110e-27 1.210259e-26 
2.018000e+00  7.237480e-27 4.865110e-27 1.210259e-26 
2.020000e+00  7.237480e-27 4.865110e-27 1.210259e-26 
2.022000e+00  7.237480e-27 4.865110e-27 1.210259e-26 
2.024000e+00  7.237480e-27 4.865110e-27 1.210259e-26 
2.026000e+00  7.237480e-27 4.865110e-27 1.210259e-26 
2.028000e+00  7.237480e-27 4.865110e-27 1.210259e-26 
2.030000e+00  7.237480e-27 4.865110e-27 1.210259e-26 
2.032000e+00  7.237480e-27 4.865110e-27 1.210259e-26 
2.034000e+00  7.237480e-27 4.865110e-27 1.210259e-26 
2.036000e+00  7.237480e-27 4.865110e-27 1.210259e-26 
2.038000e+00  7.237480e-27 4.865110e-27 1.210259e-26 
2.040000e+00  7.237480e-27 4.865110e-27 1.210259e-26 
2.042000e+00  7.237480e-27 4.865110e-27 1.210259e-26 
2.044000e+00  7.237480e-27 4.865110e-27 1.210259e-26 
2.046000e+00  7.237480e-27 4.865110e-27 1.210259e-26 
2.048000e+00  7.237480e-27 4.865110e-27 1.210259e-26 
2.050000e+00  7.237480e-27 4.865110e-27 1.210259e-26 
2.052000e+00  7.237480e-27 4.865110e-27 1.210259e-26 
2.054000e+00  7.237480e-27 4.865110e-27 1.210259e-26 
2.056000e+00  7.237480e-27 4.865110e-27 1.210259e-26 
2.058000e+00  7.237480e-27 4.865110e-27 1.210259e-26 
2.060000e+00  7.237480e-27 4.865110e-27 1.210259e-26 
2.062000e+00  7.237480e-27 4.865110e-27 1.210259e-26 
2.064000e+00  7.237480e-27 4.865110e-27 1.210259e-26 
2.066000e+00  7.237480e-27 4.865110e-27 1.210259e-26 
2.068000e+00  7.237480e-27 4.865110e-27 1.210259e-26 
2.070000e+00  7.237480e-27 4.865110e-27 1.210259e-26 
2.072000e+00  7.237480e-27 4.865110e-27 1.210259e-26 
2.074000e+00  7.237480e-27 4.865110e-27 1.210259e-26 
2.076000e+00  7.237480e-27 4.865110e-27 1.210259e-26 
2.078000e+00  7.237480e-27 4.865110e-27 1.210259e-26 
2.080000e+00  7.237480e-27 4.865110e-27 1.210259e-26 
2.082000e+00  7.237480e-27 4.865110e-27 1.210259e-26 
2.084000e+00  7.237480e-27 4.865110e-27 1.210259e-26 
2.086000e+00  7.237480e-27 4.865110e-27 1.210259e-26 
2.088000e+00  7.237480e-27 4.865110e-27 1.210259e-26 
2.090000e+00  7.237480e-27 4.865110e-27 1.210259e-26 
2.092000e+00  7.237480e-27 4.865110e-27 1.210259e-26 
2.094000e+00  7.237480e-27 4.865110e-27 1.210259e-26 
2.096000e+00  7.237480e-27 4.865110e-27 1.210259e-26 
2.098000e+00  7.237480e-27 4.865110e-27 1.210259e-26 
2.100000e+00  7.237480e-27 4.865110e-27 1.210259e-26 
2.102000e+00  7.237480e-27 4.865110e-27 1.210259e-26 
2.104000e+00  7.237480e-27 4.865110e-27 1.210259e-26 
2.106000e+00  7.237480e-27 4.865110e-27 1.210259e-26 
2.108000e+00  7.237480e-27 4.865110e-27 1.210259e-26 
2.110000e+00  7.237480e-27 4.865110e-27 1.210259e-26 
2.112000e+00  7.237480e-27 4.865110e-27 1.210259e-26 
2.114000e+00  7.237480e-27 4.865110e-27 1.210259e-26 
2.116000e+00  7.237480e-27 4.865110e-27 1.210259e-26 
2.118000e+00  7.237480e-27 4.865110e-27 1.210259e-26 
2.120000e+00  7.237480e-27 4.865110e-27 1.210259e-26 
2.122000e+00  7.237480e-27 4.865110e-27 1.210259e-26 
2.124000e+00  7.237480e-27 4.865110e-27 1.210259e-26 
2.126000e+00  7.237480e-27 4.865110e-27 1.210259e-26 
2.128000e+00  7.237480e-27 4.865110e-27 1.210259e-26 
2.130000e+00  7.237480e-27 4.865110e-27 1.210259e-26 
2.132000e+00  7.237480e-27 4.865110e-27 1.210259e-26 
2.134000e+00  7.237480e-27 4.865110e-27 1.210259e-26 
2.136000e+00  7.237480e-27 4.865110e-27 1.210259e-26 
2.138000e+00  7.237480e-27 4.865110e-27 1.210259e-26 
2.140000e+00  7.237480e-27 4.865110e-27 1.210259e-26 
2.142000e+00  7.237480e-27 4.865110e-27 1.210259e-26 
2.144000e+00  7.237480e-27 4.865110e-27 1.210259e-26 
2.146000e+00  7.237480e-27 4.865110e-27 1.210259e-26 
2.148000e+00  7.237480e-27 4.865110e-27 1.210259e-26 
2.150000e+00  7.237480e-27 4.865110e-27 1.210259e-26 
2.152000e+00  7.237480e-27 4.865110e-27 1.210259e-26 
2.154000e+00  7.237480e-27 4.865110e-27 1.210259e-26 
2.156000e+00  7.237480e-27 4.865110e-27 1.210259e-26 
2.158000e+00  7.237480e-27 4.865110e-27 1.210259e-26 
2.160000e+00  7.237480e-27 4.865110e-27 1.210259e-26 
2.162000e+00  7.237480e-27 4.865110e-27 1.210259e-26 
2.164000e+00  7.237480e-27 4.865110e-27 1.210259e-26 
2.166000e+00  7.237480e-27 4.865110e-27 1.210259e-26 
2.168000e+00  7.237480e-27 4.865110e-27 1.210259e-26 
2.170000e+00  7.237480e-27 4.865110e-27 1.210259e-26 
2.172000e+00  7.237480e-27 4.865110e-27 1.210259e-26 
2.174000e+00  7.237480e-27 4.865110e-27 1.210259e-26 
2.176000e+00  7.237480e-27 4.865110e-27 1.210259e-26 
2.178000e+00  7.237480e-27 4.865110e-27 1.210259e-26 
2.180000e+00  7.237480e-27 4.865110e-27 1.210259e-26 
2.182000e+00  7.237480e-27 4.865110e-27 1.210259e-26 
2.184000e+00  7.237480e-27 4.865110e-27 1.210259e-26 
2.186000e+00  7.237480e-27 4.865110e-27 1.210259e-26 
2.188000e+00  7.237480e-27 4.865110e-27 1.210259e-26 
2.190000e+00  7.237480e-27 4.865110e-27 1.210259e-26 
2.192000e+00  7.237480e-27 4.865110e-27 1.210259e-26 
2.194000e+00  7.237480e-27 4.865110e-27 1.210259e-26 
2.196000e+00  7.237480e-27 4.865110e-27 1.210259e-26 
2.198000e+00  7.237480e-27 4.865110e-27 1.210259e-26 
2.200000e+00  7.237480e-27 4.865110e-27 1.210259e-26 
2.202000e+00  7.237480e-27 4.865110e-27 1.210259e-26 
2.204000e+00  7.237480e-27 4.865110e-27 1.210259e-26 
2.206000e+00  7.237480e-27 4.865110e-27 1.210259e-26 
2.208000e+00  7.237480e-27 4.865110e-27 1.210259e-26 
2.210000e+00  7.237480e-27 4.865110e-27 1.210259e-26 
2.212000e+00  7.237480e-27 4.865110e-27 1.210259e-26 
2.214000e+00  7.237480e-27 4.865110e-27 1.210259e-26 
2.216000e+00  7.237480e-27 4.865110e-27 1.210259e-26 
2.218000e+00  7.237480e-27 4.865110e-27 1.210259e-26 
2.220000e+00  7.237480e-27 4.865110e-27 1.210259e-26 
2.222000e+00  7.237480e-27 4.865110e-27 1.210259e-26 
2.224000e+00  7.237480e-27 4.865110e-27 1.210259e-26 
2.226000e+00  7.237480e-27 4.865110e-27 1.210259e-26 
2.228000e+00  7.237480e-27 4.865110e-27 1.210259e-26 
2.230000e+00  7.237480e-27 4.865110e-27 1.210259e-26 
2.232000e+00  7.237480e-27 4.865110e-27 1.210259e-26 
2.234000e+00  7.237480e-27 4.865110e-27 1.210259e-26 
2.236000e+00  7.237480e-27 4.865110e-27 1.210259e-26 
2.238000e+00  7.237480e-27 4.865110e-27 1.210259e-26 
2.240000e+00  7.237480e-27 4.865110e-27 1.210259e-26 
2.242000e+00  7.237480e-27 4.865110e-27 1.210259e-26 
2.244000e+00  7.237480e-27 4.865110e-27 1.210259e-26 
2.246000e+00  7.237480e-27 4.865110e-27 1.210259e-26 
2.248000e+00  7.237480e-27 4.865110e-27 1.210259e-26 
2.250000e+00  7.237480e-27 4.865110e-27 1.210259e-26 
2.252000e+00  7.237480e-27 4.865110e-27 1.210259e-26 
2.254000e+00  7.237480e-27 4.865110e-27 1.210259e-26 
2.256000e+00  7.237480e-27 4.865110e-27 1.210259e-26 
2.258000e+00  7.237480e-27 4.865110e-27 1.210259e-26 
2.260000e+00  7.237480e-27 4.865110e-27 1.210259e-26 
2.262000e+00  7.237480e-27 4.865110e-27 1.210259e-26 
2.264000e+00  7.237480e-27 4.865110e-27 1.210259e-26 
2.266000e+00  7.237480e-27 4.865110e-27 1.210259e-26 
2.268000e+00  7.237480e-27 4.865110e-27 1.210259e-26 
2.270000e+00  7.237480e-27 4.865110e-27 1.210259e-26 
2.272000e+00  7.237480e-27 4.865110e-27 1.210259e-26 
2.274000e+00  7.237480e-27 4.865110e-27 1.210259e-26 
2.276000e+00  7.237480e-27 4.865110e-27 1.210259e-26 
2.278000e+00  7.237480e-27 4.865110e-27 1.210259e-26 
2.280000e+00  7.237480e-27 4.865110e-27 1.210259e-26 
2.282000e+00  7.237480e-27 4.865110e-27 1.210259e-26 
2.284000e+00  7.237480e-27 4.865110e-27 1.210259e-26 
2.286000e+00  7.237480e-27 4.865110e-27 1.210259e-26 
2.288000e+00  7.237480e-27 4.865110e-27 1.210259e-26 
2.290000e+00  7.237480e-27 4.865110e-27 1.210259e-26 
2.292000e+00  7.237480e-27 4.865110e-27 1.210259e-26 
2.294000e+00  7.237480e-27 4.865110e-27 1.210259e-26 
2.296000e+00  7.237480e-27 4.865110e-27 1.210259e-26 
2.298000e+00  7.237480e-27 4.865110e-27 1.210259e-26 
2.300000e+00  7.237480e-27 4.865110e-27 1.210259e-26 
2.302000e+00  7.237480e-27 4.865110e-27 1.210259e-26 
2.304000e+00  7.237480e-27 4.865110e-27 1.210259e-26 
2.306000e+00  7.237480e-27 4.865110e-27 1.210259e-26 
2.308000e+00  7.237480e-27 4.865110e-27 1.210259e-26 
2.310000e+00  7.237480e-27 4.865110e-27 1.210259e-26 
2.312000e+00  7.237480e-27 4.865110e-27 1.210259e-26 
2.314000e+00  7.237480e-27 4.865110e-27 1.210259e-26 
2.316000e+00  7.237480e-27 4.865110e-27 1.210259e-26 
2.318000e+00  7.237480e-27 4.865110e-27 1.210259e-26 
2.320000e+00  7.237480e-27 4.865110e-27 1.210259e-26 
2.322000e+00  7.237480e-27 4.865110e-27 1.210259e-26 
2.324000e+00  7.237480e-27 4.865110e-27 1.210259e-26 
2.326000e+00  7.237480e-27 4.865110e-27 1.210259e-26 
2.328000e+00  7.237480e-27 4.865110e-27 1.210259e-26 
2.330000e+00  7.237480e-27 4.865110e-27 1.210259e-26 
2.332000e+00  7.237480e-27 4.865110e-27 1.210259e-26 
2.334000e+00  7.237480e-27 4.865110e-27 1.210259e-26 
2.336000e+00  7.237480e-27 4.865110e-27 1.210259e-26 
2.338000e+00  7.237480e-27 4.865110e-27 1.210259e-26 
2.340000e+00  7.237480e-27 4.865110e-27 1.210259e-26 
2.342000e+00  7.237480e-27 4.865110e-27 1.210259e-26 
2.344000e+00  7.237480e-27 4.865110e-27 1.210259e-26 
2.346000e+00  7.237480e-27 4.865110e-27 1.210259e-26 
2.348000e+00  7.237480e-27 4.865110e-27 1.210259e-26 
2.350000e+00  7.237480e-27 4.865110e-27 1.210259e-26 
2.352000e+00  7.237480e-27 4.865110e-27 1.210259e-26 
2.354000e+00  7.237480e-27 4.865110e-27 1.210259e-26 
2.356000e+00  7.237480e-27 4.865110e-27 1.210259e-26 
2.358000e+00  7.237480e-27 4.865110e-27 1.210259e-26 
2.360000e+00  7.237480e-27 4.865110e-27 1.210259e-26 
2.362000e+00  7.237480e-27 4.865110e-27 1.210259e-26 
2.364000e+00  7.237480e-27 4.865110e-27 1.210259e-26 
2.366000e+00  7.237480e-27 4.865110e-27 1.210259e-26 
2.368000e+00  7.237480e-27 4.865110e-27 1.210259e-26 
2.370000e+00  7.237480e-27 4.865110e-27 1.210259e-26 
2.372000e+00  7.237480e-27 4.865110e-27 1.210259e-26 
2.374000e+00  7.237480e-27 4.865110e-27 1.210259e-26 
2.376000e+00  7.237480e-27 4.865110e-27 1.210259e-26 
2.378000e+00  7.237480e-27 4.865110e-27 1.210259e-26 
2.380000e+00  7.237480e-27 4.865110e-27 1.210259e-26 
2.382000e+00  7.237480e-27 4.865110e-27 1.210259e-26 
2.384000e+00  7.237480e-27 4.865110e-27 1.210259e-26 
2.386000e+00  7.237480e-27 4.865110e-27 1.210259e-26 
2.388000e+00  7.237480e-27 4.865110e-27 1.210259e-26 
2.390000e+00  7.237480e-27 4.865110e-27 1.210259e-26 
2.392000e+00  7.237480e-27 4.865110e-27 1.210259e-26 
2.394000e+00  7.237480e-27 4.865110e-27 1.210259e-26 
2.396000e+00  7.237480e-27 4.865110e-27 1.210259e-26 
2.398000e+00  7.237480e-27 4.865110e-27 1.210259e-26 
2.400000e+00  7.237480e-27 4.865110e-27 1.210259e-26 
2.402000e+00  7.237480e-27 4.865110e-27 1.210259e-26 
2.404000e+00  7.237480e-27 4.865110e-27 1.210259e-26 
2.406000e+00  7.237480e-27 4.865110e-27 1.210259e-26 
2.408000e+00  7.237480e-27 4.865110e-27 1.210259e-26 
2.410000e+00  7.237480e-27 4.865110e-27 1.210259e-26 
2.412000e+00  7.237480e-27 4.865110e-27 1.210259e-26 
2.414000e+00  7.237480e-27 4.865110e-27 1.210259e-26 
2.416000e+00  7.237480e-27 4.865110e-27 1.210259e-26 
2.418000e+00  7.237480e-27 4.865110e-27 1.210259e-26 
2.420000e+00  7.237480e-27 4.865110e-27 1.210259e-26 
2.422000e+00  7.237480e-27 4.865110e-27 1.210259e-26 
2.424000e+00  7.237480e-27 4.865110e-27 1.210259e-26 
2.426000e+00  7.237480e-27 4.865110e-27 1.210259e-26 
2.428000e+00  7.237480e-27 4.865110e-27 1.210259e-26 
2.430000e+00  7.237480e-27 4.865110e-27 1.210259e-26 
2.432000e+00  7.237480e-27 4.865110e-27 1.210259e-26 
2.434000e+00  7.237480e-27 4.865110e-27 1.210259e-26 
2.436000e+00  7.237480e-27 4.865110e-27 1.210259e-26 
2.438000e+00  7.237480e-27 4.865110e-27 1.210259e-26 
2.440000e+00  7.237480e-27 4.865110e-27 1.210259e-26 
2.442000e+00  7.237480e-27 4.865110e-27 1.210259e-26 
2.444000e+00  7.237480e-27 4.865110e-27 1.210259e-26 
2.446000e+00  7.237480e-27 4.865110e-27 1.210259e-26 
2.448000e+00  7.237480e-27 4.865110e-27 1.210259e-26 
2.450000e+00  7.237480e-27 4.865110e-27 1.210259e-26 
2.452000e+00  7.237480e-27 4.865110e-27 1.210259e-26 
2.454000e+00  7.237480e-27 4.865110e-27 1.210259e-26 
2.456000e+00  7.237480e-27 4.865110e-27 1.210259e-26 
2.458000e+00  7.237480e-27 4.865110e-27 1.210259e-26 
2.460000e+00  7.237480e-27 4.865110e-27 1.210259e-26 
2.462000e+00  7.237480e-27 4.865110e-27 1.210259e-26 
2.464000e+00  7.237480e-27 4.865110e-27 1.210259e-26 
2.466000e+00  7.237480e-27 4.865110e-27 1.210259e-26 
2.468000e+00  7.237480e-27 4.865110e-27 1.210259e-26 
2.470000e+00  7.237480e-27 4.865110e-27 1.210259e-26 
2.472000e+00  7.237480e-27 4.865110e-27 1.210259e-26 
2.474000e+00  7.237480e-27 4.865110e-27 1.210259e-26 
2.476000e+00  7.237480e-27 4.865110e-27 1.210259e-26 
2.478000e+00  7.237480e-27 4.865110e-27 1.210259e-26 
2.480000e+00  7.237480e-27 4.865110e-27 1.210259e-26 
2.482000e+00  7.237480e-27 4.865110e-27 1.210259e-26 
2.484000e+00  7.237480e-27 4.865110e-27 1.210259e-26 
2.486000e+00  7.237480e-27 4.865110e-27 1.210259e-26 
2.488000e+00  7.237480e-27 4.865110e-27 1.210259e-26 
2.490000e+00  7.237480e-27 4.865110e-27 1.210259e-26 
2.492000e+00  7.237480e-27 4.865110e-27 1.210259e-26 
2.494000e+00  7.237480e-27 4.865110e-27 1.210259e-26 
2.496000e+00  7.237480e-27 4.865110e-27 1.210259e-26 
2.498000e+00  7.237480e-27 4.865110e-27 1.210259e-26 
2.500000e+00  7.237480e-27 4.865110e-27 1.210259e-26 
2.502000e+00  7.237480e-27 4.865110e-27 1.210259e-26 
2.504000e+00  7.237480e-27 4.865110e-27 1.210259e-26 
2.506000e+00  7.237480e-27 4.865110e-27 1.210259e-26 
2.508000e+00  7.237480e-27 4.865110e-27 1.210259e-26 
2.510000e+00  7.237480e-27 4.865110e-27 1.210259e-26 
2.512000e+00  7.237480e-27 4.865110e-27 1.210259e-26 
2.514000e+00  7.237480e-27 4.865110e-27 1.210259e-26 
2.516000e+00  7.237480e-27 4.865110e-27 1.210259e-26 
2.518000e+00  7.237480e-27 4.865110e-27 1.210259e-26 
2.520000e+00  7.237480e-27 4.865110e-27 1.210259e-26 
2.522000e+00  7.237480e-27 4.865110e-27 1.210259e-26 
2.524000e+00  7.237480e-27 4.865110e-27 1.210259e-26 
2.526000e+00  7.237480e-27 4.865110e-27 1.210259e-26 
2.528000e+00  7.237480e-27 4.865110e-27 1.210259e-26 
2.530000e+00  7.237480e-27 4.865110e-27 1.210259e-26 
2.532000e+00  7.237480e-27 4.865110e-27 1.210259e-26 
2.534000e+00  7.237480e-27 4.865110e-27 1.210259e-26 
2.536000e+00  7.237480e-27 4.865110e-27 1.210259e-26 
2.538000e+00  7.237480e-27 4.865110e-27 1.210259e-26 
2.540000e+00  7.237480e-27 4.865110e-27 1.210259e-26 
2.542000e+00  7.237480e-27 4.865110e-27 1.210259e-26 
2.544000e+00  7.237480e-27 4.865110e-27 1.210259e-26 
2.546000e+00  7.237480e-27 4.865110e-27 1.210259e-26 
2.548000e+00  7.237480e-27 4.865110e-27 1.210259e-26 
2.550000e+00  7.237480e-27 4.865110e-27 1.210259e-26 
2.552000e+00  7.237480e-27 4.865110e-27 1.210259e-26 
2.554000e+00  7.237480e-27 4.865110e-27 1.210259e-26 
2.556000e+00  7.237480e-27 4.865110e-27 1.210259e-26 
2.558000e+00  7.237480e-27 4.865110e-27 1.210259e-26 
2.560000e+00  7.237480e-27 4.865110e-27 1.210259e-26 
2.562000e+00  7.237480e-27 4.865110e-27 1.210259e-26 
2.564000e+00  7.237480e-27 4.865110e-27 1.210259e-26 
2.566000e+00  7.237480e-27 4.865110e-27 1.210259e-26 
2.568000e+00  7.237480e-27 4.865110e-27 1.210259e-26 
2.570000e+00  7.237480e-27 4.865110e-27 1.210259e-26 
2.572000e+00  7.237480e-27 4.865110e-27 1.210259e-26 
2.574000e+00  7.237480e-27 4.865110e-27 1.210259e-26 
2.576000e+00  7.237480e-27 4.865110e-27 1.210259e-26 
2.578000e+00  7.237480e-27 4.865110e-27 1.210259e-26 
2.580000e+00  7.237480e-27 4.865110e-27 1.210259e-26 
2.582000e+00  7.237480e-27 4.865110e-27 1.210259e-26 
2.584000e+00  7.237480e-27 4.865110e-27 1.210259e-26 
2.586000e+00  7.237480e-27 4.865110e-27 1.210259e-26 
2.588000e+00  7.237480e-27 4.865110e-27 1.210259e-26 
2.590000e+00  7.237480e-27 4.865110e-27 1.210259e-26 
2.592000e+00  7.237480e-27 4.865110e-27 1.210259e-26 
2.594000e+00  7.237480e-27 4.865110e-27 1.210259e-26 
2.596000e+00  7.237480e-27 4.865110e-27 1.210259e-26 
2.598000e+00  7.237480e-27 4.865110e-27 1.210259e-26 
2.600000e+00  7.237480e-27 4.865110e-27 1.210259e-26 
2.602000e+00  7.237480e-27 4.865110e-27 1.210259e-26 
2.604000e+00  7.237480e-27 4.865110e-27 1.210259e-26 
2.606000e+00  7.237480e-27 4.865110e-27 1.210259e-26 
2.608000e+00  7.237480e-27 4.865110e-27 1.210259e-26 
2.610000e+00  7.237480e-27 4.865110e-27 1.210259e-26 
2.612000e+00  7.237480e-27 4.865110e-27 1.210259e-26 
2.614000e+00  7.237480e-27 4.865110e-27 1.210259e-26 
2.616000e+00  7.237480e-27 4.865110e-27 1.210259e-26 
2.618000e+00  7.237480e-27 4.865110e-27 1.210259e-26 
2.620000e+00  7.237480e-27 4.865110e-27 1.210259e-26 
2.622000e+00  7.237480e-27 4.865110e-27 1.210259e-26 
2.624000e+00  7.237480e-27 4.865110e-27 1.210259e-26 
2.626000e+00  7.237480e-27 4.865110e-27 1.210259e-26 
2.628000e+00  7.237480e-27 4.865110e-27 1.210259e-26 
2.630000e+00  7.237480e-27 4.865110e-27 1.210259e-26 
2.632000e+00  7.237480e-27 4.865110e-27 1.210259e-26 
2.634000e+00  7.237480e-27 4.865110e-27 1.210259e-26 
2.636000e+00  7.237480e-27 4.865110e-27 1.210259e-26 
2.638000e+00  7.237480e-27 4.865110e-27 1.210259e-26 
2.640000e+00  7.237480e-27 4.865110e-27 1.210259e-26 
2.642000e+00  7.237480e-27 4.865110e-27 1.210259e-26 
2.644000e+00  7.237480e-27 4.865110e-27 1.210259e-26 
2.646000e+00  7.237480e-27 4.865110e-27 1.210259e-26 
2.648000e+00  7.237480e-27 4.865110e-27 1.210259e-26 
2.650000e+00  7.237480e-27 4.865110e-27 1.210259e-26 
2.652000e+00  7.237480e-27 4.865110e-27 1.210259e-26 
2.654000e+00  7.237480e-27 4.865110e-27 1.210259e-26 
2.656000e+00  7.237480e-27 4.865110e-27 1.210259e-26 
2.658000e+00  7.237480e-27 4.865110e-27 1.210259e-26 
2.660000e+00  7.237480e-27 4.865110e-27 1.210259e-26 
2.662000e+00  7.237480e-27 4.865110e-27 1.210259e-26 
2.664000e+00  7.237480e-27 4.865110e-27 1.210259e-26 
2.666000e+00  7.237480e-27 4.865110e-27 1.210259e-26 
2.668000e+00  7.237480e-27 4.865110e-27 1.210259e-26 
2.670000e+00  7.237480e-27 4.865110e-27 1.210259e-26 
2.672000e+00  7.237480e-27 4.865110e-27 1.210259e-26 
2.674000e+00  7.237480e-27 4.865110e-27 1.210259e-26 
2.676000e+00  7.237480e-27 4.865110e-27 1.210259e-26 
2.678000e+00  7.237480e-27 4.865110e-27 1.210259e-26 
2.680000e+00  7.237480e-27 4.865110e-27 1.210259e-26 
2.682000e+00  7.237480e-27 4.865110e-27 1.210259e-26 
2.684000e+00  7.237480e-27 4.865110e-27 1.210259e-26 
2.686000e+00  7.237480e-27 4.865110e-27 1.210259e-26 
2.688000e+00  7.237480e-27 4.865110e-27 1.210259e-26 
2.690000e+00  7.237480e-27 4.865110e-27 1.210259e-26 
2.692000e+00  7.237480e-27 4.865110e-27 1.210259e-26 
2.694000e+00  7.237480e-27 4.865110e-27 1.210259e-26 
2.696000e+00  7.237480e-27 4.865110e-27 1.210259e-26 
2.698000e+00  7.237480e-27 4.865110e-27 1.210259e-26 
2.700000e+00  7.237480e-27 4.865110e-27 1.210259e-26 
2.702000e+00  7.237480e-27 4.865110e-27 1.210259e-26 
2.704000e+00  7.237480e-27 4.865110e-27 1.210259e-26 
2.706000e+00  7.237480e-27 4.865110e-27 1.210259e-26 
2.708000e+00  7.237480e-27 4.865110e-27 1.210259e-26 
2.710000e+00  7.237480e-27 4.865110e-27 1.210259e-26 
2.712000e+00  7.237480e-27 4.865110e-27 1.210259e-26 
2.714000e+00  7.237480e-27 4.865110e-27 1.210259e-26 
2.716000e+00  7.237480e-27 4.865110e-27 1.210259e-26 
2.718000e+00  7.237480e-27 4.865110e-27 1.210259e-26 
2.720000e+00  7.237480e-27 4.865110e-27 1.210259e-26 
2.722000e+00  7.237480e-27 4.865110e-27 1.210259e-26 
2.724000e+00  7.237480e-27 4.865110e-27 1.210259e-26 
2.726000e+00  7.237480e-27 4.865110e-27 1.210259e-26 
2.728000e+00  7.237480e-27 4.865110e-27 1.210259e-26 
2.730000e+00  7.237480e-27 4.865110e-27 1.210259e-26 
2.732000e+00  7.237480e-27 4.865110e-27 1.210259e-26 
2.734000e+00  7.237480e-27 4.865110e-27 1.210259e-26 
2.736000e+00  7.237480e-27 4.865110e-27 1.210259e-26 
2.738000e+00  7.237480e-27 4.865110e-27 1.210259e-26 
2.740000e+00  7.237480e-27 4.865110e-27 1.210259e-26 
2.742000e+00  7.237480e-27 4.865110e-27 1.210259e-26 
2.744000e+00  7.237480e-27 4.865110e-27 1.210259e-26 
2.746000e+00  7.237480e-27 4.865110e-27 1.210259e-26 
2.748000e+00  7.237480e-27 4.865110e-27 1.210259e-26 
2.750000e+00  7.237480e-27 4.865110e-27 1.210259e-26 
2.752000e+00  7.237480e-27 4.865110e-27 1.210259e-26 
2.754000e+00  7.237480e-27 4.865110e-27 1.210259e-26 
2.756000e+00  7.237480e-27 4.865110e-27 1.210259e-26 
2.758000e+00  7.237480e-27 4.865110e-27 1.210259e-26 
2.760000e+00  7.237480e-27 4.865110e-27 1.210259e-26 
2.762000e+00  7.237480e-27 4.865110e-27 1.210259e-26 
2.764000e+00  7.237480e-27 4.865110e-27 1.210259e-26 
2.766000e+00  7.237480e-27 4.865110e-27 1.210259e-26 
2.768000e+00  7.237480e-27 4.865110e-27 1.210259e-26 
2.770000e+00  7.237480e-27 4.865110e-27 1.210259e-26 
2.772000e+00  7.237480e-27 4.865110e-27 1.210259e-26 
2.774000e+00  7.237480e-27 4.865110e-27 1.210259e-26 
2.776000e+00  7.237480e-27 4.865110e-27 1.210259e-26 
2.778000e+00  7.237480e-27 4.865110e-27 1.210259e-26 
2.780000e+00  7.237480e-27 4.865110e-27 1.210259e-26 
2.782000e+00  7.237480e-27 4.865110e-27 1.210259e-26 
2.784000e+00  7.237480e-27 4.865110e-27 1.210259e-26 
2.786000e+00  7.237480e-27 4.865110e-27 1.210259e-26 
2.788000e+00  7.237480e-27 4.865110e-27 1.210259e-26 
2.790000e+00  7.237480e-27 4.865110e-27 1.210259e-26 
2.792000e+00  7.237480e-27 4.865110e-27 1.210259e-26 
2.794000e+00  7.237480e-27 4.865110e-27 1.210259e-26 
2.796000e+00  7.237480e-27 4.865110e-27 1.210259e-26 
2.798000e+00  7.237480e-27 4.865110e-27 1.210259e-26 
2.800000e+00  7.237480e-27 4.865110e-27 1.210259e-26 
2.802000e+00  7.237480e-27 4.865110e-27 1.210259e-26 
2.804000e+00  7.237480e-27 4.865110e-27 1.210259e-26 
2.806000e+00  7.237480e-27 4.865110e-27 1.210259e-26 
2.808000e+00  7.237480e-27 4.865110e-27 1.210259e-26 
2.810000e+00  7.237480e-27 4.865110e-27 1.210259e-26 
2.812000e+00  7.237480e-27 4.865110e-27 1.210259e-26 
2.814000e+00  7.237480e-27 4.865110e-27 1.210259e-26 
2.816000e+00  7.237480e-27 4.865110e-27 1.210259e-26 
2.818000e+00  7.237480e-27 4.865110e-27 1.210259e-26 
2.820000e+00  7.237480e-27 4.865110e-27 1.210259e-26 
2.822000e+00  7.237480e-27 4.865110e-27 1.210259e-26 
2.824000e+00  7.237480e-27 4.865110e-27 1.210259e-26 
2.826000e+00  7.237480e-27 4.865110e-27 1.210259e-26 
2.828000e+00  7.237480e-27 4.865110e-27 1.210259e-26 
2.830000e+00  7.237480e-27 4.865110e-27 1.210259e-26 
2.832000e+00  7.237480e-27 4.865110e-27 1.210259e-26 
2.834000e+00  7.237480e-27 4.865110e-27 1.210259e-26 
2.836000e+00  7.237480e-27 4.865110e-27 1.210259e-26 
2.838000e+00  7.237480e-27 4.865110e-27 1.210259e-26 
2.840000e+00  7.237480e-27 4.865110e-27 1.210259e-26 
2.842000e+00  7.237480e-27 4.865110e-27 1.210259e-26 
2.844000e+00  7.237480e-27 4.865110e-27 1.210259e-26 
2.846000e+00  7.237480e-27 4.865110e-27 1.210259e-26 
2.848000e+00  7.237480e-27 4.865110e-27 1.210259e-26 
2.850000e+00  7.237480e-27 4.865110e-27 1.210259e-26 
2.852000e+00  7.237480e-27 4.865110e-27 1.210259e-26 
2.854000e+00  7.237480e-27 4.865110e-27 1.210259e-26 
2.856000e+00  7.237480e-27 4.865110e-27 1.210259e-26 
2.858000e+00  7.237480e-27 4.865110e-27 1.210259e-26 
2.860000e+00  7.237480e-27 4.865110e-27 1.210259e-26 
2.862000e+00  7.237480e-27 4.865110e-27 1.210259e-26 
2.864000e+00  7.237480e-27 4.865110e-27 1.210259e-26 
2.866000e+00  7.237480e-27 4.865110e-27 1.210259e-26 
2.868000e+00  7.237480e-27 4.865110e-27 1.210259e-26 
2.870000e+00  7.237480e-27 4.865110e-27 1.210259e-26 
2.872000e+00  7.237480e-27 4.865110e-27 1.210259e-26 
2.874000e+00  7.237480e-27 4.865110e-27 1.210259e-26 
2.876000e+00  7.237480e-27 4.865110e-27 1.210259e-26 
2.878000e+00  7.237480e-27 4.865110e-27 1.210259e-26 
2.880000e+00  7.237480e-27 4.865110e-27 1.210259e-26 
2.882000e+00  7.237480e-27 4.865110e-27 1.210259e-26 
2.884000e+00  7.237480e-27 4.865110e-27 1.210259e-26 
2.886000e+00  7.237480e-27 4.865110e-27 1.210259e-26 
2.888000e+00  7.237480e-27 4.865110e-27 1.210259e-26 
2.890000e+00  7.237480e-27 4.865110e-27 1.210259e-26 
2.892000e+00  7.237480e-27 4.865110e-27 1.210259e-26 
2.894000e+00  7.237480e-27 4.865110e-27 1.210259e-26 
2.896000e+00  7.237480e-27 4.865110e-27 1.210259e-26 
2.898000e+00  7.237480e-27 4.865110e-27 1.210259e-26 
2.900000e+00  7.237480e-27 4.865110e-27 1.210259e-26 
2.902000e+00  7.237480e-27 4.865110e-27 1.210259e-26 
2.904000e+00  7.237480e-27 4.865110e-27 1.210259e-26 
2.906000e+00  7.237480e-27 4.865110e-27 1.210259e-26 
2.908000e+00  7.237480e-27 4.865110e-27 1.210259e-26 
2.910000e+00  7.237480e-27 4.865110e-27 1.210259e-26 
2.912000e+00  7.237480e-27 4.865110e-27 1.210259e-26 
2.914000e+00  7.237480e-27 4.865110e-27 1.210259e-26 
2.916000e+00  7.237480e-27 4.865110e-27 1.210259e-26 
2.918000e+00  7.237480e-27 4.865110e-27 1.210259e-26 
2.920000e+00  7.237480e-27 4.865110e-27 1.210259e-26 
2.922000e+00  7.237480e-27 4.865110e-27 1.210259e-26 
2.924000e+00  7.237480e-27 4.865110e-27 1.210259e-26 
2.926000e+00  7.237480e-27 4.865110e-27 1.210259e-26 
2.928000e+00  7.237480e-27 4.865110e-27 1.210259e-26 
2.930000e+00  7.237480e-27 4.865110e-27 1.210259e-26 
2.932000e+00  7.237480e-27 4.865110e-27 1.210259e-26 
2.934000e+00  7.237480e-27 4.865110e-27 1.210259e-26 
2.936000e+00  7.237480e-27 4.865110e-27 1.210259e-26 
2.938000e+00  7.237480e-27 4.865110e-27 1.210259e-26 
2.940000e+00  7.237480e-27 4.865110e-27 1.210259e-26 
2.942000e+00  7.237480e-27 4.865110e-27 1.210259e-26 
2.944000e+00  7.237480e-27 4.865110e-27 1.210259e-26 
2.946000e+00  7.237480e-27 4.865110e-27 1.210259e-26 
2.948000e+00  7.237480e-27 4.865110e-27 1.210259e-26 
2.950000e+00  7.237480e-27 4.865110e-27 1.210259e-26 
2.952000e+00  7.237480e-27 4.865110e-27 1.210259e-26 
2.954000e+00  7.237480e-27 4.865110e-27 1.210259e-26 
2.956000e+00  7.237480e-27 4.865110e-27 1.210259e-26 
2.958000e+00  7.237480e-27 4.865110e-27 1.210259e-26 
2.960000e+00  7.237480e-27 4.865110e-27 1.210259e-26 
2.962000e+00  7.237480e-27 4.865110e-27 1.210259e-26 
2.964000e+00  7.237480e-27 4.865110e-27 1.210259e-26 
2.966000e+00  7.237480e-27 4.865110e-27 1.210259e-26 
2.968000e+00  7.237480e-27 4.865110e-27 1.210259e-26 
2.970000e+00  7.237480e-27 4.865110e-27 1.210259e-26 
2.972000e+00  7.237480e-27 4.865110e-27 1.210259e-26 
2.974000e+00  7.237480e-27 4.865110e-27 1.210259e-26 
2.976000e+00  7.237480e-27 4.865110e-27 1.210259e-26 
2.978000e+00  7.237480e-27 4.865110e-27 1.210259e-26 
2.980000e+00  7.237480e-27 4.865110e-27 1.210259e-26 
2.982000e+00  7.237480e-27 4.865110e-27 1.210259e-26 
2.984000e+00  7.237480e-27 4.865110e-27 1.210259e-26 
2.986000e+00  7.237480e-27 4.865110e-27 1.210259e-26 
2.988000e+00  7.237480e-27 4.865110e-27 1.210259e-26 
2.990000e+00  7.237480e-27 4.865110e-27 1.210259e-26 
2.992000e+00  7.237480e-27 4.865110e-27 1.210259e-26 
2.994000e+00  7.237480e-27 4.865110e-27 1.210259e-26 
2.996000e+00  7.237480e-27 4.865110e-27 1.210259e-26 
2.998000e+00  7.237480e-27 4.865110e-27 1.210259e-26 
