1.000000e-01 1.837487e-22 1.381596e-22 3.219083e-22 
1.020000e-01 1.834092e-22 1.371216e-22 3.205308e-22 
1.040000e-01 1.826121e-22 1.359245e-22 3.185366e-22 
1.060000e-01 1.814096e-22 1.348581e-22 3.162677e-22 
1.080000e-01 1.797365e-22 1.337268e-22 3.134632e-22 
1.100000e-01 1.774060e-22 1.325354e-22 3.099414e-22 
1.120000e-01 1.740151e-22 1.314360e-22 3.054511e-22 
1.140000e-01 1.682752e-22 1.302665e-22 2.985417e-22 
1.160000e-01 1.512953e-22 1.290363e-22 2.803315e-22 
1.180000e-01 1.660877e-22 1.279481e-22 2.940359e-22 
1.200000e-01 1.719784e-22 1.268159e-22 2.987944e-22 
1.220000e-01 1.749244e-22 1.256045e-22 3.005289e-22 
1.240000e-01 1.768405e-22 1.244842e-22 3.013247e-22 
1.260000e-01 1.782447e-22 1.233336e-22 3.015783e-22 
1.280000e-01 1.793101e-22 1.221797e-22 3.014898e-22 
1.300000e-01 1.801217e-22 1.210385e-22 3.011602e-22 
1.320000e-01 1.807691e-22 1.198984e-22 3.006675e-22 
1.340000e-01 1.812895e-22 1.187454e-22 3.000349e-22 
1.360000e-01 1.816973e-22 1.176235e-22 2.993208e-22 
1.380000e-01 1.820113e-22 1.164598e-22 2.984711e-22 
1.400000e-01 1.822445e-22 1.153440e-22 2.975885e-22 
1.420000e-01 1.824294e-22 1.141706e-22 2.966001e-22 
1.440000e-01 1.825421e-22 1.130310e-22 2.955731e-22 
1.460000e-01 1.825876e-22 1.118755e-22 2.944630e-22 
1.480000e-01 1.825665e-22 1.107410e-22 2.933075e-22 
1.500000e-01 1.824986e-22 1.095888e-22 2.920874e-22 
1.520000e-01 1.823761e-22 1.084144e-22 2.907906e-22 
1.540000e-01 1.821686e-22 1.072912e-22 2.894598e-22 
1.560000e-01 1.818842e-22 1.046022e-22 2.864864e-22 
1.580000e-01 1.815008e-22 1.034550e-22 2.849559e-22 
1.600000e-01 1.810343e-22 1.023629e-22 2.833972e-22 
1.620000e-01 1.804106e-22 1.012152e-22 2.816258e-22 
1.640000e-01 1.794634e-22 1.000586e-22 2.795219e-22 
1.660000e-01 1.777545e-22 9.894416e-23 2.766986e-22 
1.680000e-01 1.727438e-22 9.784922e-23 2.705930e-22 
1.700000e-01 1.746312e-22 9.675611e-23 2.713873e-22 
1.720000e-01 1.767271e-22 9.565067e-23 2.723778e-22 
1.740000e-01 1.777200e-22 9.453508e-23 2.722551e-22 
1.760000e-01 1.783616e-22 9.341835e-23 2.717799e-22 
1.780000e-01 1.788524e-22 9.229959e-23 2.711520e-22 
1.800000e-01 1.792511e-22 9.117501e-23 2.704261e-22 
1.820000e-01 1.795908e-22 9.004464e-23 2.696355e-22 
1.840000e-01 1.799018e-22 8.890778e-23 2.688095e-22 
1.860000e-01 1.801890e-22 8.777587e-23 2.679649e-22 
1.880000e-01 1.804716e-22 8.661549e-23 2.670871e-22 
1.900000e-01 1.807506e-22 8.545965e-23 2.662103e-22 
1.920000e-01 1.810801e-22 8.429718e-23 2.653772e-22 
1.940000e-01 1.815475e-22 8.314812e-23 2.646957e-22 
1.960000e-01 1.822697e-22 8.197412e-23 2.642438e-22 
1.980000e-01 1.840030e-22 8.080710e-23 2.648101e-22 
2.000000e-01 1.875846e-22 7.963040e-23 2.672150e-22 
2.020000e-01 1.849502e-22 7.846410e-23 2.634143e-22 
2.040000e-01 1.839040e-22 7.729273e-23 2.611967e-22 
2.060000e-01 1.831709e-22 7.601247e-23 2.591834e-22 
2.080000e-01 1.825804e-22 7.479208e-23 2.573725e-22 
2.100000e-01 1.820508e-22 7.355475e-23 2.556055e-22 
2.120000e-01 1.815630e-22 7.227043e-23 2.538334e-22 
2.140000e-01 1.811146e-22 7.096285e-23 2.520774e-22 
2.160000e-01 1.806836e-22 6.963480e-23 2.503184e-22 
2.180000e-01 1.802522e-22 6.825339e-23 2.485056e-22 
2.200000e-01 1.798710e-22 6.691191e-23 2.467829e-22 
2.220000e-01 1.795037e-22 6.555789e-23 2.450616e-22 
2.240000e-01 1.791073e-22 6.418803e-23 2.432953e-22 
2.260000e-01 1.787004e-22 6.277619e-23 2.414766e-22 
2.280000e-01 1.751997e-22 6.127898e-23 2.364787e-22 
2.300000e-01 1.778163e-22 5.978371e-23 2.376000e-22 
2.320000e-01 1.773880e-22 5.822740e-23 2.356154e-22 
2.340000e-01 1.769361e-22 5.660883e-23 2.335449e-22 
2.360000e-01 1.764894e-22 5.495645e-23 2.314458e-22 
2.380000e-01 1.760250e-22 5.324303e-23 2.292680e-22 
2.400000e-01 1.755390e-22 5.181390e-23 2.273530e-22 
2.420000e-01 1.750732e-22 5.067559e-23 2.257488e-22 
2.440000e-01 1.745864e-22 4.957346e-23 2.241599e-22 
2.460000e-01 1.741241e-22 4.813401e-23 2.222581e-22 
2.480000e-01 1.736674e-22 4.642125e-23 2.200887e-22 
2.500000e-01 1.732114e-22 4.439805e-23 2.176095e-22 
2.520000e-01 1.727564e-22 4.189125e-23 2.146476e-22 
2.540000e-01 1.722818e-22 3.908682e-23 2.113686e-22 
2.560000e-01 1.718186e-22 3.599886e-23 2.078175e-22 
2.580000e-01 1.713097e-22 3.245907e-23 2.037687e-22 
2.600000e-01 1.708656e-22 2.790496e-23 1.987705e-22 
2.620000e-01 1.703747e-22 2.242204e-23 1.927967e-22 
2.640000e-01 1.688894e-22 1.587719e-23 1.847666e-22 
2.660000e-01 1.693936e-22 9.620064e-24 1.790136e-22 
2.680000e-01 1.688942e-22 4.307708e-24 1.732020e-22 
2.700000e-01 1.684129e-22 9.105296e-25 1.693234e-22 
2.720000e-01 1.679181e-22 7.709599e-25 1.686890e-22 
2.740000e-01 1.674451e-22 4.717755e-24 1.721628e-22 
2.760000e-01 1.669772e-22 1.311738e-23 1.800946e-22 
2.780000e-01 1.665200e-22 1.923760e-23 1.857576e-22 
2.800000e-01 1.660522e-22 3.189547e-23 1.979476e-22 
2.820000e-01 1.655758e-22 3.716059e-23 2.027363e-22 
2.840000e-01 1.650317e-22 3.532847e-23 2.003602e-22 
2.860000e-01 1.645373e-22 3.352141e-23 1.980587e-22 
2.880000e-01 1.640160e-22 3.250720e-23 1.965232e-22 
2.900000e-01 1.635015e-22 3.223131e-23 1.957328e-22 
2.920000e-01 1.629578e-22 3.261603e-23 1.955738e-22 
2.940000e-01 1.624228e-22 3.354451e-23 1.959673e-22 
2.960000e-01 1.618721e-22 3.474843e-23 1.966205e-22 
2.980000e-01 1.613318e-22 3.620464e-23 1.975364e-22 
3.000000e-01 1.607752e-22 3.758682e-23 1.983620e-22 
3.020000e-01 1.602197e-22 3.869921e-23 1.989189e-22 
3.040000e-01 1.596407e-22 3.955768e-23 1.991983e-22 
3.060000e-01 1.590709e-22 4.027656e-23 1.993475e-22 
3.080000e-01 1.584816e-22 4.099222e-23 1.994738e-22 
3.100000e-01 1.578999e-22 4.148921e-23 1.993891e-22 
3.120000e-01 1.572991e-22 4.192875e-23 1.992278e-22 
3.140000e-01 1.566988e-22 4.216324e-23 1.988621e-22 
3.160000e-01 1.560867e-22 4.225763e-23 1.983443e-22 
3.180000e-01 1.554726e-22 4.217897e-23 1.976516e-22 
3.200000e-01 1.548012e-22 4.219803e-23 1.969993e-22 
3.220000e-01 1.541761e-22 4.227560e-23 1.964517e-22 
3.240000e-01 1.535554e-22 4.251444e-23 1.960698e-22 
3.260000e-01 1.529172e-22 4.280043e-23 1.957176e-22 
3.280000e-01 1.522882e-22 4.304445e-23 1.953327e-22 
3.300000e-01 1.516483e-22 4.329481e-23 1.949431e-22 
3.320000e-01 1.510220e-22 4.350645e-23 1.945284e-22 
3.340000e-01 1.504018e-22 4.371888e-23 1.941207e-22 
3.360000e-01 1.497836e-22 4.388536e-23 1.936689e-22 
3.380000e-01 1.491626e-22 4.404670e-23 1.932093e-22 
3.400000e-01 1.485330e-22 4.416041e-23 1.926934e-22 
3.420000e-01 1.479042e-22 4.430002e-23 1.922042e-22 
3.440000e-01 1.472505e-22 4.445370e-23 1.917042e-22 
3.460000e-01 1.466125e-22 4.460509e-23 1.912176e-22 
3.480000e-01 1.459506e-22 4.474050e-23 1.906911e-22 
3.500000e-01 1.452821e-22 4.487184e-23 1.901540e-22 
3.520000e-01 1.446158e-22 4.498266e-23 1.895985e-22 
3.540000e-01 1.439270e-22 4.509176e-23 1.890187e-22 
3.560000e-01 1.432548e-22 4.518861e-23 1.884434e-22 
3.580000e-01 1.425678e-22 4.528446e-23 1.878523e-22 
3.600000e-01 1.418849e-22 4.535777e-23 1.872427e-22 
3.620000e-01 1.412009e-22 4.543326e-23 1.866341e-22 
3.640000e-01 1.405115e-22 4.550716e-23 1.860187e-22 
3.660000e-01 1.398278e-22 4.558437e-23 1.854122e-22 
3.680000e-01 1.388889e-22 4.564341e-23 1.845323e-22 
3.700000e-01 1.381936e-22 4.570653e-23 1.839001e-22 
3.720000e-01 1.374920e-22 4.576387e-23 1.832559e-22 
3.740000e-01 1.367751e-22 4.582417e-23 1.825993e-22 
3.760000e-01 1.360613e-22 4.381870e-23 1.798800e-22 
3.780000e-01 1.353296e-22 4.590608e-23 1.812357e-22 
3.800000e-01 1.345850e-22 4.592998e-23 1.805150e-22 
3.820000e-01 1.338450e-22 4.594701e-23 1.797920e-22 
3.840000e-01 1.330748e-22 4.596334e-23 1.790381e-22 
3.860000e-01 1.323195e-22 4.598214e-23 1.783016e-22 
3.880000e-01 1.315634e-22 4.599853e-23 1.775619e-22 
3.900000e-01 1.307975e-22 4.601018e-23 1.768077e-22 
3.920000e-01 1.300330e-22 4.602445e-23 1.760575e-22 
3.940000e-01 1.292670e-22 4.603704e-23 1.753040e-22 
3.960000e-01 1.285081e-22 4.605102e-23 1.745591e-22 
3.980000e-01 1.277560e-22 4.605933e-23 1.738154e-22 
4.000000e-01 1.269961e-22 4.606376e-23 1.730598e-22 
4.020000e-01 1.262426e-22 4.606180e-23 1.723044e-22 
4.040000e-01 1.254862e-22 4.604661e-23 1.715328e-22 
4.060000e-01 1.247170e-22 4.603419e-23 1.707512e-22 
4.080000e-01 1.239502e-22 4.602083e-23 1.699710e-22 
4.100000e-01 1.231769e-22 4.593385e-23 1.691107e-22 
4.120000e-01 1.223976e-22 4.591738e-23 1.683149e-22 
4.140000e-01 1.216277e-22 4.590076e-23 1.675284e-22 
4.160000e-01 1.208498e-22 4.588495e-23 1.667347e-22 
4.180000e-01 1.200583e-22 4.586787e-23 1.659262e-22 
4.200000e-01 1.192859e-22 4.585230e-23 1.651382e-22 
4.220000e-01 1.184939e-22 4.583148e-23 1.643253e-22 
4.240000e-01 1.176990e-22 4.509387e-23 1.627929e-22 
4.260000e-01 1.169096e-22 4.507677e-23 1.619863e-22 
4.280000e-01 1.161152e-22 4.505624e-23 1.611715e-22 
4.300000e-01 1.153215e-22 4.503623e-23 1.603577e-22 
4.320000e-01 1.144400e-22 4.501150e-23 1.594515e-22 
4.340000e-01 1.136360e-22 4.498931e-23 1.586253e-22 
4.360000e-01 1.128336e-22 4.496801e-23 1.578016e-22 
4.380000e-01 1.120253e-22 4.495064e-23 1.569760e-22 
4.400000e-01 1.112121e-22 4.493189e-23 1.561440e-22 
4.420000e-01 1.104026e-22 4.489721e-23 1.552998e-22 
4.440000e-01 1.095978e-22 4.486545e-23 1.544632e-22 
4.460000e-01 1.087809e-22 4.483158e-23 1.536125e-22 
4.480000e-01 1.079587e-22 4.479842e-23 1.527572e-22 
4.500000e-01 1.071460e-22 4.476771e-23 1.519138e-22 
4.520000e-01 1.063228e-22 4.471367e-23 1.510365e-22 
4.540000e-01 1.054928e-22 4.465787e-23 1.501507e-22 
4.560000e-01 1.046666e-22 4.460579e-23 1.492724e-22 
4.580000e-01 1.038382e-22 4.455044e-23 1.483887e-22 
4.600000e-01 1.029977e-22 4.449726e-23 1.474949e-22 
4.620000e-01 1.021673e-22 4.444400e-23 1.466113e-22 
4.640000e-01 1.013291e-22 4.438988e-23 1.457190e-22 
4.660000e-01 1.004799e-22 4.433403e-23 1.448139e-22 
4.680000e-01 9.963306e-23 4.428114e-23 1.439142e-22 
4.700000e-01 9.878372e-23 4.422834e-23 1.430121e-22 
4.720000e-01 9.791718e-23 4.417336e-23 1.420905e-22 
4.740000e-01 9.704815e-23 4.410565e-23 1.411538e-22 
4.760000e-01 9.617617e-23 4.403891e-23 1.402151e-22 
4.780000e-01 9.529887e-23 4.396934e-23 1.392682e-22 
4.800000e-01 9.441122e-23 4.389816e-23 1.383094e-22 
4.820000e-01 9.351777e-23 4.382298e-23 1.373407e-22 
4.840000e-01 9.261781e-23 4.375015e-23 1.363680e-22 
4.860000e-01 9.170286e-23 4.367417e-23 1.353770e-22 
4.880000e-01 9.077919e-23 4.360046e-23 1.343796e-22 
4.900000e-01 8.984733e-23 4.351647e-23 1.333638e-22 
4.920000e-01 8.890616e-23 4.343127e-23 1.323374e-22 
4.940000e-01 8.794728e-23 4.334699e-23 1.312943e-22 
4.960000e-01 8.698422e-23 4.325865e-23 1.302429e-22 
4.980000e-01 8.599843e-23 4.317211e-23 1.291705e-22 
5.000000e-01 8.499017e-23 4.308180e-23 1.280720e-22 
5.020000e-01 8.397236e-23 4.300055e-23 1.269729e-22 
5.040000e-01 8.293278e-23 4.291733e-23 1.258501e-22 
5.060000e-01 8.186906e-23 4.283389e-23 1.247029e-22 
5.080000e-01 8.077831e-23 4.275132e-23 1.235296e-22 
5.100000e-01 7.966131e-23 4.266894e-23 1.223303e-22 
5.120000e-01 7.850560e-23 4.258666e-23 1.210923e-22 
5.140000e-01 7.732090e-23 4.250340e-23 1.198243e-22 
5.160000e-01 7.609307e-23 4.242443e-23 1.185175e-22 
5.180000e-01 7.481647e-23 4.228664e-23 1.171031e-22 
5.200000e-01 7.329120e-23 4.220740e-23 1.154986e-22 
5.220000e-01 7.188702e-23 4.212863e-23 1.140156e-22 
5.240000e-01 7.039744e-23 4.204541e-23 1.124428e-22 
5.260000e-01 6.880584e-23 4.195899e-23 1.107648e-22 
5.280000e-01 6.709065e-23 4.187116e-23 1.089618e-22 
5.300000e-01 6.522528e-23 4.178404e-23 1.070093e-22 
5.320000e-01 6.317001e-23 4.169808e-23 1.048681e-22 
5.340000e-01 6.075815e-23 4.160847e-23 1.023666e-22 
5.360000e-01 5.785969e-23 4.151418e-23 9.937388e-23 
5.380000e-01 5.391061e-23 4.141158e-23 9.532220e-23 
5.400000e-01 4.831669e-23 4.131083e-23 8.962752e-23 
5.420000e-01 4.208866e-23 4.121412e-23 8.330277e-23 
5.440000e-01 3.812102e-23 4.112414e-23 7.924517e-23 
5.460000e-01 3.879555e-23 4.103598e-23 7.983153e-23 
5.480000e-01 4.293273e-23 4.094485e-23 8.387758e-23 
5.500000e-01 4.730559e-23 4.084433e-23 8.814993e-23 
5.520000e-01 5.066567e-23 4.074463e-23 9.141030e-23 
5.540000e-01 5.269343e-23 4.064709e-23 9.334052e-23 
5.560000e-01 5.420686e-23 4.055759e-23 9.476445e-23 
5.580000e-01 5.535605e-23 4.046623e-23 9.582228e-23 
5.600000e-01 5.631264e-23 4.037828e-23 9.669092e-23 
5.620000e-01 5.712303e-23 4.028245e-23 9.740547e-23 
5.640000e-01 5.780950e-23 4.018591e-23 9.799541e-23 
5.660000e-01 5.839786e-23 4.008973e-23 9.848759e-23 
5.680000e-01 5.889354e-23 3.999160e-23 9.888515e-23 
5.700000e-01 5.931523e-23 3.989327e-23 9.920850e-23 
5.720000e-01 5.967244e-23 3.979269e-23 9.946513e-23 
5.740000e-01 5.998590e-23 3.969303e-23 9.967892e-23 
5.760000e-01 6.026594e-23 3.959157e-23 9.985751e-23 
5.780000e-01 6.049213e-23 3.949392e-23 9.998606e-23 
5.800000e-01 6.067789e-23 3.939362e-23 1.000715e-22 
5.820000e-01 6.083860e-23 3.929683e-23 1.001354e-22 
5.840000e-01 6.097404e-23 3.919977e-23 1.001738e-22 
5.860000e-01 6.108572e-23 3.910763e-23 1.001934e-22 
5.880000e-01 6.115596e-23 3.900803e-23 1.001640e-22 
5.900000e-01 6.121281e-23 3.891055e-23 1.001234e-22 
5.920000e-01 6.125117e-23 3.881066e-23 1.000618e-22 
5.940000e-01 6.127075e-23 3.870833e-23 9.997909e-23 
5.960000e-01 6.126916e-23 3.861085e-23 9.988001e-23 
5.980000e-01 6.124548e-23 3.850963e-23 9.975511e-23 
6.000000e-01 6.121699e-23 3.840734e-23 9.962433e-23 
6.020000e-01 6.117038e-23 3.829660e-23 9.946698e-23 
6.040000e-01 6.110691e-23 3.818411e-23 9.929102e-23 
6.060000e-01 6.102899e-23 3.807013e-23 9.909912e-23 
6.080000e-01 6.094135e-23 3.796821e-23 9.890956e-23 
6.100000e-01 6.084734e-23 3.788087e-23 9.872821e-23 
6.120000e-01 6.074117e-23 3.778817e-23 9.852935e-23 
6.140000e-01 6.060855e-23 3.769771e-23 9.830626e-23 
6.160000e-01 6.047980e-23 3.759263e-23 9.807244e-23 
6.180000e-01 6.033781e-23 3.748582e-23 9.782363e-23 
6.200000e-01 6.018869e-23 3.737932e-23 9.756801e-23 
6.220000e-01 6.002597e-23 3.727433e-23 9.730030e-23 
6.240000e-01 5.985243e-23 3.717324e-23 9.702566e-23 
6.260000e-01 5.967830e-23 3.707359e-23 9.675188e-23 
6.280000e-01 5.949190e-23 3.697333e-23 9.646523e-23 
6.300000e-01 5.929348e-23 3.686882e-23 9.616230e-23 
6.320000e-01 5.908806e-23 3.675885e-23 9.584691e-23 
6.340000e-01 5.887586e-23 3.664856e-23 9.552443e-23 
6.360000e-01 5.865317e-23 3.653920e-23 9.519237e-23 
6.380000e-01 5.842309e-23 3.643849e-23 9.486159e-23 
6.400000e-01 5.818139e-23 3.633128e-23 9.451267e-23 
6.420000e-01 5.792522e-23 3.622417e-23 9.414939e-23 
6.440000e-01 5.766999e-23 3.612487e-23 9.379486e-23 
6.460000e-01 5.740251e-23 3.603245e-23 9.343496e-23 
6.480000e-01 5.706702e-23 3.593891e-23 9.300593e-23 
6.500000e-01 5.677202e-23 3.585262e-23 9.262464e-23 
6.520000e-01 5.646614e-23 3.574360e-23 9.220973e-23 
6.540000e-01 5.615308e-23 3.562834e-23 9.178142e-23 
6.560000e-01 5.582039e-23 3.551390e-23 9.133429e-23 
6.580000e-01 5.547592e-23 3.539852e-23 9.087444e-23 
6.600000e-01 5.511819e-23 3.529690e-23 9.041509e-23 
6.620000e-01 5.474320e-23 3.519186e-23 8.993506e-23 
6.640000e-01 5.435946e-23 3.509017e-23 8.944963e-23 
6.660000e-01 5.395023e-23 3.498626e-23 8.893649e-23 
6.680000e-01 5.352645e-23 3.510735e-23 8.863379e-23 
6.700000e-01 5.308290e-23 3.477141e-23 8.785430e-23 
6.720000e-01 5.262941e-23 3.466178e-23 8.729118e-23 
6.740000e-01 5.215176e-23 3.455354e-23 8.670530e-23 
6.760000e-01 5.164562e-23 3.445109e-23 8.609671e-23 
6.780000e-01 5.111884e-23 3.435134e-23 8.547017e-23 
6.800000e-01 5.057256e-23 3.425013e-23 8.482269e-23 
6.820000e-01 4.997934e-23 3.414514e-23 8.412449e-23 
6.840000e-01 4.935674e-23 3.404476e-23 8.340150e-23 
6.860000e-01 4.869187e-23 3.394448e-23 8.263635e-23 
6.880000e-01 4.796882e-23 3.384184e-23 8.181066e-23 
6.900000e-01 4.719700e-23 3.373629e-23 8.093330e-23 
6.920000e-01 4.633584e-23 3.363438e-23 7.997023e-23 
6.940000e-01 4.535663e-23 3.352984e-23 7.888647e-23 
6.960000e-01 4.428007e-23 3.342948e-23 7.770954e-23 
6.980000e-01 4.295891e-23 3.332094e-23 7.627985e-23 
7.000000e-01 4.110962e-23 3.321685e-23 7.432647e-23 
7.020000e-01 3.891885e-23 3.310804e-23 7.202689e-23 
7.040000e-01 3.624163e-23 3.300497e-23 6.924661e-23 
7.060000e-01 3.444213e-23 3.289600e-23 6.733813e-23 
7.080000e-01 3.346616e-23 3.279479e-23 6.626095e-23 
7.100000e-01 3.451442e-23 3.268560e-23 6.720002e-23 
7.120000e-01 3.623556e-23 3.258149e-23 6.881705e-23 
7.140000e-01 3.867196e-23 3.247547e-23 7.114743e-23 
7.160000e-01 4.065169e-23 3.237408e-23 7.302576e-23 
7.180000e-01 4.232949e-23 3.226854e-23 7.459803e-23 
7.200000e-01 4.335142e-23 3.216540e-23 7.551682e-23 
7.220000e-01 4.415403e-23 3.206335e-23 7.621738e-23 
7.240000e-01 4.484974e-23 3.196487e-23 7.681461e-23 
7.260000e-01 4.540283e-23 3.186433e-23 7.726716e-23 
7.280000e-01 4.589797e-23 3.176846e-23 7.766644e-23 
7.300000e-01 4.634621e-23 3.166245e-23 7.800865e-23 
7.320000e-01 4.670533e-23 3.155983e-23 7.826516e-23 
7.340000e-01 4.704370e-23 3.145219e-23 7.849588e-23 
7.360000e-01 4.733689e-23 3.134720e-23 7.868409e-23 
7.380000e-01 4.760363e-23 3.123955e-23 7.884318e-23 
7.400000e-01 4.784884e-23 3.113280e-23 7.898165e-23 
7.420000e-01 4.805751e-23 3.102705e-23 7.908456e-23 
7.440000e-01 4.824543e-23 3.092514e-23 7.917058e-23 
7.460000e-01 4.841451e-23 3.081682e-23 7.923134e-23 
7.480000e-01 4.857095e-23 3.071622e-23 7.928717e-23 
7.500000e-01 4.870870e-23 3.061586e-23 7.932456e-23 
7.520000e-01 4.883267e-23 3.051934e-23 7.935201e-23 
7.540000e-01 4.893835e-23 3.041592e-23 7.935427e-23 
7.560000e-01 4.903008e-23 3.031469e-23 7.934476e-23 
7.580000e-01 4.911313e-23 3.021861e-23 7.933174e-23 
7.600000e-01 4.919047e-23 3.011987e-23 7.931035e-23 
7.620000e-01 4.925059e-23 3.002444e-23 7.927504e-23 
7.640000e-01 4.930649e-23 2.992617e-23 7.923267e-23 
7.660000e-01 4.934901e-23 2.983072e-23 7.917972e-23 
7.680000e-01 4.938439e-23 2.973977e-23 7.912416e-23 
7.700000e-01 4.941427e-23 2.964352e-23 7.905780e-23 
7.720000e-01 4.943589e-23 2.955061e-23 7.898650e-23 
7.740000e-01 4.944740e-23 2.945185e-23 7.889925e-23 
7.760000e-01 4.945117e-23 2.934635e-23 7.879751e-23 
7.780000e-01 4.944796e-23 2.924620e-23 7.869416e-23 
7.800000e-01 4.943863e-23 2.914394e-23 7.858258e-23 
7.820000e-01 4.942107e-23 2.903563e-23 7.845670e-23 
7.840000e-01 4.939908e-23 2.894147e-23 7.834054e-23 
7.860000e-01 4.936059e-23 2.884324e-23 7.820383e-23 
7.880000e-01 4.932055e-23 2.874524e-23 7.806579e-23 
7.900000e-01 4.927414e-23 2.864784e-23 7.792198e-23 
7.920000e-01 4.921713e-23 2.854866e-23 7.776579e-23 
7.940000e-01 4.915314e-23 2.845614e-23 7.760928e-23 
7.960000e-01 4.905794e-23 2.836359e-23 7.742152e-23 
7.980000e-01 4.896349e-23 2.826711e-23 7.723060e-23 
8.000000e-01 4.886787e-23 2.817239e-23 7.704026e-23 
8.020000e-01 4.878334e-23 2.808092e-23 7.686426e-23 
8.040000e-01 4.870887e-23 2.799191e-23 7.670078e-23 
8.060000e-01 4.863932e-23 2.789606e-23 7.653539e-23 
8.080000e-01 4.857095e-23 2.780068e-23 7.637163e-23 
8.100000e-01 4.849688e-23 2.770691e-23 7.620379e-23 
8.120000e-01 4.842925e-23 2.760992e-23 7.603917e-23 
8.140000e-01 4.837156e-23 2.750391e-23 7.587547e-23 
8.160000e-01 4.831001e-23 2.740576e-23 7.571577e-23 
8.180000e-01 4.824908e-23 2.730409e-23 7.555317e-23 
8.200000e-01 4.818575e-23 2.721200e-23 7.539775e-23 
8.220000e-01 4.812804e-23 2.712409e-23 7.525213e-23 
8.240000e-01 4.806499e-23 2.703674e-23 7.510174e-23 
8.260000e-01 4.801057e-23 2.782365e-23 7.583421e-23 
8.280000e-01 4.481893e-23 2.686645e-23 7.168538e-23 
8.300000e-01 4.789489e-23 2.677587e-23 7.467076e-23 
8.320000e-01 4.784167e-23 2.668305e-23 7.452472e-23 
8.340000e-01 4.778626e-23 2.658932e-23 7.437558e-23 
8.360000e-01 4.773428e-23 2.649440e-23 7.422867e-23 
8.380000e-01 4.768516e-23 2.639905e-23 7.408421e-23 
8.400000e-01 4.763642e-23 2.630524e-23 7.394165e-23 
8.420000e-01 4.759238e-23 2.622328e-23 7.381566e-23 
8.440000e-01 4.754990e-23 2.612984e-23 7.367973e-23 
8.460000e-01 4.750405e-23 2.604032e-23 7.354436e-23 
8.480000e-01 4.746469e-23 2.594795e-23 7.341265e-23 
8.500000e-01 4.742922e-23 2.586280e-23 7.329202e-23 
8.520000e-01 4.739432e-23 2.577516e-23 7.316948e-23 
8.540000e-01 4.736163e-23 2.568873e-23 7.305036e-23 
8.560000e-01 4.733114e-23 2.560343e-23 7.293458e-23 
8.580000e-01 4.729863e-23 2.551622e-23 7.281485e-23 
8.600000e-01 4.726667e-23 2.541973e-23 7.268639e-23 
8.620000e-01 4.723121e-23 2.532594e-23 7.255716e-23 
8.640000e-01 4.719808e-23 2.523260e-23 7.243068e-23 
8.660000e-01 4.705718e-23 2.513922e-23 7.219640e-23 
8.680000e-01 4.702364e-23 2.504912e-23 7.207275e-23 
8.700000e-01 4.698550e-23 2.495613e-23 7.194163e-23 
8.720000e-01 4.693420e-23 2.486310e-23 7.179730e-23 
8.740000e-01 4.688635e-23 2.477767e-23 7.166402e-23 
8.760000e-01 4.682562e-23 2.468407e-23 7.150969e-23 
8.780000e-01 4.676192e-23 2.459468e-23 7.135660e-23 
8.800000e-01 4.669623e-23 2.451693e-23 7.121315e-23 
8.820000e-01 4.662702e-23 2.443947e-23 7.106649e-23 
8.840000e-01 4.656448e-23 2.436447e-23 7.092895e-23 
8.860000e-01 4.649803e-23 2.428262e-23 7.078065e-23 
8.880000e-01 4.642462e-23 2.420599e-23 7.063060e-23 
8.900000e-01 4.635114e-23 2.412092e-23 7.047206e-23 
8.920000e-01 4.627109e-23 2.403857e-23 7.030967e-23 
8.940000e-01 4.619249e-23 2.395296e-23 7.014545e-23 
8.960000e-01 4.611864e-23 2.387119e-23 6.998983e-23 
8.980000e-01 4.604507e-23 2.378814e-23 6.983321e-23 
9.000000e-01 4.596353e-23 2.369988e-23 6.966341e-23 
9.020000e-01 4.588343e-23 2.360637e-23 6.948980e-23 
9.040000e-01 4.579849e-23 2.351550e-23 6.931400e-23 
9.060000e-01 4.571339e-23 2.342846e-23 6.914185e-23 
9.080000e-01 4.563413e-23 2.333332e-23 6.896745e-23 
9.100000e-01 4.554526e-23 2.325568e-23 6.880094e-23 
9.120000e-01 4.546343e-23 2.317866e-23 6.864209e-23 
9.140000e-01 4.537353e-23 2.309838e-23 6.847192e-23 
9.160000e-01 4.528309e-23 2.302068e-23 6.830377e-23 
9.180000e-01 4.519624e-23 2.294566e-23 6.814191e-23 
9.200000e-01 4.510117e-23 2.286345e-23 6.796462e-23 
9.220000e-01 4.501409e-23 2.277532e-23 6.778942e-23 
9.240000e-01 4.492698e-23 2.269086e-23 6.761784e-23 
9.260000e-01 4.483957e-23 2.260741e-23 6.744697e-23 
9.280000e-01 4.474980e-23 2.252163e-23 6.727144e-23 
9.300000e-01 4.465351e-23 2.243908e-23 6.709259e-23 
9.320000e-01 4.455950e-23 2.236694e-23 6.692644e-23 
9.340000e-01 4.446402e-23 2.229651e-23 6.676053e-23 
9.360000e-01 4.436745e-23 2.222496e-23 6.659241e-23 
9.380000e-01 4.428863e-23 2.214775e-23 6.643638e-23 
9.400000e-01 4.417658e-23 2.207579e-23 6.625237e-23 
9.420000e-01 4.408611e-23 2.200159e-23 6.608770e-23 
9.440000e-01 4.398508e-23 2.192385e-23 6.590893e-23 
9.460000e-01 4.388777e-23 2.184453e-23 6.573230e-23 
9.480000e-01 4.378769e-23 2.176726e-23 6.555496e-23 
9.500000e-01 4.369655e-23 2.169002e-23 6.538658e-23 
9.520000e-01 4.359440e-23 2.160964e-23 6.520404e-23 
9.540000e-01 4.349253e-23 2.153667e-23 6.502921e-23 
9.560000e-01 4.339713e-23 2.146439e-23 6.486152e-23 
9.580000e-01 4.329411e-23 2.138667e-23 6.468078e-23 
9.600000e-01 4.319989e-23 2.131159e-23 6.451147e-23 
9.620000e-01 4.310056e-23 2.123633e-23 6.433689e-23 
9.640000e-01 4.299015e-23 2.115784e-23 6.414799e-23 
9.660000e-01 4.289195e-23 2.107486e-23 6.396681e-23 
9.680000e-01 4.279043e-23 2.099208e-23 6.378251e-23 
9.700000e-01 4.268875e-23 2.090590e-23 6.359465e-23 
9.720000e-01 4.258606e-23 2.082409e-23 6.341014e-23 
9.740000e-01 4.248596e-23 2.074789e-23 6.323386e-23 
9.760000e-01 4.238489e-23 2.067705e-23 6.306194e-23 
9.780000e-01 4.228604e-23 2.060542e-23 6.289147e-23 
9.800000e-01 4.218084e-23 2.053567e-23 6.271651e-23 
9.820000e-01 4.207810e-23 2.046448e-23 6.254258e-23 
9.840000e-01 4.196872e-23 2.039545e-23 6.236417e-23 
9.860000e-01 4.186747e-23 2.032143e-23 6.218891e-23 
9.880000e-01 4.176747e-23 2.024047e-23 6.200794e-23 
9.900000e-01 4.166186e-23 2.016605e-23 6.182790e-23 
9.920000e-01 4.155660e-23 2.008558e-23 6.164218e-23 
9.940000e-01 4.146071e-23 2.000880e-23 6.146951e-23 
9.960000e-01 4.135123e-23 1.993770e-23 6.128892e-23 
9.980000e-01 4.125249e-23 1.989098e-23 6.114348e-23 
1.000000e+00 4.114793e-23 1.984332e-23 6.099126e-23 
1.002000e+00 4.104532e-23 1.978005e-23 6.082537e-23 
1.004000e+00 4.094593e-23 1.971462e-23 6.066055e-23 
1.006000e+00 4.084138e-23 1.965113e-23 6.049252e-23 
1.008000e+00 4.073980e-23 1.958496e-23 6.032476e-23 
1.010000e+00 4.063619e-23 1.952450e-23 6.016069e-23 
1.012000e+00 4.053134e-23 1.945561e-23 5.998695e-23 
1.014000e+00 4.042691e-23 1.939034e-23 5.981725e-23 
1.016000e+00 4.032132e-23 1.932768e-23 5.964900e-23 
1.018000e+00 4.022089e-23 1.925819e-23 5.947907e-23 
1.020000e+00 4.011709e-23 1.919380e-23 5.931089e-23 
1.022000e+00 4.001452e-23 1.912718e-23 5.914170e-23 
1.024000e+00 3.990759e-23 1.905981e-23 5.896740e-23 
1.026000e+00 3.980303e-23 1.899949e-23 5.880252e-23 
1.028000e+00 3.970337e-23 1.894074e-23 5.864411e-23 
1.030000e+00 3.959433e-23 1.887710e-23 5.847144e-23 
1.032000e+00 3.949104e-23 1.881519e-23 5.830623e-23 
1.034000e+00 3.942557e-23 1.875131e-23 5.817689e-23 
1.036000e+00 3.928792e-23 1.906208e-23 5.835000e-23 
1.038000e+00 3.918149e-23 1.862399e-23 5.780548e-23 
1.040000e+00 3.907326e-23 1.856493e-23 5.763820e-23 
1.042000e+00 3.897469e-23 1.844466e-23 5.741935e-23 
1.044000e+00 3.886784e-23 1.838178e-23 5.724963e-23 
1.046000e+00 3.876499e-23 1.832070e-23 5.708570e-23 
1.048000e+00 3.866553e-23 1.825644e-23 5.692196e-23 
1.050000e+00 3.856105e-23 1.819765e-23 5.675870e-23 
1.052000e+00 3.845591e-23 1.813599e-23 5.659190e-23 
1.054000e+00 3.835141e-23 1.807726e-23 5.642868e-23 
1.056000e+00 3.825086e-23 1.802229e-23 5.627315e-23 
1.058000e+00 3.814492e-23 1.795998e-23 5.610489e-23 
1.060000e+00 3.804744e-23 1.789840e-23 5.594585e-23 
1.062000e+00 3.793701e-23 1.784005e-23 5.577706e-23 
1.064000e+00 3.750253e-23 1.778019e-23 5.528272e-23 
1.066000e+00 3.773302e-23 1.772056e-23 5.545359e-23 
1.068000e+00 3.762928e-23 1.765717e-23 5.528645e-23 
1.070000e+00 3.752061e-23 1.759930e-23 5.511992e-23 
1.072000e+00 3.742432e-23 1.754091e-23 5.496522e-23 
1.074000e+00 3.731450e-23 1.748178e-23 5.479628e-23 
1.076000e+00 3.721315e-23 1.742491e-23 5.463807e-23 
1.078000e+00 3.710999e-23 1.736696e-23 5.447695e-23 
1.080000e+00 3.700963e-23 1.730904e-23 5.431868e-23 
1.082000e+00 3.690796e-23 1.725157e-23 5.415953e-23 
1.084000e+00 3.679506e-23 1.719494e-23 5.399000e-23 
1.086000e+00 3.670052e-23 1.713857e-23 5.383908e-23 
1.088000e+00 3.659149e-23 1.708446e-23 5.367594e-23 
1.090000e+00 3.649059e-23 1.702231e-23 5.351290e-23 
1.092000e+00 3.639278e-23 1.696297e-23 5.335575e-23 
1.094000e+00 3.628225e-23 1.690792e-23 5.319017e-23 
1.096000e+00 3.617916e-23 1.685163e-23 5.303078e-23 
1.098000e+00 3.607796e-23 1.679269e-23 5.287065e-23 
1.100000e+00 3.597623e-23 1.673954e-23 5.271577e-23 
1.102000e+00 3.587728e-23 1.668449e-23 5.256177e-23 
1.104000e+00 3.577205e-23 1.662825e-23 5.240030e-23 
1.106000e+00 3.567376e-23 1.657600e-23 5.224976e-23 
1.108000e+00 3.556769e-23 1.652071e-23 5.208841e-23 
1.110000e+00 3.546861e-23 1.646921e-23 5.193781e-23 
1.112000e+00 3.536243e-23 1.640700e-23 5.176943e-23 
1.114000e+00 3.526247e-23 1.635436e-23 5.161683e-23 
1.116000e+00 3.516165e-23 1.629834e-23 5.145999e-23 
1.118000e+00 3.505731e-23 1.624369e-23 5.130101e-23 
1.120000e+00 3.495101e-23 1.618692e-23 5.113793e-23 
1.122000e+00 3.485762e-23 1.612950e-23 5.098712e-23 
1.124000e+00 3.474902e-23 1.608115e-23 5.083017e-23 
1.126000e+00 3.465051e-23 1.602957e-23 5.068009e-23 
1.128000e+00 3.454594e-23 1.597872e-23 5.052465e-23 
1.130000e+00 3.444227e-23 1.592798e-23 5.037024e-23 
1.132000e+00 3.434363e-23 1.587173e-23 5.021536e-23 
1.134000e+00 3.424269e-23 1.582277e-23 5.006547e-23 
1.136000e+00 3.414922e-23 1.576900e-23 4.991822e-23 
1.138000e+00 3.405194e-23 1.572034e-23 4.977228e-23 
1.140000e+00 3.394751e-23 1.566785e-23 4.961535e-23 
1.142000e+00 3.384160e-23 1.561440e-23 4.945600e-23 
1.144000e+00 3.374397e-23 1.556100e-23 4.930497e-23 
1.146000e+00 3.363671e-23 1.550977e-23 4.914648e-23 
1.148000e+00 3.353723e-23 1.546001e-23 4.899724e-23 
1.150000e+00 3.388230e-23 1.540743e-23 4.928973e-23 
1.152000e+00 3.334550e-23 1.536035e-23 4.870586e-23 
1.154000e+00 3.324339e-23 1.531126e-23 4.855465e-23 
1.156000e+00 3.314801e-23 1.526316e-23 4.841116e-23 
1.158000e+00 3.304237e-23 1.521001e-23 4.825238e-23 
1.160000e+00 3.294794e-23 1.515858e-23 4.810652e-23 
1.162000e+00 3.284664e-23 1.510670e-23 4.795334e-23 
1.164000e+00 3.274513e-23 1.506024e-23 4.780538e-23 
1.166000e+00 3.263983e-23 1.500895e-23 4.764878e-23 
1.168000e+00 3.254120e-23 1.495918e-23 4.750038e-23 
1.170000e+00 3.244191e-23 1.490874e-23 4.735065e-23 
1.172000e+00 3.234498e-23 1.485770e-23 4.720268e-23 
1.174000e+00 3.225248e-23 1.480591e-23 4.705839e-23 
1.176000e+00 3.214999e-23 1.476111e-23 4.691110e-23 
1.178000e+00 3.204675e-23 1.471321e-23 4.675996e-23 
1.180000e+00 3.195520e-23 1.466185e-23 4.661706e-23 
1.182000e+00 3.185071e-23 1.461964e-23 4.647035e-23 
1.184000e+00 3.174410e-23 1.456998e-23 4.631408e-23 
1.186000e+00 3.164588e-23 1.452330e-23 4.616918e-23 
1.188000e+00 3.155062e-23 1.447622e-23 4.602684e-23 
1.190000e+00 3.144766e-23 1.442971e-23 4.587737e-23 
1.192000e+00 3.135138e-23 1.438023e-23 4.573161e-23 
1.194000e+00 3.125322e-23 1.433493e-23 4.558814e-23 
1.196000e+00 3.115233e-23 1.428745e-23 4.543978e-23 
1.198000e+00 3.105825e-23 1.423982e-23 4.529807e-23 
1.200000e+00 3.095690e-23 1.419044e-23 4.514735e-23 
1.202000e+00 3.085363e-23 1.414538e-23 4.499900e-23 
1.204000e+00 3.075368e-23 1.409819e-23 4.485187e-23 
1.206000e+00 3.065896e-23 1.405858e-23 4.471754e-23 
1.208000e+00 3.055925e-23 1.400911e-23 4.456835e-23 
1.210000e+00 3.045705e-23 1.396708e-23 4.442414e-23 
1.212000e+00 3.036178e-23 1.391817e-23 4.427995e-23 
1.214000e+00 3.026114e-23 1.387615e-23 4.413729e-23 
1.216000e+00 3.016483e-23 1.383394e-23 4.399877e-23 
1.218000e+00 3.006342e-23 1.378645e-23 4.384987e-23 
1.220000e+00 2.996126e-23 1.374075e-23 4.370201e-23 
1.222000e+00 2.985823e-23 1.369530e-23 4.355354e-23 
1.224000e+00 2.975941e-23 1.365148e-23 4.341089e-23 
1.226000e+00 2.965665e-23 1.360890e-23 4.326555e-23 
1.228000e+00 2.955881e-23 1.356187e-23 4.312068e-23 
1.230000e+00 2.945990e-23 1.351537e-23 4.297527e-23 
1.232000e+00 2.936009e-23 1.347146e-23 4.283155e-23 
1.234000e+00 2.925733e-23 1.343683e-23 4.269416e-23 
1.236000e+00 2.915104e-23 1.339310e-23 4.254414e-23 
1.238000e+00 2.904973e-23 1.334437e-23 4.239410e-23 
1.240000e+00 2.894136e-23 1.330319e-23 4.224456e-23 
1.242000e+00 2.884717e-23 1.326076e-23 4.210793e-23 
1.244000e+00 2.874407e-23 1.321818e-23 4.196225e-23 
1.246000e+00 2.862666e-23 1.317655e-23 4.180321e-23 
1.248000e+00 2.851906e-23 1.313549e-23 4.165455e-23 
1.250000e+00 2.841611e-23 1.309452e-23 4.151062e-23 
1.252000e+00 2.831066e-23 1.305150e-23 4.136216e-23 
1.254000e+00 2.820034e-23 1.300888e-23 4.120921e-23 
1.256000e+00 2.808735e-23 1.296439e-23 4.105174e-23 
1.258000e+00 2.797962e-23 1.291992e-23 4.089954e-23 
1.260000e+00 2.786310e-23 1.287582e-23 4.073892e-23 
1.262000e+00 2.774803e-23 1.284000e-23 4.058803e-23 
1.264000e+00 2.763823e-23 1.279951e-23 4.043774e-23 
1.266000e+00 2.751993e-23 1.275928e-23 4.027920e-23 
1.268000e+00 2.739290e-23 1.271825e-23 4.011115e-23 
1.270000e+00 2.727440e-23 1.267934e-23 3.995374e-23 
1.272000e+00 2.714323e-23 1.263977e-23 3.978299e-23 
1.274000e+00 2.701667e-23 1.259808e-23 3.961476e-23 
1.276000e+00 2.688407e-23 1.255684e-23 3.944091e-23 
1.278000e+00 2.674269e-23 1.251616e-23 3.925885e-23 
1.280000e+00 2.660185e-23 1.247391e-23 3.907576e-23 
1.282000e+00 2.645216e-23 1.243619e-23 3.888835e-23 
1.284000e+00 2.628305e-23 1.239223e-23 3.867528e-23 
1.286000e+00 2.610627e-23 1.235160e-23 3.845787e-23 
1.288000e+00 2.590840e-23 1.231215e-23 3.822055e-23 
1.290000e+00 2.564091e-23 1.227454e-23 3.791546e-23 
1.292000e+00 2.537889e-23 1.223582e-23 3.761471e-23 
1.294000e+00 2.510947e-23 1.219525e-23 3.730471e-23 
1.296000e+00 2.482812e-23 1.215625e-23 3.698437e-23 
1.298000e+00 2.455333e-23 1.211609e-23 3.666941e-23 
1.300000e+00 2.437696e-23 1.207860e-23 3.645556e-23 
1.302000e+00 2.426045e-23 1.204217e-23 3.630262e-23 
1.304000e+00 2.414840e-23 1.200085e-23 3.614925e-23 
1.306000e+00 2.416767e-23 1.196312e-23 3.613080e-23 
1.308000e+00 2.420972e-23 1.192286e-23 3.613258e-23 
1.310000e+00 2.426129e-23 1.188557e-23 3.614686e-23 
1.312000e+00 2.438667e-23 1.185021e-23 3.623688e-23 
1.314000e+00 2.451294e-23 1.181264e-23 3.632559e-23 
1.316000e+00 2.464252e-23 1.177164e-23 3.641415e-23 
1.318000e+00 2.470752e-23 1.173317e-23 3.644070e-23 
1.320000e+00 2.477481e-23 1.169597e-23 3.647077e-23 
1.322000e+00 2.483085e-23 1.166339e-23 3.649424e-23 
1.324000e+00 2.484497e-23 1.162381e-23 3.646878e-23 
1.326000e+00 2.486832e-23 1.159027e-23 3.645859e-23 
1.328000e+00 2.487990e-23 1.155362e-23 3.643352e-23 
1.330000e+00 2.487751e-23 1.152154e-23 3.639905e-23 
1.332000e+00 2.487457e-23 1.147928e-23 3.635384e-23 
1.334000e+00 2.487088e-23 1.144490e-23 3.631578e-23 
1.336000e+00 2.485581e-23 1.140904e-23 3.626485e-23 
1.338000e+00 2.484017e-23 1.137209e-23 3.621226e-23 
1.340000e+00 2.482187e-23 1.133830e-23 3.616017e-23 
1.342000e+00 2.479479e-23 1.130171e-23 3.609650e-23 
1.344000e+00 2.477515e-23 1.126712e-23 3.604228e-23 
1.346000e+00 2.475246e-23 1.122695e-23 3.597941e-23 
1.348000e+00 2.471550e-23 1.119661e-23 3.591211e-23 
1.350000e+00 2.469341e-23 1.115927e-23 3.585268e-23 
1.352000e+00 2.466326e-23 1.112587e-23 3.578913e-23 
1.354000e+00 2.462807e-23 1.109337e-23 3.572144e-23 
1.356000e+00 2.459191e-23 1.105642e-23 3.564833e-23 
1.358000e+00 2.456481e-23 1.102470e-23 3.558951e-23 
1.360000e+00 2.452765e-23 1.098654e-23 3.551420e-23 
1.362000e+00 2.449680e-23 1.095361e-23 3.545041e-23 
1.364000e+00 2.445850e-23 1.091886e-23 3.537736e-23 
1.366000e+00 2.441987e-23 1.088515e-23 3.530501e-23 
1.368000e+00 2.437167e-23 1.084930e-23 3.522097e-23 
1.370000e+00 2.433673e-23 1.081524e-23 3.515196e-23 
1.372000e+00 2.429119e-23 1.078236e-23 3.507355e-23 
1.374000e+00 2.425514e-23 1.074707e-23 3.500222e-23 
1.376000e+00 2.421054e-23 1.071337e-23 3.492391e-23 
1.378000e+00 2.417122e-23 1.067878e-23 3.485000e-23 
1.380000e+00 2.413608e-23 1.064308e-23 3.477917e-23 
1.382000e+00 2.451991e-23 1.061363e-23 3.513354e-23 
1.384000e+00 2.404646e-23 1.074330e-23 3.478976e-23 
1.386000e+00 2.400203e-23 1.054438e-23 3.454641e-23 
1.388000e+00 2.395128e-23 1.051436e-23 3.446564e-23 
1.390000e+00 2.391116e-23 1.048466e-23 3.439581e-23 
1.392000e+00 2.386330e-23 1.045313e-23 3.431643e-23 
1.394000e+00 2.382315e-23 1.041741e-23 3.424056e-23 
1.396000e+00 2.377115e-23 1.038670e-23 3.415785e-23 
1.398000e+00 2.373147e-23 1.035508e-23 3.408654e-23 
1.400000e+00 2.368428e-23 1.032011e-23 3.400439e-23 
1.402000e+00 2.363520e-23 1.028991e-23 3.392511e-23 
1.404000e+00 2.359094e-23 1.025695e-23 3.384788e-23 
1.406000e+00 2.354170e-23 1.022143e-23 3.376313e-23 
1.408000e+00 2.348912e-23 1.019008e-23 3.367919e-23 
1.410000e+00 2.344831e-23 1.015635e-23 3.360466e-23 
1.412000e+00 2.339623e-23 1.012452e-23 3.352074e-23 
1.414000e+00 2.335457e-23 1.009814e-23 3.345271e-23 
1.416000e+00 2.330136e-23 1.006439e-23 3.336575e-23 
1.418000e+00 2.325656e-23 1.003552e-23 3.329208e-23 
1.420000e+00 2.320461e-23 1.000500e-23 3.320961e-23 
1.422000e+00 2.315832e-23 9.975247e-24 3.313357e-23 
1.424000e+00 2.311946e-23 9.946000e-24 3.306546e-23 
1.426000e+00 2.306339e-23 9.913677e-24 3.297707e-23 
1.428000e+00 2.300671e-23 9.884987e-24 3.289170e-23 
1.430000e+00 2.295618e-23 9.854603e-24 3.281078e-23 
1.432000e+00 2.291016e-23 9.822841e-24 3.273301e-23 
1.434000e+00 2.286618e-23 9.794404e-24 3.266059e-23 
1.436000e+00 2.282136e-23 9.763133e-24 3.258449e-23 
1.438000e+00 2.277133e-23 9.736427e-24 3.250776e-23 
1.440000e+00 2.272261e-23 9.701257e-24 3.242387e-23 
1.442000e+00 2.267453e-23 9.673182e-24 3.234771e-23 
1.444000e+00 2.261876e-23 9.642819e-24 3.226157e-23 
1.446000e+00 2.257376e-23 9.612526e-24 3.218628e-23 
1.448000e+00 2.252463e-23 9.582006e-24 3.210664e-23 
1.450000e+00 2.247550e-23 9.560111e-24 3.203561e-23 
1.452000e+00 2.241858e-23 9.526544e-24 3.194513e-23 
1.454000e+00 2.237175e-23 9.497196e-24 3.186895e-23 
1.456000e+00 2.231944e-23 9.473118e-24 3.179256e-23 
1.458000e+00 2.226995e-23 9.443537e-24 3.171349e-23 
1.460000e+00 2.222520e-23 9.416917e-24 3.164212e-23 
1.462000e+00 2.217338e-23 9.386217e-24 3.155960e-23 
1.464000e+00 2.212282e-23 9.356142e-24 3.147896e-23 
1.466000e+00 2.207330e-23 9.329495e-24 3.140279e-23 
1.468000e+00 2.202989e-23 9.301159e-24 3.133105e-23 
1.470000e+00 2.197912e-23 9.274117e-24 3.125324e-23 
1.472000e+00 2.192579e-23 9.244091e-24 3.116988e-23 
1.474000e+00 2.188318e-23 9.216724e-24 3.109991e-23 
1.476000e+00 2.183365e-23 9.186450e-24 3.102010e-23 
1.478000e+00 2.178305e-23 9.159971e-24 3.094303e-23 
1.480000e+00 2.173595e-23 9.131213e-24 3.086716e-23 
1.482000e+00 2.168642e-23 9.102569e-24 3.078899e-23 
1.484000e+00 2.164262e-23 9.073347e-24 3.071596e-23 
1.486000e+00 2.158756e-23 9.046574e-24 3.063413e-23 
1.488000e+00 2.153350e-23 9.018136e-24 3.055163e-23 
1.490000e+00 2.148898e-23 8.996079e-24 3.048505e-23 
1.492000e+00 2.143496e-23 8.969608e-24 3.040456e-23 
1.494000e+00 2.139047e-23 8.942646e-24 3.033311e-23 
1.496000e+00 2.133905e-23 8.916015e-24 3.025507e-23 
1.498000e+00 2.129302e-23 8.889321e-24 3.018234e-23 
1.500000e+00 2.124476e-23 8.864033e-24 3.010879e-23 
1.502000e+00 2.119089e-23 8.834156e-24 3.002505e-23 
1.504000e+00 2.114080e-23 8.805856e-24 2.994665e-23 
1.506000e+00 2.109550e-23 8.781520e-24 2.987702e-23 
1.508000e+00 2.104490e-23 8.752685e-24 2.979759e-23 
1.510000e+00 2.100086e-23 8.723026e-24 2.972389e-23 
1.512000e+00 2.094458e-23 8.699255e-24 2.964384e-23 
1.514000e+00 2.089647e-23 8.673378e-24 2.956985e-23 
1.516000e+00 2.085045e-23 8.646860e-24 2.949731e-23 
1.518000e+00 2.080028e-23 8.621147e-24 2.942143e-23 
1.520000e+00 2.074935e-23 8.597557e-24 2.934691e-23 
1.522000e+00 2.070059e-23 8.571124e-24 2.927171e-23 
1.524000e+00 2.065201e-23 8.544833e-24 2.919684e-23 
1.526000e+00 2.060534e-23 8.518416e-24 2.912376e-23 
1.528000e+00 2.055049e-23 8.497452e-24 2.904794e-23 
1.530000e+00 2.050436e-23 8.471767e-24 2.897612e-23 
1.532000e+00 2.046184e-23 8.443931e-24 2.890577e-23 
1.534000e+00 2.040897e-23 8.421238e-24 2.883021e-23 
1.536000e+00 2.036887e-23 8.394203e-24 2.876308e-23 
1.538000e+00 2.031904e-23 8.366726e-24 2.868577e-23 
1.540000e+00 2.027023e-23 8.342521e-24 2.861275e-23 
1.542000e+00 2.022021e-23 8.317711e-24 2.853792e-23 
1.544000e+00 2.017148e-23 8.294749e-24 2.846623e-23 
1.546000e+00 2.012129e-23 8.267608e-24 2.838890e-23 
1.548000e+00 2.007947e-23 8.246710e-24 2.832618e-23 
1.550000e+00 2.002871e-23 8.220830e-24 2.824954e-23 
1.552000e+00 1.998575e-23 8.193093e-24 2.817885e-23 
1.554000e+00 1.992957e-23 8.167665e-24 2.809724e-23 
1.556000e+00 1.988404e-23 8.145899e-24 2.802994e-23 
1.558000e+00 1.984087e-23 8.124591e-24 2.796546e-23 
1.560000e+00 1.979007e-23 8.098277e-24 2.788835e-23 
1.562000e+00 1.974181e-23 8.079079e-24 2.782088e-23 
1.564000e+00 1.969256e-23 8.051458e-24 2.774402e-23 
1.566000e+00 1.964413e-23 8.028947e-24 2.767308e-23 
1.568000e+00 1.959921e-23 8.006289e-24 2.760549e-23 
1.570000e+00 1.955229e-23 7.980662e-24 2.753296e-23 
1.572000e+00 1.950660e-23 7.955571e-24 2.746217e-23 
1.574000e+00 1.946424e-23 7.933264e-24 2.739751e-23 
1.576000e+00 1.941346e-23 7.909744e-24 2.732320e-23 
1.578000e+00 1.936246e-23 7.889980e-24 2.725244e-23 
1.580000e+00 1.931183e-23 7.861641e-24 2.717347e-23 
1.582000e+00 1.926998e-23 7.837448e-24 2.710743e-23 
1.584000e+00 1.922231e-23 7.818045e-24 2.704036e-23 
1.586000e+00 1.917564e-23 7.790783e-24 2.696643e-23 
1.588000e+00 1.912610e-23 7.767051e-24 2.689315e-23 
1.590000e+00 1.907561e-23 7.744779e-24 2.682039e-23 
1.592000e+00 1.903949e-23 7.727247e-24 2.676674e-23 
1.594000e+00 1.899093e-23 7.700673e-24 2.669160e-23 
1.596000e+00 1.895107e-23 7.682763e-24 2.663383e-23 
1.598000e+00 1.890137e-23 7.661541e-24 2.656291e-23 
1.600000e+00 1.885217e-23 7.637746e-24 2.648991e-23 
1.602000e+00 1.880348e-23 7.617883e-24 2.642136e-23 
1.604000e+00 1.875873e-23 7.590168e-24 2.634890e-23 
1.606000e+00 1.871641e-23 7.565403e-24 2.628181e-23 
1.608000e+00 1.867170e-23 7.544943e-24 2.621664e-23 
1.610000e+00 1.862450e-23 7.521277e-24 2.614578e-23 
1.612000e+00 1.857269e-23 7.502006e-24 2.607469e-23 
1.614000e+00 1.853277e-23 7.479810e-24 2.601258e-23 
1.616000e+00 1.848461e-23 7.459029e-24 2.594364e-23 
1.618000e+00 1.843502e-23 7.436366e-24 2.587139e-23 
1.620000e+00 1.839279e-23 7.415233e-24 2.580803e-23 
1.622000e+00 1.834595e-23 7.388967e-24 2.573492e-23 
1.624000e+00 1.829823e-23 7.370753e-24 2.566898e-23 
1.626000e+00 1.825574e-23 7.351489e-24 2.560723e-23 
1.628000e+00 1.821152e-23 7.334742e-24 2.554626e-23 
1.630000e+00 1.817060e-23 7.308984e-24 2.547959e-23 
1.632000e+00 1.812561e-23 7.290928e-24 2.541654e-23 
1.634000e+00 1.808349e-23 7.267892e-24 2.535138e-23 
1.636000e+00 1.802834e-23 7.250917e-24 2.527926e-23 
1.638000e+00 1.798670e-23 7.228241e-24 2.521494e-23 
1.640000e+00 1.794328e-23 7.207081e-24 2.515036e-23 
1.642000e+00 1.789882e-23 7.185498e-24 2.508432e-23 
1.644000e+00 1.786121e-23 7.167166e-24 2.502838e-23 
1.646000e+00 1.781386e-23 7.144004e-24 2.495786e-23 
1.648000e+00 1.777043e-23 7.126082e-24 2.489652e-23 
1.650000e+00 1.772251e-23 7.104859e-24 2.482737e-23 
1.652000e+00 1.767130e-23 7.085381e-24 2.475669e-23 
1.654000e+00 1.762608e-23 7.066471e-24 2.469255e-23 
1.656000e+00 1.758529e-23 7.043987e-24 2.462928e-23 
1.658000e+00 1.753743e-23 7.023730e-24 2.456116e-23 
1.660000e+00 1.750243e-23 7.006723e-24 2.450915e-23 
1.662000e+00 1.745339e-23 6.982693e-24 2.443608e-23 
1.664000e+00 1.740972e-23 6.964230e-24 2.437395e-23 
1.666000e+00 1.736545e-23 6.944847e-24 2.431030e-23 
1.668000e+00 1.731752e-23 6.923365e-24 2.424089e-23 
1.670000e+00 1.728073e-23 6.905958e-24 2.418668e-23 
1.672000e+00 1.722959e-23 6.888719e-24 2.411831e-23 
1.674000e+00 1.719016e-23 6.868334e-24 2.405849e-23 
1.676000e+00 1.714954e-23 6.847332e-24 2.399687e-23 
1.678000e+00 1.710491e-23 6.829803e-24 2.393471e-23 
1.680000e+00 1.705344e-23 6.808272e-24 2.386171e-23 
1.682000e+00 1.701425e-23 6.792200e-24 2.380645e-23 
1.684000e+00 1.697163e-23 6.769830e-24 2.374146e-23 
1.686000e+00 1.693157e-23 6.751681e-24 2.368325e-23 
1.688000e+00 1.688420e-23 6.731625e-24 2.361583e-23 
1.690000e+00 1.684318e-23 6.714686e-24 2.355786e-23 
1.692000e+00 1.679537e-23 6.694969e-24 2.349034e-23 
1.694000e+00 1.675335e-23 6.670974e-24 2.342432e-23 
1.696000e+00 1.671539e-23 6.657466e-24 2.337286e-23 
1.698000e+00 1.666778e-23 6.633986e-24 2.330177e-23 
1.700000e+00 1.663007e-23 6.614811e-24 2.324488e-23 
1.702000e+00 1.658301e-23 6.596357e-24 2.317937e-23 
1.704000e+00 1.654061e-23 6.579690e-24 2.312030e-23 
1.706000e+00 1.650019e-23 6.557543e-24 2.305774e-23 
1.708000e+00 1.645419e-23 6.539937e-24 2.299412e-23 
1.710000e+00 1.641035e-23 6.524361e-24 2.293471e-23 
1.712000e+00 1.637162e-23 6.505268e-24 2.287688e-23 
1.714000e+00 1.632023e-23 6.483937e-24 2.280417e-23 
1.716000e+00 1.628565e-23 6.468068e-24 2.275372e-23 
1.718000e+00 1.624088e-23 6.449219e-24 2.269010e-23 
1.720000e+00 1.619985e-23 6.434342e-24 2.263419e-23 
1.722000e+00 1.615069e-23 6.412278e-24 2.256297e-23 
1.724000e+00 1.610658e-23 6.394612e-24 2.250119e-23 
1.726000e+00 1.606379e-23 6.376888e-24 2.244068e-23 
1.728000e+00 1.629114e-23 6.358100e-24 2.264924e-23 
1.730000e+00 1.597867e-23 6.341007e-24 2.231967e-23 
1.732000e+00 1.594150e-23 6.319294e-24 2.226079e-23 
1.734000e+00 1.589772e-23 6.299488e-24 2.219721e-23 
1.736000e+00 1.585468e-23 6.283771e-24 2.213845e-23 
1.738000e+00 1.581336e-23 6.264637e-24 2.207800e-23 
1.740000e+00 1.576858e-23 6.247443e-24 2.201602e-23 
1.742000e+00 1.572023e-23 6.231302e-24 2.195153e-23 
1.744000e+00 1.567790e-23 6.215720e-24 2.189362e-23 
1.746000e+00 1.563215e-23 6.197835e-24 2.182998e-23 
1.748000e+00 1.559123e-23 6.178866e-24 2.177010e-23 
1.750000e+00 1.554817e-23 6.163918e-24 2.171209e-23 
1.752000e+00 1.550435e-23 6.148018e-24 2.165237e-23 
1.754000e+00 1.546020e-23 6.128687e-24 2.158889e-23 
1.756000e+00 1.541559e-23 6.116547e-24 2.153213e-23 
1.758000e+00 1.537150e-23 6.097310e-24 2.146881e-23 
1.760000e+00 1.533082e-23 6.081000e-24 2.141182e-23 
1.762000e+00 1.528626e-23 6.064351e-24 2.135061e-23 
1.764000e+00 1.524372e-23 6.043181e-24 2.128690e-23 
1.766000e+00 1.519891e-23 6.027523e-24 2.122644e-23 
1.768000e+00 1.515406e-23 6.010816e-24 2.116488e-23 
1.770000e+00 1.511029e-23 5.996019e-24 2.110631e-23 
1.772000e+00 1.506567e-23 5.978272e-24 2.104394e-23 
1.774000e+00 1.502225e-23 5.961037e-24 2.098328e-23 
1.776000e+00 1.496909e-23 5.946102e-24 2.091519e-23 
1.778000e+00 1.491992e-23 5.927411e-24 2.084733e-23 
1.780000e+00 1.487742e-23 5.911139e-24 2.078856e-23 
1.782000e+00 1.483429e-23 5.892597e-24 2.072688e-23 
1.784000e+00 1.478295e-23 5.880622e-24 2.066357e-23 
1.786000e+00 1.473251e-23 5.865020e-24 2.059753e-23 
1.788000e+00 1.468131e-23 5.846404e-24 2.052771e-23 
1.790000e+00 1.463862e-23 5.832104e-24 2.047072e-23 
1.792000e+00 1.459101e-23 5.819838e-24 2.041084e-23 
1.794000e+00 1.453442e-23 5.803200e-24 2.033762e-23 
1.796000e+00 1.449058e-23 5.784041e-24 2.027462e-23 
1.798000e+00 1.444932e-23 5.767872e-24 2.021719e-23 
1.800000e+00 1.439019e-23 5.756287e-24 2.014648e-23 
1.802000e+00 1.433709e-23 5.738797e-24 2.007589e-23 
1.804000e+00 1.428055e-23 5.720439e-24 2.000099e-23 
1.806000e+00 1.422896e-23 5.707927e-24 1.993689e-23 
1.808000e+00 1.416678e-23 5.691215e-24 1.985799e-23 
1.810000e+00 1.411390e-23 5.674893e-24 1.978879e-23 
1.812000e+00 1.404992e-23 5.662966e-24 1.971289e-23 
1.814000e+00 1.399603e-23 5.644278e-24 1.964031e-23 
1.816000e+00 1.391452e-23 5.626945e-24 1.954146e-23 
1.818000e+00 1.384797e-23 5.613804e-24 1.946177e-23 
1.820000e+00 1.377458e-23 5.597924e-24 1.937251e-23 
1.822000e+00 1.369397e-23 5.582734e-24 1.927671e-23 
1.824000e+00 1.359848e-23 5.567125e-24 1.916560e-23 
1.826000e+00 1.349060e-23 5.553249e-24 1.904385e-23 
1.828000e+00 1.339989e-23 5.537983e-24 1.893788e-23 
1.830000e+00 1.330145e-23 5.522382e-24 1.882383e-23 
1.832000e+00 1.320505e-23 5.509495e-24 1.871455e-23 
1.834000e+00 1.311973e-23 5.493111e-24 1.861284e-23 
1.836000e+00 1.302788e-23 5.479219e-24 1.850709e-23 
1.838000e+00 1.294864e-23 5.461290e-24 1.840993e-23 
1.840000e+00 1.290746e-23 5.449439e-24 1.835690e-23 
1.842000e+00 1.287989e-23 5.433512e-24 1.831341e-23 
1.844000e+00 1.285521e-23 5.419041e-24 1.827425e-23 
1.846000e+00 1.282204e-23 5.401409e-24 1.822345e-23 
1.848000e+00 1.285067e-23 5.392927e-24 1.824360e-23 
1.850000e+00 1.287316e-23 5.371685e-24 1.824484e-23 
1.852000e+00 1.290684e-23 5.360061e-24 1.826690e-23 
1.854000e+00 1.293604e-23 5.346445e-24 1.828249e-23 
1.856000e+00 1.298323e-23 5.328719e-24 1.831195e-23 
1.858000e+00 1.302165e-23 5.317266e-24 1.833891e-23 
1.860000e+00 1.306855e-23 5.301103e-24 1.836965e-23 
1.862000e+00 1.311364e-23 5.287404e-24 1.840104e-23 
1.864000e+00 1.312483e-23 5.269733e-24 1.839457e-23 
1.866000e+00 1.312915e-23 5.255533e-24 1.838468e-23 
1.868000e+00 1.313536e-23 5.242588e-24 1.837795e-23 
1.870000e+00 1.314417e-23 5.230315e-24 1.837448e-23 
1.872000e+00 1.314187e-23 5.216186e-24 1.835806e-23 
1.874000e+00 1.313530e-23 5.203336e-24 1.833863e-23 
1.876000e+00 1.313291e-23 5.187009e-24 1.831992e-23 
1.878000e+00 1.313055e-23 5.174072e-24 1.830462e-23 
1.880000e+00 1.312119e-23 5.163272e-24 1.828446e-23 
1.882000e+00 1.312270e-23 5.152489e-24 1.827519e-23 
1.884000e+00 1.311275e-23 5.139942e-24 1.825269e-23 
1.886000e+00 1.310461e-23 5.123784e-24 1.822840e-23 
1.888000e+00 1.309627e-23 5.110419e-24 1.820669e-23 
1.890000e+00 1.307760e-23 5.095473e-24 1.817308e-23 
1.892000e+00 1.306841e-23 5.083807e-24 1.815222e-23 
1.894000e+00 1.306155e-23 5.069372e-24 1.813092e-23 
1.896000e+00 1.304191e-23 5.054065e-24 1.809598e-23 
1.898000e+00 1.303652e-23 5.039608e-24 1.807613e-23 
1.900000e+00 1.301648e-23 5.027749e-24 1.804423e-23 
1.902000e+00 1.299824e-23 5.012467e-24 1.801071e-23 
1.904000e+00 1.297983e-23 5.002634e-24 1.798246e-23 
1.906000e+00 1.295789e-23 4.987214e-24 1.794510e-23 
1.908000e+00 1.295262e-23 4.973526e-24 1.792615e-23 
1.910000e+00 1.293457e-23 4.961470e-24 1.789604e-23 
1.912000e+00 1.292058e-23 4.949821e-24 1.787041e-23 
1.914000e+00 1.289975e-23 4.936482e-24 1.783624e-23 
1.916000e+00 1.288976e-23 4.921821e-24 1.781158e-23 
1.918000e+00 1.287168e-23 4.911060e-24 1.778274e-23 
1.920000e+00 1.285123e-23 4.899193e-24 1.775043e-23 
1.922000e+00 1.283367e-23 4.884507e-24 1.771817e-23 
1.924000e+00 1.281564e-23 4.869571e-24 1.768521e-23 
1.926000e+00 1.280179e-23 4.858956e-24 1.766074e-23 
1.928000e+00 1.277660e-23 4.847765e-24 1.762436e-23 
1.930000e+00 1.275909e-23 4.831757e-24 1.759085e-23 
1.932000e+00 1.273912e-23 4.822332e-24 1.756145e-23 
1.934000e+00 1.272370e-23 4.807503e-24 1.753120e-23 
1.936000e+00 1.270139e-23 4.794081e-24 1.749547e-23 
1.938000e+00 1.268452e-23 4.783285e-24 1.746781e-23 
1.940000e+00 1.266947e-23 4.768173e-24 1.743765e-23 
1.942000e+00 1.264116e-23 4.755137e-24 1.739630e-23 
1.944000e+00 1.262736e-23 4.743690e-24 1.737105e-23 
1.946000e+00 1.260930e-23 4.731107e-24 1.734041e-23 
1.948000e+00 1.258858e-23 4.715710e-24 1.730429e-23 
1.950000e+00 1.257008e-23 4.705634e-24 1.727572e-23 
1.952000e+00 1.254098e-23 4.692077e-24 1.723305e-23 
1.954000e+00 1.252156e-23 4.681689e-24 1.720325e-23 
1.956000e+00 1.250282e-23 4.665622e-24 1.716844e-23 
1.958000e+00 1.249162e-23 4.654043e-24 1.714566e-23 
1.960000e+00 1.246813e-23 4.645389e-24 1.711352e-23 
1.962000e+00 1.245017e-23 4.632269e-24 1.708244e-23 
1.964000e+00 1.243033e-23 4.621811e-24 1.705214e-23 
1.966000e+00 1.240987e-23 4.609718e-24 1.701958e-23 
1.968000e+00 1.239359e-23 4.595833e-24 1.698942e-23 
1.970000e+00 1.237199e-23 4.585638e-24 1.695763e-23 
1.972000e+00 1.234222e-23 4.571306e-24 1.691352e-23 
1.974000e+00 1.232043e-23 4.559489e-24 1.687992e-23 
1.976000e+00 1.230116e-23 4.552351e-24 1.685351e-23 
1.978000e+00 1.228266e-23 4.537077e-24 1.681974e-23 
1.980000e+00 1.226329e-23 4.525611e-24 1.678890e-23 
1.982000e+00 1.224283e-23 4.516204e-24 1.675904e-23 
1.984000e+00 1.221876e-23 4.500584e-24 1.671935e-23 
1.986000e+00 1.219602e-23 4.488305e-24 1.668433e-23 
1.988000e+00 1.217813e-23 4.479132e-24 1.665726e-23 
1.990000e+00 1.215353e-23 4.465310e-24 1.661884e-23 
1.992000e+00 1.213802e-23 4.452351e-24 1.659037e-23 
1.994000e+00 1.211711e-23 4.441860e-24 1.655897e-23 
1.996000e+00 1.209509e-23 4.429507e-24 1.652459e-23 
1.998000e+00 1.207257e-23 4.415575e-24 1.648814e-23 
2.000000e+00 1.205456e-23 4.408130e-24 1.646269e-23 
2.002000e+00 1.202877e-23 4.394142e-24 1.642291e-23 
2.004000e+00 1.201048e-23 4.385699e-24 1.639618e-23 
2.006000e+00 1.198869e-23 4.374435e-24 1.636312e-23 
2.008000e+00 1.196729e-23 4.367098e-24 1.633439e-23 
2.010000e+00 1.194524e-23 4.354133e-24 1.629937e-23 
2.012000e+00 1.192439e-23 4.344039e-24 1.626842e-23 
2.014000e+00 1.190263e-23 4.333239e-24 1.623587e-23 
2.016000e+00 1.188213e-23 4.320287e-24 1.620242e-23 
2.018000e+00 1.185974e-23 4.308784e-24 1.616852e-23 
2.020000e+00 1.184081e-23 4.300536e-24 1.614135e-23 
2.022000e+00 1.181663e-23 4.289474e-24 1.610611e-23 
2.024000e+00 1.179567e-23 4.278502e-24 1.607417e-23 
2.026000e+00 1.176730e-23 4.268361e-24 1.603566e-23 
2.028000e+00 1.174852e-23 4.256987e-24 1.600551e-23 
2.030000e+00 1.173274e-23 4.246243e-24 1.597898e-23 
2.032000e+00 1.170941e-23 4.234021e-24 1.594343e-23 
2.034000e+00 1.169198e-23 4.224029e-24 1.591600e-23 
2.036000e+00 1.167255e-23 4.207190e-24 1.587975e-23 
2.038000e+00 1.164374e-23 4.197960e-24 1.584170e-23 
2.040000e+00 1.163415e-23 4.187161e-24 1.582131e-23 
2.042000e+00 1.161047e-23 4.178251e-24 1.578872e-23 
2.044000e+00 1.159094e-23 4.170889e-24 1.576183e-23 
2.046000e+00 1.156727e-23 4.157174e-24 1.572444e-23 
2.048000e+00 1.154572e-23 4.148951e-24 1.569467e-23 
2.050000e+00 1.152150e-23 4.134366e-24 1.565587e-23 
2.052000e+00 1.149975e-23 4.125059e-24 1.562481e-23 
2.054000e+00 1.148467e-23 4.112808e-24 1.559747e-23 
2.056000e+00 1.146208e-23 4.103006e-24 1.556509e-23 
2.058000e+00 1.143857e-23 4.095143e-24 1.553371e-23 
2.060000e+00 1.141545e-23 4.083759e-24 1.549921e-23 
2.062000e+00 1.139308e-23 4.076020e-24 1.546910e-23 
2.064000e+00 1.137962e-23 4.060457e-24 1.544008e-23 
2.066000e+00 1.135683e-23 4.051555e-24 1.540838e-23 
2.068000e+00 1.133226e-23 4.039449e-24 1.537171e-23 
2.070000e+00 1.131986e-23 4.033392e-24 1.535326e-23 
2.072000e+00 1.129095e-23 4.021886e-24 1.531283e-23 
2.074000e+00 1.181777e-23 4.096362e-24 1.591413e-23 
2.076000e+00 1.125527e-23 4.086500e-24 1.534177e-23 
2.078000e+00 1.123299e-23 3.988911e-24 1.522190e-23 
2.080000e+00 1.121728e-23 3.980867e-24 1.519815e-23 
2.082000e+00 1.119289e-23 3.970483e-24 1.516337e-23 
2.084000e+00 1.116923e-23 3.958565e-24 1.512779e-23 
2.086000e+00 1.114185e-23 3.949703e-24 1.509155e-23 
2.088000e+00 1.112552e-23 3.937736e-24 1.506326e-23 
2.090000e+00 1.110843e-23 3.932111e-24 1.504055e-23 
2.092000e+00 1.108242e-23 3.917762e-24 1.500018e-23 
2.094000e+00 1.106921e-23 3.912609e-24 1.498182e-23 
2.096000e+00 1.104268e-23 3.898831e-24 1.494151e-23 
2.098000e+00 1.102776e-23 3.893146e-24 1.492090e-23 
2.100000e+00 1.100648e-23 3.881813e-24 1.488829e-23 
2.102000e+00 1.098775e-23 3.877280e-24 1.486503e-23 
2.104000e+00 1.096185e-23 3.864555e-24 1.482641e-23 
2.106000e+00 1.093661e-23 3.858700e-24 1.479531e-23 
2.108000e+00 1.091804e-23 3.844648e-24 1.476269e-23 
2.110000e+00 1.089711e-23 3.837671e-24 1.473479e-23 
2.112000e+00 1.088160e-23 3.826643e-24 1.470825e-23 
2.114000e+00 1.086011e-23 3.818022e-24 1.467813e-23 
2.116000e+00 1.084061e-23 3.806186e-24 1.464680e-23 
2.118000e+00 1.081338e-23 3.799749e-24 1.461313e-23 
2.120000e+00 1.080005e-23 3.788177e-24 1.458823e-23 
2.122000e+00 1.077813e-23 3.782837e-24 1.456096e-23 
2.124000e+00 1.075835e-23 3.770486e-24 1.452883e-23 
2.126000e+00 1.073524e-23 3.762302e-24 1.449755e-23 
2.128000e+00 1.071949e-23 3.752449e-24 1.447194e-23 
2.130000e+00 1.069604e-23 3.742498e-24 1.443854e-23 
2.132000e+00 1.068062e-23 3.734665e-24 1.441528e-23 
2.134000e+00 1.065187e-23 3.725268e-24 1.437714e-23 
2.136000e+00 1.063912e-23 3.711457e-24 1.435058e-23 
2.138000e+00 1.062012e-23 3.705118e-24 1.432524e-23 
2.140000e+00 1.060209e-23 3.700453e-24 1.430254e-23 
2.142000e+00 1.057563e-23 3.686575e-24 1.426221e-23 
2.144000e+00 1.055913e-23 3.681422e-24 1.424055e-23 
2.146000e+00 1.054311e-23 3.671036e-24 1.421415e-23 
2.148000e+00 1.051993e-23 3.659705e-24 1.417963e-23 
2.150000e+00 1.050382e-23 3.652370e-24 1.415619e-23 
2.152000e+00 1.047550e-23 3.644678e-24 1.412018e-23 
2.154000e+00 1.045983e-23 3.632161e-24 1.409199e-23 
2.156000e+00 1.044485e-23 3.627570e-24 1.407242e-23 
2.158000e+00 1.041548e-23 3.619393e-24 1.403487e-23 
2.160000e+00 1.040064e-23 3.607754e-24 1.400840e-23 
2.162000e+00 1.038052e-23 3.598373e-24 1.397890e-23 
2.164000e+00 1.036154e-23 3.593495e-24 1.395504e-23 
2.166000e+00 1.034166e-23 3.585738e-24 1.392740e-23 
2.168000e+00 1.031892e-23 3.571434e-24 1.389035e-23 
2.170000e+00 1.030377e-23 3.563115e-24 1.386688e-23 
2.172000e+00 1.028692e-23 3.557291e-24 1.384422e-23 
2.174000e+00 1.027005e-23 3.545222e-24 1.381527e-23 
2.176000e+00 1.025039e-23 3.537278e-24 1.378767e-23 
2.178000e+00 1.022644e-23 3.529532e-24 1.375597e-23 
2.180000e+00 1.020975e-23 3.525594e-24 1.373534e-23 
2.182000e+00 1.018653e-23 3.511745e-24 1.369828e-23 
2.184000e+00 1.016645e-23 3.502026e-24 1.366848e-23 
2.186000e+00 1.015412e-23 3.495805e-24 1.364992e-23 
2.188000e+00 1.013474e-23 3.486979e-24 1.362172e-23 
2.190000e+00 1.011033e-23 3.476152e-24 1.358648e-23 
2.192000e+00 1.008799e-23 3.467458e-24 1.355545e-23 
2.194000e+00 1.007219e-23 3.462148e-24 1.353434e-23 
2.196000e+00 1.005311e-23 3.452567e-24 1.350568e-23 
2.198000e+00 1.003587e-23 3.445984e-24 1.348185e-23 
2.200000e+00 1.001742e-23 3.434668e-24 1.345208e-23 
2.202000e+00 9.995216e-24 3.430842e-24 1.342606e-23 
2.204000e+00 9.974633e-24 3.421505e-24 1.339614e-23 
2.206000e+00 9.954014e-24 3.414524e-24 1.336854e-23 
2.208000e+00 9.937403e-24 3.402528e-24 1.333993e-23 
2.210000e+00 9.914518e-24 3.395206e-24 1.330972e-23 
2.212000e+00 9.900649e-24 3.383196e-24 1.328385e-23 
2.214000e+00 9.879796e-24 3.383570e-24 1.326337e-23 
2.216000e+00 9.860652e-24 3.377906e-24 1.323856e-23 
2.218000e+00 9.844137e-24 3.370454e-24 1.321459e-23 
2.220000e+00 9.828317e-24 3.355832e-24 1.318415e-23 
2.222000e+00 9.805072e-24 3.347780e-24 1.315285e-23 
2.224000e+00 9.787149e-24 3.340530e-24 1.312768e-23 
2.226000e+00 9.766283e-24 3.332438e-24 1.309872e-23 
2.228000e+00 9.750888e-24 3.320003e-24 1.307089e-23 
2.230000e+00 9.730250e-24 3.310859e-24 1.304111e-23 
2.232000e+00 9.713889e-24 3.302246e-24 1.301614e-23 
2.234000e+00 9.692256e-24 3.297389e-24 1.298965e-23 
2.236000e+00 9.683910e-24 3.286677e-24 1.297059e-23 
2.238000e+00 9.666910e-24 3.280105e-24 1.294701e-23 
2.240000e+00 9.648216e-24 3.276006e-24 1.292422e-23 
2.242000e+00 9.623235e-24 3.266322e-24 1.288956e-23 
2.244000e+00 9.605107e-24 3.256080e-24 1.286119e-23 
2.246000e+00 9.586273e-24 3.248566e-24 1.283484e-23 
2.248000e+00 9.570265e-24 3.243046e-24 1.281331e-23 
2.250000e+00 9.548074e-24 3.233219e-24 1.278129e-23 
2.252000e+00 9.526536e-24 3.225518e-24 1.275205e-23 
2.254000e+00 9.507970e-24 3.219164e-24 1.272713e-23 
2.256000e+00 9.491413e-24 3.211808e-24 1.270322e-23 
2.258000e+00 9.469804e-24 3.204974e-24 1.267478e-23 
2.260000e+00 9.451378e-24 3.195656e-24 1.264703e-23 
2.262000e+00 9.443387e-24 3.188757e-24 1.263214e-23 
2.264000e+00 9.423766e-24 3.180886e-24 1.260465e-23 
2.266000e+00 9.400883e-24 3.172962e-24 1.257385e-23 
2.268000e+00 9.384222e-24 3.163965e-24 1.254819e-23 
2.270000e+00 9.361396e-24 3.158067e-24 1.251946e-23 
2.272000e+00 9.343271e-24 3.147300e-24 1.249057e-23 
2.274000e+00 9.332338e-24 3.140961e-24 1.247330e-23 
2.276000e+00 9.316761e-24 3.133390e-24 1.245015e-23 
2.278000e+00 9.293516e-24 3.128789e-24 1.242230e-23 
2.280000e+00 9.272936e-24 3.121261e-24 1.239420e-23 
2.282000e+00 9.263867e-24 3.114342e-24 1.237821e-23 
2.284000e+00 9.240196e-24 3.105694e-24 1.234589e-23 
2.286000e+00 9.229536e-24 3.098699e-24 1.232824e-23 
2.288000e+00 9.207880e-24 3.089392e-24 1.229727e-23 
2.290000e+00 9.190244e-24 3.081455e-24 1.227170e-23 
2.292000e+00 9.176814e-24 3.072034e-24 1.224885e-23 
2.294000e+00 9.158481e-24 3.068944e-24 1.222743e-23 
2.296000e+00 9.139299e-24 3.060578e-24 1.219988e-23 
2.298000e+00 9.115195e-24 3.052829e-24 1.216802e-23 
2.300000e+00 9.103698e-24 3.046996e-24 1.215069e-23 
2.302000e+00 9.082408e-24 3.040882e-24 1.212329e-23 
2.304000e+00 9.062637e-24 3.033471e-24 1.209611e-23 
2.306000e+00 9.053699e-24 3.022976e-24 1.207667e-23 
2.308000e+00 9.029479e-24 3.020358e-24 1.204984e-23 
2.310000e+00 9.021181e-24 3.011880e-24 1.203306e-23 
2.312000e+00 9.000737e-24 3.004089e-24 1.200483e-23 
2.314000e+00 8.985515e-24 2.997040e-24 1.198256e-23 
2.316000e+00 8.966993e-24 2.989700e-24 1.195669e-23 
2.318000e+00 8.951741e-24 2.981484e-24 1.193322e-23 
2.320000e+00 8.933966e-24 2.975347e-24 1.190931e-23 
2.322000e+00 8.913688e-24 2.970478e-24 1.188417e-23 
2.324000e+00 8.900650e-24 2.961271e-24 1.186192e-23 
2.326000e+00 8.878171e-24 2.952607e-24 1.183078e-23 
2.328000e+00 8.861391e-24 2.949805e-24 1.181120e-23 
2.330000e+00 8.847034e-24 2.941288e-24 1.178832e-23 
2.332000e+00 8.824852e-24 2.935193e-24 1.176004e-23 
2.334000e+00 8.808598e-24 2.929771e-24 1.173837e-23 
2.336000e+00 8.794558e-24 2.918592e-24 1.171315e-23 
2.338000e+00 8.771422e-24 2.912949e-24 1.168437e-23 
2.340000e+00 8.761070e-24 2.907371e-24 1.166844e-23 
2.342000e+00 8.750261e-24 2.898967e-24 1.164923e-23 
2.344000e+00 8.728135e-24 2.891368e-24 1.161950e-23 
2.346000e+00 8.715158e-24 2.887909e-24 1.160307e-23 
2.348000e+00 8.700571e-24 2.877983e-24 1.157855e-23 
2.350000e+00 8.679550e-24 2.873261e-24 1.155281e-23 
2.352000e+00 8.667722e-24 2.866874e-24 1.153460e-23 
2.354000e+00 8.659679e-24 2.860089e-24 1.151977e-23 
2.356000e+00 8.631221e-24 2.853153e-24 1.148437e-23 
2.358000e+00 8.622361e-24 2.846334e-24 1.146870e-23 
2.360000e+00 8.600092e-24 2.841016e-24 1.144111e-23 
2.362000e+00 8.585956e-24 2.836807e-24 1.142276e-23 
2.364000e+00 8.567242e-24 2.827098e-24 1.139434e-23 
2.366000e+00 8.553023e-24 2.823998e-24 1.137702e-23 
2.368000e+00 8.534800e-24 2.814119e-24 1.134892e-23 
2.370000e+00 8.515249e-24 2.810938e-24 1.132619e-23 
2.372000e+00 8.496681e-24 2.802961e-24 1.129964e-23 
2.374000e+00 8.485784e-24 2.797245e-24 1.128303e-23 
2.376000e+00 8.473249e-24 2.791627e-24 1.126488e-23 
2.378000e+00 8.459101e-24 2.783834e-24 1.124293e-23 
2.380000e+00 8.436235e-24 2.775857e-24 1.121209e-23 
2.382000e+00 8.427153e-24 2.774172e-24 1.120133e-23 
2.384000e+00 8.410471e-24 2.764239e-24 1.117471e-23 
2.386000e+00 8.390261e-24 2.759504e-24 1.114976e-23 
2.388000e+00 8.377445e-24 2.751416e-24 1.112886e-23 
2.390000e+00 8.355043e-24 2.746285e-24 1.110133e-23 
2.392000e+00 8.338074e-24 2.736081e-24 1.107416e-23 
2.394000e+00 8.325636e-24 2.735192e-24 1.106083e-23 
2.396000e+00 8.305622e-24 2.723351e-24 1.102897e-23 
2.398000e+00 8.292211e-24 2.721987e-24 1.101420e-23 
2.400000e+00 8.279063e-24 2.717070e-24 1.099613e-23 
2.402000e+00 8.263747e-24 2.707061e-24 1.097081e-23 
2.404000e+00 8.251275e-24 2.703357e-24 1.095463e-23 
2.406000e+00 8.231898e-24 2.695052e-24 1.092695e-23 
2.408000e+00 8.214697e-24 2.690077e-24 1.090477e-23 
2.410000e+00 8.200554e-24 2.686725e-24 1.088728e-23 
2.412000e+00 8.185487e-24 2.680285e-24 1.086577e-23 
2.414000e+00 8.175375e-24 2.673399e-24 1.084877e-23 
2.416000e+00 8.151582e-24 2.667713e-24 1.081930e-23 
2.418000e+00 8.136085e-24 2.661266e-24 1.079735e-23 
2.420000e+00 8.124072e-24 2.653613e-24 1.077769e-23 
2.422000e+00 8.113666e-24 2.649323e-24 1.076299e-23 
2.424000e+00 8.096141e-24 2.642165e-24 1.073831e-23 
2.426000e+00 8.076705e-24 2.638978e-24 1.071568e-23 
2.428000e+00 8.061167e-24 2.630277e-24 1.069144e-23 
2.430000e+00 8.044019e-24 2.625374e-24 1.066939e-23 
2.432000e+00 8.031238e-24 2.620796e-24 1.065203e-23 
2.434000e+00 8.021806e-24 2.609406e-24 1.063121e-23 
2.436000e+00 8.006355e-24 2.605580e-24 1.061194e-23 
2.438000e+00 7.991415e-24 2.603708e-24 1.059512e-23 
2.440000e+00 7.976505e-24 2.592999e-24 1.056950e-23 
2.442000e+00 7.961929e-24 2.586862e-24 1.054879e-23 
2.444000e+00 7.949811e-24 2.583099e-24 1.053291e-23 
2.446000e+00 7.936863e-24 2.576591e-24 1.051345e-23 
2.448000e+00 7.910376e-24 2.571236e-24 1.048161e-23 
2.450000e+00 7.898539e-24 2.566599e-24 1.046514e-23 
2.452000e+00 7.882490e-24 2.556069e-24 1.043856e-23 
2.454000e+00 7.869271e-24 2.553542e-24 1.042281e-23 
2.456000e+00 7.856351e-24 2.548743e-24 1.040509e-23 
2.458000e+00 7.840691e-24 2.540055e-24 1.038075e-23 
2.460000e+00 7.827548e-24 2.534489e-24 1.036204e-23 
2.462000e+00 7.812410e-24 2.530684e-24 1.034309e-23 
2.464000e+00 7.799961e-24 2.526637e-24 1.032660e-23 
2.466000e+00 7.782082e-24 2.519356e-24 1.030144e-23 
2.468000e+00 7.768746e-24 2.512201e-24 1.028095e-23 
2.470000e+00 7.753187e-24 2.506334e-24 1.025952e-23 
2.472000e+00 7.740239e-24 2.501684e-24 1.024192e-23 
2.474000e+00 7.724855e-24 2.496105e-24 1.022096e-23 
2.476000e+00 7.699856e-24 2.495150e-24 1.019501e-23 
2.478000e+00 7.684883e-24 2.488358e-24 1.017324e-23 
2.480000e+00 7.672238e-24 2.482797e-24 1.015504e-23 
2.482000e+00 7.661947e-24 2.475362e-24 1.013731e-23 
2.484000e+00 7.643292e-24 2.469168e-24 1.011246e-23 
2.486000e+00 7.639089e-24 2.463003e-24 1.010209e-23 
2.488000e+00 7.623023e-24 2.456309e-24 1.007933e-23 
2.490000e+00 7.609310e-24 2.452609e-24 1.006192e-23 
2.492000e+00 7.593584e-24 2.446452e-24 1.004004e-23 
2.494000e+00 7.579286e-24 2.442021e-24 1.002131e-23 
2.496000e+00 7.565116e-24 2.434947e-24 1.000006e-23 
2.498000e+00 7.545439e-24 2.428400e-24 9.973839e-24 
2.500000e+00 7.535560e-24 2.424499e-24 9.960058e-24 
2.502000e+00 7.516709e-24 2.420009e-24 9.936718e-24 
2.504000e+00 7.506180e-24 2.414963e-24 9.921144e-24 
2.506000e+00 7.492807e-24 2.407050e-24 9.899857e-24 
2.508000e+00 7.484532e-24 2.401633e-24 9.886165e-24 
2.510000e+00 7.468229e-24 2.399057e-24 9.867286e-24 
2.512000e+00 7.453602e-24 2.391771e-24 9.845372e-24 
2.514000e+00 7.434592e-24 2.385591e-24 9.820183e-24 
2.516000e+00 7.421780e-24 2.382935e-24 9.804714e-24 
2.518000e+00 7.406300e-24 2.377762e-24 9.784061e-24 
2.520000e+00 7.393743e-24 2.371517e-24 9.765260e-24 
2.522000e+00 7.382172e-24 2.367335e-24 9.749507e-24 
2.524000e+00 7.373369e-24 2.359259e-24 9.732628e-24 
2.526000e+00 7.357229e-24 2.354038e-24 9.711266e-24 
2.528000e+00 7.342049e-24 2.350972e-24 9.693021e-24 
2.530000e+00 7.328378e-24 2.345317e-24 9.673695e-24 
2.532000e+00 7.317771e-24 2.339425e-24 9.657195e-24 
2.534000e+00 7.305029e-24 2.335085e-24 9.640114e-24 
2.536000e+00 7.289441e-24 2.329095e-24 9.618535e-24 
2.538000e+00 7.270194e-24 2.325078e-24 9.595272e-24 
2.540000e+00 7.257228e-24 2.322448e-24 9.579676e-24 
2.542000e+00 7.244029e-24 2.315587e-24 9.559616e-24 
2.544000e+00 7.233623e-24 2.309854e-24 9.543477e-24 
2.546000e+00 7.218793e-24 2.304923e-24 9.523716e-24 
2.548000e+00 7.204646e-24 2.300198e-24 9.504844e-24 
2.550000e+00 7.197955e-24 2.295487e-24 9.493441e-24 
2.552000e+00 7.182698e-24 2.292116e-24 9.474813e-24 
2.554000e+00 7.162927e-24 2.285041e-24 9.447968e-24 
2.556000e+00 7.157233e-24 2.281951e-24 9.439183e-24 
2.558000e+00 7.143654e-24 2.276435e-24 9.420089e-24 
2.560000e+00 7.127444e-24 2.270327e-24 9.397772e-24 
2.562000e+00 7.121257e-24 2.265388e-24 9.386644e-24 
2.564000e+00 7.101420e-24 2.257340e-24 9.358760e-24 
2.566000e+00 7.088056e-24 2.251815e-24 9.339871e-24 
2.568000e+00 7.071004e-24 2.246934e-24 9.317938e-24 
2.570000e+00 7.061255e-24 2.240443e-24 9.301699e-24 
2.572000e+00 7.052310e-24 2.236527e-24 9.288838e-24 
2.574000e+00 7.035781e-24 2.234268e-24 9.270049e-24 
2.576000e+00 7.021744e-24 2.231046e-24 9.252791e-24 
2.578000e+00 7.008040e-24 2.226946e-24 9.234986e-24 
2.580000e+00 6.991690e-24 2.221601e-24 9.213292e-24 
2.582000e+00 6.979249e-24 2.216309e-24 9.195558e-24 
2.584000e+00 6.962861e-24 2.210169e-24 9.173030e-24 
2.586000e+00 6.961777e-24 2.207200e-24 9.168977e-24 
2.588000e+00 6.935854e-24 2.201648e-24 9.137502e-24 
2.590000e+00 6.919305e-24 2.196657e-24 9.115962e-24 
2.592000e+00 7.045256e-24 2.190714e-24 9.235970e-24 
2.594000e+00 7.032043e-24 2.187658e-24 9.219700e-24 
2.596000e+00 6.886896e-24 2.182438e-24 9.069334e-24 
2.598000e+00 6.869305e-24 2.179365e-24 9.048670e-24 
2.600000e+00 6.858639e-24 2.176807e-24 9.035446e-24 
2.602000e+00 6.844083e-24 2.171115e-24 9.015197e-24 
2.604000e+00 6.830050e-24 2.165084e-24 8.995134e-24 
2.606000e+00 6.825466e-24 2.159981e-24 8.985447e-24 
2.608000e+00 6.804068e-24 2.152486e-24 8.956555e-24 
2.610000e+00 6.801683e-24 2.150113e-24 8.951795e-24 
2.612000e+00 6.788706e-24 2.143014e-24 8.931720e-24 
2.614000e+00 6.777050e-24 2.141313e-24 8.918363e-24 
2.616000e+00 6.761060e-24 2.134420e-24 8.895481e-24 
2.618000e+00 6.754275e-24 2.133526e-24 8.887801e-24 
2.620000e+00 6.739761e-24 2.129807e-24 8.869568e-24 
2.622000e+00 6.726230e-24 2.122976e-24 8.849206e-24 
2.624000e+00 6.712451e-24 2.119495e-24 8.831946e-24 
2.626000e+00 6.692495e-24 2.112614e-24 8.805109e-24 
2.628000e+00 6.688538e-24 2.109422e-24 8.797960e-24 
2.630000e+00 6.673447e-24 2.104258e-24 8.777705e-24 
2.632000e+00 6.661502e-24 2.099039e-24 8.760541e-24 
2.634000e+00 6.648015e-24 2.098339e-24 8.746355e-24 
2.636000e+00 6.631540e-24 2.092795e-24 8.724335e-24 
2.638000e+00 6.626513e-24 2.085176e-24 8.711689e-24 
2.640000e+00 6.613334e-24 2.081970e-24 8.695304e-24 
2.642000e+00 6.595515e-24 2.076961e-24 8.672475e-24 
2.644000e+00 6.592092e-24 2.075086e-24 8.667179e-24 
2.646000e+00 6.574460e-24 2.072567e-24 8.647027e-24 
2.648000e+00 6.565071e-24 2.065094e-24 8.630165e-24 
2.650000e+00 6.558701e-24 2.061192e-24 8.619893e-24 
2.652000e+00 6.539426e-24 2.055423e-24 8.594849e-24 
2.654000e+00 6.533580e-24 2.053680e-24 8.587259e-24 
2.656000e+00 6.513384e-24 2.048868e-24 8.562252e-24 
2.658000e+00 6.508482e-24 2.044820e-24 8.553301e-24 
2.660000e+00 6.493535e-24 2.037875e-24 8.531410e-24 
2.662000e+00 6.482136e-24 2.034987e-24 8.517123e-24 
2.664000e+00 6.471223e-24 2.032729e-24 8.503952e-24 
2.666000e+00 6.459082e-24 2.025753e-24 8.484835e-24 
2.668000e+00 6.441761e-24 2.022063e-24 8.463824e-24 
2.670000e+00 6.435984e-24 2.015889e-24 8.451873e-24 
2.672000e+00 6.419404e-24 2.009574e-24 8.428977e-24 
2.674000e+00 6.406532e-24 2.007869e-24 8.414401e-24 
2.676000e+00 6.392834e-24 2.005198e-24 8.398032e-24 
2.678000e+00 6.382644e-24 1.999797e-24 8.382441e-24 
2.680000e+00 6.374842e-24 1.995363e-24 8.370204e-24 
2.682000e+00 6.361895e-24 1.990553e-24 8.352447e-24 
2.684000e+00 6.349867e-24 1.988908e-24 8.338776e-24 
2.686000e+00 6.340370e-24 1.982577e-24 8.322947e-24 
2.688000e+00 6.324374e-24 1.978087e-24 8.302460e-24 
2.690000e+00 6.319211e-24 1.972470e-24 8.291681e-24 
2.692000e+00 6.298560e-24 1.969670e-24 8.268229e-24 
2.694000e+00 6.292493e-24 1.966908e-24 8.259400e-24 
2.696000e+00 6.280214e-24 1.960956e-24 8.241170e-24 
2.698000e+00 6.265683e-24 1.958943e-24 8.224625e-24 
2.700000e+00 6.255039e-24 1.953117e-24 8.208156e-24 
2.702000e+00 6.247828e-24 1.949606e-24 8.197434e-24 
2.704000e+00 6.228134e-24 1.947948e-24 8.176082e-24 
2.706000e+00 6.226768e-24 1.942275e-24 8.169043e-24 
2.708000e+00 6.214646e-24 1.938432e-24 8.153078e-24 
2.710000e+00 6.203748e-24 1.933812e-24 8.137560e-24 
2.712000e+00 6.187800e-24 1.930395e-24 8.118196e-24 
2.714000e+00 6.175809e-24 1.925383e-24 8.101192e-24 
2.716000e+00 6.172906e-24 1.921826e-24 8.094732e-24 
2.718000e+00 6.159585e-24 1.918990e-24 8.078575e-24 
2.720000e+00 6.156199e-24 1.915227e-24 8.071427e-24 
2.722000e+00 6.135284e-24 1.910944e-24 8.046228e-24 
2.724000e+00 6.130586e-24 1.906658e-24 8.037244e-24 
2.726000e+00 6.117217e-24 1.903635e-24 8.020852e-24 
2.728000e+00 6.097647e-24 1.901088e-24 7.998735e-24 
2.730000e+00 6.090802e-24 1.895002e-24 7.985804e-24 
2.732000e+00 6.081608e-24 1.890246e-24 7.971854e-24 
2.734000e+00 6.075891e-24 1.888646e-24 7.964538e-24 
2.736000e+00 6.059348e-24 1.883434e-24 7.942783e-24 
2.738000e+00 6.048203e-24 1.878121e-24 7.926324e-24 
2.740000e+00 6.038684e-24 1.876500e-24 7.915183e-24 
2.742000e+00 6.029501e-24 1.870941e-24 7.900442e-24 
2.744000e+00 6.021577e-24 1.867857e-24 7.889434e-24 
2.746000e+00 6.005793e-24 1.864970e-24 7.870763e-24 
2.748000e+00 5.996289e-24 1.859231e-24 7.855520e-24 
2.750000e+00 5.985005e-24 1.852588e-24 7.837593e-24 
2.752000e+00 5.968199e-24 1.852233e-24 7.820432e-24 
2.754000e+00 5.960719e-24 1.849887e-24 7.810605e-24 
2.756000e+00 5.951530e-24 1.845835e-24 7.797365e-24 
2.758000e+00 5.937621e-24 1.840661e-24 7.778282e-24 
2.760000e+00 5.931637e-24 1.836474e-24 7.768112e-24 
2.762000e+00 5.915747e-24 1.833301e-24 7.749048e-24 
2.764000e+00 5.907895e-24 1.826876e-24 7.734771e-24 
2.766000e+00 5.896153e-24 1.825942e-24 7.722095e-24 
2.768000e+00 5.886998e-24 1.822359e-24 7.709358e-24 
2.770000e+00 5.879762e-24 1.820443e-24 7.700204e-24 
2.772000e+00 5.871457e-24 1.814229e-24 7.685686e-24 
2.774000e+00 5.862064e-24 1.808389e-24 7.670453e-24 
2.776000e+00 5.842644e-24 1.806019e-24 7.648663e-24 
2.778000e+00 5.833635e-24 1.802698e-24 7.636333e-24 
2.780000e+00 5.821910e-24 1.798823e-24 7.620733e-24 
2.782000e+00 5.814534e-24 1.796360e-24 7.610895e-24 
2.784000e+00 5.803452e-24 1.795204e-24 7.598656e-24 
2.786000e+00 5.797403e-24 1.788921e-24 7.586324e-24 
2.788000e+00 5.787745e-24 1.788018e-24 7.575763e-24 
2.790000e+00 5.778930e-24 1.782057e-24 7.560987e-24 
2.792000e+00 5.756727e-24 1.779078e-24 7.535805e-24 
2.794000e+00 5.751102e-24 1.773771e-24 7.524873e-24 
2.796000e+00 5.738219e-24 1.771458e-24 7.509677e-24 
2.798000e+00 5.731986e-24 1.768188e-24 7.500174e-24 
2.800000e+00 5.724148e-24 1.762184e-24 7.486331e-24 
2.802000e+00 5.712340e-24 1.762089e-24 7.474430e-24 
2.804000e+00 5.700093e-24 1.755183e-24 7.455275e-24 
2.806000e+00 5.692535e-24 1.752713e-24 7.445248e-24 
2.808000e+00 5.684414e-24 1.747946e-24 7.432359e-24 
2.810000e+00 5.666122e-24 1.745350e-24 7.411472e-24 
2.812000e+00 5.659216e-24 1.744276e-24 7.403492e-24 
2.814000e+00 5.649215e-24 1.737783e-24 7.386998e-24 
2.816000e+00 5.637171e-24 1.736360e-24 7.373531e-24 
2.818000e+00 5.628248e-24 1.730559e-24 7.358807e-24 
2.820000e+00 5.623417e-24 1.727793e-24 7.351211e-24 
2.822000e+00 5.612194e-24 1.732518e-24 7.344713e-24 
2.824000e+00 5.600964e-24 1.731765e-24 7.332729e-24 
2.826000e+00 5.589399e-24 1.716230e-24 7.305629e-24 
2.828000e+00 5.584343e-24 1.714282e-24 7.298625e-24 
2.830000e+00 5.559665e-24 1.709677e-24 7.269342e-24 
2.832000e+00 5.556872e-24 1.708027e-24 7.264898e-24 
2.834000e+00 5.545431e-24 1.701796e-24 7.247227e-24 
2.836000e+00 5.533515e-24 1.700826e-24 7.234341e-24 
2.838000e+00 5.525000e-24 1.698638e-24 7.223638e-24 
2.840000e+00 5.518913e-24 1.693543e-24 7.212456e-24 
2.842000e+00 5.505883e-24 1.691329e-24 7.197213e-24 
2.844000e+00 5.494623e-24 1.686700e-24 7.181323e-24 
2.846000e+00 5.486220e-24 1.684234e-24 7.170454e-24 
2.848000e+00 5.477042e-24 1.678195e-24 7.155237e-24 
2.850000e+00 5.467438e-24 1.676722e-24 7.144160e-24 
2.852000e+00 5.462899e-24 1.671060e-24 7.133960e-24 
2.854000e+00 5.449176e-24 1.669126e-24 7.118302e-24 
2.856000e+00 5.434815e-24 1.664517e-24 7.099333e-24 
2.858000e+00 5.426131e-24 1.661749e-24 7.087881e-24 
2.860000e+00 5.417055e-24 1.658672e-24 7.075726e-24 
2.862000e+00 5.409014e-24 1.658234e-24 7.067249e-24 
2.864000e+00 5.398102e-24 1.652205e-24 7.050307e-24 
2.866000e+00 5.387686e-24 1.648997e-24 7.036683e-24 
2.868000e+00 5.375888e-24 1.647259e-24 7.023146e-24 
2.870000e+00 5.369253e-24 1.643132e-24 7.012385e-24 
2.872000e+00 5.358631e-24 1.640452e-24 6.999083e-24 
2.874000e+00 5.357231e-24 1.635922e-24 6.993153e-24 
2.876000e+00 5.345863e-24 1.634624e-24 6.980487e-24 
2.878000e+00 5.334501e-24 1.627793e-24 6.962294e-24 
2.880000e+00 5.327751e-24 1.625416e-24 6.953167e-24 
2.882000e+00 5.319813e-24 1.620680e-24 6.940493e-24 
2.884000e+00 5.307003e-24 1.618836e-24 6.925839e-24 
2.886000e+00 5.296080e-24 1.617710e-24 6.913790e-24 
2.888000e+00 5.287066e-24 1.610862e-24 6.897928e-24 
2.890000e+00 5.274048e-24 1.608454e-24 6.882502e-24 
2.892000e+00 5.271510e-24 1.607444e-24 6.878954e-24 
2.894000e+00 5.266228e-24 1.602627e-24 6.868856e-24 
2.896000e+00 5.253475e-24 1.601535e-24 6.855011e-24 
2.898000e+00 5.241154e-24 1.599939e-24 6.841093e-24 
2.900000e+00 5.232195e-24 1.593605e-24 6.825800e-24 
2.902000e+00 5.224941e-24 1.591980e-24 6.816922e-24 
2.904000e+00 5.215155e-24 1.590839e-24 6.805994e-24 
2.906000e+00 5.204696e-24 1.584791e-24 6.789487e-24 
2.908000e+00 5.199472e-24 1.584651e-24 6.784123e-24 
2.910000e+00 5.193178e-24 1.576292e-24 6.769470e-24 
2.912000e+00 5.185366e-24 1.575338e-24 6.760704e-24 
2.914000e+00 5.172089e-24 1.574819e-24 6.746908e-24 
2.916000e+00 5.161278e-24 1.568916e-24 6.730194e-24 
2.918000e+00 5.150766e-24 1.567967e-24 6.718733e-24 
2.920000e+00 5.141219e-24 1.565184e-24 6.706403e-24 
2.922000e+00 5.135025e-24 1.558796e-24 6.693821e-24 
2.924000e+00 5.122678e-24 1.558661e-24 6.681339e-24 
2.926000e+00 5.117252e-24 1.556509e-24 6.673761e-24 
2.928000e+00 5.109662e-24 1.550149e-24 6.659811e-24 
2.930000e+00 5.099147e-24 1.549826e-24 6.648973e-24 
2.932000e+00 5.088495e-24 1.544931e-24 6.633425e-24 
2.934000e+00 5.077475e-24 1.542767e-24 6.620241e-24 
2.936000e+00 5.067546e-24 1.539632e-24 6.607178e-24 
2.938000e+00 5.060865e-24 1.536720e-24 6.597585e-24 
2.940000e+00 5.051353e-24 1.532947e-24 6.584300e-24 
2.942000e+00 5.045328e-24 1.528385e-24 6.573714e-24 
2.944000e+00 5.035398e-24 1.528403e-24 6.563801e-24 
2.946000e+00 5.027252e-24 1.522217e-24 6.549469e-24 
2.948000e+00 5.015930e-24 1.520358e-24 6.536288e-24 
2.950000e+00 5.004009e-24 1.519807e-24 6.523816e-24 
2.952000e+00 4.992731e-24 1.513575e-24 6.506306e-24 
2.954000e+00 4.989470e-24 1.510164e-24 6.499634e-24 
2.956000e+00 4.980583e-24 1.510493e-24 6.491076e-24 
2.958000e+00 4.967783e-24 1.509001e-24 6.476785e-24 
2.960000e+00 4.962591e-24 1.503653e-24 6.466244e-24 
2.962000e+00 4.958032e-24 1.500859e-24 6.458891e-24 
2.964000e+00 4.946354e-24 1.500750e-24 6.447104e-24 
2.966000e+00 4.936263e-24 1.494858e-24 6.431121e-24 
2.968000e+00 4.931501e-24 1.493156e-24 6.424657e-24 
2.970000e+00 4.925363e-24 1.488587e-24 6.413950e-24 
2.972000e+00 4.911503e-24 1.487702e-24 6.399205e-24 
2.974000e+00 4.900932e-24 1.481775e-24 6.382707e-24 
2.976000e+00 4.893581e-24 1.480633e-24 6.374214e-24 
2.978000e+00 4.891595e-24 1.478325e-24 6.369920e-24 
2.980000e+00 4.880558e-24 1.472735e-24 6.353294e-24 
2.982000e+00 4.870865e-24 1.472827e-24 6.343692e-24 
2.984000e+00 4.858373e-24 1.471153e-24 6.329526e-24 
2.986000e+00 4.859146e-24 1.468929e-24 6.328076e-24 
2.988000e+00 4.846399e-24 1.463281e-24 6.309681e-24 
2.990000e+00 4.834346e-24 1.461973e-24 6.296319e-24 
2.992000e+00 4.829547e-24 1.456162e-24 6.285708e-24 
2.994000e+00 4.820755e-24 1.454288e-24 6.275043e-24 
2.996000e+00 4.810430e-24 1.450926e-24 6.261356e-24 
2.998000e+00 4.799722e-24 1.449859e-24 6.249581e-24 
