1.000000e-01 1.834495e-22 1.378492e-22 3.212987e-22 
1.020000e-01 1.830963e-22 1.367876e-22 3.198839e-22 
1.040000e-01 1.822856e-22 1.355749e-22 3.178605e-22 
1.060000e-01 1.810707e-22 1.344965e-22 3.155672e-22 
1.080000e-01 1.793841e-22 1.333502e-22 3.127343e-22 
1.100000e-01 1.770344e-22 1.321429e-22 3.091774e-22 
1.120000e-01 1.736300e-22 1.310217e-22 3.046516e-22 
1.140000e-01 1.678781e-22 1.298349e-22 2.977130e-22 
1.160000e-01 1.509006e-22 1.285848e-22 2.794854e-22 
1.180000e-01 1.656746e-22 1.274729e-22 2.931475e-22 
1.200000e-01 1.715460e-22 1.263233e-22 2.978693e-22 
1.220000e-01 1.744741e-22 1.250928e-22 2.995669e-22 
1.240000e-01 1.763729e-22 1.239495e-22 3.003224e-22 
1.260000e-01 1.777497e-22 1.227795e-22 3.005292e-22 
1.280000e-01 1.787962e-22 1.216048e-22 3.004010e-22 
1.300000e-01 1.795918e-22 1.204437e-22 3.000355e-22 
1.320000e-01 1.802221e-22 1.192794e-22 2.995014e-22 
1.340000e-01 1.807172e-22 1.181048e-22 2.988220e-22 
1.360000e-01 1.811062e-22 1.169599e-22 2.980661e-22 
1.380000e-01 1.813984e-22 1.157872e-22 2.971856e-22 
1.400000e-01 1.816113e-22 1.146338e-22 2.962451e-22 
1.420000e-01 1.817754e-22 1.134426e-22 2.952180e-22 
1.440000e-01 1.818667e-22 1.122691e-22 2.941358e-22 
1.460000e-01 1.818867e-22 1.110881e-22 2.929748e-22 
1.480000e-01 1.818439e-22 1.099279e-22 2.917718e-22 
1.500000e-01 1.817507e-22 1.087544e-22 2.905051e-22 
1.520000e-01 1.816056e-22 1.075491e-22 2.891548e-22 
1.540000e-01 1.813694e-22 1.064015e-22 2.877709e-22 
1.560000e-01 1.810617e-22 1.036873e-22 2.847490e-22 
1.580000e-01 1.806550e-22 1.025062e-22 2.831613e-22 
1.600000e-01 1.801647e-22 1.013829e-22 2.815476e-22 
1.620000e-01 1.795167e-22 1.002196e-22 2.797363e-22 
1.640000e-01 1.785451e-22 9.902412e-23 2.775692e-22 
1.660000e-01 1.768126e-22 9.787900e-23 2.746916e-22 
1.680000e-01 1.717890e-22 9.675313e-23 2.685422e-22 
1.700000e-01 1.736560e-22 9.563350e-23 2.692895e-22 
1.720000e-01 1.757223e-22 9.449611e-23 2.702184e-22 
1.740000e-01 1.766867e-22 9.334817e-23 2.700349e-22 
1.760000e-01 1.772998e-22 9.219865e-23 2.694984e-22 
1.780000e-01 1.777619e-22 9.104653e-23 2.688084e-22 
1.800000e-01 1.781313e-22 8.988807e-23 2.680194e-22 
1.820000e-01 1.784406e-22 8.872348e-23 2.671640e-22 
1.840000e-01 1.787215e-22 8.755195e-23 2.662735e-22 
1.860000e-01 1.789711e-22 8.638496e-23 2.653560e-22 
1.880000e-01 1.792224e-22 8.518907e-23 2.644114e-22 
1.900000e-01 1.794697e-22 8.399746e-23 2.634672e-22 
1.920000e-01 1.797665e-22 8.279895e-23 2.625654e-22 
1.940000e-01 1.801986e-22 8.161277e-23 2.618113e-22 
1.960000e-01 1.808866e-22 8.040194e-23 2.612886e-22 
1.980000e-01 1.825834e-22 7.919795e-23 2.617814e-22 
2.000000e-01 1.861051e-22 7.798417e-23 2.640893e-22 
2.020000e-01 1.834371e-22 7.678080e-23 2.602179e-22 
2.040000e-01 1.823569e-22 7.557246e-23 2.579293e-22 
2.060000e-01 1.815887e-22 7.431653e-23 2.559052e-22 
2.080000e-01 1.809629e-22 7.306158e-23 2.540245e-22 
2.100000e-01 1.803970e-22 7.178976e-23 2.521868e-22 
2.120000e-01 1.798724e-22 7.046788e-23 2.503403e-22 
2.140000e-01 1.793861e-22 6.912601e-23 2.485121e-22 
2.160000e-01 1.789173e-22 6.776374e-23 2.466811e-22 
2.180000e-01 1.784476e-22 6.634861e-23 2.447962e-22 
2.200000e-01 1.780226e-22 6.497404e-23 2.429967e-22 
2.220000e-01 1.776133e-22 6.358735e-23 2.412006e-22 
2.240000e-01 1.771766e-22 6.218433e-23 2.393609e-22 
2.260000e-01 1.767290e-22 6.073715e-23 2.374661e-22 
2.280000e-01 1.762420e-22 5.921130e-23 2.354533e-22 
2.300000e-01 1.757643e-22 5.768767e-23 2.334520e-22 
2.320000e-01 1.752941e-22 5.610472e-23 2.313988e-22 
2.340000e-01 1.747998e-22 5.446194e-23 2.292618e-22 
2.360000e-01 1.743085e-22 5.278750e-23 2.270960e-22 
2.380000e-01 1.738012e-22 5.105507e-23 2.248563e-22 
2.400000e-01 1.732722e-22 4.960558e-23 2.228777e-22 
2.420000e-01 1.727626e-22 4.844447e-23 2.212071e-22 
2.440000e-01 1.722316e-22 4.732046e-23 2.195521e-22 
2.460000e-01 1.717248e-22 4.586637e-23 2.175912e-22 
2.480000e-01 1.712070e-22 4.414692e-23 2.153539e-22 
2.500000e-01 1.707056e-22 4.212776e-23 2.128333e-22 
2.520000e-01 1.702047e-22 3.964197e-23 2.098467e-22 
2.540000e-01 1.696862e-22 3.687706e-23 2.065633e-22 
2.560000e-01 1.691764e-22 3.385056e-23 2.030270e-22 
2.580000e-01 1.686512e-22 3.040511e-23 1.990563e-22 
2.600000e-01 1.681280e-22 2.604054e-23 1.941686e-22 
2.620000e-01 1.675833e-22 2.080268e-23 1.883860e-22 
2.640000e-01 1.670401e-22 1.462816e-23 1.816682e-22 
2.660000e-01 1.665063e-22 8.801921e-24 1.753083e-22 
2.680000e-01 1.659587e-22 3.916737e-24 1.698754e-22 
2.700000e-01 1.654285e-22 8.240594e-25 1.662525e-22 
2.720000e-01 1.648846e-22 6.965710e-25 1.655812e-22 
2.740000e-01 1.615037e-22 4.271849e-24 1.657755e-22 
2.760000e-01 1.638411e-22 1.195575e-23 1.757968e-22 
2.780000e-01 1.633332e-22 1.786020e-23 1.811934e-22 
2.800000e-01 1.628125e-22 3.039286e-23 1.932053e-22 
2.820000e-01 1.622846e-22 3.555598e-23 1.978406e-22 
2.840000e-01 1.617300e-22 3.374961e-23 1.954796e-22 
2.860000e-01 1.611846e-22 3.197180e-23 1.931564e-22 
2.880000e-01 1.606128e-22 3.096534e-23 1.915781e-22 
2.900000e-01 1.600470e-22 3.070535e-23 1.907523e-22 
2.920000e-01 1.594525e-22 2.984508e-23 1.892976e-22 
2.940000e-01 1.588661e-22 3.193577e-23 1.908019e-22 
2.960000e-01 1.582643e-22 3.308143e-23 1.913458e-22 
2.980000e-01 1.576724e-22 3.447202e-23 1.921445e-22 
3.000000e-01 1.570606e-22 3.579112e-23 1.928517e-22 
3.020000e-01 1.564534e-22 3.684832e-23 1.933017e-22 
3.040000e-01 1.558229e-22 3.765736e-23 1.934802e-22 
3.060000e-01 1.552020e-22 3.833065e-23 1.935326e-22 
3.080000e-01 1.545613e-22 3.900055e-23 1.935618e-22 
3.100000e-01 1.539279e-22 3.945669e-23 1.933846e-22 
3.120000e-01 1.532708e-22 3.985693e-23 1.931278e-22 
3.140000e-01 1.526190e-22 4.005722e-23 1.926762e-22 
3.160000e-01 1.519523e-22 4.012079e-23 1.920731e-22 
3.180000e-01 1.512869e-22 4.001584e-23 1.913027e-22 
3.200000e-01 1.506197e-22 4.000563e-23 1.906254e-22 
3.220000e-01 1.499444e-22 4.005039e-23 1.899948e-22 
3.240000e-01 1.492732e-22 4.025357e-23 1.895267e-22 
3.260000e-01 1.485849e-22 4.050190e-23 1.890868e-22 
3.280000e-01 1.479055e-22 4.070925e-23 1.886147e-22 
3.300000e-01 1.472155e-22 4.092231e-23 1.881379e-22 
3.320000e-01 1.465390e-22 4.109749e-23 1.876365e-22 
3.340000e-01 1.458684e-22 4.127299e-23 1.871414e-22 
3.360000e-01 1.451998e-22 4.140364e-23 1.866034e-22 
3.380000e-01 1.445282e-22 4.152888e-23 1.860570e-22 
3.400000e-01 1.438483e-22 4.162497e-23 1.854732e-22 
3.420000e-01 1.431691e-22 4.172805e-23 1.848972e-22 
3.440000e-01 1.424667e-22 4.184504e-23 1.843118e-22 
3.460000e-01 1.417789e-22 4.195994e-23 1.837388e-22 
3.480000e-01 1.410677e-22 4.205891e-23 1.831266e-22 
3.500000e-01 1.403504e-22 4.215352e-23 1.825039e-22 
3.520000e-01 1.396345e-22 4.222797e-23 1.818625e-22 
3.540000e-01 1.388977e-22 4.230045e-23 1.811981e-22 
3.560000e-01 1.381773e-22 4.236129e-23 1.805386e-22 
3.580000e-01 1.374427e-22 4.242055e-23 1.798633e-22 
3.600000e-01 1.367125e-22 4.245760e-23 1.791701e-22 
3.620000e-01 1.359811e-22 4.249638e-23 1.784775e-22 
3.640000e-01 1.352448e-22 4.253386e-23 1.777787e-22 
3.660000e-01 1.345128e-22 4.257408e-23 1.770869e-22 
3.680000e-01 1.337674e-22 4.259629e-23 1.763636e-22 
3.700000e-01 1.330286e-22 4.262186e-23 1.756505e-22 
3.720000e-01 1.322839e-22 4.264223e-23 1.749261e-22 
3.740000e-01 1.315246e-22 4.266502e-23 1.741896e-22 
3.760000e-01 1.307686e-22 4.267043e-23 1.734390e-22 
3.780000e-01 1.299953e-22 4.267261e-23 1.726679e-22 
3.800000e-01 1.292103e-22 4.265944e-23 1.718697e-22 
3.820000e-01 1.284298e-22 4.263951e-23 1.710693e-22 
3.840000e-01 1.276207e-22 4.261866e-23 1.702394e-22 
3.860000e-01 1.268266e-22 4.260002e-23 1.694267e-22 
3.880000e-01 1.260320e-22 4.257869e-23 1.686107e-22 
3.900000e-01 1.252268e-22 4.255282e-23 1.677796e-22 
3.920000e-01 1.244263e-22 4.252907e-23 1.669554e-22 
3.940000e-01 1.236234e-22 4.250357e-23 1.661269e-22 
3.960000e-01 1.228279e-22 4.247902e-23 1.653069e-22 
3.980000e-01 1.220395e-22 4.244904e-23 1.644885e-22 
4.000000e-01 1.212438e-22 4.241508e-23 1.636589e-22 
4.020000e-01 1.204548e-22 4.237479e-23 1.628296e-22 
4.040000e-01 1.196613e-22 4.232190e-23 1.619832e-22 
4.060000e-01 1.188579e-22 4.227108e-23 1.611290e-22 
4.080000e-01 1.180574e-22 4.221978e-23 1.602772e-22 
4.100000e-01 1.172510e-22 4.217073e-23 1.594217e-22 
4.120000e-01 1.164396e-22 4.211525e-23 1.585548e-22 
4.140000e-01 1.156376e-22 4.206078e-23 1.576984e-22 
4.160000e-01 1.148286e-22 4.200682e-23 1.568354e-22 
4.180000e-01 1.140072e-22 4.195147e-23 1.559587e-22 
4.200000e-01 1.132044e-22 4.189715e-23 1.551015e-22 
4.220000e-01 1.123833e-22 4.183791e-23 1.542212e-22 
4.240000e-01 1.115611e-22 4.178018e-23 1.533412e-22 
4.260000e-01 1.107437e-22 4.171732e-23 1.524611e-22 
4.280000e-01 1.099225e-22 4.165266e-23 1.515751e-22 
4.300000e-01 1.091024e-22 4.158685e-23 1.506893e-22 
4.320000e-01 1.082857e-22 4.151615e-23 1.498019e-22 
4.340000e-01 1.074574e-22 4.144837e-23 1.489058e-22 
4.360000e-01 1.066313e-22 4.138096e-23 1.480123e-22 
4.380000e-01 1.057966e-22 4.131712e-23 1.471137e-22 
4.400000e-01 1.049614e-22 4.125105e-23 1.462124e-22 
4.420000e-01 1.041304e-22 4.117107e-23 1.453015e-22 
4.440000e-01 1.033017e-22 4.109281e-23 1.443946e-22 
4.460000e-01 1.024651e-22 4.101311e-23 1.434782e-22 
4.480000e-01 1.016242e-22 4.093382e-23 1.425580e-22 
4.500000e-01 1.007930e-22 4.085692e-23 1.416499e-22 
4.520000e-01 9.995236e-23 4.012606e-23 1.400784e-22 
4.540000e-01 9.910621e-23 4.003081e-23 1.391370e-22 
4.560000e-01 9.826530e-23 3.993901e-23 1.382043e-22 
4.580000e-01 9.742196e-23 3.984427e-23 1.372662e-22 
4.600000e-01 9.656800e-23 3.975114e-23 1.363191e-22 
4.620000e-01 9.572449e-23 3.965827e-23 1.353828e-22 
4.640000e-01 9.487413e-23 3.956431e-23 1.344384e-22 
4.660000e-01 9.401448e-23 3.946845e-23 1.334829e-22 
4.680000e-01 9.315754e-23 3.937585e-23 1.325334e-22 
4.700000e-01 9.229915e-23 3.928298e-23 1.315821e-22 
4.720000e-01 9.142529e-23 3.918787e-23 1.306132e-22 
4.740000e-01 9.055093e-23 3.908060e-23 1.296315e-22 
4.760000e-01 8.967362e-23 3.897388e-23 1.286475e-22 
4.780000e-01 8.879237e-23 3.886473e-23 1.276571e-22 
4.800000e-01 8.790232e-23 3.875415e-23 1.266565e-22 
4.820000e-01 8.700784e-23 3.863944e-23 1.256473e-22 
4.840000e-01 8.610804e-23 3.852703e-23 1.246351e-22 
4.860000e-01 8.519510e-23 3.841150e-23 1.236066e-22 
4.880000e-01 8.427509e-23 3.829786e-23 1.225730e-22 
4.900000e-01 8.334774e-23 3.817520e-23 1.215229e-22 
4.920000e-01 8.241346e-23 3.805107e-23 1.204645e-22 
4.940000e-01 8.146347e-23 3.792779e-23 1.193913e-22 
4.960000e-01 8.051078e-23 3.780132e-23 1.183121e-22 
4.980000e-01 7.953797e-23 3.767622e-23 1.172142e-22 
5.000000e-01 7.854550e-23 3.754901e-23 1.160945e-22 
5.020000e-01 7.754521e-23 3.742852e-23 1.149737e-22 
5.040000e-01 7.652572e-23 3.730621e-23 1.138319e-22 
5.060000e-01 7.548518e-23 3.718335e-23 1.126685e-22 
5.080000e-01 7.442082e-23 3.706130e-23 1.114821e-22 
5.100000e-01 7.333337e-23 3.693970e-23 1.102731e-22 
5.120000e-01 7.221136e-23 3.681815e-23 1.090295e-22 
5.140000e-01 7.106415e-23 3.669582e-23 1.077600e-22 
5.160000e-01 6.987783e-23 3.657740e-23 1.064552e-22 
5.180000e-01 6.864655e-23 3.645800e-23 1.051046e-22 
5.200000e-01 6.735422e-23 3.633993e-23 1.036941e-22 
5.220000e-01 6.600890e-23 3.622197e-23 1.022309e-22 
5.240000e-01 6.458636e-23 3.610005e-23 1.006864e-22 
5.260000e-01 6.307188e-23 3.597487e-23 9.904675e-23 
5.280000e-01 6.144558e-23 3.584842e-23 9.729400e-23 
5.300000e-01 5.968336e-23 3.572279e-23 9.540616e-23 
5.320000e-01 5.774915e-23 3.559855e-23 9.334770e-23 
5.340000e-01 5.549035e-23 3.547069e-23 9.096104e-23 
5.360000e-01 5.278873e-23 3.533898e-23 8.812771e-23 
5.380000e-01 4.912893e-23 3.519925e-23 8.432818e-23 
5.400000e-01 4.398389e-23 3.506086e-23 7.904475e-23 
5.420000e-01 3.829326e-23 3.492674e-23 7.322000e-23 
5.440000e-01 3.470460e-23 3.479984e-23 6.950444e-23 
5.460000e-01 3.535545e-23 3.467380e-23 7.002925e-23 
5.480000e-01 3.917425e-23 3.454518e-23 7.371943e-23 
5.500000e-01 4.317704e-23 3.440838e-23 7.758541e-23 
5.520000e-01 4.623180e-23 3.427227e-23 8.050406e-23 
5.540000e-01 4.806094e-23 3.413802e-23 8.219896e-23 
5.560000e-01 4.941615e-23 3.401156e-23 8.342771e-23 
5.580000e-01 5.043484e-23 3.388315e-23 8.431799e-23 
5.600000e-01 5.127635e-23 3.375766e-23 8.503401e-23 
5.620000e-01 5.198257e-23 3.362522e-23 8.560779e-23 
5.640000e-01 5.257435e-23 3.349208e-23 8.606643e-23 
5.660000e-01 5.307545e-23 3.335910e-23 8.643455e-23 
5.680000e-01 5.349068e-23 3.322657e-23 8.671725e-23 
5.700000e-01 5.383765e-23 3.309064e-23 8.692829e-23 
5.720000e-01 5.412501e-23 3.295407e-23 8.707908e-23 
5.740000e-01 5.437174e-23 3.281881e-23 8.719055e-23 
5.760000e-01 5.458766e-23 3.268227e-23 8.726993e-23 
5.780000e-01 5.475394e-23 3.254808e-23 8.730201e-23 
5.800000e-01 5.488289e-23 3.241255e-23 8.729544e-23 
5.820000e-01 5.498867e-23 3.228096e-23 8.726963e-23 
5.840000e-01 5.507122e-23 3.214921e-23 8.722042e-23 
5.860000e-01 5.513172e-23 3.202163e-23 8.715335e-23 
5.880000e-01 5.515431e-23 3.188775e-23 8.704206e-23 
5.900000e-01 5.516448e-23 3.175587e-23 8.692035e-23 
5.920000e-01 5.515767e-23 3.162165e-23 8.677932e-23 
5.940000e-01 5.513400e-23 3.148532e-23 8.661932e-23 
5.960000e-01 5.509091e-23 3.135445e-23 8.644535e-23 
5.980000e-01 5.502746e-23 3.121983e-23 8.624729e-23 
6.000000e-01 5.495969e-23 3.108436e-23 8.604406e-23 
6.020000e-01 5.487540e-23 3.094140e-23 8.581680e-23 
6.040000e-01 5.477570e-23 3.079684e-23 8.557253e-23 
6.060000e-01 5.466298e-23 3.065095e-23 8.531393e-23 
6.080000e-01 5.454157e-23 3.051640e-23 8.505798e-23 
6.100000e-01 5.441428e-23 3.039555e-23 8.480983e-23 
6.120000e-01 5.427604e-23 3.026998e-23 8.454603e-23 
6.140000e-01 5.411234e-23 3.014694e-23 8.425928e-23 
6.160000e-01 5.395407e-23 3.000998e-23 8.396405e-23 
6.180000e-01 5.378264e-23 2.987219e-23 8.365482e-23 
6.200000e-01 5.360593e-23 2.973265e-23 8.333858e-23 
6.220000e-01 5.341724e-23 2.959652e-23 8.301376e-23 
6.240000e-01 5.321917e-23 2.946458e-23 8.268374e-23 
6.260000e-01 5.302121e-23 2.933365e-23 8.235487e-23 
6.280000e-01 5.281159e-23 2.920213e-23 8.201372e-23 
6.300000e-01 5.259147e-23 2.906750e-23 8.165897e-23 
6.320000e-01 5.236537e-23 2.892831e-23 8.129368e-23 
6.340000e-01 5.213330e-23 2.878899e-23 8.092228e-23 
6.360000e-01 5.189205e-23 2.865054e-23 8.054259e-23 
6.380000e-01 5.164419e-23 2.852013e-23 8.016432e-23 
6.400000e-01 5.138643e-23 2.838460e-23 7.977103e-23 
6.420000e-01 5.111608e-23 2.824891e-23 7.936498e-23 
6.440000e-01 5.084677e-23 2.812100e-23 7.896777e-23 
6.460000e-01 5.056678e-23 2.799953e-23 7.856631e-23 
6.480000e-01 5.027650e-23 2.787734e-23 7.815383e-23 
6.500000e-01 4.997261e-23 2.776156e-23 7.773417e-23 
6.520000e-01 4.965956e-23 2.762571e-23 7.728527e-23 
6.540000e-01 4.934049e-23 2.748446e-23 7.682495e-23 
6.560000e-01 4.900422e-23 2.734424e-23 7.634846e-23 
6.580000e-01 4.865837e-23 2.720340e-23 7.586177e-23 
6.600000e-01 4.830071e-23 2.707518e-23 7.537589e-23 
6.620000e-01 4.792857e-23 2.694449e-23 7.487306e-23 
6.640000e-01 4.754892e-23 2.681664e-23 7.436556e-23 
6.660000e-01 4.714734e-23 2.668761e-23 7.383496e-23 
6.680000e-01 4.673410e-23 2.655647e-23 7.329057e-23 
6.700000e-01 4.630412e-23 2.642293e-23 7.272705e-23 
6.720000e-01 4.586576e-23 2.628932e-23 7.215508e-23 
6.740000e-01 4.540640e-23 2.615674e-23 7.156315e-23 
6.760000e-01 4.492330e-23 2.602991e-23 7.095321e-23 
6.780000e-01 4.442260e-23 2.590582e-23 7.032842e-23 
6.800000e-01 4.390582e-23 2.578039e-23 6.968620e-23 
6.820000e-01 4.334911e-23 2.565161e-23 6.900071e-23 
6.840000e-01 4.276690e-23 2.552822e-23 6.829512e-23 
6.860000e-01 4.214896e-23 2.540477e-23 6.755373e-23 
6.880000e-01 4.148120e-23 2.528357e-23 6.676477e-23 
6.900000e-01 4.077204e-23 2.519185e-23 6.596389e-23 
6.920000e-01 3.998632e-23 2.506790e-23 6.505422e-23 
6.940000e-01 3.909973e-23 2.494182e-23 6.404155e-23 
6.960000e-01 3.812989e-23 2.478066e-23 6.291056e-23 
6.980000e-01 3.695008e-23 2.469070e-23 6.164078e-23 
7.000000e-01 3.531529e-23 2.456558e-23 5.988086e-23 
7.020000e-01 3.339168e-23 2.443651e-23 5.782819e-23 
7.040000e-01 3.107159e-23 2.431247e-23 5.538406e-23 
7.060000e-01 2.952579e-23 2.414713e-23 5.367292e-23 
7.080000e-01 2.870036e-23 2.402626e-23 5.272663e-23 
7.100000e-01 2.962245e-23 2.389878e-23 5.352124e-23 
7.120000e-01 3.112163e-23 2.377604e-23 5.489767e-23 
7.140000e-01 3.323549e-23 2.365149e-23 5.688699e-23 
7.160000e-01 3.492470e-23 2.353191e-23 5.845661e-23 
7.180000e-01 3.634745e-23 2.340980e-23 5.975725e-23 
7.200000e-01 3.720015e-23 2.328880e-23 6.048895e-23 
7.220000e-01 3.786192e-23 2.317078e-23 6.103270e-23 
7.240000e-01 3.842853e-23 2.305297e-23 6.148149e-23 
7.260000e-01 3.887238e-23 2.293540e-23 6.180778e-23 
7.280000e-01 3.926539e-23 2.282166e-23 6.208706e-23 
7.300000e-01 3.961734e-23 2.270012e-23 6.231746e-23 
7.320000e-01 3.989152e-23 2.258115e-23 6.247268e-23 
7.340000e-01 4.014705e-23 2.245874e-23 6.260579e-23 
7.360000e-01 4.036357e-23 2.233849e-23 6.270205e-23 
7.380000e-01 4.055666e-23 2.221678e-23 6.277344e-23 
7.400000e-01 4.073079e-23 2.209616e-23 6.282695e-23 
7.420000e-01 4.087293e-23 2.197692e-23 6.284985e-23 
7.440000e-01 4.099646e-23 2.186116e-23 6.285763e-23 
7.460000e-01 4.110451e-23 2.174007e-23 6.284458e-23 
7.480000e-01 4.120095e-23 2.162571e-23 6.282666e-23 
7.500000e-01 4.128255e-23 2.151254e-23 6.279509e-23 
7.520000e-01 4.135039e-23 2.140168e-23 6.275207e-23 
7.540000e-01 4.140261e-23 2.128604e-23 6.268865e-23 
7.560000e-01 4.144252e-23 2.117201e-23 6.261452e-23 
7.580000e-01 4.147498e-23 2.106349e-23 6.253847e-23 
7.600000e-01 4.150258e-23 2.095271e-23 6.245529e-23 
7.620000e-01 4.151615e-23 2.084514e-23 6.236129e-23 
7.640000e-01 4.152486e-23 2.073513e-23 6.225999e-23 
7.660000e-01 4.152135e-23 2.062792e-23 6.214927e-23 
7.680000e-01 4.151243e-23 2.052466e-23 6.203709e-23 
7.700000e-01 4.149900e-23 2.041745e-23 6.191645e-23 
7.720000e-01 4.147759e-23 2.031294e-23 6.179053e-23 
7.740000e-01 4.144774e-23 2.020411e-23 6.165185e-23 
7.760000e-01 4.141151e-23 2.009052e-23 6.150203e-23 
7.780000e-01 4.136955e-23 1.998121e-23 6.135075e-23 
7.800000e-01 4.132151e-23 1.987054e-23 6.119205e-23 
7.820000e-01 4.126755e-23 1.975547e-23 6.102302e-23 
7.840000e-01 4.120926e-23 1.965176e-23 6.086102e-23 
7.860000e-01 4.113699e-23 1.954517e-23 6.068216e-23 
7.880000e-01 4.106398e-23 1.943912e-23 6.050311e-23 
7.900000e-01 4.098541e-23 1.933403e-23 6.031943e-23 
7.920000e-01 4.089783e-23 1.922784e-23 6.012567e-23 
7.940000e-01 4.080468e-23 1.912739e-23 5.993207e-23 
7.960000e-01 4.068498e-23 1.902755e-23 5.971253e-23 
7.980000e-01 4.056673e-23 1.892393e-23 5.949065e-23 
8.000000e-01 4.044841e-23 1.882267e-23 5.927108e-23 
8.020000e-01 4.033949e-23 1.872443e-23 5.906392e-23 
8.040000e-01 4.023912e-23 1.862778e-23 5.886690e-23 
8.060000e-01 4.014280e-23 1.852654e-23 5.866934e-23 
8.080000e-01 4.004761e-23 1.842574e-23 5.847335e-23 
8.100000e-01 3.994777e-23 1.832638e-23 5.827416e-23 
8.120000e-01 3.985318e-23 1.822480e-23 5.807798e-23 
8.140000e-01 3.976740e-23 1.811713e-23 5.788453e-23 
8.160000e-01 3.967809e-23 1.801531e-23 5.769340e-23 
8.180000e-01 3.958946e-23 1.791095e-23 5.750041e-23 
8.200000e-01 3.949890e-23 1.781502e-23 5.731391e-23 
8.220000e-01 3.941334e-23 1.772217e-23 5.713550e-23 
8.240000e-01 3.932285e-23 1.763020e-23 5.695306e-23 
8.260000e-01 3.923995e-23 1.754274e-23 5.678268e-23 
8.280000e-01 3.915496e-23 1.744900e-23 5.660396e-23 
8.300000e-01 3.906869e-23 1.735593e-23 5.642461e-23 
8.320000e-01 3.898667e-23 1.726084e-23 5.624752e-23 
8.340000e-01 3.890316e-23 1.716571e-23 5.606887e-23 
8.360000e-01 3.882287e-23 1.706930e-23 5.589217e-23 
8.380000e-01 3.874405e-23 1.697340e-23 5.571745e-23 
8.400000e-01 3.866609e-23 1.688532e-23 5.555140e-23 
8.420000e-01 3.859223e-23 1.679286e-23 5.538509e-23 
8.440000e-01 3.851929e-23 1.669893e-23 5.521823e-23 
8.460000e-01 3.844410e-23 1.660876e-23 5.505285e-23 
8.480000e-01 3.837396e-23 1.651555e-23 5.488951e-23 
8.500000e-01 3.830700e-23 1.642945e-23 5.473645e-23 
8.520000e-01 3.824028e-23 1.634099e-23 5.458127e-23 
8.540000e-01 3.817538e-23 1.625419e-23 5.442957e-23 
8.560000e-01 3.811229e-23 1.616781e-23 5.428010e-23 
8.580000e-01 3.804677e-23 1.608130e-23 5.412806e-23 
8.600000e-01 3.798236e-23 1.598782e-23 5.397017e-23 
8.620000e-01 3.791509e-23 1.589597e-23 5.381106e-23 
8.640000e-01 3.784812e-23 1.580519e-23 5.365330e-23 
8.660000e-01 3.777442e-23 1.571413e-23 5.348854e-23 
8.680000e-01 3.770850e-23 1.562607e-23 5.333457e-23 
8.700000e-01 3.763915e-23 1.553665e-23 5.317581e-23 
8.720000e-01 3.755860e-23 1.544603e-23 5.300463e-23 
8.740000e-01 3.748080e-23 1.536263e-23 5.284343e-23 
8.760000e-01 3.739303e-23 1.527271e-23 5.266574e-23 
8.780000e-01 3.730248e-23 1.518686e-23 5.248934e-23 
8.800000e-01 3.721086e-23 1.510989e-23 5.232075e-23 
8.820000e-01 3.711571e-23 1.503321e-23 5.214892e-23 
8.840000e-01 3.702684e-23 1.495859e-23 5.198543e-23 
8.860000e-01 3.693419e-23 1.487957e-23 5.181376e-23 
8.880000e-01 3.683674e-23 1.480423e-23 5.164096e-23 
8.900000e-01 3.673865e-23 1.472304e-23 5.146169e-23 
8.920000e-01 3.663602e-23 1.464369e-23 5.127971e-23 
8.940000e-01 3.653473e-23 1.456244e-23 5.109717e-23 
8.960000e-01 3.643738e-23 1.448471e-23 5.092209e-23 
8.980000e-01 3.633982e-23 1.440551e-23 5.074534e-23 
9.000000e-01 3.623599e-23 1.432372e-23 5.055971e-23 
9.020000e-01 3.613381e-23 1.423786e-23 5.037168e-23 
9.040000e-01 3.602786e-23 1.415442e-23 5.018228e-23 
9.060000e-01 3.592170e-23 1.407404e-23 4.999574e-23 
9.080000e-01 3.582153e-23 1.398771e-23 4.980924e-23 
9.100000e-01 3.571222e-23 1.391437e-23 4.962659e-23 
9.120000e-01 3.560977e-23 1.384200e-23 4.945177e-23 
9.140000e-01 3.550037e-23 1.376706e-23 4.926743e-23 
9.160000e-01 3.539027e-23 1.369451e-23 4.908478e-23 
9.180000e-01 3.528377e-23 1.362377e-23 4.890754e-23 
9.200000e-01 3.517095e-23 1.354840e-23 4.871935e-23 
9.220000e-01 3.506391e-23 1.346906e-23 4.853297e-23 
9.240000e-01 3.495721e-23 1.339335e-23 4.835056e-23 
9.260000e-01 3.485077e-23 1.331700e-23 4.816777e-23 
9.280000e-01 3.474229e-23 1.324048e-23 4.798277e-23 
9.300000e-01 3.462912e-23 1.316662e-23 4.779574e-23 
9.320000e-01 3.451744e-23 1.309912e-23 4.761656e-23 
9.340000e-01 3.440500e-23 1.303358e-23 4.743858e-23 
9.360000e-01 3.429167e-23 1.296801e-23 4.725968e-23 
9.380000e-01 3.418402e-23 1.289764e-23 4.708167e-23 
9.400000e-01 3.406765e-23 1.283163e-23 4.689928e-23 
9.420000e-01 3.396002e-23 1.276450e-23 4.672452e-23 
9.440000e-01 3.384437e-23 1.269496e-23 4.653933e-23 
9.460000e-01 3.373132e-23 1.262448e-23 4.635580e-23 
9.480000e-01 3.361659e-23 1.255624e-23 4.617284e-23 
9.500000e-01 3.350874e-23 1.248734e-23 4.599608e-23 
9.520000e-01 3.339245e-23 1.241798e-23 4.581043e-23 
9.540000e-01 3.327703e-23 1.235208e-23 4.562911e-23 
9.560000e-01 3.316620e-23 1.228797e-23 4.545417e-23 
9.580000e-01 3.304948e-23 1.222008e-23 4.526955e-23 
9.600000e-01 3.293980e-23 1.215489e-23 4.509469e-23 
9.620000e-01 3.282674e-23 1.208868e-23 4.491541e-23 
9.640000e-01 3.270481e-23 1.202102e-23 4.472583e-23 
9.660000e-01 3.259253e-23 1.195058e-23 4.454311e-23 
9.680000e-01 3.247783e-23 1.188045e-23 4.435827e-23 
9.700000e-01 3.236397e-23 1.180888e-23 4.417285e-23 
9.720000e-01 3.224902e-23 1.173986e-23 4.398887e-23 
9.740000e-01 3.213645e-23 1.167407e-23 4.381052e-23 
9.760000e-01 3.202304e-23 1.161355e-23 4.363659e-23 
9.780000e-01 3.191113e-23 1.155171e-23 4.346284e-23 
9.800000e-01 3.179472e-23 1.149152e-23 4.328624e-23 
9.820000e-01 3.168053e-23 1.143024e-23 4.311078e-23 
9.840000e-01 3.156128e-23 1.137092e-23 4.293221e-23 
9.860000e-01 3.144885e-23 1.130805e-23 4.275690e-23 
9.880000e-01 3.133750e-23 1.124191e-23 4.257940e-23 
9.900000e-01 3.122194e-23 1.117975e-23 4.240170e-23 
9.920000e-01 3.110668e-23 1.111354e-23 4.222022e-23 
9.940000e-01 3.099836e-23 1.105026e-23 4.204862e-23 
9.960000e-01 3.088020e-23 1.099136e-23 4.187156e-23 
9.980000e-01 3.077056e-23 1.094637e-23 4.171692e-23 
1.000000e+00 3.065626e-23 1.090136e-23 4.155762e-23 
1.002000e+00 3.054384e-23 1.084743e-23 4.139127e-23 
1.004000e+00 3.043403e-23 1.079204e-23 4.122607e-23 
1.006000e+00 3.032029e-23 1.073873e-23 4.105902e-23 
1.008000e+00 3.020959e-23 1.068320e-23 4.089280e-23 
1.010000e+00 3.009716e-23 1.063095e-23 4.072811e-23 
1.012000e+00 2.998374e-23 1.057396e-23 4.055770e-23 
1.014000e+00 2.987120e-23 1.051999e-23 4.039119e-23 
1.016000e+00 2.975781e-23 1.046783e-23 4.022564e-23 
1.018000e+00 2.964840e-23 1.041079e-23 4.005919e-23 
1.020000e+00 2.953648e-23 1.035752e-23 3.989401e-23 
1.022000e+00 2.942595e-23 1.030386e-23 3.972980e-23 
1.024000e+00 2.931124e-23 1.024900e-23 3.956024e-23 
1.026000e+00 2.919997e-23 1.019890e-23 3.939887e-23 
1.028000e+00 2.909238e-23 1.014961e-23 3.924200e-23 
1.030000e+00 2.897717e-23 1.009796e-23 3.907512e-23 
1.032000e+00 2.886707e-23 1.004753e-23 3.891460e-23 
1.034000e+00 2.875675e-23 9.996022e-24 3.875277e-23 
1.036000e+00 2.864956e-23 9.945564e-24 3.859513e-23 
1.038000e+00 2.853725e-23 9.893400e-24 3.843065e-23 
1.040000e+00 2.842411e-23 9.844620e-24 3.826873e-23 
1.042000e+00 2.831852e-23 9.793160e-24 3.811168e-23 
1.044000e+00 2.820658e-23 9.742466e-24 3.794905e-23 
1.046000e+00 2.809776e-23 9.693038e-24 3.779080e-23 
1.048000e+00 2.799183e-23 9.643633e-24 3.763547e-23 
1.050000e+00 2.788192e-23 9.595533e-24 3.747746e-23 
1.052000e+00 2.777245e-23 9.546182e-24 3.731864e-23 
1.054000e+00 2.766358e-23 9.499838e-24 3.716342e-23 
1.056000e+00 2.755762e-23 9.454864e-24 3.701248e-23 
1.058000e+00 2.744738e-23 9.406286e-24 3.685366e-23 
1.060000e+00 2.734437e-23 9.358019e-24 3.670238e-23 
1.062000e+00 2.723149e-23 9.311102e-24 3.654260e-23 
1.064000e+00 2.712738e-23 9.264530e-24 3.639191e-23 
1.066000e+00 2.701869e-23 9.217988e-24 3.623668e-23 
1.068000e+00 2.691130e-23 9.169524e-24 3.608083e-23 
1.070000e+00 2.680089e-23 9.124195e-24 3.592509e-23 
1.072000e+00 2.669913e-23 9.078375e-24 3.577750e-23 
1.074000e+00 2.658868e-23 9.032690e-24 3.562137e-23 
1.076000e+00 2.648392e-23 8.988518e-24 3.547244e-23 
1.078000e+00 2.637796e-23 8.943738e-24 3.532170e-23 
1.080000e+00 2.627369e-23 8.899485e-24 3.517318e-23 
1.082000e+00 2.616900e-23 8.854480e-24 3.502347e-23 
1.084000e+00 2.605650e-23 8.811755e-24 3.486826e-23 
1.086000e+00 2.595757e-23 8.768442e-24 3.472601e-23 
1.088000e+00 2.584849e-23 8.726100e-24 3.457459e-23 
1.090000e+00 2.574599e-23 8.679143e-24 3.442513e-23 
1.092000e+00 2.564544e-23 8.635328e-24 3.428077e-23 
1.094000e+00 2.553581e-23 8.593308e-24 3.412911e-23 
1.096000e+00 2.543114e-23 8.551059e-24 3.398220e-23 
1.098000e+00 2.532805e-23 8.506529e-24 3.383458e-23 
1.100000e+00 2.522514e-23 8.466413e-24 3.369155e-23 
1.102000e+00 2.512431e-23 8.424459e-24 3.354877e-23 
1.104000e+00 2.501907e-23 8.383094e-24 3.340217e-23 
1.106000e+00 2.491975e-23 8.343290e-24 3.326305e-23 
1.108000e+00 2.481438e-23 8.302359e-24 3.311674e-23 
1.110000e+00 2.471356e-23 8.263062e-24 3.297663e-23 
1.112000e+00 2.460884e-23 8.218560e-24 3.282740e-23 
1.114000e+00 2.450893e-23 8.178438e-24 3.268737e-23 
1.116000e+00 2.440799e-23 8.137849e-24 3.254584e-23 
1.118000e+00 2.430528e-23 8.097717e-24 3.240300e-23 
1.120000e+00 2.420045e-23 8.056063e-24 3.225651e-23 
1.122000e+00 2.410550e-23 8.014285e-24 3.211978e-23 
1.124000e+00 2.400054e-23 7.977733e-24 3.197827e-23 
1.126000e+00 2.390193e-23 7.940156e-24 3.184209e-23 
1.128000e+00 2.379964e-23 7.903315e-24 3.170296e-23 
1.130000e+00 2.369888e-23 7.864914e-24 3.156380e-23 
1.132000e+00 2.360084e-23 7.824495e-24 3.142533e-23 
1.134000e+00 2.350161e-23 7.789095e-24 3.129070e-23 
1.136000e+00 2.340748e-23 7.749527e-24 3.115700e-23 
1.138000e+00 2.331174e-23 7.714690e-24 3.102643e-23 
1.140000e+00 2.321024e-23 7.676145e-24 3.088638e-23 
1.142000e+00 2.310839e-23 7.639092e-24 3.074748e-23 
1.144000e+00 2.301253e-23 7.600493e-24 3.061302e-23 
1.146000e+00 2.291043e-23 7.564087e-24 3.047451e-23 
1.148000e+00 2.281389e-23 7.528076e-24 3.034196e-23 
1.150000e+00 2.271774e-23 7.490266e-24 3.020800e-23 
1.152000e+00 2.262497e-23 7.456328e-24 3.008129e-23 
1.154000e+00 2.252720e-23 7.421715e-24 2.994892e-23 
1.156000e+00 2.243381e-23 7.387048e-24 2.982086e-23 
1.158000e+00 2.233328e-23 7.350018e-24 2.968329e-23 
1.160000e+00 2.224104e-23 7.313919e-24 2.955496e-23 
1.162000e+00 2.214443e-23 7.277539e-24 2.942197e-23 
1.164000e+00 2.204764e-23 7.244191e-24 2.929183e-23 
1.166000e+00 2.194932e-23 7.208699e-24 2.915802e-23 
1.168000e+00 2.185426e-23 7.174012e-24 2.902827e-23 
1.170000e+00 2.175906e-23 7.138264e-24 2.889733e-23 
1.172000e+00 2.166669e-23 7.103407e-24 2.877010e-23 
1.174000e+00 2.157674e-23 7.068007e-24 2.864475e-23 
1.176000e+00 2.148105e-23 7.036241e-24 2.851729e-23 
1.178000e+00 2.138430e-23 7.002834e-24 2.838714e-23 
1.180000e+00 2.129593e-23 6.967930e-24 2.826386e-23 
1.182000e+00 2.119829e-23 6.937825e-24 2.813612e-23 
1.184000e+00 2.110007e-23 6.904280e-24 2.800435e-23 
1.186000e+00 2.100810e-23 6.871600e-24 2.787970e-23 
1.188000e+00 2.091773e-23 6.839313e-24 2.775705e-23 
1.190000e+00 2.082240e-23 6.807351e-24 2.762975e-23 
1.192000e+00 2.073118e-23 6.773807e-24 2.750499e-23 
1.194000e+00 2.064008e-23 6.742536e-24 2.738262e-23 
1.196000e+00 2.054607e-23 6.710485e-24 2.725655e-23 
1.198000e+00 2.045730e-23 6.678206e-24 2.713550e-23 
1.200000e+00 2.036470e-23 6.646052e-24 2.701075e-23 
1.202000e+00 2.027033e-23 6.614451e-24 2.688478e-23 
1.204000e+00 2.017847e-23 6.583686e-24 2.676216e-23 
1.206000e+00 2.008928e-23 6.555264e-24 2.664454e-23 
1.208000e+00 1.999851e-23 6.522556e-24 2.652106e-23 
1.210000e+00 1.990527e-23 6.493859e-24 2.639913e-23 
1.212000e+00 1.981688e-23 6.462249e-24 2.627913e-23 
1.214000e+00 1.972591e-23 6.434021e-24 2.615993e-23 
1.216000e+00 1.963683e-23 6.404925e-24 2.604176e-23 
1.218000e+00 1.954613e-23 6.375021e-24 2.592115e-23 
1.220000e+00 1.945416e-23 6.344115e-24 2.579828e-23 
1.222000e+00 1.936147e-23 6.313595e-24 2.567507e-23 
1.224000e+00 1.927185e-23 6.284927e-24 2.555678e-23 
1.226000e+00 1.917973e-23 6.256603e-24 2.543633e-23 
1.228000e+00 1.909167e-23 6.226251e-24 2.531792e-23 
1.230000e+00 1.900270e-23 6.195628e-24 2.519833e-23 
1.232000e+00 1.891372e-23 6.166071e-24 2.507979e-23 
1.234000e+00 1.882276e-23 6.142490e-24 2.496525e-23 
1.236000e+00 1.872880e-23 6.114248e-24 2.484305e-23 
1.238000e+00 1.863891e-23 6.082740e-24 2.472165e-23 
1.240000e+00 1.854474e-23 6.056489e-24 2.460123e-23 
1.242000e+00 1.846003e-23 6.028988e-24 2.448902e-23 
1.244000e+00 1.836929e-23 6.000341e-24 2.436964e-23 
1.246000e+00 1.827010e-23 5.974030e-24 2.424413e-23 
1.248000e+00 1.817752e-23 5.947303e-24 2.412483e-23 
1.250000e+00 1.808828e-23 5.920673e-24 2.400895e-23 
1.252000e+00 1.799693e-23 5.893491e-24 2.389042e-23 
1.254000e+00 1.790247e-23 5.865599e-24 2.376807e-23 
1.256000e+00 1.780726e-23 5.837186e-24 2.364444e-23 
1.258000e+00 1.771584e-23 5.809563e-24 2.352541e-23 
1.260000e+00 1.761796e-23 5.781334e-24 2.339929e-23 
1.262000e+00 1.752213e-23 5.758423e-24 2.328055e-23 
1.264000e+00 1.742957e-23 5.732392e-24 2.316196e-23 
1.266000e+00 1.733193e-23 5.706993e-24 2.303892e-23 
1.268000e+00 1.722855e-23 5.680559e-24 2.290911e-23 
1.270000e+00 1.713091e-23 5.655606e-24 2.278652e-23 
1.272000e+00 1.702542e-23 5.631112e-24 2.265653e-23 
1.274000e+00 1.692294e-23 5.605067e-24 2.252801e-23 
1.276000e+00 1.681743e-23 5.578811e-24 2.239624e-23 
1.278000e+00 1.670567e-23 5.553589e-24 2.225926e-23 
1.280000e+00 1.659569e-23 5.527233e-24 2.212292e-23 
1.282000e+00 1.647901e-23 5.503773e-24 2.198278e-23 
1.284000e+00 1.635135e-23 5.477007e-24 2.182836e-23 
1.286000e+00 1.621856e-23 5.451611e-24 2.167017e-23 
1.288000e+00 1.607341e-23 5.428093e-24 2.150150e-23 
1.290000e+00 1.588494e-23 5.403111e-24 2.128805e-23 
1.292000e+00 1.569941e-23 5.380194e-24 2.107960e-23 
1.294000e+00 1.551400e-23 5.355564e-24 2.086956e-23 
1.296000e+00 1.532475e-23 5.331014e-24 2.065576e-23 
1.298000e+00 1.513987e-23 5.305988e-24 2.044586e-23 
1.300000e+00 1.502529e-23 5.283014e-24 2.030830e-23 
1.302000e+00 1.494070e-23 5.260401e-24 2.020110e-23 
1.304000e+00 1.485972e-23 5.235726e-24 2.009545e-23 
1.306000e+00 1.485971e-23 5.212812e-24 2.007252e-23 
1.308000e+00 1.487531e-23 5.188173e-24 2.006348e-23 
1.310000e+00 1.489566e-23 5.166050e-24 2.006171e-23 
1.312000e+00 1.495686e-23 5.144369e-24 2.010123e-23 
1.314000e+00 1.501895e-23 5.121000e-24 2.013995e-23 
1.316000e+00 1.508300e-23 5.096429e-24 2.017943e-23 
1.318000e+00 1.510317e-23 5.074282e-24 2.017745e-23 
1.320000e+00 1.512547e-23 5.050902e-24 2.017637e-23 
1.322000e+00 1.514086e-23 5.030991e-24 2.017185e-23 
1.324000e+00 1.512978e-23 5.007806e-24 2.013759e-23 
1.326000e+00 1.512513e-23 4.987110e-24 2.011224e-23 
1.328000e+00 1.511228e-23 4.964997e-24 2.007728e-23 
1.330000e+00 1.509134e-23 4.945871e-24 2.003721e-23 
1.332000e+00 1.507040e-23 4.921143e-24 1.999154e-23 
1.334000e+00 1.504893e-23 4.899802e-24 1.994873e-23 
1.336000e+00 1.502066e-23 4.878985e-24 1.989965e-23 
1.338000e+00 1.499156e-23 4.857529e-24 1.984909e-23 
1.340000e+00 1.496177e-23 4.836534e-24 1.979830e-23 
1.342000e+00 1.492573e-23 4.814843e-24 1.974057e-23 
1.344000e+00 1.489411e-23 4.795336e-24 1.968944e-23 
1.346000e+00 1.486162e-23 4.771804e-24 1.963342e-23 
1.348000e+00 1.481928e-23 4.753223e-24 1.957250e-23 
1.350000e+00 1.478658e-23 4.731337e-24 1.951792e-23 
1.352000e+00 1.474974e-23 4.712163e-24 1.946190e-23 
1.354000e+00 1.470966e-23 4.693382e-24 1.940304e-23 
1.356000e+00 1.466835e-23 4.671506e-24 1.933986e-23 
1.358000e+00 1.463332e-23 4.652098e-24 1.928542e-23 
1.360000e+00 1.459183e-23 4.630898e-24 1.922273e-23 
1.362000e+00 1.455365e-23 4.611769e-24 1.916542e-23 
1.364000e+00 1.451249e-23 4.591228e-24 1.910372e-23 
1.366000e+00 1.447069e-23 4.571866e-24 1.904255e-23 
1.368000e+00 1.442277e-23 4.550833e-24 1.897361e-23 
1.370000e+00 1.438298e-23 4.531811e-24 1.891479e-23 
1.372000e+00 1.433764e-23 4.512599e-24 1.885024e-23 
1.374000e+00 1.429746e-23 4.492211e-24 1.878968e-23 
1.376000e+00 1.425204e-23 4.473524e-24 1.872556e-23 
1.378000e+00 1.421012e-23 4.453205e-24 1.866333e-23 
1.380000e+00 1.417079e-23 4.433429e-24 1.860422e-23 
1.382000e+00 1.412621e-23 4.416763e-24 1.854297e-23 
1.384000e+00 1.408147e-23 4.398338e-24 1.847981e-23 
1.386000e+00 1.403661e-23 4.377605e-24 1.841421e-23 
1.388000e+00 1.398882e-23 4.360259e-24 1.834908e-23 
1.390000e+00 1.394642e-23 4.343343e-24 1.828976e-23 
1.392000e+00 1.389945e-23 4.325268e-24 1.822472e-23 
1.394000e+00 1.385774e-23 4.305026e-24 1.816276e-23 
1.396000e+00 1.380955e-23 4.287974e-24 1.809753e-23 
1.398000e+00 1.376827e-23 4.270230e-24 1.803850e-23 
1.400000e+00 1.372308e-23 4.249957e-24 1.797304e-23 
1.402000e+00 1.367615e-23 4.233062e-24 1.790921e-23 
1.404000e+00 1.363213e-23 4.214863e-24 1.784699e-23 
1.406000e+00 1.358528e-23 4.195171e-24 1.778045e-23 
1.408000e+00 1.353754e-23 4.178151e-24 1.771569e-23 
1.410000e+00 1.349577e-23 4.159907e-24 1.765568e-23 
1.412000e+00 1.344849e-23 4.141439e-24 1.758993e-23 
1.414000e+00 1.340667e-23 4.127395e-24 1.753407e-23 
1.416000e+00 1.335741e-23 4.107396e-24 1.746481e-23 
1.418000e+00 1.331489e-23 4.091362e-24 1.740625e-23 
1.420000e+00 1.326774e-23 4.074938e-24 1.734268e-23 
1.422000e+00 1.322356e-23 4.057680e-24 1.728124e-23 
1.424000e+00 1.318413e-23 4.042146e-24 1.722627e-23 
1.426000e+00 1.313418e-23 4.053760e-24 1.718794e-23 
1.428000e+00 1.308476e-23 4.008821e-24 1.709359e-23 
1.430000e+00 1.303839e-23 3.991898e-24 1.703028e-23 
1.432000e+00 1.299504e-23 3.975403e-24 1.697045e-23 
1.434000e+00 1.295191e-23 3.959442e-24 1.691136e-23 
1.436000e+00 1.291040e-23 3.942918e-24 1.685332e-23 
1.438000e+00 1.286565e-23 3.927945e-24 1.679360e-23 
1.440000e+00 1.281954e-23 3.908056e-24 1.672759e-23 
1.442000e+00 1.277508e-23 3.893338e-24 1.666842e-23 
1.444000e+00 1.272782e-23 3.876808e-24 1.660462e-23 
1.446000e+00 1.268451e-23 3.862850e-24 1.654736e-23 
1.448000e+00 1.264042e-23 3.844563e-24 1.648499e-23 
1.450000e+00 1.259536e-23 3.831868e-24 1.642723e-23 
1.452000e+00 1.254746e-23 3.813880e-24 1.636134e-23 
1.454000e+00 1.250507e-23 3.798268e-24 1.630334e-23 
1.456000e+00 1.245874e-23 3.785558e-24 1.624429e-23 
1.458000e+00 1.241497e-23 3.769831e-24 1.618480e-23 
1.460000e+00 1.237307e-23 3.754638e-24 1.612770e-23 
1.462000e+00 1.232881e-23 3.738919e-24 1.606773e-23 
1.464000e+00 1.228428e-23 3.723773e-24 1.600806e-23 
1.466000e+00 1.223997e-23 3.708714e-24 1.594868e-23 
1.468000e+00 1.219919e-23 3.693472e-24 1.589267e-23 
1.470000e+00 1.215533e-23 3.678661e-24 1.583399e-23 
1.472000e+00 1.211046e-23 3.663356e-24 1.577381e-23 
1.474000e+00 1.207044e-23 3.648564e-24 1.571901e-23 
1.476000e+00 1.202689e-23 3.633242e-24 1.566013e-23 
1.478000e+00 1.198290e-23 3.618299e-24 1.560120e-23 
1.480000e+00 1.194146e-23 3.603695e-24 1.554515e-23 
1.482000e+00 1.189829e-23 3.588458e-24 1.548675e-23 
1.484000e+00 1.185884e-23 3.573210e-24 1.543205e-23 
1.486000e+00 1.181181e-23 3.558830e-24 1.537064e-23 
1.488000e+00 1.176631e-23 3.544047e-24 1.531036e-23 
1.490000e+00 1.172737e-23 3.532096e-24 1.525947e-23 
1.492000e+00 1.168291e-23 3.517963e-24 1.520087e-23 
1.494000e+00 1.164259e-23 3.503995e-24 1.514658e-23 
1.496000e+00 1.159946e-23 3.490850e-24 1.509031e-23 
1.498000e+00 1.155929e-23 3.477672e-24 1.503696e-23 
1.500000e+00 1.151766e-23 3.463769e-24 1.498143e-23 
1.502000e+00 1.147327e-23 3.448554e-24 1.492183e-23 
1.504000e+00 1.143108e-23 3.433801e-24 1.486488e-23 
1.506000e+00 1.138951e-23 3.420930e-24 1.481044e-23 
1.508000e+00 1.134800e-23 3.406602e-24 1.475460e-23 
1.510000e+00 1.130910e-23 3.391633e-24 1.470073e-23 
1.512000e+00 1.126551e-23 3.379534e-24 1.464505e-23 
1.514000e+00 1.122389e-23 3.366561e-24 1.459046e-23 
1.516000e+00 1.118369e-23 3.352071e-24 1.453576e-23 
1.518000e+00 1.114284e-23 3.339311e-24 1.448215e-23 
1.520000e+00 1.110062e-23 3.326983e-24 1.442761e-23 
1.522000e+00 1.105949e-23 3.313843e-24 1.437334e-23 
1.524000e+00 1.101912e-23 3.301993e-24 1.432112e-23 
1.526000e+00 1.097978e-23 3.287556e-24 1.426734e-23 
1.528000e+00 1.093646e-23 3.275296e-24 1.421176e-23 
1.530000e+00 1.089704e-23 3.262438e-24 1.415948e-23 
1.532000e+00 1.085965e-23 3.248704e-24 1.410835e-23 
1.534000e+00 1.081827e-23 3.237398e-24 1.405567e-23 
1.536000e+00 1.078280e-23 3.223582e-24 1.400638e-23 
1.538000e+00 1.074176e-23 3.209686e-24 1.395145e-23 
1.540000e+00 1.070202e-23 3.197257e-24 1.389928e-23 
1.542000e+00 1.066138e-23 3.185668e-24 1.384705e-23 
1.544000e+00 1.062087e-23 3.173649e-24 1.379452e-23 
1.546000e+00 1.058134e-23 3.160244e-24 1.374158e-23 
1.548000e+00 1.054448e-23 3.149823e-24 1.369430e-23 
1.550000e+00 1.050439e-23 3.136171e-24 1.364056e-23 
1.552000e+00 1.046728e-23 3.123102e-24 1.359038e-23 
1.554000e+00 1.042521e-23 3.109820e-24 1.353503e-23 
1.556000e+00 1.038729e-23 3.099122e-24 1.348641e-23 
1.558000e+00 1.035006e-23 3.088878e-24 1.343893e-23 
1.560000e+00 1.031092e-23 3.075566e-24 1.338649e-23 
1.562000e+00 1.027182e-23 3.065711e-24 1.333753e-23 
1.564000e+00 1.023296e-23 3.052514e-24 1.328547e-23 
1.566000e+00 1.019395e-23 3.041068e-24 1.323501e-23 
1.568000e+00 1.015697e-23 3.030175e-24 1.318715e-23 
1.570000e+00 1.012011e-23 3.017141e-24 1.313726e-23 
1.572000e+00 1.008349e-23 3.004823e-24 1.308831e-23 
1.574000e+00 1.004754e-23 2.993958e-24 1.304150e-23 
1.576000e+00 1.000835e-23 2.982732e-24 1.299108e-23 
1.578000e+00 9.969026e-24 2.972150e-24 1.294118e-23 
1.580000e+00 9.929774e-24 2.959143e-24 1.288892e-23 
1.582000e+00 9.894268e-24 2.947459e-24 1.284173e-23 
1.584000e+00 9.857998e-24 2.937615e-24 1.279561e-23 
1.586000e+00 9.820300e-24 2.949741e-24 1.277004e-23 
1.588000e+00 9.781486e-24 2.938931e-24 1.272042e-23 
1.590000e+00 9.744422e-24 2.928166e-24 1.267259e-23 
1.592000e+00 9.712801e-24 2.918526e-24 1.263133e-23 
1.594000e+00 9.675120e-24 2.906795e-24 1.258191e-23 
1.596000e+00 9.641126e-24 2.895995e-24 1.253712e-23 
1.598000e+00 9.604356e-24 2.885275e-24 1.248963e-23 
1.600000e+00 9.566824e-24 2.873816e-24 1.244064e-23 
1.602000e+00 9.529238e-24 2.863209e-24 1.239245e-23 
1.604000e+00 9.495470e-24 2.850255e-24 1.234573e-23 
1.606000e+00 9.460425e-24 2.840050e-24 1.230047e-23 
1.608000e+00 9.426228e-24 2.828674e-24 1.225490e-23 
1.610000e+00 9.390425e-24 2.819304e-24 1.220973e-23 
1.612000e+00 9.351876e-24 2.807322e-24 1.215920e-23 
1.614000e+00 9.320063e-24 2.797538e-24 1.211760e-23 
1.616000e+00 9.283049e-24 2.786184e-24 1.206923e-23 
1.618000e+00 9.244860e-24 2.776470e-24 1.202133e-23 
1.620000e+00 9.212106e-24 2.764877e-24 1.197698e-23 
1.622000e+00 9.176651e-24 2.754152e-24 1.193080e-23 
1.624000e+00 9.141221e-24 2.745419e-24 1.188664e-23 
1.626000e+00 9.108380e-24 2.734944e-24 1.184332e-23 
1.628000e+00 9.073751e-24 2.725349e-24 1.179910e-23 
1.630000e+00 9.042288e-24 2.715120e-24 1.175741e-23 
1.632000e+00 9.007164e-24 2.705491e-24 1.171265e-23 
1.634000e+00 8.975546e-24 2.694680e-24 1.167023e-23 
1.636000e+00 8.936868e-24 2.686139e-24 1.162301e-23 
1.638000e+00 8.904151e-24 2.675127e-24 1.157928e-23 
1.640000e+00 8.871789e-24 2.666054e-24 1.153784e-23 
1.642000e+00 8.836904e-24 2.655302e-24 1.149221e-23 
1.644000e+00 8.807831e-24 2.646148e-24 1.145398e-23 
1.646000e+00 8.772360e-24 2.635793e-24 1.140815e-23 
1.648000e+00 8.740896e-24 2.626192e-24 1.136709e-23 
1.650000e+00 8.705977e-24 2.615490e-24 1.132147e-23 
1.652000e+00 8.668383e-24 2.606906e-24 1.127529e-23 
1.654000e+00 8.635568e-24 2.597832e-24 1.123340e-23 
1.656000e+00 8.604718e-24 2.586968e-24 1.119169e-23 
1.658000e+00 8.569985e-24 2.577629e-24 1.114761e-23 
1.660000e+00 8.542028e-24 2.569035e-24 1.111106e-23 
1.662000e+00 8.506770e-24 2.557386e-24 1.106416e-23 
1.664000e+00 8.475750e-24 2.549136e-24 1.102489e-23 
1.666000e+00 8.442780e-24 2.539491e-24 1.098227e-23 
1.668000e+00 8.407842e-24 2.530754e-24 1.093860e-23 
1.670000e+00 8.379144e-24 2.522456e-24 1.090160e-23 
1.672000e+00 8.344188e-24 2.513450e-24 1.085764e-23 
1.674000e+00 8.314447e-24 2.503637e-24 1.081808e-23 
1.676000e+00 8.283062e-24 2.494769e-24 1.077783e-23 
1.678000e+00 8.252007e-24 2.486093e-24 1.073810e-23 
1.680000e+00 8.215423e-24 2.476335e-24 1.069176e-23 
1.682000e+00 8.186617e-24 2.467519e-24 1.065414e-23 
1.684000e+00 8.156098e-24 2.458234e-24 1.061433e-23 
1.686000e+00 8.125439e-24 2.450169e-24 1.057561e-23 
1.688000e+00 8.093443e-24 2.440676e-24 1.053412e-23 
1.690000e+00 8.062646e-24 2.432051e-24 1.049470e-23 
1.692000e+00 8.029319e-24 2.423243e-24 1.045256e-23 
1.694000e+00 7.999849e-24 2.413048e-24 1.041290e-23 
1.696000e+00 7.971036e-24 2.405217e-24 1.037625e-23 
1.698000e+00 7.938278e-24 2.395337e-24 1.033361e-23 
1.700000e+00 7.909672e-24 2.386735e-24 1.029641e-23 
1.702000e+00 7.877573e-24 2.377582e-24 1.025516e-23 
1.704000e+00 7.847538e-24 2.370191e-24 1.021773e-23 
1.706000e+00 7.818047e-24 2.361453e-24 1.017950e-23 
1.708000e+00 7.786138e-24 2.350935e-24 1.013707e-23 
1.710000e+00 7.755867e-24 2.345280e-24 1.010115e-23 
1.712000e+00 7.727865e-24 2.335296e-24 1.006316e-23 
1.714000e+00 7.693124e-24 2.326967e-24 1.002009e-23 
1.716000e+00 7.666543e-24 2.319386e-24 9.985929e-24 
1.718000e+00 7.637458e-24 2.310265e-24 9.947723e-24 
1.720000e+00 7.607683e-24 2.302673e-24 9.910356e-24 
1.722000e+00 7.575598e-24 2.293242e-24 9.868840e-24 
1.724000e+00 7.545296e-24 2.285665e-24 9.830961e-24 
1.726000e+00 7.514846e-24 2.277875e-24 9.792722e-24 
1.728000e+00 7.488054e-24 2.268533e-24 9.756587e-24 
1.730000e+00 7.457139e-24 2.261629e-24 9.718768e-24 
1.732000e+00 7.429804e-24 2.252058e-24 9.681863e-24 
1.734000e+00 7.400047e-24 2.243563e-24 9.643610e-24 
1.736000e+00 7.371053e-24 2.236364e-24 9.607417e-24 
1.738000e+00 7.343075e-24 2.226972e-24 9.570047e-24 
1.740000e+00 7.312754e-24 2.218750e-24 9.531505e-24 
1.742000e+00 7.280109e-24 2.211959e-24 9.492068e-24 
1.744000e+00 7.251565e-24 2.204677e-24 9.456242e-24 
1.746000e+00 7.221865e-24 2.196978e-24 9.418843e-24 
1.748000e+00 7.193078e-24 2.187842e-24 9.380920e-24 
1.750000e+00 7.165345e-24 2.181459e-24 9.346804e-24 
1.752000e+00 7.135377e-24 2.172908e-24 9.308285e-24 
1.754000e+00 7.106297e-24 2.165635e-24 9.271932e-24 
1.756000e+00 7.077131e-24 2.157932e-24 9.235063e-24 
1.758000e+00 7.047991e-24 2.151431e-24 9.199422e-24 
1.760000e+00 7.020115e-24 2.143284e-24 9.163400e-24 
1.762000e+00 6.991753e-24 2.136231e-24 9.127985e-24 
1.764000e+00 6.963020e-24 2.126814e-24 9.089834e-24 
1.766000e+00 6.934204e-24 2.119141e-24 9.053345e-24 
1.768000e+00 6.905455e-24 2.112747e-24 9.018202e-24 
1.770000e+00 6.876249e-24 2.104920e-24 8.981168e-24 
1.772000e+00 6.847315e-24 2.098433e-24 8.945748e-24 
1.774000e+00 6.819096e-24 2.090130e-24 8.909226e-24 
1.776000e+00 6.786675e-24 2.083755e-24 8.870430e-24 
1.778000e+00 6.756827e-24 2.075840e-24 8.832667e-24 
1.780000e+00 6.727871e-24 2.069134e-24 8.797005e-24 
1.782000e+00 6.699841e-24 2.060627e-24 8.760468e-24 
1.784000e+00 6.668571e-24 2.055039e-24 8.723610e-24 
1.786000e+00 6.637097e-24 2.048076e-24 8.685173e-24 
1.788000e+00 6.605875e-24 2.040418e-24 8.646293e-24 
1.790000e+00 6.579032e-24 2.034281e-24 8.613313e-24 
1.792000e+00 6.550578e-24 2.028005e-24 8.578583e-24 
1.794000e+00 6.515173e-24 2.020448e-24 8.535621e-24 
1.796000e+00 6.488248e-24 2.012721e-24 8.500969e-24 
1.798000e+00 6.461696e-24 2.005059e-24 8.466754e-24 
1.800000e+00 6.426611e-24 1.999483e-24 8.426094e-24 
1.802000e+00 6.394993e-24 1.993007e-24 8.388000e-24 
1.804000e+00 6.362368e-24 1.985150e-24 8.347518e-24 
1.806000e+00 6.331320e-24 1.979950e-24 8.311270e-24 
1.808000e+00 6.295848e-24 1.971711e-24 8.267560e-24 
1.810000e+00 6.264492e-24 1.964298e-24 8.228790e-24 
1.812000e+00 6.228377e-24 1.959421e-24 8.187797e-24 
1.814000e+00 6.196810e-24 1.951923e-24 8.148732e-24 
1.816000e+00 6.154016e-24 1.944272e-24 8.098287e-24 
1.818000e+00 6.116276e-24 1.938980e-24 8.055256e-24 
1.820000e+00 6.075843e-24 1.931328e-24 8.007172e-24 
1.822000e+00 6.032655e-24 1.925445e-24 7.958100e-24 
1.824000e+00 5.982570e-24 1.917485e-24 7.900055e-24 
1.826000e+00 5.927978e-24 1.911572e-24 7.839550e-24 
1.828000e+00 5.881543e-24 1.905254e-24 7.786797e-24 
1.830000e+00 5.830706e-24 1.898465e-24 7.729170e-24 
1.832000e+00 5.784052e-24 1.893145e-24 7.677197e-24 
1.834000e+00 5.742605e-24 1.885836e-24 7.628441e-24 
1.836000e+00 5.697257e-24 1.879860e-24 7.577117e-24 
1.838000e+00 5.658402e-24 1.872050e-24 7.530452e-24 
1.840000e+00 5.636236e-24 1.867414e-24 7.503650e-24 
1.842000e+00 5.619277e-24 1.860607e-24 7.479884e-24 
1.844000e+00 5.604587e-24 1.854079e-24 7.458666e-24 
1.846000e+00 5.586726e-24 1.848221e-24 7.434946e-24 
1.848000e+00 5.595732e-24 1.842779e-24 7.438511e-24 
1.850000e+00 5.601075e-24 1.835330e-24 7.436406e-24 
1.852000e+00 5.612201e-24 1.829309e-24 7.441510e-24 
1.854000e+00 5.620993e-24 1.822796e-24 7.443788e-24 
1.856000e+00 5.635110e-24 1.816073e-24 7.451183e-24 
1.858000e+00 5.646022e-24 1.809970e-24 7.455992e-24 
1.860000e+00 5.660241e-24 1.804390e-24 7.464632e-24 
1.862000e+00 5.672779e-24 1.796862e-24 7.469641e-24 
1.864000e+00 5.671297e-24 1.791465e-24 7.462762e-24 
1.866000e+00 5.667322e-24 1.786011e-24 7.453332e-24 
1.868000e+00 5.663400e-24 1.779737e-24 7.443137e-24 
1.870000e+00 5.660927e-24 1.774221e-24 7.435148e-24 
1.872000e+00 5.653102e-24 1.768694e-24 7.421797e-24 
1.874000e+00 5.643182e-24 1.762662e-24 7.405844e-24 
1.876000e+00 5.636587e-24 1.756825e-24 7.393412e-24 
1.878000e+00 5.628337e-24 1.751259e-24 7.379596e-24 
1.880000e+00 5.618305e-24 1.746619e-24 7.364924e-24 
1.882000e+00 5.611970e-24 1.741179e-24 7.353150e-24 
1.884000e+00 5.601895e-24 1.735193e-24 7.337088e-24 
1.886000e+00 5.592163e-24 1.729462e-24 7.321625e-24 
1.888000e+00 5.581291e-24 1.723638e-24 7.304929e-24 
1.890000e+00 5.566279e-24 1.717252e-24 7.283531e-24 
1.892000e+00 5.558612e-24 1.712562e-24 7.271174e-24 
1.894000e+00 5.546885e-24 1.705716e-24 7.252602e-24 
1.896000e+00 5.533155e-24 1.700813e-24 7.233968e-24 
1.898000e+00 5.525222e-24 1.695047e-24 7.220270e-24 
1.900000e+00 5.509870e-24 1.688769e-24 7.198638e-24 
1.902000e+00 5.496182e-24 1.684182e-24 7.180364e-24 
1.904000e+00 5.481287e-24 1.679286e-24 7.160573e-24 
1.906000e+00 5.465398e-24 1.673365e-24 7.138763e-24 
1.908000e+00 5.457480e-24 1.667272e-24 7.124752e-24 
1.910000e+00 5.443089e-24 1.662209e-24 7.105298e-24 
1.912000e+00 5.431271e-24 1.657440e-24 7.088711e-24 
1.914000e+00 5.416696e-24 1.651164e-24 7.067860e-24 
1.916000e+00 5.405661e-24 1.646080e-24 7.051741e-24 
1.918000e+00 5.391820e-24 1.640957e-24 7.032777e-24 
1.920000e+00 5.376738e-24 1.636300e-24 7.013038e-24 
1.922000e+00 5.363879e-24 1.629588e-24 6.993467e-24 
1.924000e+00 5.350377e-24 1.624842e-24 6.975219e-24 
1.926000e+00 5.338222e-24 1.620273e-24 6.958494e-24 
1.928000e+00 5.321367e-24 1.614438e-24 6.935805e-24 
1.930000e+00 5.308161e-24 1.608550e-24 6.916711e-24 
1.932000e+00 5.294649e-24 1.604809e-24 6.899458e-24 
1.934000e+00 5.281976e-24 1.599016e-24 6.880992e-24 
1.936000e+00 5.266228e-24 1.592711e-24 6.858940e-24 
1.938000e+00 5.253954e-24 1.588460e-24 6.842414e-24 
1.940000e+00 5.241393e-24 1.582163e-24 6.823557e-24 
1.942000e+00 5.223510e-24 1.576634e-24 6.800144e-24 
1.944000e+00 5.212462e-24 1.572465e-24 6.784926e-24 
1.946000e+00 5.199025e-24 1.566891e-24 6.765916e-24 
1.948000e+00 5.184156e-24 1.561901e-24 6.746058e-24 
1.950000e+00 5.169900e-24 1.557158e-24 6.727057e-24 
1.952000e+00 5.153864e-24 1.550507e-24 6.704372e-24 
1.954000e+00 5.139214e-24 1.547109e-24 6.686324e-24 
1.956000e+00 5.125788e-24 1.541122e-24 6.666910e-24 
1.958000e+00 5.115850e-24 1.537016e-24 6.652865e-24 
1.960000e+00 5.100668e-24 1.532826e-24 6.633494e-24 
1.962000e+00 5.087200e-24 1.526276e-24 6.613476e-24 
1.964000e+00 5.073518e-24 1.522675e-24 6.596193e-24 
1.966000e+00 5.059892e-24 1.518191e-24 6.578083e-24 
1.968000e+00 5.047295e-24 1.512546e-24 6.559841e-24 
1.970000e+00 5.032781e-24 1.508412e-24 6.541193e-24 
1.972000e+00 5.014826e-24 1.502695e-24 6.517522e-24 
1.974000e+00 5.000545e-24 1.498928e-24 6.499473e-24 
1.976000e+00 4.987146e-24 1.493789e-24 6.480934e-24 
1.978000e+00 4.974199e-24 1.488320e-24 6.462519e-24 
1.980000e+00 4.960874e-24 1.484107e-24 6.444981e-24 
1.982000e+00 4.946422e-24 1.479610e-24 6.426032e-24 
1.984000e+00 4.931825e-24 1.474558e-24 6.406383e-24 
1.986000e+00 4.917346e-24 1.470298e-24 6.387643e-24 
1.988000e+00 4.904509e-24 1.465943e-24 6.370452e-24 
1.990000e+00 4.889864e-24 1.460303e-24 6.350167e-24 
1.992000e+00 4.877535e-24 1.455472e-24 6.333007e-24 
1.994000e+00 4.863513e-24 1.451405e-24 6.314919e-24 
1.996000e+00 4.849099e-24 1.446228e-24 6.295327e-24 
1.998000e+00 4.835753e-24 1.441196e-24 6.276949e-24 
2.000000e+00 4.823685e-24 1.436817e-24 6.260502e-24 
2.002000e+00 4.807779e-24 1.432768e-24 6.240547e-24 
2.004000e+00 4.794366e-24 1.429015e-24 6.223381e-24 
2.006000e+00 4.780601e-24 1.427171e-24 6.207772e-24 
2.008000e+00 4.767195e-24 1.419901e-24 6.187095e-24 
2.010000e+00 4.753254e-24 1.415206e-24 6.168460e-24 
2.012000e+00 4.740177e-24 1.411245e-24 6.151422e-24 
2.014000e+00 4.725464e-24 1.406841e-24 6.132305e-24 
2.016000e+00 4.712478e-24 1.402571e-24 6.115050e-24 
2.018000e+00 4.698839e-24 1.398328e-24 6.097167e-24 
2.020000e+00 4.686032e-24 1.394737e-24 6.080768e-24 
2.022000e+00 4.671902e-24 1.389771e-24 6.061673e-24 
2.024000e+00 4.657882e-24 1.385747e-24 6.043629e-24 
2.026000e+00 4.642638e-24 1.381205e-24 6.023844e-24 
2.028000e+00 4.628694e-24 1.376859e-24 6.005554e-24 
2.030000e+00 4.618347e-24 1.372975e-24 5.991323e-24 
2.032000e+00 4.604635e-24 1.368297e-24 5.972932e-24 
2.034000e+00 4.592680e-24 1.365016e-24 5.957697e-24 
2.036000e+00 4.579017e-24 1.358408e-24 5.937425e-24 
2.038000e+00 4.564217e-24 1.354536e-24 5.918753e-24 
2.040000e+00 4.555108e-24 1.349948e-24 5.905056e-24 
2.042000e+00 4.540647e-24 1.346465e-24 5.887112e-24 
2.044000e+00 4.528518e-24 1.343667e-24 5.872185e-24 
2.046000e+00 4.513727e-24 1.337963e-24 5.851690e-24 
2.048000e+00 4.501476e-24 1.334804e-24 5.836280e-24 
2.050000e+00 4.487004e-24 1.330050e-24 5.817054e-24 
2.052000e+00 4.473540e-24 1.326447e-24 5.799987e-24 
2.054000e+00 4.463205e-24 1.322101e-24 5.785307e-24 
2.056000e+00 4.448875e-24 1.317333e-24 5.766208e-24 
2.058000e+00 4.436727e-24 1.314484e-24 5.751211e-24 
2.060000e+00 4.421367e-24 1.310055e-24 5.731422e-24 
2.062000e+00 4.408847e-24 1.306212e-24 5.715058e-24 
2.064000e+00 4.399284e-24 1.301644e-24 5.700929e-24 
2.066000e+00 4.384391e-24 1.298237e-24 5.682628e-24 
2.068000e+00 4.371112e-24 1.294013e-24 5.665125e-24 
2.070000e+00 4.362344e-24 1.290383e-24 5.652728e-24 
2.072000e+00 4.345703e-24 1.286495e-24 5.632198e-24 
2.074000e+00 4.336425e-24 1.281766e-24 5.618191e-24 
2.076000e+00 4.322950e-24 1.277551e-24 5.600501e-24 
2.078000e+00 4.309428e-24 1.273083e-24 5.582511e-24 
2.080000e+00 4.299449e-24 1.270391e-24 5.569840e-24 
2.082000e+00 4.285569e-24 1.266423e-24 5.551992e-24 
2.084000e+00 4.271608e-24 1.262009e-24 5.533617e-24 
2.086000e+00 4.257055e-24 1.258216e-24 5.515271e-24 
2.088000e+00 4.246876e-24 1.253796e-24 5.500671e-24 
2.090000e+00 4.235712e-24 1.251387e-24 5.487099e-24 
2.092000e+00 4.221790e-24 1.246870e-24 5.468660e-24 
2.094000e+00 4.212839e-24 1.243399e-24 5.456239e-24 
2.096000e+00 4.197491e-24 1.239063e-24 5.436555e-24 
2.098000e+00 4.187571e-24 1.236261e-24 5.423832e-24 
2.100000e+00 4.175544e-24 1.232377e-24 5.407921e-24 
2.102000e+00 4.164160e-24 1.229558e-24 5.393718e-24 
2.104000e+00 4.149135e-24 1.225424e-24 5.374559e-24 
2.106000e+00 4.136033e-24 1.222053e-24 5.358085e-24 
2.108000e+00 4.123937e-24 1.217724e-24 5.341661e-24 
2.110000e+00 4.112796e-24 1.214750e-24 5.327546e-24 
2.112000e+00 4.103256e-24 1.211088e-24 5.314344e-24 
2.114000e+00 4.089953e-24 1.207655e-24 5.297608e-24 
2.116000e+00 4.077807e-24 1.203304e-24 5.281111e-24 
2.118000e+00 4.064842e-24 1.200704e-24 5.265546e-24 
2.120000e+00 4.055547e-24 1.196579e-24 5.252126e-24 
2.122000e+00 4.042279e-24 1.194463e-24 5.236742e-24 
2.124000e+00 4.030453e-24 1.189722e-24 5.220176e-24 
2.126000e+00 4.019434e-24 1.187070e-24 5.206504e-24 
2.128000e+00 4.009900e-24 1.182234e-24 5.192134e-24 
2.130000e+00 3.995665e-24 1.178739e-24 5.174404e-24 
2.132000e+00 3.985637e-24 1.175545e-24 5.161183e-24 
2.134000e+00 3.971640e-24 1.172439e-24 5.144080e-24 
2.136000e+00 3.961548e-24 1.167609e-24 5.129157e-24 
2.138000e+00 3.951316e-24 1.165255e-24 5.116571e-24 
2.140000e+00 3.941284e-24 1.162523e-24 5.103807e-24 
2.142000e+00 3.926792e-24 1.157889e-24 5.084681e-24 
2.144000e+00 3.916792e-24 1.155038e-24 5.071829e-24 
2.146000e+00 3.907164e-24 1.152490e-24 5.059653e-24 
2.148000e+00 3.894213e-24 1.148721e-24 5.042934e-24 
2.150000e+00 3.884617e-24 1.144699e-24 5.029316e-24 
2.152000e+00 3.871179e-24 1.142094e-24 5.013274e-24 
2.154000e+00 3.860720e-24 1.138656e-24 4.999376e-24 
2.156000e+00 3.851368e-24 1.135877e-24 4.987244e-24 
2.158000e+00 3.837785e-24 1.133098e-24 4.970883e-24 
2.160000e+00 3.828320e-24 1.128829e-24 4.957149e-24 
2.162000e+00 3.816684e-24 1.125382e-24 4.942066e-24 
2.164000e+00 3.805674e-24 1.122791e-24 4.928465e-24 
2.166000e+00 3.794754e-24 1.119504e-24 4.914258e-24 
2.168000e+00 3.781967e-24 1.115498e-24 4.897465e-24 
2.170000e+00 3.773310e-24 1.112053e-24 4.885362e-24 
2.172000e+00 3.763259e-24 1.109623e-24 4.872883e-24 
2.174000e+00 3.753261e-24 1.105536e-24 4.858797e-24 
2.176000e+00 3.741909e-24 1.102403e-24 4.844312e-24 
2.178000e+00 3.730447e-24 1.099720e-24 4.830167e-24 
2.180000e+00 3.720143e-24 1.097135e-24 4.817277e-24 
2.182000e+00 3.708270e-24 1.092375e-24 4.800645e-24 
2.184000e+00 3.697391e-24 1.090309e-24 4.787701e-24 
2.186000e+00 3.688955e-24 1.086791e-24 4.775746e-24 
2.188000e+00 3.678459e-24 1.083623e-24 4.762083e-24 
2.190000e+00 3.665583e-24 1.079241e-24 4.744825e-24 
2.192000e+00 3.655007e-24 1.076288e-24 4.731295e-24 
2.194000e+00 3.645726e-24 1.074006e-24 4.719732e-24 
2.196000e+00 3.634844e-24 1.071425e-24 4.706269e-24 
2.198000e+00 3.624792e-24 1.067582e-24 4.692374e-24 
2.200000e+00 3.615409e-24 1.064903e-24 4.680312e-24 
2.202000e+00 3.604107e-24 1.062418e-24 4.666525e-24 
2.204000e+00 3.592249e-24 1.059353e-24 4.651602e-24 
2.206000e+00 3.582027e-24 1.056692e-24 4.638719e-24 
2.208000e+00 3.572414e-24 1.052540e-24 4.624954e-24 
2.210000e+00 3.561448e-24 1.049019e-24 4.610467e-24 
2.212000e+00 3.553036e-24 1.046503e-24 4.599539e-24 
2.214000e+00 3.541421e-24 1.043303e-24 4.584724e-24 
2.216000e+00 3.531767e-24 1.041179e-24 4.572945e-24 
2.218000e+00 3.522378e-24 1.038089e-24 4.560466e-24 
2.220000e+00 3.512840e-24 1.034687e-24 4.547528e-24 
2.222000e+00 3.501715e-24 1.032199e-24 4.533914e-24 
2.224000e+00 3.491535e-24 1.029079e-24 4.520615e-24 
2.226000e+00 3.481331e-24 1.025812e-24 4.507143e-24 
2.228000e+00 3.471554e-24 1.022167e-24 4.493721e-24 
2.230000e+00 3.461040e-24 1.019611e-24 4.480651e-24 
2.232000e+00 3.452392e-24 1.016600e-24 4.468991e-24 
2.234000e+00 3.441470e-24 1.014229e-24 4.455699e-24 
2.236000e+00 3.436607e-24 1.010872e-24 4.447479e-24 
2.238000e+00 3.425424e-24 1.007658e-24 4.433082e-24 
2.240000e+00 3.415783e-24 1.005220e-24 4.421003e-24 
2.242000e+00 3.403644e-24 1.001970e-24 4.405615e-24 
2.244000e+00 3.393975e-24 9.994663e-25 4.393441e-24 
2.246000e+00 3.384958e-24 9.960073e-25 4.380965e-24 
2.248000e+00 3.375370e-24 9.937925e-25 4.369163e-24 
2.250000e+00 3.364494e-24 9.907288e-25 4.355223e-24 
2.252000e+00 3.355202e-24 9.873224e-25 4.342525e-24 
2.254000e+00 3.345635e-24 9.856547e-25 4.331290e-24 
2.256000e+00 3.335391e-24 9.831302e-25 4.318521e-24 
2.258000e+00 3.325385e-24 9.805897e-25 4.305975e-24 
2.260000e+00 3.315967e-24 9.770906e-25 4.293058e-24 
2.262000e+00 3.309928e-24 9.745797e-25 4.284508e-24 
2.264000e+00 3.300348e-24 9.711684e-25 4.271516e-24 
2.266000e+00 3.288265e-24 9.688796e-25 4.257144e-24 
2.268000e+00 3.279657e-24 9.661285e-25 4.245785e-24 
2.270000e+00 3.268050e-24 9.644463e-25 4.232496e-24 
2.272000e+00 3.259637e-24 9.598737e-25 4.219511e-24 
2.274000e+00 3.253250e-24 9.574854e-25 4.210735e-24 
2.276000e+00 3.244340e-24 9.550829e-25 4.199422e-24 
2.278000e+00 3.233737e-24 9.532128e-25 4.186950e-24 
2.280000e+00 3.223041e-24 9.495200e-25 4.172561e-24 
2.282000e+00 3.217260e-24 9.469208e-25 4.164181e-24 
2.284000e+00 3.206789e-24 9.440234e-25 4.150812e-24 
2.286000e+00 3.199304e-24 9.412581e-25 4.140562e-24 
2.288000e+00 3.188699e-24 9.386528e-25 4.127352e-24 
2.290000e+00 3.180432e-24 9.359370e-25 4.116369e-24 
2.292000e+00 3.172192e-24 9.330921e-25 4.105284e-24 
2.294000e+00 3.162808e-24 9.306837e-25 4.093492e-24 
2.296000e+00 3.153970e-24 9.279138e-25 4.081884e-24 
2.298000e+00 3.143911e-24 9.250761e-25 4.068987e-24 
2.300000e+00 3.135615e-24 9.241467e-25 4.059761e-24 
2.302000e+00 3.126260e-24 9.206783e-25 4.046938e-24 
2.304000e+00 3.116243e-24 9.179342e-25 4.034178e-24 
2.306000e+00 3.111173e-24 9.161991e-25 4.027372e-24 
2.308000e+00 3.098794e-24 9.138239e-25 4.012617e-24 
2.310000e+00 3.094401e-24 9.107271e-25 4.005128e-24 
2.312000e+00 3.084205e-24 9.077126e-25 3.991918e-24 
2.314000e+00 3.076034e-24 9.066908e-25 3.982725e-24 
2.316000e+00 3.067256e-24 9.029796e-25 3.970236e-24 
2.318000e+00 3.059124e-24 9.005416e-25 3.959665e-24 
2.320000e+00 3.050088e-24 8.973091e-25 3.947397e-24 
2.322000e+00 3.041140e-24 8.957858e-25 3.936926e-24 
2.324000e+00 3.033461e-24 8.928846e-25 3.926345e-24 
2.326000e+00 3.023027e-24 8.907913e-25 3.913818e-24 
2.328000e+00 3.014402e-24 8.888352e-25 3.903237e-24 
2.330000e+00 3.007731e-24 8.855260e-25 3.893257e-24 
2.332000e+00 2.997331e-24 8.824899e-25 3.879821e-24 
2.334000e+00 2.988628e-24 8.812094e-25 3.869837e-24 
2.336000e+00 2.981304e-24 8.782592e-25 3.859563e-24 
2.338000e+00 2.971275e-24 8.756657e-25 3.846940e-24 
2.340000e+00 2.964521e-24 8.735918e-25 3.838112e-24 
2.342000e+00 2.958938e-24 8.711417e-25 3.830080e-24 
2.344000e+00 2.949899e-24 8.687175e-25 3.818616e-24 
2.346000e+00 2.941418e-24 8.669540e-25 3.808372e-24 
2.348000e+00 2.934188e-24 8.628994e-25 3.797087e-24 
2.350000e+00 2.924419e-24 8.622588e-25 3.786678e-24 
2.352000e+00 2.918092e-24 8.587372e-25 3.776829e-24 
2.354000e+00 2.913748e-24 8.577244e-25 3.771472e-24 
2.356000e+00 2.901443e-24 8.551065e-25 3.756550e-24 
2.358000e+00 2.895631e-24 8.525986e-25 3.748230e-24 
2.360000e+00 2.885701e-24 8.504440e-25 3.736145e-24 
2.362000e+00 2.879194e-24 8.480871e-25 3.727281e-24 
2.364000e+00 2.869453e-24 8.453942e-25 3.714847e-24 
2.366000e+00 2.862875e-24 8.442130e-25 3.707088e-24 
2.368000e+00 2.853032e-24 8.414693e-25 3.694501e-24 
2.370000e+00 2.844937e-24 8.397496e-25 3.684687e-24 
2.372000e+00 2.836954e-24 8.366897e-25 3.673643e-24 
2.374000e+00 2.829633e-24 8.346402e-25 3.664273e-24 
2.376000e+00 2.823459e-24 8.326050e-25 3.656064e-24 
2.378000e+00 2.816576e-24 8.304387e-25 3.647015e-24 
2.380000e+00 2.805827e-24 8.277943e-25 3.633621e-24 
2.382000e+00 2.800705e-24 8.264402e-25 3.627145e-24 
2.384000e+00 2.793816e-24 8.230521e-25 3.616868e-24 
2.386000e+00 2.784095e-24 8.215983e-25 3.605694e-24 
2.388000e+00 2.777875e-24 8.186628e-25 3.596538e-24 
2.390000e+00 2.769083e-24 8.742822e-25 3.643365e-24 
2.392000e+00 2.760872e-24 8.143282e-25 3.575200e-24 
2.394000e+00 2.753896e-24 8.128574e-25 3.566753e-24 
2.396000e+00 2.744231e-24 8.095474e-25 3.553778e-24 
2.398000e+00 2.738019e-24 8.085476e-25 3.546567e-24 
2.400000e+00 2.730523e-24 8.065204e-25 3.537044e-24 
2.402000e+00 2.724589e-24 8.027992e-25 3.527388e-24 
2.404000e+00 2.718084e-24 8.022057e-25 3.520290e-24 
2.406000e+00 2.708694e-24 7.996238e-25 3.508318e-24 
2.408000e+00 2.700860e-24 7.972226e-25 3.498083e-24 
2.410000e+00 2.694499e-24 7.951371e-25 3.489636e-24 
2.412000e+00 2.686699e-24 7.931356e-25 3.479835e-24 
2.414000e+00 2.682071e-24 7.912886e-25 3.473360e-24 
2.416000e+00 2.670546e-24 7.896264e-25 3.460173e-24 
2.418000e+00 2.663465e-24 7.848108e-25 3.448276e-24 
2.420000e+00 2.657841e-24 7.854093e-25 3.443251e-24 
2.422000e+00 2.651903e-24 7.829754e-25 3.434878e-24 
2.424000e+00 2.644338e-24 7.805641e-25 3.424902e-24 
2.426000e+00 2.635130e-24 7.789107e-25 3.414040e-24 
2.428000e+00 2.627737e-24 7.771538e-25 3.404891e-24 
2.430000e+00 2.620716e-24 7.746490e-25 3.395365e-24 
2.432000e+00 2.614568e-24 7.726407e-25 3.387209e-24 
2.434000e+00 2.609175e-24 7.700977e-25 3.379273e-24 
2.436000e+00 2.603042e-24 7.691853e-25 3.372227e-24 
2.438000e+00 2.595175e-24 7.671951e-25 3.362370e-24 
2.440000e+00 2.588526e-24 7.642610e-25 3.352787e-24 
2.442000e+00 2.581209e-24 7.621158e-25 3.343325e-24 
2.444000e+00 2.576294e-24 7.613673e-25 3.337661e-24 
2.446000e+00 2.569832e-24 7.579297e-25 3.327761e-24 
2.448000e+00 2.558628e-24 7.564748e-25 3.315103e-24 
2.450000e+00 2.552736e-24 7.544226e-25 3.307159e-24 
2.452000e+00 2.545973e-24 7.522594e-25 3.298233e-24 
2.454000e+00 2.539341e-24 7.502052e-25 3.289546e-24 
2.456000e+00 2.533347e-24 7.484826e-25 3.281830e-24 
2.458000e+00 2.525546e-24 7.461851e-25 3.271731e-24 
2.460000e+00 2.520134e-24 7.438333e-25 3.263967e-24 
2.462000e+00 2.512580e-24 7.427998e-25 3.255380e-24 
2.464000e+00 2.507317e-24 7.411957e-25 3.248513e-24 
2.466000e+00 2.499014e-24 7.387155e-25 3.237729e-24 
2.468000e+00 2.492742e-24 7.359528e-25 3.228695e-24 
2.470000e+00 2.485083e-24 7.343353e-25 3.219418e-24 
2.472000e+00 2.480702e-24 7.328366e-25 3.213539e-24 
2.474000e+00 2.473716e-24 7.314802e-25 3.205196e-24 
2.476000e+00 2.463216e-24 7.290372e-25 3.192253e-24 
2.478000e+00 2.456009e-24 7.280984e-25 3.184108e-24 
2.480000e+00 2.450787e-24 7.250958e-25 3.175883e-24 
2.482000e+00 2.445282e-24 7.238359e-25 3.169118e-24 
2.484000e+00 2.437579e-24 7.219997e-25 3.159578e-24 
2.486000e+00 2.434743e-24 7.191637e-25 3.153907e-24 
2.488000e+00 2.426915e-24 7.174816e-25 3.144397e-24 
2.490000e+00 2.420124e-24 7.163326e-25 3.136457e-24 
2.492000e+00 2.413659e-24 7.142610e-25 3.127920e-24 
2.494000e+00 2.407543e-24 7.122995e-25 3.119842e-24 
2.496000e+00 2.401151e-24 7.094500e-25 3.110601e-24 
2.498000e+00 2.392478e-24 7.081745e-25 3.100652e-24 
2.500000e+00 2.387220e-24 7.061447e-25 3.093365e-24 
2.502000e+00 2.379716e-24 7.045329e-25 3.084248e-24 
2.504000e+00 2.374962e-24 7.034480e-25 3.078410e-24 
2.506000e+00 2.369271e-24 7.011011e-25 3.070372e-24 
2.508000e+00 2.363617e-24 6.993701e-25 3.062987e-24 
2.510000e+00 2.357987e-24 6.968668e-25 3.054854e-24 
2.512000e+00 2.351477e-24 6.954927e-25 3.046970e-24 
2.514000e+00 2.343826e-24 6.935067e-25 3.037332e-24 
2.516000e+00 2.337575e-24 6.922617e-25 3.029837e-24 
2.518000e+00 2.330903e-24 6.903970e-25 3.021300e-24 
2.520000e+00 2.325134e-24 6.889246e-25 3.014058e-24 
2.522000e+00 2.319648e-24 6.874984e-25 3.007146e-24 
2.524000e+00 2.315366e-24 6.847859e-25 3.000152e-24 
2.526000e+00 2.308429e-24 6.834733e-25 2.991902e-24 
2.528000e+00 2.301887e-24 6.815559e-25 2.983443e-24 
2.530000e+00 2.295901e-24 6.795770e-25 2.975478e-24 
2.532000e+00 2.290993e-24 6.781234e-25 2.969116e-24 
2.534000e+00 2.285490e-24 6.760835e-25 2.961574e-24 
2.536000e+00 2.278433e-24 6.741812e-25 2.952614e-24 
2.538000e+00 2.270273e-24 6.729171e-25 2.943190e-24 
2.540000e+00 2.264629e-24 6.716753e-25 2.936305e-24 
2.542000e+00 2.258905e-24 6.702377e-25 2.929143e-24 
2.544000e+00 2.254226e-24 6.678585e-25 2.922084e-24 
2.546000e+00 2.247714e-24 6.670128e-25 2.914727e-24 
2.548000e+00 2.242213e-24 6.641415e-25 2.906355e-24 
2.550000e+00 2.236798e-24 6.634036e-25 2.900201e-24 
2.552000e+00 2.230198e-24 6.611381e-25 2.891336e-24 
2.554000e+00 2.247582e-24 6.598395e-25 2.907421e-24 
2.556000e+00 2.220403e-24 6.581532e-25 2.878557e-24 
2.558000e+00 2.214499e-24 6.562060e-25 2.870705e-24 
2.560000e+00 2.207513e-24 6.550206e-25 2.862534e-24 
2.562000e+00 2.204770e-24 6.528952e-25 2.857665e-24 
2.564000e+00 2.196517e-24 6.506964e-25 2.847213e-24 
2.566000e+00 2.190592e-24 6.491816e-25 2.839774e-24 
2.568000e+00 2.183690e-24 6.472047e-25 2.830894e-24 
2.570000e+00 2.179650e-24 6.456496e-25 2.825300e-24 
2.572000e+00 2.174001e-24 6.434263e-25 2.817427e-24 
2.574000e+00 2.167358e-24 6.428185e-25 2.810176e-24 
2.576000e+00 2.162995e-24 6.420621e-25 2.805057e-24 
2.578000e+00 2.156647e-24 6.401407e-25 2.796787e-24 
2.580000e+00 2.150301e-24 6.386611e-25 2.788962e-24 
2.582000e+00 2.144883e-24 6.368424e-25 2.781725e-24 
2.584000e+00 2.137235e-24 6.353973e-25 2.772632e-24 
2.586000e+00 2.135731e-24 6.335502e-25 2.769281e-24 
2.588000e+00 2.128793e-24 6.322902e-25 2.761084e-24 
2.590000e+00 2.121881e-24 6.298572e-25 2.751738e-24 
2.592000e+00 2.118368e-24 6.290957e-25 2.747463e-24 
2.594000e+00 2.111123e-24 6.270656e-25 2.738189e-24 
2.596000e+00 2.108045e-24 6.258737e-25 2.733918e-24 
2.598000e+00 2.100839e-24 6.249567e-25 2.725796e-24 
2.600000e+00 2.095033e-24 6.233117e-25 2.718345e-24 
2.602000e+00 2.089725e-24 6.215456e-25 2.711270e-24 
2.604000e+00 2.083984e-24 6.220373e-25 2.706021e-24 
2.606000e+00 2.080331e-24 6.180815e-25 2.698413e-24 
2.608000e+00 2.072949e-24 6.165052e-25 2.689454e-24 
2.610000e+00 2.070835e-24 6.145591e-25 2.685394e-24 
2.612000e+00 2.065420e-24 6.134807e-25 2.678901e-24 
2.614000e+00 2.060601e-24 6.117088e-25 2.672310e-24 
2.616000e+00 2.054898e-24 6.102222e-25 2.665120e-24 
2.618000e+00 2.050523e-24 6.094262e-25 2.659949e-24 
2.620000e+00 2.044883e-24 6.079742e-25 2.652857e-24 
2.622000e+00 2.039478e-24 6.064688e-25 2.645947e-24 
2.624000e+00 2.033927e-24 6.045089e-25 2.638436e-24 
2.626000e+00 2.026741e-24 6.031677e-25 2.629909e-24 
2.628000e+00 2.023463e-24 6.017047e-25 2.625167e-24 
2.630000e+00 2.017631e-24 6.001750e-25 2.617806e-24 
2.632000e+00 2.012450e-24 5.982478e-25 2.610697e-24 
2.634000e+00 2.006920e-24 5.975986e-25 2.604519e-24 
2.636000e+00 1.999583e-24 5.952589e-25 2.594842e-24 
2.638000e+00 1.997932e-24 5.941742e-25 2.592106e-24 
2.640000e+00 1.991641e-24 5.926952e-25 2.584336e-24 
2.642000e+00 1.985835e-24 5.911441e-25 2.576979e-24 
2.644000e+00 1.983502e-24 5.909586e-25 2.574461e-24 
2.646000e+00 1.975869e-24 5.885864e-25 2.564456e-24 
2.648000e+00 1.972024e-24 5.875992e-25 2.559623e-24 
2.650000e+00 1.969086e-24 5.855446e-25 2.554631e-24 
2.652000e+00 1.961198e-24 5.831900e-25 2.544388e-24 
2.654000e+00 1.958405e-24 5.828432e-25 2.541249e-24 
2.656000e+00 1.951394e-24 5.819539e-25 2.533348e-24 
2.658000e+00 1.947953e-24 5.800682e-25 2.528021e-24 
2.660000e+00 1.941917e-24 5.788214e-25 2.520738e-24 
2.662000e+00 1.937893e-24 5.765875e-25 2.514480e-24 
2.664000e+00 1.932552e-24 5.761457e-25 2.508697e-24 
2.666000e+00 1.928053e-24 5.747495e-25 2.502803e-24 
2.668000e+00 1.921009e-24 5.730039e-25 2.494013e-24 
2.670000e+00 1.919088e-24 5.708961e-25 2.489984e-24 
2.672000e+00 1.912762e-24 5.697552e-25 2.482517e-24 
2.674000e+00 1.907897e-24 5.691770e-25 2.477074e-24 
2.676000e+00 1.901379e-24 5.674645e-25 2.468843e-24 
2.678000e+00 1.896987e-24 5.665540e-25 2.463541e-24 
2.680000e+00 1.893727e-24 5.642418e-25 2.457969e-24 
2.682000e+00 1.888682e-24 5.626080e-25 2.451290e-24 
2.684000e+00 1.884188e-24 5.613130e-25 2.445501e-24 
2.686000e+00 1.880353e-24 5.604831e-25 2.440836e-24 
2.688000e+00 1.874173e-24 5.587103e-25 2.432883e-24 
2.690000e+00 1.871686e-24 5.571773e-25 2.428864e-24 
2.692000e+00 1.864030e-24 5.570423e-25 2.421072e-24 
2.694000e+00 1.861355e-24 5.550618e-25 2.416417e-24 
2.696000e+00 1.856038e-24 5.530620e-25 2.409100e-24 
2.698000e+00 1.850023e-24 5.525398e-25 2.402562e-24 
2.700000e+00 1.846597e-24 5.509381e-25 2.397535e-24 
2.702000e+00 1.842529e-24 5.493940e-25 2.391923e-24 
2.704000e+00 1.835507e-24 5.485902e-25 2.384097e-24 
2.706000e+00 1.833245e-24 5.469159e-25 2.380161e-24 
2.708000e+00 1.829359e-24 5.459902e-25 2.375349e-24 
2.710000e+00 1.824418e-24 5.450745e-25 2.369492e-24 
2.712000e+00 1.818319e-24 5.433923e-25 2.361711e-24 
2.714000e+00 1.814257e-24 5.422298e-25 2.356487e-24 
2.716000e+00 1.811664e-24 5.409394e-25 2.352603e-24 
2.718000e+00 1.807354e-24 5.399048e-25 2.347259e-24 
2.720000e+00 1.805587e-24 5.377838e-25 2.343371e-24 
2.722000e+00 1.797895e-24 5.372559e-25 2.335151e-24 
2.724000e+00 1.794289e-24 5.365293e-25 2.330818e-24 
2.726000e+00 1.790226e-24 5.346035e-25 2.324830e-24 
2.728000e+00 1.782064e-24 5.340915e-25 2.316156e-24 
2.730000e+00 1.779047e-24 5.318501e-25 2.310897e-24 
2.732000e+00 1.776265e-24 5.306720e-25 2.306937e-24 
2.734000e+00 1.772732e-24 5.303083e-25 2.303040e-24 
2.736000e+00 1.766321e-24 5.285270e-25 2.294848e-24 
2.738000e+00 1.762296e-24 5.262913e-25 2.288587e-24 
2.740000e+00 1.758358e-24 5.260839e-25 2.284442e-24 
2.742000e+00 1.755150e-24 5.247040e-25 2.279854e-24 
2.744000e+00 1.749867e-24 5.230230e-25 2.272890e-24 
2.746000e+00 1.745503e-24 5.223709e-25 2.267874e-24 
2.748000e+00 1.741583e-24 5.205536e-25 2.262137e-24 
2.750000e+00 1.737407e-24 5.191660e-25 2.256573e-24 
2.752000e+00 1.730814e-24 5.189540e-25 2.249768e-24 
2.754000e+00 1.727808e-24 5.169643e-25 2.244773e-24 
2.756000e+00 1.723929e-24 5.164959e-25 2.240425e-24 
2.758000e+00 1.718884e-24 5.144556e-25 2.233339e-24 
2.760000e+00 1.715739e-24 5.126145e-25 2.228354e-24 
2.762000e+00 1.710740e-24 5.121994e-25 2.222939e-24 
2.764000e+00 1.706940e-24 5.105418e-25 2.217482e-24 
2.766000e+00 1.702158e-24 5.100778e-25 2.212236e-24 
2.768000e+00 1.698284e-24 5.084869e-25 2.206771e-24 
2.770000e+00 1.695674e-24 5.078915e-25 2.203565e-24 
2.772000e+00 1.691939e-24 5.058516e-25 2.197790e-24 
2.774000e+00 1.688857e-24 5.045953e-25 2.193452e-24 
2.776000e+00 1.681348e-24 5.037470e-25 2.185095e-24 
2.778000e+00 1.678064e-24 5.028892e-25 2.180954e-24 
2.780000e+00 1.674089e-24 5.017777e-25 2.175867e-24 
2.782000e+00 1.669904e-24 5.005295e-25 2.170434e-24 
2.784000e+00 1.665377e-24 5.000873e-25 2.165464e-24 
2.786000e+00 1.663608e-24 4.980215e-25 2.161630e-24 
2.788000e+00 1.659986e-24 4.975380e-25 2.157524e-24 
2.790000e+00 1.655578e-24 4.964549e-25 2.152033e-24 
2.792000e+00 1.648750e-24 4.949099e-25 2.143660e-24 
2.794000e+00 1.645664e-24 4.937027e-25 2.139366e-24 
2.796000e+00 1.641392e-24 4.923137e-25 2.133706e-24 
2.798000e+00 1.638469e-24 4.916871e-25 2.130156e-24 
2.800000e+00 1.635980e-24 4.896838e-25 2.125664e-24 
2.802000e+00 1.630437e-24 4.889948e-25 2.119432e-24 
2.804000e+00 1.625957e-24 4.879434e-25 2.113901e-24 
2.806000e+00 1.622682e-24 4.869606e-25 2.109643e-24 
2.808000e+00 1.620326e-24 4.855861e-25 2.105912e-24 
2.810000e+00 1.613401e-24 4.840081e-25 2.097410e-24 
2.812000e+00 1.609769e-24 4.834996e-25 2.093269e-24 
2.814000e+00 1.606676e-24 4.818336e-25 2.088510e-24 
2.816000e+00 1.601998e-24 4.813037e-25 2.083302e-24 
2.818000e+00 1.598655e-24 4.792447e-25 2.077899e-24 
2.820000e+00 1.596902e-24 4.785352e-25 2.075437e-24 
2.822000e+00 1.592212e-24 4.773649e-25 2.069577e-24 
2.824000e+00 1.587805e-24 4.760716e-25 2.063877e-24 
2.826000e+00 1.583654e-24 4.754878e-25 2.059142e-24 
2.828000e+00 1.580337e-24 4.748226e-25 2.055159e-24 
2.830000e+00 1.573535e-24 4.730218e-25 2.046557e-24 
2.832000e+00 1.571889e-24 4.723384e-25 2.044227e-24 
2.834000e+00 1.567963e-24 4.706524e-25 2.038616e-24 
2.836000e+00 1.562554e-24 4.702072e-25 2.032761e-24 
2.838000e+00 1.559630e-24 4.696838e-25 2.029313e-24 
2.840000e+00 1.558745e-24 4.678261e-25 2.026571e-24 
2.842000e+00 1.552151e-24 4.670789e-25 2.019230e-24 
2.844000e+00 1.547535e-24 4.653737e-25 2.012909e-24 
2.846000e+00 1.544840e-24 4.651093e-25 2.009950e-24 
2.848000e+00 1.541138e-24 4.639534e-25 2.005092e-24 
2.850000e+00 1.537853e-24 4.626895e-25 2.000542e-24 
2.852000e+00 1.535106e-24 4.618174e-25 1.996923e-24 
2.854000e+00 1.530679e-24 4.608989e-25 1.991578e-24 
2.856000e+00 1.526704e-24 4.592376e-25 1.985942e-24 
2.858000e+00 1.522088e-24 4.587433e-25 1.980831e-24 
2.860000e+00 1.519010e-24 4.571699e-25 1.976180e-24 
2.862000e+00 1.514973e-24 4.565772e-25 1.971550e-24 
2.864000e+00 1.511798e-24 4.558768e-25 1.967675e-24 
2.866000e+00 1.508255e-24 4.546764e-25 1.962931e-24 
2.868000e+00 1.503670e-24 4.537020e-25 1.957372e-24 
2.870000e+00 1.501097e-24 4.520059e-25 1.953103e-24 
2.872000e+00 1.497262e-24 4.516092e-25 1.948871e-24 
2.874000e+00 1.496328e-24 4.497461e-25 1.946074e-24 
2.876000e+00 1.492020e-24 4.494856e-25 1.941506e-24 
2.878000e+00 1.487613e-24 4.472518e-25 1.934865e-24 
2.880000e+00 1.485272e-24 4.467151e-25 1.931987e-24 
2.882000e+00 1.481131e-24 4.449655e-25 1.926096e-24 
2.884000e+00 1.476922e-24 4.449668e-25 1.921888e-24 
2.886000e+00 1.473554e-24 4.441433e-25 1.917698e-24 
2.888000e+00 1.469974e-24 4.424047e-25 1.912378e-24 
2.890000e+00 1.465558e-24 4.420583e-25 1.907616e-24 
2.892000e+00 1.463137e-24 4.412926e-25 1.904429e-24 
2.894000e+00 1.461108e-24 4.400132e-25 1.901121e-24 
2.896000e+00 1.456765e-24 4.391502e-25 1.895915e-24 
2.898000e+00 1.452757e-24 4.391832e-25 1.891940e-24 
2.900000e+00 1.449842e-24 4.372628e-25 1.887105e-24 
2.902000e+00 1.447764e-24 4.363600e-25 1.884124e-24 
2.904000e+00 1.443951e-24 4.357245e-25 1.879676e-24 
2.906000e+00 1.440191e-24 4.340627e-25 1.874254e-24 
2.908000e+00 1.437200e-24 4.336477e-25 1.870848e-24 
2.910000e+00 1.435190e-24 4.318989e-25 1.867089e-24 
2.912000e+00 1.432032e-24 4.312529e-25 1.863285e-24 
2.914000e+00 1.427660e-24 4.313320e-25 1.858992e-24 
2.916000e+00 1.423489e-24 4.292923e-25 1.852781e-24 
2.918000e+00 1.420002e-24 4.286698e-25 1.848671e-24 
2.920000e+00 1.417185e-24 4.284426e-25 1.845627e-24 
2.922000e+00 1.413865e-24 4.265918e-25 1.840457e-24 
2.924000e+00 1.409922e-24 4.263835e-25 1.836306e-24 
2.926000e+00 1.406695e-24 4.259147e-25 1.832609e-24 
2.928000e+00 1.404373e-24 4.237560e-25 1.828129e-24 
2.930000e+00 1.400739e-24 4.231666e-25 1.823906e-24 
2.932000e+00 1.396378e-24 4.228950e-25 1.819273e-24 
2.934000e+00 1.392707e-24 4.213357e-25 1.814042e-24 
2.936000e+00 1.389311e-24 4.205966e-25 1.809907e-24 
2.938000e+00 1.386364e-24 4.193728e-25 1.805737e-24 
2.940000e+00 1.383921e-24 4.184032e-25 1.802324e-24 
2.942000e+00 1.380432e-24 4.178229e-25 1.798255e-24 
2.944000e+00 1.377461e-24 4.165425e-25 1.794004e-24 
2.946000e+00 1.373764e-24 4.157147e-25 1.789479e-24 
2.948000e+00 1.371259e-24 4.142223e-25 1.785481e-24 
2.950000e+00 1.366405e-24 4.141600e-25 1.780565e-24 
2.952000e+00 1.362440e-24 4.123829e-25 1.774823e-24 
2.954000e+00 1.361259e-24 4.116702e-25 1.772929e-24 
2.956000e+00 1.357896e-24 4.112447e-25 1.769141e-24 
2.958000e+00 1.353747e-24 4.110308e-25 1.764778e-24 
2.960000e+00 1.350761e-24 4.093562e-25 1.760117e-24 
2.962000e+00 1.349092e-24 4.088438e-25 1.757936e-24 
2.964000e+00 1.344828e-24 4.081959e-25 1.753024e-24 
2.966000e+00 1.341595e-24 4.068093e-25 1.748404e-24 
2.968000e+00 1.339138e-24 4.064584e-25 1.745596e-24 
2.970000e+00 1.336949e-24 4.045705e-25 1.741520e-24 
2.972000e+00 1.333030e-24 4.043538e-25 1.737384e-24 
2.974000e+00 1.329380e-24 4.032020e-25 1.732582e-24 
2.976000e+00 1.325594e-24 4.026330e-25 1.728227e-24 
2.978000e+00 1.325038e-24 4.013773e-25 1.726415e-24 
2.980000e+00 1.320968e-24 4.000934e-25 1.721061e-24 
2.982000e+00 1.391768e-24 3.995453e-25 1.791314e-24 
2.984000e+00 1.313994e-24 3.990485e-25 1.713042e-24 
2.986000e+00 1.313216e-24 3.983608e-25 1.711577e-24 
2.988000e+00 1.308968e-24 3.971926e-25 1.706161e-24 
2.990000e+00 1.305051e-24 3.965440e-25 1.701595e-24 
2.992000e+00 1.302935e-24 3.950346e-25 1.697969e-24 
2.994000e+00 1.300227e-24 3.944280e-25 1.694655e-24 
2.996000e+00 1.296521e-24 3.930308e-25 1.689552e-24 
2.998000e+00 1.293164e-24 3.930146e-25 1.686178e-24 
