1.000000e-01 2.561524e-23 2.043250e-23 4.604774e-23 
1.020000e-01 2.462384e-23 1.921664e-23 4.384048e-23 
1.040000e-01 2.355490e-23 1.802132e-23 4.157622e-23 
1.060000e-01 2.243188e-23 1.694109e-23 3.937297e-23 
1.080000e-01 2.124983e-23 1.590881e-23 3.715865e-23 
1.100000e-01 1.998904e-23 1.493203e-23 3.492107e-23 
1.120000e-01 1.858476e-23 1.405120e-23 3.263596e-23 
1.140000e-01 1.683866e-23 1.321009e-23 3.004876e-23 
1.160000e-01 1.385220e-23 1.240748e-23 2.625968e-23 
1.180000e-01 1.722644e-23 1.170196e-23 2.892840e-23 
1.200000e-01 1.761643e-23 1.103212e-23 2.864854e-23 
1.220000e-01 1.760373e-23 1.038790e-23 2.799164e-23 
1.240000e-01 1.740057e-23 9.804007e-24 2.720458e-23 
1.260000e-01 1.709986e-23 9.253680e-24 2.635354e-23 
1.280000e-01 1.674334e-23 8.737754e-24 2.548109e-23 
1.300000e-01 1.634994e-23 8.260576e-24 2.461051e-23 
1.320000e-01 1.593814e-23 7.811977e-24 2.375012e-23 
1.340000e-01 1.551570e-23 7.389229e-24 2.290492e-23 
1.360000e-01 1.508622e-23 6.996286e-24 2.208251e-23 
1.380000e-01 1.466091e-23 6.622508e-24 2.128342e-23 
1.400000e-01 1.422205e-23 6.277523e-24 2.049957e-23 
1.420000e-01 1.379435e-23 5.963073e-24 1.975743e-23 
1.440000e-01 1.337106e-23 5.637322e-24 1.900839e-23 
1.460000e-01 1.295210e-23 5.345687e-24 1.829778e-23 
1.480000e-01 1.253727e-23 5.072981e-24 1.761025e-23 
1.500000e-01 1.213204e-23 4.816479e-24 1.694852e-23 
1.520000e-01 1.173307e-23 4.571803e-24 1.630487e-23 
1.540000e-01 1.133854e-23 4.344513e-24 1.568305e-23 
1.560000e-01 1.094986e-23 4.180724e-24 1.513059e-23 
1.580000e-01 1.056683e-23 3.971912e-24 1.453874e-23 
1.600000e-01 1.019067e-23 3.777043e-24 1.396772e-23 
1.620000e-01 9.810376e-24 3.590033e-24 1.340041e-23 
1.640000e-01 9.411212e-24 3.412250e-24 1.282346e-23 
1.660000e-01 8.958090e-24 3.246628e-24 1.220472e-23 
1.680000e-01 8.403439e-24 3.091841e-24 1.149528e-23 
1.700000e-01 8.670021e-24 2.945883e-24 1.161590e-23 
1.720000e-01 8.610805e-24 2.806399e-24 1.141720e-23 
1.740000e-01 8.443979e-24 2.673616e-24 1.111759e-23 
1.760000e-01 8.255123e-24 2.547516e-24 1.080264e-23 
1.780000e-01 8.062043e-24 2.427510e-24 1.048955e-23 
1.800000e-01 7.860912e-24 2.313702e-24 1.017461e-23 
1.820000e-01 7.663282e-24 2.205101e-24 9.868383e-24 
1.840000e-01 7.470378e-24 2.101828e-24 9.572206e-24 
1.860000e-01 7.279524e-24 2.004306e-24 9.283830e-24 
1.880000e-01 7.096104e-24 1.909466e-24 9.005570e-24 
1.900000e-01 6.915757e-24 1.820378e-24 8.736135e-24 
1.920000e-01 6.748538e-24 1.735078e-24 8.483616e-24 
1.940000e-01 6.594380e-24 1.654521e-24 8.248902e-24 
1.960000e-01 6.469570e-24 1.577285e-24 8.046856e-24 
1.980000e-01 6.399293e-24 1.503782e-24 7.903075e-24 
2.000000e-01 6.198517e-24 1.433965e-24 7.632482e-24 
2.020000e-01 5.865438e-24 1.367366e-24 7.232804e-24 
2.040000e-01 5.642564e-24 1.304757e-24 6.947321e-24 
2.060000e-01 5.448405e-24 1.242578e-24 6.690983e-24 
2.080000e-01 5.270225e-24 1.183780e-24 6.454005e-24 
2.100000e-01 5.103465e-24 1.127484e-24 6.230949e-24 
2.120000e-01 4.942634e-24 1.072676e-24 6.015310e-24 
2.140000e-01 4.792626e-24 1.019749e-24 5.812374e-24 
2.160000e-01 4.649496e-24 9.685364e-25 5.618032e-24 
2.180000e-01 4.511575e-24 9.188657e-25 5.430441e-24 
2.200000e-01 4.379514e-24 8.729833e-25 5.252498e-24 
2.220000e-01 4.253064e-24 8.285422e-25 5.081607e-24 
2.240000e-01 3.991947e-24 7.857723e-25 4.777719e-24 
2.260000e-01 3.871642e-24 7.714064e-25 4.643048e-24 
2.280000e-01 3.756912e-24 7.038842e-25 4.460796e-24 
2.300000e-01 3.643334e-24 6.653910e-25 4.308725e-24 
2.320000e-01 3.535561e-24 6.273240e-25 4.162885e-24 
2.340000e-01 3.431636e-24 5.905324e-25 4.022169e-24 
2.360000e-01 3.330563e-24 5.550994e-25 3.885662e-24 
2.380000e-01 3.233523e-24 5.205841e-25 3.754107e-24 
2.400000e-01 3.143397e-24 4.917020e-25 3.635099e-24 
2.420000e-01 3.050824e-24 4.682655e-25 3.519089e-24 
2.440000e-01 2.964812e-24 4.464678e-25 3.411280e-24 
2.460000e-01 2.885382e-24 4.211234e-25 3.306505e-24 
2.480000e-01 2.800791e-24 3.936682e-25 3.194459e-24 
2.500000e-01 2.723120e-24 3.638687e-25 3.086989e-24 
2.520000e-01 2.647770e-24 3.306747e-25 2.978444e-24 
2.540000e-01 2.579497e-24 2.964489e-25 2.875946e-24 
2.560000e-01 2.505485e-24 2.619026e-25 2.767387e-24 
2.580000e-01 2.444257e-24 2.256449e-25 2.669902e-24 
2.600000e-01 2.371373e-24 1.842232e-25 2.555596e-24 
2.620000e-01 2.307446e-24 1.395670e-25 2.447013e-24 
2.640000e-01 2.246562e-24 9.258975e-26 2.339152e-24 
2.660000e-01 2.187726e-24 5.277884e-26 2.240505e-24 
2.680000e-01 2.130115e-24 2.242417e-26 2.152539e-24 
2.700000e-01 2.074726e-24 4.569780e-27 2.079296e-24 
2.720000e-01 2.021800e-24 3.821884e-27 2.025622e-24 
2.740000e-01 1.969967e-24 2.374346e-26 1.993711e-24 
2.760000e-01 1.918899e-24 6.941196e-26 1.988310e-24 
2.780000e-01 1.871710e-24 1.451453e-25 2.016856e-24 
2.800000e-01 1.823969e-24 5.393371e-25 2.363306e-24 
2.820000e-01 1.780274e-24 7.228111e-25 2.503085e-24 
2.840000e-01 1.733462e-24 6.651798e-25 2.398641e-24 
2.860000e-01 1.690021e-24 6.113668e-25 2.301388e-24 
2.880000e-01 1.647531e-24 5.781946e-25 2.225726e-24 
2.900000e-01 1.606442e-24 5.624390e-25 2.168882e-24 
2.920000e-01 1.566523e-24 5.610268e-25 2.127549e-24 
2.940000e-01 1.528282e-24 5.714691e-25 2.099751e-24 
2.960000e-01 1.499430e-24 5.871730e-25 2.086603e-24 
2.980000e-01 1.453717e-24 6.082032e-25 2.061921e-24 
3.000000e-01 1.418338e-24 6.276063e-25 2.045944e-24 
3.020000e-01 1.384129e-24 6.407844e-25 2.024913e-24 
3.040000e-01 1.350534e-24 6.464096e-25 1.996944e-24 
3.060000e-01 1.318112e-24 6.524243e-25 1.970537e-24 
3.080000e-01 1.286190e-24 6.564336e-25 1.942623e-24 
3.100000e-01 1.255338e-24 6.560536e-25 1.911392e-24 
3.120000e-01 1.225634e-24 6.536920e-25 1.879326e-24 
3.140000e-01 1.196656e-24 6.474097e-25 1.844066e-24 
3.160000e-01 1.168202e-24 6.382979e-25 1.806500e-24 
3.180000e-01 1.140889e-24 6.262789e-25 1.767168e-24 
3.200000e-01 1.114107e-24 6.159099e-25 1.730017e-24 
3.220000e-01 1.088452e-24 6.068111e-25 1.695263e-24 
3.240000e-01 1.063164e-24 6.012261e-25 1.664390e-24 
3.260000e-01 1.038754e-24 5.965981e-25 1.635353e-24 
3.280000e-01 1.014917e-24 5.912619e-25 1.606179e-24 
3.300000e-01 9.916434e-25 5.862025e-25 1.577846e-24 
3.320000e-01 9.691352e-25 5.802355e-25 1.549371e-24 
3.340000e-01 9.472169e-25 5.744717e-25 1.521689e-24 
3.360000e-01 9.263588e-25 5.680283e-25 1.494387e-24 
3.380000e-01 9.091911e-25 5.610692e-25 1.470260e-24 
3.400000e-01 8.850314e-25 5.547236e-25 1.439755e-24 
3.420000e-01 8.654918e-25 5.480773e-25 1.413569e-24 
3.440000e-01 8.456819e-25 5.419356e-25 1.387618e-24 
3.460000e-01 8.266275e-25 5.358128e-25 1.362440e-24 
3.480000e-01 8.102503e-25 5.294650e-25 1.339715e-24 
3.500000e-01 7.925003e-25 5.208273e-25 1.313328e-24 
3.520000e-01 7.755747e-25 5.166070e-25 1.292182e-24 
3.540000e-01 7.589636e-25 5.101451e-25 1.269109e-24 
3.560000e-01 7.426027e-25 5.036881e-25 1.246291e-24 
3.580000e-01 7.267787e-25 4.973096e-25 1.224088e-24 
3.600000e-01 7.102568e-25 4.906722e-25 1.200929e-24 
3.620000e-01 6.946376e-25 4.841075e-25 1.178745e-24 
3.640000e-01 6.799371e-25 4.779656e-25 1.157903e-24 
3.660000e-01 6.658295e-25 4.718205e-25 1.137650e-24 
3.680000e-01 6.518943e-25 4.653616e-25 1.117256e-24 
3.700000e-01 6.382023e-25 4.590544e-25 1.097257e-24 
3.720000e-01 6.245677e-25 4.530501e-25 1.077618e-24 
3.740000e-01 6.107572e-25 4.470528e-25 1.057810e-24 
3.760000e-01 5.977995e-25 4.410751e-25 1.038875e-24 
3.780000e-01 5.849143e-25 4.351075e-25 1.020022e-24 
3.800000e-01 5.736972e-25 4.333230e-25 1.007020e-24 
3.820000e-01 5.611863e-25 4.272928e-25 9.884791e-25 
3.840000e-01 5.495911e-25 4.214480e-25 9.710391e-25 
3.860000e-01 5.383894e-25 4.156788e-25 9.540682e-25 
3.880000e-01 5.262080e-25 4.099689e-25 9.361769e-25 
3.900000e-01 5.148763e-25 4.042877e-25 9.191639e-25 
3.920000e-01 5.046251e-25 3.987144e-25 9.033394e-25 
3.940000e-01 4.945690e-25 3.933525e-25 8.879215e-25 
3.960000e-01 4.845630e-25 3.879403e-25 8.725033e-25 
3.980000e-01 4.749228e-25 3.826769e-25 8.575998e-25 
4.000000e-01 4.652169e-25 3.775127e-25 8.427296e-25 
4.020000e-01 4.552749e-25 3.723185e-25 8.275934e-25 
4.040000e-01 4.456145e-25 8.503239e-26 5.306469e-25 
4.060000e-01 4.366588e-25 3.620302e-25 7.986890e-25 
4.080000e-01 4.282563e-25 3.570018e-25 7.852581e-25 
4.100000e-01 4.196621e-25 3.523133e-25 7.719754e-25 
4.120000e-01 4.113769e-25 3.474333e-25 7.588102e-25 
4.140000e-01 4.033868e-25 3.428370e-25 7.462238e-25 
4.160000e-01 3.950314e-25 3.381061e-25 7.331375e-25 
4.180000e-01 3.864467e-25 8.221506e-26 4.686618e-25 
4.200000e-01 3.785954e-25 8.156200e-26 4.601574e-25 
4.220000e-01 3.716031e-25 7.992962e-26 4.515327e-25 
4.240000e-01 3.640614e-25 7.902937e-26 4.430908e-25 
4.260000e-01 3.570400e-25 7.793033e-26 4.349703e-25 
4.280000e-01 3.502403e-25 7.719258e-26 4.274328e-25 
4.300000e-01 3.434688e-25 7.675474e-26 4.202236e-25 
4.320000e-01 3.363315e-25 7.538268e-26 4.117142e-25 
4.340000e-01 3.290399e-25 7.448801e-26 4.035279e-25 
4.360000e-01 3.225610e-25 7.359942e-26 3.961605e-25 
4.380000e-01 3.164700e-25 7.227722e-26 3.887472e-25 
4.400000e-01 3.103529e-25 7.093803e-26 3.812909e-25 
4.420000e-01 3.044035e-25 6.979509e-26 3.741986e-25 
4.440000e-01 2.986503e-25 6.911970e-26 3.677700e-25 
4.460000e-01 2.929659e-25 6.855740e-26 3.615233e-25 
4.480000e-01 2.867928e-25 6.798122e-26 3.547740e-25 
4.500000e-01 2.806813e-25 6.747515e-26 3.481565e-25 
4.520000e-01 2.750196e-25 6.707577e-26 3.420954e-25 
4.540000e-01 2.698912e-25 6.649246e-26 3.363837e-25 
4.560000e-01 2.647327e-25 6.587014e-26 3.306029e-25 
4.580000e-01 2.595975e-25 6.531953e-26 3.249170e-25 
4.600000e-01 2.496383e-25 6.511805e-26 3.147564e-25 
4.620000e-01 2.499264e-25 6.498975e-26 3.149161e-25 
4.640000e-01 2.447854e-25 2.427946e-25 4.875800e-25 
4.660000e-01 2.395101e-25 2.395442e-25 4.790543e-25 
4.680000e-01 2.344918e-25 2.362453e-25 4.707371e-25 
4.700000e-01 2.299751e-25 2.331473e-25 4.631223e-25 
4.720000e-01 2.257726e-25 2.300055e-25 4.557781e-25 
4.740000e-01 2.150944e-25 2.268278e-25 4.419223e-25 
4.760000e-01 2.106995e-25 6.188179e-26 2.725813e-25 
4.780000e-01 2.062659e-25 2.206498e-25 4.269158e-25 
4.800000e-01 2.018913e-25 2.177163e-25 4.196076e-25 
4.820000e-01 1.974959e-25 2.146755e-25 4.121714e-25 
4.840000e-01 1.934767e-25 2.117685e-25 4.052453e-25 
4.860000e-01 1.894285e-25 2.088774e-25 3.983059e-25 
4.880000e-01 1.853844e-25 2.059870e-25 3.913715e-25 
4.900000e-01 1.812644e-25 2.031483e-25 3.844127e-25 
4.920000e-01 1.773420e-25 2.003812e-25 3.777231e-25 
4.940000e-01 1.734574e-25 1.976135e-25 3.710709e-25 
4.960000e-01 1.695762e-25 1.949992e-25 3.645754e-25 
4.980000e-01 1.656708e-25 1.924348e-25 3.581056e-25 
5.000000e-01 1.618047e-25 1.898398e-25 3.516446e-25 
5.020000e-01 1.581462e-25 1.872700e-25 3.454161e-25 
5.040000e-01 1.545020e-25 1.847325e-25 3.392345e-25 
5.060000e-01 1.508499e-25 1.822858e-25 3.331357e-25 
5.080000e-01 1.470897e-25 1.798743e-25 3.269639e-25 
5.100000e-01 1.434357e-25 1.774745e-25 3.209101e-25 
5.120000e-01 1.398112e-25 1.752246e-25 3.150358e-25 
5.140000e-01 1.361424e-25 1.728691e-25 3.090116e-25 
5.160000e-01 1.324026e-25 1.706394e-25 3.030420e-25 
5.180000e-01 1.283714e-25 1.686578e-25 2.970292e-25 
5.200000e-01 1.249133e-25 1.640221e-25 2.889354e-25 
5.220000e-01 1.212267e-25 1.619775e-25 2.832042e-25 
5.240000e-01 1.173838e-25 1.603252e-25 2.777090e-25 
5.260000e-01 1.133662e-25 1.577847e-25 2.711509e-25 
5.280000e-01 1.091856e-25 1.558661e-25 2.650517e-25 
5.300000e-01 1.056913e-25 1.538460e-25 2.595373e-25 
5.320000e-01 1.003976e-25 1.510566e-25 2.514542e-25 
5.340000e-01 9.529540e-26 1.499124e-25 2.452078e-25 
5.360000e-01 8.939886e-26 5.324723e-26 1.426461e-25 
5.380000e-01 8.199046e-26 5.235814e-26 1.343486e-25 
5.400000e-01 7.290688e-26 5.142987e-26 1.243368e-25 
5.420000e-01 6.461114e-26 5.060147e-26 1.152126e-25 
5.440000e-01 6.201035e-26 4.984557e-26 1.118559e-25 
5.460000e-01 6.701472e-26 4.911942e-26 1.161341e-25 
5.480000e-01 7.861181e-26 4.813579e-26 1.267476e-25 
5.500000e-01 8.818316e-26 4.732563e-26 1.355088e-25 
5.520000e-01 9.437426e-26 4.676409e-26 1.411384e-25 
5.540000e-01 9.766420e-26 4.634085e-26 1.440050e-25 
5.560000e-01 9.978296e-26 4.603162e-26 1.458146e-25 
5.580000e-01 1.011812e-25 4.546502e-26 1.466462e-25 
5.600000e-01 1.021241e-25 4.486350e-26 1.469876e-25 
5.620000e-01 1.027605e-25 4.404309e-26 1.468036e-25 
5.640000e-01 1.031382e-25 4.373061e-26 1.468688e-25 
5.660000e-01 1.032804e-25 4.337001e-26 1.466504e-25 
5.680000e-01 1.033416e-25 4.280847e-26 1.461500e-25 
5.700000e-01 1.031728e-25 4.235820e-26 1.455310e-25 
5.720000e-01 1.029057e-25 4.203977e-26 1.449455e-25 
5.740000e-01 1.025425e-25 4.183618e-26 1.443787e-25 
5.760000e-01 1.021412e-25 4.173731e-26 1.438785e-25 
5.780000e-01 1.016313e-25 4.149526e-26 1.431265e-25 
5.800000e-01 6.965268e-26 4.108006e-26 1.107327e-25 
5.820000e-01 1.004553e-25 4.066412e-26 1.411194e-25 
5.840000e-01 9.979984e-26 4.029759e-26 1.400974e-25 
5.860000e-01 9.913484e-26 4.007820e-26 1.392130e-25 
5.880000e-01 9.846033e-26 3.982068e-26 1.382810e-25 
5.900000e-01 9.757994e-26 3.941902e-26 1.369990e-25 
5.920000e-01 9.677361e-26 3.915672e-26 1.359303e-25 
5.940000e-01 9.592850e-26 3.896248e-26 1.348910e-25 
5.960000e-01 9.563424e-26 3.890724e-26 1.345415e-25 
5.980000e-01 9.426783e-26 3.889866e-26 1.331665e-25 
6.000000e-01 9.338709e-26 3.869783e-26 1.320849e-25 
6.020000e-01 9.252346e-26 3.834145e-26 1.308649e-25 
6.040000e-01 9.160145e-26 3.792615e-26 1.295276e-25 
6.060000e-01 9.069212e-26 3.763553e-26 1.283277e-25 
6.080000e-01 8.976915e-26 3.744642e-26 1.272156e-25 
6.100000e-01 8.885521e-26 3.722444e-26 1.260797e-25 
6.120000e-01 8.792177e-26 3.684710e-26 1.247689e-25 
6.140000e-01 8.696762e-26 3.655420e-26 1.235218e-25 
6.160000e-01 8.602572e-26 3.628565e-26 1.223114e-25 
6.180000e-01 8.508239e-26 3.615998e-26 1.212424e-25 
6.200000e-01 8.420787e-26 3.606160e-26 1.202695e-25 
6.220000e-01 8.325501e-26 3.649717e-26 1.197522e-25 
6.240000e-01 8.231219e-26 3.545812e-26 1.177703e-25 
6.260000e-01 8.135664e-26 3.499459e-26 1.163512e-25 
6.280000e-01 8.029699e-26 8.511446e-26 1.654114e-25 
6.300000e-01 7.942397e-26 8.413697e-26 1.635609e-25 
6.320000e-01 7.848816e-26 8.309520e-26 1.615834e-25 
6.340000e-01 7.747555e-26 8.222040e-26 1.596960e-25 
6.360000e-01 7.652607e-26 8.128964e-26 1.578157e-25 
6.380000e-01 7.566215e-26 8.040685e-26 1.560690e-25 
6.400000e-01 7.487242e-26 7.950136e-26 1.543738e-25 
6.420000e-01 7.369296e-26 7.857631e-26 1.522693e-25 
6.440000e-01 7.263305e-26 7.766943e-26 1.503025e-25 
6.460000e-01 7.166586e-26 7.687231e-26 1.485382e-25 
6.480000e-01 7.076709e-26 7.609499e-26 1.468621e-25 
6.500000e-01 6.988775e-26 7.534779e-26 1.452355e-25 
6.520000e-01 6.902141e-26 7.456503e-26 1.435864e-25 
6.540000e-01 6.805828e-26 7.371008e-26 1.417684e-25 
6.560000e-01 6.702845e-26 7.286461e-26 1.398931e-25 
6.580000e-01 6.605847e-26 3.227664e-26 9.833511e-26 
6.600000e-01 6.511686e-26 3.183999e-26 9.695685e-26 
6.620000e-01 6.417736e-26 3.145885e-26 9.563621e-26 
6.640000e-01 6.320065e-26 3.110871e-26 9.430936e-26 
6.660000e-01 6.218855e-26 3.072648e-26 9.291503e-26 
6.680000e-01 6.114658e-26 3.043297e-26 9.157955e-26 
6.700000e-01 6.004047e-26 3.011614e-26 9.015661e-26 
6.720000e-01 4.585579e-26 2.968085e-26 7.553664e-26 
6.740000e-01 4.496836e-26 2.920787e-26 7.417622e-26 
6.760000e-01 4.414044e-26 2.879250e-26 7.293294e-26 
6.780000e-01 4.338414e-26 2.846710e-26 7.185124e-26 
6.800000e-01 4.264335e-26 2.822501e-26 7.086836e-26 
6.820000e-01 4.190758e-26 2.800083e-26 6.990840e-26 
6.840000e-01 4.114284e-26 2.777481e-26 6.891765e-26 
6.860000e-01 4.030832e-26 2.756394e-26 6.787226e-26 
6.880000e-01 3.944184e-26 2.737079e-26 6.681263e-26 
6.900000e-01 3.855183e-26 2.714987e-26 6.570171e-26 
6.920000e-01 3.759943e-26 2.695994e-26 6.455937e-26 
6.940000e-01 3.653889e-26 2.679432e-26 6.333321e-26 
6.960000e-01 3.531596e-26 2.654377e-26 6.185973e-26 
6.980000e-01 3.388906e-26 2.621318e-26 6.010224e-26 
7.000000e-01 3.204979e-26 2.587014e-26 5.791992e-26 
7.020000e-01 3.009082e-26 2.559044e-26 5.568126e-26 
7.040000e-01 2.818040e-26 2.538293e-26 5.356333e-26 
7.060000e-01 2.732544e-26 2.518970e-26 5.251514e-26 
7.080000e-01 2.736270e-26 2.501467e-26 5.237737e-26 
7.100000e-01 2.916950e-26 2.486742e-26 5.403692e-26 
7.120000e-01 3.148404e-26 2.472852e-26 5.621256e-26 
7.140000e-01 3.441116e-26 2.460049e-26 5.901164e-26 
7.160000e-01 3.621837e-26 2.445388e-26 6.067225e-26 
7.180000e-01 3.761409e-26 2.431164e-26 6.192573e-26 
7.200000e-01 3.833725e-26 2.417027e-26 6.250752e-26 
7.220000e-01 3.883011e-26 2.398489e-26 6.281500e-26 
7.240000e-01 3.914678e-26 2.377086e-26 6.291764e-26 
7.260000e-01 3.934397e-26 2.352724e-26 6.287122e-26 
7.280000e-01 3.953054e-26 2.328930e-26 6.281984e-26 
7.300000e-01 3.965692e-26 2.310580e-26 6.276272e-26 
7.320000e-01 5.024148e-26 2.295836e-26 7.319984e-26 
7.340000e-01 3.994050e-26 2.280659e-26 6.274709e-26 
7.360000e-01 5.021558e-26 2.268853e-26 7.290411e-26 
7.380000e-01 5.018095e-26 2.260811e-26 7.278906e-26 
7.400000e-01 5.015733e-26 2.252153e-26 7.267885e-26 
7.420000e-01 5.005501e-26 2.239384e-26 7.244884e-26 
7.440000e-01 4.985142e-26 2.227130e-26 7.212272e-26 
7.460000e-01 4.961122e-26 2.217010e-26 7.178132e-26 
7.480000e-01 4.939230e-26 2.212021e-26 7.151251e-26 
7.500000e-01 4.917964e-26 2.190588e-26 7.108552e-26 
7.520000e-01 4.900745e-26 2.174688e-26 7.075432e-26 
7.540000e-01 4.885731e-26 2.153388e-26 7.039118e-26 
7.560000e-01 4.867924e-26 2.135667e-26 7.003591e-26 
7.580000e-01 4.843491e-26 2.121883e-26 6.965373e-26 
7.600000e-01 4.817292e-26 2.110294e-26 6.927587e-26 
7.620000e-01 4.789278e-26 2.100215e-26 6.889493e-26 
7.640000e-01 4.755243e-26 2.093254e-26 6.848498e-26 
7.660000e-01 4.724647e-26 2.086522e-26 6.811168e-26 
7.680000e-01 4.714386e-26 2.077904e-26 6.792290e-26 
7.700000e-01 4.687482e-26 2.068274e-26 6.755757e-26 
7.720000e-01 4.650379e-26 2.059629e-26 6.710007e-26 
7.740000e-01 4.613538e-26 2.045371e-26 6.658909e-26 
7.760000e-01 4.581789e-26 2.038701e-26 6.620490e-26 
7.780000e-01 4.546426e-26 2.023793e-26 6.570218e-26 
7.800000e-01 4.515571e-26 2.008843e-26 6.524413e-26 
7.820000e-01 4.492171e-26 1.986398e-26 6.478569e-26 
7.840000e-01 4.467366e-26 1.966614e-26 6.433980e-26 
7.860000e-01 4.435514e-26 1.949965e-26 6.385478e-26 
7.880000e-01 4.403492e-26 1.936384e-26 6.339876e-26 
7.900000e-01 4.367807e-26 1.925250e-26 6.293057e-26 
7.920000e-01 4.333448e-26 1.916834e-26 6.250282e-26 
7.940000e-01 4.300434e-26 1.908581e-26 6.209015e-26 
7.960000e-01 4.267694e-26 1.897534e-26 6.165228e-26 
7.980000e-01 4.236863e-26 1.886210e-26 6.123072e-26 
8.000000e-01 4.200374e-26 1.870850e-26 6.071224e-26 
8.020000e-01 4.166703e-26 1.857541e-26 6.024244e-26 
8.040000e-01 4.124547e-26 1.846462e-26 5.971008e-26 
8.060000e-01 4.092099e-26 1.835267e-26 5.927366e-26 
8.080000e-01 4.062007e-26 1.827587e-26 5.889594e-26 
8.100000e-01 4.035843e-26 1.808559e-26 5.844401e-26 
8.120000e-01 3.999609e-26 1.787553e-26 5.787162e-26 
8.140000e-01 3.990957e-26 3.260728e-26 7.251685e-26 
8.160000e-01 3.964095e-26 3.230852e-26 7.194948e-26 
8.180000e-01 3.935359e-26 3.199301e-26 7.134660e-26 
8.200000e-01 3.907371e-26 3.148878e-26 7.056249e-26 
8.220000e-01 3.880268e-26 3.142256e-26 7.022524e-26 
8.240000e-01 3.855786e-26 3.114404e-26 6.970190e-26 
8.260000e-01 3.829206e-26 3.085867e-26 6.915073e-26 
8.280000e-01 3.809848e-26 3.058354e-26 6.868202e-26 
8.300000e-01 3.784551e-26 3.032535e-26 6.817086e-26 
8.320000e-01 3.750530e-26 3.005503e-26 6.756033e-26 
8.340000e-01 3.720286e-26 1.784367e-26 5.504653e-26 
8.360000e-01 3.693268e-26 1.767273e-26 5.460540e-26 
8.380000e-01 3.667888e-26 1.747731e-26 5.415619e-26 
8.400000e-01 3.646098e-26 1.728574e-26 5.374673e-26 
8.420000e-01 3.627900e-26 1.711248e-26 5.339148e-26 
8.440000e-01 3.613229e-26 1.692163e-26 5.305392e-26 
8.460000e-01 3.591096e-26 1.671750e-26 5.262847e-26 
8.480000e-01 3.562885e-26 1.654057e-26 5.216942e-26 
8.500000e-01 3.545769e-26 1.639176e-26 5.184945e-26 
8.520000e-01 3.522589e-26 1.623545e-26 5.146135e-26 
8.540000e-01 3.501008e-26 1.607507e-26 5.108515e-26 
8.560000e-01 3.482561e-26 1.590831e-26 5.073392e-26 
8.580000e-01 3.464023e-26 1.574583e-26 5.038605e-26 
8.600000e-01 3.444390e-26 1.554432e-26 4.998822e-26 
8.620000e-01 3.417654e-26 1.532270e-26 4.949925e-26 
8.640000e-01 3.390406e-26 1.513947e-26 4.904353e-26 
8.660000e-01 3.364809e-26 1.497974e-26 4.862784e-26 
8.680000e-01 3.342554e-26 1.481978e-26 4.824532e-26 
8.700000e-01 3.317935e-26 1.464790e-26 4.782724e-26 
8.720000e-01 3.299613e-26 1.448788e-26 4.748402e-26 
8.740000e-01 3.281548e-26 1.434523e-26 4.716070e-26 
8.760000e-01 3.264120e-26 1.418279e-26 4.682399e-26 
8.780000e-01 3.241427e-26 1.402003e-26 4.643429e-26 
8.800000e-01 3.219274e-26 1.388944e-26 4.608217e-26 
8.820000e-01 3.196151e-26 1.376958e-26 4.573109e-26 
8.840000e-01 3.174103e-26 1.364629e-26 4.538732e-26 
8.860000e-01 3.151773e-26 1.352228e-26 4.504001e-26 
8.880000e-01 3.129773e-26 1.339798e-26 4.469571e-26 
8.900000e-01 3.110591e-26 1.329317e-26 4.439908e-26 
8.920000e-01 3.090377e-26 1.316990e-26 4.407367e-26 
8.940000e-01 3.063969e-26 1.301944e-26 4.365913e-26 
8.960000e-01 3.041031e-26 1.288462e-26 4.329493e-26 
8.980000e-01 3.014152e-26 1.277329e-26 4.291480e-26 
9.000000e-01 3.000854e-26 1.266951e-26 4.267805e-26 
9.020000e-01 2.966473e-26 1.254919e-26 4.221392e-26 
9.040000e-01 2.944804e-26 1.242562e-26 4.187366e-26 
9.060000e-01 2.928198e-26 1.233208e-26 4.161407e-26 
9.080000e-01 2.910506e-26 1.226427e-26 4.136933e-26 
9.100000e-01 2.888904e-26 1.216969e-26 4.105873e-26 
9.120000e-01 2.872609e-26 1.208697e-26 4.081306e-26 
9.140000e-01 2.850157e-26 1.200783e-26 4.050940e-26 
9.160000e-01 2.831141e-26 1.193721e-26 4.024862e-26 
9.180000e-01 2.809914e-26 1.186812e-26 3.996725e-26 
9.200000e-01 2.789667e-26 1.178407e-26 3.968074e-26 
9.220000e-01 2.770638e-26 1.169130e-26 3.939767e-26 
9.240000e-01 2.753535e-26 1.162104e-26 3.915638e-26 
9.260000e-01 2.733332e-26 1.152012e-26 3.885345e-26 
9.280000e-01 2.710776e-26 1.140110e-26 3.850887e-26 
9.300000e-01 2.687652e-26 1.130508e-26 3.818160e-26 
9.320000e-01 2.665754e-26 1.122908e-26 3.788662e-26 
9.340000e-01 2.643897e-26 1.117185e-26 3.761083e-26 
9.360000e-01 2.621954e-26 1.109344e-26 3.731298e-26 
9.380000e-01 2.603726e-26 1.100458e-26 3.704184e-26 
9.400000e-01 2.586767e-26 1.093988e-26 3.680755e-26 
9.420000e-01 2.572631e-26 1.089792e-26 3.662423e-26 
9.440000e-01 2.556608e-26 1.082927e-26 3.639535e-26 
9.460000e-01 2.540535e-26 1.076507e-26 3.617042e-26 
9.480000e-01 2.522538e-26 1.070942e-26 3.593480e-26 
9.500000e-01 2.504265e-26 1.065691e-26 3.569956e-26 
9.520000e-01 2.485934e-26 1.060619e-26 3.546553e-26 
9.540000e-01 2.467998e-26 1.054200e-26 3.522198e-26 
9.560000e-01 2.451302e-26 1.048207e-26 3.499509e-26 
9.580000e-01 2.433815e-26 1.766525e-26 4.200341e-26 
9.600000e-01 2.360044e-26 1.753329e-26 4.113373e-26 
9.620000e-01 2.343177e-26 1.740349e-26 4.083526e-26 
9.640000e-01 2.325969e-26 1.727212e-26 4.053182e-26 
9.660000e-01 2.312133e-26 1.712952e-26 4.025085e-26 
9.680000e-01 2.294989e-26 1.699411e-26 3.994400e-26 
9.700000e-01 2.278331e-26 1.685259e-26 3.963590e-26 
9.720000e-01 2.302583e-26 1.671077e-26 3.973660e-26 
9.740000e-01 2.287794e-26 1.657771e-26 3.945564e-26 
9.760000e-01 2.227583e-26 1.645242e-26 3.872825e-26 
9.780000e-01 2.209946e-26 1.045558e-26 3.255505e-26 
9.800000e-01 2.194346e-26 1.621559e-26 3.815905e-26 
9.820000e-01 2.178509e-26 1.609402e-26 3.787912e-26 
9.840000e-01 2.162383e-26 1.597172e-26 3.759555e-26 
9.860000e-01 2.148193e-26 1.584998e-26 3.733192e-26 
9.880000e-01 2.130673e-26 1.571862e-26 3.702535e-26 
9.900000e-01 2.114551e-26 1.028254e-26 3.142805e-26 
9.920000e-01 2.100344e-26 1.021009e-26 3.121352e-26 
9.940000e-01 2.082072e-26 1.013437e-26 3.095510e-26 
9.960000e-01 2.064464e-26 1.005403e-26 3.069867e-26 
9.980000e-01 2.050295e-26 9.985617e-27 3.048857e-26 
1.000000e+00 2.037118e-26 9.925917e-27 3.029710e-26 
1.002000e+00 2.024594e-26 9.859506e-27 3.010544e-26 
1.004000e+00 2.009783e-26 9.800548e-27 2.989838e-26 
1.006000e+00 1.995475e-26 9.739270e-27 2.969403e-26 
1.008000e+00 1.981719e-26 9.682074e-27 2.949926e-26 
1.010000e+00 1.967100e-26 9.644174e-27 2.931517e-26 
1.012000e+00 1.951659e-26 9.583699e-27 2.910029e-26 
1.014000e+00 1.936793e-26 9.526205e-27 2.889414e-26 
1.016000e+00 1.921902e-26 9.466521e-27 2.868554e-26 
1.018000e+00 1.908522e-26 9.403645e-27 2.848886e-26 
1.020000e+00 1.894866e-26 9.352144e-27 2.830080e-26 
1.022000e+00 1.881588e-26 9.296541e-27 2.811242e-26 
1.024000e+00 1.867614e-26 9.243302e-27 2.791944e-26 
1.026000e+00 1.853840e-26 9.179828e-27 2.771823e-26 
1.028000e+00 1.841549e-26 9.132795e-27 2.754829e-26 
1.030000e+00 1.825469e-26 9.078965e-27 2.733366e-26 
1.032000e+00 1.642381e-26 9.024479e-27 2.544829e-26 
1.034000e+00 1.797006e-26 8.961847e-27 2.693191e-26 
1.036000e+00 1.603155e-26 8.901769e-27 2.493332e-26 
1.038000e+00 1.583360e-26 8.855271e-27 2.468887e-26 
1.040000e+00 1.762297e-26 8.789527e-27 2.641250e-26 
1.042000e+00 1.558674e-26 8.746371e-27 2.433311e-26 
1.044000e+00 1.738439e-26 8.682556e-27 2.606694e-26 
1.046000e+00 1.730891e-26 8.636915e-27 2.594583e-26 
1.048000e+00 1.713287e-26 8.592550e-27 2.572542e-26 
1.050000e+00 1.699606e-26 8.556184e-27 2.555224e-26 
1.052000e+00 1.687546e-26 8.508343e-27 2.538380e-26 
1.054000e+00 1.674005e-26 8.468482e-27 2.520853e-26 
1.056000e+00 1.662743e-26 8.422056e-27 2.504949e-26 
1.058000e+00 1.449031e-26 8.373439e-27 2.286375e-26 
1.060000e+00 1.434329e-26 8.329164e-27 2.267246e-26 
1.062000e+00 1.422804e-26 8.285428e-27 2.251347e-26 
1.064000e+00 1.414923e-26 8.233897e-27 2.238313e-26 
1.066000e+00 1.405264e-26 8.188465e-27 2.224110e-26 
1.068000e+00 1.394827e-26 8.143947e-27 2.209222e-26 
1.070000e+00 1.381956e-26 8.100636e-27 2.192019e-26 
1.072000e+00 1.368636e-26 8.050748e-27 2.173710e-26 
1.074000e+00 1.350369e-26 8.004071e-27 2.150776e-26 
1.076000e+00 1.330075e-26 7.955774e-27 2.125652e-26 
1.078000e+00 1.313353e-26 7.903024e-27 2.103655e-26 
1.080000e+00 1.300822e-26 7.864531e-27 2.087275e-26 
1.082000e+00 1.293144e-26 7.819082e-27 2.075052e-26 
1.084000e+00 1.282803e-26 7.776498e-27 2.060453e-26 
1.086000e+00 1.275636e-26 7.740221e-27 2.049659e-26 
1.088000e+00 1.482785e-26 7.708503e-27 2.253635e-26 
1.090000e+00 1.471402e-26 7.676814e-27 2.239083e-26 
1.092000e+00 1.460930e-26 7.638846e-27 2.224814e-26 
1.094000e+00 1.450052e-26 7.602469e-27 2.210299e-26 
1.096000e+00 1.213695e-26 7.567943e-27 1.970489e-26 
1.098000e+00 1.199100e-26 7.525607e-27 1.951660e-26 
1.100000e+00 1.186029e-26 7.489839e-27 1.935012e-26 
1.102000e+00 1.175634e-26 7.451855e-27 1.920819e-26 
1.104000e+00 1.165848e-26 7.408824e-27 1.906730e-26 
1.106000e+00 1.159017e-26 7.370613e-27 1.896078e-26 
1.108000e+00 1.147671e-26 7.334605e-27 1.881132e-26 
1.110000e+00 1.138906e-26 7.299705e-27 1.868876e-26 
1.112000e+00 1.131470e-26 7.262724e-27 1.857742e-26 
1.114000e+00 1.120612e-26 7.222608e-27 1.842873e-26 
1.116000e+00 1.107164e-26 7.178809e-27 1.825045e-26 
1.118000e+00 1.096770e-26 7.136295e-27 1.810400e-26 
1.120000e+00 1.087163e-26 7.119639e-27 1.799127e-26 
1.122000e+00 1.078479e-26 7.064882e-27 1.784968e-26 
1.124000e+00 1.070562e-26 7.029375e-27 1.773499e-26 
1.126000e+00 1.067733e-26 6.995215e-27 1.767255e-26 
1.128000e+00 1.058542e-26 6.966312e-27 1.755174e-26 
1.130000e+00 1.277327e-26 6.942517e-27 1.971579e-26 
1.132000e+00 1.268155e-26 6.918719e-27 1.960027e-26 
1.134000e+00 1.259125e-26 6.891585e-27 1.948284e-26 
1.136000e+00 1.031638e-26 6.860630e-27 1.717701e-26 
1.138000e+00 1.023144e-26 6.828163e-27 1.705960e-26 
1.140000e+00 1.015486e-26 6.798523e-27 1.695338e-26 
1.142000e+00 1.007862e-26 6.764822e-27 1.684344e-26 
1.144000e+00 9.998292e-27 6.730563e-27 1.672886e-26 
1.146000e+00 9.960983e-27 6.700849e-27 1.666183e-26 
1.148000e+00 9.891222e-27 6.664711e-27 1.655593e-26 
1.150000e+00 9.790818e-27 6.628072e-27 1.641889e-26 
1.152000e+00 9.772825e-27 6.605423e-27 1.637825e-26 
1.154000e+00 9.712800e-27 6.574908e-27 1.628771e-26 
1.156000e+00 9.623215e-27 6.544074e-27 1.616729e-26 
1.158000e+00 9.521556e-27 6.508501e-27 1.603006e-26 
1.160000e+00 9.442826e-27 6.476345e-27 1.591917e-26 
1.162000e+00 9.358676e-27 6.443093e-27 1.580177e-26 
1.164000e+00 9.295723e-27 6.411290e-27 1.570701e-26 
1.166000e+00 9.239634e-27 6.379509e-27 1.561914e-26 
1.168000e+00 9.185782e-27 6.349197e-27 1.553498e-26 
1.170000e+00 9.134953e-27 6.321364e-27 1.545632e-26 
1.172000e+00 9.086897e-27 6.295547e-27 1.538244e-26 
1.174000e+00 9.052390e-27 6.276668e-27 1.532906e-26 
1.176000e+00 9.003715e-27 6.244564e-27 1.524828e-26 
1.178000e+00 8.930987e-27 6.229749e-27 1.516074e-26 
1.180000e+00 8.860464e-27 6.205151e-27 1.506562e-26 
1.182000e+00 8.799894e-27 6.177708e-27 1.497760e-26 
1.184000e+00 8.738318e-27 6.149523e-27 1.488784e-26 
1.186000e+00 8.691850e-27 6.120981e-27 1.481283e-26 
1.188000e+00 8.062158e-27 6.088516e-27 1.415067e-26 
1.190000e+00 8.583396e-27 6.060410e-27 1.464381e-26 
1.192000e+00 8.523835e-27 6.029291e-27 1.455313e-26 
1.194000e+00 8.469011e-27 6.009184e-27 1.447820e-26 
1.196000e+00 8.432226e-27 5.985960e-27 1.441819e-26 
1.198000e+00 8.376748e-27 5.962348e-27 1.433910e-26 
1.200000e+00 8.296975e-27 5.931210e-27 1.422819e-26 
1.202000e+00 8.223674e-27 5.901878e-27 1.412555e-26 
1.204000e+00 8.153597e-27 5.872131e-27 1.402573e-26 
1.206000e+00 8.090862e-27 5.849381e-27 1.394024e-26 
1.208000e+00 8.037879e-27 5.818112e-27 1.385599e-26 
1.210000e+00 7.987567e-27 5.788875e-27 1.377644e-26 
1.212000e+00 7.950422e-27 5.760486e-27 1.371091e-26 
1.214000e+00 7.895047e-27 5.737551e-27 1.363260e-26 
1.216000e+00 7.864625e-27 5.723840e-27 1.358846e-26 
1.218000e+00 7.293804e-27 5.707995e-27 1.300180e-26 
1.220000e+00 7.254427e-27 5.691519e-27 1.294595e-26 
1.222000e+00 7.735625e-27 5.669938e-27 1.340556e-26 
1.224000e+00 7.675867e-27 5.648100e-27 1.332397e-26 
1.226000e+00 7.620552e-27 5.624402e-27 1.324495e-26 
1.228000e+00 7.569061e-27 5.599288e-27 1.316835e-26 
1.230000e+00 7.520672e-27 5.574241e-27 1.309491e-26 
1.232000e+00 7.473801e-27 5.548249e-27 1.302205e-26 
1.234000e+00 7.426000e-27 5.522239e-27 1.294824e-26 
1.236000e+00 7.376771e-27 5.493592e-27 1.287036e-26 
1.238000e+00 7.323241e-27 5.471255e-27 1.279450e-26 
1.240000e+00 7.285825e-27 5.457022e-27 1.274285e-26 
1.242000e+00 7.247153e-27 5.439459e-27 1.268661e-26 
1.244000e+00 6.827903e-27 5.418316e-27 1.224622e-26 
1.246000e+00 7.128708e-27 5.400896e-27 1.252960e-26 
1.248000e+00 7.062476e-27 5.370194e-27 1.243267e-26 
1.250000e+00 7.010756e-27 5.341521e-27 1.235228e-26 
1.252000e+00 6.948172e-27 5.316812e-27 1.226498e-26 
1.254000e+00 6.898522e-27 5.293852e-27 1.219237e-26 
1.256000e+00 6.850754e-27 5.274168e-27 1.212492e-26 
1.258000e+00 6.475832e-27 5.250537e-27 1.172637e-26 
1.260000e+00 6.402421e-27 5.223500e-27 1.162592e-26 
1.262000e+00 6.334929e-27 5.209945e-27 1.154487e-26 
1.264000e+00 6.277954e-27 5.200256e-27 1.147821e-26 
1.266000e+00 6.242431e-27 5.185351e-27 1.142778e-26 
1.268000e+00 6.607593e-27 5.168803e-27 1.177640e-26 
1.270000e+00 6.555329e-27 5.150136e-27 1.170547e-26 
1.272000e+00 6.504692e-27 5.126177e-27 1.163087e-26 
1.274000e+00 6.525254e-27 5.106573e-27 1.163183e-26 
1.276000e+00 6.402114e-27 5.085183e-27 1.148730e-26 
1.278000e+00 6.344658e-27 5.063177e-27 1.140783e-26 
1.280000e+00 6.294482e-27 5.045155e-27 1.133964e-26 
1.282000e+00 6.237507e-27 5.011806e-27 1.124931e-26 
1.284000e+00 6.174092e-27 4.993776e-27 1.116787e-26 
1.286000e+00 6.121472e-27 4.980593e-27 1.110206e-26 
1.288000e+00 6.063574e-27 4.968318e-27 1.103189e-26 
1.290000e+00 5.982794e-27 4.949962e-27 1.093276e-26 
1.292000e+00 5.906109e-27 4.929736e-27 1.083585e-26 
1.294000e+00 5.814321e-27 4.910653e-27 1.072497e-26 
1.296000e+00 5.738466e-27 4.885028e-27 1.062349e-26 
1.298000e+00 5.665027e-27 4.900126e-27 1.056515e-26 
1.300000e+00 5.623040e-27 4.841155e-27 1.046420e-26 
1.302000e+00 5.596897e-27 4.822562e-27 1.041946e-26 
1.304000e+00 5.573423e-27 4.800199e-27 1.037362e-26 
1.306000e+00 5.580390e-27 4.779152e-27 1.035954e-26 
1.308000e+00 5.597556e-27 4.762377e-27 1.035993e-26 
1.310000e+00 5.629993e-27 4.750983e-27 1.038098e-26 
1.312000e+00 5.663270e-27 4.737365e-27 1.040063e-26 
1.314000e+00 5.696971e-27 4.723173e-27 1.042014e-26 
1.316000e+00 5.713393e-27 4.706513e-27 1.041991e-26 
1.318000e+00 5.712730e-27 4.686529e-27 1.039926e-26 
1.320000e+00 5.714349e-27 4.667473e-27 1.038182e-26 
1.322000e+00 5.704110e-27 4.649489e-27 1.035360e-26 
1.324000e+00 5.681201e-27 4.630258e-27 1.031146e-26 
1.326000e+00 5.679337e-27 4.624682e-27 1.030402e-26 
1.328000e+00 5.670722e-27 4.589130e-27 1.025985e-26 
1.330000e+00 5.648272e-27 4.564327e-27 1.021260e-26 
1.332000e+00 5.625573e-27 4.548511e-27 1.017408e-26 
1.334000e+00 5.618007e-27 4.534020e-27 1.015203e-26 
1.336000e+00 5.603640e-27 4.517603e-27 1.012124e-26 
1.338000e+00 5.590462e-27 4.501241e-27 1.009170e-26 
1.340000e+00 5.571007e-27 4.489941e-27 1.006095e-26 
1.342000e+00 5.543854e-27 4.459665e-27 1.000352e-26 
1.344000e+00 5.516724e-27 4.437745e-27 9.954469e-27 
1.346000e+00 5.482791e-27 4.417792e-27 9.900584e-27 
1.348000e+00 5.453983e-27 4.395912e-27 9.849895e-27 
1.350000e+00 5.425647e-27 4.371216e-27 9.796864e-27 
1.352000e+00 5.404013e-27 4.360100e-27 9.764113e-27 
1.354000e+00 5.379245e-27 4.338137e-27 9.717383e-27 
1.356000e+00 5.354828e-27 4.320653e-27 9.675481e-27 
1.358000e+00 5.344734e-27 4.306688e-27 9.651422e-27 
1.360000e+00 5.335740e-27 4.291880e-27 9.627620e-27 
1.362000e+00 5.326003e-27 4.276610e-27 9.602613e-27 
1.364000e+00 5.320491e-27 4.258544e-27 9.579034e-27 
1.366000e+00 5.296772e-27 4.241004e-27 9.537775e-27 
1.368000e+00 5.272361e-27 4.220387e-27 9.492747e-27 
1.370000e+00 5.244929e-27 4.199859e-27 9.444787e-27 
1.372000e+00 5.217545e-27 4.184023e-27 9.401568e-27 
1.374000e+00 5.194386e-27 4.163265e-27 9.357651e-27 
1.376000e+00 5.178144e-27 4.318838e-27 9.496982e-27 
1.378000e+00 5.146213e-27 4.119711e-27 9.265924e-27 
1.380000e+00 5.116421e-27 4.098185e-27 9.214606e-27 
1.382000e+00 5.093695e-27 4.038870e-27 9.132564e-27 
1.384000e+00 5.074187e-27 4.069401e-27 9.143588e-27 
1.386000e+00 5.051091e-27 4.057562e-27 9.108652e-27 
1.388000e+00 5.040970e-27 4.040581e-27 9.081551e-27 
1.390000e+00 5.022542e-27 4.022476e-27 9.045019e-27 
1.392000e+00 4.996921e-27 4.007064e-27 9.003985e-27 
1.394000e+00 4.965823e-27 3.982822e-27 8.948644e-27 
1.396000e+00 4.935292e-27 3.966498e-27 8.901791e-27 
1.398000e+00 3.379075e-27 3.946787e-27 7.325862e-27 
1.400000e+00 3.330248e-27 3.929845e-27 7.260093e-27 
1.402000e+00 3.322726e-27 3.911924e-27 7.234650e-27 
1.404000e+00 4.823739e-27 3.893160e-27 8.716899e-27 
1.406000e+00 4.800241e-27 3.873060e-27 8.673301e-27 
1.408000e+00 3.386305e-27 3.859834e-27 7.246139e-27 
1.410000e+00 3.387951e-27 3.844057e-27 7.232009e-27 
1.412000e+00 3.379418e-27 3.831438e-27 7.210855e-27 
1.414000e+00 4.750751e-27 3.816541e-27 8.567292e-27 
1.416000e+00 4.738959e-27 3.798050e-27 8.537008e-27 
1.418000e+00 4.721600e-27 3.782446e-27 8.504046e-27 
1.420000e+00 4.696770e-27 3.766557e-27 8.463326e-27 
1.422000e+00 4.674320e-27 3.751484e-27 8.425804e-27 
1.424000e+00 4.650560e-27 3.734698e-27 8.385258e-27 
1.426000e+00 4.626297e-27 3.713879e-27 8.340176e-27 
1.428000e+00 4.604584e-27 3.695340e-27 8.299925e-27 
1.430000e+00 4.576229e-27 3.675688e-27 8.251917e-27 
1.432000e+00 4.550546e-27 3.656220e-27 8.206766e-27 
1.434000e+00 4.528994e-27 3.646017e-27 8.175012e-27 
1.436000e+00 4.506941e-27 3.630172e-27 8.137113e-27 
1.438000e+00 4.492854e-27 3.619451e-27 8.112305e-27 
1.440000e+00 4.481985e-27 3.604942e-27 8.086927e-27 
1.442000e+00 4.580432e-27 3.587811e-27 8.168242e-27 
1.444000e+00 4.444713e-27 3.567989e-27 8.012702e-27 
1.446000e+00 4.418336e-27 3.555544e-27 7.973879e-27 
1.448000e+00 4.392825e-27 3.538964e-27 7.931790e-27 
1.450000e+00 4.365261e-27 3.523487e-27 7.888749e-27 
1.452000e+00 3.043131e-27 3.505895e-27 6.549025e-27 
1.454000e+00 3.020754e-27 3.488857e-27 6.509611e-27 
1.456000e+00 4.284492e-27 3.473075e-27 7.757567e-27 
1.458000e+00 4.261203e-27 3.457255e-27 7.718458e-27 
1.460000e+00 4.241771e-27 3.444820e-27 7.686591e-27 
1.462000e+00 3.074728e-27 3.431699e-27 6.506427e-27 
1.464000e+00 3.061676e-27 3.417875e-27 6.479551e-27 
1.466000e+00 3.042146e-27 3.406295e-27 6.448440e-27 
1.468000e+00 3.024535e-27 3.391066e-27 6.415602e-27 
1.470000e+00 4.191945e-27 3.375783e-27 7.567728e-27 
1.472000e+00 4.173144e-27 3.360761e-27 7.533905e-27 
1.474000e+00 4.153666e-27 3.346546e-27 7.500212e-27 
1.476000e+00 4.132212e-27 3.330217e-27 7.462428e-27 
1.478000e+00 4.110232e-27 3.313998e-27 7.424229e-27 
1.480000e+00 4.086193e-27 3.209158e-27 7.295351e-27 
1.482000e+00 4.066306e-27 3.188259e-27 7.254565e-27 
1.484000e+00 4.044059e-27 3.167483e-27 7.211542e-27 
1.486000e+00 4.020442e-27 3.153485e-27 7.173928e-27 
1.488000e+00 4.020442e-27 3.153485e-27 7.173928e-27 
1.490000e+00  4.020442e-27 3.153485e-27 7.173928e-27 
1.492000e+00  4.020442e-27 3.153485e-27 7.173928e-27 
1.494000e+00  4.020442e-27 3.153485e-27 7.173928e-27 
1.496000e+00  4.020442e-27 3.153485e-27 7.173928e-27 
1.498000e+00  4.020442e-27 3.153485e-27 7.173928e-27 
1.500000e+00  4.020442e-27 3.153485e-27 7.173928e-27 
1.502000e+00  4.020442e-27 3.153485e-27 7.173928e-27 
1.504000e+00  4.020442e-27 3.153485e-27 7.173928e-27 
1.506000e+00  4.020442e-27 3.153485e-27 7.173928e-27 
1.508000e+00  4.020442e-27 3.153485e-27 7.173928e-27 
1.510000e+00  4.020442e-27 3.153485e-27 7.173928e-27 
1.512000e+00  4.020442e-27 3.153485e-27 7.173928e-27 
1.514000e+00  4.020442e-27 3.153485e-27 7.173928e-27 
1.516000e+00  4.020442e-27 3.153485e-27 7.173928e-27 
1.518000e+00  4.020442e-27 3.153485e-27 7.173928e-27 
1.520000e+00  4.020442e-27 3.153485e-27 7.173928e-27 
1.522000e+00  4.020442e-27 3.153485e-27 7.173928e-27 
1.524000e+00  4.020442e-27 3.153485e-27 7.173928e-27 
1.526000e+00  4.020442e-27 3.153485e-27 7.173928e-27 
1.528000e+00  4.020442e-27 3.153485e-27 7.173928e-27 
1.530000e+00  4.020442e-27 3.153485e-27 7.173928e-27 
1.532000e+00  4.020442e-27 3.153485e-27 7.173928e-27 
1.534000e+00  4.020442e-27 3.153485e-27 7.173928e-27 
1.536000e+00  4.020442e-27 3.153485e-27 7.173928e-27 
1.538000e+00  4.020442e-27 3.153485e-27 7.173928e-27 
1.540000e+00  4.020442e-27 3.153485e-27 7.173928e-27 
1.542000e+00  4.020442e-27 3.153485e-27 7.173928e-27 
1.544000e+00  4.020442e-27 3.153485e-27 7.173928e-27 
1.546000e+00  4.020442e-27 3.153485e-27 7.173928e-27 
1.548000e+00  4.020442e-27 3.153485e-27 7.173928e-27 
1.550000e+00  4.020442e-27 3.153485e-27 7.173928e-27 
1.552000e+00  4.020442e-27 3.153485e-27 7.173928e-27 
1.554000e+00  4.020442e-27 3.153485e-27 7.173928e-27 
1.556000e+00  4.020442e-27 3.153485e-27 7.173928e-27 
1.558000e+00  4.020442e-27 3.153485e-27 7.173928e-27 
1.560000e+00  4.020442e-27 3.153485e-27 7.173928e-27 
1.562000e+00  4.020442e-27 3.153485e-27 7.173928e-27 
1.564000e+00  4.020442e-27 3.153485e-27 7.173928e-27 
1.566000e+00  4.020442e-27 3.153485e-27 7.173928e-27 
1.568000e+00  4.020442e-27 3.153485e-27 7.173928e-27 
1.570000e+00  4.020442e-27 3.153485e-27 7.173928e-27 
1.572000e+00  4.020442e-27 3.153485e-27 7.173928e-27 
1.574000e+00  4.020442e-27 3.153485e-27 7.173928e-27 
1.576000e+00  4.020442e-27 3.153485e-27 7.173928e-27 
1.578000e+00  4.020442e-27 3.153485e-27 7.173928e-27 
1.580000e+00  4.020442e-27 3.153485e-27 7.173928e-27 
1.582000e+00  4.020442e-27 3.153485e-27 7.173928e-27 
1.584000e+00  4.020442e-27 3.153485e-27 7.173928e-27 
1.586000e+00  4.020442e-27 3.153485e-27 7.173928e-27 
1.588000e+00  4.020442e-27 3.153485e-27 7.173928e-27 
1.590000e+00  4.020442e-27 3.153485e-27 7.173928e-27 
1.592000e+00  4.020442e-27 3.153485e-27 7.173928e-27 
1.594000e+00  4.020442e-27 3.153485e-27 7.173928e-27 
1.596000e+00  4.020442e-27 3.153485e-27 7.173928e-27 
1.598000e+00  4.020442e-27 3.153485e-27 7.173928e-27 
1.600000e+00  4.020442e-27 3.153485e-27 7.173928e-27 
1.602000e+00  4.020442e-27 3.153485e-27 7.173928e-27 
1.604000e+00  4.020442e-27 3.153485e-27 7.173928e-27 
1.606000e+00  4.020442e-27 3.153485e-27 7.173928e-27 
1.608000e+00  4.020442e-27 3.153485e-27 7.173928e-27 
1.610000e+00  4.020442e-27 3.153485e-27 7.173928e-27 
1.612000e+00  4.020442e-27 3.153485e-27 7.173928e-27 
1.614000e+00  4.020442e-27 3.153485e-27 7.173928e-27 
1.616000e+00  4.020442e-27 3.153485e-27 7.173928e-27 
1.618000e+00  4.020442e-27 3.153485e-27 7.173928e-27 
1.620000e+00  4.020442e-27 3.153485e-27 7.173928e-27 
1.622000e+00  4.020442e-27 3.153485e-27 7.173928e-27 
1.624000e+00  4.020442e-27 3.153485e-27 7.173928e-27 
1.626000e+00  4.020442e-27 3.153485e-27 7.173928e-27 
1.628000e+00  4.020442e-27 3.153485e-27 7.173928e-27 
1.630000e+00  4.020442e-27 3.153485e-27 7.173928e-27 
1.632000e+00  4.020442e-27 3.153485e-27 7.173928e-27 
1.634000e+00  4.020442e-27 3.153485e-27 7.173928e-27 
1.636000e+00  4.020442e-27 3.153485e-27 7.173928e-27 
1.638000e+00  4.020442e-27 3.153485e-27 7.173928e-27 
1.640000e+00  4.020442e-27 3.153485e-27 7.173928e-27 
1.642000e+00  4.020442e-27 3.153485e-27 7.173928e-27 
1.644000e+00  4.020442e-27 3.153485e-27 7.173928e-27 
1.646000e+00  4.020442e-27 3.153485e-27 7.173928e-27 
1.648000e+00  4.020442e-27 3.153485e-27 7.173928e-27 
1.650000e+00  4.020442e-27 3.153485e-27 7.173928e-27 
1.652000e+00  4.020442e-27 3.153485e-27 7.173928e-27 
1.654000e+00  4.020442e-27 3.153485e-27 7.173928e-27 
1.656000e+00  4.020442e-27 3.153485e-27 7.173928e-27 
1.658000e+00  4.020442e-27 3.153485e-27 7.173928e-27 
1.660000e+00  4.020442e-27 3.153485e-27 7.173928e-27 
1.662000e+00  4.020442e-27 3.153485e-27 7.173928e-27 
1.664000e+00  4.020442e-27 3.153485e-27 7.173928e-27 
1.666000e+00  4.020442e-27 3.153485e-27 7.173928e-27 
1.668000e+00  4.020442e-27 3.153485e-27 7.173928e-27 
1.670000e+00  4.020442e-27 3.153485e-27 7.173928e-27 
1.672000e+00  4.020442e-27 3.153485e-27 7.173928e-27 
1.674000e+00  4.020442e-27 3.153485e-27 7.173928e-27 
1.676000e+00  4.020442e-27 3.153485e-27 7.173928e-27 
1.678000e+00  4.020442e-27 3.153485e-27 7.173928e-27 
1.680000e+00  4.020442e-27 3.153485e-27 7.173928e-27 
1.682000e+00  4.020442e-27 3.153485e-27 7.173928e-27 
1.684000e+00  4.020442e-27 3.153485e-27 7.173928e-27 
1.686000e+00  4.020442e-27 3.153485e-27 7.173928e-27 
1.688000e+00  4.020442e-27 3.153485e-27 7.173928e-27 
1.690000e+00  4.020442e-27 3.153485e-27 7.173928e-27 
1.692000e+00  4.020442e-27 3.153485e-27 7.173928e-27 
1.694000e+00  4.020442e-27 3.153485e-27 7.173928e-27 
1.696000e+00  4.020442e-27 3.153485e-27 7.173928e-27 
1.698000e+00  4.020442e-27 3.153485e-27 7.173928e-27 
1.700000e+00  4.020442e-27 3.153485e-27 7.173928e-27 
1.702000e+00  4.020442e-27 3.153485e-27 7.173928e-27 
1.704000e+00  4.020442e-27 3.153485e-27 7.173928e-27 
1.706000e+00  4.020442e-27 3.153485e-27 7.173928e-27 
1.708000e+00  4.020442e-27 3.153485e-27 7.173928e-27 
1.710000e+00  4.020442e-27 3.153485e-27 7.173928e-27 
1.712000e+00  4.020442e-27 3.153485e-27 7.173928e-27 
1.714000e+00  4.020442e-27 3.153485e-27 7.173928e-27 
1.716000e+00  4.020442e-27 3.153485e-27 7.173928e-27 
1.718000e+00  4.020442e-27 3.153485e-27 7.173928e-27 
1.720000e+00  4.020442e-27 3.153485e-27 7.173928e-27 
1.722000e+00  4.020442e-27 3.153485e-27 7.173928e-27 
1.724000e+00  4.020442e-27 3.153485e-27 7.173928e-27 
1.726000e+00  4.020442e-27 3.153485e-27 7.173928e-27 
1.728000e+00  4.020442e-27 3.153485e-27 7.173928e-27 
1.730000e+00  4.020442e-27 3.153485e-27 7.173928e-27 
1.732000e+00  4.020442e-27 3.153485e-27 7.173928e-27 
1.734000e+00  4.020442e-27 3.153485e-27 7.173928e-27 
1.736000e+00  4.020442e-27 3.153485e-27 7.173928e-27 
1.738000e+00  4.020442e-27 3.153485e-27 7.173928e-27 
1.740000e+00  4.020442e-27 3.153485e-27 7.173928e-27 
1.742000e+00  4.020442e-27 3.153485e-27 7.173928e-27 
1.744000e+00  4.020442e-27 3.153485e-27 7.173928e-27 
1.746000e+00  4.020442e-27 3.153485e-27 7.173928e-27 
1.748000e+00  4.020442e-27 3.153485e-27 7.173928e-27 
1.750000e+00  4.020442e-27 3.153485e-27 7.173928e-27 
1.752000e+00  4.020442e-27 3.153485e-27 7.173928e-27 
1.754000e+00  4.020442e-27 3.153485e-27 7.173928e-27 
1.756000e+00  4.020442e-27 3.153485e-27 7.173928e-27 
1.758000e+00  4.020442e-27 3.153485e-27 7.173928e-27 
1.760000e+00  4.020442e-27 3.153485e-27 7.173928e-27 
1.762000e+00  4.020442e-27 3.153485e-27 7.173928e-27 
1.764000e+00  4.020442e-27 3.153485e-27 7.173928e-27 
1.766000e+00  4.020442e-27 3.153485e-27 7.173928e-27 
1.768000e+00  4.020442e-27 3.153485e-27 7.173928e-27 
1.770000e+00  4.020442e-27 3.153485e-27 7.173928e-27 
1.772000e+00  4.020442e-27 3.153485e-27 7.173928e-27 
1.774000e+00  4.020442e-27 3.153485e-27 7.173928e-27 
1.776000e+00  4.020442e-27 3.153485e-27 7.173928e-27 
1.778000e+00  4.020442e-27 3.153485e-27 7.173928e-27 
1.780000e+00  4.020442e-27 3.153485e-27 7.173928e-27 
1.782000e+00  4.020442e-27 3.153485e-27 7.173928e-27 
1.784000e+00  4.020442e-27 3.153485e-27 7.173928e-27 
1.786000e+00  4.020442e-27 3.153485e-27 7.173928e-27 
1.788000e+00  4.020442e-27 3.153485e-27 7.173928e-27 
1.790000e+00  4.020442e-27 3.153485e-27 7.173928e-27 
1.792000e+00  4.020442e-27 3.153485e-27 7.173928e-27 
1.794000e+00  4.020442e-27 3.153485e-27 7.173928e-27 
1.796000e+00  4.020442e-27 3.153485e-27 7.173928e-27 
1.798000e+00  4.020442e-27 3.153485e-27 7.173928e-27 
1.800000e+00  4.020442e-27 3.153485e-27 7.173928e-27 
1.802000e+00  4.020442e-27 3.153485e-27 7.173928e-27 
1.804000e+00  4.020442e-27 3.153485e-27 7.173928e-27 
1.806000e+00  4.020442e-27 3.153485e-27 7.173928e-27 
1.808000e+00  4.020442e-27 3.153485e-27 7.173928e-27 
1.810000e+00  4.020442e-27 3.153485e-27 7.173928e-27 
1.812000e+00  4.020442e-27 3.153485e-27 7.173928e-27 
1.814000e+00  4.020442e-27 3.153485e-27 7.173928e-27 
1.816000e+00  4.020442e-27 3.153485e-27 7.173928e-27 
1.818000e+00  4.020442e-27 3.153485e-27 7.173928e-27 
1.820000e+00  4.020442e-27 3.153485e-27 7.173928e-27 
1.822000e+00  4.020442e-27 3.153485e-27 7.173928e-27 
1.824000e+00  4.020442e-27 3.153485e-27 7.173928e-27 
1.826000e+00  4.020442e-27 3.153485e-27 7.173928e-27 
1.828000e+00  4.020442e-27 3.153485e-27 7.173928e-27 
1.830000e+00  4.020442e-27 3.153485e-27 7.173928e-27 
1.832000e+00  4.020442e-27 3.153485e-27 7.173928e-27 
1.834000e+00  4.020442e-27 3.153485e-27 7.173928e-27 
1.836000e+00  4.020442e-27 3.153485e-27 7.173928e-27 
1.838000e+00  4.020442e-27 3.153485e-27 7.173928e-27 
1.840000e+00  4.020442e-27 3.153485e-27 7.173928e-27 
1.842000e+00  4.020442e-27 3.153485e-27 7.173928e-27 
1.844000e+00  4.020442e-27 3.153485e-27 7.173928e-27 
1.846000e+00  4.020442e-27 3.153485e-27 7.173928e-27 
1.848000e+00  4.020442e-27 3.153485e-27 7.173928e-27 
1.850000e+00  4.020442e-27 3.153485e-27 7.173928e-27 
1.852000e+00  4.020442e-27 3.153485e-27 7.173928e-27 
1.854000e+00  4.020442e-27 3.153485e-27 7.173928e-27 
1.856000e+00  4.020442e-27 3.153485e-27 7.173928e-27 
1.858000e+00  4.020442e-27 3.153485e-27 7.173928e-27 
1.860000e+00  4.020442e-27 3.153485e-27 7.173928e-27 
1.862000e+00  4.020442e-27 3.153485e-27 7.173928e-27 
1.864000e+00  4.020442e-27 3.153485e-27 7.173928e-27 
1.866000e+00  4.020442e-27 3.153485e-27 7.173928e-27 
1.868000e+00  4.020442e-27 3.153485e-27 7.173928e-27 
1.870000e+00  4.020442e-27 3.153485e-27 7.173928e-27 
1.872000e+00  4.020442e-27 3.153485e-27 7.173928e-27 
1.874000e+00  4.020442e-27 3.153485e-27 7.173928e-27 
1.876000e+00  4.020442e-27 3.153485e-27 7.173928e-27 
1.878000e+00  4.020442e-27 3.153485e-27 7.173928e-27 
1.880000e+00  4.020442e-27 3.153485e-27 7.173928e-27 
1.882000e+00  4.020442e-27 3.153485e-27 7.173928e-27 
1.884000e+00  4.020442e-27 3.153485e-27 7.173928e-27 
1.886000e+00  4.020442e-27 3.153485e-27 7.173928e-27 
1.888000e+00  4.020442e-27 3.153485e-27 7.173928e-27 
1.890000e+00  4.020442e-27 3.153485e-27 7.173928e-27 
1.892000e+00  4.020442e-27 3.153485e-27 7.173928e-27 
1.894000e+00  4.020442e-27 3.153485e-27 7.173928e-27 
1.896000e+00  4.020442e-27 3.153485e-27 7.173928e-27 
1.898000e+00  4.020442e-27 3.153485e-27 7.173928e-27 
1.900000e+00  4.020442e-27 3.153485e-27 7.173928e-27 
1.902000e+00  4.020442e-27 3.153485e-27 7.173928e-27 
1.904000e+00  4.020442e-27 3.153485e-27 7.173928e-27 
1.906000e+00  4.020442e-27 3.153485e-27 7.173928e-27 
1.908000e+00  4.020442e-27 3.153485e-27 7.173928e-27 
1.910000e+00  4.020442e-27 3.153485e-27 7.173928e-27 
1.912000e+00  4.020442e-27 3.153485e-27 7.173928e-27 
1.914000e+00  4.020442e-27 3.153485e-27 7.173928e-27 
1.916000e+00  4.020442e-27 3.153485e-27 7.173928e-27 
1.918000e+00  4.020442e-27 3.153485e-27 7.173928e-27 
1.920000e+00  4.020442e-27 3.153485e-27 7.173928e-27 
1.922000e+00  4.020442e-27 3.153485e-27 7.173928e-27 
1.924000e+00  4.020442e-27 3.153485e-27 7.173928e-27 
1.926000e+00  4.020442e-27 3.153485e-27 7.173928e-27 
1.928000e+00  4.020442e-27 3.153485e-27 7.173928e-27 
1.930000e+00  4.020442e-27 3.153485e-27 7.173928e-27 
1.932000e+00  4.020442e-27 3.153485e-27 7.173928e-27 
1.934000e+00  4.020442e-27 3.153485e-27 7.173928e-27 
1.936000e+00  4.020442e-27 3.153485e-27 7.173928e-27 
1.938000e+00  4.020442e-27 3.153485e-27 7.173928e-27 
1.940000e+00  4.020442e-27 3.153485e-27 7.173928e-27 
1.942000e+00  4.020442e-27 3.153485e-27 7.173928e-27 
1.944000e+00  4.020442e-27 3.153485e-27 7.173928e-27 
1.946000e+00  4.020442e-27 3.153485e-27 7.173928e-27 
1.948000e+00  4.020442e-27 3.153485e-27 7.173928e-27 
1.950000e+00  4.020442e-27 3.153485e-27 7.173928e-27 
1.952000e+00  4.020442e-27 3.153485e-27 7.173928e-27 
1.954000e+00  4.020442e-27 3.153485e-27 7.173928e-27 
1.956000e+00  4.020442e-27 3.153485e-27 7.173928e-27 
1.958000e+00  4.020442e-27 3.153485e-27 7.173928e-27 
1.960000e+00  4.020442e-27 3.153485e-27 7.173928e-27 
1.962000e+00  4.020442e-27 3.153485e-27 7.173928e-27 
1.964000e+00  4.020442e-27 3.153485e-27 7.173928e-27 
1.966000e+00  4.020442e-27 3.153485e-27 7.173928e-27 
1.968000e+00  4.020442e-27 3.153485e-27 7.173928e-27 
1.970000e+00  4.020442e-27 3.153485e-27 7.173928e-27 
1.972000e+00  4.020442e-27 3.153485e-27 7.173928e-27 
1.974000e+00  4.020442e-27 3.153485e-27 7.173928e-27 
1.976000e+00  4.020442e-27 3.153485e-27 7.173928e-27 
1.978000e+00  4.020442e-27 3.153485e-27 7.173928e-27 
1.980000e+00  4.020442e-27 3.153485e-27 7.173928e-27 
1.982000e+00  4.020442e-27 3.153485e-27 7.173928e-27 
1.984000e+00  4.020442e-27 3.153485e-27 7.173928e-27 
1.986000e+00  4.020442e-27 3.153485e-27 7.173928e-27 
1.988000e+00  4.020442e-27 3.153485e-27 7.173928e-27 
1.990000e+00  4.020442e-27 3.153485e-27 7.173928e-27 
1.992000e+00  4.020442e-27 3.153485e-27 7.173928e-27 
1.994000e+00  4.020442e-27 3.153485e-27 7.173928e-27 
1.996000e+00  4.020442e-27 3.153485e-27 7.173928e-27 
1.998000e+00  4.020442e-27 3.153485e-27 7.173928e-27 
2.000000e+00  4.020442e-27 3.153485e-27 7.173928e-27 
2.002000e+00  4.020442e-27 3.153485e-27 7.173928e-27 
2.004000e+00  4.020442e-27 3.153485e-27 7.173928e-27 
2.006000e+00  4.020442e-27 3.153485e-27 7.173928e-27 
2.008000e+00  4.020442e-27 3.153485e-27 7.173928e-27 
2.010000e+00  4.020442e-27 3.153485e-27 7.173928e-27 
2.012000e+00  4.020442e-27 3.153485e-27 7.173928e-27 
2.014000e+00  4.020442e-27 3.153485e-27 7.173928e-27 
2.016000e+00  4.020442e-27 3.153485e-27 7.173928e-27 
2.018000e+00  4.020442e-27 3.153485e-27 7.173928e-27 
2.020000e+00  4.020442e-27 3.153485e-27 7.173928e-27 
2.022000e+00  4.020442e-27 3.153485e-27 7.173928e-27 
2.024000e+00  4.020442e-27 3.153485e-27 7.173928e-27 
2.026000e+00  4.020442e-27 3.153485e-27 7.173928e-27 
2.028000e+00  4.020442e-27 3.153485e-27 7.173928e-27 
2.030000e+00  4.020442e-27 3.153485e-27 7.173928e-27 
2.032000e+00  4.020442e-27 3.153485e-27 7.173928e-27 
2.034000e+00  4.020442e-27 3.153485e-27 7.173928e-27 
2.036000e+00  4.020442e-27 3.153485e-27 7.173928e-27 
2.038000e+00  4.020442e-27 3.153485e-27 7.173928e-27 
2.040000e+00  4.020442e-27 3.153485e-27 7.173928e-27 
2.042000e+00  4.020442e-27 3.153485e-27 7.173928e-27 
2.044000e+00  4.020442e-27 3.153485e-27 7.173928e-27 
2.046000e+00  4.020442e-27 3.153485e-27 7.173928e-27 
2.048000e+00  4.020442e-27 3.153485e-27 7.173928e-27 
2.050000e+00  4.020442e-27 3.153485e-27 7.173928e-27 
2.052000e+00  4.020442e-27 3.153485e-27 7.173928e-27 
2.054000e+00  4.020442e-27 3.153485e-27 7.173928e-27 
2.056000e+00  4.020442e-27 3.153485e-27 7.173928e-27 
2.058000e+00  4.020442e-27 3.153485e-27 7.173928e-27 
2.060000e+00  4.020442e-27 3.153485e-27 7.173928e-27 
2.062000e+00  4.020442e-27 3.153485e-27 7.173928e-27 
2.064000e+00  4.020442e-27 3.153485e-27 7.173928e-27 
2.066000e+00  4.020442e-27 3.153485e-27 7.173928e-27 
2.068000e+00  4.020442e-27 3.153485e-27 7.173928e-27 
2.070000e+00  4.020442e-27 3.153485e-27 7.173928e-27 
2.072000e+00  4.020442e-27 3.153485e-27 7.173928e-27 
2.074000e+00  4.020442e-27 3.153485e-27 7.173928e-27 
2.076000e+00  4.020442e-27 3.153485e-27 7.173928e-27 
2.078000e+00  4.020442e-27 3.153485e-27 7.173928e-27 
2.080000e+00  4.020442e-27 3.153485e-27 7.173928e-27 
2.082000e+00  4.020442e-27 3.153485e-27 7.173928e-27 
2.084000e+00  4.020442e-27 3.153485e-27 7.173928e-27 
2.086000e+00  4.020442e-27 3.153485e-27 7.173928e-27 
2.088000e+00  4.020442e-27 3.153485e-27 7.173928e-27 
2.090000e+00  4.020442e-27 3.153485e-27 7.173928e-27 
2.092000e+00  4.020442e-27 3.153485e-27 7.173928e-27 
2.094000e+00  4.020442e-27 3.153485e-27 7.173928e-27 
2.096000e+00  4.020442e-27 3.153485e-27 7.173928e-27 
2.098000e+00  4.020442e-27 3.153485e-27 7.173928e-27 
2.100000e+00  4.020442e-27 3.153485e-27 7.173928e-27 
2.102000e+00  4.020442e-27 3.153485e-27 7.173928e-27 
2.104000e+00  4.020442e-27 3.153485e-27 7.173928e-27 
2.106000e+00  4.020442e-27 3.153485e-27 7.173928e-27 
2.108000e+00  4.020442e-27 3.153485e-27 7.173928e-27 
2.110000e+00  4.020442e-27 3.153485e-27 7.173928e-27 
2.112000e+00  4.020442e-27 3.153485e-27 7.173928e-27 
2.114000e+00  4.020442e-27 3.153485e-27 7.173928e-27 
2.116000e+00  4.020442e-27 3.153485e-27 7.173928e-27 
2.118000e+00  4.020442e-27 3.153485e-27 7.173928e-27 
2.120000e+00  4.020442e-27 3.153485e-27 7.173928e-27 
2.122000e+00  4.020442e-27 3.153485e-27 7.173928e-27 
2.124000e+00  4.020442e-27 3.153485e-27 7.173928e-27 
2.126000e+00  4.020442e-27 3.153485e-27 7.173928e-27 
2.128000e+00  4.020442e-27 3.153485e-27 7.173928e-27 
2.130000e+00  4.020442e-27 3.153485e-27 7.173928e-27 
2.132000e+00  4.020442e-27 3.153485e-27 7.173928e-27 
2.134000e+00  4.020442e-27 3.153485e-27 7.173928e-27 
2.136000e+00  4.020442e-27 3.153485e-27 7.173928e-27 
2.138000e+00  4.020442e-27 3.153485e-27 7.173928e-27 
2.140000e+00  4.020442e-27 3.153485e-27 7.173928e-27 
2.142000e+00  4.020442e-27 3.153485e-27 7.173928e-27 
2.144000e+00  4.020442e-27 3.153485e-27 7.173928e-27 
2.146000e+00  4.020442e-27 3.153485e-27 7.173928e-27 
2.148000e+00  4.020442e-27 3.153485e-27 7.173928e-27 
2.150000e+00  4.020442e-27 3.153485e-27 7.173928e-27 
2.152000e+00  4.020442e-27 3.153485e-27 7.173928e-27 
2.154000e+00  4.020442e-27 3.153485e-27 7.173928e-27 
2.156000e+00  4.020442e-27 3.153485e-27 7.173928e-27 
2.158000e+00  4.020442e-27 3.153485e-27 7.173928e-27 
2.160000e+00  4.020442e-27 3.153485e-27 7.173928e-27 
2.162000e+00  4.020442e-27 3.153485e-27 7.173928e-27 
2.164000e+00  4.020442e-27 3.153485e-27 7.173928e-27 
2.166000e+00  4.020442e-27 3.153485e-27 7.173928e-27 
2.168000e+00  4.020442e-27 3.153485e-27 7.173928e-27 
2.170000e+00  4.020442e-27 3.153485e-27 7.173928e-27 
2.172000e+00  4.020442e-27 3.153485e-27 7.173928e-27 
2.174000e+00  4.020442e-27 3.153485e-27 7.173928e-27 
2.176000e+00  4.020442e-27 3.153485e-27 7.173928e-27 
2.178000e+00  4.020442e-27 3.153485e-27 7.173928e-27 
2.180000e+00  4.020442e-27 3.153485e-27 7.173928e-27 
2.182000e+00  4.020442e-27 3.153485e-27 7.173928e-27 
2.184000e+00  4.020442e-27 3.153485e-27 7.173928e-27 
2.186000e+00  4.020442e-27 3.153485e-27 7.173928e-27 
2.188000e+00  4.020442e-27 3.153485e-27 7.173928e-27 
2.190000e+00  4.020442e-27 3.153485e-27 7.173928e-27 
2.192000e+00  4.020442e-27 3.153485e-27 7.173928e-27 
2.194000e+00  4.020442e-27 3.153485e-27 7.173928e-27 
2.196000e+00  4.020442e-27 3.153485e-27 7.173928e-27 
2.198000e+00  4.020442e-27 3.153485e-27 7.173928e-27 
2.200000e+00  4.020442e-27 3.153485e-27 7.173928e-27 
2.202000e+00  4.020442e-27 3.153485e-27 7.173928e-27 
2.204000e+00  4.020442e-27 3.153485e-27 7.173928e-27 
2.206000e+00  4.020442e-27 3.153485e-27 7.173928e-27 
2.208000e+00  4.020442e-27 3.153485e-27 7.173928e-27 
2.210000e+00  4.020442e-27 3.153485e-27 7.173928e-27 
2.212000e+00  4.020442e-27 3.153485e-27 7.173928e-27 
2.214000e+00  4.020442e-27 3.153485e-27 7.173928e-27 
2.216000e+00  4.020442e-27 3.153485e-27 7.173928e-27 
2.218000e+00  4.020442e-27 3.153485e-27 7.173928e-27 
2.220000e+00  4.020442e-27 3.153485e-27 7.173928e-27 
2.222000e+00  4.020442e-27 3.153485e-27 7.173928e-27 
2.224000e+00  4.020442e-27 3.153485e-27 7.173928e-27 
2.226000e+00  4.020442e-27 3.153485e-27 7.173928e-27 
2.228000e+00  4.020442e-27 3.153485e-27 7.173928e-27 
2.230000e+00  4.020442e-27 3.153485e-27 7.173928e-27 
2.232000e+00  4.020442e-27 3.153485e-27 7.173928e-27 
2.234000e+00  4.020442e-27 3.153485e-27 7.173928e-27 
2.236000e+00  4.020442e-27 3.153485e-27 7.173928e-27 
2.238000e+00  4.020442e-27 3.153485e-27 7.173928e-27 
2.240000e+00  4.020442e-27 3.153485e-27 7.173928e-27 
2.242000e+00  4.020442e-27 3.153485e-27 7.173928e-27 
2.244000e+00  4.020442e-27 3.153485e-27 7.173928e-27 
2.246000e+00  4.020442e-27 3.153485e-27 7.173928e-27 
2.248000e+00  4.020442e-27 3.153485e-27 7.173928e-27 
2.250000e+00  4.020442e-27 3.153485e-27 7.173928e-27 
2.252000e+00  4.020442e-27 3.153485e-27 7.173928e-27 
2.254000e+00  4.020442e-27 3.153485e-27 7.173928e-27 
2.256000e+00  4.020442e-27 3.153485e-27 7.173928e-27 
2.258000e+00  4.020442e-27 3.153485e-27 7.173928e-27 
2.260000e+00  4.020442e-27 3.153485e-27 7.173928e-27 
2.262000e+00  4.020442e-27 3.153485e-27 7.173928e-27 
2.264000e+00  4.020442e-27 3.153485e-27 7.173928e-27 
2.266000e+00  4.020442e-27 3.153485e-27 7.173928e-27 
2.268000e+00  4.020442e-27 3.153485e-27 7.173928e-27 
2.270000e+00  4.020442e-27 3.153485e-27 7.173928e-27 
2.272000e+00  4.020442e-27 3.153485e-27 7.173928e-27 
2.274000e+00  4.020442e-27 3.153485e-27 7.173928e-27 
2.276000e+00  4.020442e-27 3.153485e-27 7.173928e-27 
2.278000e+00  4.020442e-27 3.153485e-27 7.173928e-27 
2.280000e+00  4.020442e-27 3.153485e-27 7.173928e-27 
2.282000e+00  4.020442e-27 3.153485e-27 7.173928e-27 
2.284000e+00  4.020442e-27 3.153485e-27 7.173928e-27 
2.286000e+00  4.020442e-27 3.153485e-27 7.173928e-27 
2.288000e+00  4.020442e-27 3.153485e-27 7.173928e-27 
2.290000e+00  4.020442e-27 3.153485e-27 7.173928e-27 
2.292000e+00  4.020442e-27 3.153485e-27 7.173928e-27 
2.294000e+00  4.020442e-27 3.153485e-27 7.173928e-27 
2.296000e+00  4.020442e-27 3.153485e-27 7.173928e-27 
2.298000e+00  4.020442e-27 3.153485e-27 7.173928e-27 
2.300000e+00  4.020442e-27 3.153485e-27 7.173928e-27 
2.302000e+00  4.020442e-27 3.153485e-27 7.173928e-27 
2.304000e+00  4.020442e-27 3.153485e-27 7.173928e-27 
2.306000e+00  4.020442e-27 3.153485e-27 7.173928e-27 
2.308000e+00  4.020442e-27 3.153485e-27 7.173928e-27 
2.310000e+00  4.020442e-27 3.153485e-27 7.173928e-27 
2.312000e+00  4.020442e-27 3.153485e-27 7.173928e-27 
2.314000e+00  4.020442e-27 3.153485e-27 7.173928e-27 
2.316000e+00  4.020442e-27 3.153485e-27 7.173928e-27 
2.318000e+00  4.020442e-27 3.153485e-27 7.173928e-27 
2.320000e+00  4.020442e-27 3.153485e-27 7.173928e-27 
2.322000e+00  4.020442e-27 3.153485e-27 7.173928e-27 
2.324000e+00  4.020442e-27 3.153485e-27 7.173928e-27 
2.326000e+00  4.020442e-27 3.153485e-27 7.173928e-27 
2.328000e+00  4.020442e-27 3.153485e-27 7.173928e-27 
2.330000e+00  4.020442e-27 3.153485e-27 7.173928e-27 
2.332000e+00  4.020442e-27 3.153485e-27 7.173928e-27 
2.334000e+00  4.020442e-27 3.153485e-27 7.173928e-27 
2.336000e+00  4.020442e-27 3.153485e-27 7.173928e-27 
2.338000e+00  4.020442e-27 3.153485e-27 7.173928e-27 
2.340000e+00  4.020442e-27 3.153485e-27 7.173928e-27 
2.342000e+00  4.020442e-27 3.153485e-27 7.173928e-27 
2.344000e+00  4.020442e-27 3.153485e-27 7.173928e-27 
2.346000e+00  4.020442e-27 3.153485e-27 7.173928e-27 
2.348000e+00  4.020442e-27 3.153485e-27 7.173928e-27 
2.350000e+00  4.020442e-27 3.153485e-27 7.173928e-27 
2.352000e+00  4.020442e-27 3.153485e-27 7.173928e-27 
2.354000e+00  4.020442e-27 3.153485e-27 7.173928e-27 
2.356000e+00  4.020442e-27 3.153485e-27 7.173928e-27 
2.358000e+00  4.020442e-27 3.153485e-27 7.173928e-27 
2.360000e+00  4.020442e-27 3.153485e-27 7.173928e-27 
2.362000e+00  4.020442e-27 3.153485e-27 7.173928e-27 
2.364000e+00  4.020442e-27 3.153485e-27 7.173928e-27 
2.366000e+00  4.020442e-27 3.153485e-27 7.173928e-27 
2.368000e+00  4.020442e-27 3.153485e-27 7.173928e-27 
2.370000e+00  4.020442e-27 3.153485e-27 7.173928e-27 
2.372000e+00  4.020442e-27 3.153485e-27 7.173928e-27 
2.374000e+00  4.020442e-27 3.153485e-27 7.173928e-27 
2.376000e+00  4.020442e-27 3.153485e-27 7.173928e-27 
2.378000e+00  4.020442e-27 3.153485e-27 7.173928e-27 
2.380000e+00  4.020442e-27 3.153485e-27 7.173928e-27 
2.382000e+00  4.020442e-27 3.153485e-27 7.173928e-27 
2.384000e+00  4.020442e-27 3.153485e-27 7.173928e-27 
2.386000e+00  4.020442e-27 3.153485e-27 7.173928e-27 
2.388000e+00  4.020442e-27 3.153485e-27 7.173928e-27 
2.390000e+00  4.020442e-27 3.153485e-27 7.173928e-27 
2.392000e+00  4.020442e-27 3.153485e-27 7.173928e-27 
2.394000e+00  4.020442e-27 3.153485e-27 7.173928e-27 
2.396000e+00  4.020442e-27 3.153485e-27 7.173928e-27 
2.398000e+00  4.020442e-27 3.153485e-27 7.173928e-27 
2.400000e+00  4.020442e-27 3.153485e-27 7.173928e-27 
2.402000e+00  4.020442e-27 3.153485e-27 7.173928e-27 
2.404000e+00  4.020442e-27 3.153485e-27 7.173928e-27 
2.406000e+00  4.020442e-27 3.153485e-27 7.173928e-27 
2.408000e+00  4.020442e-27 3.153485e-27 7.173928e-27 
2.410000e+00  4.020442e-27 3.153485e-27 7.173928e-27 
2.412000e+00  4.020442e-27 3.153485e-27 7.173928e-27 
2.414000e+00  4.020442e-27 3.153485e-27 7.173928e-27 
2.416000e+00  4.020442e-27 3.153485e-27 7.173928e-27 
2.418000e+00  4.020442e-27 3.153485e-27 7.173928e-27 
2.420000e+00  4.020442e-27 3.153485e-27 7.173928e-27 
2.422000e+00  4.020442e-27 3.153485e-27 7.173928e-27 
2.424000e+00  4.020442e-27 3.153485e-27 7.173928e-27 
2.426000e+00  4.020442e-27 3.153485e-27 7.173928e-27 
2.428000e+00  4.020442e-27 3.153485e-27 7.173928e-27 
2.430000e+00  4.020442e-27 3.153485e-27 7.173928e-27 
2.432000e+00  4.020442e-27 3.153485e-27 7.173928e-27 
2.434000e+00  4.020442e-27 3.153485e-27 7.173928e-27 
2.436000e+00  4.020442e-27 3.153485e-27 7.173928e-27 
2.438000e+00  4.020442e-27 3.153485e-27 7.173928e-27 
2.440000e+00  4.020442e-27 3.153485e-27 7.173928e-27 
2.442000e+00  4.020442e-27 3.153485e-27 7.173928e-27 
2.444000e+00  4.020442e-27 3.153485e-27 7.173928e-27 
2.446000e+00  4.020442e-27 3.153485e-27 7.173928e-27 
2.448000e+00  4.020442e-27 3.153485e-27 7.173928e-27 
2.450000e+00  4.020442e-27 3.153485e-27 7.173928e-27 
2.452000e+00  4.020442e-27 3.153485e-27 7.173928e-27 
2.454000e+00  4.020442e-27 3.153485e-27 7.173928e-27 
2.456000e+00  4.020442e-27 3.153485e-27 7.173928e-27 
2.458000e+00  4.020442e-27 3.153485e-27 7.173928e-27 
2.460000e+00  4.020442e-27 3.153485e-27 7.173928e-27 
2.462000e+00  4.020442e-27 3.153485e-27 7.173928e-27 
2.464000e+00  4.020442e-27 3.153485e-27 7.173928e-27 
2.466000e+00  4.020442e-27 3.153485e-27 7.173928e-27 
2.468000e+00  4.020442e-27 3.153485e-27 7.173928e-27 
2.470000e+00  4.020442e-27 3.153485e-27 7.173928e-27 
2.472000e+00  4.020442e-27 3.153485e-27 7.173928e-27 
2.474000e+00  4.020442e-27 3.153485e-27 7.173928e-27 
2.476000e+00  4.020442e-27 3.153485e-27 7.173928e-27 
2.478000e+00  4.020442e-27 3.153485e-27 7.173928e-27 
2.480000e+00  4.020442e-27 3.153485e-27 7.173928e-27 
2.482000e+00  4.020442e-27 3.153485e-27 7.173928e-27 
2.484000e+00  4.020442e-27 3.153485e-27 7.173928e-27 
2.486000e+00  4.020442e-27 3.153485e-27 7.173928e-27 
2.488000e+00  4.020442e-27 3.153485e-27 7.173928e-27 
2.490000e+00  4.020442e-27 3.153485e-27 7.173928e-27 
2.492000e+00  4.020442e-27 3.153485e-27 7.173928e-27 
2.494000e+00  4.020442e-27 3.153485e-27 7.173928e-27 
2.496000e+00  4.020442e-27 3.153485e-27 7.173928e-27 
2.498000e+00  4.020442e-27 3.153485e-27 7.173928e-27 
2.500000e+00  4.020442e-27 3.153485e-27 7.173928e-27 
2.502000e+00  4.020442e-27 3.153485e-27 7.173928e-27 
2.504000e+00  4.020442e-27 3.153485e-27 7.173928e-27 
2.506000e+00  4.020442e-27 3.153485e-27 7.173928e-27 
2.508000e+00  4.020442e-27 3.153485e-27 7.173928e-27 
2.510000e+00  4.020442e-27 3.153485e-27 7.173928e-27 
2.512000e+00  4.020442e-27 3.153485e-27 7.173928e-27 
2.514000e+00  4.020442e-27 3.153485e-27 7.173928e-27 
2.516000e+00  4.020442e-27 3.153485e-27 7.173928e-27 
2.518000e+00  4.020442e-27 3.153485e-27 7.173928e-27 
2.520000e+00  4.020442e-27 3.153485e-27 7.173928e-27 
2.522000e+00  4.020442e-27 3.153485e-27 7.173928e-27 
2.524000e+00  4.020442e-27 3.153485e-27 7.173928e-27 
2.526000e+00  4.020442e-27 3.153485e-27 7.173928e-27 
2.528000e+00  4.020442e-27 3.153485e-27 7.173928e-27 
2.530000e+00  4.020442e-27 3.153485e-27 7.173928e-27 
2.532000e+00  4.020442e-27 3.153485e-27 7.173928e-27 
2.534000e+00  4.020442e-27 3.153485e-27 7.173928e-27 
2.536000e+00  4.020442e-27 3.153485e-27 7.173928e-27 
2.538000e+00  4.020442e-27 3.153485e-27 7.173928e-27 
2.540000e+00  4.020442e-27 3.153485e-27 7.173928e-27 
2.542000e+00  4.020442e-27 3.153485e-27 7.173928e-27 
2.544000e+00  4.020442e-27 3.153485e-27 7.173928e-27 
2.546000e+00  4.020442e-27 3.153485e-27 7.173928e-27 
2.548000e+00  4.020442e-27 3.153485e-27 7.173928e-27 
2.550000e+00  4.020442e-27 3.153485e-27 7.173928e-27 
2.552000e+00  4.020442e-27 3.153485e-27 7.173928e-27 
2.554000e+00  4.020442e-27 3.153485e-27 7.173928e-27 
2.556000e+00  4.020442e-27 3.153485e-27 7.173928e-27 
2.558000e+00  4.020442e-27 3.153485e-27 7.173928e-27 
2.560000e+00  4.020442e-27 3.153485e-27 7.173928e-27 
2.562000e+00  4.020442e-27 3.153485e-27 7.173928e-27 
2.564000e+00  4.020442e-27 3.153485e-27 7.173928e-27 
2.566000e+00  4.020442e-27 3.153485e-27 7.173928e-27 
2.568000e+00  4.020442e-27 3.153485e-27 7.173928e-27 
2.570000e+00  4.020442e-27 3.153485e-27 7.173928e-27 
2.572000e+00  4.020442e-27 3.153485e-27 7.173928e-27 
2.574000e+00  4.020442e-27 3.153485e-27 7.173928e-27 
2.576000e+00  4.020442e-27 3.153485e-27 7.173928e-27 
2.578000e+00  4.020442e-27 3.153485e-27 7.173928e-27 
2.580000e+00  4.020442e-27 3.153485e-27 7.173928e-27 
2.582000e+00  4.020442e-27 3.153485e-27 7.173928e-27 
2.584000e+00  4.020442e-27 3.153485e-27 7.173928e-27 
2.586000e+00  4.020442e-27 3.153485e-27 7.173928e-27 
2.588000e+00  4.020442e-27 3.153485e-27 7.173928e-27 
2.590000e+00  4.020442e-27 3.153485e-27 7.173928e-27 
2.592000e+00  4.020442e-27 3.153485e-27 7.173928e-27 
2.594000e+00  4.020442e-27 3.153485e-27 7.173928e-27 
2.596000e+00  4.020442e-27 3.153485e-27 7.173928e-27 
2.598000e+00  4.020442e-27 3.153485e-27 7.173928e-27 
2.600000e+00  4.020442e-27 3.153485e-27 7.173928e-27 
2.602000e+00  4.020442e-27 3.153485e-27 7.173928e-27 
2.604000e+00  4.020442e-27 3.153485e-27 7.173928e-27 
2.606000e+00  4.020442e-27 3.153485e-27 7.173928e-27 
2.608000e+00  4.020442e-27 3.153485e-27 7.173928e-27 
2.610000e+00  4.020442e-27 3.153485e-27 7.173928e-27 
2.612000e+00  4.020442e-27 3.153485e-27 7.173928e-27 
2.614000e+00  4.020442e-27 3.153485e-27 7.173928e-27 
2.616000e+00  4.020442e-27 3.153485e-27 7.173928e-27 
2.618000e+00  4.020442e-27 3.153485e-27 7.173928e-27 
2.620000e+00  4.020442e-27 3.153485e-27 7.173928e-27 
2.622000e+00  4.020442e-27 3.153485e-27 7.173928e-27 
2.624000e+00  4.020442e-27 3.153485e-27 7.173928e-27 
2.626000e+00  4.020442e-27 3.153485e-27 7.173928e-27 
2.628000e+00  4.020442e-27 3.153485e-27 7.173928e-27 
2.630000e+00  4.020442e-27 3.153485e-27 7.173928e-27 
2.632000e+00  4.020442e-27 3.153485e-27 7.173928e-27 
2.634000e+00  4.020442e-27 3.153485e-27 7.173928e-27 
2.636000e+00  4.020442e-27 3.153485e-27 7.173928e-27 
2.638000e+00  4.020442e-27 3.153485e-27 7.173928e-27 
2.640000e+00  4.020442e-27 3.153485e-27 7.173928e-27 
2.642000e+00  4.020442e-27 3.153485e-27 7.173928e-27 
2.644000e+00  4.020442e-27 3.153485e-27 7.173928e-27 
2.646000e+00  4.020442e-27 3.153485e-27 7.173928e-27 
2.648000e+00  4.020442e-27 3.153485e-27 7.173928e-27 
2.650000e+00  4.020442e-27 3.153485e-27 7.173928e-27 
2.652000e+00  4.020442e-27 3.153485e-27 7.173928e-27 
2.654000e+00  4.020442e-27 3.153485e-27 7.173928e-27 
2.656000e+00  4.020442e-27 3.153485e-27 7.173928e-27 
2.658000e+00  4.020442e-27 3.153485e-27 7.173928e-27 
2.660000e+00  4.020442e-27 3.153485e-27 7.173928e-27 
2.662000e+00  4.020442e-27 3.153485e-27 7.173928e-27 
2.664000e+00  4.020442e-27 3.153485e-27 7.173928e-27 
2.666000e+00  4.020442e-27 3.153485e-27 7.173928e-27 
2.668000e+00  4.020442e-27 3.153485e-27 7.173928e-27 
2.670000e+00  4.020442e-27 3.153485e-27 7.173928e-27 
2.672000e+00  4.020442e-27 3.153485e-27 7.173928e-27 
2.674000e+00  4.020442e-27 3.153485e-27 7.173928e-27 
2.676000e+00  4.020442e-27 3.153485e-27 7.173928e-27 
2.678000e+00  4.020442e-27 3.153485e-27 7.173928e-27 
2.680000e+00  4.020442e-27 3.153485e-27 7.173928e-27 
2.682000e+00  4.020442e-27 3.153485e-27 7.173928e-27 
2.684000e+00  4.020442e-27 3.153485e-27 7.173928e-27 
2.686000e+00  4.020442e-27 3.153485e-27 7.173928e-27 
2.688000e+00  4.020442e-27 3.153485e-27 7.173928e-27 
2.690000e+00  4.020442e-27 3.153485e-27 7.173928e-27 
2.692000e+00  4.020442e-27 3.153485e-27 7.173928e-27 
2.694000e+00  4.020442e-27 3.153485e-27 7.173928e-27 
2.696000e+00  4.020442e-27 3.153485e-27 7.173928e-27 
2.698000e+00  4.020442e-27 3.153485e-27 7.173928e-27 
2.700000e+00  4.020442e-27 3.153485e-27 7.173928e-27 
2.702000e+00  4.020442e-27 3.153485e-27 7.173928e-27 
2.704000e+00  4.020442e-27 3.153485e-27 7.173928e-27 
2.706000e+00  4.020442e-27 3.153485e-27 7.173928e-27 
2.708000e+00  4.020442e-27 3.153485e-27 7.173928e-27 
2.710000e+00  4.020442e-27 3.153485e-27 7.173928e-27 
2.712000e+00  4.020442e-27 3.153485e-27 7.173928e-27 
2.714000e+00  4.020442e-27 3.153485e-27 7.173928e-27 
2.716000e+00  4.020442e-27 3.153485e-27 7.173928e-27 
2.718000e+00  4.020442e-27 3.153485e-27 7.173928e-27 
2.720000e+00  4.020442e-27 3.153485e-27 7.173928e-27 
2.722000e+00  4.020442e-27 3.153485e-27 7.173928e-27 
2.724000e+00  4.020442e-27 3.153485e-27 7.173928e-27 
2.726000e+00  4.020442e-27 3.153485e-27 7.173928e-27 
2.728000e+00  4.020442e-27 3.153485e-27 7.173928e-27 
2.730000e+00  4.020442e-27 3.153485e-27 7.173928e-27 
2.732000e+00  4.020442e-27 3.153485e-27 7.173928e-27 
2.734000e+00  4.020442e-27 3.153485e-27 7.173928e-27 
2.736000e+00  4.020442e-27 3.153485e-27 7.173928e-27 
2.738000e+00  4.020442e-27 3.153485e-27 7.173928e-27 
2.740000e+00  4.020442e-27 3.153485e-27 7.173928e-27 
2.742000e+00  4.020442e-27 3.153485e-27 7.173928e-27 
2.744000e+00  4.020442e-27 3.153485e-27 7.173928e-27 
2.746000e+00  4.020442e-27 3.153485e-27 7.173928e-27 
2.748000e+00  4.020442e-27 3.153485e-27 7.173928e-27 
2.750000e+00  4.020442e-27 3.153485e-27 7.173928e-27 
2.752000e+00  4.020442e-27 3.153485e-27 7.173928e-27 
2.754000e+00  4.020442e-27 3.153485e-27 7.173928e-27 
2.756000e+00  4.020442e-27 3.153485e-27 7.173928e-27 
2.758000e+00  4.020442e-27 3.153485e-27 7.173928e-27 
2.760000e+00  4.020442e-27 3.153485e-27 7.173928e-27 
2.762000e+00  4.020442e-27 3.153485e-27 7.173928e-27 
2.764000e+00  4.020442e-27 3.153485e-27 7.173928e-27 
2.766000e+00  4.020442e-27 3.153485e-27 7.173928e-27 
2.768000e+00  4.020442e-27 3.153485e-27 7.173928e-27 
2.770000e+00  4.020442e-27 3.153485e-27 7.173928e-27 
2.772000e+00  4.020442e-27 3.153485e-27 7.173928e-27 
2.774000e+00  4.020442e-27 3.153485e-27 7.173928e-27 
2.776000e+00  4.020442e-27 3.153485e-27 7.173928e-27 
2.778000e+00  4.020442e-27 3.153485e-27 7.173928e-27 
2.780000e+00  4.020442e-27 3.153485e-27 7.173928e-27 
2.782000e+00  4.020442e-27 3.153485e-27 7.173928e-27 
2.784000e+00  4.020442e-27 3.153485e-27 7.173928e-27 
2.786000e+00  4.020442e-27 3.153485e-27 7.173928e-27 
2.788000e+00  4.020442e-27 3.153485e-27 7.173928e-27 
2.790000e+00  4.020442e-27 3.153485e-27 7.173928e-27 
2.792000e+00  4.020442e-27 3.153485e-27 7.173928e-27 
2.794000e+00  4.020442e-27 3.153485e-27 7.173928e-27 
2.796000e+00  4.020442e-27 3.153485e-27 7.173928e-27 
2.798000e+00  4.020442e-27 3.153485e-27 7.173928e-27 
2.800000e+00  4.020442e-27 3.153485e-27 7.173928e-27 
2.802000e+00  4.020442e-27 3.153485e-27 7.173928e-27 
2.804000e+00  4.020442e-27 3.153485e-27 7.173928e-27 
2.806000e+00  4.020442e-27 3.153485e-27 7.173928e-27 
2.808000e+00  4.020442e-27 3.153485e-27 7.173928e-27 
2.810000e+00  4.020442e-27 3.153485e-27 7.173928e-27 
2.812000e+00  4.020442e-27 3.153485e-27 7.173928e-27 
2.814000e+00  4.020442e-27 3.153485e-27 7.173928e-27 
2.816000e+00  4.020442e-27 3.153485e-27 7.173928e-27 
2.818000e+00  4.020442e-27 3.153485e-27 7.173928e-27 
2.820000e+00  4.020442e-27 3.153485e-27 7.173928e-27 
2.822000e+00  4.020442e-27 3.153485e-27 7.173928e-27 
2.824000e+00  4.020442e-27 3.153485e-27 7.173928e-27 
2.826000e+00  4.020442e-27 3.153485e-27 7.173928e-27 
2.828000e+00  4.020442e-27 3.153485e-27 7.173928e-27 
2.830000e+00  4.020442e-27 3.153485e-27 7.173928e-27 
2.832000e+00  4.020442e-27 3.153485e-27 7.173928e-27 
2.834000e+00  4.020442e-27 3.153485e-27 7.173928e-27 
2.836000e+00  4.020442e-27 3.153485e-27 7.173928e-27 
2.838000e+00  4.020442e-27 3.153485e-27 7.173928e-27 
2.840000e+00  4.020442e-27 3.153485e-27 7.173928e-27 
2.842000e+00  4.020442e-27 3.153485e-27 7.173928e-27 
2.844000e+00  4.020442e-27 3.153485e-27 7.173928e-27 
2.846000e+00  4.020442e-27 3.153485e-27 7.173928e-27 
2.848000e+00  4.020442e-27 3.153485e-27 7.173928e-27 
2.850000e+00  4.020442e-27 3.153485e-27 7.173928e-27 
2.852000e+00  4.020442e-27 3.153485e-27 7.173928e-27 
2.854000e+00  4.020442e-27 3.153485e-27 7.173928e-27 
2.856000e+00  4.020442e-27 3.153485e-27 7.173928e-27 
2.858000e+00  4.020442e-27 3.153485e-27 7.173928e-27 
2.860000e+00  4.020442e-27 3.153485e-27 7.173928e-27 
2.862000e+00  4.020442e-27 3.153485e-27 7.173928e-27 
2.864000e+00  4.020442e-27 3.153485e-27 7.173928e-27 
2.866000e+00  4.020442e-27 3.153485e-27 7.173928e-27 
2.868000e+00  4.020442e-27 3.153485e-27 7.173928e-27 
2.870000e+00  4.020442e-27 3.153485e-27 7.173928e-27 
2.872000e+00  4.020442e-27 3.153485e-27 7.173928e-27 
2.874000e+00  4.020442e-27 3.153485e-27 7.173928e-27 
2.876000e+00  4.020442e-27 3.153485e-27 7.173928e-27 
2.878000e+00  4.020442e-27 3.153485e-27 7.173928e-27 
2.880000e+00  4.020442e-27 3.153485e-27 7.173928e-27 
2.882000e+00  4.020442e-27 3.153485e-27 7.173928e-27 
2.884000e+00  4.020442e-27 3.153485e-27 7.173928e-27 
2.886000e+00  4.020442e-27 3.153485e-27 7.173928e-27 
2.888000e+00  4.020442e-27 3.153485e-27 7.173928e-27 
2.890000e+00  4.020442e-27 3.153485e-27 7.173928e-27 
2.892000e+00  4.020442e-27 3.153485e-27 7.173928e-27 
2.894000e+00  4.020442e-27 3.153485e-27 7.173928e-27 
2.896000e+00  4.020442e-27 3.153485e-27 7.173928e-27 
2.898000e+00  4.020442e-27 3.153485e-27 7.173928e-27 
2.900000e+00  4.020442e-27 3.153485e-27 7.173928e-27 
2.902000e+00  4.020442e-27 3.153485e-27 7.173928e-27 
2.904000e+00  4.020442e-27 3.153485e-27 7.173928e-27 
2.906000e+00  4.020442e-27 3.153485e-27 7.173928e-27 
2.908000e+00  4.020442e-27 3.153485e-27 7.173928e-27 
2.910000e+00  4.020442e-27 3.153485e-27 7.173928e-27 
2.912000e+00  4.020442e-27 3.153485e-27 7.173928e-27 
2.914000e+00  4.020442e-27 3.153485e-27 7.173928e-27 
2.916000e+00  4.020442e-27 3.153485e-27 7.173928e-27 
2.918000e+00  4.020442e-27 3.153485e-27 7.173928e-27 
2.920000e+00  4.020442e-27 3.153485e-27 7.173928e-27 
2.922000e+00  4.020442e-27 3.153485e-27 7.173928e-27 
2.924000e+00  4.020442e-27 3.153485e-27 7.173928e-27 
2.926000e+00  4.020442e-27 3.153485e-27 7.173928e-27 
2.928000e+00  4.020442e-27 3.153485e-27 7.173928e-27 
2.930000e+00  4.020442e-27 3.153485e-27 7.173928e-27 
2.932000e+00  4.020442e-27 3.153485e-27 7.173928e-27 
2.934000e+00  4.020442e-27 3.153485e-27 7.173928e-27 
2.936000e+00  4.020442e-27 3.153485e-27 7.173928e-27 
2.938000e+00  4.020442e-27 3.153485e-27 7.173928e-27 
2.940000e+00  4.020442e-27 3.153485e-27 7.173928e-27 
2.942000e+00  4.020442e-27 3.153485e-27 7.173928e-27 
2.944000e+00  4.020442e-27 3.153485e-27 7.173928e-27 
2.946000e+00  4.020442e-27 3.153485e-27 7.173928e-27 
2.948000e+00  4.020442e-27 3.153485e-27 7.173928e-27 
2.950000e+00  4.020442e-27 3.153485e-27 7.173928e-27 
2.952000e+00  4.020442e-27 3.153485e-27 7.173928e-27 
2.954000e+00  4.020442e-27 3.153485e-27 7.173928e-27 
2.956000e+00  4.020442e-27 3.153485e-27 7.173928e-27 
2.958000e+00  4.020442e-27 3.153485e-27 7.173928e-27 
2.960000e+00  4.020442e-27 3.153485e-27 7.173928e-27 
2.962000e+00  4.020442e-27 3.153485e-27 7.173928e-27 
2.964000e+00  4.020442e-27 3.153485e-27 7.173928e-27 
2.966000e+00  4.020442e-27 3.153485e-27 7.173928e-27 
2.968000e+00  4.020442e-27 3.153485e-27 7.173928e-27 
2.970000e+00  4.020442e-27 3.153485e-27 7.173928e-27 
2.972000e+00  4.020442e-27 3.153485e-27 7.173928e-27 
2.974000e+00  4.020442e-27 3.153485e-27 7.173928e-27 
2.976000e+00  4.020442e-27 3.153485e-27 7.173928e-27 
2.978000e+00  4.020442e-27 3.153485e-27 7.173928e-27 
2.980000e+00  4.020442e-27 3.153485e-27 7.173928e-27 
2.982000e+00  4.020442e-27 3.153485e-27 7.173928e-27 
2.984000e+00  4.020442e-27 3.153485e-27 7.173928e-27 
2.986000e+00  4.020442e-27 3.153485e-27 7.173928e-27 
2.988000e+00  4.020442e-27 3.153485e-27 7.173928e-27 
2.990000e+00  4.020442e-27 3.153485e-27 7.173928e-27 
2.992000e+00  4.020442e-27 3.153485e-27 7.173928e-27 
2.994000e+00  4.020442e-27 3.153485e-27 7.173928e-27 
2.996000e+00  4.020442e-27 3.153485e-27 7.173928e-27 
2.998000e+00  4.020442e-27 3.153485e-27 7.173928e-27 
