1.000000e-01 1.572736e-22 1.184908e-22 2.757644e-22 
1.020000e-01 1.560379e-22 1.167985e-22 2.728364e-22 
1.040000e-01 1.543601e-22 1.149426e-22 2.693027e-22 
1.060000e-01 1.522907e-22 1.132173e-22 2.655079e-22 
1.080000e-01 1.497719e-22 1.114145e-22 2.611864e-22 
1.100000e-01 1.466360e-22 1.095470e-22 2.561830e-22 
1.120000e-01 1.425146e-22 1.077715e-22 2.502861e-22 
1.140000e-01 1.362375e-22 1.059201e-22 2.421576e-22 
1.160000e-01 1.200709e-22 1.040001e-22 2.240711e-22 
1.180000e-01 1.333260e-22 1.022302e-22 2.355562e-22 
1.200000e-01 1.378589e-22 1.004137e-22 2.382726e-22 
1.220000e-01 1.396698e-22 9.851289e-23 2.381827e-22 
1.240000e-01 1.405248e-22 9.669867e-23 2.372235e-22 
1.260000e-01 1.408901e-22 9.485717e-23 2.357472e-22 
1.280000e-01 1.409421e-22 9.301126e-23 2.339534e-22 
1.300000e-01 1.407528e-22 9.118375e-23 2.319366e-22 
1.320000e-01 1.404071e-22 8.935563e-23 2.297627e-22 
1.340000e-01 1.399380e-22 8.751485e-23 2.274529e-22 
1.360000e-01 1.393605e-22 8.756085e-23 2.269213e-22 
1.380000e-01 1.386926e-22 8.387240e-23 2.225650e-22 
1.400000e-01 1.379475e-22 8.208741e-23 2.200349e-22 
1.420000e-01 1.371525e-22 8.025134e-23 2.174038e-22 
1.440000e-01 1.362904e-22 7.844683e-23 2.147373e-22 
1.460000e-01 1.353641e-22 7.665399e-23 2.120181e-22 
1.480000e-01 1.343762e-22 7.486979e-23 2.092460e-22 
1.500000e-01 1.333439e-22 7.309749e-23 2.064414e-22 
1.520000e-01 1.322601e-22 7.130919e-23 2.035693e-22 
1.540000e-01 1.310992e-22 6.958103e-23 2.006802e-22 
1.560000e-01 1.298693e-22 6.784169e-23 1.977110e-22 
1.580000e-01 1.285557e-22 6.607933e-23 1.946350e-22 
1.600000e-01 1.271693e-22 6.438914e-23 1.915584e-22 
1.620000e-01 1.256431e-22 6.267012e-23 1.883132e-22 
1.640000e-01 1.238309e-22 6.095118e-23 1.847820e-22 
1.660000e-01 1.213686e-22 5.928829e-23 1.806569e-22 
1.680000e-01 1.163970e-22 5.766299e-23 1.740600e-22 
1.700000e-01 1.175529e-22 5.606672e-23 1.736197e-22 
1.720000e-01 1.184251e-22 5.447562e-23 1.729007e-22 
1.740000e-01 1.183334e-22 5.289303e-23 1.712264e-22 
1.760000e-01 1.179467e-22 5.133297e-23 1.692796e-22 
1.780000e-01 1.174314e-22 4.979400e-23 1.672254e-22 
1.800000e-01 1.168356e-22 4.827535e-23 1.651109e-22 
1.820000e-01 1.161882e-22 4.677565e-23 1.629639e-22 
1.840000e-01 1.155141e-22 4.529856e-23 1.608126e-22 
1.860000e-01 1.148187e-22 4.385044e-23 1.586691e-22 
1.880000e-01 1.141180e-22 4.240337e-23 1.565214e-22 
1.900000e-01 1.134155e-22 4.099324e-23 1.544088e-22 
1.920000e-01 1.127591e-22 3.960722e-23 1.523663e-22 
1.940000e-01 1.122169e-22 3.826043e-23 1.504773e-22 
1.960000e-01 1.118858e-22 3.692545e-23 1.488113e-22 
1.980000e-01 1.123913e-22 3.562356e-23 1.480149e-22 
2.000000e-01 1.135711e-22 3.435092e-23 1.479220e-22 
2.020000e-01 1.103976e-22 3.311540e-23 1.435130e-22 
2.040000e-01 1.085715e-22 3.191095e-23 1.404824e-22 
2.060000e-01 1.070102e-22 3.070334e-23 1.377135e-22 
2.080000e-01 1.055778e-22 2.952811e-23 1.351059e-22 
2.100000e-01 1.042050e-22 2.837581e-23 1.325808e-22 
2.120000e-01 1.028733e-22 2.722653e-23 1.300998e-22 
2.140000e-01 1.015799e-22 2.609896e-23 1.276789e-22 
2.160000e-01 1.003122e-22 2.499131e-23 1.253035e-22 
2.180000e-01 9.905085e-23 2.388601e-23 1.229369e-22 
2.200000e-01 9.783371e-23 2.284511e-23 1.206788e-22 
2.220000e-01 9.663090e-23 2.183196e-23 1.184629e-22 
2.240000e-01 9.541233e-23 2.084312e-23 1.162554e-22 
2.260000e-01 9.419302e-23 1.986785e-23 1.140609e-22 
2.280000e-01 9.296202e-23 1.888507e-23 1.118471e-22 
2.300000e-01 9.174283e-23 1.794365e-23 1.096865e-22 
2.320000e-01 9.054504e-23 1.700883e-23 1.075539e-22 
2.340000e-01 8.934088e-23 1.608237e-23 1.054233e-22 
2.360000e-01 8.814524e-23 1.518145e-23 1.033267e-22 
2.380000e-01 8.695571e-23 1.429488e-23 1.012506e-22 
2.400000e-01 8.576394e-23 1.355707e-23 9.932101e-23 
2.420000e-01 8.459724e-23 1.295674e-23 9.755398e-23 
2.440000e-01 8.343037e-23 1.239162e-23 9.582199e-23 
2.460000e-01 8.228490e-23 1.172641e-23 9.401130e-23 
2.480000e-01 8.116135e-23 1.099478e-23 9.215613e-23 
2.500000e-01 8.004706e-23 1.019639e-23 9.024345e-23 
2.520000e-01 7.894113e-23 9.284296e-24 8.822543e-23 
2.540000e-01 7.793166e-23 8.340938e-24 8.627260e-23 
2.560000e-01 7.674882e-23 7.380853e-24 8.412968e-23 
2.580000e-01 7.566815e-23 6.372068e-24 8.204022e-23 
2.600000e-01 7.459551e-23 5.207600e-24 7.980311e-23 
2.620000e-01 7.352950e-23 3.945592e-24 7.747509e-23 
2.640000e-01 7.247021e-23 2.616177e-24 7.508638e-23 
2.660000e-01 7.143317e-23 1.491074e-24 7.292424e-23 
2.680000e-01 7.040078e-23 6.336632e-25 7.103445e-23 
2.700000e-01 6.938923e-23 1.291743e-25 6.951841e-23 
2.720000e-01 6.838246e-23 1.080395e-25 6.849050e-23 
2.740000e-01 6.739778e-23 6.730354e-25 6.807081e-23 
2.760000e-01 6.642902e-23 1.974394e-24 6.840342e-23 
2.780000e-01 6.547414e-23 3.790304e-24 6.926445e-23 
2.800000e-01 6.452267e-23 1.028367e-23 7.480634e-23 
2.820000e-01 6.357253e-23 1.313951e-23 7.671204e-23 
2.840000e-01 6.262382e-23 1.222844e-23 7.485227e-23 
2.860000e-01 6.169098e-23 1.136087e-23 7.305185e-23 
2.880000e-01 6.076340e-23 1.083217e-23 7.159557e-23 
2.900000e-01 5.984524e-23 1.064914e-23 7.049437e-23 
2.920000e-01 5.893007e-23 1.071046e-23 6.964053e-23 
2.940000e-01 5.802571e-23 1.099782e-23 6.902354e-23 
2.960000e-01 5.713336e-23 1.137892e-23 6.851228e-23 
2.980000e-01 5.625625e-23 1.187161e-23 6.812786e-23 
3.000000e-01 5.538621e-23 1.233472e-23 6.772093e-23 
3.020000e-01 5.452543e-23 1.268535e-23 6.721078e-23 
3.040000e-01 5.366727e-23 1.292765e-23 6.659491e-23 
3.060000e-01 5.282555e-23 1.311071e-23 6.593627e-23 
3.080000e-01 5.199128e-23 1.330020e-23 6.529148e-23 
3.100000e-01 5.117279e-23 1.337579e-23 6.454858e-23 
3.120000e-01 5.035971e-23 1.343558e-23 6.379529e-23 
3.140000e-01 4.955672e-23 1.340962e-23 6.296634e-23 
3.160000e-01 4.876081e-23 1.332659e-23 6.208740e-23 
3.180000e-01 4.797986e-23 1.316987e-23 6.114974e-23 
3.200000e-01 4.720989e-23 1.305524e-23 6.026513e-23 
3.220000e-01 4.645209e-23 1.296384e-23 5.941593e-23 
3.240000e-01 4.570471e-23 1.293919e-23 5.864390e-23 
3.260000e-01 4.496212e-23 1.293266e-23 5.789477e-23 
3.280000e-01 4.423508e-23 1.290994e-23 5.714503e-23 
3.300000e-01 4.351881e-23 1.288812e-23 5.640693e-23 
3.320000e-01 4.282110e-23 1.285057e-23 5.567167e-23 
3.340000e-01 4.213523e-23 1.281238e-23 5.494761e-23 
3.360000e-01 4.145992e-23 1.275676e-23 5.421668e-23 
3.380000e-01 4.079104e-23 1.270023e-23 5.349128e-23 
3.400000e-01 4.012978e-23 1.263051e-23 5.276029e-23 
3.420000e-01 3.947735e-23 1.256572e-23 5.204306e-23 
3.440000e-01 3.883273e-23 1.250679e-23 5.133951e-23 
3.460000e-01 3.820105e-23 1.244619e-23 5.064724e-23 
3.480000e-01 3.757300e-23 1.237938e-23 4.995238e-23 
3.500000e-01 3.695427e-23 1.231127e-23 4.926554e-23 
3.520000e-01 3.634316e-23 1.223517e-23 4.857832e-23 
3.540000e-01 3.573907e-23 1.215960e-23 4.789867e-23 
3.560000e-01 3.515157e-23 1.208186e-23 4.723343e-23 
3.580000e-01 3.456980e-23 1.200229e-23 4.657208e-23 
3.600000e-01 3.400154e-23 1.191464e-23 4.591618e-23 
3.620000e-01 3.343940e-23 1.182758e-23 4.526698e-23 
3.640000e-01 3.288498e-23 1.174392e-23 4.462890e-23 
3.660000e-01 3.234012e-23 1.166119e-23 4.400131e-23 
3.680000e-01 3.180223e-23 1.157125e-23 4.337348e-23 
3.700000e-01 3.129145e-23 1.148153e-23 4.277298e-23 
3.720000e-01 3.075678e-23 1.139376e-23 4.215054e-23 
3.740000e-01 3.024338e-23 1.130698e-23 4.155036e-23 
3.760000e-01 2.973700e-23 1.121573e-23 4.095274e-23 
3.780000e-01 2.923384e-23 1.112367e-23 4.035751e-23 
3.800000e-01 2.873844e-23 1.102764e-23 3.976608e-23 
3.820000e-01 2.825152e-23 1.093019e-23 3.918171e-23 
3.840000e-01 2.777001e-23 1.083315e-23 3.860317e-23 
3.860000e-01 2.730176e-23 1.073712e-23 3.803887e-23 
3.880000e-01 2.686281e-23 1.064102e-23 3.750383e-23 
3.900000e-01 2.638598e-23 1.054551e-23 3.693149e-23 
3.920000e-01 2.593896e-23 1.045071e-23 3.638967e-23 
3.940000e-01 2.549882e-23 1.035745e-23 3.585627e-23 
3.960000e-01 2.506928e-23 1.026441e-23 3.533369e-23 
3.980000e-01 2.464940e-23 1.017172e-23 3.482112e-23 
4.000000e-01 2.423482e-23 1.007862e-23 3.431344e-23 
4.020000e-01 2.382910e-23 9.983275e-24 3.381238e-23 
4.040000e-01 2.342933e-23 9.887396e-24 3.331673e-23 
4.060000e-01 2.303266e-23 9.792056e-24 3.282472e-23 
4.080000e-01 2.264261e-23 9.699986e-24 3.234259e-23 
4.100000e-01 2.225787e-23 9.608771e-24 3.186664e-23 
4.120000e-01 2.188095e-23 9.517076e-24 3.139802e-23 
4.140000e-01 2.151262e-23 9.425544e-24 3.093817e-23 
4.160000e-01 2.114885e-23 9.333718e-24 3.048257e-23 
4.180000e-01 2.078936e-23 9.243647e-24 3.003301e-23 
4.200000e-01 2.043787e-23 9.153710e-24 2.959158e-23 
4.220000e-01 2.008845e-23 9.064597e-24 2.915304e-23 
4.240000e-01 1.974558e-23 8.976989e-24 2.872257e-23 
4.260000e-01 1.940917e-23 8.887674e-24 2.829684e-23 
4.280000e-01 1.907851e-23 8.798633e-24 2.787714e-23 
4.300000e-01 1.875528e-23 8.709423e-24 2.746470e-23 
4.320000e-01 1.843671e-23 8.621455e-24 2.705816e-23 
4.340000e-01 1.812137e-23 8.534915e-24 2.665629e-23 
4.360000e-01 1.781155e-23 8.449308e-24 2.626085e-23 
4.380000e-01 1.750431e-23 8.366087e-24 2.587040e-23 
4.400000e-01 1.720198e-23 8.282900e-24 2.548488e-23 
4.420000e-01 1.690610e-23 8.196734e-24 2.510284e-23 
4.440000e-01 1.661555e-23 8.111520e-24 2.472707e-23 
4.460000e-01 1.632926e-23 8.027193e-24 2.435645e-23 
4.480000e-01 1.604724e-23 7.944569e-24 2.399180e-23 
4.500000e-01 1.578839e-23 7.862824e-24 2.365121e-23 
4.520000e-01 1.549581e-23 7.778422e-24 2.327423e-23 
4.540000e-01 1.522521e-23 7.692250e-24 2.291746e-23 
4.560000e-01 1.495914e-23 7.608811e-24 2.256796e-23 
4.580000e-01 1.469661e-23 7.527337e-24 2.222394e-23 
4.600000e-01 1.443767e-23 7.446686e-24 2.188436e-23 
4.620000e-01 1.418469e-23 7.367218e-24 2.155191e-23 
4.640000e-01 1.393478e-23 7.288610e-24 2.122339e-23 
4.660000e-01 1.368810e-23 7.210021e-24 2.089812e-23 
4.680000e-01 1.344405e-23 7.134285e-24 2.057834e-23 
4.700000e-01 1.320249e-23 7.059127e-24 2.026162e-23 
4.720000e-01 1.296302e-23 6.983580e-24 1.994660e-23 
4.740000e-01 1.272728e-23 6.907044e-24 1.963433e-23 
4.760000e-01 1.249406e-23 6.830886e-24 1.932494e-23 
4.780000e-01 1.226446e-23 6.756007e-24 1.902047e-23 
4.800000e-01 1.203774e-23 6.681657e-24 1.871939e-23 
4.820000e-01 1.181424e-23 6.612903e-24 1.842714e-23 
4.840000e-01 1.159240e-23 6.533852e-24 1.812625e-23 
4.860000e-01 1.137692e-23 6.460927e-24 1.783785e-23 
4.880000e-01 1.115252e-23 6.388816e-24 1.754133e-23 
4.900000e-01 1.093557e-23 6.316750e-24 1.725232e-23 
4.920000e-01 1.045535e-23 6.245508e-24 1.670086e-23 
4.940000e-01 1.024350e-23 6.175168e-24 1.641866e-23 
4.960000e-01 1.003479e-23 6.106772e-24 1.614157e-23 
4.980000e-01 9.826261e-24 6.038572e-24 1.586483e-23 
5.000000e-01 9.618129e-24 5.970614e-24 1.558874e-23 
5.020000e-01 9.412528e-24 5.904178e-24 1.531671e-23 
5.040000e-01 9.206629e-24 5.838227e-24 1.504486e-23 
5.060000e-01 9.000998e-24 5.773368e-24 1.477437e-23 
5.080000e-01 8.796065e-24 5.709064e-24 1.450513e-23 
5.100000e-01 8.590715e-24 5.645749e-24 1.423646e-23 
5.120000e-01 8.384428e-24 5.584058e-24 1.396849e-23 
5.140000e-01 8.178095e-24 5.523124e-24 1.370122e-23 
5.160000e-01 7.970436e-24 5.463076e-24 1.343351e-23 
5.180000e-01 7.760246e-24 5.404012e-24 1.316426e-23 
5.200000e-01 7.545104e-24 5.346060e-24 1.289116e-23 
5.220000e-01 7.326800e-24 5.288488e-24 1.261529e-23 
5.240000e-01 7.102655e-24 5.231333e-24 1.233399e-23 
5.260000e-01 6.870619e-24 5.173744e-24 1.204436e-23 
5.280000e-01 6.629383e-24 5.116434e-24 1.174582e-23 
5.300000e-01 6.376011e-24 5.060558e-24 1.143657e-23 
5.320000e-01 6.106717e-24 5.006178e-24 1.111290e-23 
5.340000e-01 5.804626e-24 4.951710e-24 1.075634e-23 
5.360000e-01 5.463461e-24 4.897172e-24 1.036063e-23 
5.380000e-01 5.011353e-24 5.253256e-24 1.026461e-23 
5.400000e-01 4.442945e-24 4.786313e-24 9.229258e-24 
5.420000e-01 3.898332e-24 4.733015e-24 8.631347e-24 
5.440000e-01 3.667585e-24 4.682237e-24 8.349822e-24 
5.460000e-01 3.900308e-24 4.632282e-24 8.532590e-24 
5.480000e-01 4.509147e-24 4.582137e-24 9.091285e-24 
5.500000e-01 5.044205e-24 4.531759e-24 9.575964e-24 
5.520000e-01 5.403273e-24 4.482285e-24 9.885558e-24 
5.540000e-01 5.603776e-24 4.433590e-24 1.003737e-23 
5.560000e-01 5.741685e-24 4.387316e-24 1.012900e-23 
5.580000e-01 5.835649e-24 4.340646e-24 1.017630e-23 
5.600000e-01 5.905646e-24 4.294395e-24 1.020004e-23 
5.620000e-01 5.957280e-24 4.248449e-24 1.020573e-23 
5.640000e-01 5.994254e-24 4.202217e-24 1.019647e-23 
5.660000e-01 6.019435e-24 4.157239e-24 1.017667e-23 
5.680000e-01 6.033311e-24 4.112003e-24 1.014531e-23 
5.700000e-01 6.037958e-24 4.067508e-24 1.010547e-23 
5.720000e-01 6.036550e-24 4.023736e-24 1.006029e-23 
5.740000e-01 6.028468e-24 3.980702e-24 1.000917e-23 
5.760000e-01 6.017525e-24 3.938362e-24 9.955887e-24 
5.780000e-01 6.000201e-24 3.896401e-24 9.896602e-24 
5.800000e-01 5.978171e-24 3.854467e-24 9.832639e-24 
5.820000e-01 5.953740e-24 3.814571e-24 9.768311e-24 
5.840000e-01 5.926964e-24 3.774910e-24 9.701874e-24 
5.860000e-01 5.897412e-24 3.735539e-24 9.632951e-24 
5.880000e-01 5.863766e-24 3.696647e-24 9.560413e-24 
5.900000e-01 5.829153e-24 3.657916e-24 9.487069e-24 
5.920000e-01 5.792715e-24 3.619954e-24 9.412669e-24 
5.940000e-01 5.754972e-24 3.581564e-24 9.336536e-24 
5.960000e-01 5.714772e-24 3.545152e-24 9.259924e-24 
5.980000e-01 5.673593e-24 3.509197e-24 9.182790e-24 
6.000000e-01 5.631656e-24 3.472499e-24 9.104155e-24 
6.020000e-01 5.588789e-24 3.434687e-24 9.023476e-24 
6.040000e-01 5.543559e-24 3.397187e-24 8.940746e-24 
6.060000e-01 5.498378e-24 3.359863e-24 8.858240e-24 
6.080000e-01 5.453458e-24 3.326213e-24 8.779670e-24 
6.100000e-01 5.419717e-24 3.292703e-24 8.712420e-24 
6.120000e-01 5.358897e-24 3.260352e-24 8.619248e-24 
6.140000e-01 5.310318e-24 3.228001e-24 8.538319e-24 
6.160000e-01 5.262290e-24 3.195695e-24 8.457985e-24 
6.180000e-01 5.213353e-24 3.161727e-24 8.375081e-24 
6.200000e-01 5.164566e-24 3.128871e-24 8.293437e-24 
6.220000e-01 5.115061e-24 3.096283e-24 8.211344e-24 
6.240000e-01 5.064986e-24 3.065090e-24 8.130076e-24 
6.260000e-01 5.015648e-24 3.034272e-24 8.049920e-24 
6.280000e-01 4.964570e-24 3.003442e-24 7.968012e-24 
6.300000e-01 4.913895e-24 2.972897e-24 7.886793e-24 
6.320000e-01 4.864763e-24 2.896437e-24 7.761201e-24 
6.340000e-01 4.811689e-24 2.911060e-24 7.722750e-24 
6.360000e-01 4.760176e-24 2.880471e-24 7.640648e-24 
6.380000e-01 4.708236e-24 2.851526e-24 7.559762e-24 
6.400000e-01 4.655901e-24 2.822681e-24 7.478582e-24 
6.420000e-01 4.603850e-24 2.794060e-24 7.397910e-24 
6.440000e-01 4.544467e-24 2.766777e-24 7.311244e-24 
6.460000e-01 4.491808e-24 2.741130e-24 7.232938e-24 
6.480000e-01 4.438339e-24 2.715091e-24 7.153429e-24 
6.500000e-01 4.385049e-24 2.689718e-24 7.074767e-24 
6.520000e-01 4.331182e-24 2.663000e-24 6.994182e-24 
6.540000e-01 4.277998e-24 2.635184e-24 6.913182e-24 
6.560000e-01 4.222463e-24 2.607936e-24 6.830399e-24 
6.580000e-01 4.167413e-24 2.586686e-24 6.754099e-24 
6.600000e-01 4.111774e-24 2.555462e-24 6.667237e-24 
6.620000e-01 4.055201e-24 2.530699e-24 6.585900e-24 
6.640000e-01 3.998165e-24 2.510358e-24 6.508522e-24 
6.660000e-01 3.941283e-24 2.481614e-24 6.422898e-24 
6.680000e-01 3.890066e-24 2.457424e-24 6.347490e-24 
6.700000e-01 4.060196e-24 2.432815e-24 6.493011e-24 
6.720000e-01 3.957239e-24 2.408501e-24 6.365740e-24 
6.740000e-01 3.703597e-24 2.384331e-24 6.087928e-24 
6.760000e-01 3.642202e-24 2.361530e-24 6.003732e-24 
6.780000e-01 3.579865e-24 2.338510e-24 5.918375e-24 
6.800000e-01 3.516628e-24 2.316368e-24 5.832996e-24 
6.820000e-01 3.450897e-24 2.294086e-24 5.744983e-24 
6.840000e-01 3.383517e-24 2.272323e-24 5.655840e-24 
6.860000e-01 3.314216e-24 2.250855e-24 5.565071e-24 
6.880000e-01 3.241165e-24 2.229497e-24 5.470662e-24 
6.900000e-01 3.165430e-24 2.208244e-24 5.373674e-24 
6.920000e-01 3.084619e-24 2.187633e-24 5.272252e-24 
6.940000e-01 2.996252e-24 2.167069e-24 5.163322e-24 
6.960000e-01 2.901884e-24 2.146673e-24 5.048557e-24 
6.980000e-01 2.791931e-24 2.126123e-24 4.918055e-24 
7.000000e-01 2.646509e-24 2.105583e-24 4.752092e-24 
7.020000e-01 2.484051e-24 2.085401e-24 4.569452e-24 
7.040000e-01 2.317770e-24 2.065429e-24 4.383199e-24 
7.060000e-01 2.230753e-24 2.045441e-24 4.276195e-24 
7.080000e-01 2.212605e-24 2.026300e-24 4.238906e-24 
7.100000e-01 2.337616e-24 2.007189e-24 4.344805e-24 
7.120000e-01 2.506331e-24 1.987951e-24 4.494282e-24 
7.140000e-01 2.723903e-24 1.969348e-24 4.693251e-24 
7.160000e-01 2.864462e-24 1.951311e-24 4.815773e-24 
7.180000e-01 2.975913e-24 1.933127e-24 4.909040e-24 
7.200000e-01 3.036327e-24 1.915130e-24 4.951457e-24 
7.220000e-01 3.079457e-24 1.897477e-24 4.976934e-24 
7.240000e-01 3.114155e-24 1.881072e-24 4.995228e-24 
7.260000e-01 3.137784e-24 1.863093e-24 5.000877e-24 
7.280000e-01 3.157261e-24 1.846292e-24 5.003553e-24 
7.300000e-01 3.172536e-24 1.829384e-24 5.001921e-24 
7.320000e-01 3.180691e-24 1.812400e-24 4.993091e-24 
7.340000e-01 3.186887e-24 1.795242e-24 4.982129e-24 
7.360000e-01 3.190364e-24 1.778514e-24 4.968878e-24 
7.380000e-01 3.192319e-24 1.761515e-24 4.953834e-24 
7.400000e-01 3.191114e-24 1.745324e-24 4.936437e-24 
7.420000e-01 3.187506e-24 1.730157e-24 4.917663e-24 
7.440000e-01 3.182728e-24 1.713745e-24 4.896472e-24 
7.460000e-01 3.176696e-24 1.697971e-24 4.874666e-24 
7.480000e-01 3.169524e-24 1.682735e-24 4.852259e-24 
7.500000e-01 3.161532e-24 1.666282e-24 4.827814e-24 
7.520000e-01 3.152315e-24 1.651186e-24 4.803501e-24 
7.540000e-01 3.141689e-24 1.636104e-24 4.777792e-24 
7.560000e-01 3.130578e-24 1.621276e-24 4.751854e-24 
7.580000e-01 3.118814e-24 1.606826e-24 4.725640e-24 
7.600000e-01 3.106711e-24 1.592588e-24 4.699300e-24 
7.620000e-01 3.093583e-24 1.578640e-24 4.672223e-24 
7.640000e-01 3.079954e-24 1.564572e-24 4.644526e-24 
7.660000e-01 3.065596e-24 1.550837e-24 4.616434e-24 
7.680000e-01 3.050840e-24 1.537268e-24 4.588108e-24 
7.700000e-01 3.036255e-24 1.523478e-24 4.559733e-24 
7.720000e-01 3.020382e-24 1.512568e-24 4.532950e-24 
7.740000e-01 3.004229e-24 1.496723e-24 4.500952e-24 
7.760000e-01 2.987940e-24 1.483121e-24 4.471061e-24 
7.780000e-01 2.971347e-24 1.469856e-24 4.441203e-24 
7.800000e-01 2.954828e-24 1.456451e-24 4.411279e-24 
7.820000e-01 2.937408e-24 1.442862e-24 4.380270e-24 
7.840000e-01 2.924767e-24 1.430167e-24 4.354934e-24 
7.860000e-01 2.901506e-24 1.417550e-24 4.319056e-24 
7.880000e-01 2.883397e-24 1.405012e-24 4.288409e-24 
7.900000e-01 2.865027e-24 1.392902e-24 4.257929e-24 
7.920000e-01 2.846223e-24 1.380553e-24 4.226776e-24 
7.940000e-01 2.827027e-24 1.368723e-24 4.195750e-24 
7.960000e-01 2.805867e-24 1.357057e-24 4.162924e-24 
7.980000e-01 2.785512e-24 1.345088e-24 4.130600e-24 
8.000000e-01 2.765899e-24 1.333324e-24 4.099223e-24 
8.020000e-01 2.747207e-24 1.321951e-24 4.069158e-24 
8.040000e-01 2.729507e-24 1.310805e-24 4.040312e-24 
8.060000e-01 2.714012e-24 1.299320e-24 4.013333e-24 
8.080000e-01 2.695048e-24 1.288614e-24 3.983662e-24 
8.100000e-01 2.677781e-24 1.277455e-24 3.955237e-24 
8.120000e-01 2.660849e-24 1.266269e-24 3.927118e-24 
8.140000e-01 2.644820e-24 1.254944e-24 3.899764e-24 
8.160000e-01 2.628677e-24 1.243940e-24 3.872618e-24 
8.180000e-01 2.612768e-24 1.232791e-24 3.845559e-24 
8.200000e-01 2.596926e-24 1.222322e-24 3.819248e-24 
8.220000e-01 2.581477e-24 1.212528e-24 3.794004e-24 
8.240000e-01 2.566042e-24 1.202643e-24 3.768685e-24 
8.260000e-01 2.550742e-24 1.192917e-24 3.743659e-24 
8.280000e-01 2.536348e-24 1.182305e-24 3.718653e-24 
8.300000e-01 2.538210e-24 1.173161e-24 3.711371e-24 
8.320000e-01 2.523482e-24 1.163116e-24 3.686599e-24 
8.340000e-01 2.509367e-24 1.153379e-24 3.662745e-24 
8.360000e-01 2.495572e-24 1.143551e-24 3.639123e-24 
8.380000e-01 2.481578e-24 1.133862e-24 3.615439e-24 
8.400000e-01 2.467869e-24 1.124441e-24 3.592310e-24 
8.420000e-01 2.454423e-24 1.115613e-24 3.570036e-24 
8.440000e-01 2.440965e-24 1.106019e-24 3.546984e-24 
8.460000e-01 2.427783e-24 1.096828e-24 3.524611e-24 
8.480000e-01 2.414953e-24 1.087525e-24 3.502477e-24 
8.500000e-01 2.402529e-24 1.079006e-24 3.481535e-24 
8.520000e-01 2.389837e-24 1.070270e-24 3.460106e-24 
8.540000e-01 2.377409e-24 1.061745e-24 3.439154e-24 
8.560000e-01 2.364722e-24 1.053192e-24 3.417914e-24 
8.580000e-01 2.352432e-24 1.046194e-24 3.398626e-24 
8.600000e-01 2.339720e-24 1.035625e-24 3.375346e-24 
8.620000e-01 2.327124e-24 1.026939e-24 3.354063e-24 
8.640000e-01 2.314735e-24 1.018174e-24 3.332908e-24 
8.660000e-01 2.310773e-24 1.009542e-24 3.320315e-24 
8.680000e-01 2.289786e-24 1.001072e-24 3.290858e-24 
8.700000e-01 2.276938e-24 9.927118e-25 3.269650e-24 
8.720000e-01 2.263777e-24 9.853452e-25 3.249123e-24 
8.740000e-01 2.250714e-24 9.765663e-25 3.227281e-24 
8.760000e-01 2.237040e-24 9.683569e-25 3.205397e-24 
8.780000e-01 2.223480e-24 9.603758e-25 3.183856e-24 
8.800000e-01 2.209827e-24 9.531060e-25 3.162933e-24 
8.820000e-01 2.196865e-24 9.461433e-25 3.143008e-24 
8.840000e-01 2.182906e-24 9.391020e-25 3.122008e-24 
8.860000e-01 2.169700e-24 9.320032e-25 3.101703e-24 
8.880000e-01 2.155790e-24 9.248203e-25 3.080610e-24 
8.900000e-01 2.142522e-24 9.176878e-25 3.060209e-24 
8.920000e-01 2.129025e-24 9.102368e-25 3.039262e-24 
8.940000e-01 2.115220e-24 9.031073e-25 3.018327e-24 
8.960000e-01 2.102099e-24 8.959238e-25 2.998023e-24 
8.980000e-01 2.089284e-24 8.887515e-25 2.978036e-24 
9.000000e-01 2.075694e-24 8.815773e-25 2.957272e-24 
9.020000e-01 2.062565e-24 8.743533e-25 2.936919e-24 
9.040000e-01 2.049328e-24 8.672302e-25 2.916559e-24 
9.060000e-01 2.036251e-24 8.600415e-25 2.896293e-24 
9.080000e-01 2.023483e-24 8.528703e-25 2.876354e-24 
9.100000e-01 2.010375e-24 8.463367e-25 2.856712e-24 
9.120000e-01 1.997815e-24 8.400706e-25 2.837886e-24 
9.140000e-01 1.984665e-24 8.336866e-25 2.818352e-24 
9.160000e-01 1.971752e-24 8.274549e-25 2.799207e-24 
9.180000e-01 1.959142e-24 8.214104e-25 2.780553e-24 
9.200000e-01 1.946446e-24 8.150043e-25 2.761451e-24 
9.220000e-01 1.933891e-24 8.084106e-25 2.742302e-24 
9.240000e-01 1.921335e-24 8.019648e-25 2.723300e-24 
9.260000e-01 1.909141e-24 7.954711e-25 2.704613e-24 
9.280000e-01 1.896857e-24 7.886975e-25 2.685554e-24 
9.300000e-01 1.884328e-24 7.830033e-25 2.667332e-24 
9.320000e-01 1.872319e-24 7.772575e-25 2.649577e-24 
9.340000e-01 1.860109e-24 7.717583e-25 2.631867e-24 
9.360000e-01 1.847834e-24 7.664070e-25 2.614241e-24 
9.380000e-01 1.836009e-24 7.609100e-25 2.596919e-24 
9.400000e-01 1.823879e-24 7.554231e-25 2.579302e-24 
9.420000e-01 1.811984e-24 7.498275e-25 2.561811e-24 
9.440000e-01 1.799960e-24 7.439433e-25 2.543903e-24 
9.460000e-01 1.788140e-24 7.376005e-25 2.525741e-24 
9.480000e-01 1.776802e-24 7.330939e-25 2.509896e-24 
9.500000e-01 1.765262e-24 7.273000e-25 2.492562e-24 
9.520000e-01 1.753723e-24 7.219058e-25 2.475629e-24 
9.540000e-01 1.741904e-24 7.166787e-25 2.458582e-24 
9.560000e-01 1.730871e-24 7.115107e-25 2.442381e-24 
9.580000e-01 1.719327e-24 7.062596e-25 2.425587e-24 
9.600000e-01 1.708233e-24 7.010046e-25 2.409238e-24 
9.620000e-01 1.696886e-24 6.957071e-25 2.392593e-24 
9.640000e-01 1.685498e-24 6.903423e-25 2.375840e-24 
9.660000e-01 1.674416e-24 6.847623e-25 2.359178e-24 
9.680000e-01 1.663417e-24 6.795323e-25 2.342949e-24 
9.700000e-01 1.652444e-24 6.741650e-25 2.326609e-24 
9.720000e-01 1.641860e-24 6.689121e-25 2.310772e-24 
9.740000e-01 1.631193e-24 6.637968e-25 2.294990e-24 
9.760000e-01 1.620688e-24 6.592364e-25 2.279924e-24 
9.780000e-01 1.610268e-24 6.549305e-25 2.265198e-24 
9.800000e-01 1.599525e-24 6.497651e-25 2.249290e-24 
9.820000e-01 1.589157e-24 6.451832e-25 2.234341e-24 
9.840000e-01 1.578258e-24 6.406353e-25 2.218893e-24 
9.860000e-01 1.568264e-24 6.358328e-25 2.204097e-24 
9.880000e-01 1.558040e-24 6.311139e-25 2.189154e-24 
9.900000e-01 1.547804e-24 6.264132e-25 2.174217e-24 
9.920000e-01 1.537645e-24 6.215604e-25 2.159206e-24 
9.940000e-01 1.527801e-24 6.168624e-25 2.144664e-24 
9.960000e-01 1.517768e-24 6.123461e-25 2.130114e-24 
9.980000e-01 1.508035e-24 6.087329e-25 2.116767e-24 
1.000000e+00 1.497889e-24 6.052229e-25 2.103112e-24 
1.002000e+00 1.488386e-24 6.011476e-25 2.089533e-24 
1.004000e+00 1.478863e-24 5.971209e-25 2.075984e-24 
1.006000e+00 1.469260e-24 5.930435e-25 2.062304e-24 
1.008000e+00 1.459704e-24 5.889628e-25 2.048667e-24 
1.010000e+00 1.450417e-24 5.850785e-25 2.035496e-24 
1.012000e+00 1.442056e-24 5.810407e-25 2.023097e-24 
1.014000e+00 1.431574e-24 5.770608e-25 2.008635e-24 
1.016000e+00 1.422297e-24 5.731772e-25 1.995474e-24 
1.018000e+00 1.412985e-24 5.691688e-25 1.982153e-24 
1.020000e+00 1.421938e-24 5.653597e-25 1.987298e-24 
1.022000e+00 1.395251e-24 5.614698e-25 1.956721e-24 
1.024000e+00 1.386134e-24 5.576453e-25 1.943780e-24 
1.026000e+00 1.377385e-24 5.539748e-25 1.931360e-24 
1.028000e+00 1.368325e-24 5.504529e-25 1.918778e-24 
1.030000e+00 1.353280e-24 5.467922e-25 1.900072e-24 
1.032000e+00 1.350559e-24 5.431049e-25 1.893664e-24 
1.034000e+00 1.341314e-24 5.394286e-25 1.880742e-24 
1.036000e+00 1.333225e-24 5.357952e-25 1.869021e-24 
1.038000e+00 1.324377e-24 5.321169e-25 1.856494e-24 
1.040000e+00 1.315885e-24 5.286939e-25 1.844579e-24 
1.042000e+00 1.307667e-24 5.248550e-25 1.832522e-24 
1.044000e+00 1.299161e-24 5.214693e-25 1.820630e-24 
1.046000e+00 1.290880e-24 5.180654e-25 1.808945e-24 
1.048000e+00 1.282745e-24 5.147526e-25 1.797497e-24 
1.050000e+00 1.274532e-24 5.112869e-25 1.785819e-24 
1.052000e+00 1.266267e-24 5.079060e-25 1.774173e-24 
1.054000e+00 1.258236e-24 5.045619e-25 1.762797e-24 
1.056000e+00 1.250238e-24 5.014548e-25 1.751693e-24 
1.058000e+00 1.242008e-24 4.981759e-25 1.740183e-24 
1.060000e+00 1.234250e-24 5.291105e-25 1.763360e-24 
1.062000e+00 1.226380e-24 4.916976e-25 1.718078e-24 
1.064000e+00 1.218563e-24 4.884952e-25 1.707058e-24 
1.066000e+00 1.210753e-24 4.853746e-25 1.696128e-24 
1.068000e+00 1.202984e-24 4.820218e-25 1.685006e-24 
1.070000e+00 1.160856e-24 4.789816e-25 1.639838e-24 
1.072000e+00 1.153283e-24 4.758138e-25 1.629097e-24 
1.074000e+00 1.145626e-24 4.728040e-25 1.618430e-24 
1.076000e+00 1.137946e-24 4.697291e-25 1.607675e-24 
1.078000e+00 1.130419e-24 4.667709e-25 1.597190e-24 
1.080000e+00 1.122935e-24 4.637226e-25 1.586658e-24 
1.082000e+00 1.115538e-24 4.607411e-25 1.576279e-24 
1.084000e+00 1.107934e-24 4.577607e-25 1.565694e-24 
1.086000e+00 1.100812e-24 4.548631e-25 1.555675e-24 
1.088000e+00 1.093482e-24 4.531057e-25 1.546588e-24 
1.090000e+00 1.087603e-24 4.491133e-25 1.536717e-24 
1.092000e+00 1.079911e-24 4.462122e-25 1.526124e-24 
1.094000e+00 1.072094e-24 4.434441e-25 1.515538e-24 
1.096000e+00 1.065185e-24 4.404209e-25 1.505606e-24 
1.098000e+00 1.058154e-24 4.377323e-25 1.495886e-24 
1.100000e+00 1.058755e-24 4.350582e-25 1.493814e-24 
1.102000e+00 1.044487e-24 4.324354e-25 1.476923e-24 
1.104000e+00 1.037623e-24 4.296946e-25 1.467318e-24 
1.106000e+00 1.031079e-24 4.271215e-25 1.458200e-24 
1.108000e+00 1.024117e-24 4.244482e-25 1.448565e-24 
1.110000e+00 1.017511e-24 4.218902e-25 1.439402e-24 
1.112000e+00 1.010888e-24 4.190312e-25 1.429920e-24 
1.114000e+00 1.004321e-24 4.164112e-25 1.420732e-24 
1.116000e+00 9.975343e-25 4.138300e-25 1.411364e-24 
1.118000e+00 9.907622e-25 4.110906e-25 1.401853e-24 
1.120000e+00 9.842963e-25 4.085119e-25 1.392808e-24 
1.122000e+00 9.780587e-25 4.060815e-25 1.384140e-24 
1.124000e+00 9.715046e-25 4.035432e-25 1.375048e-24 
1.126000e+00 9.652910e-25 4.011283e-25 1.366419e-24 
1.128000e+00 9.589214e-25 3.986793e-25 1.357601e-24 
1.130000e+00 9.526718e-25 3.962593e-25 1.348931e-24 
1.132000e+00 9.464194e-25 3.939149e-25 1.340334e-24 
1.134000e+00 9.402088e-25 3.915651e-25 1.331774e-24 
1.136000e+00 9.343840e-25 3.890492e-25 1.323433e-24 
1.138000e+00 9.283965e-25 3.867727e-25 1.315169e-24 
1.140000e+00 9.210500e-25 3.845207e-25 1.305571e-24 
1.142000e+00 9.161208e-25 3.820564e-25 1.298177e-24 
1.144000e+00 9.104306e-25 3.798371e-25 1.290268e-24 
1.146000e+00 9.042916e-25 3.775731e-25 1.281865e-24 
1.148000e+00 8.984975e-25 3.752587e-25 1.273756e-24 
1.150000e+00 8.926476e-25 3.730704e-25 1.265718e-24 
1.152000e+00 8.871548e-25 3.708297e-25 1.257984e-24 
1.154000e+00 8.813344e-25 3.687173e-25 1.250052e-24 
1.156000e+00 8.757065e-25 3.665794e-25 1.242286e-24 
1.158000e+00 8.698067e-25 3.641649e-25 1.233972e-24 
1.160000e+00 8.641417e-25 3.620204e-25 1.226162e-24 
1.162000e+00 8.583117e-25 3.598418e-25 1.218153e-24 
1.164000e+00 8.529091e-25 3.577385e-25 1.210648e-24 
1.166000e+00 8.471648e-25 3.555663e-25 1.202731e-24 
1.168000e+00 8.416993e-25 3.534723e-25 1.195172e-24 
1.170000e+00 8.362895e-25 3.513768e-25 1.187666e-24 
1.172000e+00 8.307441e-25 3.492666e-25 1.180011e-24 
1.174000e+00 8.257796e-25 3.471183e-25 1.172898e-24 
1.176000e+00 8.205743e-25 3.450262e-25 1.165601e-24 
1.178000e+00 8.151208e-25 3.430595e-25 1.158180e-24 
1.180000e+00 8.096438e-25 3.411748e-25 1.150819e-24 
1.182000e+00 8.042205e-25 3.393145e-25 1.143535e-24 
1.184000e+00 7.989247e-25 3.373131e-25 1.136238e-24 
1.186000e+00 7.938819e-25 3.353186e-25 1.129201e-24 
1.188000e+00 7.888283e-25 3.333057e-25 1.122134e-24 
1.190000e+00 7.837881e-25 3.315327e-25 1.115321e-24 
1.192000e+00 7.786540e-25 3.295759e-25 1.108230e-24 
1.194000e+00 7.781873e-25 3.278113e-25 1.105999e-24 
1.196000e+00 7.686093e-25 1.689398e-25 9.375490e-25 
1.198000e+00 7.637579e-25 3.239856e-25 1.087744e-24 
1.200000e+00 7.606671e-25 3.219389e-25 1.082606e-24 
1.202000e+00 7.536409e-25 3.200978e-25 1.073739e-24 
1.204000e+00 7.485254e-25 3.182122e-25 1.066738e-24 
1.206000e+00 7.436707e-25 3.164454e-25 1.060116e-24 
1.208000e+00 7.389175e-25 3.146422e-25 1.053560e-24 
1.210000e+00 7.340447e-25 3.129776e-25 1.047022e-24 
1.212000e+00 7.292145e-25 3.111384e-25 1.040353e-24 
1.214000e+00 7.244672e-25 3.094075e-25 1.033875e-24 
1.216000e+00 7.194445e-25 3.077067e-25 1.027151e-24 
1.218000e+00 7.150846e-25 3.058633e-25 1.020948e-24 
1.220000e+00 7.102206e-25 3.042018e-25 1.014422e-24 
1.222000e+00 7.056483e-25 3.026385e-25 1.008287e-24 
1.224000e+00 7.009182e-25 3.008279e-25 1.001746e-24 
1.226000e+00 6.962538e-25 2.991763e-25 9.954301e-25 
1.228000e+00 6.916726e-25 2.973748e-25 9.890474e-25 
1.230000e+00 6.872248e-25 2.956483e-25 9.828731e-25 
1.232000e+00 6.827245e-25 2.940828e-25 9.768073e-25 
1.234000e+00 6.782362e-25 2.925618e-25 9.707980e-25 
1.236000e+00 6.736840e-25 2.911404e-25 9.648244e-25 
1.238000e+00 6.690893e-25 2.892955e-25 9.583847e-25 
1.240000e+00 6.645984e-25 2.877925e-25 9.523909e-25 
1.242000e+00 6.602258e-25 2.861663e-25 9.463921e-25 
1.244000e+00 6.556579e-25 2.846801e-25 9.403380e-25 
1.246000e+00 6.509732e-25 2.830418e-25 9.340149e-25 
1.248000e+00 6.482367e-25 2.814355e-25 9.296721e-25 
1.250000e+00 6.418690e-25 2.798881e-25 9.217571e-25 
1.252000e+00 6.374723e-25 2.783328e-25 9.158050e-25 
1.254000e+00 6.332173e-25 2.767537e-25 9.099711e-25 
1.256000e+00 6.284696e-25 2.752132e-25 9.036828e-25 
1.258000e+00 6.241468e-25 2.737146e-25 8.978614e-25 
1.260000e+00 6.194139e-25 2.722174e-25 8.916313e-25 
1.262000e+00 6.150266e-25 2.707662e-25 8.857928e-25 
1.264000e+00 6.106488e-25 2.692863e-25 8.799351e-25 
1.266000e+00 6.005236e-25 2.678583e-25 8.683820e-25 
1.268000e+00 6.013619e-25 2.664677e-25 8.678295e-25 
1.270000e+00 5.969028e-25 2.650513e-25 8.619540e-25 
1.272000e+00 5.921986e-25 2.636246e-25 8.558232e-25 
1.274000e+00 5.876124e-25 2.621910e-25 8.498035e-25 
1.276000e+00 5.829644e-25 2.607481e-25 8.437125e-25 
1.278000e+00 5.780265e-25 2.593825e-25 8.374090e-25 
1.280000e+00 5.731391e-25 2.579757e-25 8.311147e-25 
1.282000e+00 5.682489e-25 2.565923e-25 8.248413e-25 
1.284000e+00 5.628305e-25 2.552598e-25 8.180903e-25 
1.286000e+00 5.552744e-25 2.538511e-25 8.091256e-25 
1.288000e+00 5.512793e-25 2.524247e-25 8.037040e-25 
1.290000e+00 5.437532e-25 2.511332e-25 7.948864e-25 
1.292000e+00 5.364135e-25 2.498325e-25 7.862460e-25 
1.294000e+00 5.299450e-25 2.484182e-25 7.783632e-25 
1.296000e+00 5.232133e-25 2.471097e-25 7.703230e-25 
1.298000e+00 5.165404e-25 2.457811e-25 7.623215e-25 
1.300000e+00 5.134693e-25 2.444226e-25 7.578919e-25 
1.302000e+00 5.110544e-25 2.431670e-25 7.542214e-25 
1.304000e+00 5.086436e-25 2.419112e-25 7.505547e-25 
1.306000e+00 5.091556e-25 2.406021e-25 7.497577e-25 
1.308000e+00 5.101559e-25 2.393456e-25 7.495015e-25 
1.310000e+00 5.114377e-25 2.380791e-25 7.495168e-25 
1.312000e+00 5.132746e-25 2.368040e-25 7.500785e-25 
1.314000e+00 5.154443e-25 2.356606e-25 7.511050e-25 
1.316000e+00 5.172117e-25 2.343941e-25 7.516058e-25 
1.318000e+00 5.171109e-25 2.331101e-25 7.502210e-25 
1.320000e+00 5.179658e-25 2.318883e-25 7.498540e-25 
1.322000e+00 5.167711e-25 2.307945e-25 7.475656e-25 
1.324000e+00 5.155932e-25 2.296416e-25 7.452347e-25 
1.326000e+00 5.146120e-25 2.283943e-25 7.430063e-25 
1.328000e+00 5.134002e-25 2.272513e-25 7.406515e-25 
1.330000e+00 5.119261e-25 2.261610e-25 7.380871e-25 
1.332000e+00 5.102760e-25 2.249412e-25 7.352172e-25 
1.334000e+00 5.090039e-25 2.238767e-25 7.328807e-25 
1.336000e+00 5.072319e-25 2.226875e-25 7.299195e-25 
1.338000e+00 5.054793e-25 2.215053e-25 7.269846e-25 
1.340000e+00 5.037960e-25 2.204363e-25 7.242323e-25 
1.342000e+00 5.017475e-25 2.192827e-25 7.210302e-25 
1.344000e+00 5.007052e-25 2.180837e-25 7.187889e-25 
1.346000e+00 4.979853e-25 2.168516e-25 7.148369e-25 
1.348000e+00 4.958895e-25 2.162549e-25 7.121444e-25 
1.350000e+00 4.939136e-25 2.147956e-25 7.087092e-25 
1.352000e+00 4.919887e-25 2.136652e-25 7.056539e-25 
1.354000e+00 4.900074e-25 2.126582e-25 7.026655e-25 
1.356000e+00 4.879934e-25 2.115514e-25 6.995449e-25 
1.358000e+00 4.861386e-25 2.105767e-25 6.967153e-25 
1.360000e+00 4.841130e-25 2.094321e-25 6.935450e-25 
1.362000e+00 4.820304e-25 2.084274e-25 6.904578e-25 
1.364000e+00 4.807204e-25 2.073211e-25 6.880416e-25 
1.366000e+00 4.778931e-25 2.063568e-25 6.842499e-25 
1.368000e+00 4.756892e-25 2.052088e-25 6.808980e-25 
1.370000e+00 4.735311e-25 2.042315e-25 6.777626e-25 
1.372000e+00 4.713440e-25 2.031794e-25 6.745235e-25 
1.374000e+00 4.693125e-25 2.021320e-25 6.714445e-25 
1.376000e+00 4.670914e-25 2.011475e-25 6.682390e-25 
1.378000e+00 4.628457e-25 2.001293e-25 6.629750e-25 
1.380000e+00 4.611488e-25 1.991517e-25 6.603005e-25 
1.382000e+00 4.609642e-25 1.982087e-25 6.591729e-25 
1.384000e+00 4.590568e-25 1.972564e-25 6.563133e-25 
1.386000e+00 4.567133e-25 1.962692e-25 6.529825e-25 
1.388000e+00 4.545116e-25 1.953817e-25 6.498933e-25 
1.390000e+00 4.526087e-25 1.943767e-25 6.469854e-25 
1.392000e+00 4.504133e-25 1.934833e-25 6.438966e-25 
1.394000e+00 4.483903e-25 1.917063e-25 6.400965e-25 
1.396000e+00 4.462781e-25 1.915113e-25 6.377894e-25 
1.398000e+00 4.442696e-25 1.905503e-25 6.348199e-25 
1.400000e+00 4.423080e-25 1.896489e-25 6.319569e-25 
1.402000e+00 4.400751e-25 1.886736e-25 6.287487e-25 
1.404000e+00 4.380817e-25 1.877834e-25 6.258651e-25 
1.406000e+00 4.359924e-25 1.865256e-25 6.225179e-25 
1.408000e+00 4.340008e-25 1.858841e-25 6.198849e-25 
1.410000e+00 4.320475e-25 1.848981e-25 6.169457e-25 
1.412000e+00 4.299595e-25 1.840332e-25 6.139927e-25 
1.414000e+00 4.280291e-25 1.831824e-25 6.112115e-25 
1.416000e+00 4.254227e-25 1.823216e-25 6.077442e-25 
1.418000e+00 4.239958e-25 1.815211e-25 6.055170e-25 
1.420000e+00 4.219102e-25 1.805335e-25 6.024437e-25 
1.422000e+00 4.199249e-25 1.797594e-25 5.996844e-25 
1.424000e+00 4.180492e-25 1.789845e-25 5.970337e-25 
1.426000e+00 4.158576e-25 1.780466e-25 5.939042e-25 
1.428000e+00 4.137574e-25 1.771903e-25 5.909477e-25 
1.430000e+00 4.117361e-25 1.763949e-25 5.881310e-25 
1.432000e+00 4.098651e-25 1.755262e-25 5.853913e-25 
1.434000e+00 4.079815e-25 1.746776e-25 5.826591e-25 
1.436000e+00 4.056426e-25 1.738736e-25 5.795162e-25 
1.438000e+00 4.041680e-25 1.731018e-25 5.772697e-25 
1.440000e+00 4.022812e-25 1.722215e-25 5.745028e-25 
1.442000e+00 4.004312e-25 1.714416e-25 5.718727e-25 
1.444000e+00 3.984568e-25 1.706123e-25 5.690690e-25 
1.446000e+00 3.965094e-25 1.697674e-25 5.662767e-25 
1.448000e+00 3.946416e-25 1.689701e-25 5.636117e-25 
1.450000e+00 3.927540e-25 1.682295e-25 5.609835e-25 
1.452000e+00 3.907597e-25 1.673595e-25 5.581192e-25 
1.454000e+00 3.889371e-25 1.665383e-25 5.554754e-25 
1.456000e+00 3.871227e-25 1.658489e-25 5.529716e-25 
1.458000e+00 3.852809e-25 1.650117e-25 5.502925e-25 
1.460000e+00 3.834454e-25 1.644051e-25 5.478506e-25 
1.462000e+00 3.816159e-25 1.635219e-25 5.451378e-25 
1.464000e+00 3.796667e-25 1.627474e-25 5.424141e-25 
1.466000e+00 3.780953e-25 1.620203e-25 5.401157e-25 
1.468000e+00 3.763623e-25 1.612544e-25 5.376167e-25 
1.470000e+00 3.745078e-25 1.605088e-25 5.350165e-25 
1.472000e+00 3.726744e-25 1.597447e-25 5.324191e-25 
1.474000e+00 3.709746e-25 1.590219e-25 5.299966e-25 
1.476000e+00 3.691439e-25 1.582486e-25 5.273925e-25 
1.478000e+00 3.672869e-25 1.575087e-25 5.247956e-25 
1.480000e+00 3.655942e-25 1.568080e-25 5.224022e-25 
1.482000e+00 3.637784e-25 1.560711e-25 5.198495e-25 
1.484000e+00 3.620886e-25 1.553901e-25 5.174787e-25 
1.486000e+00 3.603321e-25 1.546723e-25 5.150044e-25 
1.488000e+00 3.584897e-25 1.539624e-25 5.124521e-25 
1.490000e+00 3.568495e-25 1.533750e-25 5.102245e-25 
1.492000e+00 3.551366e-25 1.527113e-25 5.078479e-25 
1.494000e+00 3.534934e-25 1.519755e-25 5.054689e-25 
1.496000e+00 3.517573e-25 1.513010e-25 5.030584e-25 
1.498000e+00 3.502252e-25 1.506295e-25 5.008547e-25 
1.500000e+00 3.485972e-25 1.499083e-25 4.985055e-25 
1.502000e+00 3.467832e-25 1.492093e-25 4.959925e-25 
1.504000e+00 3.452772e-25 1.484780e-25 4.937553e-25 
1.506000e+00 3.434480e-25 1.477719e-25 4.912199e-25 
1.508000e+00 3.418859e-25 1.470496e-25 4.889355e-25 
1.510000e+00 3.402686e-25 1.463813e-25 4.866499e-25 
1.512000e+00 3.385691e-25 1.457412e-25 4.843103e-25 
1.514000e+00 3.370206e-25 1.450299e-25 4.820506e-25 
1.516000e+00 3.353758e-25 1.448941e-25 4.802699e-25 
1.518000e+00 3.338691e-25 1.437802e-25 4.776493e-25 
1.520000e+00 3.322774e-25 1.431251e-25 4.754024e-25 
1.522000e+00 3.306676e-25 1.425161e-25 4.731837e-25 
1.524000e+00 3.291120e-25 1.418566e-25 4.709687e-25 
1.526000e+00 3.275078e-25 1.412564e-25 4.687641e-25 
1.528000e+00 3.259470e-25 6.084436e-26 3.867914e-25 
1.530000e+00 3.243831e-25 6.052979e-26 3.849129e-25 
1.532000e+00 3.228574e-25 6.020779e-26 3.830651e-25 
1.534000e+00 3.212471e-25 5.987173e-26 3.811188e-25 
1.536000e+00 3.197993e-25 5.956306e-26 3.793623e-25 
1.538000e+00 3.182354e-25 5.932610e-26 3.775615e-25 
1.540000e+00 3.165816e-25 5.902579e-26 3.756074e-25 
1.542000e+00 3.151413e-25 5.877548e-26 3.739167e-25 
1.544000e+00 3.137754e-25 5.856015e-26 3.723355e-25 
1.546000e+00 3.121403e-25 5.829766e-26 3.704380e-25 
1.548000e+00 3.108785e-25 5.808443e-26 3.689629e-25 
1.550000e+00 3.095321e-25 5.780096e-26 3.673331e-25 
1.552000e+00 3.078671e-25 5.758817e-26 3.654553e-25 
1.554000e+00 3.063280e-25 5.729769e-26 3.636256e-25 
1.556000e+00 3.048939e-25 5.707995e-26 3.619739e-25 
1.558000e+00 3.035456e-25 5.684177e-26 3.603874e-25 
1.560000e+00 3.019891e-25 5.655039e-26 3.585395e-25 
1.562000e+00 3.006014e-25 5.628514e-26 3.568866e-25 
1.564000e+00 2.990767e-25 5.597086e-26 3.550475e-25 
1.566000e+00 2.977396e-25 5.570854e-26 3.534482e-25 
1.568000e+00 2.963933e-25 5.549203e-26 3.518853e-25 
1.570000e+00 2.950021e-25 5.518393e-26 3.501860e-25 
1.572000e+00 2.935822e-25 5.495369e-26 3.485359e-25 
1.574000e+00 2.929122e-25 5.471340e-26 3.476256e-25 
1.576000e+00 2.909325e-25 5.449777e-26 3.454303e-25 
1.578000e+00 2.897608e-25 5.420445e-26 3.439652e-25 
1.580000e+00 2.881753e-25 5.396266e-26 3.421379e-25 
1.582000e+00 2.868828e-25 5.369738e-26 3.405802e-25 
1.584000e+00 2.854104e-25 5.341231e-26 3.388227e-25 
1.586000e+00 2.840427e-25 5.308684e-26 3.371296e-25 
1.588000e+00 2.827454e-25 5.276540e-26 3.355108e-25 
1.590000e+00 2.818361e-25 5.251507e-26 3.343511e-25 
1.592000e+00 2.800302e-25 5.222334e-26 3.322535e-25 
1.594000e+00 2.786796e-25 5.189957e-26 3.305792e-25 
1.596000e+00 2.774689e-25 5.166171e-26 3.291306e-25 
1.598000e+00 2.761585e-25 5.141003e-26 3.275685e-25 
1.600000e+00 2.747487e-25 5.116427e-26 3.259129e-25 
1.602000e+00 2.734191e-25 5.093357e-26 3.243526e-25 
1.604000e+00 2.721141e-25 5.067521e-26 3.227893e-25 
1.606000e+00 2.709851e-25 5.044251e-26 3.214276e-25 
1.608000e+00 2.697751e-25 5.022165e-26 3.199968e-25 
1.610000e+00 2.684522e-25 5.000613e-26 3.184584e-25 
1.612000e+00 2.671506e-25 4.976989e-26 3.169205e-25 
1.614000e+00 2.659507e-25 4.951653e-26 3.154672e-25 
1.616000e+00 2.646081e-25 4.925419e-26 3.138623e-25 
1.618000e+00 2.633486e-25 4.898164e-26 3.123302e-25 
1.620000e+00 2.621287e-25 4.869333e-26 3.108220e-25 
1.622000e+00 2.609677e-25 4.842010e-26 3.093878e-25 
1.624000e+00 2.596582e-25 4.818669e-26 3.078449e-25 
1.626000e+00 2.584873e-25 4.798310e-26 3.064704e-25 
1.628000e+00 2.572959e-25 4.773780e-26 3.050337e-25 
1.630000e+00 2.566916e-25 4.746901e-26 3.041606e-25 
1.632000e+00 2.550313e-25 4.724263e-26 3.022739e-25 
1.634000e+00 2.538294e-25 4.702654e-26 3.008559e-25 
1.636000e+00 2.526170e-25 4.681868e-26 2.994357e-25 
1.638000e+00 2.514760e-25 4.657778e-26 2.980537e-25 
1.640000e+00 2.502628e-25 4.636905e-26 2.966318e-25 
1.642000e+00 2.490173e-25 4.612977e-26 2.951471e-25 
1.644000e+00 2.480309e-25 4.582007e-26 2.938510e-25 
1.646000e+00 2.468534e-25 4.558839e-26 2.924418e-25 
1.648000e+00 2.457593e-25 4.531118e-26 2.910705e-25 
1.650000e+00 2.444783e-25 4.503261e-26 2.895109e-25 
1.652000e+00 2.432130e-25 4.477962e-26 2.879926e-25 
1.654000e+00 2.420645e-25 4.452413e-26 2.865886e-25 
1.656000e+00 2.409115e-25 4.430251e-26 2.852140e-25 
1.658000e+00 2.397697e-25 4.411383e-26 2.838835e-25 
1.660000e+00 2.387541e-25 4.389067e-26 2.826448e-25 
1.662000e+00 2.375757e-25 4.368101e-26 2.812567e-25 
1.664000e+00 2.364271e-25 4.352890e-26 2.799560e-25 
1.666000e+00 2.353468e-25 4.333485e-26 2.786817e-25 
1.668000e+00 2.342435e-25 4.318503e-26 2.774285e-25 
1.670000e+00 2.332765e-25 4.301967e-26 2.762962e-25 
1.672000e+00 2.321568e-25 4.287109e-26 2.750279e-25 
1.674000e+00 2.310331e-25 4.268258e-26 2.737157e-25 
1.676000e+00 2.301259e-25 4.249605e-26 2.726220e-25 
1.678000e+00 2.288956e-25 4.233891e-26 2.712345e-25 
1.680000e+00 2.278060e-25 4.215452e-26 2.699606e-25 
1.682000e+00 2.268291e-25 4.197300e-26 2.688021e-25 
1.684000e+00 2.256979e-25 1.024025e-25 3.281004e-25 
1.686000e+00 2.247308e-25 1.020049e-25 3.267357e-25 
1.688000e+00 2.235961e-25 1.015625e-25 3.251586e-25 
1.690000e+00 2.226203e-25 1.011696e-25 3.237899e-25 
1.692000e+00 2.215538e-25 1.007714e-25 3.223252e-25 
1.694000e+00 2.205635e-25 1.003130e-25 3.208765e-25 
1.696000e+00 2.196286e-25 9.991741e-26 3.195460e-25 
1.698000e+00 2.185957e-25 9.949697e-26 3.180927e-25 
1.700000e+00 2.176407e-25 9.906527e-26 3.167060e-25 
1.702000e+00 2.165543e-25 9.846793e-26 3.150223e-25 
1.704000e+00 2.155886e-25 9.835096e-26 3.139395e-25 
1.706000e+00 2.145980e-25 9.789762e-26 3.124957e-25 
1.708000e+00 2.136007e-25 9.747380e-26 3.110745e-25 
1.710000e+00 2.125199e-25 9.715072e-26 3.096706e-25 
1.712000e+00 2.115472e-25 9.671503e-26 3.082622e-25 
1.714000e+00 2.104786e-25 9.625899e-26 3.067376e-25 
1.716000e+00 2.094938e-25 9.596273e-26 3.054566e-25 
1.718000e+00 2.084931e-25 9.551515e-26 3.040083e-25 
1.720000e+00 2.075613e-25 9.519961e-26 3.027609e-25 
1.722000e+00 2.064451e-25 9.479311e-26 3.012382e-25 
1.724000e+00 2.053588e-25 9.433901e-26 2.996978e-25 
1.726000e+00 2.045722e-25 9.401233e-26 2.985845e-25 
1.728000e+00 2.036190e-25 9.361360e-26 2.972326e-25 
1.730000e+00 2.026811e-25 9.323770e-26 2.959188e-25 
1.732000e+00 2.017595e-25 9.281224e-26 2.945718e-25 
1.734000e+00 2.007758e-25 9.244133e-26 2.932171e-25 
1.736000e+00 1.998962e-25 9.210561e-26 2.920018e-25 
1.738000e+00 1.989591e-25 9.167075e-26 2.906299e-25 
1.740000e+00 1.990796e-25 9.136034e-26 2.904399e-25 
1.742000e+00 1.979073e-25 9.102772e-26 2.889350e-25 
1.744000e+00 1.969498e-25 9.060083e-26 2.875506e-25 
1.746000e+00 1.960388e-25 9.034160e-26 2.863804e-25 
1.748000e+00 1.958482e-25 8.991361e-26 2.857618e-25 
1.750000e+00 1.941278e-25 8.966957e-26 2.837973e-25 
1.752000e+00 1.931735e-25 8.921715e-26 2.823906e-25 
1.754000e+00 1.922997e-25 8.894200e-26 2.812417e-25 
1.756000e+00 1.914089e-25 8.855548e-26 2.799644e-25 
1.758000e+00 1.904585e-25 8.823418e-26 2.786927e-25 
1.760000e+00 1.895307e-25 8.789721e-26 2.774279e-25 
1.762000e+00 1.887104e-25 8.757674e-26 2.762872e-25 
1.764000e+00 1.878042e-25 8.717940e-26 2.749836e-25 
1.766000e+00 1.868786e-25 8.683012e-26 2.737087e-25 
1.768000e+00 1.859287e-25 8.649035e-26 2.724191e-25 
1.770000e+00 1.850251e-25 8.616647e-26 2.711916e-25 
1.772000e+00 1.841858e-25 8.584679e-26 2.700326e-25 
1.774000e+00 1.833396e-25 8.552739e-26 2.688669e-25 
1.776000e+00 1.823091e-25 8.514362e-26 2.674528e-25 
1.778000e+00 1.813990e-25 8.483841e-26 2.662374e-25 
1.780000e+00 1.806289e-25 8.446714e-26 2.650960e-25 
1.782000e+00 1.796446e-25 8.414062e-26 2.637852e-25 
1.784000e+00 1.786788e-25 8.386069e-26 2.625395e-25 
1.786000e+00 1.777620e-25 8.354090e-26 2.613029e-25 
1.788000e+00 1.768575e-25 8.317389e-26 2.600314e-25 
1.790000e+00 1.759399e-25 8.284813e-26 2.587880e-25 
1.792000e+00 1.750946e-25 8.259504e-26 2.576896e-25 
1.794000e+00 1.741511e-25 8.225991e-26 2.564110e-25 
1.796000e+00 1.732910e-25 8.189731e-26 2.551883e-25 
1.798000e+00 1.724368e-25 8.160728e-26 2.540441e-25 
1.800000e+00 1.714801e-25 8.133374e-26 2.528139e-25 
1.802000e+00 1.705423e-25 8.093933e-26 2.514816e-25 
1.804000e+00 1.695586e-25 8.067868e-26 2.502373e-25 
1.806000e+00 1.685723e-25 8.039835e-26 2.489706e-25 
1.808000e+00 1.675084e-25 8.097669e-26 2.484851e-25 
1.810000e+00 1.666156e-25 7.975977e-26 2.463753e-25 
1.812000e+00 1.654625e-25 7.949608e-26 2.449586e-25 
1.814000e+00 1.645401e-25 7.915477e-26 2.436949e-25 
1.816000e+00 1.632528e-25 7.884031e-26 2.420931e-25 
1.818000e+00 1.620852e-25 7.854665e-26 2.406318e-25 
1.820000e+00 1.609570e-25 7.824387e-26 2.392008e-25 
1.822000e+00 1.597510e-25 7.797545e-26 2.377265e-25 
1.824000e+00 1.583414e-25 7.764535e-26 2.359867e-25 
1.826000e+00 1.570788e-25 7.736977e-26 2.344486e-25 
1.828000e+00 1.554787e-25 7.711161e-26 2.325903e-25 
1.830000e+00 1.541305e-25 7.681955e-26 2.309500e-25 
1.832000e+00 1.529551e-25 7.656545e-26 2.295205e-25 
1.834000e+00 1.519283e-25 7.624537e-26 2.281736e-25 
1.836000e+00 1.507419e-25 7.598875e-26 2.267307e-25 
1.838000e+00 1.498440e-25 7.564653e-26 2.254905e-25 
1.840000e+00 1.492943e-25 7.541319e-26 2.247075e-25 
1.842000e+00 1.489462e-25 7.516041e-26 2.241066e-25 
1.844000e+00 1.485374e-25 7.482299e-26 2.233604e-25 
1.846000e+00 1.481425e-25 7.456626e-26 2.227088e-25 
1.848000e+00 1.484332e-25 7.431024e-26 2.227434e-25 
1.850000e+00 1.486924e-25 7.396855e-26 2.226609e-25 
1.852000e+00 1.490746e-25 7.370987e-26 2.227845e-25 
1.854000e+00 1.494286e-25 7.342566e-26 2.228542e-25 
1.856000e+00 1.496318e-25 7.310853e-26 2.227403e-25 
1.858000e+00 1.499297e-25 7.285889e-26 2.227886e-25 
1.860000e+00 1.501556e-25 7.256508e-26 2.227206e-25 
1.862000e+00 1.504725e-25 7.229426e-26 2.227668e-25 
1.864000e+00 1.503409e-25 7.199795e-26 2.223389e-25 
1.866000e+00 1.502500e-25 7.176315e-26 2.220131e-25 
1.868000e+00 1.500490e-25 7.149538e-26 2.215444e-25 
1.870000e+00 1.498352e-25 7.124341e-26 2.210787e-25 
1.872000e+00 1.495910e-25 7.098237e-26 2.205734e-25 
1.874000e+00 1.484654e-25 7.070143e-26 2.191668e-25 
1.876000e+00 1.489326e-25 7.049398e-26 2.194266e-25 
1.878000e+00 1.486945e-25 7.023536e-26 2.189299e-25 
1.880000e+00 1.482629e-25 7.002235e-26 2.182853e-25 
1.882000e+00 1.479833e-25 6.979056e-26 2.177738e-25 
1.884000e+00 1.476353e-25 6.952112e-26 2.171564e-25 
1.886000e+00 1.472706e-25 6.928407e-26 2.165546e-25 
1.888000e+00 1.468735e-25 6.901395e-26 2.158874e-25 
1.890000e+00 1.464440e-25 6.879868e-26 2.152427e-25 
1.892000e+00 1.461286e-25 6.848615e-26 2.146147e-25 
1.894000e+00 1.457306e-25 6.827463e-26 2.140052e-25 
1.896000e+00 1.452769e-25 6.800111e-26 2.132781e-25 
1.898000e+00 1.449676e-25 6.773208e-26 2.126997e-25 
1.900000e+00 1.445082e-25 6.749740e-26 2.120056e-25 
1.902000e+00 1.440896e-25 6.722259e-26 2.113122e-25 
1.904000e+00 1.436827e-25 6.704729e-26 2.107300e-25 
1.906000e+00 1.431909e-25 6.681035e-26 2.100013e-25 
1.908000e+00 1.428548e-25 6.649247e-26 2.093473e-25 
1.910000e+00 1.424210e-25 6.629578e-26 2.087168e-25 
1.912000e+00 1.419928e-25 6.611398e-26 2.081068e-25 
1.914000e+00 1.415801e-25 6.584869e-26 2.074288e-25 
1.916000e+00 1.411732e-25 6.563354e-26 2.068067e-25 
1.918000e+00 1.407394e-25 6.533511e-26 2.060745e-25 
1.920000e+00 1.403131e-25 6.513674e-26 2.054498e-25 
1.922000e+00 1.399963e-25 6.484955e-26 2.048459e-25 
1.924000e+00 1.394486e-25 6.462592e-26 2.040745e-25 
1.926000e+00 1.390501e-25 6.444524e-26 2.034954e-25 
1.928000e+00 1.386118e-25 6.417797e-26 2.027897e-25 
1.930000e+00 1.381780e-25 6.395631e-26 2.021343e-25 
1.932000e+00 1.377757e-25 6.373345e-26 2.015091e-25 
1.934000e+00 1.373689e-25 6.346912e-26 2.008380e-25 
1.936000e+00 1.369191e-25 6.324005e-26 2.001592e-25 
1.938000e+00 1.364720e-25 6.305888e-26 1.995309e-25 
1.940000e+00 1.360909e-25 6.283227e-26 1.989232e-25 
1.942000e+00 1.357003e-25 6.259171e-26 1.982920e-25 
1.944000e+00 1.352833e-25 6.239347e-26 1.976768e-25 
1.946000e+00 1.347720e-25 6.214123e-26 1.969132e-25 
1.948000e+00 1.344053e-25 6.188504e-26 1.962904e-25 
1.950000e+00 1.339444e-25 6.167497e-26 1.956193e-25 
1.952000e+00 1.333827e-25 6.144793e-26 1.948306e-25 
1.954000e+00 1.329671e-25 6.124391e-26 1.942110e-25 
1.956000e+00 1.325578e-25 6.100226e-26 1.935601e-25 
1.958000e+00 1.322318e-25 6.081638e-26 1.930482e-25 
1.960000e+00 1.317637e-25 6.064321e-26 1.924069e-25 
1.962000e+00 1.312697e-25 6.041766e-26 1.916873e-25 
1.964000e+00 1.308636e-25 6.020716e-26 1.910708e-25 
1.966000e+00 1.304812e-25 6.002762e-26 1.905088e-25 
1.968000e+00 1.301014e-25 5.976816e-26 1.898696e-25 
1.970000e+00 1.296227e-25 5.959320e-26 1.892159e-25 
1.972000e+00 1.290975e-25 5.932960e-26 1.884271e-25 
1.974000e+00 1.287079e-25 5.915414e-26 1.878620e-25 
1.976000e+00 1.283061e-25 5.898459e-26 1.872907e-25 
1.978000e+00 1.278688e-25 5.877592e-26 1.866447e-25 
1.980000e+00 1.274723e-25 5.855833e-26 1.860306e-25 
1.982000e+00 1.271197e-25 5.836833e-26 1.854881e-25 
1.984000e+00 1.266665e-25 5.813112e-26 1.847977e-25 
1.986000e+00 1.262257e-25 5.792548e-26 1.841511e-25 
1.988000e+00 1.258401e-25 5.775714e-26 1.835972e-25 
1.990000e+00 1.253467e-25 5.749607e-26 1.828428e-25 
1.992000e+00 1.249753e-25 5.731541e-26 1.822907e-25 
1.994000e+00 1.245514e-25 5.694886e-26 1.815002e-25 
1.996000e+00 1.241377e-25 5.688683e-26 1.810245e-25 
1.998000e+00 1.237461e-25 5.679215e-26 1.805383e-25 
2.000000e+00 1.233378e-25 5.650268e-26 1.798405e-25 
2.002000e+00 1.229072e-25 5.629242e-26 1.791996e-25 
2.004000e+00 1.225362e-25 5.613502e-26 1.786712e-25 
2.006000e+00 1.221448e-25 5.593327e-26 1.780781e-25 
2.008000e+00 1.218307e-25 5.577269e-26 1.776034e-25 
2.010000e+00 1.213566e-25 5.558048e-26 1.769371e-25 
2.012000e+00 1.209573e-25 5.537324e-26 1.763306e-25 
2.014000e+00 1.205680e-25 5.520821e-26 1.757762e-25 
2.016000e+00 1.201613e-25 5.500466e-26 1.751659e-25 
2.018000e+00 1.197877e-25 5.483763e-26 1.746253e-25 
2.020000e+00 1.193537e-25 5.453223e-26 1.738859e-25 
2.022000e+00 1.189337e-25 5.449996e-26 1.734336e-25 
2.024000e+00 1.185227e-25 5.429559e-26 1.728182e-25 
2.026000e+00 1.181103e-25 5.408171e-26 1.721920e-25 
2.028000e+00 1.176852e-25 5.356582e-26 1.712510e-25 
2.030000e+00 1.172749e-25 5.374183e-26 1.710167e-25 
2.032000e+00 1.168577e-25 5.354627e-26 1.704040e-25 
2.034000e+00 1.166059e-25 5.335053e-26 1.699565e-25 
2.036000e+00 1.161403e-25 5.312470e-26 1.692650e-25 
2.038000e+00 1.156929e-25 5.293324e-26 1.686262e-25 
2.040000e+00 1.154048e-25 5.277413e-26 1.681789e-25 
2.042000e+00 1.150439e-25 5.259506e-26 1.676389e-25 
2.044000e+00 1.147691e-25 5.246029e-26 1.672293e-25 
2.046000e+00 1.142381e-25 5.227472e-26 1.665128e-25 
2.048000e+00 1.138467e-25 5.209795e-26 1.659446e-25 
2.050000e+00 1.134717e-25 5.193039e-26 1.654021e-25 
2.052000e+00 1.130661e-25 5.172434e-26 1.647904e-25 
2.054000e+00 1.127052e-25 5.159128e-26 1.642965e-25 
2.056000e+00 1.123520e-25 5.140332e-26 1.637553e-25 
2.058000e+00 1.119379e-25 5.460789e-26 1.665458e-25 
2.060000e+00 1.115799e-25 5.107950e-26 1.626594e-25 
2.062000e+00 1.112209e-25 5.089524e-26 1.621161e-25 
2.064000e+00 1.108801e-25 5.070944e-26 1.615895e-25 
2.066000e+00 1.104959e-25 5.051839e-26 1.610143e-25 
2.068000e+00 1.100476e-25 5.034991e-26 1.603976e-25 
2.070000e+00 1.097708e-25 5.018686e-26 1.599577e-25 
2.072000e+00 1.093536e-25 5.005085e-26 1.594044e-25 
2.074000e+00 1.090569e-25 4.986041e-26 1.589173e-25 
2.076000e+00 1.087193e-25 4.963547e-26 1.583548e-25 
2.078000e+00 1.084023e-25 4.948577e-26 1.578881e-25 
2.080000e+00 1.080359e-25 4.934847e-26 1.573844e-25 
2.082000e+00 1.076921e-25 4.915388e-26 1.568460e-25 
2.084000e+00 1.073029e-25 4.902052e-26 1.563234e-25 
2.086000e+00 1.069110e-25 4.882415e-26 1.557351e-25 
2.088000e+00 1.065391e-25 2.653803e-26 1.330772e-25 
2.090000e+00 1.062211e-25 2.648516e-26 1.327063e-25 
2.092000e+00 1.059146e-25 2.635819e-26 1.322728e-25 
2.094000e+00 1.055909e-25 2.623534e-26 1.318262e-25 
2.096000e+00 1.052062e-25 2.612811e-26 1.313344e-25 
2.098000e+00 1.049063e-25 2.602962e-26 1.309360e-25 
2.100000e+00 1.044537e-25 2.591832e-26 1.303720e-25 
2.102000e+00 1.041699e-25 2.581753e-26 1.299875e-25 
2.104000e+00 1.021131e-25 2.567013e-26 1.277833e-25 
2.106000e+00 1.034229e-25 2.555822e-26 1.289811e-25 
2.108000e+00 1.031133e-25 2.543174e-26 1.285451e-25 
2.110000e+00 1.027067e-25 2.532209e-26 1.280288e-25 
2.112000e+00 1.024225e-25 2.523970e-26 1.276622e-25 
2.114000e+00 1.020351e-25 2.516347e-26 1.271986e-25 
2.116000e+00 1.017269e-25 2.503112e-26 1.267580e-25 
2.118000e+00 1.012883e-25 2.496274e-26 1.262511e-25 
2.120000e+00 1.010302e-25 2.485789e-26 1.258881e-25 
2.122000e+00 1.006614e-25 2.477283e-26 1.254342e-25 
2.124000e+00 1.003431e-25 2.464554e-26 1.249887e-25 
2.126000e+00 1.000127e-25 2.455842e-26 1.245711e-25 
2.128000e+00 9.972104e-26 2.444627e-26 1.241673e-25 
2.130000e+00 9.933556e-26 2.437047e-26 1.237060e-25 
2.132000e+00 9.900821e-26 2.426059e-26 1.232688e-25 
2.134000e+00 9.868609e-26 2.417607e-26 1.228622e-25 
2.136000e+00 9.840902e-26 2.405389e-26 1.224629e-25 
2.138000e+00 9.806412e-26 2.396427e-26 1.220284e-25 
2.140000e+00 9.780518e-26 2.387143e-26 1.216766e-25 
2.142000e+00 9.739719e-26 2.373626e-26 1.211334e-25 
2.144000e+00 9.711977e-26 2.364132e-26 1.207611e-25 
2.146000e+00 9.683467e-26 2.356451e-26 1.203992e-25 
2.148000e+00 9.645326e-26 2.342876e-26 1.198820e-25 
2.150000e+00 9.619695e-26 2.333002e-26 1.195270e-25 
2.152000e+00 9.581055e-26 2.325928e-26 1.190698e-25 
2.154000e+00 9.555648e-26 2.313037e-26 1.186869e-25 
2.156000e+00 9.528092e-26 2.306054e-26 1.183415e-25 
2.158000e+00 9.489779e-26 2.294867e-26 1.178465e-25 
2.160000e+00 9.465377e-26 2.283001e-26 1.174838e-25 
2.162000e+00 9.437140e-26 2.275570e-26 1.171271e-25 
2.164000e+00 9.411360e-26 2.268755e-26 1.168011e-25 
2.166000e+00 9.382377e-26 2.259403e-26 1.164178e-25 
2.168000e+00 9.344760e-26 2.246355e-26 1.159111e-25 
2.170000e+00 9.318945e-26 2.238274e-26 1.155722e-25 
2.172000e+00 9.290952e-26 2.230038e-26 1.152099e-25 
2.174000e+00 9.265278e-26 2.216741e-26 1.148202e-25 
2.176000e+00 9.236249e-26 2.209073e-26 1.144532e-25 
2.178000e+00 9.198061e-26 2.198909e-26 1.139697e-25 
2.180000e+00 9.170551e-26 2.187591e-26 1.135814e-25 
2.182000e+00 9.133383e-26 2.175250e-26 1.130863e-25 
2.184000e+00 9.110161e-26 2.166795e-26 1.127696e-25 
2.186000e+00 9.074026e-26 2.156658e-26 1.123068e-25 
2.188000e+00 9.048822e-26 2.144753e-26 1.119357e-25 
2.190000e+00 9.009184e-26 2.133298e-26 1.114248e-25 
2.192000e+00 8.986590e-26 2.122327e-26 1.110892e-25 
2.194000e+00 8.955674e-26 2.117267e-26 1.107294e-25 
2.196000e+00 8.929384e-26 2.108883e-26 1.103827e-25 
2.198000e+00 8.900597e-26 2.098022e-26 1.099862e-25 
2.200000e+00 8.873750e-26 2.092390e-26 1.096614e-25 
2.202000e+00 8.845777e-26 2.084366e-26 1.093014e-25 
2.204000e+00 8.804657e-26 2.074207e-26 1.087886e-25 
2.206000e+00 8.782564e-26 2.068249e-26 1.085081e-25 
2.208000e+00 8.752348e-26 2.057286e-26 1.080963e-25 
2.210000e+00 8.726679e-26 2.050721e-26 1.077740e-25 
2.212000e+00 8.696772e-26 2.044344e-26 1.074112e-25 
2.214000e+00 8.671329e-26 2.036591e-26 1.070792e-25 
2.216000e+00 8.640066e-26 2.027170e-26 1.066724e-25 
2.218000e+00 8.618080e-26 2.018273e-26 1.063635e-25 
2.220000e+00 8.587224e-26 2.011800e-26 1.059902e-25 
2.222000e+00 8.560248e-26 2.004384e-26 1.056463e-25 
2.224000e+00 8.533956e-26 1.993930e-26 1.052789e-25 
2.226000e+00 8.507681e-26 1.987454e-26 1.049514e-25 
2.228000e+00 8.479206e-26 1.975145e-26 1.045435e-25 
2.230000e+00 8.458679e-26 1.968968e-26 1.042765e-25 
2.232000e+00 8.421584e-26 1.962871e-26 1.038446e-25 
2.234000e+00 8.394302e-26 1.954950e-26 1.034925e-25 
2.236000e+00 8.374682e-26 1.949044e-26 1.032373e-25 
2.238000e+00 8.351196e-26 1.942625e-26 1.029382e-25 
2.240000e+00 8.323183e-26 1.935139e-26 1.025832e-25 
2.242000e+00 8.298478e-26 1.929688e-26 1.022817e-25 
2.244000e+00 8.273459e-26 1.920993e-26 1.019445e-25 
2.246000e+00 8.246725e-26 1.914746e-26 1.016147e-25 
2.248000e+00 8.219835e-26 1.911331e-26 1.013117e-25 
2.250000e+00 8.194594e-26 1.901722e-26 1.009632e-25 
2.252000e+00 8.169836e-26 1.897652e-26 1.006749e-25 
2.254000e+00 8.141444e-26 1.889659e-26 1.003110e-25 
2.256000e+00 8.115459e-26 1.884582e-26 1.000004e-25 
2.258000e+00 8.088491e-26 1.879582e-26 9.968072e-26 
2.260000e+00 8.061633e-26 1.870814e-26 9.932447e-26 
2.262000e+00 8.050469e-26 1.860156e-26 9.910624e-26 
2.264000e+00 8.015043e-26 1.853759e-26 9.868803e-26 
2.266000e+00 7.984145e-26 1.846959e-26 9.831104e-26 
2.268000e+00 7.956619e-26 1.835949e-26 9.792568e-26 
2.270000e+00 7.927539e-26 1.830742e-26 9.758280e-26 
2.272000e+00 7.900153e-26 1.823491e-26 9.723644e-26 
2.274000e+00 7.881070e-26 1.817694e-26 9.698764e-26 
2.276000e+00 7.857078e-26 1.810143e-26 9.667221e-26 
2.278000e+00 7.827698e-26 1.804766e-26 9.632464e-26 
2.280000e+00 7.588676e-26 1.797781e-26 9.386457e-26 
2.282000e+00 7.426083e-26 1.793441e-26 9.219524e-26 
2.284000e+00 7.543271e-26 1.785599e-26 9.328870e-26 
2.286000e+00 7.525701e-26 1.782399e-26 9.308100e-26 
2.288000e+00 7.496344e-26 1.775725e-26 9.272069e-26 
2.290000e+00 7.472053e-26 1.769902e-26 9.241956e-26 
2.292000e+00 7.453431e-26 1.764001e-26 9.217432e-26 
2.294000e+00 7.432053e-26 1.758136e-26 9.190189e-26 
2.296000e+00 7.403738e-26 1.756122e-26 9.159860e-26 
2.298000e+00 7.374762e-26 1.747322e-26 9.122083e-26 
2.300000e+00 7.356493e-26 1.744142e-26 9.100635e-26 
2.302000e+00 7.329375e-26 1.738577e-26 9.067952e-26 
2.304000e+00 7.303678e-26 1.732399e-26 9.036076e-26 
2.306000e+00 7.279219e-26 1.727573e-26 9.006792e-26 
2.308000e+00 7.256676e-26 1.722619e-26 8.979296e-26 
2.310000e+00 7.236386e-26 1.715045e-26 8.951430e-26 
2.312000e+00 7.218142e-26 1.707252e-26 8.925394e-26 
2.314000e+00 7.186936e-26 1.706792e-26 8.893728e-26 
2.316000e+00 7.160124e-26 1.696893e-26 8.857017e-26 
2.318000e+00 7.139739e-26 1.694365e-26 8.834104e-26 
2.320000e+00 7.111999e-26 1.687034e-26 8.799033e-26 
2.322000e+00 7.090593e-26 1.685069e-26 8.775662e-26 
2.324000e+00 7.068928e-26 1.680633e-26 8.749560e-26 
2.326000e+00 7.042655e-26 1.678418e-26 8.721073e-26 
2.328000e+00 7.018752e-26 1.674925e-26 8.693677e-26 
2.330000e+00 7.002139e-26 1.664945e-26 8.667084e-26 
2.332000e+00 6.974739e-26 1.661990e-26 8.636729e-26 
2.334000e+00 6.950352e-26 1.658713e-26 8.609065e-26 
2.336000e+00 6.929695e-26 1.653044e-26 8.582738e-26 
2.338000e+00 6.906116e-26 1.649828e-26 8.555944e-26 
2.340000e+00 6.886755e-26 1.645776e-26 8.532531e-26 
2.342000e+00 6.867072e-26 1.640412e-26 8.507484e-26 
2.344000e+00 6.843344e-26 1.634149e-26 8.477493e-26 
2.346000e+00 6.823363e-26 1.632026e-26 8.455389e-26 
2.348000e+00 6.808030e-26 1.620802e-26 8.428832e-26 
2.350000e+00 6.779779e-26 1.621104e-26 8.400884e-26 
2.352000e+00 6.764709e-26 1.614717e-26 8.379427e-26 
2.354000e+00 6.744864e-26 1.608002e-26 8.352867e-26 
2.356000e+00 6.719282e-26 3.208901e-26 9.928183e-26 
2.358000e+00 6.701329e-26 1.598140e-26 8.299469e-26 
2.360000e+00 6.674709e-26 1.593105e-26 8.267814e-26 
2.362000e+00 6.653412e-26 3.185696e-26 9.839108e-26 
2.364000e+00 6.630325e-26 1.584324e-26 8.214649e-26 
2.366000e+00 6.614506e-26 3.166804e-26 9.781310e-26 
2.368000e+00 6.586363e-26 3.154091e-26 9.740454e-26 
2.370000e+00 6.567946e-26 3.149222e-26 9.717168e-26 
2.372000e+00 6.546827e-26 3.139737e-26 9.686563e-26 
2.374000e+00 6.525525e-26 3.132597e-26 9.658122e-26 
2.376000e+00 6.510097e-26 3.119968e-26 9.630065e-26 
2.378000e+00 6.493090e-26 3.120020e-26 9.613110e-26 
2.380000e+00 6.469262e-26 3.102396e-26 9.571658e-26 
2.382000e+00 6.482006e-26 3.096570e-26 9.578576e-26 
2.384000e+00 6.432891e-26 3.084845e-26 9.517735e-26 
2.386000e+00 6.409644e-26 3.076979e-26 9.486622e-26 
2.388000e+00 6.390931e-26 3.067174e-26 9.458104e-26 
2.390000e+00 6.365641e-26 3.065894e-26 9.431535e-26 
2.392000e+00 6.349096e-26 3.049560e-26 9.398657e-26 
2.394000e+00 6.335821e-26 3.040330e-26 9.376151e-26 
2.396000e+00 6.302081e-26 3.030712e-26 9.332793e-26 
2.398000e+00 6.283095e-26 3.025216e-26 9.308311e-26 
2.400000e+00 6.264958e-26 3.014413e-26 9.279371e-26 
2.402000e+00 6.245509e-26 3.008469e-26 9.253978e-26 
2.404000e+00 6.227598e-26 2.999429e-26 9.227028e-26 
2.406000e+00 6.219539e-26 2.987302e-26 9.206841e-26 
2.408000e+00 6.184254e-26 2.980192e-26 9.164446e-26 
2.410000e+00 6.165378e-26 2.973569e-26 9.138947e-26 
2.412000e+00 6.152265e-26 2.963123e-26 9.115388e-26 
2.414000e+00 6.125915e-26 2.956515e-26 9.082431e-26 
2.416000e+00 6.107095e-26 2.948305e-26 9.055400e-26 
2.418000e+00 6.087625e-26 2.938779e-26 9.026404e-26 
2.420000e+00 6.067697e-26 2.919597e-26 8.987294e-26 
2.422000e+00 6.038604e-26 2.919266e-26 8.957869e-26 
2.424000e+00 6.035929e-26 2.912524e-26 8.948453e-26 
2.426000e+00 6.007435e-26 2.904903e-26 8.912338e-26 
2.428000e+00 5.993932e-26 2.898708e-26 8.892640e-26 
2.430000e+00 5.975927e-26 2.890457e-26 8.866384e-26 
2.432000e+00 5.960269e-26 2.882628e-26 8.842898e-26 
2.434000e+00 5.939396e-26 2.871066e-26 8.810462e-26 
2.436000e+00 5.924122e-26 2.865951e-26 8.790074e-26 
2.438000e+00 5.904273e-26 2.858974e-26 8.763247e-26 
2.440000e+00 5.887132e-26 2.847607e-26 8.734739e-26 
2.442000e+00 5.870833e-26 2.840480e-26 8.711313e-26 
2.444000e+00 5.852783e-26 2.835219e-26 8.688003e-26 
2.446000e+00 5.831283e-26 2.822656e-26 8.653940e-26 
2.448000e+00 5.810818e-26 2.817712e-26 8.628530e-26 
2.450000e+00 5.794152e-26 2.807774e-26 8.601926e-26 
2.452000e+00 5.778488e-26 2.798302e-26 8.576790e-26 
2.454000e+00 5.759021e-26 2.793043e-26 8.552064e-26 
2.456000e+00 5.741830e-26 2.784616e-26 8.526446e-26 
2.458000e+00 5.723953e-26 2.772584e-26 8.496537e-26 
2.460000e+00 5.709965e-26 2.768851e-26 8.478816e-26 
2.462000e+00 5.690196e-26 2.764322e-26 8.454518e-26 
2.464000e+00 5.673662e-26 2.754212e-26 8.427875e-26 
2.466000e+00 5.657636e-26 2.743702e-26 8.401339e-26 
2.468000e+00 5.639941e-26 2.739622e-26 8.379563e-26 
2.470000e+00 5.627891e-26 2.732607e-26 8.360497e-26 
2.472000e+00 5.608029e-26 2.724678e-26 8.332707e-26 
2.474000e+00 5.591806e-26 2.716659e-26 8.308465e-26 
2.476000e+00 5.568082e-26 2.709999e-26 8.278082e-26 
2.478000e+00 5.553563e-26 2.701126e-26 8.254689e-26 
2.480000e+00 5.535333e-26 2.696502e-26 8.231834e-26 
2.482000e+00 5.516972e-26 2.688156e-26 8.205128e-26 
2.484000e+00 5.500150e-26 2.682952e-26 8.183102e-26 
2.486000e+00 5.488521e-26 2.671899e-26 8.160421e-26 
2.488000e+00 5.470653e-26 2.662443e-26 8.133096e-26 
2.490000e+00 5.451552e-26 2.657534e-26 8.109085e-26 
2.492000e+00 5.449343e-26 1.466742e-26 6.916085e-26 
2.494000e+00 5.415178e-26 1.461953e-26 6.877131e-26 
2.496000e+00 5.397237e-26 1.455964e-26 6.853201e-26 
2.498000e+00 5.380443e-26 1.451256e-26 6.831699e-26 
2.500000e+00 5.362453e-26 1.448339e-26 6.810793e-26 
2.502000e+00 5.345874e-26 1.444275e-26 6.790150e-26 
2.504000e+00 5.330775e-26 1.441455e-26 6.772229e-26 
2.506000e+00 5.312449e-26 1.436504e-26 6.748953e-26 
2.508000e+00 5.302386e-26 1.430224e-26 6.732610e-26 
2.510000e+00 5.284318e-26 1.429572e-26 6.713890e-26 
2.512000e+00 5.268489e-26 1.425062e-26 6.693551e-26 
2.514000e+00 5.253079e-26 1.423013e-26 6.676092e-26 
2.516000e+00 5.238980e-26 1.417430e-26 6.656410e-26 
2.518000e+00 5.220885e-26 1.410447e-26 6.631332e-26 
2.520000e+00 5.205044e-26 1.408043e-26 6.613087e-26 
2.522000e+00 5.184026e-26 1.403597e-26 6.587623e-26 
2.524000e+00 5.123832e-26 1.399747e-26 6.523580e-26 
2.526000e+00 5.161538e-26 1.394794e-26 6.556331e-26 
2.528000e+00 5.144522e-26 1.392662e-26 6.537185e-26 
2.530000e+00 5.127968e-26 1.395792e-26 6.523761e-26 
2.532000e+00 5.116764e-26 1.384668e-26 6.501432e-26 
2.534000e+00 5.097895e-26 1.381898e-26 6.479793e-26 
2.536000e+00 5.080208e-26 1.376494e-26 6.456702e-26 
2.538000e+00 5.217513e-26 1.371388e-26 6.588900e-26 
2.540000e+00 5.049186e-26 1.366086e-26 6.415273e-26 
2.542000e+00 5.035505e-26 1.363505e-26 6.399010e-26 
2.544000e+00 5.021992e-26 1.361577e-26 6.383569e-26 
2.546000e+00 5.007704e-26 1.357397e-26 6.365101e-26 
2.548000e+00 4.989977e-26 1.353603e-26 6.343580e-26 
2.550000e+00 4.981233e-26 1.349135e-26 6.330368e-26 
2.552000e+00 4.962901e-26 1.346988e-26 6.309889e-26 
2.554000e+00 4.946906e-26 1.341687e-26 6.288593e-26 
2.556000e+00 4.938074e-26 1.340078e-26 6.278152e-26 
2.558000e+00 4.922078e-26 1.334621e-26 6.256699e-26 
2.560000e+00 4.907274e-26 1.331740e-26 6.239014e-26 
2.562000e+00 4.905800e-26 1.328405e-26 6.234205e-26 
2.564000e+00 4.879266e-26 1.323105e-26 6.202371e-26 
2.566000e+00 4.865033e-26 1.320725e-26 6.185758e-26 
2.568000e+00 4.849917e-26 1.317222e-26 6.167139e-26 
2.570000e+00 4.838184e-26 1.313844e-26 6.152029e-26 
2.572000e+00 4.824890e-26 1.308988e-26 6.133877e-26 
2.574000e+00 4.806678e-26 1.307622e-26 6.114300e-26 
2.576000e+00 4.790364e-26 1.304855e-26 6.095218e-26 
2.578000e+00 4.765641e-26 1.300210e-26 6.065851e-26 
2.580000e+00 4.763333e-26 1.298123e-26 6.061455e-26 
2.582000e+00 4.746000e-26 1.292617e-26 6.038616e-26 
2.584000e+00 4.728669e-26 1.289758e-26 6.018427e-26 
2.586000e+00 4.722980e-26 1.285677e-26 6.008657e-26 
2.588000e+00 4.700164e-26 1.281771e-26 5.981935e-26 
2.590000e+00 4.683368e-26 1.277831e-26 5.961199e-26 
2.592000e+00 4.671389e-26 1.273159e-26 5.944548e-26 
2.594000e+00 4.656948e-26 1.271539e-26 5.928487e-26 
2.596000e+00 4.645408e-26 1.268108e-26 5.913516e-26 
2.598000e+00 4.632040e-26 1.266389e-26 5.898429e-26 
2.600000e+00 4.614691e-26 1.263821e-26 5.878512e-26 
2.602000e+00 4.605048e-26 1.259253e-26 5.864301e-26 
2.604000e+00 4.587975e-26 1.257637e-26 5.845612e-26 
2.606000e+00 4.581373e-26 1.252570e-26 5.833943e-26 
2.608000e+00 4.564159e-26 1.250980e-26 5.815139e-26 
2.610000e+00 4.550065e-26 1.247136e-26 5.797201e-26 
2.612000e+00 4.543024e-26 1.244730e-26 5.787753e-26 
2.614000e+00 4.526863e-26 1.240352e-26 5.767214e-26 
2.616000e+00 4.512321e-26 1.238344e-26 5.750665e-26 
2.618000e+00 4.496950e-26 1.236470e-26 5.733421e-26 
2.620000e+00 4.486783e-26 1.231869e-26 5.718653e-26 
2.622000e+00 4.477363e-26 1.230119e-26 5.707482e-26 
2.624000e+00 4.462524e-26 1.226232e-26 5.688756e-26 
2.626000e+00 4.446709e-26 1.222605e-26 5.669314e-26 
2.628000e+00 4.435184e-26 1.219361e-26 5.654545e-26 
2.630000e+00 4.419996e-26 1.214209e-26 5.634205e-26 
2.632000e+00 4.408413e-26 1.212394e-26 5.620806e-26 
2.634000e+00 4.392004e-26 1.209969e-26 5.601973e-26 
2.636000e+00 4.378933e-26 1.205639e-26 5.584572e-26 
2.638000e+00 4.367740e-26 1.202628e-26 5.570368e-26 
2.640000e+00 4.356505e-26 1.199483e-26 5.555989e-26 
2.642000e+00 4.343966e-26 1.196168e-26 5.540135e-26 
2.644000e+00 4.334787e-26 1.193459e-26 5.528246e-26 
2.646000e+00 4.318773e-26 1.190612e-26 5.509385e-26 
2.648000e+00 4.310359e-26 1.187042e-26 5.497400e-26 
2.650000e+00 4.300195e-26 1.184789e-26 5.484984e-26 
2.652000e+00 4.282703e-26 1.181151e-26 5.463854e-26 
2.654000e+00 4.276700e-26 1.179145e-26 5.455845e-26 
2.656000e+00 4.258151e-26 1.177571e-26 5.435723e-26 
2.658000e+00 4.250955e-26 1.174133e-26 5.425089e-26 
2.660000e+00 4.237199e-26 1.170687e-26 5.407886e-26 
2.662000e+00 4.225337e-26 1.167540e-26 5.392877e-26 
2.664000e+00 4.211482e-26 1.166806e-26 5.378289e-26 
2.666000e+00 4.202660e-26 1.162078e-26 5.364738e-26 
2.668000e+00 4.186341e-26 1.160900e-26 5.347241e-26 
2.670000e+00 4.175699e-26 1.155998e-26 5.331697e-26 
2.672000e+00 4.160802e-26 1.154701e-26 5.315503e-26 
2.674000e+00 4.150699e-26 1.153247e-26 5.303946e-26 
2.676000e+00 4.136460e-26 1.148444e-26 5.284905e-26 
2.678000e+00 4.126330e-26 1.144624e-26 5.270954e-26 
2.680000e+00 4.113906e-26 1.142388e-26 5.256294e-26 
2.682000e+00 4.097088e-26 1.137663e-26 5.234752e-26 
2.684000e+00 4.088972e-26 1.137076e-26 5.226049e-26 
2.686000e+00 4.076658e-26 1.133922e-26 5.210579e-26 
2.688000e+00 4.061398e-26 1.133467e-26 5.194866e-26 
2.690000e+00 4.050889e-26 1.126961e-26 5.177850e-26 
2.692000e+00 4.035096e-26 1.126032e-26 5.161128e-26 
2.694000e+00 4.027598e-26 1.122918e-26 5.150516e-26 
2.696000e+00 4.017015e-26 1.119114e-26 5.136129e-26 
2.698000e+00 3.994300e-26 1.119111e-26 5.113412e-26 
2.700000e+00 3.993366e-26 1.115050e-26 5.108416e-26 
2.702000e+00 3.995906e-26 1.122286e-26 5.118193e-26 
2.704000e+00 3.979594e-26 1.113039e-26 5.092633e-26 
2.706000e+00 3.969827e-26 1.108429e-26 5.078256e-26 
2.708000e+00 3.961812e-26 1.106018e-26 5.067829e-26 
2.710000e+00 3.950429e-26 1.103556e-26 5.053984e-26 
2.712000e+00 3.936389e-26 1.100802e-26 5.037190e-26 
2.714000e+00 3.931362e-26 1.097692e-26 5.029054e-26 
2.716000e+00 3.917270e-26 1.097801e-26 5.015071e-26 
2.718000e+00 3.908135e-26 1.094001e-26 5.002136e-26 
2.720000e+00 3.899390e-26 1.090579e-26 4.989969e-26 
2.722000e+00 3.884979e-26 1.088277e-26 4.973256e-26 
2.724000e+00 3.875634e-26 1.085802e-26 4.961436e-26 
2.726000e+00 3.868463e-26 1.082646e-26 4.951110e-26 
2.728000e+00 3.850012e-26 1.082198e-26 4.932210e-26 
2.730000e+00 3.840462e-26 1.079046e-26 4.919508e-26 
2.732000e+00 3.831899e-26 1.074889e-26 4.906788e-26 
2.734000e+00 3.821681e-26 1.072515e-26 4.894196e-26 
2.736000e+00 3.806518e-26 1.059990e-26 4.866508e-26 
2.738000e+00 3.796492e-26 1.069009e-26 4.865501e-26 
2.740000e+00 3.786590e-26 1.065990e-26 4.852580e-26 
2.742000e+00 3.778624e-26 1.061001e-26 4.839626e-26 
2.744000e+00 3.768735e-26 1.058554e-26 4.827289e-26 
2.746000e+00 3.753801e-26 1.056661e-26 4.810462e-26 
2.748000e+00 3.744387e-26 1.054745e-26 4.799132e-26 
2.750000e+00 3.735123e-26 1.051120e-26 4.786244e-26 
2.752000e+00 3.720964e-26 1.049911e-26 4.770875e-26 
2.754000e+00 3.711950e-26 1.046336e-26 4.758286e-26 
2.756000e+00 3.700275e-26 1.045344e-26 4.745619e-26 
2.758000e+00 3.694872e-26 1.043980e-26 4.738852e-26 
2.760000e+00 3.681908e-26 1.039817e-26 4.721725e-26 
2.762000e+00 3.671617e-26 1.039125e-26 4.710742e-26 
2.764000e+00 3.658855e-26 1.037234e-26 4.696088e-26 
2.766000e+00 3.651409e-26 1.034501e-26 4.685910e-26 
2.768000e+00 3.641978e-26 1.032771e-26 4.674750e-26 
2.770000e+00 3.631431e-26 1.030822e-26 4.662253e-26 
2.772000e+00 3.623351e-26 1.028512e-26 4.651863e-26 
2.774000e+00 3.612407e-26 1.024940e-26 4.637347e-26 
2.776000e+00 3.599010e-26 1.023215e-26 4.622225e-26 
2.778000e+00 3.590422e-26 1.020028e-26 4.610450e-26 
2.780000e+00 3.581825e-26 1.019381e-26 4.601206e-26 
2.782000e+00 3.572183e-26 1.017260e-26 4.589443e-26 
2.784000e+00 3.562417e-26 1.015378e-26 4.577796e-26 
2.786000e+00 3.554565e-26 1.010950e-26 4.565515e-26 
2.788000e+00 3.545603e-26 1.010420e-26 4.556024e-26 
2.790000e+00 3.536251e-26 1.006736e-26 4.542987e-26 
2.792000e+00 3.522434e-26 1.003045e-26 4.525480e-26 
2.794000e+00 3.512345e-26 1.001941e-26 4.514286e-26 
2.796000e+00 3.504365e-26 9.998033e-27 4.504169e-26 
2.798000e+00 3.494312e-26 9.993451e-27 4.493657e-26 
2.800000e+00 3.485849e-26 9.969394e-27 4.482789e-26 
2.802000e+00 3.476373e-26 9.951041e-27 4.471478e-26 
2.804000e+00 3.466667e-26 9.923547e-27 4.459021e-26 
2.806000e+00 3.461976e-26 9.905345e-27 4.452510e-26 
2.808000e+00 3.450297e-26 9.864438e-27 4.436741e-26 
2.810000e+00 3.434901e-26 9.859645e-27 4.420866e-26 
2.812000e+00 3.426778e-26 9.842261e-27 4.411004e-26 
2.814000e+00 3.418078e-26 9.824338e-27 4.400512e-26 
2.816000e+00 3.409940e-26 9.810129e-27 4.390953e-26 
2.818000e+00 3.418207e-26 9.773673e-27 4.395574e-26 
2.820000e+00 3.392270e-26 9.761757e-27 4.368445e-26 
2.822000e+00 3.382278e-26 9.725519e-27 4.354830e-26 
2.824000e+00 3.373398e-26 9.707858e-27 4.344184e-26 
2.826000e+00 3.365097e-26 9.635300e-27 4.328627e-26 
2.828000e+00 3.354712e-26 9.677201e-27 4.322433e-26 
2.830000e+00 3.341024e-26 9.644763e-27 4.305500e-26 
2.832000e+00 3.332953e-26 9.626595e-27 4.295613e-26 
2.834000e+00 3.324018e-26 9.603126e-27 4.284331e-26 
2.836000e+00 3.314861e-26 9.581509e-27 4.273012e-26 
2.838000e+00 3.305984e-26 9.652554e-27 4.271239e-26 
2.840000e+00 3.299144e-26 9.548585e-27 4.254002e-26 
2.842000e+00 3.287201e-26 9.538913e-27 4.241092e-26 
2.844000e+00 3.278445e-26 9.490919e-27 4.227537e-26 
2.846000e+00 3.269668e-26 9.487979e-27 4.218465e-26 
2.848000e+00 3.261054e-26 9.453163e-27 4.206370e-26 
2.850000e+00 3.251078e-26 9.441690e-27 4.195247e-26 
2.852000e+00 3.247211e-26 9.417885e-27 4.188999e-26 
2.854000e+00 3.228541e-26 9.403571e-27 4.168898e-26 
2.856000e+00 3.225686e-26 9.368245e-27 4.162510e-26 
2.858000e+00 3.217643e-26 9.357005e-27 4.153343e-26 
2.860000e+00 3.207764e-26 1.064724e-26 4.272488e-26 
2.862000e+00 3.197953e-26 9.324570e-27 4.130410e-26 
2.864000e+00 3.189975e-26 9.324048e-27 4.122380e-26 
2.866000e+00 3.181579e-26 9.293306e-27 4.110909e-26 
2.868000e+00 3.172150e-26 9.280633e-27 4.100213e-26 
2.870000e+00 3.164332e-26 9.239404e-27 4.088273e-26 
2.872000e+00 3.155118e-26 9.239146e-27 4.079032e-26 
2.874000e+00 3.151442e-26 9.217477e-27 4.073190e-26 
2.876000e+00 3.142810e-26 9.198787e-27 4.062688e-26 
2.878000e+00 3.133933e-26 9.177281e-27 4.051661e-26 
2.880000e+00 3.123041e-26 9.179945e-27 4.041035e-26 
2.882000e+00 3.116280e-26 9.139409e-27 4.030221e-26 
2.884000e+00 3.107811e-26 9.124367e-27 4.020248e-26 
2.886000e+00 3.099364e-26 9.110385e-27 4.010402e-26 
2.888000e+00 3.089451e-26 9.067023e-27 3.996153e-26 
2.890000e+00 3.078046e-26 9.069612e-27 3.985007e-26 
2.892000e+00 3.073135e-26 9.052431e-27 3.978378e-26 
2.894000e+00 3.070553e-26 9.022194e-27 3.972773e-26 
2.896000e+00 3.061895e-26 9.011475e-27 3.963042e-26 
2.898000e+00 3.053428e-26 8.994831e-27 3.952911e-26 
2.900000e+00 3.052689e-26 8.974981e-27 3.950187e-26 
2.902000e+00 3.037096e-26 8.950308e-27 3.932127e-26 
2.904000e+00 3.028533e-26 8.945847e-27 3.923118e-26 
2.906000e+00 3.018654e-26 8.917642e-27 3.910419e-26 
2.908000e+00 3.010066e-26 8.906287e-27 3.900695e-26 
2.910000e+00 3.005935e-26 8.882391e-27 3.894174e-26 
2.912000e+00 2.997573e-26 8.863991e-27 3.883972e-26 
2.914000e+00 2.989009e-26 8.859019e-27 3.874911e-26 
2.916000e+00 2.981244e-26 8.839756e-27 3.865220e-26 
2.918000e+00 2.972801e-26 8.817451e-27 3.854546e-26 
2.920000e+00 2.964022e-26 8.823814e-27 3.846403e-26 
2.922000e+00 2.954366e-26 8.790157e-27 3.833382e-26 
2.924000e+00 2.945635e-26 8.778172e-27 3.823453e-26 
2.926000e+00 2.945441e-26 8.774882e-27 3.822929e-26 
2.928000e+00 2.935042e-26 8.736605e-27 3.808703e-26 
2.930000e+00 2.926174e-26 8.734910e-27 3.799665e-26 
2.932000e+00 2.918135e-26 8.715682e-27 3.789703e-26 
2.934000e+00 2.910030e-26 8.683062e-27 3.778336e-26 
2.936000e+00 2.901902e-26 8.681032e-27 3.770005e-26 
2.938000e+00 2.890900e-26 8.669772e-27 3.757877e-26 
2.940000e+00 2.887773e-26 8.626640e-27 3.750437e-26 
2.942000e+00 2.879739e-26 8.623588e-27 3.742097e-26 
2.944000e+00 2.871884e-26 8.607051e-27 3.732589e-26 
2.946000e+00 2.862993e-26 8.574975e-27 3.720491e-26 
2.948000e+00 2.852214e-26 8.569223e-27 3.709136e-26 
2.950000e+00 2.836608e-26 8.550949e-27 3.691703e-26 
2.952000e+00 2.838588e-26 8.519188e-27 3.690507e-26 
2.954000e+00 2.833583e-26 8.513889e-27 3.684972e-26 
2.956000e+00 2.825788e-26 8.488523e-27 3.674640e-26 
2.958000e+00 2.816502e-26 8.484903e-27 3.664992e-26 
2.960000e+00 2.808026e-26 8.458350e-27 3.653862e-26 
2.962000e+00 2.803964e-26 8.446105e-27 3.648575e-26 
2.964000e+00 2.799598e-26 8.430999e-27 3.642697e-26 
2.966000e+00 2.788391e-26 8.400573e-27 3.628448e-26 
2.968000e+00 2.783877e-26 8.409243e-27 3.624801e-26 
2.970000e+00 2.775609e-26 8.400889e-27 3.615698e-26 
2.972000e+00 2.766985e-26 8.392616e-27 3.606247e-26 
2.974000e+00 2.759015e-26 8.359929e-27 3.595008e-26 
2.976000e+00 2.025232e-26 8.353006e-27 2.860533e-26 
2.978000e+00 2.745529e-26 8.334518e-27 3.578981e-26 
2.980000e+00 2.739359e-26 8.318098e-27 3.571169e-26 
2.982000e+00 2.730376e-26 8.300271e-27 3.560403e-26 
2.984000e+00 2.723925e-26 8.286431e-27 3.552568e-26 
2.986000e+00 2.720923e-26 8.275867e-27 3.548510e-26 
2.988000e+00 2.711029e-26 8.248095e-27 3.535839e-26 
2.990000e+00 2.702007e-26 8.235175e-27 3.525524e-26 
2.992000e+00 2.700875e-26 8.226028e-27 3.523478e-26 
2.994000e+00 2.693011e-26 8.196271e-27 3.512638e-26 
2.996000e+00 2.682049e-26 8.211849e-27 3.503234e-26 
2.998000e+00 2.675139e-26 8.178342e-27 3.492973e-26 
