1.000000e-01 1.802130e-22 1.348319e-22 3.150450e-22 
1.020000e-01 1.797999e-22 1.335495e-22 3.133494e-22 
1.040000e-01 1.788532e-22 1.322009e-22 3.110542e-22 
1.060000e-01 1.774971e-22 1.309840e-22 3.084811e-22 
1.080000e-01 1.756696e-22 1.296974e-22 3.053669e-22 
1.100000e-01 1.731906e-22 1.283471e-22 3.015377e-22 
1.120000e-01 1.696588e-22 1.270871e-22 2.967459e-22 
1.140000e-01 1.638004e-22 1.257541e-22 2.895545e-22 
1.160000e-01 1.468760e-22 1.243550e-22 2.712310e-22 
1.180000e-01 1.614392e-22 1.230924e-22 2.845316e-22 
1.200000e-01 1.671132e-22 1.217888e-22 2.889021e-22 
1.220000e-01 1.698677e-22 1.204030e-22 2.902707e-22 
1.240000e-01 1.715984e-22 1.190973e-22 2.906957e-22 
1.260000e-01 1.727091e-22 1.177630e-22 2.904721e-22 
1.280000e-01 1.735792e-22 1.164225e-22 2.900017e-22 
1.300000e-01 1.741939e-22 1.150874e-22 2.892813e-22 
1.320000e-01 1.746427e-22 1.137545e-22 2.883972e-22 
1.340000e-01 1.749620e-22 1.124066e-22 2.873686e-22 
1.360000e-01 1.751661e-22 1.110862e-22 2.862523e-22 
1.380000e-01 1.752728e-22 1.097230e-22 2.849958e-22 
1.400000e-01 1.752904e-22 1.084042e-22 2.836947e-22 
1.420000e-01 1.752632e-22 1.070292e-22 2.822924e-22 
1.440000e-01 1.751609e-22 1.056723e-22 2.808332e-22 
1.460000e-01 1.749879e-22 1.043062e-22 2.792941e-22 
1.480000e-01 1.747438e-22 1.029590e-22 2.777028e-22 
1.500000e-01 1.744487e-22 1.015975e-22 2.760462e-22 
1.520000e-01 1.740986e-22 1.002058e-22 2.743044e-22 
1.540000e-01 1.736608e-22 9.886655e-23 2.725273e-22 
1.560000e-01 1.731433e-22 9.749778e-23 2.706411e-22 
1.580000e-01 1.725254e-22 9.608636e-23 2.686117e-22 
1.600000e-01 1.718140e-22 9.473559e-23 2.665496e-22 
1.620000e-01 1.709511e-22 9.333794e-23 2.642890e-22 
1.640000e-01 1.697663e-22 9.060612e-23 2.603725e-22 
1.660000e-01 1.678308e-22 8.925761e-23 2.570884e-22 
1.680000e-01 1.627080e-22 8.792484e-23 2.506328e-22 
1.700000e-01 1.643861e-22 8.660065e-23 2.509867e-22 
1.720000e-01 1.661820e-22 8.525167e-23 2.514336e-22 
1.740000e-01 1.668918e-22 8.389592e-23 2.507878e-22 
1.760000e-01 1.672534e-22 8.254012e-23 2.497936e-22 
1.780000e-01 1.674635e-22 8.118152e-23 2.486450e-22 
1.800000e-01 1.675790e-22 7.981667e-23 2.473957e-22 
1.820000e-01 1.676329e-22 7.844623e-23 2.460792e-22 
1.840000e-01 1.676546e-22 7.706937e-23 2.447239e-22 
1.860000e-01 1.676485e-22 7.569728e-23 2.433458e-22 
1.880000e-01 1.676339e-22 7.429673e-23 2.419306e-22 
1.900000e-01 1.676121e-22 7.290272e-23 2.405148e-22 
1.920000e-01 1.676364e-22 7.150370e-23 2.391401e-22 
1.940000e-01 1.677913e-22 7.012007e-23 2.379114e-22 
1.960000e-01 1.681904e-22 6.871281e-23 2.369032e-22 
1.980000e-01 1.695719e-22 6.731528e-23 2.368872e-22 
2.000000e-01 1.725644e-22 6.591119e-23 2.384756e-22 
2.020000e-01 1.696580e-22 6.451896e-23 2.341769e-22 
2.040000e-01 1.683040e-22 6.313110e-23 2.314351e-22 
2.060000e-01 1.672530e-22 6.169714e-23 2.289501e-22 
2.080000e-01 1.663389e-22 6.026897e-23 2.266079e-22 
2.100000e-01 1.654814e-22 5.883008e-23 2.243114e-22 
2.120000e-01 1.646592e-22 5.735065e-23 2.220098e-22 
2.140000e-01 1.638713e-22 5.585587e-23 2.197272e-22 
2.160000e-01 1.630952e-22 5.434903e-23 2.174442e-22 
2.180000e-01 1.623218e-22 5.279890e-23 2.151207e-22 
2.200000e-01 1.615933e-22 5.129907e-23 2.128924e-22 
2.220000e-01 1.608745e-22 4.979722e-23 2.106717e-22 
2.240000e-01 1.601242e-22 4.829232e-23 2.084165e-22 
2.260000e-01 1.593608e-22 4.676055e-23 2.061214e-22 
2.280000e-01 1.585593e-22 4.516177e-23 2.037211e-22 
2.300000e-01 1.577645e-22 4.358428e-23 2.013488e-22 
2.320000e-01 1.569752e-22 4.196869e-23 1.989439e-22 
2.340000e-01 1.561614e-22 4.031724e-23 1.964787e-22 
2.360000e-01 1.553476e-22 3.865839e-23 1.940060e-22 
2.380000e-01 1.545186e-22 3.697051e-23 1.914891e-22 
2.400000e-01 1.536631e-22 3.554954e-23 1.892127e-22 
2.420000e-01 1.528293e-22 3.439144e-23 1.872208e-22 
2.440000e-01 1.519755e-22 3.328103e-23 1.852566e-22 
2.460000e-01 1.511399e-22 3.190770e-23 1.830476e-22 
2.480000e-01 1.503109e-22 3.033629e-23 1.806472e-22 
2.500000e-01 1.494802e-22 2.854978e-23 1.780300e-22 
2.520000e-01 1.486484e-22 2.643103e-23 1.750794e-22 
2.540000e-01 1.477995e-22 2.414910e-23 1.719485e-22 
2.560000e-01 1.469571e-22 2.173652e-23 1.686936e-22 
2.580000e-01 1.461010e-22 1.909890e-23 1.651999e-22 
2.600000e-01 1.452458e-22 1.592007e-23 1.611659e-22 
2.620000e-01 1.443763e-22 1.231650e-23 1.566928e-22 
2.640000e-01 1.435009e-22 8.343234e-24 1.518442e-22 
2.660000e-01 1.426351e-22 4.842969e-24 1.474781e-22 
2.680000e-01 1.417562e-22 2.088650e-24 1.438449e-22 
2.700000e-01 1.408930e-22 4.298403e-25 1.413229e-22 
2.720000e-01 1.400174e-22 3.608917e-25 1.403783e-22 
2.740000e-01 1.391603e-22 2.241253e-24 1.414016e-22 
2.760000e-01 1.383076e-22 6.493718e-24 1.448013e-22 
2.780000e-01 1.374625e-22 1.090365e-23 1.483662e-22 
2.800000e-01 1.366070e-22 2.217659e-23 1.587836e-22 
2.820000e-01 1.357358e-22 2.668994e-23 1.624257e-22 
2.840000e-01 1.348464e-22 2.512456e-23 1.599709e-22 
2.860000e-01 1.339660e-22 2.360324e-23 1.575692e-22 
2.880000e-01 1.330646e-22 2.272109e-23 1.557857e-22 
2.900000e-01 1.321670e-22 2.244311e-23 1.546102e-22 
2.920000e-01 1.312470e-22 2.265602e-23 1.539030e-22 
2.940000e-01 1.303330e-22 2.329076e-23 1.536238e-22 
2.960000e-01 1.294086e-22 2.414037e-23 1.535490e-22 
2.980000e-01 1.284931e-22 2.518998e-23 1.536830e-22 
3.000000e-01 1.275635e-22 2.618313e-23 1.537467e-22 
3.020000e-01 1.266316e-22 2.696402e-23 1.535956e-22 
3.040000e-01 1.256865e-22 2.749111e-23 1.531776e-22 
3.060000e-01 1.247511e-22 2.800848e-23 1.527595e-22 
3.080000e-01 1.238014e-22 2.847126e-23 1.522727e-22 
3.100000e-01 1.228598e-22 2.875846e-23 1.516183e-22 
3.120000e-01 1.219042e-22 2.899663e-23 1.509009e-22 
3.140000e-01 1.209510e-22 2.907138e-23 1.500223e-22 
3.160000e-01 1.199895e-22 2.903368e-23 1.490232e-22 
3.180000e-01 1.190303e-22 2.885771e-23 1.478880e-22 
3.200000e-01 1.180707e-22 2.875926e-23 1.468300e-22 
3.220000e-01 1.171092e-22 2.870998e-23 1.458191e-22 
3.240000e-01 1.161521e-22 2.878168e-23 1.449338e-22 
3.260000e-01 1.151844e-22 2.889199e-23 1.440764e-22 
3.280000e-01 1.142263e-22 2.896905e-23 1.431954e-22 
3.300000e-01 1.132638e-22 2.904998e-23 1.423138e-22 
3.320000e-01 1.123160e-22 2.910008e-23 1.414161e-22 
3.340000e-01 1.113753e-22 2.914924e-23 1.405245e-22 
3.360000e-01 1.104385e-22 2.916161e-23 1.396001e-22 
3.380000e-01 1.094971e-22 2.916921e-23 1.386663e-22 
3.400000e-01 1.085558e-22 2.915220e-23 1.377080e-22 
3.420000e-01 1.076173e-22 2.914243e-23 1.367597e-22 
3.440000e-01 1.066635e-22 2.914400e-23 1.358075e-22 
3.460000e-01 1.057262e-22 2.914268e-23 1.348688e-22 
3.480000e-01 1.047729e-22 2.912807e-23 1.339010e-22 
3.500000e-01 1.038194e-22 2.911229e-23 1.329317e-22 
3.520000e-01 1.028694e-22 2.907286e-23 1.319423e-22 
3.540000e-01 1.019082e-22 2.903654e-23 1.309448e-22 
3.560000e-01 1.009643e-22 2.899134e-23 1.299556e-22 
3.580000e-01 1.000131e-22 2.894420e-23 1.289573e-22 
3.600000e-01 9.907076e-23 2.887837e-23 1.279491e-22 
3.620000e-01 9.812977e-23 2.881423e-23 1.269440e-22 
3.640000e-01 9.718957e-23 2.875022e-23 1.259398e-22 
3.660000e-01 9.625711e-23 2.868746e-23 1.249446e-22 
3.680000e-01 9.532080e-23 2.860987e-23 1.239307e-22 
3.700000e-01 9.439173e-23 2.853356e-23 1.229253e-22 
3.720000e-01 9.346125e-23 2.845627e-23 1.219175e-22 
3.740000e-01 9.252524e-23 2.838001e-23 1.209052e-22 
3.760000e-01 9.159523e-23 2.829133e-23 1.198866e-22 
3.780000e-01 9.065644e-23 2.819929e-23 1.188557e-22 
3.800000e-01 8.971535e-23 2.809576e-23 1.178111e-22 
3.820000e-01 8.878120e-23 2.798693e-23 1.167681e-22 
3.840000e-01 8.783335e-23 2.787737e-23 1.157107e-22 
3.860000e-01 8.690211e-23 2.777017e-23 1.146723e-22 
3.880000e-01 8.597508e-23 2.765886e-23 1.136339e-22 
3.900000e-01 8.504850e-23 2.754683e-23 1.125953e-22 
3.920000e-01 8.412938e-23 2.743545e-23 1.115648e-22 
3.940000e-01 8.321233e-23 2.732351e-23 1.105358e-22 
3.960000e-01 8.230677e-23 2.721141e-23 1.095182e-22 
3.980000e-01 8.140789e-23 2.709683e-23 1.085047e-22 
4.000000e-01 8.051245e-23 2.697931e-23 1.074918e-22 
4.020000e-01 7.962716e-23 2.685727e-23 1.064844e-22 
4.040000e-01 7.874487e-23 2.672748e-23 1.054724e-22 
4.060000e-01 7.785901e-23 2.659895e-23 1.044580e-22 
4.080000e-01 7.698045e-23 2.647179e-23 1.034522e-22 
4.100000e-01 7.610255e-23 2.634594e-23 1.024485e-22 
4.120000e-01 7.522832e-23 2.621672e-23 1.014450e-22 
4.140000e-01 7.436574e-23 2.608723e-23 1.004530e-22 
4.160000e-01 7.350340e-23 2.595809e-23 9.946149e-23 
4.180000e-01 7.263796e-23 2.582886e-23 9.846682e-23 
4.200000e-01 7.179071e-23 2.569939e-23 9.749010e-23 
4.220000e-01 7.093635e-23 2.556784e-23 9.650419e-23 
4.240000e-01 7.008685e-23 2.543707e-23 9.552392e-23 
4.260000e-01 6.924491e-23 2.530274e-23 9.454765e-23 
4.280000e-01 6.840831e-23 2.516679e-23 9.357510e-23 
4.300000e-01 6.757898e-23 2.504470e-23 9.262368e-23 
4.320000e-01 6.675645e-23 2.489233e-23 9.164878e-23 
4.340000e-01 6.593201e-23 2.475641e-23 9.068843e-23 
4.360000e-01 6.511526e-23 2.462137e-23 8.973663e-23 
4.380000e-01 6.429927e-23 2.448934e-23 8.878861e-23 
4.400000e-01 6.348706e-23 2.435584e-23 8.784289e-23 
4.420000e-01 6.268365e-23 2.421130e-23 8.689495e-23 
4.440000e-01 6.188835e-23 2.406903e-23 8.595738e-23 
4.460000e-01 6.109248e-23 2.392703e-23 8.501951e-23 
4.480000e-01 6.030080e-23 2.378725e-23 8.408805e-23 
4.500000e-01 5.952004e-23 2.364841e-23 8.316845e-23 
4.520000e-01 5.873845e-23 2.349563e-23 8.223408e-23 
4.540000e-01 5.795881e-23 2.334154e-23 8.130035e-23 
4.560000e-01 5.718822e-23 2.319012e-23 8.037834e-23 
4.580000e-01 5.642188e-23 2.303962e-23 7.946150e-23 
4.600000e-01 5.565540e-23 2.288968e-23 7.854508e-23 
4.620000e-01 5.490127e-23 2.274182e-23 7.764309e-23 
4.640000e-01 5.414755e-23 2.259414e-23 7.674169e-23 
4.660000e-01 5.339574e-23 2.244596e-23 7.584170e-23 
4.680000e-01 5.264929e-23 2.230202e-23 7.495131e-23 
4.700000e-01 5.190773e-23 2.215714e-23 7.406487e-23 
4.720000e-01 5.116227e-23 2.201063e-23 7.317290e-23 
4.740000e-01 5.042343e-23 2.185753e-23 7.228096e-23 
4.760000e-01 4.968707e-23 2.170464e-23 7.139171e-23 
4.780000e-01 4.895493e-23 2.155320e-23 7.050813e-23 
4.800000e-01 4.822354e-23 2.139964e-23 6.962318e-23 
4.820000e-01 4.749597e-23 2.124577e-23 6.874173e-23 
4.840000e-01 4.677002e-23 2.109334e-23 6.786336e-23 
4.860000e-01 4.604207e-23 2.094113e-23 6.698319e-23 
4.880000e-01 4.531651e-23 2.078885e-23 6.610535e-23 
4.900000e-01 4.459173e-23 2.063325e-23 6.522498e-23 
4.920000e-01 4.386987e-23 2.047765e-23 6.434752e-23 
4.940000e-01 4.314401e-23 2.032242e-23 6.346643e-23 
4.960000e-01 4.242273e-23 2.017140e-23 6.259413e-23 
4.980000e-01 4.169670e-23 2.001867e-23 6.171537e-23 
5.000000e-01 4.096601e-23 1.986672e-23 6.083274e-23 
5.020000e-01 4.023666e-23 1.971810e-23 5.995477e-23 
5.040000e-01 3.950185e-23 1.956936e-23 5.907121e-23 
5.060000e-01 3.876236e-23 1.942231e-23 5.818467e-23 
5.080000e-01 3.801632e-23 1.927519e-23 5.729151e-23 
5.100000e-01 3.726344e-23 1.912887e-23 5.639231e-23 
5.120000e-01 3.649842e-23 1.898458e-23 5.548300e-23 
5.140000e-01 3.572708e-23 1.884222e-23 5.456930e-23 
5.160000e-01 3.494242e-23 1.870119e-23 5.364361e-23 
5.180000e-01 3.414016e-23 1.856262e-23 5.270278e-23 
5.200000e-01 3.331344e-23 1.842464e-23 5.173808e-23 
5.220000e-01 3.246598e-23 1.828772e-23 5.075370e-23 
5.240000e-01 3.158504e-23 1.814940e-23 4.973444e-23 
5.260000e-01 3.066575e-23 1.800956e-23 4.867530e-23 
5.280000e-01 2.969778e-23 1.786825e-23 4.756603e-23 
5.300000e-01 2.866995e-23 1.772989e-23 4.639985e-23 
5.320000e-01 2.756451e-23 1.759405e-23 4.515856e-23 
5.340000e-01 2.630792e-23 1.745753e-23 4.376545e-23 
5.360000e-01 2.484473e-23 1.731781e-23 4.216253e-23 
5.380000e-01 2.292692e-23 1.717610e-23 4.010302e-23 
5.400000e-01 2.037021e-23 1.703447e-23 3.740468e-23 
5.420000e-01 1.771548e-23 1.689658e-23 3.461205e-23 
5.440000e-01 1.623838e-23 1.676620e-23 3.300458e-23 
5.460000e-01 1.679795e-23 1.663533e-23 3.343328e-23 
5.480000e-01 1.892225e-23 1.650421e-23 3.542645e-23 
5.500000e-01 2.098293e-23 1.636969e-23 3.735262e-23 
5.520000e-01 2.247178e-23 1.623759e-23 3.870937e-23 
5.540000e-01 2.332736e-23 1.610603e-23 3.943339e-23 
5.560000e-01 2.393558e-23 1.598125e-23 3.991683e-23 
5.580000e-01 2.436890e-23 1.585526e-23 4.022415e-23 
5.600000e-01 2.470852e-23 1.573086e-23 4.043938e-23 
5.620000e-01 2.497568e-23 1.560512e-23 4.058080e-23 
5.640000e-01 2.518354e-23 1.547740e-23 4.066094e-23 
5.660000e-01 2.534417e-23 1.535232e-23 4.069649e-23 
5.680000e-01 2.545889e-23 1.522697e-23 4.068586e-23 
5.700000e-01 2.553798e-23 1.510320e-23 4.064118e-23 
5.720000e-01 2.558654e-23 1.497773e-23 4.056427e-23 
5.740000e-01 2.561371e-23 1.485525e-23 4.046897e-23 
5.760000e-01 2.562632e-23 1.473301e-23 4.035933e-23 
5.780000e-01 2.561313e-23 1.461330e-23 4.022643e-23 
5.800000e-01 2.558125e-23 1.449276e-23 4.007401e-23 
5.820000e-01 2.553799e-23 1.437720e-23 3.991519e-23 
5.840000e-01 2.548348e-23 1.426216e-23 3.974564e-23 
5.860000e-01 2.541796e-23 1.414752e-23 3.956548e-23 
5.880000e-01 2.533405e-23 1.403218e-23 3.936622e-23 
5.900000e-01 2.524466e-23 1.391793e-23 3.916259e-23 
5.920000e-01 2.514699e-23 1.380344e-23 3.895043e-23 
5.940000e-01 2.504121e-23 1.368954e-23 3.873075e-23 
5.960000e-01 2.492807e-23 1.357821e-23 3.850628e-23 
5.980000e-01 2.480526e-23 1.346788e-23 3.827313e-23 
6.000000e-01 2.468059e-23 1.335620e-23 3.803679e-23 
6.020000e-01 2.454947e-23 1.324233e-23 3.779180e-23 
6.040000e-01 2.441136e-23 1.312739e-23 3.753875e-23 
6.060000e-01 2.426786e-23 1.301172e-23 3.727958e-23 
6.080000e-01 2.412180e-23 1.290459e-23 3.702638e-23 
6.100000e-01 2.397372e-23 1.280466e-23 3.677838e-23 
6.120000e-01 2.382019e-23 1.270417e-23 3.652436e-23 
6.140000e-01 2.365722e-23 1.260350e-23 3.626073e-23 
6.160000e-01 2.349783e-23 1.249932e-23 3.599715e-23 
6.180000e-01 2.333340e-23 1.239349e-23 3.572689e-23 
6.200000e-01 2.316692e-23 1.228857e-23 3.545549e-23 
6.220000e-01 2.299625e-23 1.218468e-23 3.518093e-23 
6.240000e-01 2.282327e-23 1.208536e-23 3.490863e-23 
6.260000e-01 2.265070e-23 1.198658e-23 3.463728e-23 
6.280000e-01 2.247324e-23 1.188822e-23 3.436145e-23 
6.300000e-01 2.229313e-23 1.178875e-23 3.408188e-23 
6.320000e-01 2.211138e-23 1.168798e-23 3.379936e-23 
6.340000e-01 2.192771e-23 1.158718e-23 3.351489e-23 
6.360000e-01 2.174109e-23 1.148716e-23 3.322825e-23 
6.380000e-01 2.155240e-23 1.139141e-23 3.294381e-23 
6.400000e-01 2.136031e-23 1.129523e-23 3.265554e-23 
6.420000e-01 2.116510e-23 1.120025e-23 3.236535e-23 
6.440000e-01 2.097112e-23 1.110883e-23 3.207995e-23 
6.460000e-01 2.077344e-23 1.102418e-23 3.179762e-23 
6.480000e-01 2.057356e-23 1.093776e-23 3.151133e-23 
6.500000e-01 2.036831e-23 1.085411e-23 3.122242e-23 
6.520000e-01 2.016058e-23 1.076251e-23 3.092308e-23 
6.540000e-01 1.995139e-23 1.066851e-23 3.061989e-23 
6.560000e-01 1.973630e-23 1.057454e-23 3.031084e-23 
6.580000e-01 1.951921e-23 1.048164e-23 3.000085e-23 
6.600000e-01 1.929770e-23 1.039534e-23 2.969303e-23 
6.620000e-01 1.907269e-23 1.030963e-23 2.938232e-23 
6.640000e-01 1.884405e-23 1.022472e-23 2.906876e-23 
6.660000e-01 1.860930e-23 1.014035e-23 2.874965e-23 
6.680000e-01 1.837276e-23 1.005526e-23 2.842802e-23 
6.700000e-01 1.813030e-23 9.970709e-24 2.810101e-23 
6.720000e-01 1.788643e-23 9.885180e-24 2.777161e-23 
6.740000e-01 1.763436e-23 9.801297e-24 2.743566e-23 
6.760000e-01 1.737589e-23 9.720268e-24 2.709615e-23 
6.780000e-01 1.711195e-23 9.640930e-24 2.675288e-23 
6.800000e-01 1.684321e-23 9.561508e-24 2.640471e-23 
6.820000e-01 1.656041e-23 9.482710e-24 2.604312e-23 
6.840000e-01 1.626903e-23 9.404970e-24 2.567400e-23 
6.860000e-01 1.596585e-23 9.328817e-24 2.529467e-23 
6.880000e-01 1.564473e-23 9.251777e-24 2.489651e-23 
6.900000e-01 1.531020e-23 9.175600e-24 2.448580e-23 
6.920000e-01 1.494733e-23 9.101285e-24 2.404861e-23 
6.940000e-01 1.454816e-23 9.026836e-24 2.357499e-23 
6.960000e-01 1.411860e-23 8.952736e-24 2.307134e-23 
6.980000e-01 1.361218e-23 8.878304e-24 2.249048e-23 
7.000000e-01 1.293344e-23 8.804092e-24 2.173754e-23 
7.020000e-01 1.215954e-23 8.730793e-24 2.089033e-23 
7.040000e-01 1.130466e-23 8.657518e-24 1.996218e-23 
7.060000e-01 1.079297e-23 8.584542e-24 1.937751e-23 
7.080000e-01 1.058388e-23 8.514990e-24 1.909887e-23 
7.100000e-01 1.104862e-23 8.443395e-24 1.949201e-23 
7.120000e-01 1.172790e-23 8.373506e-24 2.010140e-23 
7.140000e-01 1.264103e-23 8.304174e-24 2.094521e-23 
7.160000e-01 1.329374e-23 8.237042e-24 2.153079e-23 
7.180000e-01 1.382740e-23 8.169167e-24 2.199657e-23 
7.200000e-01 1.412817e-23 8.101544e-24 2.222971e-23 
7.220000e-01 1.435181e-23 8.035257e-24 2.238706e-23 
7.240000e-01 1.453568e-23 7.971562e-24 2.250724e-23 
7.260000e-01 1.466958e-23 7.908049e-24 2.257763e-23 
7.280000e-01 1.478252e-23 7.845311e-24 2.262784e-23 
7.300000e-01 1.487863e-23 7.780565e-24 2.265919e-23 
7.320000e-01 1.494303e-23 7.717312e-24 2.266034e-23 
7.340000e-01 1.499871e-23 7.652415e-24 2.265112e-23 
7.360000e-01 1.504006e-23 7.588479e-24 2.262853e-23 
7.380000e-01 1.507079e-23 7.524175e-24 2.259496e-23 
7.400000e-01 1.509381e-23 7.461818e-24 2.255562e-23 
7.420000e-01 1.510411e-23 7.401678e-24 2.250579e-23 
7.440000e-01 1.510663e-23 7.339993e-24 2.244662e-23 
7.460000e-01 1.510453e-23 7.279420e-24 2.238395e-23 
7.480000e-01 1.509744e-23 7.220577e-24 2.231801e-23 
7.500000e-01 1.508442e-23 7.163041e-24 2.224746e-23 
7.520000e-01 1.506565e-23 7.106264e-24 2.217191e-23 
7.540000e-01 1.504143e-23 7.048326e-24 2.208976e-23 
7.560000e-01 1.501196e-23 6.991694e-24 2.200365e-23 
7.580000e-01 1.498093e-23 6.937300e-24 2.191823e-23 
7.600000e-01 1.494808e-23 6.882156e-24 2.183024e-23 
7.620000e-01 1.490870e-23 6.827754e-24 2.173645e-23 
7.640000e-01 1.486825e-23 6.774450e-24 2.164270e-23 
7.660000e-01 1.482365e-23 6.721471e-24 2.154512e-23 
7.680000e-01 1.477667e-23 6.669608e-24 2.144628e-23 
7.700000e-01 1.472940e-23 6.617630e-24 2.134703e-23 
7.720000e-01 1.467779e-23 6.566310e-24 2.124410e-23 
7.740000e-01 1.462482e-23 6.514882e-24 2.113970e-23 
7.760000e-01 1.456888e-23 6.461473e-24 2.103036e-23 
7.780000e-01 1.451161e-23 6.409236e-24 2.092085e-23 
7.800000e-01 1.445210e-23 6.357392e-24 2.080949e-23 
7.820000e-01 1.439128e-23 6.304380e-24 2.069566e-23 
7.840000e-01 1.432811e-23 6.255159e-24 2.058327e-23 
7.860000e-01 1.426006e-23 6.205847e-24 2.046590e-23 
7.880000e-01 1.419366e-23 6.156893e-24 2.035055e-23 
7.900000e-01 1.412496e-23 6.108175e-24 2.023314e-23 
7.920000e-01 1.405272e-23 6.060209e-24 2.011293e-23 
7.940000e-01 1.399893e-23 6.013621e-24 2.001255e-23 
7.960000e-01 1.389618e-23 5.967704e-24 1.986388e-23 
7.980000e-01 1.381553e-23 5.920132e-24 1.973567e-23 
8.000000e-01 1.373753e-23 5.874678e-24 1.961220e-23 
8.020000e-01 1.366340e-23 5.830513e-24 1.949391e-23 
8.040000e-01 1.359323e-23 5.785935e-24 1.937917e-23 
8.060000e-01 1.352367e-23 5.740982e-24 1.926465e-23 
8.080000e-01 1.345588e-23 5.697479e-24 1.915336e-23 
8.100000e-01 1.338675e-23 5.653446e-24 1.904019e-23 
8.120000e-01 1.331942e-23 5.608423e-24 1.892784e-23 
8.140000e-01 1.325607e-23 5.563151e-24 1.881922e-23 
8.160000e-01 1.319171e-23 5.518778e-24 1.871049e-23 
8.180000e-01 1.312780e-23 5.473706e-24 1.860150e-23 
8.200000e-01 1.306369e-23 5.432129e-24 1.849582e-23 
8.220000e-01 1.300223e-23 5.392478e-24 1.839471e-23 
8.240000e-01 1.293844e-23 5.352516e-24 1.829095e-23 
8.260000e-01 1.287788e-23 5.314158e-24 1.819204e-23 
8.280000e-01 1.281643e-23 5.274271e-24 1.809071e-23 
8.300000e-01 1.275577e-23 5.235127e-24 1.799090e-23 
8.320000e-01 1.269657e-23 5.194684e-24 1.789126e-23 
8.340000e-01 1.263755e-23 5.155105e-24 1.779266e-23 
8.360000e-01 1.258020e-23 5.115277e-24 1.769548e-23 
8.380000e-01 1.252299e-23 5.075867e-24 1.759886e-23 
8.400000e-01 1.246610e-23 5.037770e-24 1.750387e-23 
8.420000e-01 1.241125e-23 5.000516e-24 1.741177e-23 
8.440000e-01 1.235605e-23 4.963244e-24 1.731930e-23 
8.460000e-01 1.230189e-23 4.925381e-24 1.722728e-23 
8.480000e-01 1.224872e-23 4.887840e-24 1.713656e-23 
8.500000e-01 1.219760e-23 4.852779e-24 1.705037e-23 
8.520000e-01 1.214576e-23 4.817210e-24 1.696297e-23 
8.540000e-01 1.209533e-23 4.782061e-24 1.687739e-23 
8.560000e-01 1.204423e-23 4.746582e-24 1.679081e-23 
8.580000e-01 1.199287e-23 4.711909e-24 1.670477e-23 
8.600000e-01 1.194164e-23 4.675511e-24 1.661715e-23 
8.620000e-01 1.189076e-23 4.639241e-24 1.653000e-23 
8.640000e-01 1.183924e-23 4.603971e-24 1.644321e-23 
8.660000e-01 1.178605e-23 4.572958e-24 1.635901e-23 
8.680000e-01 1.173546e-23 4.533015e-24 1.626847e-23 
8.700000e-01 1.168323e-23 4.498643e-24 1.618188e-23 
8.720000e-01 1.162801e-23 4.464317e-24 1.609233e-23 
8.740000e-01 1.157320e-23 4.431446e-24 1.600464e-23 
8.760000e-01 1.151603e-23 4.397655e-24 1.591369e-23 
8.780000e-01 1.145803e-23 4.364996e-24 1.582303e-23 
8.800000e-01 1.140040e-23 4.334515e-24 1.573492e-23 
8.820000e-01 1.134204e-23 4.305034e-24 1.564707e-23 
8.840000e-01 1.128575e-23 4.276467e-24 1.556221e-23 
8.860000e-01 1.122753e-23 4.246192e-24 1.547372e-23 
8.880000e-01 1.116935e-23 4.216878e-24 1.538623e-23 
8.900000e-01 1.111040e-23 4.186260e-24 1.529666e-23 
8.920000e-01 1.105057e-23 4.156852e-24 1.520742e-23 
8.940000e-01 1.099161e-23 4.126279e-24 1.511789e-23 
8.960000e-01 1.093386e-23 4.096847e-24 1.503070e-23 
8.980000e-01 1.087736e-23 4.067010e-24 1.494437e-23 
9.000000e-01 1.081797e-23 4.036739e-24 1.485471e-23 
9.020000e-01 1.076048e-23 4.006335e-24 1.476682e-23 
9.040000e-01 1.070150e-23 3.975843e-24 1.467734e-23 
9.060000e-01 1.064292e-23 3.945749e-24 1.458867e-23 
9.080000e-01 1.058644e-23 3.915328e-24 1.450176e-23 
9.100000e-01 1.052708e-23 3.888242e-24 1.441533e-23 
9.120000e-01 1.047121e-23 3.861295e-24 1.433251e-23 
9.140000e-01 1.041303e-23 3.834708e-24 1.424774e-23 
9.160000e-01 1.035451e-23 3.808155e-24 1.416267e-23 
9.180000e-01 1.029750e-23 3.782835e-24 1.408034e-23 
9.200000e-01 1.023944e-23 3.755364e-24 1.399481e-23 
9.220000e-01 1.018226e-23 3.727850e-24 1.391011e-23 
9.240000e-01 1.012597e-23 3.700237e-24 1.382621e-23 
9.260000e-01 1.007068e-23 3.673155e-24 1.374383e-23 
9.280000e-01 1.001494e-23 3.646228e-24 1.366117e-23 
9.300000e-01 9.957467e-24 3.620150e-24 1.357762e-23 
9.320000e-01 9.901540e-24 3.596430e-24 1.349797e-23 
9.340000e-01 9.844587e-24 3.573723e-24 1.341831e-23 
9.360000e-01 9.794245e-24 3.550075e-24 1.334432e-23 
9.380000e-01 9.733681e-24 3.526031e-24 1.325971e-23 
9.400000e-01 9.677413e-24 3.502720e-24 1.318013e-23 
9.420000e-01 9.623229e-24 3.478665e-24 1.310189e-23 
9.440000e-01 9.628468e-24 3.454880e-24 1.308335e-23 
9.460000e-01 9.512999e-24 3.430877e-24 1.294388e-23 
9.480000e-01 9.458127e-24 3.408582e-24 1.286671e-23 
9.500000e-01 9.405728e-24 3.384711e-24 1.279044e-23 
9.520000e-01 9.350383e-24 3.359875e-24 1.271026e-23 
9.540000e-01 9.296732e-24 3.337244e-24 1.263398e-23 
9.560000e-01 9.243589e-24 3.314897e-24 1.255849e-23 
9.580000e-01 9.189085e-24 3.294837e-24 1.248392e-23 
9.600000e-01 9.136536e-24 3.269834e-24 1.240637e-23 
9.620000e-01 9.083906e-24 3.247486e-24 1.233139e-23 
9.640000e-01 9.028702e-24 3.224836e-24 1.225354e-23 
9.660000e-01 8.976038e-24 3.201254e-24 1.217729e-23 
9.680000e-01 8.923921e-24 3.178057e-24 1.210198e-23 
9.700000e-01 8.872348e-24 3.154551e-24 1.202690e-23 
9.720000e-01 8.820907e-24 3.131875e-24 1.195278e-23 
9.740000e-01 8.769976e-24 3.109821e-24 1.187980e-23 
9.760000e-01 8.719393e-24 3.090308e-24 1.180970e-23 
9.780000e-01 8.668797e-24 3.069318e-24 1.173812e-23 
9.800000e-01 8.617870e-24 3.049336e-24 1.166721e-23 
9.820000e-01 8.567220e-24 3.029530e-24 1.159675e-23 
9.840000e-01 8.515755e-24 3.009582e-24 1.152534e-23 
9.860000e-01 8.466883e-24 2.989375e-24 1.145626e-23 
9.880000e-01 8.395369e-24 2.968295e-24 1.136366e-23 
9.900000e-01 8.346729e-24 2.950422e-24 1.129715e-23 
9.920000e-01 8.297016e-24 2.929029e-24 1.122605e-23 
9.940000e-01 8.249266e-24 2.908808e-24 1.115807e-23 
9.960000e-01 8.200768e-24 2.886455e-24 1.108722e-23 
9.980000e-01 8.153330e-24 2.872162e-24 1.102549e-23 
1.000000e+00 8.104847e-24 2.857295e-24 1.096214e-23 
1.002000e+00 8.057836e-24 2.839275e-24 1.089711e-23 
1.004000e+00 8.011412e-24 2.821611e-24 1.083302e-23 
1.006000e+00 7.963787e-24 2.803547e-24 1.076733e-23 
1.008000e+00 7.917256e-24 2.786470e-24 1.070373e-23 
1.010000e+00 7.871062e-24 2.769138e-24 1.064020e-23 
1.012000e+00 7.824244e-24 2.751716e-24 1.057596e-23 
1.014000e+00 7.778334e-24 2.734542e-24 1.051288e-23 
1.016000e+00 7.732073e-24 2.717229e-24 1.044930e-23 
1.018000e+00 7.686835e-24 2.699452e-24 1.038629e-23 
1.020000e+00 7.641568e-24 2.682733e-24 1.032430e-23 
1.022000e+00 7.597258e-24 2.665693e-24 1.026295e-23 
1.024000e+00 7.551963e-24 2.648613e-24 1.020058e-23 
1.026000e+00 7.507562e-24 2.632810e-24 1.014037e-23 
1.028000e+00 7.463659e-24 2.617296e-24 1.008096e-23 
1.030000e+00 7.418731e-24 2.601511e-24 1.002024e-23 
1.032000e+00 7.375822e-24 2.585600e-24 9.961422e-24 
1.034000e+00 7.332042e-24 2.569450e-24 9.901492e-24 
1.036000e+00 7.289206e-24 2.553387e-24 9.842593e-24 
1.038000e+00 7.245966e-24 2.537778e-24 9.783744e-24 
1.040000e+00 7.202943e-24 2.522299e-24 9.725242e-24 
1.042000e+00 7.161437e-24 2.506351e-24 9.667788e-24 
1.044000e+00 7.118145e-24 2.490970e-24 9.609115e-24 
1.046000e+00 7.076339e-24 2.475908e-24 9.552247e-24 
1.048000e+00 7.035473e-24 2.460624e-24 9.496096e-24 
1.050000e+00 6.994069e-24 2.445555e-24 9.439624e-24 
1.052000e+00 6.952453e-24 2.431111e-24 9.383564e-24 
1.054000e+00 6.911666e-24 2.416724e-24 9.328389e-24 
1.056000e+00 6.870975e-24 2.402075e-24 9.273050e-24 
1.058000e+00 6.829894e-24 2.384966e-24 9.214861e-24 
1.060000e+00 6.790258e-24 2.369892e-24 9.160150e-24 
1.062000e+00 6.749200e-24 2.355687e-24 9.104887e-24 
1.064000e+00 6.709363e-24 2.340784e-24 9.050146e-24 
1.066000e+00 6.671783e-24 2.327009e-24 8.998792e-24 
1.068000e+00 6.631750e-24 2.312341e-24 8.944090e-24 
1.070000e+00 6.590238e-24 2.297998e-24 8.888236e-24 
1.072000e+00 6.552483e-24 2.284093e-24 8.836576e-24 
1.074000e+00 6.513132e-24 2.270373e-24 8.783505e-24 
1.076000e+00 6.475216e-24 2.256908e-24 8.732124e-24 
1.078000e+00 6.437175e-24 2.243798e-24 8.680973e-24 
1.080000e+00 6.399492e-24 2.230230e-24 8.629721e-24 
1.082000e+00 6.360967e-24 2.217135e-24 8.578103e-24 
1.084000e+00 6.322001e-24 2.203591e-24 8.525592e-24 
1.086000e+00 6.286294e-24 2.190371e-24 8.476665e-24 
1.088000e+00 6.248349e-24 2.177778e-24 8.426127e-24 
1.090000e+00 6.212418e-24 2.164084e-24 8.376502e-24 
1.092000e+00 6.175380e-24 2.150752e-24 8.326132e-24 
1.094000e+00 6.138087e-24 2.138210e-24 8.276297e-24 
1.096000e+00 6.101976e-24 2.124848e-24 8.226825e-24 
1.098000e+00 6.065545e-24 2.111992e-24 8.177537e-24 
1.100000e+00 6.029886e-24 2.099804e-24 8.129690e-24 
1.102000e+00 5.994597e-24 2.088309e-24 8.082906e-24 
1.104000e+00 5.959321e-24 2.075200e-24 8.034522e-24 
1.106000e+00 5.924487e-24 2.063405e-24 7.987892e-24 
1.108000e+00 5.888722e-24 2.051673e-24 7.940395e-24 
1.110000e+00 5.853450e-24 2.039248e-24 7.892697e-24 
1.112000e+00 5.819389e-24 2.026854e-24 7.846243e-24 
1.114000e+00 5.784697e-24 2.014746e-24 7.799443e-24 
1.116000e+00 5.750814e-24 2.002774e-24 7.753588e-24 
1.118000e+00 5.716199e-24 1.990958e-24 7.707157e-24 
1.120000e+00 5.681659e-24 1.979237e-24 7.660896e-24 
1.122000e+00 5.653084e-24 1.968372e-24 7.621456e-24 
1.124000e+00 5.618595e-24 1.956255e-24 7.574850e-24 
1.126000e+00 5.582167e-24 1.944966e-24 7.527133e-24 
1.128000e+00 5.548924e-24 1.933898e-24 7.482822e-24 
1.130000e+00 5.515736e-24 1.923042e-24 7.438777e-24 
1.132000e+00 5.483385e-24 1.912036e-24 7.395422e-24 
1.134000e+00 5.450448e-24 1.901273e-24 7.351721e-24 
1.136000e+00 5.419637e-24 1.890046e-24 7.309683e-24 
1.138000e+00 5.388226e-24 1.879618e-24 7.267844e-24 
1.140000e+00 5.355631e-24 1.869000e-24 7.224632e-24 
1.142000e+00 5.323247e-24 1.857598e-24 7.180845e-24 
1.144000e+00 5.292140e-24 1.847029e-24 7.139168e-24 
1.146000e+00 5.259927e-24 1.836569e-24 7.096495e-24 
1.148000e+00 5.229038e-24 1.825700e-24 7.054738e-24 
1.150000e+00 5.197849e-24 1.815297e-24 7.013146e-24 
1.152000e+00 5.168290e-24 1.805344e-24 6.973634e-24 
1.154000e+00 5.137768e-24 1.795315e-24 6.933082e-24 
1.156000e+00 5.107989e-24 1.785771e-24 6.893760e-24 
1.158000e+00 5.076876e-24 1.774821e-24 6.851697e-24 
1.160000e+00 5.047613e-24 1.764621e-24 6.812234e-24 
1.162000e+00 5.016624e-24 1.755029e-24 6.771653e-24 
1.164000e+00 4.987088e-24 1.745082e-24 6.732170e-24 
1.166000e+00 4.956576e-24 1.736313e-24 6.692889e-24 
1.168000e+00 4.928507e-24 1.725476e-24 6.653983e-24 
1.170000e+00 4.898861e-24 1.715507e-24 6.614367e-24 
1.172000e+00 4.869489e-24 1.705770e-24 6.575259e-24 
1.174000e+00 4.841242e-24 1.695974e-24 6.537215e-24 
1.176000e+00 4.813217e-24 1.686286e-24 6.499503e-24 
1.178000e+00 4.809446e-24 1.677100e-24 6.486546e-24 
1.180000e+00 4.782199e-24 1.668139e-24 6.450338e-24 
1.182000e+00 4.753144e-24 1.659342e-24 6.412486e-24 
1.184000e+00 4.724258e-24 1.649898e-24 6.374156e-24 
1.186000e+00 4.696713e-24 1.640547e-24 6.337260e-24 
1.188000e+00 4.669521e-24 1.631358e-24 6.300879e-24 
1.190000e+00 4.641298e-24 1.622810e-24 6.264108e-24 
1.192000e+00 4.614000e-24 1.613496e-24 6.227496e-24 
1.194000e+00 4.587167e-24 1.604952e-24 6.192119e-24 
1.196000e+00 4.559615e-24 1.595600e-24 6.155215e-24 
1.198000e+00 4.533268e-24 1.587078e-24 6.120345e-24 
1.200000e+00 4.506367e-24 1.577945e-24 6.084312e-24 
1.202000e+00 4.479643e-24 1.569153e-24 6.048797e-24 
1.204000e+00 4.452664e-24 1.560679e-24 6.013343e-24 
1.206000e+00 4.426525e-24 1.552871e-24 5.979395e-24 
1.208000e+00 4.400282e-24 1.544131e-24 5.944413e-24 
1.210000e+00 4.374005e-24 1.536004e-24 5.910009e-24 
1.212000e+00 4.348045e-24 1.527519e-24 5.875564e-24 
1.214000e+00 4.322475e-24 1.524919e-24 5.847394e-24 
1.216000e+00 4.296581e-24 1.511371e-24 5.807952e-24 
1.218000e+00 4.271206e-24 1.502979e-24 5.774186e-24 
1.220000e+00 4.245824e-24 1.495046e-24 5.740871e-24 
1.222000e+00 4.219815e-24 1.486854e-24 5.706669e-24 
1.224000e+00 4.193966e-24 1.478837e-24 5.672802e-24 
1.226000e+00 4.168493e-24 1.470997e-24 5.639489e-24 
1.228000e+00 4.143792e-24 1.462809e-24 5.606601e-24 
1.230000e+00 4.118662e-24 1.454333e-24 5.572995e-24 
1.232000e+00 4.094628e-24 1.447043e-24 5.541671e-24 
1.234000e+00 4.069903e-24 1.439654e-24 5.509557e-24 
1.236000e+00 4.043648e-24 1.432069e-24 5.475717e-24 
1.238000e+00 4.019595e-24 1.424287e-24 5.443883e-24 
1.240000e+00 3.993825e-24 1.416802e-24 5.410628e-24 
1.242000e+00 3.970145e-24 1.409501e-24 5.379646e-24 
1.244000e+00 3.945178e-24 1.401936e-24 5.347114e-24 
1.246000e+00 3.919157e-24 1.394462e-24 5.313619e-24 
1.248000e+00 3.894340e-24 1.387351e-24 5.281691e-24 
1.250000e+00 3.870179e-24 1.379996e-24 5.250176e-24 
1.252000e+00 3.845945e-24 1.372348e-24 5.218293e-24 
1.254000e+00 3.820545e-24 1.365319e-24 5.185864e-24 
1.256000e+00 3.802165e-24 1.357672e-24 5.159837e-24 
1.258000e+00 3.777514e-24 1.350556e-24 5.128070e-24 
1.260000e+00 3.746037e-24 1.343147e-24 5.089184e-24 
1.262000e+00 3.721145e-24 1.336343e-24 5.057488e-24 
1.264000e+00 3.697031e-24 1.329941e-24 5.026972e-24 
1.266000e+00 3.671344e-24 1.322921e-24 4.994265e-24 
1.268000e+00 3.645176e-24 1.316331e-24 4.961507e-24 
1.270000e+00 3.620000e-24 1.309410e-24 4.929410e-24 
1.272000e+00 3.593380e-24 1.302896e-24 4.896276e-24 
1.274000e+00 3.566902e-24 1.296450e-24 4.863352e-24 
1.276000e+00 3.540798e-24 1.341679e-24 4.882477e-24 
1.278000e+00 3.512762e-24 1.282456e-24 4.795218e-24 
1.280000e+00 3.485483e-24 1.275812e-24 4.761295e-24 
1.282000e+00 3.457177e-24 1.269174e-24 4.726351e-24 
1.284000e+00 3.425779e-24 1.262462e-24 4.688241e-24 
1.286000e+00 3.393953e-24 1.255548e-24 4.649502e-24 
1.288000e+00 3.358952e-24 1.248987e-24 4.607939e-24 
1.290000e+00 3.315334e-24 1.242503e-24 4.557837e-24 
1.292000e+00 3.272290e-24 1.236622e-24 4.508912e-24 
1.294000e+00 3.231893e-24 1.229685e-24 4.461578e-24 
1.296000e+00 3.192844e-24 1.223703e-24 4.416546e-24 
1.298000e+00 3.155287e-24 1.217517e-24 4.372804e-24 
1.300000e+00 3.132717e-24 1.211149e-24 4.343866e-24 
1.302000e+00 3.117354e-24 1.204964e-24 4.322318e-24 
1.304000e+00 3.102800e-24 1.199171e-24 4.301971e-24 
1.306000e+00 3.105168e-24 1.192775e-24 4.297943e-24 
1.308000e+00 3.111127e-24 1.186707e-24 4.297833e-24 
1.310000e+00 3.118281e-24 1.180743e-24 4.299024e-24 
1.312000e+00 3.130462e-24 1.174632e-24 4.305094e-24 
1.314000e+00 3.142514e-24 1.168902e-24 4.311415e-24 
1.316000e+00 3.154379e-24 1.162945e-24 4.317324e-24 
1.318000e+00 3.155626e-24 1.156596e-24 4.312222e-24 
1.320000e+00 3.157297e-24 1.150895e-24 4.308192e-24 
1.322000e+00 3.157552e-24 1.145404e-24 4.302956e-24 
1.324000e+00 3.152194e-24 1.139748e-24 4.291942e-24 
1.326000e+00 3.148843e-24 1.134177e-24 4.283021e-24 
1.328000e+00 3.142976e-24 1.128476e-24 4.271452e-24 
1.330000e+00 3.135364e-24 1.123466e-24 4.258830e-24 
1.332000e+00 3.127903e-24 1.117208e-24 4.245112e-24 
1.334000e+00 3.120879e-24 1.111765e-24 4.232643e-24 
1.336000e+00 3.112087e-24 1.106309e-24 4.218396e-24 
1.338000e+00 3.103049e-24 1.100820e-24 4.203869e-24 
1.340000e+00 3.093982e-24 1.095576e-24 4.189557e-24 
1.342000e+00 3.083422e-24 1.089969e-24 4.173391e-24 
1.344000e+00 3.073962e-24 1.084456e-24 4.158418e-24 
1.346000e+00 3.063741e-24 1.078990e-24 4.142731e-24 
1.348000e+00 3.052366e-24 1.073603e-24 4.125968e-24 
1.350000e+00 3.042578e-24 1.068417e-24 4.110995e-24 
1.352000e+00 3.032094e-24 1.063834e-24 4.095927e-24 
1.354000e+00 3.021376e-24 1.058331e-24 4.079708e-24 
1.356000e+00 3.010528e-24 1.053209e-24 4.063737e-24 
1.358000e+00 3.000056e-24 1.047937e-24 4.047992e-24 
1.360000e+00 2.988896e-24 1.042834e-24 4.031731e-24 
1.362000e+00 2.978668e-24 1.037525e-24 4.016194e-24 
1.364000e+00 2.969293e-24 1.032664e-24 4.001957e-24 
1.366000e+00 2.956339e-24 1.027565e-24 3.983904e-24 
1.368000e+00 2.943439e-24 1.022466e-24 3.965905e-24 
1.370000e+00 2.932955e-24 1.017274e-24 3.950229e-24 
1.372000e+00 2.920813e-24 1.012661e-24 3.933474e-24 
1.374000e+00 2.910405e-24 1.007552e-24 3.917958e-24 
1.376000e+00 2.898283e-24 1.002558e-24 3.900841e-24 
1.378000e+00 2.887138e-24 9.974464e-25 3.884584e-24 
1.380000e+00 2.876685e-24 9.927805e-25 3.869465e-24 
1.382000e+00 2.865920e-24 9.880751e-25 3.853995e-24 
1.384000e+00 2.854114e-24 9.835291e-25 3.837643e-24 
1.386000e+00 2.841886e-24 9.784531e-25 3.820340e-24 
1.388000e+00 2.830223e-24 9.741226e-25 3.804345e-24 
1.390000e+00 2.819184e-24 9.697615e-25 3.788946e-24 
1.392000e+00 2.806660e-24 9.649750e-25 3.771635e-24 
1.394000e+00 2.796003e-24 9.603076e-25 3.756311e-24 
1.396000e+00 2.784097e-24 9.557828e-25 3.739880e-24 
1.398000e+00 2.773019e-24 9.510086e-25 3.724028e-24 
1.400000e+00 2.761792e-24 9.466834e-25 3.708475e-24 
1.402000e+00 2.750085e-24 9.422077e-25 3.692293e-24 
1.404000e+00 2.738619e-24 9.377333e-25 3.676352e-24 
1.406000e+00 2.726758e-24 9.327788e-25 3.659536e-24 
1.408000e+00 2.715463e-24 9.282439e-25 3.643707e-24 
1.410000e+00 2.704565e-24 9.236423e-25 3.628207e-24 
1.412000e+00 2.693335e-24 9.193384e-25 3.612673e-24 
1.414000e+00 2.681989e-24 9.154908e-25 3.597479e-24 
1.416000e+00 2.670270e-24 9.111077e-25 3.581378e-24 
1.418000e+00 2.660005e-24 9.068719e-25 3.566877e-24 
1.420000e+00 2.648383e-24 9.024292e-25 3.550812e-24 
1.422000e+00 2.637873e-24 8.983504e-25 3.536223e-24 
1.424000e+00 2.627615e-24 8.945192e-25 3.522134e-24 
1.426000e+00 2.615955e-24 8.900709e-25 3.506026e-24 
1.428000e+00 2.604169e-24 8.861469e-25 3.490316e-24 
1.430000e+00 2.592714e-24 8.820482e-25 3.474762e-24 
1.432000e+00 2.582240e-24 8.775913e-25 3.459831e-24 
1.434000e+00 2.571400e-24 8.736051e-25 3.445006e-24 
1.436000e+00 2.561190e-24 8.697312e-25 3.430921e-24 
1.438000e+00 2.550818e-24 8.656688e-25 3.416487e-24 
1.440000e+00 2.539179e-24 8.613963e-25 3.400576e-24 
1.442000e+00 2.528595e-24 8.574415e-25 3.386037e-24 
1.444000e+00 2.517735e-24 8.535495e-25 3.371285e-24 
1.446000e+00 2.506855e-24 8.494057e-25 3.356261e-24 
1.448000e+00 2.496364e-24 8.455435e-25 3.341908e-24 
1.450000e+00 2.485323e-24 8.421128e-25 3.327436e-24 
1.452000e+00 2.482918e-24 8.379359e-25 3.320853e-24 
1.454000e+00 2.463915e-24 8.340379e-25 3.297953e-24 
1.456000e+00 2.453117e-24 8.304603e-25 3.283577e-24 
1.458000e+00 2.442696e-24 8.268782e-25 3.269574e-24 
1.460000e+00 2.432337e-24 8.233772e-25 3.255714e-24 
1.462000e+00 2.422734e-24 8.192626e-25 3.241997e-24 
1.464000e+00 2.412037e-24 8.161050e-25 3.228142e-24 
1.466000e+00 2.401127e-24 8.117960e-25 3.212923e-24 
1.468000e+00 2.391814e-24 8.080429e-25 3.199857e-24 
1.470000e+00 2.381842e-24 8.044953e-25 3.186338e-24 
1.472000e+00 2.370713e-24 8.006106e-25 3.171323e-24 
1.474000e+00 2.361396e-24 7.971145e-25 3.158511e-24 
1.476000e+00 2.351217e-24 7.931271e-25 3.144344e-24 
1.478000e+00 2.341133e-24 7.897593e-25 3.130893e-24 
1.480000e+00 2.331226e-24 7.863823e-25 3.117608e-24 
1.482000e+00 2.321382e-24 7.824030e-25 3.103785e-24 
1.484000e+00 2.313030e-24 7.790885e-25 3.092118e-24 
1.486000e+00 2.301887e-24 7.755410e-25 3.077428e-24 
1.488000e+00 2.290790e-24 7.721944e-25 3.062985e-24 
1.490000e+00 2.282330e-24 7.691245e-25 3.051454e-24 
1.492000e+00 2.272350e-24 7.654952e-25 3.037845e-24 
1.494000e+00 2.262295e-24 7.622080e-25 3.024503e-24 
1.496000e+00 2.252281e-24 7.588458e-25 3.011126e-24 
1.498000e+00 2.243658e-24 7.554342e-25 2.999092e-24 
1.500000e+00 2.176566e-24 7.519525e-25 2.928519e-24 
1.502000e+00 2.166387e-24 7.485101e-25 2.914897e-24 
1.504000e+00 2.156933e-24 7.450124e-25 2.901945e-24 
1.506000e+00 2.147519e-24 7.416335e-25 2.889153e-24 
1.508000e+00 2.138320e-24 7.383218e-25 2.876642e-24 
1.510000e+00 2.128501e-24 7.347994e-25 2.863300e-24 
1.512000e+00 2.118977e-24 7.316684e-25 2.850645e-24 
1.514000e+00 2.109672e-24 7.284801e-25 2.838152e-24 
1.516000e+00 2.100705e-24 7.255042e-25 2.826209e-24 
1.518000e+00 2.091380e-24 7.223320e-25 2.813712e-24 
1.520000e+00 2.082102e-24 7.191204e-25 2.801222e-24 
1.522000e+00 2.072691e-24 7.161045e-25 2.788796e-24 
1.524000e+00 2.063230e-24 7.124949e-25 2.775725e-24 
1.526000e+00 2.053607e-24 7.097899e-25 2.763397e-24 
1.528000e+00 2.044493e-24 7.065473e-25 2.751041e-24 
1.530000e+00 2.035024e-24 7.037540e-25 2.738778e-24 
1.532000e+00 2.026989e-24 7.004613e-25 2.727450e-24 
1.534000e+00 2.017977e-24 6.973267e-25 2.715304e-24 
1.536000e+00 2.009686e-24 6.942626e-25 2.703948e-24 
1.538000e+00 2.000370e-24 6.914806e-25 2.691850e-24 
1.540000e+00 1.991464e-24 6.878718e-25 2.679335e-24 
1.542000e+00 1.982404e-24 6.851780e-25 2.667582e-24 
1.544000e+00 1.973761e-24 6.821757e-25 2.655936e-24 
1.546000e+00 1.964706e-24 6.790208e-25 2.643727e-24 
1.548000e+00 1.956651e-24 6.762816e-25 2.632933e-24 
1.550000e+00 1.947427e-24 6.731757e-25 2.620602e-24 
1.552000e+00 1.939267e-24 6.701079e-25 2.609375e-24 
1.554000e+00 1.930331e-24 6.673237e-25 2.597654e-24 
1.556000e+00 1.922066e-24 6.645233e-25 2.586589e-24 
1.558000e+00 1.913576e-24 6.619439e-25 2.575519e-24 
1.560000e+00 1.904680e-24 6.589508e-25 2.563631e-24 
1.562000e+00 1.896856e-24 6.565004e-25 2.553357e-24 
1.564000e+00 1.887539e-24 6.534578e-25 2.540997e-24 
1.566000e+00 1.879349e-24 6.505774e-25 2.529926e-24 
1.568000e+00 1.871501e-24 6.479642e-25 2.519465e-24 
1.570000e+00 1.863224e-24 6.451059e-25 2.508330e-24 
1.572000e+00 1.855306e-24 6.422068e-25 2.497513e-24 
1.574000e+00 1.847069e-24 6.395218e-25 2.486591e-24 
1.576000e+00 1.838942e-24 6.366846e-25 2.475626e-24 
1.578000e+00 1.829807e-24 6.342653e-25 2.464072e-24 
1.580000e+00 1.822031e-24 6.312847e-25 2.453316e-24 
1.582000e+00 1.813940e-24 6.284245e-25 2.442365e-24 
1.584000e+00 1.806268e-24 6.255428e-25 2.431810e-24 
1.586000e+00 1.798081e-24 6.227820e-25 2.420863e-24 
1.588000e+00 1.789852e-24 6.203583e-25 2.410210e-24 
1.590000e+00 1.781765e-24 6.178802e-25 2.399645e-24 
1.592000e+00 1.774353e-24 6.153769e-25 2.389730e-24 
1.594000e+00 1.767745e-24 6.127669e-25 2.380512e-24 
1.596000e+00 1.760221e-24 6.101891e-25 2.370410e-24 
1.598000e+00 1.751660e-24 6.079442e-25 2.359605e-24 
1.600000e+00 1.743718e-24 6.053547e-25 2.349073e-24 
1.602000e+00 1.735854e-24 6.028673e-25 2.338721e-24 
1.604000e+00 1.728526e-24 5.999402e-25 2.328466e-24 
1.606000e+00 1.721319e-24 5.971761e-25 2.318495e-24 
1.608000e+00 1.713495e-24 5.946923e-25 2.308187e-24 
1.610000e+00 1.706138e-24 5.926199e-25 2.298758e-24 
1.612000e+00 1.698346e-24 5.897820e-25 2.288128e-24 
1.614000e+00 1.690856e-24 5.874545e-25 2.278311e-24 
1.616000e+00 1.683015e-24 5.848113e-25 2.267827e-24 
1.618000e+00 1.675120e-24 5.823794e-25 2.257499e-24 
1.620000e+00 1.669795e-24 5.799693e-25 2.249764e-24 
1.622000e+00 1.661009e-24 5.774508e-25 2.238459e-24 
1.624000e+00 1.653398e-24 5.752690e-25 2.228667e-24 
1.626000e+00 1.646371e-24 5.730687e-25 2.219439e-24 
1.628000e+00 1.639207e-24 5.707269e-25 2.209934e-24 
1.630000e+00 1.632251e-24 5.684081e-25 2.200659e-24 
1.632000e+00 1.625226e-24 5.661336e-25 2.191359e-24 
1.634000e+00 1.617981e-24 5.638507e-25 2.181832e-24 
1.636000e+00 1.610635e-24 5.615082e-25 2.172143e-24 
1.638000e+00 1.603842e-24 5.595101e-25 2.163353e-24 
1.640000e+00 1.596748e-24 5.572533e-25 2.154001e-24 
1.642000e+00 1.590102e-24 5.548936e-25 2.144996e-24 
1.644000e+00 1.582999e-24 5.525502e-25 2.135549e-24 
1.646000e+00 1.575868e-24 5.502452e-25 2.126114e-24 
1.648000e+00 1.569559e-24 5.480158e-25 2.117575e-24 
1.650000e+00 1.562345e-24 5.456676e-25 2.108013e-24 
1.652000e+00 1.554486e-24 5.434309e-25 2.097917e-24 
1.654000e+00 1.547850e-24 5.415011e-25 2.089352e-24 
1.656000e+00 1.541157e-24 5.389417e-25 2.080099e-24 
1.658000e+00 1.534303e-24 5.368711e-25 2.071174e-24 
1.660000e+00 1.528101e-24 5.347558e-25 2.062857e-24 
1.662000e+00 1.520827e-24 5.323745e-25 2.053201e-24 
1.664000e+00 1.514151e-24 5.303318e-25 2.044483e-24 
1.666000e+00 1.507746e-24 5.282814e-25 2.036027e-24 
1.668000e+00 1.500967e-24 5.263437e-25 2.027311e-24 
1.670000e+00 1.443389e-24 5.241019e-25 1.967491e-24 
1.672000e+00 1.487687e-24 5.220911e-25 2.009778e-24 
1.674000e+00 1.481095e-24 5.199575e-25 2.001053e-24 
1.676000e+00 1.475185e-24 5.180246e-25 1.993210e-24 
1.678000e+00 1.468244e-24 5.158537e-25 1.984097e-24 
1.680000e+00 1.461426e-24 5.139395e-25 1.975366e-24 
1.682000e+00 1.455542e-24 5.118216e-25 1.967364e-24 
1.684000e+00 1.449097e-24 5.098489e-25 1.958946e-24 
1.686000e+00 1.442909e-24 5.077784e-25 1.950688e-24 
1.688000e+00 1.436423e-24 5.057409e-25 1.942164e-24 
1.690000e+00 1.430351e-24 5.037070e-25 1.934058e-24 
1.692000e+00 1.423704e-24 5.015656e-25 1.925270e-24 
1.694000e+00 1.417903e-24 4.995645e-25 1.917468e-24 
1.696000e+00 1.411612e-24 4.976752e-25 1.909287e-24 
1.698000e+00 1.405278e-24 4.956742e-25 1.900952e-24 
1.700000e+00 1.399158e-24 4.935165e-25 1.892674e-24 
1.702000e+00 1.392561e-24 4.916029e-25 1.884164e-24 
1.704000e+00 1.387086e-24 4.900465e-25 1.877132e-24 
1.706000e+00 1.380791e-24 4.876985e-25 1.868490e-24 
1.708000e+00 1.374605e-24 4.856810e-25 1.860286e-24 
1.710000e+00 1.368706e-24 4.842202e-25 1.852926e-24 
1.712000e+00 1.362372e-24 4.821721e-25 1.844544e-24 
1.714000e+00 1.355987e-24 4.801040e-25 1.836091e-24 
1.716000e+00 1.350102e-24 4.783791e-25 1.828481e-24 
1.718000e+00 1.344139e-24 4.767530e-25 1.820892e-24 
1.720000e+00 1.338738e-24 4.745808e-25 1.813318e-24 
1.722000e+00 1.332433e-24 4.725824e-25 1.805015e-24 
1.724000e+00 1.326151e-24 4.705997e-25 1.796751e-24 
1.726000e+00 1.320817e-24 4.689279e-25 1.789745e-24 
1.728000e+00 1.314945e-24 4.669464e-25 1.781891e-24 
1.730000e+00 1.308782e-24 4.654691e-25 1.774251e-24 
1.732000e+00 1.303348e-24 4.634453e-25 1.766793e-24 
1.734000e+00 1.297428e-24 4.614809e-25 1.758909e-24 
1.736000e+00 1.292013e-24 4.595947e-25 1.751607e-24 
1.738000e+00 1.286321e-24 4.575414e-25 1.743862e-24 
1.740000e+00 1.280510e-24 4.559815e-25 1.736491e-24 
1.742000e+00 1.273704e-24 4.544272e-25 1.728131e-24 
1.744000e+00 1.268488e-24 4.527697e-25 1.721257e-24 
1.746000e+00 1.262725e-24 4.510261e-25 1.713751e-24 
1.748000e+00 1.256783e-24 4.490459e-25 1.705829e-24 
1.750000e+00 1.251539e-24 4.473795e-25 1.698919e-24 
1.752000e+00 1.245641e-24 4.457797e-25 1.691421e-24 
1.754000e+00 1.239805e-24 4.438912e-25 1.683696e-24 
1.756000e+00 1.234227e-24 4.424827e-25 1.676710e-24 
1.758000e+00 1.228280e-24 4.408409e-25 1.669121e-24 
1.760000e+00 1.222882e-24 4.391417e-25 1.662024e-24 
1.762000e+00 1.217332e-24 4.374943e-25 1.654826e-24 
1.764000e+00 1.211816e-24 4.356411e-25 1.647457e-24 
1.766000e+00 1.206273e-24 4.339703e-25 1.640243e-24 
1.768000e+00 1.200318e-24 4.321107e-25 1.632429e-24 
1.770000e+00 1.195026e-24 4.307125e-25 1.625738e-24 
1.772000e+00 1.189321e-24 4.289966e-25 1.618317e-24 
1.774000e+00 1.183836e-24 4.274234e-25 1.611260e-24 
1.776000e+00 1.177448e-24 4.256510e-25 1.603099e-24 
1.778000e+00 1.171651e-24 4.241064e-25 1.595758e-24 
1.780000e+00 1.166331e-24 4.224534e-25 1.588785e-24 
1.782000e+00 1.161110e-24 4.210161e-25 1.582126e-24 
1.784000e+00 1.154786e-24 4.196681e-25 1.574454e-24 
1.786000e+00 1.148870e-24 4.178251e-25 1.566695e-24 
1.788000e+00 1.143124e-24 4.162988e-25 1.559423e-24 
1.790000e+00 1.137525e-24 4.147092e-25 1.552234e-24 
1.792000e+00 1.132388e-24 4.136448e-25 1.546033e-24 
1.794000e+00 1.125938e-24 4.117700e-25 1.537708e-24 
1.796000e+00 1.120722e-24 4.100946e-25 1.530817e-24 
1.798000e+00 1.115299e-24 4.085200e-25 1.523819e-24 
1.800000e+00 1.109035e-24 4.074755e-25 1.516511e-24 
1.802000e+00 1.103210e-24 4.055779e-25 1.508788e-24 
1.804000e+00 1.096887e-24 4.039236e-25 1.500811e-24 
1.806000e+00 1.090943e-24 4.028252e-25 1.493768e-24 
1.808000e+00 1.084272e-24 4.013380e-25 1.485610e-24 
1.810000e+00 1.078524e-24 3.994963e-25 1.478021e-24 
1.812000e+00 1.071834e-24 3.983416e-25 1.470176e-24 
1.814000e+00 1.065665e-24 3.966183e-25 1.462283e-24 
1.816000e+00 1.057954e-24 3.950782e-25 1.453032e-24 
1.818000e+00 1.050849e-24 3.938554e-25 1.444705e-24 
1.820000e+00 1.043285e-24 3.922697e-25 1.435554e-24 
1.822000e+00 1.035809e-24 3.911399e-25 1.426948e-24 
1.824000e+00 1.026761e-24 3.893077e-25 1.416069e-24 
1.826000e+00 1.017210e-24 3.881154e-25 1.405325e-24 
1.828000e+00 1.008266e-24 3.864477e-25 1.394714e-24 
1.830000e+00 9.998999e-25 3.852070e-25 1.385107e-24 
1.832000e+00 9.934923e-25 3.840342e-25 1.377527e-24 
1.834000e+00 9.848981e-25 3.824676e-25 1.367366e-24 
1.836000e+00 9.773938e-25 3.811296e-25 1.358523e-24 
1.838000e+00 9.710401e-25 3.794159e-25 1.350456e-24 
1.840000e+00 9.677517e-25 3.783653e-25 1.346117e-24 
1.842000e+00 9.650048e-25 3.768882e-25 1.341893e-24 
1.844000e+00 9.626247e-25 3.753126e-25 1.337937e-24 
1.846000e+00 9.596589e-25 3.740705e-25 1.333729e-24 
1.848000e+00 9.614626e-25 3.728045e-25 1.334267e-24 
1.850000e+00 9.631050e-25 3.714193e-25 1.334524e-24 
1.852000e+00 9.653495e-25 3.699013e-25 1.335251e-24 
1.854000e+00 9.670268e-25 3.686832e-25 1.335710e-24 
1.856000e+00 9.693476e-25 3.671457e-25 1.336493e-24 
1.858000e+00 9.706934e-25 3.660148e-25 1.336708e-24 
1.860000e+00 9.728579e-25 3.644313e-25 1.337289e-24 
1.862000e+00 9.746977e-25 3.631788e-25 1.337876e-24 
1.864000e+00 9.736952e-25 3.618378e-25 1.335533e-24 
1.866000e+00 9.728168e-25 3.603936e-25 1.333210e-24 
1.868000e+00 9.721412e-25 3.594577e-25 1.331599e-24 
1.870000e+00 9.710245e-25 3.581171e-25 1.329142e-24 
1.872000e+00 9.692937e-25 3.568659e-25 1.326160e-24 
1.874000e+00 9.670998e-25 3.555710e-25 1.322671e-24 
1.876000e+00 9.657231e-25 3.543075e-25 1.320031e-24 
1.878000e+00 9.641533e-25 3.531446e-25 1.317298e-24 
1.880000e+00 9.618251e-25 3.522250e-25 1.314050e-24 
1.882000e+00 9.602795e-25 3.508064e-25 1.311086e-24 
1.884000e+00 9.580204e-25 3.496904e-25 1.307711e-24 
1.886000e+00 9.559789e-25 3.482421e-25 1.304221e-24 
1.888000e+00 9.536228e-25 3.469777e-25 1.300600e-24 
1.890000e+00 9.510056e-25 3.456028e-25 1.296608e-24 
1.892000e+00 9.489406e-25 3.444828e-25 1.293423e-24 
1.894000e+00 9.468440e-25 3.434739e-25 1.290318e-24 
1.896000e+00 9.437913e-25 3.422329e-25 1.286024e-24 
1.898000e+00 9.418234e-25 3.410244e-25 1.282848e-24 
1.900000e+00 9.393077e-25 3.396356e-25 1.278943e-24 
1.902000e+00 9.364166e-25 3.383384e-25 1.274755e-24 
1.904000e+00 9.338071e-25 3.375269e-25 1.271334e-24 
1.906000e+00 9.313170e-25 3.362540e-25 1.267571e-24 
1.908000e+00 9.287397e-25 3.348800e-25 1.263620e-24 
1.910000e+00 9.259448e-25 3.337683e-25 1.259713e-24 
1.912000e+00 9.234166e-25 3.328005e-25 1.256217e-24 
1.914000e+00 9.203928e-25 3.316047e-25 1.251997e-24 
1.916000e+00 9.187617e-25 3.303938e-25 1.249155e-24 
1.918000e+00 9.155786e-25 3.291109e-25 1.244690e-24 
1.920000e+00 9.127807e-25 3.283542e-25 1.241135e-24 
1.922000e+00 9.101858e-25 3.269927e-25 1.237178e-24 
1.924000e+00 9.076499e-25 3.258312e-25 1.233481e-24 
1.926000e+00 9.048902e-25 3.249044e-25 1.229795e-24 
1.928000e+00 9.022148e-25 3.236972e-25 1.225912e-24 
1.930000e+00 8.994599e-25 3.224283e-25 1.221888e-24 
1.932000e+00 8.967497e-25 3.214640e-25 1.218214e-24 
1.934000e+00 8.939929e-25 3.202436e-25 1.214237e-24 
1.936000e+00 8.913018e-25 3.189087e-25 1.210210e-24 
1.938000e+00 8.886267e-25 3.181031e-25 1.206730e-24 
1.940000e+00 8.849008e-25 3.168596e-25 1.201760e-24 
1.942000e+00 8.831545e-25 3.156519e-25 1.198806e-24 
1.944000e+00 8.797555e-25 3.146007e-25 1.194356e-24 
1.946000e+00 8.769482e-25 3.136874e-25 1.190636e-24 
1.948000e+00 8.742176e-25 3.123649e-25 1.186582e-24 
1.950000e+00 8.715067e-25 3.113307e-25 1.182837e-24 
1.952000e+00 8.682085e-25 3.099976e-25 1.178206e-24 
1.954000e+00 8.655632e-25 3.092620e-25 1.174825e-24 
1.956000e+00 8.628704e-25 3.081051e-25 1.170976e-24 
1.958000e+00 8.607691e-25 3.071547e-25 1.167924e-24 
1.960000e+00 8.656909e-25 3.062381e-25 1.171929e-24 
1.962000e+00 8.555057e-25 3.053568e-25 1.160862e-24 
1.964000e+00 8.527936e-25 3.040604e-25 1.156854e-24 
1.966000e+00 8.502832e-25 3.029739e-25 1.153257e-24 
1.968000e+00 8.477196e-25 3.018240e-25 1.149544e-24 
1.970000e+00 8.414935e-25 3.009561e-25 1.142450e-24 
1.972000e+00 8.416846e-25 2.999054e-25 1.141590e-24 
1.974000e+00 8.397580e-25 2.989051e-25 1.138663e-24 
1.976000e+00 8.363674e-25 2.981283e-25 1.134496e-24 
1.978000e+00 8.339448e-25 2.969628e-25 1.130908e-24 
1.980000e+00 8.313989e-25 2.958908e-25 1.127290e-24 
1.982000e+00 8.287676e-25 2.950186e-25 1.123786e-24 
1.984000e+00 8.263404e-25 2.937516e-25 1.120092e-24 
1.986000e+00 8.234902e-25 2.929087e-25 1.116399e-24 
1.988000e+00 8.210186e-25 2.920119e-25 1.113030e-24 
1.990000e+00 8.182925e-25 2.908012e-25 1.109094e-24 
1.992000e+00 8.158900e-25 2.899079e-25 1.105798e-24 
1.994000e+00 8.136186e-25 2.890101e-25 1.102629e-24 
1.996000e+00 8.106289e-25 2.876581e-25 1.098287e-24 
1.998000e+00 8.081620e-25 2.867289e-25 1.094891e-24 
2.000000e+00 8.055295e-25 2.857664e-25 1.091296e-24 
2.002000e+00 8.028319e-25 2.849155e-25 1.087747e-24 
2.004000e+00 8.001529e-25 2.839614e-25 1.084114e-24 
2.006000e+00 7.975607e-25 2.831892e-25 1.080750e-24 
2.008000e+00 7.953278e-25 2.823091e-25 1.077637e-24 
2.010000e+00 7.926295e-25 2.812859e-25 1.073915e-24 
2.012000e+00 7.900145e-25 2.803609e-25 1.070375e-24 
2.014000e+00 7.873182e-25 2.794489e-25 1.066767e-24 
2.016000e+00 7.862162e-25 2.784688e-25 1.064685e-24 
2.018000e+00 7.823999e-25 2.777048e-25 1.060105e-24 
2.020000e+00 7.799155e-25 2.770290e-25 1.056945e-24 
2.022000e+00 7.771195e-25 2.759755e-25 1.053095e-24 
2.024000e+00 7.747818e-25 2.749560e-25 1.049738e-24 
2.026000e+00 7.721527e-25 2.740552e-25 1.046208e-24 
2.028000e+00 7.695605e-25 2.732275e-25 1.042788e-24 
2.030000e+00 7.669330e-25 2.724726e-25 1.039406e-24 
2.032000e+00 7.645350e-25 2.714078e-25 1.035943e-24 
2.034000e+00 7.622337e-25 2.705927e-25 1.032826e-24 
2.036000e+00 7.598442e-25 2.693068e-25 1.029151e-24 
2.038000e+00 7.573310e-25 2.683820e-25 1.025713e-24 
2.040000e+00 7.555628e-25 2.676566e-25 1.023219e-24 
2.042000e+00 7.530715e-25 2.667402e-25 1.019812e-24 
2.044000e+00 7.502910e-25 2.659783e-25 1.016269e-24 
2.046000e+00 7.480159e-25 2.650829e-25 1.013099e-24 
2.048000e+00 7.454711e-25 2.642292e-25 1.009700e-24 
2.050000e+00 7.428910e-25 2.632890e-25 1.006180e-24 
2.052000e+00 7.403868e-25 2.626476e-25 1.003034e-24 
2.054000e+00 7.383935e-25 2.616737e-25 1.000067e-24 
2.056000e+00 7.359294e-25 2.607389e-25 9.966682e-25 
2.058000e+00 7.334224e-25 2.600929e-25 9.935153e-25 
2.060000e+00 7.309143e-25 2.596107e-25 9.905249e-25 
2.062000e+00 7.289954e-25 2.582821e-25 9.872775e-25 
2.064000e+00 7.265814e-25 2.573615e-25 9.839429e-25 
2.066000e+00 7.240185e-25 2.565301e-25 9.805486e-25 
2.068000e+00 7.213915e-25 2.557034e-25 9.770949e-25 
2.070000e+00 7.195941e-25 2.549034e-25 9.744974e-25 
2.072000e+00 7.170156e-25 2.541185e-25 9.711341e-25 
2.074000e+00 7.149168e-25 2.533081e-25 9.682249e-25 
2.076000e+00 7.127755e-25 2.521908e-25 9.649664e-25 
2.078000e+00 7.102101e-25 2.515368e-25 9.617469e-25 
2.080000e+00 7.082734e-25 2.509079e-25 9.591813e-25 
2.082000e+00 7.059437e-25 2.501277e-25 9.560714e-25 
2.084000e+00 7.032753e-25 2.489451e-25 9.522204e-25 
2.086000e+00 7.006109e-25 2.481125e-25 9.487234e-25 
2.088000e+00 6.985396e-25 2.474942e-25 9.460338e-25 
2.090000e+00 6.966299e-25 2.467662e-25 9.433961e-25 
2.092000e+00 6.943076e-25 2.459512e-25 9.402588e-25 
2.094000e+00 6.923897e-25 2.451352e-25 9.375249e-25 
2.096000e+00 6.898131e-25 2.443887e-25 9.342017e-25 
2.098000e+00 6.879770e-25 2.436872e-25 9.316643e-25 
2.100000e+00 6.854622e-25 2.428056e-25 9.282678e-25 
2.102000e+00 6.835433e-25 2.423773e-25 9.259206e-25 
2.104000e+00 6.811115e-25 2.413579e-25 9.224694e-25 
2.106000e+00 6.787720e-25 2.407055e-25 9.194776e-25 
2.108000e+00 6.767725e-25 2.399294e-25 9.167019e-25 
2.110000e+00 6.744076e-25 2.393425e-25 9.137501e-25 
2.112000e+00 6.752804e-25 2.383496e-25 9.136300e-25 
2.114000e+00 6.701171e-25 2.377270e-25 9.078441e-25 
2.116000e+00 6.683151e-25 2.367596e-25 9.050747e-25 
2.118000e+00 6.654804e-25 2.362149e-25 9.016953e-25 
2.120000e+00 6.636784e-25 2.353583e-25 8.990367e-25 
2.122000e+00 6.615177e-25 2.349129e-25 8.964306e-25 
2.124000e+00 6.593341e-25 2.341297e-25 8.934638e-25 
2.126000e+00 6.570893e-25 2.335776e-25 8.906669e-25 
2.128000e+00 6.552434e-25 2.324473e-25 8.876907e-25 
2.130000e+00 6.528072e-25 2.320351e-25 8.848423e-25 
2.132000e+00 6.509242e-25 2.311188e-25 8.820429e-25 
2.134000e+00 6.485414e-25 2.303552e-25 8.788966e-25 
2.136000e+00 6.467198e-25 2.294937e-25 8.762135e-25 
2.138000e+00 6.449172e-25 2.289832e-25 8.739004e-25 
2.140000e+00 6.432337e-25 2.282463e-25 8.714799e-25 
2.142000e+00 6.406062e-25 2.274608e-25 8.680670e-25 
2.144000e+00 6.387560e-25 2.269702e-25 8.657262e-25 
2.146000e+00 6.368119e-25 2.262123e-25 8.630243e-25 
2.148000e+00 6.344896e-25 2.255516e-25 8.600412e-25 
2.150000e+00 6.325543e-25 2.249110e-25 8.574653e-25 
2.152000e+00 6.303792e-25 2.243014e-25 8.546807e-25 
2.154000e+00 6.285047e-25 2.234627e-25 8.519674e-25 
2.156000e+00 6.266847e-25 2.226355e-25 8.493202e-25 
2.158000e+00 6.243504e-25 2.219675e-25 8.463179e-25 
2.160000e+00 6.225519e-25 2.211374e-25 8.436894e-25 
2.162000e+00 6.206365e-25 2.205181e-25 8.411546e-25 
2.164000e+00 6.188565e-25 2.201924e-25 8.390489e-25 
2.166000e+00 6.168640e-25 2.194882e-25 8.363522e-25 
2.168000e+00 6.146802e-25 2.186354e-25 8.333155e-25 
2.170000e+00 6.128063e-25 2.179888e-25 8.307951e-25 
2.172000e+00 6.110351e-25 2.174770e-25 8.285121e-25 
2.174000e+00 6.092624e-25 2.165964e-25 8.258588e-25 
2.176000e+00 6.073352e-25 2.160895e-25 8.234246e-25 
2.178000e+00 6.051815e-25 2.152573e-25 8.204388e-25 
2.180000e+00 6.032313e-25 2.145975e-25 8.178288e-25 
2.182000e+00 6.012077e-25 2.138815e-25 8.150892e-25 
2.184000e+00 5.995014e-25 2.133720e-25 8.128734e-25 
2.186000e+00 5.975777e-25 2.127414e-25 8.103192e-25 
2.188000e+00 5.958351e-25 2.120153e-25 8.078503e-25 
2.190000e+00 5.934236e-25 2.112472e-25 8.046707e-25 
2.192000e+00 5.918618e-25 2.105227e-25 8.023844e-25 
2.194000e+00 5.899980e-25 2.099580e-25 7.999559e-25 
2.196000e+00 5.881935e-25 2.095004e-25 7.976938e-25 
2.198000e+00 5.862935e-25 2.089111e-25 7.952046e-25 
2.200000e+00 5.847490e-25 2.083770e-25 7.931260e-25 
2.202000e+00 5.827719e-25 2.075417e-25 7.903137e-25 
2.204000e+00 5.803449e-25 2.071329e-25 7.874778e-25 
2.206000e+00 5.784494e-25 2.065414e-25 7.849908e-25 
2.208000e+00 5.767561e-25 2.057665e-25 7.825226e-25 
2.210000e+00 5.749670e-25 2.051052e-25 7.800722e-25 
2.212000e+00 5.731263e-25 2.044257e-25 7.775520e-25 
2.214000e+00 5.714751e-25 2.038943e-25 7.753694e-25 
2.216000e+00 5.697377e-25 2.034100e-25 7.731477e-25 
2.218000e+00 5.672906e-25 2.026840e-25 7.699746e-25 
2.220000e+00 5.662639e-25 2.018588e-25 7.681228e-25 
2.222000e+00 5.643131e-25 2.015422e-25 7.658553e-25 
2.224000e+00 5.626803e-25 2.009319e-25 7.636122e-25 
2.226000e+00 5.608345e-25 2.004119e-25 7.612464e-25 
2.228000e+00 5.591519e-25 1.994433e-25 7.585952e-25 
2.230000e+00 5.570167e-25 1.988325e-25 7.558492e-25 
2.232000e+00 5.554123e-25 1.982925e-25 7.537049e-25 
2.234000e+00 5.535984e-25 1.977794e-25 7.513777e-25 
2.236000e+00 5.525795e-25 1.970010e-25 7.495805e-25 
2.238000e+00 5.506848e-25 1.965388e-25 7.472236e-25 
2.240000e+00 5.489606e-25 1.960555e-25 7.450161e-25 
2.242000e+00 5.471706e-25 1.952032e-25 7.423738e-25 
2.244000e+00 5.453734e-25 1.946894e-25 7.400629e-25 
2.246000e+00 5.438892e-25 1.941441e-25 7.380333e-25 
2.248000e+00 5.418031e-25 1.936224e-25 7.354255e-25 
2.250000e+00 5.401624e-25 1.929414e-25 7.331039e-25 
2.252000e+00 5.385004e-25 1.923500e-25 7.308503e-25 
2.254000e+00 5.367993e-25 1.920278e-25 7.288271e-25 
2.256000e+00 5.350246e-25 1.914442e-25 7.264688e-25 
2.258000e+00 5.330846e-25 1.908604e-25 7.239451e-25 
2.260000e+00 5.312987e-25 1.902776e-25 7.215763e-25 
2.262000e+00 5.300767e-25 1.896642e-25 7.197409e-25 
2.264000e+00 5.285497e-25 1.891033e-25 7.176530e-25 
2.266000e+00 5.266604e-25 1.884776e-25 7.151380e-25 
2.268000e+00 5.249463e-25 1.879169e-25 7.128632e-25 
2.270000e+00 5.230739e-25 1.872573e-25 7.103312e-25 
2.272000e+00 5.213118e-25 1.868421e-25 7.081539e-25 
2.274000e+00 5.201658e-25 1.862160e-25 7.063817e-25 
2.276000e+00 5.184589e-25 1.855502e-25 7.040091e-25 
2.278000e+00 5.167944e-25 1.852697e-25 7.020641e-25 
2.280000e+00 5.151364e-25 1.846691e-25 6.998055e-25 
2.282000e+00 5.136562e-25 1.840891e-25 6.977453e-25 
2.284000e+00 5.120504e-25 1.834324e-25 6.954829e-25 
2.286000e+00 5.108622e-25 1.828752e-25 6.937374e-25 
2.288000e+00 5.090041e-25 1.824163e-25 6.914204e-25 
2.290000e+00 5.073624e-25 1.818354e-25 6.891978e-25 
2.292000e+00 5.063167e-25 1.811871e-25 6.875038e-25 
2.294000e+00 5.043042e-25 1.808404e-25 6.851446e-25 
2.296000e+00 5.027679e-25 1.802988e-25 6.830667e-25 
2.298000e+00 5.009247e-25 1.797621e-25 6.806868e-25 
2.300000e+00 4.997414e-25 1.793559e-25 6.790973e-25 
2.302000e+00 4.979844e-25 1.774459e-25 6.754302e-25 
2.304000e+00 4.964011e-25 1.781746e-25 6.745757e-25 
2.306000e+00 4.951094e-25 1.776505e-25 6.727599e-25 
2.308000e+00 4.935804e-25 1.774192e-25 6.709997e-25 
2.310000e+00 4.923210e-25 1.767273e-25 6.690483e-25 
2.312000e+00 4.905762e-25 1.747637e-25 6.653400e-25 
2.314000e+00 4.892390e-25 1.756206e-25 6.648596e-25 
2.316000e+00 4.876064e-25 1.739370e-25 6.615434e-25 
2.318000e+00 4.863574e-25 1.733234e-25 6.596808e-25 
2.320000e+00 4.845765e-25 1.727381e-25 6.573147e-25 
2.322000e+00 4.836526e-25 1.723578e-25 6.560104e-25 
2.324000e+00 4.816267e-25 1.717364e-25 6.533631e-25 
2.326000e+00 4.799855e-25 1.713048e-25 6.512903e-25 
2.328000e+00 4.786059e-25 1.708801e-25 6.494860e-25 
2.330000e+00 4.773031e-25 1.702451e-25 6.475482e-25 
2.332000e+00 4.755309e-25 1.697470e-25 6.452779e-25 
2.334000e+00 4.740051e-25 1.694169e-25 6.434219e-25 
2.336000e+00 4.730092e-25 1.688496e-25 6.418588e-25 
2.338000e+00 4.714725e-25 1.682125e-25 6.396850e-25 
2.340000e+00 4.698222e-25 1.678131e-25 6.376353e-25 
2.342000e+00 4.687257e-25 1.673295e-25 6.360552e-25 
2.344000e+00 4.670688e-25 1.667768e-25 6.338457e-25 
2.346000e+00 4.658177e-25 1.663403e-25 6.321580e-25 
2.348000e+00 4.645253e-25 1.657916e-25 6.303169e-25 
2.350000e+00 4.629094e-25 1.655823e-25 6.284917e-25 
2.352000e+00 4.617641e-25 1.645574e-25 6.263214e-25 
2.354000e+00 4.604645e-25 1.644904e-25 6.249549e-25 
2.356000e+00 4.589086e-25 1.639810e-25 6.228896e-25 
2.358000e+00 4.576150e-25 1.635954e-25 6.212104e-25 
2.360000e+00 4.558314e-25 1.629600e-25 6.187914e-25 
2.362000e+00 4.547701e-25 1.626990e-25 6.174692e-25 
2.364000e+00 4.530041e-25 1.620894e-25 6.150935e-25 
2.366000e+00 4.518979e-25 1.617330e-25 6.136310e-25 
2.368000e+00 4.503266e-25 1.611612e-25 6.114878e-25 
2.370000e+00 4.491110e-25 1.608309e-25 6.099419e-25 
2.372000e+00 4.475761e-25 1.603624e-25 6.079385e-25 
2.374000e+00 4.461768e-25 1.597643e-25 6.059410e-25 
2.376000e+00 4.450603e-25 1.592761e-25 6.043364e-25 
2.378000e+00 4.438343e-25 1.589970e-25 6.028312e-25 
2.380000e+00 4.422913e-25 1.584695e-25 6.007608e-25 
2.382000e+00 4.410447e-25 1.580725e-25 5.991172e-25 
2.384000e+00 4.399468e-25 1.574769e-25 5.974237e-25 
2.386000e+00 4.381527e-25 1.571337e-25 5.952864e-25 
2.388000e+00 4.371852e-25 1.565823e-25 5.937675e-25 
2.390000e+00 4.355431e-25 1.562052e-25 5.917483e-25 
2.392000e+00 4.342823e-25 1.556396e-25 5.899218e-25 
2.394000e+00 4.332623e-25 1.554381e-25 5.887005e-25 
2.396000e+00 4.313450e-25 1.548765e-25 5.862216e-25 
2.398000e+00 4.303879e-25 1.545274e-25 5.849152e-25 
2.400000e+00 4.292228e-25 1.539972e-25 5.832200e-25 
2.402000e+00 4.280464e-25 1.535504e-25 5.815967e-25 
2.404000e+00 4.269557e-25 1.532134e-25 5.801691e-25 
2.406000e+00 4.251043e-25 1.526189e-25 5.777231e-25 
2.408000e+00 4.240338e-25 1.522801e-25 5.763139e-25 
2.410000e+00 4.229988e-25 1.519231e-25 5.749219e-25 
2.412000e+00 4.217280e-25 1.514177e-25 5.731457e-25 
2.414000e+00 4.204683e-25 1.510213e-25 5.714896e-25 
2.416000e+00 4.190905e-25 1.506759e-25 5.697664e-25 
2.418000e+00 4.178193e-25 1.502427e-25 5.680619e-25 
2.420000e+00 4.165509e-25 1.498026e-25 5.663535e-25 
2.422000e+00 4.155914e-25 1.492173e-25 5.648087e-25 
2.424000e+00 4.142642e-25 1.488244e-25 5.630886e-25 
2.426000e+00 4.127264e-25 1.485794e-25 5.613059e-25 
2.428000e+00 4.117694e-25 1.479617e-25 5.597312e-25 
2.430000e+00 4.105039e-25 1.476501e-25 5.581540e-25 
2.432000e+00 4.094331e-25 1.472609e-25 5.566940e-25 
2.434000e+00 4.081222e-25 1.467927e-25 5.549149e-25 
2.436000e+00 4.081231e-25 1.463988e-25 5.545219e-25 
2.438000e+00 4.058374e-25 1.460896e-25 5.519270e-25 
2.440000e+00 4.046797e-25 1.454478e-25 5.501275e-25 
2.442000e+00 4.034727e-25 1.451461e-25 5.486187e-25 
2.444000e+00 4.024710e-25 1.447980e-25 5.472690e-25 
2.446000e+00 4.009531e-25 1.442109e-25 5.451640e-25 
2.448000e+00 3.997294e-25 1.437974e-25 5.435268e-25 
2.450000e+00 3.986401e-25 1.435611e-25 5.422011e-25 
2.452000e+00 3.974946e-25 1.429425e-25 5.404372e-25 
2.454000e+00 3.962216e-25 1.427185e-25 5.389401e-25 
2.456000e+00 3.950087e-25 1.423167e-25 5.373254e-25 
2.458000e+00 3.940246e-25 1.421214e-25 5.361460e-25 
2.460000e+00 3.928590e-25 1.414043e-25 5.342633e-25 
2.462000e+00 3.915571e-25 1.411397e-25 5.326968e-25 
2.464000e+00 3.905405e-25 1.407483e-25 5.312888e-25 
2.466000e+00 3.893015e-25 1.403298e-25 5.296313e-25 
2.468000e+00 3.882498e-25 1.399213e-25 5.281711e-25 
2.470000e+00 3.872714e-25 1.401084e-25 5.273797e-25 
2.472000e+00 3.860832e-25 1.392256e-25 5.253089e-25 
2.474000e+00 3.848860e-25 1.388756e-25 5.237616e-25 
2.476000e+00 3.840329e-25 1.383156e-25 5.223486e-25 
2.478000e+00 3.823695e-25 1.379750e-25 5.203445e-25 
2.480000e+00 3.811842e-25 1.376721e-25 5.188563e-25 
2.482000e+00 3.799329e-25 1.372964e-25 5.172293e-25 
2.484000e+00 3.788750e-25 1.369872e-25 5.158621e-25 
2.486000e+00 3.781921e-25 1.363595e-25 5.145516e-25 
2.488000e+00 3.770391e-25 1.360655e-25 5.131046e-25 
2.490000e+00 3.758915e-25 1.358187e-25 5.117102e-25 
2.492000e+00 3.746856e-25 1.353937e-25 5.100793e-25 
2.494000e+00 3.737109e-25 1.350463e-25 5.087572e-25 
2.496000e+00 3.725298e-25 1.344754e-25 5.070052e-25 
2.498000e+00 3.714147e-25 1.342523e-25 5.056670e-25 
2.500000e+00 3.703941e-25 1.339156e-25 5.043097e-25 
2.502000e+00 3.692750e-25 1.335195e-25 5.027945e-25 
2.504000e+00 3.682424e-25 1.331529e-25 5.013953e-25 
2.506000e+00 3.670617e-25 1.326610e-25 4.997227e-25 
2.508000e+00 3.663314e-25 1.322808e-25 4.986122e-25 
2.510000e+00 3.653111e-25 1.319600e-25 4.972711e-25 
2.512000e+00 3.641899e-25 1.316664e-25 4.958563e-25 
2.514000e+00 3.631015e-25 1.357148e-25 4.988163e-25 
2.516000e+00 3.618453e-25 1.310020e-25 4.928473e-25 
2.518000e+00 3.608171e-25 1.306294e-25 4.914465e-25 
2.520000e+00 3.597384e-25 1.303534e-25 4.900918e-25 
2.522000e+00 3.585850e-25 1.299365e-25 4.885214e-25 
2.524000e+00 3.579997e-25 1.293652e-25 4.873649e-25 
2.526000e+00 3.568926e-25 1.292051e-25 4.860977e-25 
2.528000e+00 3.558008e-25 1.287641e-25 4.845649e-25 
2.530000e+00 3.546631e-25 1.284824e-25 4.831455e-25 
2.532000e+00 3.540679e-25 1.280597e-25 4.821276e-25 
2.534000e+00 3.529164e-25 1.277637e-25 4.806800e-25 
2.536000e+00 3.517616e-25 1.274741e-25 4.792357e-25 
2.538000e+00 3.506273e-25 1.271427e-25 4.777700e-25 
2.540000e+00 3.495078e-25 1.267265e-25 4.762343e-25 
2.542000e+00 3.484538e-25 1.264181e-25 4.748719e-25 
2.544000e+00 3.480594e-25 1.261145e-25 4.741739e-25 
2.546000e+00 3.490336e-25 1.257230e-25 4.747566e-25 
2.548000e+00 3.455460e-25 1.253503e-25 4.708963e-25 
2.550000e+00 3.473518e-25 1.251761e-25 4.725279e-25 
2.552000e+00 3.463388e-25 1.247433e-25 4.710820e-25 
2.554000e+00 3.452323e-25 1.244170e-25 4.696493e-25 
2.556000e+00 3.447244e-25 1.240303e-25 4.687547e-25 
2.558000e+00 3.435122e-25 1.235793e-25 4.670914e-25 
2.560000e+00 3.424121e-25 1.234510e-25 4.658631e-25 
2.562000e+00 3.418253e-25 1.230944e-25 4.649197e-25 
2.564000e+00 3.406039e-25 1.226459e-25 4.632498e-25 
2.566000e+00 3.396336e-25 1.222172e-25 4.618508e-25 
2.568000e+00 3.385281e-25 1.219166e-25 4.604447e-25 
2.570000e+00 3.379573e-25 1.215087e-25 4.594660e-25 
2.572000e+00 3.376335e-25 1.212582e-25 4.588917e-25 
2.574000e+00 3.365424e-25 1.212093e-25 4.577517e-25 
2.576000e+00 3.347773e-25 1.208071e-25 4.555844e-25 
2.578000e+00 3.339662e-25 1.205383e-25 4.545045e-25 
2.580000e+00 3.329900e-25 1.201457e-25 4.531358e-25 
2.582000e+00 3.318262e-25 1.200620e-25 4.518883e-25 
2.584000e+00 3.306201e-25 1.194635e-25 4.500836e-25 
2.586000e+00 3.301949e-25 1.192343e-25 4.494292e-25 
2.588000e+00 3.290935e-25 1.188743e-25 4.479677e-25 
2.590000e+00 3.278364e-25 1.185391e-25 4.463755e-25 
2.592000e+00 3.275671e-25 1.181784e-25 4.457455e-25 
2.594000e+00 3.264357e-25 1.179433e-25 4.443789e-25 
2.596000e+00 3.258625e-25 1.175555e-25 4.434181e-25 
2.598000e+00 3.246874e-25 1.173724e-25 4.420598e-25 
2.600000e+00 3.235673e-25 1.171271e-25 4.406944e-25 
2.602000e+00 3.230041e-25 1.167392e-25 4.397433e-25 
2.604000e+00 3.220338e-25 1.165130e-25 4.385469e-25 
2.606000e+00 3.213691e-25 1.160968e-25 4.374658e-25 
2.608000e+00 3.200383e-25 1.158823e-25 4.359205e-25 
2.610000e+00 3.196218e-25 1.155294e-25 4.351513e-25 
2.612000e+00 3.188436e-25 1.151977e-25 4.340413e-25 
2.614000e+00 3.178750e-25 1.148568e-25 4.327318e-25 
2.616000e+00 3.169528e-25 1.145169e-25 4.314697e-25 
2.618000e+00 3.164071e-25 1.143664e-25 4.307735e-25 
2.620000e+00 3.152180e-25 1.140542e-25 4.292721e-25 
2.622000e+00 3.145978e-25 1.137535e-25 4.283513e-25 
2.624000e+00 3.135044e-25 1.136918e-25 4.271962e-25 
2.626000e+00 3.124077e-25 1.130786e-25 4.254863e-25 
2.628000e+00 3.116425e-25 1.128353e-25 4.244778e-25 
2.630000e+00 3.108289e-25 1.124360e-25 4.232649e-25 
2.632000e+00 3.099001e-25 1.120812e-25 4.219813e-25 
2.634000e+00 3.092633e-25 1.119464e-25 4.212097e-25 
2.636000e+00 3.079361e-25 1.116855e-25 4.196216e-25 
2.638000e+00 3.073544e-25 1.081611e-25 4.155155e-25 
2.640000e+00 3.065760e-25 1.110355e-25 4.176114e-25 
2.642000e+00 3.057888e-25 1.107394e-25 4.165282e-25 
2.644000e+00 3.049171e-25 1.105591e-25 4.154762e-25 
2.646000e+00 3.041200e-25 1.102100e-25 4.143301e-25 
2.648000e+00 3.033445e-25 1.098697e-25 4.132142e-25 
2.650000e+00 3.026699e-25 1.095049e-25 4.121748e-25 
2.652000e+00 3.016783e-25 1.093152e-25 4.109935e-25 
2.654000e+00 3.010052e-25 1.092343e-25 4.102394e-25 
2.656000e+00 2.999823e-25 1.088199e-25 4.088022e-25 
2.658000e+00 2.994427e-25 1.085301e-25 4.079728e-25 
2.660000e+00 2.984728e-25 1.082081e-25 4.066809e-25 
2.662000e+00 2.976891e-25 1.078061e-25 4.054951e-25 
2.664000e+00 2.966165e-25 1.077235e-25 4.043400e-25 
2.666000e+00 2.962334e-25 1.073744e-25 4.036078e-25 
2.668000e+00 2.949492e-25 1.070626e-25 4.020118e-25 
2.670000e+00 2.943401e-25 1.067576e-25 4.010977e-25 
2.672000e+00 2.934755e-25 1.064618e-25 3.999374e-25 
2.674000e+00 2.927177e-25 1.064147e-25 3.991325e-25 
2.676000e+00 2.917564e-25 1.059305e-25 3.976868e-25 
2.678000e+00 2.910658e-25 1.057290e-25 3.967948e-25 
2.680000e+00 2.903975e-25 1.054010e-25 3.957985e-25 
2.682000e+00 2.895080e-25 1.051262e-25 3.946342e-25 
2.684000e+00 2.889095e-25 1.049638e-25 3.938733e-25 
2.686000e+00 2.882131e-25 1.046397e-25 3.928528e-25 
2.688000e+00 2.870971e-25 1.042833e-25 3.913804e-25 
2.690000e+00 2.863546e-25 1.039905e-25 3.903451e-25 
2.692000e+00 2.854042e-25 1.038783e-25 3.892825e-25 
2.694000e+00 2.850312e-25 1.034815e-25 3.885127e-25 
2.696000e+00 2.841707e-25 1.031590e-25 3.873296e-25 
2.698000e+00 2.831524e-25 1.029894e-25 3.861418e-25 
2.700000e+00 2.825754e-25 1.027176e-25 3.852929e-25 
2.702000e+00 2.820060e-25 1.024539e-25 3.844599e-25 
2.704000e+00 2.811712e-25 1.023345e-25 3.835056e-25 
2.706000e+00 2.803827e-25 1.020231e-25 3.824059e-25 
2.708000e+00 2.797832e-25 1.017850e-25 3.815682e-25 
2.710000e+00 2.790521e-25 1.015052e-25 3.805573e-25 
2.712000e+00 2.779519e-25 1.012952e-25 3.792471e-25 
2.714000e+00 2.775404e-25 1.009799e-25 3.785203e-25 
2.716000e+00 2.768963e-25 1.007845e-25 3.776808e-25 
2.718000e+00 2.762646e-25 1.006207e-25 3.768853e-25 
2.720000e+00 2.756763e-25 1.002175e-25 3.758938e-25 
2.722000e+00 2.746408e-25 1.000709e-25 3.747116e-25 
2.724000e+00 2.741665e-25 9.985503e-26 3.740215e-25 
2.726000e+00 2.733989e-25 9.948514e-26 3.728840e-25 
2.728000e+00 2.724009e-25 9.937758e-26 3.717785e-25 
2.730000e+00 2.718039e-25 9.901099e-26 3.708149e-25 
2.732000e+00 2.710852e-25 9.872562e-26 3.698108e-25 
2.734000e+00 2.705488e-25 9.855645e-26 3.691053e-25 
2.736000e+00 2.694519e-25 9.824046e-26 3.676924e-25 
2.738000e+00 2.690074e-25 9.796435e-26 3.669718e-25 
2.740000e+00 2.681565e-25 9.784579e-26 3.660023e-25 
2.742000e+00 2.678824e-25 9.744993e-26 3.653324e-25 
2.744000e+00 2.670537e-25 9.715290e-26 3.642066e-25 
2.746000e+00 2.660247e-25 9.711169e-26 3.631364e-25 
2.748000e+00 2.654881e-25 9.673381e-26 3.622219e-25 
2.750000e+00 2.648491e-25 9.644483e-26 3.612939e-25 
2.752000e+00 2.639386e-25 9.628583e-26 3.602244e-25 
2.754000e+00 2.632195e-25 9.601964e-26 3.592392e-25 
2.756000e+00 2.627734e-25 9.585446e-26 3.586279e-25 
2.758000e+00 2.619774e-25 9.556197e-26 3.575394e-25 
2.760000e+00 2.614452e-25 9.523520e-26 3.566804e-25 
2.762000e+00 2.604646e-25 9.511503e-26 3.555796e-25 
2.764000e+00 2.598272e-25 9.474952e-26 3.545767e-25 
2.766000e+00 2.593872e-25 9.460254e-26 3.539897e-25 
2.768000e+00 2.585219e-25 9.440778e-26 3.529297e-25 
2.770000e+00 2.579385e-25 9.424842e-26 3.521870e-25 
2.772000e+00 2.574157e-25 9.386285e-26 3.512786e-25 
2.774000e+00 2.567663e-25 9.358790e-26 3.503542e-25 
2.776000e+00 2.558407e-25 9.346282e-26 3.493035e-25 
2.778000e+00 2.552420e-25 9.316815e-26 3.484101e-25 
2.780000e+00 2.544601e-25 9.304008e-26 3.475002e-25 
2.782000e+00 2.538716e-25 9.282778e-26 3.466993e-25 
2.784000e+00 2.534222e-25 9.269100e-26 3.461132e-25 
2.786000e+00 2.529391e-25 9.231659e-26 3.452557e-25 
2.788000e+00 2.523088e-25 9.225248e-26 3.445613e-25 
2.790000e+00 2.515482e-25 9.192993e-26 3.434781e-25 
2.792000e+00 2.506914e-25 9.154392e-26 3.422353e-25 
2.794000e+00 2.500788e-25 9.138515e-26 3.414640e-25 
2.796000e+00 2.494803e-25 8.979091e-26 3.392712e-25 
2.798000e+00 2.487286e-25 9.103285e-26 3.397614e-25 
2.800000e+00 2.480868e-25 9.072402e-26 3.388108e-25 
2.802000e+00 2.473890e-25 9.057110e-26 3.379601e-25 
2.804000e+00 2.469803e-25 9.027402e-26 3.372544e-25 
2.806000e+00 2.464378e-25 9.013812e-26 3.365759e-25 
2.808000e+00 2.458058e-25 8.981407e-26 3.356199e-25 
2.810000e+00 2.447984e-25 8.963042e-26 3.344288e-25 
2.812000e+00 2.440877e-25 8.941680e-26 3.335045e-25 
2.814000e+00 2.435129e-25 8.918940e-26 3.327023e-25 
2.816000e+00 2.432241e-25 8.902689e-26 3.322510e-25 
2.818000e+00 2.424491e-25 8.864719e-26 3.310963e-25 
2.820000e+00 2.419420e-25 8.856099e-26 3.305030e-25 
2.822000e+00 2.412614e-25 8.822075e-26 3.294822e-25 
2.824000e+00 2.405371e-25 8.810892e-26 3.286460e-25 
2.826000e+00 2.400504e-25 8.781097e-26 3.278614e-25 
2.828000e+00 2.392744e-25 8.770433e-26 3.269788e-25 
2.830000e+00 2.385432e-25 8.741748e-26 3.259607e-25 
2.832000e+00 2.380060e-25 8.726017e-26 3.252662e-25 
2.834000e+00 2.373084e-25 8.695110e-26 3.242595e-25 
2.836000e+00 2.365747e-25 8.669969e-26 3.232744e-25 
2.838000e+00 2.360946e-25 8.663704e-26 3.227317e-25 
2.840000e+00 2.355799e-25 8.643214e-26 3.220121e-25 
2.842000e+00 2.347788e-25 8.620304e-26 3.209818e-25 
2.844000e+00 2.342359e-25 8.587954e-26 3.201154e-25 
2.846000e+00 2.337248e-25 8.586796e-26 3.195927e-25 
2.848000e+00 2.331820e-25 8.550830e-26 3.186903e-25 
2.850000e+00 2.325309e-25 8.538061e-26 3.179115e-25 
2.852000e+00 2.323926e-25 8.509813e-26 3.174907e-25 
2.854000e+00 2.312962e-25 8.500378e-26 3.162999e-25 
2.856000e+00 2.307911e-25 8.465596e-26 3.154470e-25 
2.858000e+00 2.301149e-25 8.456397e-26 3.146788e-25 
2.860000e+00 2.297164e-25 8.422523e-26 3.139417e-25 
2.862000e+00 2.290040e-25 8.408516e-26 3.130892e-25 
2.864000e+00 2.282606e-25 8.395004e-26 3.122106e-25 
2.866000e+00 2.277586e-25 8.369255e-26 3.114511e-25 
2.868000e+00 2.272666e-25 8.355435e-26 3.108209e-25 
2.870000e+00 2.267919e-25 8.325767e-26 3.100496e-25 
2.872000e+00 2.261946e-25 8.312780e-26 3.093223e-25 
2.874000e+00 2.257464e-25 8.289489e-26 3.086413e-25 
2.876000e+00 2.253425e-25 8.267813e-26 3.080206e-25 
2.878000e+00 2.247722e-25 8.246725e-26 3.072394e-25 
2.880000e+00 2.241073e-25 8.229271e-26 3.064000e-25 
2.882000e+00 2.233658e-25 8.200214e-26 3.053680e-25 
2.884000e+00 2.228302e-25 8.187499e-26 3.047052e-25 
2.886000e+00 2.223582e-25 8.171101e-26 3.040693e-25 
2.888000e+00 2.216441e-25 8.143485e-26 3.030789e-25 
2.890000e+00 2.212257e-25 8.124189e-26 3.024676e-25 
2.892000e+00 2.205941e-25 8.117528e-26 3.017694e-25 
2.894000e+00 2.201444e-25 8.091029e-26 3.010546e-25 
2.896000e+00 2.198336e-25 8.075472e-26 3.005884e-25 
2.898000e+00 2.191167e-25 8.059071e-26 2.997074e-25 
2.900000e+00 2.184838e-25 8.036929e-26 2.988531e-25 
2.902000e+00 2.179841e-25 8.017151e-26 2.981556e-25 
2.904000e+00 2.173939e-25 8.007309e-26 2.974670e-25 
2.906000e+00 2.168399e-25 7.847176e-26 2.953116e-25 
2.908000e+00 2.162788e-25 7.965262e-26 2.959315e-25 
2.910000e+00 2.159633e-25 7.929455e-26 2.952578e-25 
2.912000e+00 2.155084e-25 7.923145e-26 2.947399e-25 
2.914000e+00 2.148655e-25 7.917379e-26 2.940393e-25 
2.916000e+00 2.144036e-25 7.880615e-26 2.932097e-25 
2.918000e+00 2.138128e-25 7.868822e-26 2.925010e-25 
2.920000e+00 2.130888e-25 7.859429e-26 2.916831e-25 
2.922000e+00 2.127749e-25 7.834309e-26 2.911180e-25 
2.924000e+00 2.122311e-25 7.824049e-26 2.904716e-25 
2.926000e+00 2.116625e-25 7.807068e-26 2.897332e-25 
2.928000e+00 2.110392e-25 7.771689e-26 2.887561e-25 
2.930000e+00 2.107379e-25 7.766999e-26 2.884079e-25 
2.932000e+00 2.100641e-25 7.752730e-26 2.875914e-25 
2.934000e+00 2.093153e-25 7.723474e-26 2.865500e-25 
2.936000e+00 2.088468e-25 7.706252e-26 2.859094e-25 
2.938000e+00 2.084331e-25 7.694777e-26 2.853808e-25 
2.940000e+00 2.081290e-25 7.670975e-26 2.848388e-25 
2.942000e+00 2.074923e-25 7.657703e-26 2.840693e-25 
2.944000e+00 2.068800e-25 7.645329e-26 2.833333e-25 
2.946000e+00 2.063480e-25 7.609254e-26 2.824406e-25 
2.948000e+00 2.057241e-25 7.597062e-26 2.816948e-25 
2.950000e+00 2.052341e-25 7.582265e-26 2.810567e-25 
2.952000e+00 2.046748e-25 7.553226e-26 2.802070e-25 
2.954000e+00 2.044461e-25 7.547838e-26 2.799245e-25 
2.956000e+00 2.038552e-25 7.531958e-26 2.791748e-25 
2.958000e+00 2.032700e-25 7.517235e-26 2.784424e-25 
2.960000e+00 2.027123e-25 7.491529e-26 2.776276e-25 
2.962000e+00 2.025293e-25 7.484394e-26 2.773732e-25 
2.964000e+00 2.019567e-25 7.471175e-26 2.766684e-25 
2.966000e+00 2.016768e-25 7.427499e-26 2.759518e-25 
2.968000e+00 2.010498e-25 7.427189e-26 2.753217e-25 
2.970000e+00 2.006456e-25 7.408958e-26 2.747352e-25 
2.972000e+00 2.000081e-25 7.402524e-26 2.740333e-25 
2.974000e+00 1.995211e-25 7.365653e-26 2.731777e-25 
2.976000e+00 1.990445e-25 7.363133e-26 2.726758e-25 
2.978000e+00 1.984476e-25 7.342886e-26 2.718764e-25 
2.980000e+00 1.979627e-25 7.319129e-26 2.711540e-25 
2.982000e+00 1.974920e-25 7.303564e-26 2.705276e-25 
2.984000e+00 1.969265e-25 7.296917e-26 2.698956e-25 
2.986000e+00 1.966150e-25 7.275532e-26 2.693703e-25 
2.988000e+00 1.954800e-25 7.249274e-26 2.679727e-25 
2.990000e+00 1.955578e-25 7.238019e-26 2.679380e-25 
2.992000e+00 1.951743e-25 7.226419e-26 2.674385e-25 
2.994000e+00 1.947770e-25 7.197239e-26 2.667494e-25 
2.996000e+00 1.941378e-25 7.184518e-26 2.659830e-25 
2.998000e+00 1.938704e-25 7.171680e-26 2.655872e-25 
