  0.01007967  8.618000e-01  7.001000e-01
  0.01019572  8.492000e-01  7.217000e-01
  0.01031448  8.331000e-01  7.392000e-01
  0.01042725  8.158000e-01  7.536000e-01
  0.01055149  7.977000e-01  7.641000e-01
  0.01067873  7.816000e-01  7.718000e-01
  0.01079965  7.677000e-01  7.781000e-01
  0.01092335  7.590000e-01  7.818000e-01
  0.01104991  7.523000e-01  7.885000e-01
  0.01117944  7.478000e-01  7.988000e-01
  0.01131204  7.458000e-01  8.181000e-01
  0.01143727  7.416000e-01  8.421000e-01
  0.01156530  7.297000e-01  8.707000e-01
  0.01170727  7.070000e-01  8.996000e-01
  0.01184145  6.767000e-01  9.256000e-01
  0.01197874  6.417000e-01  9.418000e-01
  0.01211926  6.055000e-01  9.516000e-01
  0.01225099  5.741000e-01  9.554000e-01
  0.01239800  5.452000e-01  9.562000e-01
  0.01254097  5.197000e-01  9.574000e-01
  0.01268727  4.955000e-01  9.585000e-01
  0.01283304  4.709000e-01  9.605000e-01
  0.01298220  4.456000e-01  9.620000e-01
  0.01313208  4.192000e-01  9.621000e-01
  0.01328405  3.918000e-01  9.599000e-01
  0.01343811  3.618000e-01  9.550000e-01
  0.01359430  3.343000e-01  9.457000e-01
  0.01375111  3.133000e-01  9.238000e-01
  0.01391002  2.955000e-01  9.060000e-01
  0.01407264  2.894000e-01  8.995000e-01
  0.01423421  2.923000e-01  9.027000e-01
  0.01439954  2.921000e-01  9.062000e-01
  0.01456703  2.887000e-01  9.100000e-01
  0.01473497  2.820000e-01  9.142000e-01
  0.01490502  2.720000e-01  9.188000e-01
  0.01507906  2.547000e-01  9.241000e-01
  0.01525344  2.307000e-01  9.293000e-01
  0.01542999  2.046000e-01  9.336000e-01
  0.01560871  1.764000e-01  9.369000e-01
  0.01578961  1.460000e-01  9.393000e-01
  0.01597269  1.133000e-01  9.406000e-01
  0.01615585  8.567000e-02  9.371000e-01
  0.01634326  5.939000e-02  9.315000e-01
  0.01653287  3.341000e-02  9.243000e-01
  0.01672467  7.729000e-03  9.155000e-01
  0.01691867  -1.762000e-02  9.051000e-01
  0.01711485  -4.271000e-02  8.943000e-01
  0.01731322  -6.771000e-02  8.832000e-01
  0.01751377  -9.261000e-02  8.709000e-01
  0.01771649  -1.174000e-01  8.574000e-01
  0.01792137  -1.420000e-01  8.427000e-01
  0.01812838  -1.672000e-01  8.272000e-01
  0.01833752  -1.925000e-01  8.102000e-01
  0.01855155  -2.174000e-01  7.911000e-01
  0.01876495  -2.419000e-01  7.699000e-01
  0.01898331  -2.659000e-01  7.463000e-01
  0.01920087  -2.921000e-01  7.183000e-01
  0.01942347  -3.156000e-01  6.872000e-01
  0.01964818  -3.361000e-01  6.532000e-01
  0.01987815  -3.536000e-01  6.163000e-01
  0.02010704  -3.648000e-01  5.724000e-01
  0.02034126  -3.679000e-01  5.245000e-01
  0.02057418  -3.658000e-01  4.785000e-01
  0.02081249  -3.584000e-01  4.342000e-01
  0.02105639  -3.438000e-01  3.955000e-01
  0.02129875  -3.213000e-01  3.729000e-01
  0.02154675  -2.977000e-01  3.550000e-01
  0.02179293  -2.731000e-01  3.420000e-01
  0.02204873  -2.497000e-01  3.332000e-01
  0.02230257  -2.369000e-01  3.238000e-01
  0.02256233  -2.264000e-01  3.157000e-01
  0.02282401  -2.181000e-01  3.091000e-01
  0.02308752  -2.112000e-01  3.032000e-01
  0.02335280  -2.035000e-01  2.969000e-01
  0.02362424  -1.964000e-01  2.908000e-01
  0.02389746  -1.900000e-01  2.852000e-01
  0.02417235  -1.842000e-01  2.798000e-01
  0.02445365  -1.788000e-01  2.746000e-01
  0.02473663  -1.738000e-01  2.696000e-01
  0.02502119  -1.693000e-01  2.648000e-01
  0.02531237  -1.651000e-01  2.601000e-01
  0.02560512  -1.611000e-01  2.555000e-01
  0.02590472  -1.575000e-01  2.511000e-01
  0.02620034  -1.541000e-01  2.468000e-01
  0.02650845  -1.510000e-01  2.425000e-01
  0.02681228  -1.481000e-01  2.384000e-01
  0.02712317  -1.453000e-01  2.344000e-01
  0.02743527  -1.427000e-01  2.305000e-01
  0.02775464  -1.403000e-01  2.266000e-01
  0.02807518  -1.380000e-01  2.228000e-01
  0.02840321  -1.358000e-01  2.190000e-01
  0.02873233  -1.337000e-01  2.153000e-01
  0.02906235  -1.317000e-01  2.116000e-01
  0.02940005  -1.299000e-01  2.080000e-01
  0.02973855  -1.281000e-01  2.044000e-01
  0.03008493  -1.264000e-01  2.008000e-01
  0.03043201  -1.248000e-01  1.974000e-01
  0.03078719  -1.233000e-01  1.939000e-01
  0.03114293  -1.218000e-01  1.905000e-01
  0.03150699  -1.203000e-01  1.871000e-01
  0.03187147  -1.189000e-01  1.838000e-01
  0.03223609  -1.175000e-01  1.805000e-01
  0.03260915  -1.162000e-01  1.772000e-01
  0.03299095  -1.150000e-01  1.739000e-01
  0.03337281  -1.137000e-01  1.707000e-01
  0.03375443  -1.125000e-01  1.676000e-01
  0.03414487  -1.114000e-01  1.644000e-01
  0.03454444  -1.102000e-01  1.613000e-01
  0.03494363  -1.090000e-01  1.583000e-01
  0.03534207  -1.079000e-01  1.552000e-01
  0.03576002  -1.068000e-01  1.522000e-01
  0.03616686  -1.056000e-01  1.493000e-01
  0.03659386  -1.045000e-01  1.463000e-01
  0.03700895  -1.034000e-01  1.434000e-01
  0.03744488  -1.023000e-01  1.405000e-01
  0.03787962  -1.012000e-01  1.377000e-01
  0.03831273  -1.001000e-01  1.349000e-01
  0.03875586  -9.907000e-02  1.321000e-01
  0.03920936  -9.800000e-02  1.293000e-01
  0.03966091  -9.694000e-02  1.266000e-01
  0.04012298  -9.588000e-02  1.239000e-01
  0.04058265  -9.480000e-02  1.213000e-01
  0.04105298  -9.373000e-02  1.187000e-01
  0.04153434  -9.265000e-02  1.162000e-01
  0.04201288  -9.157000e-02  1.136000e-01
  0.04250257  -9.049000e-02  1.111000e-01
  0.04298890  -8.942000e-02  1.086000e-01
  0.04348650  -8.834000e-02  1.062000e-01
  0.04399574  -8.725000e-02  1.037000e-01
  0.04450108  -8.614000e-02  1.014000e-01
  0.04501816  -8.502000e-02  9.909000e-02
  0.04553066  -8.389000e-02  9.682000e-02
  0.04605498  -8.275000e-02  9.459000e-02
  0.04659151  -8.163000e-02  9.236000e-02
  0.04714068  -8.050000e-02  9.017000e-02
  0.04768461  -7.935000e-02  8.801000e-02
  0.04824125  -7.819000e-02  8.589000e-02
  0.04879181  -7.701000e-02  8.381000e-02
  0.04935510  -7.580000e-02  8.177000e-02
  0.04993153  -7.456000e-02  7.976000e-02
  0.05050102  -7.330000e-02  7.778000e-02
  0.05108364  -7.200000e-02  7.584000e-02
  0.05167987  -7.067000e-02  7.394000e-02
  0.05229017  -6.932000e-02  7.207000e-02
  0.05289249  -6.783000e-02  7.021000e-02
  0.05350885  -6.589000e-02  6.836000e-02
  0.05411610  -6.394000e-02  6.885000e-02
  0.05473731  -6.350000e-02  6.731000e-02
  0.05537293  -6.277000e-02  6.584000e-02
  0.05602350  -6.186000e-02  6.439000e-02
  0.05666362  -6.087000e-02  6.299000e-02
  0.05731854  -5.986000e-02  6.161000e-02
  0.05798878  -5.891000e-02  6.025000e-02
  0.05867487  -5.791000e-02  5.893000e-02
  0.05934897  -5.685000e-02  5.762000e-02
  0.06003874  -5.572000e-02  5.635000e-02
  0.06071499  -5.452000e-02  5.509000e-02
  0.06143707  -5.324000e-02  5.387000e-02
  0.06214536  -5.189000e-02  5.267000e-02
  0.06287018  -5.045000e-02  5.151000e-02
  0.06357949  -4.894000e-02  5.037000e-02
  0.06430498  -4.735000e-02  4.927000e-02
  0.06508136  -4.577000e-02  4.821000e-02
  0.06580679  -4.618000e-02  5.158000e-02
  0.06658432  -4.643000e-02  5.041000e-02
  0.06734384  -4.627000e-02  4.926000e-02
  0.06812088  -4.604000e-02  4.813000e-02
  0.06891606  -4.576000e-02  4.702000e-02
  0.06973003  -4.541000e-02  4.594000e-02
  0.07052332  -4.494000e-02  4.490000e-02
  0.07133487  -4.440000e-02  4.388000e-02
  0.07216531  -4.383000e-02  4.288000e-02
  0.07301531  -4.324000e-02  4.191000e-02
  0.07384157  -4.262000e-02  4.096000e-02
  0.07468675  -4.197000e-02  4.003000e-02
  0.07555149  -4.134000e-02  3.912000e-02
  0.07643650  -4.072000e-02  3.824000e-02
  0.07734248  -4.010000e-02  3.737000e-02
  0.07822082  -3.948000e-02  3.651000e-02
  0.07911934  -3.886000e-02  3.568000e-02
  0.08003873  -3.824000e-02  3.487000e-02
  0.08097975  -3.763000e-02  3.406000e-02
  0.08188904  -3.702000e-02  3.327000e-02
  0.08287433  -3.640000e-02  3.249000e-02
  0.08382691  -3.578000e-02  3.172000e-02
  0.08480164  -3.515000e-02  3.098000e-02
  0.08579931  -3.452000e-02  3.024000e-02
  0.08675997  -3.386000e-02  2.951000e-02
  0.08774239  -3.319000e-02  2.880000e-02
  0.08881089  -3.250000e-02  2.810000e-02
  0.08984058  -3.180000e-02  2.742000e-02
  0.09082784  -3.089000e-02  2.673000e-02
  0.09190512  -2.985000e-02  2.606000e-02
  0.09293853  -2.917000e-02  2.676000e-02
  0.09406677  -2.917000e-02  2.611000e-02
  0.09514965  -2.877000e-02  2.547000e-02
  0.09625776  -2.794000e-02  2.482000e-02
  0.09731554  -2.763000e-02  2.528000e-02
  0.09847498  -2.752000e-02  2.465000e-02
  0.09958233  -2.736000e-02  2.403000e-02
  0.10079675  -2.712000e-02  2.342000e-02
  0.10195723  -2.682000e-02  2.282000e-02
  0.10314476  -2.645000e-02  2.223000e-02
  0.10427250  -2.602000e-02  2.165000e-02
  0.10551490  -2.553000e-02  2.108000e-02
  0.10678725  -2.497000e-02  2.052000e-02
  0.10799652  -2.434000e-02  1.996000e-02
  0.10923348  -2.363000e-02  1.942000e-02
  0.11049911  -2.286000e-02  1.889000e-02
  0.11179441  -2.201000e-02  1.837000e-02
  0.11312044  -2.109000e-02  1.786000e-02
  0.11437270  -1.940000e-02  1.735000e-02
  0.11565299  -1.747000e-02  1.684000e-02
  0.11707271  -1.726000e-02  2.157000e-02
  0.11841452  -1.971000e-02  2.107000e-02
  0.11978744  -2.020000e-02  2.054000e-02
  0.12119257  -2.032000e-02  2.001000e-02
  0.12250988  -2.035000e-02  1.949000e-02
  0.12398000  -2.036000e-02  1.897000e-02
  0.12540967  -2.035000e-02  1.846000e-02
  0.12687270  -2.030000e-02  1.797000e-02
  0.12833040  -2.023000e-02  1.748000e-02
  0.12982199  -2.013000e-02  1.699000e-02
  0.13132083  -1.998000e-02  1.653000e-02
  0.13284046  -1.981000e-02  1.607000e-02
  0.13438110  -1.962000e-02  1.562000e-02
  0.13594299  -1.941000e-02  1.518000e-02
  0.13751110  -1.918000e-02  1.475000e-02
  0.13910019  -1.893000e-02  1.433000e-02
  0.14072645  -1.867000e-02  1.392000e-02
  0.14234214  -1.843000e-02  1.352000e-02
  0.14399536  -1.818000e-02  1.312000e-02
  0.14567030  -1.792000e-02  1.274000e-02
  0.14734965  -1.766000e-02  1.237000e-02
  0.14905026  -1.739000e-02  1.200000e-02
  0.15079057  -1.712000e-02  1.165000e-02
  0.15253444  -1.685000e-02  1.130000e-02
  0.15429993  -1.657000e-02  1.097000e-02
  0.15608713  -1.629000e-02  1.064000e-02
  0.15789607  -1.599000e-02  1.032000e-02
  0.15972688  -1.570000e-02  1.002000e-02
  0.16155850  -1.537000e-02  9.713000e-03
  0.16343264  -1.502000e-02  9.417000e-03
  0.16532871  -1.465000e-02  9.129000e-03
  0.16724673  -1.406000e-02  8.849000e-03
  0.16918668  -1.389000e-02  9.379000e-03
  0.17114853  -1.400000e-02  9.100000e-03
  0.17313225  -1.390000e-02  8.824000e-03
  0.17513773  -1.376000e-02  8.556000e-03
  0.17716490  -1.358000e-02  8.298000e-03
  0.17921364  -1.340000e-02  8.046000e-03
  0.18128381  -1.321000e-02  7.800000e-03
  0.18337524  -1.301000e-02  7.560000e-03
  0.18551549  -1.282000e-02  7.326000e-03
  0.18764947  -1.262000e-02  7.098000e-03
  0.18983310  -1.242000e-02  6.877000e-03
  0.19200867  -1.221000e-02  6.666000e-03
  0.19423469  -1.200000e-02  6.459000e-03
  0.19648177  -1.180000e-02  6.257000e-03
  0.19878146  -1.160000e-02  6.061000e-03
  0.20107039  -1.140000e-02  5.872000e-03
  0.20341263  -1.120000e-02  5.691000e-03
  0.20574179  -1.100000e-02  5.514000e-03
  0.20812490  -1.081000e-02  5.341000e-03
  0.21056385  -1.061000e-02  5.171000e-03
  0.21298746  -1.042000e-02  5.005000e-03
  0.21546750  -1.023000e-02  4.844000e-03
  0.21792935  -1.004000e-02  4.688000e-03
  0.22048728  -9.849000e-03  4.536000e-03
  0.22302572  -9.663000e-03  4.391000e-03
  0.22562329  -9.479000e-03  4.250000e-03
  0.22819804  -9.297000e-03  4.112000e-03
  0.23087524  -9.118000e-03  3.979000e-03
  0.23352796  -8.940000e-03  3.850000e-03
  0.23624238  -8.765000e-03  3.726000e-03
  0.23897456  -8.593000e-03  3.606000e-03
  0.24172352  -8.424000e-03  3.490000e-03
  0.24453649  -8.258000e-03  3.376000e-03
  0.24736632  -8.093000e-03  3.265000e-03
  0.25026241  -7.932000e-03  3.158000e-03
  0.25312372  -7.773000e-03  3.054000e-03
  0.25605121  -7.616000e-03  2.954000e-03
  0.25904721  -7.463000e-03  2.857000e-03
  0.26200337  -7.311000e-03  2.764000e-03
  0.26508446  -7.162000e-03  2.672000e-03
  0.26812285  -7.015000e-03  2.583000e-03
  0.27123167  -6.870000e-03  2.497000e-03
  0.27435272  -6.728000e-03  2.414000e-03
  0.27754646  -6.588000e-03  2.334000e-03
  0.28075181  -6.451000e-03  2.256000e-03
  0.28403208  -6.316000e-03  2.181000e-03
  0.28732329  -6.183000e-03  2.108000e-03
  0.29062354  -6.052000e-03  2.036000e-03
  0.29400046  -5.924000e-03  1.968000e-03
  0.29738548  -5.798000e-03  1.901000e-03
  0.30084931  -5.674000e-03  1.837000e-03
  0.30432009  -5.553000e-03  1.775000e-03
  0.30787185  -5.433000e-03  1.714000e-03
  0.31142930  -5.315000e-03  1.655000e-03
  0.31506989  -5.200000e-03  1.599000e-03
  0.31871465  -5.087000e-03  1.544000e-03
  0.32236090  -4.976000e-03  1.491000e-03
  0.32609152  -4.866000e-03  1.440000e-03
  0.32990953  -4.759000e-03  1.390000e-03
  0.33372812  -4.653000e-03  1.342000e-03
  0.33754424  -4.550000e-03  1.295000e-03
  0.34144864  -4.448000e-03  1.250000e-03
  0.34544441  -4.347000e-03  1.206000e-03
  0.34943630  -4.248000e-03  1.164000e-03
  0.35342076  -4.151000e-03  1.123000e-03
  0.35760022  -4.056000e-03  1.084000e-03
  0.36166861  -3.963000e-03  1.045000e-03
  0.36593861  -3.873000e-03  1.009000e-03
  0.37008956  -3.784000e-03  9.727000e-04
  0.37444880  -3.696000e-03  9.382000e-04
  0.37879621  -3.611000e-03  9.049000e-04
  0.38312732  -3.527000e-03  8.730000e-04
  0.38755862  -3.443000e-03  8.420000e-04
  0.39209360  -3.361000e-03  8.117000e-04
  0.39660908  -3.280000e-03  7.823000e-04
  0.40122977  -3.202000e-03  7.541000e-04
  0.40582652  -3.128000e-03  7.281000e-04
  0.41052981  -3.054000e-03  7.025000e-04
  0.41534340  -2.981000e-03  6.775000e-04
  0.42012879  -2.908000e-03  6.530000e-04
  0.42502570  -2.836000e-03  6.291000e-04
  0.42988903  -2.764000e-03  6.058000e-04
  0.43486495  -2.692000e-03  5.831000e-04
  0.43995741  -2.621000e-03  5.611000e-04
  0.44501076  -2.551000e-03  5.398000e-04
  0.45018155  -2.481000e-03  5.192000e-04
  0.45530665  -2.417000e-03  4.994000e-04
  0.46054978  -2.352000e-03  4.803000e-04
  0.46591507  -2.287000e-03  4.619000e-04
  0.47140684  -2.220000e-03  4.442000e-04
  0.47684615  -2.153000e-03  4.273000e-04
  0.48241245  -2.085000e-03  4.112000e-04
  0.48791814  -2.016000e-03  3.959000e-04
  0.49355095  -1.946000e-03  3.814000e-04
  0.49931533  -1.876000e-03  3.679000e-04
  0.50501017  -1.773000e-03  3.538000e-04
  0.51083641  -1.658000e-03  3.401000e-04
  0.51679864  -1.534000e-03  3.270000e-04
  0.52290175  -1.400000e-03  3.146000e-04
  0.52892493  -1.257000e-03  3.028000e-04
  0.53508849  -1.207000e-03  7.783000e-04
  0.54116107  -1.396000e-03  7.532000e-04
  0.54737306  -1.450000e-03  7.287000e-04
  0.55372933  -1.467000e-03  7.050000e-04
  0.56023495  -1.465000e-03  6.819000e-04
  0.56663622  -1.460000e-03  6.592000e-04
  0.57318541  -1.454000e-03  6.370000e-04
  0.57988775  -1.445000e-03  6.152000e-04
  0.58674869  -1.434000e-03  5.939000e-04
  0.59348969  -1.421000e-03  5.732000e-04
  0.60038744  -1.405000e-03  5.530000e-04
  0.60714987  -1.385000e-03  5.336000e-04
  0.61437066  -1.364000e-03  5.148000e-04
  0.62145362  -1.342000e-03  4.964000e-04
  0.62870179  -1.317000e-03  4.786000e-04
  0.63579489  -1.291000e-03  4.614000e-04
  0.64304979  -1.264000e-03  4.447000e-04
  0.65081366  -1.235000e-03  4.286000e-04
  0.65806793  -1.208000e-03  4.128000e-04
  0.66584319  -1.181000e-03  3.975000e-04
  0.67343833  -1.152000e-03  3.827000e-04
  0.68120879  -1.122000e-03  3.684000e-04
  0.68916066  -1.091000e-03  3.547000e-04
  0.69730032  -1.059000e-03  3.416000e-04
  0.70523322  -1.021000e-03  3.288000e-04
  0.71334869  -9.791000e-04  3.162000e-04
  0.72165307  -9.335000e-04  3.042000e-04
  0.73015312  -8.841000e-04  2.927000e-04
  0.73841573  -7.757000e-04  2.814000e-04
  0.74686749  -8.083000e-04  4.942000e-04
  0.75551491  -8.507000e-04  4.764000e-04
  0.76436498  -8.653000e-04  4.591000e-04
  0.77342484  -8.745000e-04  4.422000e-04
  0.78220822  -8.781000e-04  4.258000e-04
  0.79119333  -8.761000e-04  4.099000e-04
  0.80038733  -8.683000e-04  3.945000e-04
  0.80979751  -8.565000e-04  3.796000e-04
  0.81889035  -8.392000e-04  3.652000e-04
  0.82874333  -8.161000e-04  3.514000e-04
  0.83826912  -8.030000e-04  3.737000e-04
  0.84801644  -8.061000e-04  3.600000e-04
  0.85799311  -8.007000e-04  3.470000e-04
  0.86759969  -7.924000e-04  3.344000e-04
  0.87742389  -7.835000e-04  3.221000e-04
  0.88810886  -7.739000e-04  3.102000e-04
  0.89840578  -7.637000e-04  2.986000e-04
  0.90827837  -7.524000e-04  2.875000e-04
  0.91905113  -7.408000e-04  2.767000e-04
  0.92938529  -7.287000e-04  2.663000e-04
  0.94066766  -7.163000e-04  2.562000e-04
  0.95149653  -7.036000e-04  2.466000e-04
  0.96257762  -6.912000e-04  2.373000e-04
  0.97315539  -6.788000e-04  2.283000e-04
  0.98474977  -6.665000e-04  2.195000e-04
  0.99582325  -6.542000e-04  2.110000e-04
  1.00000000  -6.469000e-04  2.078000e-04
  1.02329299  -6.213000e-04  1.918000e-04
  1.04712855  -5.967000e-04  1.770000e-04
  1.07151931  -5.731000e-04  1.634000e-04
  1.09647820  -5.504000e-04  1.508000e-04
  1.12201845  -5.286000e-04  1.392000e-04
  1.14815362  -5.077000e-04  1.285000e-04
  1.17489755  -4.876000e-04  1.186000e-04
  1.20226443  -4.684000e-04  1.095000e-04
  1.23026877  -4.498000e-04  1.011000e-04
  1.25892541  -4.320000e-04  9.327000e-05
  1.28824955  -4.149000e-04  8.609000e-05
  1.31825674  -3.985000e-04  7.947000e-05
  1.34896288  -3.828000e-04  7.335000e-05
  1.38038426  -3.676000e-04  6.770000e-05
  1.41253754  -3.531000e-04  6.249000e-05
  1.44543977  -3.391000e-04  5.768000e-05
  1.47910839  -3.257000e-04  5.324000e-05
  1.51356125  -3.128000e-04  4.914000e-05
  1.54881662  -3.004000e-04  4.536000e-05
  1.58489319  -2.886000e-04  4.187000e-05
  1.62181010  -2.771000e-04  3.865000e-05
  1.65958691  -2.662000e-04  3.567000e-05
  1.69824365  -2.557000e-04  3.292000e-05
  1.73780083  -2.455000e-04  3.039000e-05
  1.77827941  -2.358000e-04  2.805000e-05
  1.81970086  -2.265000e-04  2.589000e-05
  1.86208714  -2.175000e-04  2.390000e-05
  1.90546072  -2.089000e-04  2.206000e-05
  1.94984460  -2.007000e-04  2.036000e-05
  1.99526231  -1.927000e-04  1.879000e-05
  2.04173794  -1.851000e-04  1.735000e-05
  2.08929613  -1.778000e-04  1.601000e-05
  2.13796209  -1.707000e-04  1.478000e-05
  2.18776162  -1.640000e-04  1.364000e-05
  2.23872114  -1.575000e-04  1.259000e-05
  2.29086765  -1.513000e-04  1.162000e-05
  2.34422882  -1.453000e-04  1.073000e-05
  2.39883292  -1.395000e-04  9.902000e-06
  2.45470892  -1.340000e-04  9.140000e-06
  2.51188643  -1.287000e-04  8.436000e-06
  2.57039578  -1.236000e-04  7.787000e-06
  2.63026799  -1.187000e-04  7.187000e-06
  2.69153480  -1.140000e-04  6.634000e-06
  2.75422870  -1.095000e-04  6.124000e-06
  2.81838293  -1.052000e-04  5.652000e-06
  2.88403150  -1.010000e-04  5.217000e-06
  2.95120923  -9.704000e-05  4.816000e-06
  3.01995172  -9.320000e-05  4.445000e-06
  3.09029543  -8.952000e-05  4.103000e-06
  3.16227766  -8.598000e-05  3.787000e-06
  3.23593657  -8.257000e-05  3.495000e-06
  3.31131121  -7.931000e-05  3.226000e-06
  3.38844156  -7.617000e-05  2.978000e-06
  3.46736850  -7.316000e-05  2.749000e-06
  3.54813389  -7.026000e-05  2.537000e-06
  3.63078055  -6.748000e-05  2.342000e-06
  3.71535229  -6.481000e-05  2.162000e-06
  3.80189396  -6.225000e-05  1.995000e-06
  3.89045145  -5.979000e-05  1.842000e-06
  3.98107171  -5.742000e-05  1.700000e-06
  4.07380278  -5.515000e-05  1.569000e-06
  4.16869383  -5.297000e-05  1.448000e-06
  4.26579519  -5.087000e-05  1.337000e-06
  4.36515832  -4.886000e-05  1.234000e-06
  4.46683592  -4.693000e-05  1.139000e-06
  4.57088190  -4.507000e-05  1.051000e-06
  4.67735141  -4.329000e-05  9.703000e-07
  4.78630092  -4.158000e-05  8.956000e-07
  4.89778819  -3.993000e-05  8.267000e-07
  5.01187234  -3.835000e-05  7.630000e-07
  5.12861384  -3.684000e-05  7.043000e-07
  5.24807460  -3.538000e-05  6.501000e-07
  5.37031796  -3.398000e-05  6.000000e-07
  5.49540874  -3.264000e-05  5.539000e-07
  5.62341325  -3.134000e-05  5.112000e-07
  5.75439937  -3.010000e-05  4.719000e-07
  5.88843655  -2.891000e-05  4.356000e-07
  6.02559586  -2.777000e-05  4.020000e-07
  6.16595002  -2.667000e-05  3.711000e-07
  6.30957344  -2.562000e-05  3.425000e-07
  6.45654229  -2.460000e-05  3.161000e-07
  6.60693448  -2.363000e-05  2.918000e-07
  6.76082975  -2.269000e-05  2.694000e-07
  6.91830971  -2.180000e-05  2.486000e-07
  7.07945784  -2.093000e-05  2.295000e-07
  7.24435960  -2.011000e-05  2.118000e-07
  7.41310241  -1.931000e-05  1.955000e-07
  7.58577575  -1.855000e-05  1.805000e-07
  7.76247117  -1.781000e-05  1.666000e-07
  7.94328235  -1.711000e-05  1.537000e-07
  8.12830516  -1.643000e-05  1.419000e-07
  8.31763771  -1.578000e-05  1.310000e-07
  8.51138038  -1.516000e-05  1.209000e-07
  8.70963590  -1.456000e-05  1.116000e-07
  8.91250938  -1.398000e-05  1.030000e-07
  9.12010839  -1.343000e-05  9.508000e-08
  9.33254301  -1.290000e-05  8.776000e-08
  9.54992586  -1.239000e-05  8.101000e-08
  9.77237221  -1.190000e-05  7.477000e-08
 10.00000000  -1.143000e-05  6.902000e-08
 10.23292992  -1.098000e-05  6.370000e-08
 10.47128548  -1.054000e-05  5.880000e-08
 10.71519305  -1.012000e-05  5.427000e-08
 10.96478196  -9.724000e-06  5.010000e-08
 11.22018454  -9.339000e-06  4.624000e-08
 11.48153621  -8.970000e-06  4.268000e-08
 11.74897555  -8.615000e-06  3.939000e-08
 12.02264435  -8.274000e-06  3.636000e-08
 12.30268771  -7.947000e-06  3.356000e-08
 12.58925412  -7.632000e-06  3.098000e-08
 12.88249552  -7.330000e-06  2.859000e-08
 13.18256739  -7.040000e-06  2.639000e-08
 13.48962883  -6.762000e-06  2.436000e-08
 13.80384265  -6.494000e-06  2.249000e-08
 14.12537545  -6.237000e-06  2.076000e-08
 14.45439771  -5.991000e-06  1.916000e-08
 14.79108388  -5.754000e-06  1.768000e-08
 15.13561248  -5.526000e-06  1.632000e-08
 15.48816619  -5.308000e-06  1.507000e-08
 15.84893192  -5.098000e-06  1.391000e-08
 16.21810097  -4.896000e-06  1.284000e-08
 16.59586907  -4.702000e-06  1.185000e-08
 16.98243652  -4.516000e-06  1.094000e-08
 17.37800829  -4.338000e-06  1.009000e-08
 17.78279410  -4.166000e-06  9.317000e-09
 18.19700859  -4.001000e-06  8.600000e-09
 18.62087137  -3.843000e-06  7.938000e-09
 19.05460718  -3.691000e-06  7.327000e-09
 19.49844600  -3.545000e-06  6.763000e-09
 19.95262315  -3.405000e-06  6.242000e-09
 20.41737945  -3.270000e-06  5.762000e-09
 20.89296131  -3.141000e-06  5.318000e-09
 21.37962090  -3.016000e-06  4.909000e-09
 21.87761624  -2.897000e-06  4.531000e-09
 22.38721139  -2.783000e-06  4.182000e-09
 22.90867653  -2.672000e-06  3.860000e-09
 23.44228815  -2.567000e-06  3.563000e-09
 23.98832919  -2.465000e-06  3.289000e-09
 24.54708916  -2.368000e-06  3.036000e-09
 25.11886432  -2.274000e-06  2.802000e-09
 25.70395783  -2.184000e-06  2.586000e-09
 26.30267992  -2.098000e-06  2.387000e-09
 26.91534804  -2.015000e-06  2.203000e-09
 27.54228703  -1.935000e-06  2.034000e-09
 28.18382931  -1.858000e-06  1.877000e-09
 28.84031503  -1.785000e-06  1.733000e-09
 29.51209227  -1.714000e-06  1.599000e-09
 30.19951720  -1.647000e-06  1.476000e-09
 30.90295433  -1.581000e-06  1.363000e-09
 31.62277660  -1.519000e-06  1.258000e-09
 32.35936569  -1.459000e-06  1.161000e-09
 33.11311215  -1.401000e-06  1.072000e-09
 33.88441561  -1.346000e-06  9.891000e-10
 34.67368505  -1.292000e-06  9.130000e-10
 35.48133892  -1.241000e-06  8.427000e-10
 36.30780548  -1.192000e-06  7.778000e-10
 37.15352291  -1.145000e-06  7.180000e-10
 38.01893963  -1.100000e-06  6.627000e-10
 38.90451450  -1.056000e-06  6.117000e-10
 39.81071706  -1.014000e-06  5.646000e-10
 40.73802778  -9.743000e-07  5.211000e-10
 41.68693835  -9.358000e-07  4.810000e-10
 42.65795188  -8.987000e-07  4.440000e-10
 43.65158322  -8.632000e-07  4.098000e-10
 44.66835922  -8.290000e-07  3.783000e-10
 45.70881896  -7.962000e-07  3.492000e-10
 46.77351413  -7.648000e-07  3.223000e-10
 47.86300923  -7.345000e-07  2.975000e-10
 48.97788194  -7.054000e-07  2.746000e-10
 50.11872336  -6.775000e-07  2.534000e-10
 51.28613840  -6.507000e-07  2.339000e-10
 52.48074602  -6.250000e-07  2.159000e-10
 53.70317964  -6.003000e-07  1.993000e-10
 54.95408739  -5.765000e-07  1.840000e-10
 56.23413252  -5.537000e-07  1.698000e-10
 57.54399373  -5.318000e-07  1.567000e-10
 58.88436554  -5.108000e-07  1.447000e-10
 60.25595861  -4.906000e-07  1.335000e-10
 61.65950019  -4.712000e-07  1.233000e-10
 63.09573445  -4.525000e-07  1.138000e-10
 64.56542290  -4.346000e-07  1.050000e-10
 66.06934480  -4.174000e-07  9.692000e-11
 67.60829754  -4.009000e-07  8.946000e-11
 69.18309709  -3.851000e-07  8.258000e-11
 70.79457844  -3.698000e-07  7.622000e-11
 72.44359601  -3.552000e-07  7.035000e-11
 74.13102413  -3.412000e-07  6.494000e-11
 75.85775750  -3.277000e-07  5.994000e-11
 77.62471166  -3.147000e-07  5.533000e-11
 79.43282347  -3.022000e-07  5.107000e-11
 81.28305162  -2.903000e-07  4.714000e-11
 83.17637711  -2.788000e-07  4.351000e-11
 85.11380382  -2.678000e-07  4.016000e-11
 87.09635900  -2.572000e-07  3.707000e-11
 89.12509381  -2.470000e-07  3.421000e-11
 91.20108394  -2.372000e-07  3.158000e-11
 93.32543008  -2.279000e-07  2.915000e-11
 95.49925860  -2.188000e-07  2.691000e-11
 97.72372210  -2.102000e-07  2.483000e-11
