  9.99968e-09      2.43500   0.00111900
  1.23996e-08      2.43500   0.00138800
  1.77094e-08      2.43500   0.00198200
  1.99994e-08      2.43500   0.00223900
  2.47992e-08      2.43500   0.00277500
  4.13287e-08      2.43500   0.00462600
  4.99984e-08      2.43400   0.00559600
  6.19880e-08      2.43400   0.00693900
  8.26574e-08      2.43400   0.00925400
  9.99968e-08      2.43300    0.0112000
  1.12696e-07      2.43200    0.0126200
  1.23996e-07      2.43200    0.0138400
  1.37796e-07      2.43100    0.0148000
  1.77094e-07      2.42900    0.0172200
  1.99994e-07      2.42800    0.0185300
  2.47992e-07      2.42600    0.0210900
  3.09990e-07      2.42400    0.0241300
  4.13287e-07      2.42100    0.0287000
  4.99984e-07      2.41800    0.0321900
  6.19880e-07      2.41600    0.0366500
  8.26574e-07      2.41200    0.0436100
  9.99968e-07      2.40900    0.0489300
  1.03297e-06      2.40800    0.0499000
  1.23996e-06      2.40600    0.0557300
  1.37796e-06      2.40400    0.0594000
  1.55495e-06      2.40300    0.0638800
  1.65295e-06      2.40300    0.0662800
  1.77094e-06      2.40300    0.0691800
  1.82894e-06      2.40300    0.0706500
  1.88494e-06      2.40300    0.0721000
  1.94394e-06      2.40300    0.0736400
  1.99994e-06      2.40300    0.0751400
  2.07293e-06      2.40300    0.0771400
  2.26193e-06      2.40400    0.0825500
  2.47992e-06      2.40500    0.0892200
  2.76391e-06      2.40700    0.0986000
  3.10990e-06      2.41000     0.111100
  3.55389e-06      2.41300     0.128900
  4.13287e-06      2.41600     0.155100
  4.50885e-06      2.41700     0.173900
  4.76885e-06      2.41600     0.187700
  4.95884e-06      2.41400     0.197800
  4.99984e-06      2.41400     0.199800
  5.16583e-06      2.41100     0.206900
  5.50982e-06      2.40800     0.220700
  6.19880e-06      2.40200     0.248700
  7.08477e-06      2.39500     0.284800
  8.26573e-06      2.38500     0.333000
  9.18370e-06      2.37600     0.370600
  9.99968e-06      2.36600     0.404000
  1.04997e-05      2.36000     0.424500
  1.09996e-05      2.35300     0.445000
  1.19996e-05      2.33900     0.485800
  1.23996e-05      2.33300     0.502100
  1.29996e-05      2.32300     0.526400
  1.34996e-05      2.31400     0.546600
  1.39995e-05      2.30500     0.566600
  1.44995e-05      2.29500     0.586500
  1.49995e-05      2.28500     0.606300
  1.54995e-05      2.27400     0.625800
  1.59995e-05      2.26300     0.645100
  1.64995e-05      2.25100     0.664200
  1.69995e-05      2.23900     0.683000
  1.74994e-05      2.22700     0.701500
  1.77094e-05      2.22100     0.709200
  1.79994e-05      2.21400     0.719700
  1.84994e-05      2.20000     0.737500
  1.89994e-05      2.18600     0.754900
  1.94994e-05      2.17200     0.771900
  1.99994e-05      2.15700     0.788500
  2.09993e-05      2.12700     0.820400
  2.19993e-05      2.09500     0.850200
  2.29993e-05      2.06200     0.878100
  2.39992e-05      2.02900     0.903900
  2.47992e-05      2.00200     0.923000
  2.74991e-05      1.90900     0.978800
  2.99990e-05      1.82300      1.01900
  3.29989e-05      1.72100      1.05000
  3.69988e-05      1.61100      1.08500
  4.13287e-05      1.48200      1.11600
  4.49985e-05      1.37100      1.12600
  4.95984e-05      1.23900      1.13600
  4.99984e-05      1.22600      1.13500
  5.09983e-05      1.19700      1.12900
  5.19983e-05      1.17100      1.12800
  5.29983e-05      1.14100      1.12400
  5.39983e-05      1.11500      1.11900
  5.49982e-05      1.08800      1.12000
  5.59982e-05      1.05400      1.11600
  5.69982e-05      1.02400      1.10600
  5.79981e-05     0.997100      1.09900
  5.89981e-05     0.966600      1.09200
  5.99981e-05     0.936200      1.08200
  6.09980e-05     0.907600      1.07200
  6.19880e-05     0.873500      1.06500
  6.39979e-05     0.799000      1.02200
  6.59979e-05     0.741400     0.966400
  6.79978e-05     0.697500     0.895200
  6.99977e-05     0.673500     0.825900
  7.19977e-05     0.663600     0.753800
  7.39976e-05     0.669000     0.690300
  7.59976e-05     0.683800     0.629900
  7.79975e-05     0.710900     0.579600
  7.99974e-05     0.743600     0.536900
  8.19974e-05     0.784900     0.503700
  8.26573e-05     0.799400     0.494900
  8.39973e-05     0.831100     0.479000
  8.59972e-05     0.889200     0.465100
  8.79972e-05     0.954700     0.474500
  8.99971e-05      1.01400     0.511800
  9.19970e-05      1.05200     0.569100
  9.39970e-05      1.06700     0.628300
  9.59969e-05      1.07200     0.687600
  9.79968e-05      1.06000     0.750400
  9.99968e-05      1.03400     0.803900
  0.000100997      1.02000     0.827900
  0.000101997      1.00500     0.852700
  0.000103997     0.962200     0.901600
  0.000105997     0.908500     0.935300
  0.000107997     0.860200     0.958800
  0.000109996     0.809800     0.984600
  0.000111996     0.751300      1.00400
  0.000113996     0.693500      1.01600
  0.000115996     0.628900      1.03000
  0.000117996     0.549900      1.03000
  0.000119996     0.474100      1.00500
  0.000121996     0.416700     0.969200
  0.000123996     0.370100     0.939100
  0.000125996     0.322200     0.913600
  0.000127996     0.267300     0.885200
  0.000128296     0.258600     0.880200
  0.000129996     0.208200     0.845300
  0.000131996     0.153100     0.790100
  0.000133996     0.109600     0.722500
  0.000135996    0.0821500     0.648200
  0.000137996    0.0718900     0.574600
  0.000139995    0.0754600     0.508300
  0.000141995    0.0870000     0.452700
  0.000143995    0.0999000     0.407700
  0.000145995     0.109100     0.368700
  0.000147995     0.114500     0.328900
  0.000149995     0.121700     0.284700
  0.000154995     0.172900     0.176000
  0.000159995     0.249400     0.108200
  0.000164995     0.320700    0.0736400
  0.000169994     0.378700    0.0612300
  0.000174994     0.420700    0.0575500
  0.000179394     0.449200    0.0566600
  0.000184994     0.477000    0.0561100
  0.000189994     0.496800    0.0554000
  0.000194994     0.513300    0.0544700
  0.000199994     0.527600    0.0533000
  0.000209993     0.551000    0.0506100
  0.000219993     0.570300    0.0484000
  0.000224993     0.578500    0.0475100
  0.000239992     0.598800    0.0455000
  0.000247992     0.607500    0.0447700
  0.000259992     0.618700    0.0439200
  0.000279991     0.632700    0.0429600
  0.000299990     0.642900    0.0422800
  0.000319990     0.650700    0.0414400
  0.000339989     0.656700    0.0406700
  0.000364488     0.662400    0.0397700
  0.000379988     0.665300    0.0391500
  0.000399987     0.668400    0.0382700
  0.000449985     0.674400    0.0367700
  0.000499984     0.678000    0.0356000
  0.000511483     0.678900    0.0353800
  0.000549982     0.680700    0.0347000
  0.000563582     0.681100    0.0344800
  0.000584281     0.682000    0.0341600
  0.000599981     0.682500    0.0339500
  0.000649979     0.683500    0.0333300
  0.000699977     0.684500    0.0328200
  0.000751376     0.685100    0.0324600
  0.000799974     0.685600    0.0321800
  0.000849973     0.685600    0.0318900
  0.000899971     0.686000    0.0316400
  0.000949969     0.685900    0.0314000
  0.000991868     0.685900    0.0312300
  0.000999968     0.686100    0.0312000
   0.00109996     0.686300    0.0310100
   0.00123996     0.686300    0.0307700
   0.00137796     0.686200    0.0306000
   0.00154995     0.686300    0.0304000
   0.00177094     0.687300    0.0301600
   0.00188894     0.687800    0.0300600
   0.00225393     0.690400    0.0298600
   0.00255092     0.694000    0.0297300
   0.00281791     0.697700    0.0296400
   0.00285691     0.698300    0.0296200
   0.00309990     0.702800    0.0295400
   0.00324990     0.705800    0.0294600
   0.00339689     0.709100    0.0293800
   0.00360388     0.714400    0.0292800
   0.00379988     0.720000    0.0291600
   0.00399987     0.726100    0.0290600
   0.00424986     0.735100    0.0288800
   0.00434986     0.739200    0.0288100
   0.00452485     0.746600    0.0286900
   0.00479985     0.759800    0.0284400
   0.00495884     0.768600    0.0282700
   0.00516583     0.781600    0.0274400
   0.00519983     0.783800    0.0273600
   0.00529983     0.791400    0.0272400
   0.00539083     0.798600    0.0273200
   0.00549982     0.808000    0.0276500
   0.00559982     0.817700    0.0285000
   0.00566082     0.823800    0.0293100
   0.00569982     0.827600    0.0299300
   0.00579981     0.838300    0.0319300
   0.00590381     0.849500    0.0346300
   0.00619880     0.884600    0.0462200
   0.00652579     0.926100    0.0667700
   0.00688778     0.977500    0.0996200
   0.00729277      1.03900     0.157100
   0.00749976      1.06900     0.197600
   0.00774875      1.10100     0.260100
   0.00799974      1.12000     0.336800
   0.00832073      1.10900     0.448900
   0.00849973      1.08200     0.504400
   0.00859973      1.06000     0.529700
   0.00869972      1.03700     0.548300
   0.00879972      1.01700     0.560900
   0.00891971     0.997900     0.573400
   0.00909971     0.973900     0.591200
   0.00929970     0.951000     0.610500
   0.00949969     0.930700     0.629300
   0.00969968     0.911500     0.648200
   0.00991868     0.892100     0.668800
    0.0101997     0.867500     0.695600
    0.0105067     0.841300     0.725600
    0.0107997     0.815500     0.755200
    0.0111696     0.781400     0.794600
    0.0114996     0.747600     0.832600
    0.0118076     0.711400     0.873500
    0.0120996     0.651500     0.912200
    0.0123986     0.590700     0.926300
    0.0126996     0.536100     0.933200
    0.0129996     0.482800     0.936100
    0.0132996     0.429300     0.932600
    0.0135996     0.373900     0.917500
    0.0139995     0.329600     0.869400
    0.0149995     0.308800     0.890500
    0.0159995     0.156000     0.901800
    0.0169994    0.0324900     0.847500
    0.0179994   -0.0611100     0.772200
    0.0189994    -0.126300     0.686800
    0.0199994    -0.164600     0.598500
    0.0209993    -0.174700     0.515000
    0.0219993    -0.162100     0.453500
    0.0229993    -0.148100     0.416700
    0.0239992    -0.142700     0.390700
    0.0249992    -0.142500     0.367300
    0.0259992    -0.144300     0.344700
    0.0269991    -0.146500     0.322200
    0.0279991    -0.148300     0.299400
    0.0289991    -0.148500     0.276000
    0.0299990    -0.142900     0.252000
    0.0319990    -0.130400     0.223900
    0.0339989    -0.123300     0.200200
    0.0359988    -0.117000     0.179400
    0.0379988    -0.110700     0.161100
    0.0399987    -0.104300     0.145000
    0.0419986   -0.0977800     0.130800
    0.0439986   -0.0908300     0.118300
    0.0446986   -0.0878400     0.114200
    0.0449985   -0.0864800     0.113300
    0.0459985   -0.0836600     0.109000
    0.0469985   -0.0807800     0.104300
    0.0479984   -0.0773400    0.0995500
    0.0489984   -0.0732900    0.0953900
    0.0499984   -0.0691600    0.0920700
    0.0509983   -0.0640900    0.0884700
    0.0519983   -0.0570000    0.0869600
    0.0524983   -0.0529900    0.0879100
    0.0528983   -0.0498700    0.0892000
    0.0532983   -0.0452300    0.0915400
    0.0536983   -0.0419300    0.0995700
    0.0540983   -0.0459700     0.109900
    0.0544982   -0.0561100     0.113700
    0.0548982   -0.0650500     0.111100
    0.0552982   -0.0703700     0.106000
    0.0556982   -0.0736400     0.100700
    0.0560982   -0.0746100    0.0941200
    0.0564982   -0.0731300    0.0893900
    0.0568982   -0.0712000    0.0859200
    0.0572981   -0.0690400    0.0836800
    0.0576981   -0.0673200    0.0824500
    0.0580981   -0.0663000    0.0812900
    0.0584981   -0.0653400    0.0799800
    0.0588981   -0.0643600    0.0788800
    0.0598981   -0.0616400    0.0763600
    0.0608980   -0.0593100    0.0755800
    0.0618980   -0.0586900    0.0759100
    0.0623980   -0.0596500    0.0758800
    0.0628980   -0.0607800    0.0743700
    0.0638979   -0.0611100    0.0708300
    0.0648979   -0.0606500    0.0676500
    0.0649979   -0.0606300    0.0672800
    0.0659979   -0.0594200    0.0640000
    0.0669978   -0.0577900    0.0612900
    0.0679978   -0.0556200    0.0588700
    0.0689978   -0.0534500    0.0580000
    0.0699977   -0.0528400    0.0576500
    0.0709977   -0.0525800    0.0557300
    0.0719977   -0.0514600    0.0541400
    0.0729976   -0.0505700    0.0531900
    0.0734976   -0.0505400    0.0527700
    0.0739976   -0.0506900    0.0518400
    0.0749976   -0.0498000    0.0495300
    0.0759975   -0.0485700    0.0481900
    0.0769975   -0.0476700    0.0469100
    0.0779975   -0.0468000    0.0456600
    0.0789974   -0.0459600    0.0444500
    0.0799974   -0.0451400    0.0432600
    0.0809974   -0.0443200    0.0420900
    0.0819974   -0.0434800    0.0409500
    0.0829973   -0.0426400    0.0398600
    0.0837973   -0.0419300    0.0390100
    0.0839973   -0.0417500    0.0388300
    0.0849973   -0.0409500    0.0378600
    0.0859972   -0.0401400    0.0368400
    0.0869972   -0.0392600    0.0358500
    0.0879972   -0.0383300    0.0349000
    0.0889971   -0.0373700    0.0340500
    0.0899971   -0.0363400    0.0331900
    0.0909970   -0.0351500    0.0324700
    0.0919970   -0.0337000    0.0320800
    0.0929970   -0.0327900    0.0327500
    0.0935970   -0.0331400    0.0330100
    0.0939969   -0.0335000    0.0325500
    0.0949969   -0.0331700    0.0309800
    0.0957969   -0.0320300    0.0298500
    0.0959969   -0.0316400    0.0298900
    0.0969968   -0.0307400    0.0297400
    0.0979968   -0.0299800    0.0291500
    0.0989968   -0.0288800    0.0284800
    0.0999968   -0.0274200    0.0280500
     0.100997   -0.0260900    0.0280800
     0.101997   -0.0244100    0.0277000
     0.102997   -0.0215600    0.0281300
     0.103997   -0.0170400    0.0308100
     0.104997   -0.0166900    0.0412000
     0.105597   -0.0234600    0.0463100
     0.105997   -0.0291500    0.0448900
     0.106997   -0.0343300    0.0376900
     0.107997   -0.0334400    0.0321300
     0.108996   -0.0314300    0.0307700
     0.109996   -0.0306000    0.0297700
     0.110996   -0.0295300    0.0290700
     0.111996   -0.0286500    0.0294200
     0.112596   -0.0286000    0.0299300
     0.112996   -0.0290200    0.0303100
     0.113996   -0.0305000    0.0298600
     0.114996   -0.0312200    0.0282000
     0.115996   -0.0311900    0.0267800
     0.116996   -0.0306200    0.0251900
     0.117996   -0.0297000    0.0243500
     0.118996   -0.0286200    0.0236400
     0.119996   -0.0277900    0.0238500
     0.121996   -0.0275000    0.0240700
     0.123996   -0.0278100    0.0237300
     0.124596   -0.0280700    0.0237900
     0.124996   -0.0284200    0.0235400
     0.125996   -0.0288700    0.0225800
     0.126996   -0.0288700    0.0214300
     0.127996   -0.0285200    0.0204900
     0.128996   -0.0280800    0.0197600
     0.129996   -0.0276600    0.0191300
     0.134996   -0.0256400    0.0168500
     0.139995   -0.0239400    0.0154300
     0.144995   -0.0226000    0.0141400
     0.145795   -0.0223700    0.0139500
     0.145995   -0.0223100    0.0139100
     0.146995   -0.0220600    0.0137100
     0.147995   -0.0218300    0.0134800
     0.148995   -0.0215700    0.0132600
     0.149995   -0.0213000    0.0130300
     0.150995   -0.0210200    0.0128400
     0.151995   -0.0207200    0.0126400
     0.152995   -0.0203400    0.0125000
     0.153995   -0.0199400    0.0125100
     0.154395   -0.0197400    0.0125700
     0.154795   -0.0195900    0.0128300
     0.155195   -0.0197200    0.0131500
     0.155595   -0.0200500    0.0132200
     0.155995   -0.0203200    0.0130600
     0.156395   -0.0204400    0.0128200
     0.156795   -0.0205000    0.0125800
     0.157195   -0.0204600    0.0123000
     0.157595   -0.0203500    0.0120900
     0.157995   -0.0202200    0.0119300
     0.158995   -0.0199500    0.0116800
     0.159995   -0.0197200    0.0114700
     0.160995   -0.0194900    0.0112800
     0.161995   -0.0192800    0.0111600
     0.162995   -0.0191300    0.0110600
     0.163495   -0.0191100    0.0110100
     0.163995   -0.0190900    0.0108900
     0.164995   -0.0189600    0.0106500
     0.165995   -0.0188100    0.0104300
     0.166995   -0.0186300    0.0101900
     0.167995   -0.0184200    0.0100100
     0.168995   -0.0182000   0.00983900
     0.169995   -0.0179900   0.00973000
     0.170994   -0.0178500   0.00964700
     0.171994   -0.0177300   0.00949800
     0.172994   -0.0175900   0.00935500
     0.173994   -0.0174400   0.00924100
     0.174594   -0.0173900   0.00917500
     0.174994   -0.0173600   0.00911300
     0.175994   -0.0172500   0.00893400
     0.177994   -0.0169700   0.00857600
     0.179994   -0.0166500   0.00827300
     0.184994   -0.0159000   0.00762100
     0.189994   -0.0152100   0.00706200
     0.194994   -0.0145600   0.00656100
     0.199994   -0.0139600   0.00609500
     0.209993   -0.0128500   0.00527800
     0.219993   -0.0118400   0.00459100
     0.229993   -0.0109500   0.00401100
     0.239992   -0.0101500   0.00352000
     0.249992  -0.00940000   0.00310100
     0.259992  -0.00873500   0.00274300
     0.269991  -0.00813000   0.00243600
     0.279991  -0.00758700   0.00217000
     0.289991  -0.00708300   0.00194000
     0.299990  -0.00663100   0.00174000
     0.319990  -0.00583100   0.00141200
     0.339989  -0.00515800   0.00115900
     0.359988  -0.00458300  0.000960900
     0.379988  -0.00408900  0.000803300
     0.399987  -0.00366000  0.000677500
     0.419986  -0.00328400  0.000575900
     0.439986  -0.00294900  0.000492700
     0.459985  -0.00264600  0.000424300
     0.479984  -0.00236300  0.000367500
     0.499984  -0.00207900  0.000320100
     0.519983  -0.00172600  0.000280100
     0.524983  -0.00158500  0.000271100
     0.527783  -0.00144300  0.000266200
     0.527983  -0.00143000  0.000283700
     0.528483  -0.00141000  0.000318200
     0.528983  -0.00140500  0.000326200
     0.529983  -0.00137500  0.000333200
     0.530983  -0.00132400  0.000331400
     0.531983  -0.00124700  0.000338400
     0.532983  -0.00116100  0.000371700
     0.533983  -0.00104200  0.000387400
     0.534383 -0.000967400  0.000412900
     0.534783 -0.000877800  0.000447100
     0.535183 -0.000781200  0.000516400
     0.535583 -0.000685100  0.000620400
     0.535983 -0.000557400  0.000741400
     0.536383 -0.000423600  0.000914900
     0.536783 -0.000407800   0.00133300
     0.537183 -0.000650600   0.00182000
     0.537583  -0.00108100   0.00199300
     0.537983  -0.00149300   0.00188900
     0.538983  -0.00191700   0.00137800
     0.539983  -0.00187000  0.000994400
     0.540983  -0.00173700  0.000927100
     0.541982  -0.00168400  0.000893500
     0.542982  -0.00162000  0.000881900
     0.543982  -0.00157300  0.000948000
     0.544982  -0.00161300   0.00105700
     0.545482  -0.00168800   0.00109900
     0.545982  -0.00176500   0.00106300
     0.546982  -0.00182900  0.000974300
     0.547982  -0.00185000  0.000903200
     0.548982  -0.00182700  0.000815000
     0.549982  -0.00177400  0.000786900
     0.550982  -0.00170900  0.000767300
     0.551982  -0.00164800  0.000824400
     0.552982  -0.00167400  0.000915000
     0.553982  -0.00172700  0.000912600
     0.554982  -0.00174000  0.000914600
     0.555982  -0.00176300  0.000949700
     0.556582  -0.00180900  0.000973300
     0.556982  -0.00184500  0.000963800
     0.557982  -0.00191200  0.000910700
     0.558982  -0.00193600  0.000841100
     0.559982  -0.00192900  0.000788500
     0.561982  -0.00190700  0.000725400
     0.564982  -0.00186500  0.000660700
     0.569982  -0.00179700  0.000614100
     0.574982  -0.00175100  0.000597000
     0.579981  -0.00172100  0.000580500
     0.589981  -0.00166800  0.000549400
     0.599981  -0.00161900  0.000520300
     0.619980  -0.00152300  0.000467500
     0.639979  -0.00142700  0.000421100
     0.659979  -0.00132800  0.000380300
     0.679978  -0.00121400  0.000344200
     0.684978  -0.00117900  0.000335800
     0.689978  -0.00113700  0.000327700
     0.694978  -0.00108300  0.000320800
     0.695978  -0.00106900  0.000319500
     0.696977  -0.00105400  0.000318100
     0.697977  -0.00103800  0.000316700
     0.698977  -0.00101800  0.000315400
     0.699977 -0.000995500  0.000314000
     0.700978 -0.000968400  0.000312700
     0.701977 -0.000933900  0.000311500
     0.702977 -0.000887900  0.000310400
     0.703977 -0.000818800  0.000309500
     0.704477 -0.000765800  0.000310000
     0.704977 -0.000685700  0.000316300
     0.705477 -0.000563600  0.000347500
     0.705977 -0.000415000  0.000453500
     0.706477 -0.000313400  0.000699700
     0.706977 -0.000376500   0.00107500
     0.707377 -0.000594300   0.00135200
     0.707577 -0.000745800   0.00143700
     0.707777 -0.000908400   0.00146900
     0.707977  -0.00106800   0.00144600
     0.708177  -0.00121800   0.00137300
     0.708377  -0.00134100   0.00126500
     0.708577  -0.00142900   0.00114500
     0.708777  -0.00148100   0.00102500
     0.708977  -0.00149800  0.000909400
     0.709477  -0.00145500  0.000714000
     0.709977  -0.00138300  0.000663900
     0.710477  -0.00135900  0.000658400
     0.710977  -0.00137100  0.000615800
     0.711477  -0.00137200  0.000540200
     0.711977  -0.00134400  0.000473200
     0.712477  -0.00129700  0.000436400
     0.712977  -0.00125300  0.000422500
     0.713977  -0.00119500  0.000417400
     0.714977  -0.00115700  0.000416300
     0.715977  -0.00112500  0.000415200
     0.716977  -0.00109000  0.000414200
     0.717977  -0.00103300  0.000417300
     0.718977 -0.000950400  0.000474000
     0.719977 -0.000967300  0.000664100
     0.720177 -0.000999300  0.000698700
     0.720377  -0.00103800  0.000721700
     0.720577  -0.00108100  0.000730800
     0.720777  -0.00112400  0.000724300
     0.720977  -0.00116100  0.000704300
     0.721177  -0.00119100  0.000674300
     0.721477  -0.00122000  0.000625800
     0.721977  -0.00122700  0.000565200
     0.722476  -0.00121000  0.000534100
     0.722977  -0.00119900  0.000530100
     0.723477  -0.00120000  0.000525600
     0.723977  -0.00120400  0.000509100
     0.724477  -0.00120200  0.000487600
     0.724977  -0.00119300  0.000472000
     0.725976  -0.00117100  0.000461600
     0.726976  -0.00115700  0.000459800
     0.727977  -0.00114900  0.000458400
     0.728976  -0.00114300  0.000457100
     0.729976  -0.00113900  0.000455700
     0.734976  -0.00112300  0.000448600
     0.739976  -0.00111200  0.000441500
     0.744976  -0.00110300  0.000434600
     0.749976  -0.00109300  0.000427700
     0.754976  -0.00108400  0.000421100
     0.759976  -0.00107600  0.000414500
     0.764975  -0.00106700  0.000408200
     0.769975  -0.00105800  0.000401900
     0.774975  -0.00104900  0.000395900
     0.779975  -0.00104000  0.000390000
     0.784975  -0.00103200  0.000384100
     0.789974  -0.00102400  0.000378500
     0.794974  -0.00101600  0.000373000
     0.799974  -0.00100900  0.000367600
     0.804974  -0.00100200  0.000360200
     0.809974 -0.000993400  0.000353000
     0.814974 -0.000984900  0.000345900
     0.819974 -0.000975900  0.000339000
     0.824974 -0.000966400  0.000332300
     0.829973 -0.000956900  0.000325800
     0.834973 -0.000946400  0.000319400
     0.837973 -0.000939400  0.000315500
     0.838973 -0.000936900  0.000314500
     0.839973 -0.000934400  0.000313500
     0.840973 -0.000931900  0.000312600
     0.841973 -0.000929400  0.000311600
     0.842973 -0.000926900  0.000310400
     0.843973 -0.000923900  0.000309200
     0.844973 -0.000920400  0.000308100
     0.845973 -0.000916400  0.000307700
     0.846972 -0.000911900  0.000308500
     0.847972 -0.000907900  0.000311200
     0.848973 -0.000906400  0.000313900
     0.849973 -0.000905400  0.000316600
     0.850973 -0.000905400  0.000317900
     0.851973 -0.000904900  0.000319200
     0.852973 -0.000904900  0.000320400
     0.853973 -0.000905400  0.000321500
     0.854973 -0.000906400  0.000322500
     0.855973 -0.000908400  0.000322600
     0.856972 -0.000910400  0.000320900
     0.857972 -0.000911400  0.000318400
     0.858972 -0.000911400  0.000315500
     0.859973 -0.000910900  0.000312800
     0.860972 -0.000909900  0.000310300
     0.861972 -0.000907900  0.000308000
     0.862972 -0.000906400  0.000306300
     0.863972 -0.000904400  0.000304900
     0.864972 -0.000902900  0.000303500
     0.865972 -0.000901400  0.000302100
     0.866972 -0.000900400  0.000300900
     0.867972 -0.000898400  0.000299700
     0.868972 -0.000897400  0.000298500
     0.869972 -0.000895900  0.000297300
     0.871972 -0.000892900  0.000294700
     0.873972 -0.000890400  0.000292200
     0.875971 -0.000887400  0.000289600
     0.877972 -0.000883900  0.000286800
     0.879972 -0.000880400  0.000284400
     0.881972 -0.000876900  0.000282400
     0.883971 -0.000873400  0.000280600
     0.885971 -0.000869900  0.000279000
     0.887971 -0.000866400  0.000277500
     0.889971 -0.000863300  0.000276100
     0.894971 -0.000856800  0.000272500
     0.899971 -0.000850300  0.000268400
     0.902971 -0.000846300  0.000265700
     0.904971 -0.000844300  0.000263700
     0.909970 -0.000837300  0.000258600
     0.914971 -0.000830300  0.000253400
     0.919970 -0.000823300  0.000248400
     0.924970 -0.000815800  0.000243700
     0.929970 -0.000808300  0.000239600
     0.934970 -0.000801300  0.000235500
     0.939969 -0.000793800  0.000231600
     0.944969 -0.000786800  0.000227800
     0.949969 -0.000780300  0.000224100
     0.954969 -0.000773800  0.000220500
     0.959969 -0.000767300  0.000216600
     0.964969 -0.000760300  0.000212900
     0.969968 -0.000753800  0.000209200
     0.974968 -0.000747300  0.000205600
     0.979968 -0.000740800  0.000202000
     0.984968 -0.000734300  0.000198600
     0.989968 -0.000727800  0.000195200
     0.994968 -0.000721800  0.000191900
     0.999968 -0.000715200  0.000188700
      1.04997 -0.000655700  0.000159800
      1.09996 -0.000601200  0.000136100
      1.14996 -0.000551700  0.000116600
      1.19996 -0.000506600  0.000100500
      1.24996 -0.000464100  8.70400e-05
      1.29996 -0.000409800  7.57800e-05
      1.30076 -0.000407700  7.55800e-05
      1.30096 -0.000407300  7.63800e-05
      1.30196 -0.000405000  7.81800e-05
      1.30296 -0.000403400  7.83800e-05
      1.30396 -0.000400800  7.81800e-05
      1.30496 -0.000397300  7.83800e-05
      1.30596 -0.000392800  7.97800e-05
      1.30696 -0.000386200  8.03300e-05
      1.30796 -0.000376400  8.43800e-05
      1.30896 -0.000361600  9.63800e-05
      1.30936 -0.000363800  0.000104300
      1.30976 -0.000370300  0.000123400
      1.31016 -0.000378600  0.000145800
      1.31056 -0.000386500  0.000153700
      1.31096 -0.000397800  0.000148800
      1.31136 -0.000411100  0.000139900
      1.31176 -0.000420900  0.000131000
      1.31216 -0.000424800  0.000119700
      1.31256 -0.000425200  0.000112400
      1.31296 -0.000424300  0.000107500
      1.31396 -0.000417900  0.000104300
      1.31496 -0.000414000  0.000102700
      1.31596 -0.000410800  0.000102000
      1.31696 -0.000409100  0.000105000
      1.31796 -0.000411200  0.000110000
      1.31896 -0.000415600  0.000110100
      1.31996 -0.000419200  0.000105900
      1.32096 -0.000419900  0.000102600
      1.32196 -0.000418600  9.83900e-05
      1.32296 -0.000415900  9.69900e-05
      1.32396 -0.000412400  9.59900e-05
      1.32496 -0.000410300  9.85400e-05
      1.32596 -0.000410500  0.000102700
      1.32696 -0.000411900  0.000102500
      1.32796 -0.000412900  0.000102400
      1.32896 -0.000414400  0.000104000
      1.32956 -0.000415800  0.000105100
      1.32996 -0.000417000  0.000104600
      1.33096 -0.000419800  0.000102000
      1.33196 -0.000420700  9.86400e-05
      1.33296 -0.000420300  9.60900e-05
      1.33496 -0.000418400  9.29400e-05
      1.33996 -0.000414100  8.87900e-05
      1.34996 -0.000406800  8.46800e-05
      1.35996 -0.000400700  8.24800e-05
      1.37996 -0.000390300  7.83800e-05
      1.39995 -0.000380400  7.44800e-05
      1.44995 -0.000356900  6.57700e-05
      1.49995 -0.000334900  5.83200e-05
      1.59995 -0.000295500  4.63100e-05
      1.69994 -0.000261300  3.72300e-05
      1.79994 -0.000229600  3.02800e-05
      1.83494 -0.000212900  2.82300e-05
      1.83574 -0.000212100  2.81900e-05
      1.83594 -0.000212000  2.85300e-05
      1.83694 -0.000211000  2.93700e-05
      1.83794 -0.000210100  2.94900e-05
      1.83894 -0.000209000  2.94400e-05
      1.83994 -0.000207600  2.95600e-05
      1.84094 -0.000205400  3.02200e-05
      1.84194 -0.000202200  3.05200e-05
      1.84294 -0.000196500  3.23300e-05
      1.84394 -0.000194700  3.76900e-05
      1.84434 -0.000196900  4.12200e-05
      1.84474 -0.000199300  4.97300e-05
      1.84514 -0.000202100  5.96600e-05
      1.84554 -0.000204600  6.31600e-05
      1.84594 -0.000206900  6.10090e-05
      1.84634 -0.000209600  5.71110e-05
      1.84674 -0.000213800  5.31600e-05
      1.84714 -0.000217800  4.81600e-05
      1.84754 -0.000219700  4.49300e-05
      1.84794 -0.000219900  4.27800e-05
      1.84834 -0.000219500  4.16900e-05
      1.84874 -0.000218500  4.14800e-05
      1.84914 -0.000217200  4.12800e-05
      1.84954 -0.000216000  4.09000e-05
      1.84994 -0.000215100  4.07000e-05
      1.85094 -0.000213900  4.04600e-05
      1.85194 -0.000213700  4.18200e-05
      1.85294 -0.000214500  4.40600e-05
      1.85394 -0.000215800  4.41700e-05
      1.85494 -0.000217500  4.23400e-05
      1.85594 -0.000218000  4.08700e-05
      1.85694 -0.000217500  3.90400e-05
      1.85794 -0.000216300  3.84500e-05
      1.85894 -0.000214800  3.80400e-05
      1.85994 -0.000214400  3.92200e-05
      1.86094 -0.000214100  4.11000e-05
      1.86194 -0.000214400  4.10400e-05
      1.86294 -0.000215200  4.10700e-05
      1.86394 -0.000216100  4.18000e-05
      1.86454 -0.000216600  4.22900e-05
      1.86494 -0.000217000  4.20900e-05
      1.86594 -0.000218000  4.09700e-05
      1.86694 -0.000218600  3.95100e-05
      1.86794 -0.000218500  3.84000e-05
      1.86894 -0.000218100  3.76400e-05
      1.86994 -0.000217600  3.70500e-05
      1.87094 -0.000217000  3.64700e-05
      1.87194 -0.000216600  3.64100e-05
      1.87294 -0.000216100  3.63600e-05
      1.87394 -0.000215900  3.63000e-05
      1.87494 -0.000215800  3.62500e-05
      1.87994 -0.000214500  3.49500e-05
      1.89994 -0.000210100  3.36700e-05
      1.99994 -0.000192000  2.80700e-05
      2.19993 -0.000160700  1.99500e-05
      2.39992 -0.000135700  1.45600e-05
      2.59992 -0.000115900  1.08800e-05
      2.79991 -0.000100000  8.28100e-06
      2.99990 -8.71000e-05  6.42100e-06
      3.49989 -6.39500e-05  3.61500e-06
      3.99987 -4.88000e-05  2.18800e-06
      4.49986 -3.84400e-05  1.40100e-06
      4.99984 -3.09100e-05  9.38000e-07
      5.49982 -2.55200e-05  6.51500e-07
      5.99981 -2.13500e-05  4.66600e-07
      6.49979 -1.80100e-05  3.42900e-07
      6.99977 -1.52100e-05  2.57600e-07
      7.09977 -1.43200e-05  2.43900e-07
      7.10477 -1.42100e-05  2.43200e-07
      7.10577 -1.41700e-05  2.49900e-07
      7.10677 -1.41200e-05  2.56500e-07
      7.10777 -1.40500e-05  2.70000e-07
      7.10877 -1.39900e-05  2.76600e-07
      7.10977 -1.39400e-05  2.76500e-07
      7.11077 -1.39000e-05  2.76300e-07
      7.11177 -1.38600e-05  2.83000e-07
      7.11277 -1.38300e-05  3.10000e-07
      7.11377 -1.38100e-05  3.77600e-07
      7.11477 -1.37900e-05  5.13000e-07
      7.11577 -1.37900e-05  6.48500e-07
      7.11677 -1.38100e-05  7.84000e-07
      7.11777 -1.38300e-05  8.71500e-07
      7.11877 -1.38600e-05  9.59500e-07
      7.11977 -1.38800e-05  1.04100e-06
      7.12077 -1.39200e-05  1.12200e-06
      7.12177 -1.39800e-05  1.19600e-06
      7.12277 -1.40400e-05  1.24300e-06
      7.12377 -1.41000e-05  1.22300e-06
      7.12477 -1.41500e-05  1.17500e-06
      7.12577 -1.42000e-05  1.11400e-06
      7.12677 -1.42500e-05  1.06000e-06
      7.12777 -1.43000e-05  1.01200e-06
      7.12877 -1.43500e-05  9.71000e-07
      7.12977 -1.44000e-05  9.50510e-07
      7.13477 -1.44200e-05  9.11500e-07
      7.13977 -1.44200e-05  8.80500e-07
      7.14477 -1.43900e-05  8.33500e-07
      7.14977 -1.43500e-05  8.31000e-07
      7.15477 -1.43100e-05  8.70500e-07
      7.15977 -1.43100e-05  9.23000e-07
      7.16477 -1.43300e-05  9.55500e-07
      7.16977 -1.43700e-05  9.68000e-07
      7.17477 -1.44000e-05  9.53500e-07
      7.17977 -1.44100e-05  9.25500e-07
      7.18477 -1.44100e-05  9.04500e-07
      7.18977 -1.43900e-05  8.83000e-07
      7.19477 -1.43800e-05  8.82000e-07
      7.19977 -1.43700e-05  8.84000e-07
      7.20977 -1.43500e-05  8.88500e-07
      7.21977 -1.43500e-05  9.03500e-07
      7.29976 -1.41700e-05  7.88000e-07
      7.39976 -1.38400e-05  7.50000e-07
      7.49976 -1.35300e-05  7.14000e-07
      7.59975 -1.32100e-05  6.80500e-07
      7.69975 -1.29000e-05  6.49000e-07
      7.79975 -1.26000e-05  6.19000e-07
      7.89974 -1.23000e-05  5.91000e-07
      7.99974 -1.20200e-05  5.64000e-07
      8.19974 -1.14700e-05  5.15500e-07
      8.39973 -1.09500e-05  4.71700e-07
      8.59972 -1.04700e-05  4.32600e-07
      8.79972 -1.00000e-05  3.97500e-07
      8.99971 -9.57000e-06  3.65800e-07
      9.49969 -8.60500e-06  2.99500e-07
      9.99968 -7.78000e-06  2.47500e-07
      10.9996 -6.44000e-06  1.73400e-07
      11.9996 -5.41000e-06  1.25100e-07
      12.9996 -4.61400e-06  9.25000e-08
      13.9995 -3.97700e-06  6.98500e-08
      14.9995 -3.46300e-06  5.37500e-08
      15.9995 -3.04300e-06  4.20200e-08
      16.9995 -2.69500e-06  3.33200e-08
      17.9994 -2.40300e-06  2.67600e-08
      18.9994 -2.15600e-06  2.17300e-08
      19.9994 -1.94500e-06  1.78300e-08
