#
# Optical constants of organic refractory
# from Li & Greenberg (1997)
# extended to the hard X ray region by V.Z.
#
# wavelength         n - 1             k
#    um
#
4.13833333e-05  -3.84973000e-07  4.74480000e-11
4.19601455e-05  -3.95785000e-07  5.03447000e-11
4.25450981e-05  -4.06901000e-07  5.34190000e-11
4.31381951e-05  -4.18330000e-07  5.66821000e-11
4.37394307e-05  -4.30079000e-07  6.01447000e-11
4.43491059e-05  -4.42158000e-07  6.38197000e-11
4.49673837e-05  -4.54576000e-07  6.77205000e-11
4.55942679e-05  -4.67345000e-07  7.18607000e-11
4.62297524e-05  -4.80471000e-07  7.62551000e-11
4.68741741e-05  -4.93966000e-07  8.09193000e-11
4.75275346e-05  -5.07841000e-07  8.58711000e-11
4.81900119e-05  -5.22106000e-07  9.11270000e-11
4.88617937e-05  -5.36771000e-07  9.67057000e-11
4.95428806e-05  -5.51849000e-07  1.02628000e-10
5.02334652e-05  -5.67350000e-07  1.08914000e-10
5.09337513e-05  -5.83287000e-07  1.15588000e-10
5.16437393e-05  -5.99672000e-07  1.22674000e-10
5.23636394e-05  -6.16518000e-07  1.30196000e-10
5.30934470e-05  -6.33837000e-07  1.38182000e-10
5.38336123e-05  -6.51642000e-07  1.46661000e-10
5.45841449e-05  -6.69949000e-07  1.55663000e-10
5.53450428e-05  -6.88770000e-07  1.65221000e-10
5.61162916e-05  -7.08119000e-07  1.75370000e-10
5.68986457e-05  -7.28013000e-07  1.86147000e-10
5.76918609e-05  -7.48467000e-07  1.97590000e-10
5.84959267e-05  -7.69494000e-07  2.09741000e-10
5.93113860e-05  -7.91113000e-07  2.22643000e-10
6.01382477e-05  -8.13341000e-07  2.36347000e-10
6.09765082e-05  -8.36193000e-07  2.50900000e-10
6.18264576e-05  -8.59687000e-07  2.66338000e-10
6.26880895e-05  -8.83842000e-07  2.82081000e-10
6.35620338e-05  -9.08677000e-07  2.99250000e-10
6.44479744e-05  -9.34209000e-07  3.17554000e-10
6.53465763e-05  -9.60460000e-07  3.36987000e-10
6.62575050e-05  -9.87450000e-07  3.57617000e-10
6.71810995e-05  -1.01520000e-06  3.79514000e-10
6.81173495e-05  -1.04373000e-06  4.02757000e-10
6.90669975e-05  -1.07306000e-06  4.27425000e-10
7.00296702e-05  -1.10321000e-06  4.53613000e-10
7.10057479e-05  -1.13422000e-06  4.81400000e-10
7.19956391e-05  -1.16609000e-06  5.10891000e-10
7.29993532e-05  -1.19887000e-06  5.42192000e-10
7.40168841e-05  -1.23256000e-06  5.75406000e-10
7.50486622e-05  -1.26720000e-06  6.10649000e-10
7.60946847e-05  -1.30282000e-06  6.48047000e-10
7.71554108e-05  -1.33944000e-06  6.87721000e-10
7.82308424e-05  -1.37709000e-06  7.29814000e-10
7.93214708e-05  -1.41580000e-06  7.74476000e-10
8.04273045e-05  -1.45560000e-06  8.21864000e-10
8.15483345e-05  -1.49652000e-06  8.72129000e-10
8.26850841e-05  -1.53859000e-06  9.25449000e-10
8.38375517e-05  -1.58184000e-06  9.82008000e-10
8.50062993e-05  -1.62632000e-06  1.04198000e-09
8.61913357e-05  -1.67204000e-06  1.10561000e-09
8.73926510e-05  -1.71905000e-06  1.17309000e-09
8.86108474e-05  -1.76738000e-06  1.24466000e-09
8.98459267e-05  -1.81708000e-06  1.32055000e-09
9.10985390e-05  -1.86817000e-06  1.40102000e-09
9.23680138e-05  -1.92071000e-06  1.48637000e-09
9.36557031e-05  -1.97472000e-06  1.57685000e-09
9.49616405e-05  -2.03025000e-06  1.67281000e-09
9.62850938e-05  -2.08735000e-06  1.77451000e-09
9.76275292e-05  -2.14605000e-06  1.88235000e-09
9.89881916e-05  -2.20641000e-06  1.99668000e-09
1.00367840e-04  -2.26847000e-06  2.11788000e-09
1.01767300e-04  -2.33228000e-06  2.24639000e-09
1.03185751e-04  -2.39788000e-06  2.38254000e-09
1.04624019e-04  -2.46533000e-06  2.52689000e-09
1.06082097e-04  -2.53468000e-06  2.67988000e-09
1.07560885e-04  -2.60599000e-06  2.84203000e-09
1.09060403e-04  -2.67931000e-06  3.01389000e-09
1.10580649e-04  -2.75469000e-06  3.19603000e-09
1.12121595e-04  -2.83220000e-06  3.38906000e-09
1.13685271e-04  -2.91189000e-06  3.59357000e-09
1.15269628e-04  -2.99383000e-06  3.81025000e-09
1.16876759e-04  -3.07808000e-06  4.03986000e-09
1.18505692e-04  -3.16470000e-06  4.28313000e-09
1.20157642e-04  -3.25377000e-06  4.54089000e-09
1.21832502e-04  -3.34535000e-06  4.81396000e-09
1.23530863e-04  -3.43951000e-06  5.10326000e-09
1.25252725e-04  -3.53632000e-06  5.40978000e-09
1.26998708e-04  -3.63587000e-06  5.73437000e-09
1.28768942e-04  -3.73823000e-06  6.07827000e-09
1.30563954e-04  -3.84347000e-06  6.44252000e-09
1.32384021e-04  -3.95168000e-06  6.82829000e-09
1.34229276e-04  -4.06295000e-06  7.23691000e-09
1.36100435e-04  -4.17736000e-06  7.66971000e-09
1.37997650e-04  -4.29499000e-06  8.12803000e-09
1.39921220e-04  -4.41595000e-06  8.61344000e-09
1.41871608e-04  -4.54032000e-06  9.12743000e-09
1.43849298e-04  -4.66820000e-06  9.67169000e-09
1.45854456e-04  -4.79969000e-06  1.02480000e-08
1.47887584e-04  -4.93490000e-06  1.08583000e-08
1.49949031e-04  -5.07392000e-06  1.15045000e-08
1.52039149e-04  -5.21688000e-06  1.21886000e-08
1.54158492e-04  -5.36386000e-06  1.29129000e-08
1.56307443e-04  -5.51501000e-06  1.36794000e-08
1.58486394e-04  -5.67042000e-06  1.44911000e-08
1.60695541e-04  -5.83022000e-06  1.53504000e-08
1.62935490e-04  -5.99454000e-06  1.62601000e-08
1.65206885e-04  -6.16351000e-06  1.72230000e-08
1.67509725e-04  -6.33725000e-06  1.82425000e-08
1.69844670e-04  -6.51590000e-06  1.93209000e-08
1.72212181e-04  -6.69962000e-06  2.04626000e-08
1.74612730e-04  -6.88852000e-06  2.16711000e-08
1.77046805e-04  -7.08277000e-06  2.29500000e-08
1.79514653e-04  -7.28250000e-06  2.43034000e-08
1.82017039e-04  -7.48790000e-06  2.57356000e-08
1.84554231e-04  -7.69910000e-06  2.72510000e-08
1.87126764e-04  -7.91627000e-06  2.88549000e-08
1.89735196e-04  -8.13961000e-06  3.05523000e-08
1.92380105e-04  -8.36926000e-06  3.23480000e-08
1.95061787e-04  -8.60541000e-06  3.42479000e-08
1.97780840e-04  -8.84825000e-06  3.62578000e-08
2.00537891e-04  -9.09797000e-06  3.83846000e-08
2.03333257e-04  -9.35476000e-06  4.06350000e-08
2.06167591e-04  -9.61881000e-06  4.30147000e-08
2.09041574e-04  -9.89037000e-06  4.55330000e-08
2.11955195e-04  -1.01696000e-05  4.81973000e-08
2.14909882e-04  -1.04568000e-05  5.10153000e-08
2.17905649e-04  -1.07521000e-05  5.39959000e-08
2.20943249e-04  -1.10557000e-05  5.71481000e-08
2.24022664e-04  -1.13680000e-05  6.04818000e-08
2.27145487e-04  -1.16891000e-05  6.40092000e-08
2.30311732e-04  -1.20194000e-05  6.77403000e-08
2.33522245e-04  -1.23590000e-05  7.16850000e-08
2.36777462e-04  -1.27083000e-05  7.58572000e-08
2.40077815e-04  -1.30674000e-05  8.02684000e-08
2.43424690e-04  -1.34368000e-05  8.49336000e-08
2.46817613e-04  -1.38166000e-05  8.98675000e-08
2.50258523e-04  -1.42072000e-05  9.50845000e-08
2.53746932e-04  -1.46090000e-05  1.00601000e-07
2.57283837e-04  -1.50221000e-05  1.06433000e-07
2.60870296e-04  -1.54470000e-05  1.12600000e-07
2.64506865e-04  -1.58839000e-05  1.19120000e-07
2.68193523e-04  -1.63333000e-05  1.26014000e-07
2.71931976e-04  -1.67954000e-05  1.33301000e-07
2.75722842e-04  -1.72706000e-05  1.41005000e-07
2.79566115e-04  -1.77594000e-05  1.49150000e-07
2.83463021e-04  -1.82621000e-05  1.57759000e-07
2.87414864e-04  -1.87790000e-05  1.66859000e-07
2.91420979e-04  -1.93107000e-05  1.76479000e-07
2.95483377e-04  -1.98575000e-05  1.86646000e-07
2.99602059e-04  -2.04199000e-05  1.97393000e-07
3.03778451e-04  -2.09982000e-05  2.08753000e-07
3.08012544e-04  -2.15930000e-05  2.20757000e-07
3.12306616e-04  -2.22047000e-05  2.33432000e-07
3.16659908e-04  -2.28339000e-05  2.46825000e-07
3.21073988e-04  -2.34809000e-05  2.60969000e-07
3.25549685e-04  -2.41464000e-05  2.75907000e-07
3.30087846e-04  -2.48308000e-05  2.91677000e-07
3.34688442e-04  -2.55347000e-05  3.08326000e-07
3.39354147e-04  -2.62587000e-05  3.25908000e-07
3.44084055e-04  -2.70033000e-05  3.44478000e-07
3.48880995e-04  -2.77691000e-05  3.64071000e-07
3.53744016e-04  -2.85568000e-05  3.84755000e-07
3.58675083e-04  -2.93669000e-05  4.06589000e-07
3.63675244e-04  -3.02001000e-05  4.29636000e-07
3.68744487e-04  -3.10571000e-05  4.53960000e-07
3.73883845e-04  -3.19385000e-05  4.79637000e-07
3.79095545e-04  -3.28451000e-05  5.06747000e-07
3.84380796e-04  -3.37775000e-05  5.35355000e-07
3.89738406e-04  -3.47366000e-05  5.65548000e-07
3.95170737e-04  -3.57230000e-05  5.97417000e-07
4.00679040e-04  -3.67376000e-05  6.31050000e-07
4.06264623e-04  -3.77812000e-05  6.66545000e-07
4.11927482e-04  -3.88545000e-05  7.03999000e-07
4.17670331e-04  -3.99585000e-05  7.43515000e-07
4.23491769e-04  -4.10941000e-05  7.85229000e-07
4.29396079e-04  -4.22621000e-05  8.29236000e-07
4.35380305e-04  -4.34635000e-05  8.75684000e-07
4.41450475e-04  -4.46992000e-05  9.24671000e-07
4.47603527e-04  -4.59702000e-05  9.76351000e-07
4.53842583e-04  -4.72775000e-05  1.03089000e-06
4.60169316e-04  -4.86222000e-05  1.08844000e-06
4.66583735e-04  -5.00054000e-05  1.14917000e-06
4.73087549e-04  -5.14281000e-05  1.21320000e-06
4.79682556e-04  -5.28914000e-05  1.28076000e-06
4.86368747e-04  -5.43966000e-05  1.35203000e-06
4.93147964e-04  -5.59449000e-05  1.42722000e-06
5.00022152e-04  -5.75374000e-05  1.50653000e-06
5.06993364e-04  -5.91754000e-05  1.59019000e-06
5.14059517e-04  -6.08602000e-05  1.67843000e-06
5.21224742e-04  -6.25933000e-05  1.77150000e-06
5.28491278e-04  -6.43759000e-05  1.86967000e-06
5.35859188e-04  -6.62094000e-05  1.97320000e-06
5.43328417e-04  -6.80954000e-05  2.08239000e-06
5.50901233e-04  -7.00352000e-05  2.19754000e-06
5.58580041e-04  -7.20304000e-05  2.31897000e-06
5.66367402e-04  -7.40827000e-05  2.44705000e-06
5.74260723e-04  -7.61936000e-05  2.58208000e-06
5.82267914e-04  -7.83649000e-05  2.72446000e-06
5.90383619e-04  -8.05980000e-05  2.87461000e-06
5.98613281e-04  -8.28950000e-05  3.03294000e-06
6.06956904e-04  -8.52571000e-05  3.19985000e-06
6.15417408e-04  -8.76865000e-05  3.37538000e-06
6.23997909e-04  -9.01861000e-05  3.55938000e-06
6.32695287e-04  -9.27575000e-05  3.75444000e-06
6.41512554e-04  -9.54021000e-05  3.96018000e-06
6.50456341e-04  -9.81221000e-05  4.17720000e-06
6.59523379e-04  -1.00920000e-04  4.40612000e-06
6.68717076e-04  -1.03797000e-04  4.64759000e-06
6.78037378e-04  -1.06756000e-04  4.90229000e-06
6.87487887e-04  -1.09799000e-04  5.17098000e-06
6.97072464e-04  -1.12929000e-04  5.45437000e-06
7.06791230e-04  -1.16147000e-04  5.75287000e-06
7.16640018e-04  -1.19456000e-04  6.06718000e-06
7.26631042e-04  -1.22858000e-04  6.39727000e-06
7.36760273e-04  -1.26358000e-04  6.74470000e-06
7.47032029e-04  -1.29958000e-04  7.11103000e-06
7.57441720e-04  -1.33660000e-04  7.49724000e-06
7.68003068e-04  -1.37467000e-04  7.90441000e-06
7.78706776e-04  -1.41382000e-04  8.33372000e-06
7.89562386e-04  -1.45407000e-04  8.78638000e-06
8.00570039e-04  -1.49545000e-04  9.26344000e-06
8.11729707e-04  -1.53800000e-04  9.76645000e-06
8.23041175e-04  -1.58174000e-04  1.02967000e-05
8.34515255e-04  -1.62669000e-04  1.08544000e-05
8.46146506e-04  -1.67291000e-04  1.14390000e-05
8.57940528e-04  -1.72042000e-04  1.20539000e-05
8.69903375e-04  -1.76929000e-04  1.27013000e-05
8.82029058e-04  -1.81953000e-04  1.33835000e-05
8.94323584e-04  -1.87118000e-04  1.41023000e-05
9.06786841e-04  -1.92427000e-04  1.48597000e-05
9.19432122e-04  -1.97884000e-04  1.56578000e-05
9.32246026e-04  -2.03493000e-04  1.64989000e-05
9.45242192e-04  -2.09257000e-04  1.73850000e-05
9.58420825e-04  -2.15179000e-04  1.83188000e-05
9.71774320e-04  -2.21262000e-04  1.93030000e-05
9.85325280e-04  -2.27510000e-04  2.03360000e-05
9.99058479e-04  -2.33928000e-04  2.14197000e-05
1.01298150e-03  -2.40524000e-04  2.25573000e-05
1.02710260e-03  -2.47303000e-04  2.37522000e-05
1.04142200e-03  -2.54270000e-04  2.50104000e-05
1.05593971e-03  -2.61428000e-04  2.63351000e-05
1.07065550e-03  -2.68780000e-04  2.77303000e-05
1.08558787e-03  -2.76331000e-04  2.91990000e-05
1.10071815e-03  -2.84087000e-04  3.07456000e-05
1.11605538e-03  -2.92050000e-04  3.23745000e-05
1.13161972e-03  -3.00226000e-04  3.40901000e-05
1.14739099e-03  -3.08618000e-04  3.58960000e-05
1.16337909e-03  -3.17229000e-04  3.77975000e-05
1.17960607e-03  -3.26060000e-04  3.97997000e-05
1.19603857e-03  -3.35114000e-04  4.18962000e-05
1.21272210e-03  -3.44409000e-04  4.40901000e-05
1.22962185e-03  -3.53954000e-04  4.63984000e-05
1.24676133e-03  -3.63749000e-04  4.88355000e-05
1.26414076e-03  -3.73793000e-04  5.14020000e-05
1.28176141e-03  -3.84085000e-04  5.41048000e-05
1.29962848e-03  -3.94623000e-04  5.69492000e-05
1.31774471e-03  -4.05408000e-04  5.99326000e-05
1.33611426e-03  -4.16442000e-04  6.30596000e-05
1.35473853e-03  -4.27747000e-04  6.63117000e-05
1.37362333e-03  -4.39348000e-04  6.96960000e-05
1.39277016e-03  -4.51250000e-04  7.32533000e-05
1.41218517e-03  -4.63458000e-04  7.69927000e-05
1.43186998e-03  -4.75970000e-04  8.09236000e-05
1.45182943e-03  -4.88802000e-04  8.50787000e-05
1.47206689e-03  -5.01935000e-04  8.94742000e-05
1.49258756e-03  -5.15351000e-04  9.41239000e-05
1.51339319e-03  -5.29046000e-04  9.90308000e-05
1.53448924e-03  -5.43019000e-04  1.04194000e-04
1.55587944e-03  -5.57267000e-04  1.09626000e-04
1.57756766e-03  -5.71766000e-04  1.15341000e-04
1.59955782e-03  -5.86496000e-04  1.21314000e-04
1.62185394e-03  -6.01503000e-04  1.27547000e-04
1.64446234e-03  -6.16797000e-04  1.34072000e-04
1.66738519e-03  -6.32368000e-04  1.40920000e-04
1.69062686e-03  -6.48188000e-04  1.48116000e-04
1.71419419e-03  -6.64231000e-04  1.55680000e-04
1.73808957e-03  -6.80415000e-04  1.63634000e-04
1.76231777e-03  -6.96594000e-04  1.71764000e-04
1.78688371e-03  -7.13104000e-04  1.79993000e-04
1.81178984e-03  -7.30089000e-04  1.88569000e-04
1.83704664e-03  -7.47487000e-04  1.97697000e-04
1.86265420e-03  -7.65084000e-04  2.07512000e-04
1.88861794e-03  -7.82635000e-04  2.18051000e-04
1.91494350e-03  -8.00058000e-04  2.29124000e-04
1.94163673e-03  -8.17174000e-04  2.40657000e-04
1.96870372e-03  -8.34096000e-04  2.52631000e-04
1.99614438e-03  -8.50787000e-04  2.65092000e-04
2.02397139e-03  -8.67102000e-04  2.78121000e-04
2.05218484e-03  -8.82826000e-04  2.91785000e-04
2.08079135e-03  -8.97681000e-04  3.06119000e-04
2.10979427e-03  -9.11288000e-04  3.21157000e-04
2.13920421e-03  -9.22707000e-04  3.36949000e-04
2.16902496e-03  -9.30823000e-04  3.53544000e-04
2.19926024e-03  -9.33395000e-04  3.71006000e-04
2.22991371e-03  -9.24548000e-04  3.89324000e-04
2.26099721e-03  -8.41825000e-04  4.08525000e-04
2.29251493e-03  -6.92879000e-04  2.19675000e-04
2.32447107e-03  -9.57196000e-04  2.30563000e-04
2.35687423e-03  -1.01990000e-03  2.41991000e-04
2.38972888e-03  -1.06878000e-03  2.53986000e-04
2.42303947e-03  -1.11246000e-03  2.66576000e-04
2.45681526e-03  -1.15335000e-03  2.79790000e-04
2.49106107e-03  -1.19266000e-03  2.93660000e-04
2.52578683e-03  -1.23101000e-03  3.08217000e-04
2.56099246e-03  -1.26876000e-03  3.23474000e-04
2.59669363e-03  -1.30613000e-03  3.39333000e-04
2.63289045e-03  -1.34322000e-03  3.55961000e-04
2.66958820e-03  -1.38023000e-03  3.73403000e-04
2.70680397e-03  -1.41713000e-03  3.91700000e-04
2.74453194e-03  -1.45386000e-03  4.10895000e-04
2.78278996e-03  -1.49030000e-03  4.31032000e-04
2.82158450e-03  -1.52624000e-03  4.52156000e-04
2.86091549e-03  -1.56136000e-03  4.74316000e-04
2.90079582e-03  -1.59454000e-03  4.97564000e-04
2.94123221e-03  -1.62430000e-03  5.21951000e-04
2.98223152e-03  -1.64444000e-03  5.47533000e-04
3.02380071e-03  -1.58794000e-03  5.74370000e-04
3.06594688e-03  -1.71492000e-03  5.11347000e-04
3.10868504e-03  -1.78115000e-03  5.36644000e-04
3.15202324e-03  -1.83533000e-03  5.63190000e-04
3.19596148e-03  -1.88556000e-03  5.91049000e-04
3.24050752e-03  -1.93353000e-03  6.20269000e-04
3.28567799e-03  -1.97999000e-03  6.50310000e-04
3.33148176e-03  -2.02569000e-03  6.80772000e-04
3.37791878e-03  -2.07110000e-03  7.12054000e-04
3.42500710e-03  -2.11620000e-03  7.44777000e-04
3.47274670e-03  -2.16070000e-03  7.79007000e-04
3.52115672e-03  -2.20424000e-03  8.14811000e-04
3.57023719e-03  -2.24642000e-03  8.52263000e-04
3.62000846e-03  -2.28710000e-03  8.91437000e-04
3.67047067e-03  -2.32586000e-03  9.32418000e-04
3.72163434e-03  -2.36219000e-03  9.75287000e-04
3.77351035e-03  -2.39547000e-03  1.02013000e-03
3.82611000e-03  -2.42488000e-03  1.06703000e-03
3.87944503e-03  -2.44933000e-03  1.11609000e-03
3.93351520e-03  -2.46613000e-03  1.16742000e-03
3.98834497e-03  -2.47386000e-03  1.22107000e-03
4.04394760e-03  -2.46931000e-03  1.27714000e-03
4.10030979e-03  -2.44734000e-03  1.33578000e-03
4.15747156e-03  -2.39924000e-03  1.39711000e-03
4.21543361e-03  -2.30822000e-03  1.46125000e-03
4.27418105e-03  -2.13726000e-03  1.52835000e-03
4.33377200e-03  -1.67227000e-03  1.59852000e-03
4.39417696e-03  -1.18338000e-03  1.83453000e-04
4.45542600e-03  -2.14366000e-03  1.93261000e-04
4.51753524e-03  -2.48037000e-03  2.03573000e-04
4.58050472e-03  -2.71475000e-03  2.14414000e-04
4.64435084e-03  -2.91059000e-03  2.25822000e-04
4.70909084e-03  -3.08682000e-03  2.37843000e-04
4.77474290e-03  -3.25083000e-03  2.50513000e-04
4.84128841e-03  -3.40801000e-03  2.63866000e-04
4.90878322e-03  -3.56205000e-03  2.77939000e-04
4.97720867e-03  -3.71427000e-03  2.92772000e-04
5.04658385e-03  -3.86575000e-03  3.08043000e-04
5.11692894e-03  -4.01777000e-03  3.23573000e-04
5.18826528e-03  -4.17172000e-03  3.39824000e-04
5.26059322e-03  -4.32758000e-03  3.57686000e-04
5.33391191e-03  -4.48453000e-03  3.76735000e-04
5.40826639e-03  -4.64395000e-03  3.96810000e-04
5.48365724e-03  -4.80616000e-03  4.17955000e-04
5.56008384e-03  -4.97142000e-03  4.40228000e-04
5.63759547e-03  -5.14001000e-03  4.63748000e-04
5.71619319e-03  -5.31216000e-03  4.88668000e-04
5.79584977e-03  -5.48786000e-03  5.15019000e-04
5.87664489e-03  -5.66706000e-03  5.42787000e-04
5.95858031e-03  -5.85025000e-03  5.72060000e-04
6.04162713e-03  -6.03760000e-03  6.02909000e-04
6.12584252e-03  -6.22924000e-03  6.35422000e-04
6.21122674e-03  -6.42529000e-03  6.69693000e-04
6.29781060e-03  -6.62586000e-03  7.05812000e-04
6.38559422e-03  -6.83101000e-03  7.43879000e-04
6.47461004e-03  -7.04056000e-03  7.83998000e-04
6.56485805e-03  -7.25449000e-03  8.26291000e-04
6.65637248e-03  -7.47248000e-03  8.70833000e-04
6.74915330e-03  -7.69431000e-03  9.16687000e-04
6.84323669e-03  -7.92012000e-03  9.62378000e-04
6.93862267e-03  -8.15143000e-03  1.00732000e-03
7.03534959e-03  -8.39104000e-03  1.05290000e-03
7.13341761e-03  -8.63797000e-03  1.10055000e-03
7.23286745e-03  -8.89189000e-03  1.15036000e-03
7.33369958e-03  -9.15286000e-03  1.20243000e-03
7.43591279e-03  -9.42101000e-03  1.25686000e-03
7.53955000e-03  -9.69644000e-03  1.31376000e-03
7.64465736e-03  -9.97928000e-03  1.37316000e-03
7.75123620e-03  -1.02697000e-02  1.43509000e-03
7.85928618e-03  -1.05682000e-02  1.49966000e-03
7.96880516e-03  -1.08747000e-02  1.56709000e-03
8.07989431e-03  -1.11895000e-02  1.63754000e-03
8.19255642e-03  -1.15130000e-02  1.71118000e-03
8.30673705e-03  -1.18451000e-02  1.78814000e-03
8.42254515e-03  -1.21863000e-02  1.86855000e-03
8.53992406e-03  -1.25367000e-02  1.95259000e-03
8.65898994e-03  -1.28965000e-02  2.04043000e-03
8.77968403e-03  -1.32659000e-02  2.13220000e-03
8.90206651e-03  -1.36452000e-02  2.22812000e-03
9.02613690e-03  -1.40347000e-02  2.32836000e-03
9.15196013e-03  -1.44348000e-02  2.43312000e-03
9.27953718e-03  -1.48455000e-02  2.54324000e-03
9.40886700e-03  -1.52665000e-02  2.65890000e-03
9.54001967e-03  -1.56980000e-02  2.77837000e-03
9.67307123e-03  -1.61413000e-02  2.90306000e-03
9.80787158e-03  -1.65964000e-02  3.03334000e-03
9.94456994e-03  -1.70634000e-02  3.16944000e-03
1.00000000e-02  -1.62130000e-02  2.21252000e-03
1.01346000e-02  -1.65950000e-02  1.95866000e-03
1.02710000e-02  -1.69820000e-02  1.73784000e-03
1.04092000e-02  -1.74570000e-02  1.54888000e-03
1.05493000e-02  -1.79900000e-02  1.38985000e-03
1.06913000e-02  -1.85660000e-02  1.25845000e-03
1.08352000e-02  -1.91790000e-02  1.15239000e-03
1.09810000e-02  -1.98210000e-02  1.06966000e-03
1.11288000e-02  -2.04880000e-02  1.00833000e-03
1.12786000e-02  -2.11770000e-02  9.65313000e-04
1.14304000e-02  -2.18870000e-02  9.37831000e-04
1.15842000e-02  -2.26170000e-02  9.23962000e-04
1.17401000e-02  -2.33680000e-02  9.22444000e-04
1.18981000e-02  -2.41400000e-02  9.32533000e-04
1.20582000e-02  -2.49320000e-02  9.53904000e-04
1.22205000e-02  -2.57440000e-02  9.86003000e-04
1.23850000e-02  -2.65760000e-02  1.02761000e-03
1.25517000e-02  -2.74280000e-02  1.07739000e-03
1.27206000e-02  -2.83000000e-02  1.13376000e-03
1.28918000e-02  -2.91930000e-02  1.19479000e-03
1.30653000e-02  -3.01090000e-02  1.25808000e-03
1.32411000e-02  -3.10510000e-02  1.32220000e-03
1.34193000e-02  -3.20230000e-02  1.38758000e-03
1.35999000e-02  -3.30260000e-02  1.45498000e-03
1.37830000e-02  -3.40640000e-02  1.52528000e-03
1.39685000e-02  -3.51370000e-02  1.59955000e-03
1.41565000e-02  -3.62470000e-02  1.67891000e-03
1.43470000e-02  -3.73960000e-02  1.76385000e-03
1.45401000e-02  -3.85840000e-02  1.85452000e-03
1.47358000e-02  -3.98140000e-02  1.95109000e-03
1.49341000e-02  -4.10870000e-02  2.05367000e-03
1.51351000e-02  -4.24060000e-02  2.16238000e-03
1.53388000e-02  -4.37730000e-02  2.27763000e-03
1.55452000e-02  -4.51910000e-02  2.40007000e-03
1.57544000e-02  -4.66630000e-02  2.53040000e-03
1.59665000e-02  -4.81910000e-02  2.66946000e-03
1.61813000e-02  -4.97790000e-02  2.81813000e-03
1.63991000e-02  -5.14310000e-02  2.97732000e-03
1.66198000e-02  -5.31480000e-02  3.14799000e-03
1.68435000e-02  -5.49360000e-02  3.33121000e-03
1.70702000e-02  -5.67990000e-02  3.52816000e-03
1.72999000e-02  -5.87410000e-02  3.74026000e-03
1.75328000e-02  -6.07680000e-02  3.96924000e-03
1.77687000e-02  -6.28860000e-02  4.21709000e-03
1.80079000e-02  -6.51000000e-02  4.48607000e-03
1.82502000e-02  -6.74180000e-02  4.77879000e-03
1.84958000e-02  -6.98470000e-02  5.09849000e-03
1.87448000e-02  -7.23960000e-02  5.44891000e-03
1.89970000e-02  -7.50760000e-02  5.83443000e-03
1.92527000e-02  -7.78970000e-02  6.26028000e-03
1.95118000e-02  -8.08730000e-02  6.73339000e-03
1.97744000e-02  -8.40190000e-02  7.26224000e-03
2.00406000e-02  -8.73500000e-02  7.85698000e-03
2.03103000e-02  -9.08890000e-02  8.53067000e-03
2.05836000e-02  -9.46590000e-02  9.30156000e-03
2.08606000e-02  -9.86860000e-02  1.01928000e-02
2.11414000e-02  -1.03004000e-01  1.12338000e-02
2.14259000e-02  -1.07652000e-01  1.24665000e-02
2.17143000e-02  -1.12678000e-01  1.39508000e-02
2.20065000e-02  -1.18134000e-01  1.57669000e-02
2.23027000e-02  -1.24090000e-01  1.80322000e-02
2.26029000e-02  -1.30620000e-01  2.09459000e-02
2.29071000e-02  -1.37768000e-01  2.48123000e-02
2.32154000e-02  -1.45490000e-01  3.00915000e-02
2.35278000e-02  -1.53557000e-01  3.74389000e-02
2.38445000e-02  -1.61349000e-01  4.78322000e-02
2.41654000e-02  -1.66978000e-01  6.27148000e-02
2.44906000e-02  -1.65901000e-01  8.15607000e-02
2.48202000e-02  -1.54323000e-01  9.84545000e-02
2.51542000e-02  -1.35325000e-01  1.03339000e-01
2.54928000e-02  -1.21264000e-01  9.43306000e-02
2.58359000e-02  -1.18052000e-01  8.05493000e-02
2.61836000e-02  -1.23580000e-01  6.93496000e-02
2.65360000e-02  -1.33373000e-01  6.26208000e-02
2.68931000e-02  -1.45377000e-01  5.96757000e-02
2.72550000e-02  -1.58702000e-01  6.02739000e-02
2.76219000e-02  -1.72675000e-01  6.43270000e-02
2.79936000e-02  -1.86796000e-01  7.20143000e-02
2.83704000e-02  -2.00187000e-01  8.38366000e-02
2.87522000e-02  -2.11379000e-01  1.00057000e-01
2.91391000e-02  -2.18221000e-01  1.20494000e-01
2.95313000e-02  -2.17586000e-01  1.43073000e-01
2.99288000e-02  -2.08156000e-01  1.61972000e-01
3.03315000e-02  -1.95452000e-01  1.70272000e-01
3.07398000e-02  -1.88641000e-01  1.71066000e-01
3.11535000e-02  -1.89130000e-01  1.72909000e-01
3.15728000e-02  -1.91137000e-01  1.79935000e-01
3.19977000e-02  -1.90717000e-01  1.89538000e-01
3.24283000e-02  -1.87590000e-01  1.98614000e-01
3.28647000e-02  -1.83068000e-01  2.05625000e-01
3.33071000e-02  -1.79289000e-01  2.09724000e-01
3.37553000e-02  -1.78805000e-01  2.13141000e-01
3.42096000e-02  -1.80447000e-01  2.20023000e-01
3.46700000e-02  -1.79226000e-01  2.30509000e-01
3.51366000e-02  -1.73718000e-01  2.39499000e-01
3.56095000e-02  -1.68205000e-01  2.44353000e-01
3.60888000e-02  -1.65306000e-01  2.48507000e-01
3.65745000e-02  -1.62965000e-01  2.54663000e-01
3.70667000e-02  -1.59013000e-01  2.61729000e-01
3.75656000e-02  -1.53104000e-01  2.68056000e-01
3.80711000e-02  -1.45883000e-01  2.72221000e-01
3.85835000e-02  -1.39203000e-01  2.73681000e-01
3.91028000e-02  -1.34014000e-01  2.74209000e-01
3.96291000e-02  -1.28644000e-01  2.74513000e-01
4.01624000e-02  -1.22808000e-01  2.72007000e-01
4.07029000e-02  -1.19597000e-01  2.65630000e-01
4.12507000e-02  -1.21345000e-01  2.57546000e-01
4.18059000e-02  -1.28802000e-01  2.50748000e-01
4.23685000e-02  -1.40456000e-01  2.48556000e-01
4.29388000e-02  -1.53126000e-01  2.52031000e-01
4.35167000e-02  -1.64000000e-01  2.60659000e-01
4.41023000e-02  -1.70852000e-01  2.72070000e-01
4.46959000e-02  -1.73519000e-01  2.83176000e-01
4.52974000e-02  -1.73608000e-01  2.91296000e-01
4.59070000e-02  -1.74453000e-01  2.95826000e-01
4.65249000e-02  -1.78294000e-01  2.98606000e-01
4.71510000e-02  -1.85736000e-01  3.02366000e-01
4.77856000e-02  -1.95221000e-01  3.09288000e-01
4.84287000e-02  -2.04683000e-01  3.19716000e-01
4.90805000e-02  -2.12376000e-01  3.32518000e-01
4.97411000e-02  -2.18186000e-01  3.45789000e-01
5.04105000e-02  -2.23311000e-01  3.58270000e-01
5.10889000e-02  -2.29700000e-01  3.70400000e-01
5.17765000e-02  -2.38191000e-01  3.84190000e-01
5.24734000e-02  -2.47690000e-01  4.02265000e-01
5.31796000e-02  -2.55040000e-01  4.25510000e-01
5.38953000e-02  -2.56807000e-01  4.52155000e-01
5.46206000e-02  -2.51935000e-01  4.77453000e-01
5.53557000e-02  -2.43337000e-01  4.96953000e-01
5.61008000e-02  -2.37084000e-01  5.10282000e-01
5.68558000e-02  -2.37000000e-01  5.22062000e-01
5.76210000e-02  -2.42341000e-01  5.38472000e-01
5.83965000e-02  -2.48506000e-01  5.62723000e-01
5.91824000e-02  -2.50170000e-01  5.94041000e-01
5.99789000e-02  -2.44302000e-01  6.28430000e-01
6.07861000e-02  -2.31238000e-01  6.61162000e-01
6.16042000e-02  -2.13948000e-01  6.89544000e-01
6.24333000e-02  -1.95916000e-01  7.13747000e-01
6.32736000e-02  -1.79171000e-01  7.36082000e-01
6.41251000e-02  -1.63465000e-01  7.59311000e-01
6.49882000e-02  -1.46971000e-01  7.85140000e-01
6.58628000e-02  -1.27165000e-01  8.13762000e-01
6.67492000e-02  -1.01770000e-01  8.43706000e-01
6.76476000e-02  -6.95600000e-02  8.72376000e-01
6.85580000e-02  -3.07420000e-02  8.96685000e-01
6.94807000e-02  1.29300000e-02  9.13893000e-01
7.04158000e-02  5.85200000e-02  9.22283000e-01
7.13635000e-02  1.02340000e-01  9.21822000e-01
7.23239000e-02  1.41150000e-01  9.14764000e-01
7.32973000e-02  1.73980000e-01  9.04766000e-01
7.42837000e-02  2.02230000e-01  8.94540000e-01
7.52835000e-02  2.27800000e-01  8.84515000e-01
7.62967000e-02  2.51110000e-01  8.73930000e-01
7.73235000e-02  2.71480000e-01  8.63224000e-01
7.83642000e-02  2.89420000e-01  8.53975000e-01
7.94189000e-02  3.06820000e-01  8.46547000e-01
8.04877000e-02  3.24740000e-01  8.39268000e-01
8.15710000e-02  3.41880000e-01  8.30835000e-01
8.26688000e-02  3.56840000e-01  8.22920000e-01
8.37814000e-02  3.71750000e-01  8.18005000e-01
8.49089000e-02  3.90710000e-01  8.13866000e-01
8.60517000e-02  4.12660000e-01  8.04020000e-01
8.72098000e-02  4.30260000e-01  7.86913000e-01
8.83835000e-02  4.38940000e-01  7.69510000e-01
8.95730000e-02  4.42640000e-01  7.58967000e-01
9.07785000e-02  4.48420000e-01  7.54560000e-01
9.20003000e-02  4.57740000e-01  7.50639000e-01
9.32385000e-02  4.67230000e-01  7.45630000e-01
9.44933000e-02  4.76750000e-01  7.42547000e-01
9.57650000e-02  4.89760000e-01  7.39907000e-01
9.70539000e-02  5.04070000e-01  7.33114000e-01
9.83601000e-02  5.15350000e-01  7.24429000e-01
9.96839000e-02  5.26010000e-01  7.17719000e-01
1.01025000e-01  5.38300000e-01  7.08691000e-01
1.02385000e-01  5.46200000e-01  6.95685000e-01
1.03763000e-01  5.47150000e-01  6.86657000e-01
1.05160000e-01  5.48900000e-01  6.87125000e-01
1.06575000e-01  5.58980000e-01  6.90946000e-01
1.08009000e-01  5.75280000e-01  6.89080000e-01
1.09463000e-01  5.90240000e-01  6.80643000e-01
1.10936000e-01  6.01290000e-01  6.69924000e-01
1.12429000e-01  6.08560000e-01  6.59368000e-01
1.13942000e-01  6.12530000e-01  6.51202000e-01
1.15476000e-01  6.15260000e-01  6.48436000e-01
1.17030000e-01  6.22250000e-01  6.51121000e-01
1.18605000e-01  6.36420000e-01  6.53637000e-01
1.20201000e-01  6.54920000e-01  6.50758000e-01
1.21819000e-01  6.72580000e-01  6.42868000e-01
1.23458000e-01  6.89400000e-01  6.34082000e-01
1.25120000e-01  7.08420000e-01  6.23550000e-01
1.26804000e-01  7.29570000e-01  6.07128000e-01
1.28510000e-01  7.48160000e-01  5.81523000e-01
1.30240000e-01  7.58300000e-01  5.48944000e-01
1.31993000e-01  7.61210000e-01  5.16121000e-01
1.33769000e-01  7.31730000e-01  4.75635000e-01
1.35569000e-01  7.12850000e-01  4.80301000e-01
1.37394000e-01  7.04270000e-01  4.76874000e-01
1.39243000e-01  6.98740000e-01  4.75447000e-01
1.41117000e-01  6.95110000e-01  4.73566000e-01
1.43016000e-01  6.92840000e-01  4.71778000e-01
1.44941000e-01  6.91490000e-01  4.69975000e-01
1.46892000e-01  6.90870000e-01  4.68173000e-01
1.48869000e-01  6.90810000e-01  4.66371000e-01
1.50872000e-01  6.91190000e-01  4.64570000e-01
1.52903000e-01  6.91940000e-01  4.62767000e-01
1.54961000e-01  6.92990000e-01  4.60965000e-01
1.57046000e-01  6.94300000e-01  4.59164000e-01
1.59160000e-01  6.95830000e-01  4.57362000e-01
1.61302000e-01  6.97540000e-01  4.55560000e-01
1.63473000e-01  6.99420000e-01  4.53758000e-01
1.65673000e-01  7.01440000e-01  4.51956000e-01
1.67903000e-01  7.03580000e-01  4.50155000e-01
1.70162000e-01  7.05830000e-01  4.48353000e-01
1.72452000e-01  7.08180000e-01  4.46551000e-01
1.74773000e-01  7.10610000e-01  4.44749000e-01
1.77126000e-01  7.13120000e-01  4.42948000e-01
1.79509000e-01  7.15690000e-01  4.41145000e-01
1.81925000e-01  7.18320000e-01  4.39344000e-01
1.84374000e-01  7.21010000e-01  4.37542000e-01
1.86855000e-01  7.23740000e-01  4.35740000e-01
1.89370000e-01  7.26510000e-01  4.33938000e-01
1.91919000e-01  7.29320000e-01  4.32136000e-01
1.94501000e-01  7.32170000e-01  4.30334000e-01
1.97119000e-01  7.35040000e-01  4.28532000e-01
1.99772000e-01  7.37950000e-01  4.26730000e-01
2.02461000e-01  7.40870000e-01  4.24929000e-01
2.05186000e-01  7.43820000e-01  4.23127000e-01
2.07947000e-01  7.46780000e-01  4.21326000e-01
2.10746000e-01  7.49760000e-01  4.19523000e-01
2.13582000e-01  7.52760000e-01  4.17721000e-01
2.16456000e-01  7.55760000e-01  4.15920000e-01
2.19370000e-01  7.58780000e-01  4.14117000e-01
2.22322000e-01  7.61800000e-01  4.12316000e-01
2.25314000e-01  7.64830000e-01  4.10514000e-01
2.28346000e-01  7.67870000e-01  4.08712000e-01
2.31420000e-01  7.70910000e-01  4.06910000e-01
2.34534000e-01  7.73960000e-01  4.05109000e-01
2.37691000e-01  7.77010000e-01  4.03306000e-01
2.40890000e-01  7.80060000e-01  4.01505000e-01
2.44132000e-01  7.83110000e-01  3.99703000e-01
2.47417000e-01  7.86160000e-01  3.97901000e-01
2.50747000e-01  7.89210000e-01  3.96099000e-01
2.54122000e-01  7.92250000e-01  3.94297000e-01
2.57542000e-01  7.95300000e-01  3.92496000e-01
2.61008000e-01  7.98340000e-01  3.90693000e-01
2.64521000e-01  8.01370000e-01  3.88892000e-01
2.68081000e-01  8.04400000e-01  3.87090000e-01
2.71689000e-01  8.07430000e-01  3.85288000e-01
2.75345000e-01  8.10450000e-01  3.83486000e-01
2.79051000e-01  8.13470000e-01  3.81684000e-01
2.82807000e-01  8.16470000e-01  3.79883000e-01
2.86613000e-01  8.19470000e-01  3.78080000e-01
2.90470000e-01  8.22470000e-01  3.76278000e-01
2.94380000e-01  8.25450000e-01  3.74477000e-01
2.98341000e-01  8.28430000e-01  3.72675000e-01
3.02357000e-01  8.31400000e-01  3.70873000e-01
3.06426000e-01  8.34360000e-01  3.69072000e-01
3.10550000e-01  8.37310000e-01  3.67269000e-01
3.14729000e-01  8.40250000e-01  3.65468000e-01
3.18965000e-01  8.43180000e-01  3.63666000e-01
3.23258000e-01  8.46100000e-01  3.61864000e-01
3.27609000e-01  8.49010000e-01  3.60062000e-01
3.32018000e-01  8.51910000e-01  3.58260000e-01
3.36486000e-01  8.54800000e-01  3.56459000e-01
3.41015000e-01  8.57680000e-01  3.54656000e-01
3.45604000e-01  8.60550000e-01  3.52855000e-01
3.50256000e-01  8.63410000e-01  3.51053000e-01
3.54969000e-01  8.66250000e-01  3.49251000e-01
3.59747000e-01  8.69080000e-01  3.47449000e-01
3.64588000e-01  8.71910000e-01  3.45647000e-01
3.69495000e-01  8.74710000e-01  3.43845000e-01
3.74468000e-01  8.77510000e-01  3.42044000e-01
3.79508000e-01  8.80300000e-01  3.40242000e-01
3.84615000e-01  8.83070000e-01  3.38439000e-01
3.89792000e-01  8.85830000e-01  3.36638000e-01
3.95038000e-01  8.88570000e-01  3.34836000e-01
4.00354000e-01  8.91310000e-01  3.33035000e-01
4.05743000e-01  8.94030000e-01  3.31232000e-01
4.11203000e-01  8.96730000e-01  3.29431000e-01
4.16737000e-01  8.99430000e-01  3.27629000e-01
4.22346000e-01  9.02110000e-01  3.25827000e-01
4.28030000e-01  9.04780000e-01  3.24025000e-01
4.33791000e-01  9.07430000e-01  3.22223000e-01
4.39629000e-01  9.10070000e-01  3.20422000e-01
4.45546000e-01  9.12700000e-01  3.18620000e-01
4.51542000e-01  9.15310000e-01  3.16818000e-01
4.57619000e-01  9.17900000e-01  3.15016000e-01
4.63778000e-01  9.20490000e-01  3.13214000e-01
4.70020000e-01  9.23060000e-01  3.11413000e-01
4.76346000e-01  9.25610000e-01  3.09611000e-01
4.82756000e-01  9.28150000e-01  3.07808000e-01
4.89254000e-01  9.30680000e-01  3.06007000e-01
4.95838000e-01  9.33190000e-01  3.04205000e-01
5.02511000e-01  9.35690000e-01  3.02403000e-01
5.09274000e-01  9.38170000e-01  3.00601000e-01
5.16128000e-01  9.40640000e-01  2.98799000e-01
5.23075000e-01  9.43090000e-01  2.96998000e-01
5.30115000e-01  9.45530000e-01  2.95196000e-01
5.37249000e-01  9.47950000e-01  2.93393000e-01
5.44480000e-01  9.50360000e-01  2.91592000e-01
5.51808000e-01  9.52750000e-01  2.89790000e-01
5.59234000e-01  9.55130000e-01  2.87988000e-01
5.66760000e-01  9.57490000e-01  2.86186000e-01
5.74388000e-01  9.59840000e-01  2.84384000e-01
5.82119000e-01  9.62170000e-01  2.82583000e-01
5.89953000e-01  9.64480000e-01  2.80781000e-01
5.97893000e-01  9.66780000e-01  2.78979000e-01
6.05940000e-01  9.69070000e-01  2.77177000e-01
6.14095000e-01  9.71330000e-01  2.75375000e-01
6.22359000e-01  9.73590000e-01  2.73574000e-01
6.30735000e-01  9.75820000e-01  2.71771000e-01
6.39224000e-01  9.78040000e-01  2.69969000e-01
6.47827000e-01  9.80250000e-01  2.68168000e-01
6.56546000e-01  9.82430000e-01  2.66366000e-01
6.65382000e-01  9.84600000e-01  2.64564000e-01
6.74337000e-01  9.86760000e-01  2.62762000e-01
6.83413000e-01  9.88900000e-01  2.60960000e-01
6.92610000e-01  9.91020000e-01  2.59159000e-01
7.01932000e-01  9.93120000e-01  2.57356000e-01
7.11379000e-01  9.95210000e-01  2.55555000e-01
7.20953000e-01  9.97280000e-01  2.53753000e-01
7.30656000e-01  9.99330000e-01  2.51952000e-01
7.40489000e-01  1.00137000e+00  2.50150000e-01
7.50455000e-01  1.00339000e+00  2.48347000e-01
7.60555000e-01  1.00539000e+00  2.46546000e-01
7.70791000e-01  1.00738000e+00  2.44744000e-01
7.81165000e-01  1.00935000e+00  2.42942000e-01
7.91678000e-01  1.01130000e+00  2.41140000e-01
8.02333000e-01  1.01323000e+00  2.39338000e-01
8.13131000e-01  1.01514000e+00  2.37537000e-01
8.24074000e-01  1.01704000e+00  2.35735000e-01
8.35165000e-01  1.01891000e+00  2.33932000e-01
8.46405000e-01  1.02077000e+00  2.32131000e-01
8.57796000e-01  1.02261000e+00  2.30329000e-01
8.69341000e-01  1.02443000e+00  2.28528000e-01
8.81041000e-01  1.02624000e+00  2.26725000e-01
8.92899000e-01  1.02802000e+00  2.24923000e-01
9.04916000e-01  1.02978000e+00  2.23122000e-01
9.17094000e-01  1.03153000e+00  2.21320000e-01
9.29437000e-01  1.03325000e+00  2.19518000e-01
9.41946000e-01  1.03495000e+00  2.17716000e-01
9.54623000e-01  1.03664000e+00  2.15914000e-01
9.67471000e-01  1.03830000e+00  2.14113000e-01
9.80492000e-01  1.03994000e+00  2.12310000e-01
9.93687000e-01  1.04156000e+00  2.10509000e-01
1.00706000e+00  1.04316000e+00  2.08707000e-01
1.02061000e+00  1.04474000e+00  2.06905000e-01
1.03435000e+00  1.04629000e+00  2.05103000e-01
1.04827000e+00  1.04782000e+00  2.03301000e-01
1.06238000e+00  1.04932000e+00  2.01500000e-01
1.07668000e+00  1.05081000e+00  1.99697000e-01
1.09117000e+00  1.05226000e+00  1.97896000e-01
1.10585000e+00  1.05369000e+00  1.96094000e-01
1.12074000e+00  1.05510000e+00  1.94292000e-01
1.13582000e+00  1.05647000e+00  1.92490000e-01
1.15111000e+00  1.05782000e+00  1.90688000e-01
1.16660000e+00  1.05913000e+00  1.88886000e-01
1.18230000e+00  1.06042000e+00  1.87084000e-01
1.19821000e+00  1.06167000e+00  1.85283000e-01
1.21434000e+00  1.06288000e+00  1.83481000e-01
1.23068000e+00  1.06405000e+00  1.81679000e-01
1.24724000e+00  1.06518000e+00  1.79877000e-01
1.26403000e+00  1.06626000e+00  1.78076000e-01
1.28104000e+00  1.06729000e+00  1.76274000e-01
1.29828000e+00  1.06826000e+00  1.74471000e-01
1.31575000e+00  1.06916000e+00  1.72670000e-01
1.33346000e+00  1.06996000e+00  1.70869000e-01
1.35141000e+00  1.07066000e+00  1.69063000e-01
1.36960000e+00  1.07121000e+00  1.67277000e-01
1.38803000e+00  1.07150000e+00  1.65409000e-01
1.40671000e+00  1.07157000e+00  1.63856000e-01
1.42564000e+00  1.06960000e+00  1.61224000e-01
1.44483000e+00  1.06834000e+00  1.66250000e-01
1.46427000e+00  1.07300000e+00  1.65837000e-01
1.48398000e+00  1.07450000e+00  1.64736000e-01
1.50395000e+00  1.07615000e+00  1.63834000e-01
1.52419000e+00  1.07773000e+00  1.63132000e-01
1.54471000e+00  1.07954000e+00  1.62450000e-01
1.56550000e+00  1.08158000e+00  1.61660000e-01
1.58657000e+00  1.08385000e+00  1.60614000e-01
1.60792000e+00  1.08620000e+00  1.59175000e-01
1.62956000e+00  1.08843000e+00  1.57327000e-01
1.65149000e+00  1.09039000e+00  1.55204000e-01
1.67372000e+00  1.09204000e+00  1.52952000e-01
1.69624000e+00  1.09338000e+00  1.50709000e-01
1.71907000e+00  1.09452000e+00  1.48587000e-01
1.74221000e+00  1.09555000e+00  1.46589000e-01
1.76566000e+00  1.09655000e+00  1.44673000e-01
1.78942000e+00  1.09752000e+00  1.42803000e-01
1.81350000e+00  1.09846000e+00  1.40940000e-01
1.83791000e+00  1.09936000e+00  1.39075000e-01
1.86264000e+00  1.10020000e+00  1.37218000e-01
1.88771000e+00  1.10097000e+00  1.35382000e-01
1.91312000e+00  1.10169000e+00  1.33573000e-01
1.93887000e+00  1.10237000e+00  1.31795000e-01
1.96496000e+00  1.10301000e+00  1.30046000e-01
1.99141000e+00  1.10361000e+00  1.28319000e-01
2.01821000e+00  1.10417000e+00  1.26614000e-01
2.04537000e+00  1.10470000e+00  1.24930000e-01
2.07290000e+00  1.10518000e+00  1.23268000e-01
2.10079000e+00  1.10563000e+00  1.21631000e-01
2.12907000e+00  1.10605000e+00  1.20019000e-01
2.15772000e+00  1.10644000e+00  1.18427000e-01
2.18676000e+00  1.10680000e+00  1.16849000e-01
2.21619000e+00  1.10712000e+00  1.15283000e-01
2.24602000e+00  1.10739000e+00  1.13733000e-01
2.27625000e+00  1.10761000e+00  1.12223000e-01
2.30688000e+00  1.10780000e+00  1.10769000e-01
2.33793000e+00  1.10802000e+00  1.09355000e-01
2.36939000e+00  1.10828000e+00  1.07891000e-01
2.40128000e+00  1.10851000e+00  1.06280000e-01
2.43360000e+00  1.10853000e+00  1.04508000e-01
2.46635000e+00  1.10820000e+00  1.02758000e-01
2.49954000e+00  1.10759000e+00  1.01277000e-01
2.53319000e+00  1.10694000e+00  1.00182000e-01
2.56728000e+00  1.10649000e+00  9.92679000e-02
2.60183000e+00  1.10616000e+00  9.82238000e-02
2.63685000e+00  1.10558000e+00  9.69260000e-02
2.67233000e+00  1.10444000e+00  9.57943000e-02
2.70830000e+00  1.10291000e+00  9.53447000e-02
2.74475000e+00  1.10163000e+00  9.57415000e-02
2.78169000e+00  1.10096000e+00  9.64231000e-02
2.81913000e+00  1.10059000e+00  9.67920000e-02
2.85707000e+00  1.09965000e+00  9.71173000e-02
2.89552000e+00  1.09820000e+00  9.86415000e-02
2.93449000e+00  1.09770000e+00  1.02195000e-01
2.97398000e+00  1.10002000e+00  1.06400000e-01
3.01401000e+00  1.10484000e+00  1.08625000e-01
3.05457000e+00  1.10980000e+00  1.07830000e-01
3.09568000e+00  1.11325000e+00  1.05505000e-01
3.13734000e+00  1.11560000e+00  1.03020000e-01
3.17957000e+00  1.11744000e+00  1.00067000e-01
3.22236000e+00  1.11778000e+00  9.60253000e-02
3.26573000e+00  1.11474000e+00  9.26962000e-02
3.30968000e+00  1.10970000e+00  9.43868000e-02
3.35422000e+00  1.10853000e+00  1.01962000e-01
3.39937000e+00  1.11533000e+00  1.09540000e-01
3.44512000e+00  1.12676000e+00  1.10041000e-01
3.49148000e+00  1.13633000e+00  1.03519000e-01
3.53847000e+00  1.14072000e+00  9.32714000e-02
3.58610000e+00  1.13931000e+00  8.39853000e-02
3.63436000e+00  1.13540000e+00  7.90141000e-02
3.68327000e+00  1.13277000e+00  7.71357000e-02
3.73284000e+00  1.13174000e+00  7.53116000e-02
3.78308000e+00  1.13069000e+00  7.28874000e-02
3.83400000e+00  1.12913000e+00  7.06869000e-02
3.88560000e+00  1.12735000e+00  6.91087000e-02
3.93789000e+00  1.12581000e+00  6.82729000e-02
3.99089000e+00  1.12498000e+00  6.76822000e-02
4.04460000e+00  1.12452000e+00  6.66390000e-02
4.09903000e+00  1.12386000e+00  6.52922000e-02
4.15420000e+00  1.12298000e+00  6.40257000e-02
4.21011000e+00  1.12204000e+00  6.28705000e-02
4.26677000e+00  1.12107000e+00  6.17765000e-02
4.32419000e+00  1.12005000e+00  6.07198000e-02
4.38239000e+00  1.11893000e+00  5.97452000e-02
4.44137000e+00  1.11778000e+00  5.89507000e-02
4.50115000e+00  1.11676000e+00  5.82439000e-02
4.56173000e+00  1.11583000e+00  5.74499000e-02
4.62312000e+00  1.11485000e+00  5.65008000e-02
4.68534000e+00  1.11369000e+00  5.54378000e-02
4.74840000e+00  1.11237000e+00  5.43651000e-02
4.81230000e+00  1.11087000e+00  5.31431000e-02
4.87707000e+00  1.10884000e+00  5.17826000e-02
4.94271000e+00  1.10620000e+00  5.08144000e-02
5.00923000e+00  1.10336000e+00  5.04990000e-02
5.07664000e+00  1.10074000e+00  5.06537000e-02
5.14497000e+00  1.09845000e+00  5.07573000e-02
5.21421000e+00  1.09608000e+00  5.02658000e-02
5.28439000e+00  1.09271000e+00  4.93124000e-02
5.35551000e+00  1.08829000e+00  4.88578000e-02
5.42758000e+00  1.08299000e+00  4.84421000e-02
5.50063000e+00  1.07540000e+00  4.81731000e-02
5.57466000e+00  1.06413000e+00  5.04248000e-02
5.64969000e+00  1.05082000e+00  5.94574000e-02
5.72572000e+00  1.04065000e+00  7.63154000e-02
5.80278000e+00  1.03641000e+00  1.00040000e-01
5.88088000e+00  1.04707000e+00  1.29050000e-01
5.96003000e+00  1.07457000e+00  1.43705000e-01
6.04024000e+00  1.09767000e+00  1.38517000e-01
6.12153000e+00  1.10869000e+00  1.27907000e-01
6.20392000e+00  1.11200000e+00  1.21168000e-01
6.28741000e+00  1.11546000e+00  1.19008000e-01
6.37203000e+00  1.11929000e+00  1.15097000e-01
6.45779000e+00  1.12109000e+00  1.11817000e-01
6.54470000e+00  1.12291000e+00  1.08850000e-01
6.63279000e+00  1.12271000e+00  1.04949000e-01
6.72205000e+00  1.11857000e+00  1.00918000e-01
6.81252000e+00  1.10897000e+00  1.08829000e-01
6.90421000e+00  1.11826000e+00  1.26376000e-01
6.99713000e+00  1.13493000e+00  1.19237000e-01
7.09130000e+00  1.13471000e+00  1.12163000e-01
7.18674000e+00  1.13163000e+00  1.10825000e-01
7.28346000e+00  1.13597000e+00  1.19944000e-01
7.38148000e+00  1.14682000e+00  1.15015000e-01
7.48083000e+00  1.14784000e+00  1.07357000e-01
7.58151000e+00  1.14645000e+00  1.05067000e-01
7.68354000e+00  1.14611000e+00  1.04686000e-01
7.78695000e+00  1.14687000e+00  1.04823000e-01
7.89175000e+00  1.14778000e+00  1.05006000e-01
7.99796000e+00  1.14944000e+00  1.06453000e-01
8.10560000e+00  1.15396000e+00  1.07313000e-01
8.21469000e+00  1.15833000e+00  1.03595000e-01
8.32525000e+00  1.15877000e+00  9.94339000e-02
8.43729000e+00  1.15749000e+00  9.74750000e-02
8.55085000e+00  1.15626000e+00  9.78360000e-02
8.66593000e+00  1.15693000e+00  9.95186000e-02
8.78256000e+00  1.15847000e+00  1.00123000e-01
8.90076000e+00  1.15978000e+00  1.01617000e-01
9.02055000e+00  1.16357000e+00  1.02601000e-01
9.14195000e+00  1.16617000e+00  1.01420000e-01
9.26499000e+00  1.16815000e+00  1.01869000e-01
9.38968000e+00  1.17167000e+00  1.01792000e-01
9.51605000e+00  1.17445000e+00  1.00811000e-01
9.64412000e+00  1.17720000e+00  1.01012000e-01
9.77392000e+00  1.18131000e+00  1.01881000e-01
9.90546000e+00  1.18964000e+00  1.01859000e-01
1.00387700e+01  1.19773000e+00  9.40226000e-02
1.01738800e+01  1.19898000e+00  8.43772000e-02
1.03108100e+01  1.19736000e+00  7.87263000e-02
1.04495700e+01  1.19663000e+00  7.49898000e-02
1.05902000e+01  1.19613000e+00  7.08511000e-02
1.07327000e+01  1.19461000e+00  6.68834000e-02
1.08772000e+01  1.19257000e+00  6.39445000e-02
1.10236000e+01  1.19060000e+00  6.17956000e-02
1.11719000e+01  1.18876000e+00  6.01504000e-02
1.13223000e+01  1.18714000e+00  5.88439000e-02
1.14747000e+01  1.18548000e+00  5.76137000e-02
1.16291000e+01  1.18369000e+00  5.67794000e-02
1.17856000e+01  1.18182000e+00  5.62662000e-02
1.19442000e+01  1.17961000e+00  5.64062000e-02
1.21050000e+01  1.17782000e+00  5.82138000e-02
1.22679000e+01  1.17805000e+00  6.01653000e-02
1.24330000e+01  1.17870000e+00  6.09338000e-02
1.26003000e+01  1.17888000e+00  6.15265000e-02
1.27699000e+01  1.17943000e+00  6.31069000e-02
1.29418000e+01  1.18120000e+00  6.44012000e-02
1.31160000e+01  1.18378000e+00  6.50189000e-02
1.32925000e+01  1.18671000e+00  6.40954000e-02
1.34714000e+01  1.18844000e+00  6.20374000e-02
1.36527000e+01  1.18931000e+00  6.04847000e-02
1.38364000e+01  1.19027000e+00  5.91708000e-02
1.40226000e+01  1.19118000e+00  5.75236000e-02
1.42114000e+01  1.19157000e+00  5.55046000e-02
1.44026000e+01  1.19103000e+00  5.37609000e-02
1.45965000e+01  1.19029000e+00  5.31742000e-02
1.47929000e+01  1.19009000e+00  5.30372000e-02
1.49920000e+01  1.19068000e+00  5.30656000e-02
1.51938000e+01  1.19117000e+00  5.21042000e-02
1.53982000e+01  1.19123000e+00  5.16915000e-02
1.56055000e+01  1.19166000e+00  5.13443000e-02
1.58155000e+01  1.19188000e+00  5.10091000e-02
1.60284000e+01  1.19256000e+00  5.10973000e-02
1.62441000e+01  1.19359000e+00  5.06550000e-02
1.64627000e+01  1.19436000e+00  5.01627000e-02
1.66843000e+01  1.19529000e+00  4.96801000e-02
1.69088000e+01  1.19635000e+00  4.92638000e-02
1.71364000e+01  1.19780000e+00  4.85125000e-02
1.73670000e+01  1.19907000e+00  4.71517000e-02
1.76007000e+01  1.19996000e+00  4.57217000e-02
1.78376000e+01  1.20073000e+00  4.42940000e-02
1.80777000e+01  1.20129000e+00  4.27175000e-02
1.83210000e+01  1.20152000e+00  4.12761000e-02
1.85676000e+01  1.20170000e+00  4.00108000e-02
1.88174000e+01  1.20175000e+00  3.90280000e-02
1.90707000e+01  1.20208000e+00  3.82288000e-02
1.93274000e+01  1.20268000e+00  3.74919000e-02
1.95875000e+01  1.20361000e+00  3.63086000e-02
1.98511000e+01  1.20430000e+00  3.46192000e-02
2.01183000e+01  1.20440000e+00  3.28317000e-02
2.03890000e+01  1.20444000e+00  3.15005000e-02
2.06634000e+01  1.20445000e+00  2.99939000e-02
2.09415000e+01  1.20422000e+00  2.85170000e-02
2.12234000e+01  1.20365000e+00  2.75660000e-02
2.15090000e+01  1.20380000e+00  2.69785000e-02
2.17985000e+01  1.20415000e+00  2.59565000e-02
2.20919000e+01  1.20447000e+00  2.46262000e-02
2.23892000e+01  1.20456000e+00  2.31951000e-02
2.26905000e+01  1.20459000e+00  2.17426000e-02
2.29959000e+01  1.20438000e+00  2.01549000e-02
2.33054000e+01  1.20419000e+00  1.88737000e-02
2.36190000e+01  1.20415000e+00  1.71908000e-02
2.39369000e+01  1.20355000e+00  1.52456000e-02
2.42591000e+01  1.20268000e+00  1.35534000e-02
2.45855000e+01  1.20157000e+00  1.17557000e-02
2.49164000e+01  1.19959000e+00  1.04514000e-02
2.52518000e+01  1.19786000e+00  1.00934000e-02
2.55916000e+01  1.19668000e+00  9.98480000e-03
2.59360000e+01  1.19570000e+00  9.84667000e-03
2.62851000e+01  1.19488000e+00  9.71676000e-03
2.66389000e+01  1.19415000e+00  9.58764000e-03
2.69974000e+01  1.19349000e+00  9.46029000e-03
2.73607000e+01  1.19290000e+00  9.33469000e-03
2.77290000e+01  1.19236000e+00  9.21070000e-03
2.81021000e+01  1.19186000e+00  9.08841000e-03
2.84804000e+01  1.19140000e+00  8.96773000e-03
2.88637000e+01  1.19097000e+00  8.84864000e-03
2.92521000e+01  1.19057000e+00  8.73112000e-03
2.96458000e+01  1.19020000e+00  8.61515000e-03
3.00448000e+01  1.18984000e+00  8.50075000e-03
3.04492000e+01  1.18951000e+00  8.38787000e-03
3.08590000e+01  1.18919000e+00  8.27649000e-03
3.12743000e+01  1.18890000e+00  8.16655000e-03
3.16952000e+01  1.18861000e+00  8.05814000e-03
3.21217000e+01  1.18835000e+00  7.95109000e-03
3.25541000e+01  1.18809000e+00  7.84551000e-03
3.29922000e+01  1.18785000e+00  7.74131000e-03
3.34362000e+01  1.18762000e+00  7.63850000e-03
3.38862000e+01  1.18740000e+00  7.53710000e-03
3.43423000e+01  1.18718000e+00  7.43702000e-03
3.48045000e+01  1.18698000e+00  7.33822000e-03
3.52729000e+01  1.18679000e+00  7.24077000e-03
3.57476000e+01  1.18660000e+00  7.14462000e-03
3.62287000e+01  1.18643000e+00  7.04975000e-03
3.67163000e+01  1.18626000e+00  6.95615000e-03
3.72104000e+01  1.18609000e+00  6.86377000e-03
3.77112000e+01  1.18594000e+00  6.77260000e-03
3.82188000e+01  1.18579000e+00  6.68268000e-03
3.87331000e+01  1.18564000e+00  6.59393000e-03
3.92544000e+01  1.18550000e+00  6.50636000e-03
3.97827000e+01  1.18537000e+00  6.41997000e-03
4.03181000e+01  1.18524000e+00  6.33471000e-03
4.08607000e+01  1.18511000e+00  6.25060000e-03
4.14107000e+01  1.18499000e+00  6.16761000e-03
4.19680000e+01  1.18488000e+00  6.08570000e-03
4.25328000e+01  1.18476000e+00  6.00488000e-03
4.31053000e+01  1.18466000e+00  5.92512000e-03
4.36854000e+01  1.18455000e+00  5.84642000e-03
4.42733000e+01  1.18445000e+00  5.76878000e-03
4.48692000e+01  1.18435000e+00  5.69217000e-03
4.54730000e+01  1.18426000e+00  5.61659000e-03
4.60850000e+01  1.18417000e+00  5.54199000e-03
4.67053000e+01  1.18408000e+00  5.46840000e-03
4.73339000e+01  1.18400000e+00  5.39578000e-03
4.79709000e+01  1.18392000e+00  5.32414000e-03
4.86165000e+01  1.18384000e+00  5.25343000e-03
4.92708000e+01  1.18376000e+00  5.18366000e-03
4.99339000e+01  1.18369000e+00  5.11482000e-03
5.06060000e+01  1.18361000e+00  5.04690000e-03
5.12870000e+01  1.18355000e+00  4.97988000e-03
5.19773000e+01  1.18348000e+00  4.91374000e-03
5.26768000e+01  1.18341000e+00  4.84849000e-03
5.33858000e+01  1.18335000e+00  4.78410000e-03
5.41043000e+01  1.18329000e+00  4.72057000e-03
5.48324000e+01  1.18323000e+00  4.65788000e-03
5.55704000e+01  1.18317000e+00  4.59603000e-03
5.63183000e+01  1.18312000e+00  4.53500000e-03
5.70762000e+01  1.18306000e+00  4.47476000e-03
5.78444000e+01  1.18301000e+00  4.41535000e-03
5.86229000e+01  1.18296000e+00  4.35671000e-03
5.94119000e+01  1.18291000e+00  4.29886000e-03
6.02115000e+01  1.18286000e+00  4.24177000e-03
6.10218000e+01  1.18282000e+00  4.18545000e-03
6.18431000e+01  1.18277000e+00  4.12986000e-03
6.26754000e+01  1.18273000e+00  4.07502000e-03
6.35189000e+01  1.18269000e+00  4.02090000e-03
6.43738000e+01  1.18265000e+00  3.96749000e-03
6.52401000e+01  1.18261000e+00  3.91482000e-03
6.61182000e+01  1.18257000e+00  3.86282000e-03
6.70080000e+01  1.18253000e+00  3.81153000e-03
6.79099000e+01  1.18249000e+00  3.76091000e-03
6.88238000e+01  1.18246000e+00  3.71097000e-03
6.97501000e+01  1.18242000e+00  3.66168000e-03
7.06888000e+01  1.18239000e+00  3.61306000e-03
7.16402000e+01  1.18236000e+00  3.56508000e-03
7.26043000e+01  1.18233000e+00  3.51773000e-03
7.35815000e+01  1.18230000e+00  3.47102000e-03
7.45718000e+01  1.18227000e+00  3.42492000e-03
7.55754000e+01  1.18224000e+00  3.37945000e-03
7.65925000e+01  1.18221000e+00  3.33456000e-03
7.76233000e+01  1.18218000e+00  3.29028000e-03
7.86680000e+01  1.18216000e+00  3.24659000e-03
7.97268000e+01  1.18213000e+00  3.20348000e-03
8.07998000e+01  1.18211000e+00  3.16094000e-03
8.18872000e+01  1.18208000e+00  3.11897000e-03
8.29893000e+01  1.18206000e+00  3.07754000e-03
8.41062000e+01  1.18204000e+00  3.03667000e-03
8.52382000e+01  1.18201000e+00  2.99634000e-03
8.63853000e+01  1.18199000e+00  2.95656000e-03
8.75480000e+01  1.18197000e+00  2.91729000e-03
8.87262000e+01  1.18195000e+00  2.87856000e-03
8.99203000e+01  1.18193000e+00  2.84033000e-03
9.11305000e+01  1.18191000e+00  2.80260000e-03
9.23570000e+01  1.18189000e+00  2.76539000e-03
9.36000000e+01  1.18187000e+00  2.72866000e-03
9.48597000e+01  1.18186000e+00  2.69243000e-03
9.61364000e+01  1.18184000e+00  2.65667000e-03
9.74302000e+01  1.18182000e+00  2.62139000e-03
9.87415000e+01  1.18181000e+00  2.58658000e-03
1.00070400e+02  1.18179000e+00  2.55224000e-03
1.01417200e+02  1.18178000e+00  2.51834000e-03
1.02782100e+02  1.18176000e+00  2.48490000e-03
1.04165400e+02  1.18175000e+00  2.45190000e-03
1.05567000e+02  1.18173000e+00  2.41934000e-03
1.06988000e+02  1.18172000e+00  2.38719000e-03
1.08428000e+02  1.18170000e+00  2.35550000e-03
1.09887000e+02  1.18169000e+00  2.32423000e-03
1.11366000e+02  1.18168000e+00  2.29334000e-03
1.12865000e+02  1.18167000e+00  2.26292000e-03
1.14384000e+02  1.18165000e+00  2.23287000e-03
1.15923000e+02  1.18164000e+00  2.20321000e-03
1.17484000e+02  1.18163000e+00  2.17394000e-03
1.19065000e+02  1.18162000e+00  2.14507000e-03
1.20667000e+02  1.18161000e+00  2.11657000e-03
1.22291000e+02  1.18160000e+00  2.08847000e-03
1.23937000e+02  1.18159000e+00  2.06074000e-03
1.25605000e+02  1.18158000e+00  2.03336000e-03
1.27295000e+02  1.18157000e+00  2.00637000e-03
1.29009000e+02  1.18156000e+00  1.97973000e-03
1.30745000e+02  1.18155000e+00  1.95344000e-03
1.32505000e+02  1.18154000e+00  1.92750000e-03
1.34288000e+02  1.18153000e+00  1.90189000e-03
1.36095000e+02  1.18153000e+00  1.87664000e-03
1.37927000e+02  1.18152000e+00  1.85172000e-03
1.39783000e+02  1.18151000e+00  1.82712000e-03
1.41664000e+02  1.18150000e+00  1.80284000e-03
1.43571000e+02  1.18149000e+00  1.77891000e-03
1.45503000e+02  1.18149000e+00  1.75528000e-03
1.47461000e+02  1.18148000e+00  1.73197000e-03
1.49446000e+02  1.18147000e+00  1.70899000e-03
1.51457000e+02  1.18147000e+00  1.68630000e-03
1.53496000e+02  1.18146000e+00  1.66391000e-03
1.55562000e+02  1.18145000e+00  1.64180000e-03
1.57655000e+02  1.18145000e+00  1.62000000e-03
1.59777000e+02  1.18144000e+00  1.59848000e-03
1.61927000e+02  1.18144000e+00  1.57724000e-03
1.64107000e+02  1.18143000e+00  1.55628000e-03
1.66315000e+02  1.18142000e+00  1.53560000e-03
1.68554000e+02  1.18142000e+00  1.51521000e-03
1.70822000e+02  1.18141000e+00  1.49507000e-03
1.73121000e+02  1.18141000e+00  1.47521000e-03
1.75451000e+02  1.18140000e+00  1.45561000e-03
1.77812000e+02  1.18140000e+00  1.43626000e-03
1.80205000e+02  1.18139000e+00  1.41718000e-03
1.82631000e+02  1.18139000e+00  1.39835000e-03
1.85089000e+02  1.18138000e+00  1.37977000e-03
1.87580000e+02  1.18138000e+00  1.36145000e-03
1.90104000e+02  1.18138000e+00  1.34336000e-03
1.92663000e+02  1.18137000e+00  1.32553000e-03
1.95256000e+02  1.18137000e+00  1.30794000e-03
1.97883000e+02  1.18136000e+00  1.29058000e-03
2.00547000e+02  1.18136000e+00  1.27346000e-03
2.03246000e+02  1.18136000e+00  1.25657000e-03
2.05981000e+02  1.18135000e+00  1.23992000e-03
2.08753000e+02  1.18135000e+00  1.22344000e-03
2.11563000e+02  1.18135000e+00  1.20717000e-03
2.14410000e+02  1.18134000e+00  1.19110000e-03
2.17296000e+02  1.18134000e+00  1.17523000e-03
2.20220000e+02  1.18134000e+00  1.15957000e-03
2.23184000e+02  1.18133000e+00  1.14412000e-03
2.26188000e+02  1.18133000e+00  1.12886000e-03
2.29232000e+02  1.18133000e+00  1.11381000e-03
2.32317000e+02  1.18132000e+00  1.09895000e-03
2.35444000e+02  1.18132000e+00  1.08429000e-03
2.38612000e+02  1.18132000e+00  1.06981000e-03
2.41824000e+02  1.18132000e+00  1.05553000e-03
2.45078000e+02  1.18131000e+00  1.04143000e-03
2.48377000e+02  1.18131000e+00  1.02752000e-03
2.51719000e+02  1.18131000e+00  1.01380000e-03
2.55107000e+02  1.18131000e+00  1.00027000e-03
2.58541000e+02  1.18130000e+00  9.86910000e-04
2.62020000e+02  1.18130000e+00  9.73738000e-04
2.65546000e+02  1.18130000e+00  9.60747000e-04
2.69120000e+02  1.18130000e+00  9.47941000e-04
2.72742000e+02  1.18130000e+00  9.35322000e-04
2.76413000e+02  1.18129000e+00  9.22878000e-04
2.80133000e+02  1.18129000e+00  9.10621000e-04
2.83903000e+02  1.18129000e+00  8.98552000e-04
2.87724000e+02  1.18129000e+00  8.86662000e-04
2.91596000e+02  1.18129000e+00  8.74963000e-04
2.95521000e+02  1.18128000e+00  8.63455000e-04
2.99498000e+02  1.18128000e+00  8.52136000e-04
3.03529000e+02  1.18128000e+00  8.41007000e-04
3.07614000e+02  1.18128000e+00  8.30081000e-04
3.11754000e+02  1.18128000e+00  8.19250000e-04
3.15950000e+02  1.18127000e+00  8.08549000e-04
3.20202000e+02  1.18127000e+00  7.98176000e-04
3.24511000e+02  1.18127000e+00  7.87895000e-04
3.28879000e+02  1.18127000e+00  7.77782000e-04
3.33305000e+02  1.18127000e+00  7.67786000e-04
3.37791000e+02  1.18127000e+00  7.57902000e-04
3.42337000e+02  1.18127000e+00  7.48147000e-04
3.46944000e+02  1.18127000e+00  7.38593000e-04
3.51614000e+02  1.18127000e+00  7.28335000e-04
3.56346000e+02  1.18126000e+00  7.18719000e-04
3.61142000e+02  1.18126000e+00  7.09202000e-04
3.66002000e+02  1.18126000e+00  6.99348000e-04
3.70928000e+02  1.18126000e+00  6.90287000e-04
3.75920000e+02  1.18126000e+00  6.81411000e-04
3.80979000e+02  1.18126000e+00  6.72623000e-04
3.86107000e+02  1.18126000e+00  6.63938000e-04
3.91303000e+02  1.18126000e+00  6.55457000e-04
3.96569000e+02  1.18126000e+00  6.46590000e-04
4.01907000e+02  1.18126000e+00  6.37361000e-04
4.07316000e+02  1.18126000e+00  6.28056000e-04
4.12798000e+02  1.18125000e+00  6.19363000e-04
4.18353000e+02  1.18125000e+00  6.10543000e-04
4.23984000e+02  1.18125000e+00  6.02231000e-04
4.29690000e+02  1.18125000e+00  5.94857000e-04
4.35473000e+02  1.18125000e+00  5.87188000e-04
4.41334000e+02  1.18125000e+00  5.80256000e-04
4.47273000e+02  1.18125000e+00  5.72134000e-04
4.53293000e+02  1.18125000e+00  5.64594000e-04
4.59394000e+02  1.18125000e+00  5.57121000e-04
4.65576000e+02  1.18125000e+00  5.49880000e-04
4.71842000e+02  1.18125000e+00  5.43102000e-04
4.78192000e+02  1.18124000e+00  5.35937000e-04
4.84628000e+02  1.18124000e+00  5.29506000e-04
4.91151000e+02  1.18124000e+00  5.22540000e-04
4.97761000e+02  1.18124000e+00  5.14674000e-04
5.04460000e+02  1.18124000e+00  5.08876000e-04
5.11249000e+02  1.18124000e+00  5.01842000e-04
5.18130000e+02  1.18124000e+00  4.95197000e-04
5.25103000e+02  1.18124000e+00  4.89231000e-04
5.32170000e+02  1.18124000e+00  4.82796000e-04
5.39332000e+02  1.18124000e+00  4.75879000e-04
5.46591000e+02  1.18124000e+00  4.68266000e-04
5.53947000e+02  1.18124000e+00  4.59148000e-04
5.61402000e+02  1.18124000e+00  4.54044000e-04
5.68958000e+02  1.18124000e+00  4.47657000e-04
5.76615000e+02  1.18124000e+00  4.41785000e-04
5.84376000e+02  1.18124000e+00  4.36431000e-04
5.92240000e+02  1.18124000e+00  4.30769000e-04
6.00211000e+02  1.18124000e+00  4.25285000e-04
6.08289000e+02  1.18124000e+00  4.19561000e-04
6.16476000e+02  1.18123000e+00  4.14389000e-04
6.24773000e+02  1.18123000e+00  4.09182000e-04
6.33181000e+02  1.18123000e+00  4.03805000e-04
6.41703000e+02  1.18123000e+00  3.98475000e-04
6.50339000e+02  1.18123000e+00  3.93239000e-04
6.59092000e+02  1.18123000e+00  3.88153000e-04
6.67962000e+02  1.18123000e+00  3.83171000e-04
6.76952000e+02  1.18123000e+00  3.78241000e-04
6.86062000e+02  1.18123000e+00  3.73377000e-04
6.95296000e+02  1.18123000e+00  3.68577000e-04
7.04653000e+02  1.18123000e+00  3.63840000e-04
7.14137000e+02  1.18123000e+00  3.59164000e-04
7.23748000e+02  1.18123000e+00  3.54549000e-04
7.33489000e+02  1.18123000e+00  3.49996000e-04
7.43360000e+02  1.18123000e+00  3.45500000e-04
7.53365000e+02  1.18123000e+00  3.41064000e-04
7.63504000e+02  1.18123000e+00  3.36686000e-04
7.73780000e+02  1.18123000e+00  3.32363000e-04
7.84193000e+02  1.18123000e+00  3.28098000e-04
7.94747000e+02  1.18123000e+00  3.23889000e-04
8.05444000e+02  1.18123000e+00  3.19734000e-04
8.16284000e+02  1.18123000e+00  3.15632000e-04
8.27270000e+02  1.18123000e+00  3.11585000e-04
8.38403000e+02  1.18123000e+00  3.07590000e-04
8.49687000e+02  1.18123000e+00  3.03647000e-04
8.61122000e+02  1.18123000e+00  2.99754000e-04
8.72712000e+02  1.18123000e+00  2.95911000e-04
8.84457000e+02  1.18123000e+00  2.92119000e-04
8.96361000e+02  1.18123000e+00  2.88376000e-04
9.08424000e+02  1.18123000e+00  2.84682000e-04
9.20650000e+02  1.18123000e+00  2.81034000e-04
9.33041000e+02  1.18123000e+00  2.77435000e-04
9.45598000e+02  1.18123000e+00  2.73882000e-04
9.58324000e+02  1.18123000e+00  2.70372000e-04
9.71222000e+02  1.18123000e+00  2.66911000e-04
9.84293000e+02  1.18123000e+00  2.63492000e-04
9.97540000e+02  1.18123000e+00  2.60118000e-04
1.01097000e+03  1.18123000e+00  2.56786000e-04
1.02457000e+03  1.18123000e+00  2.53500000e-04
1.03836000e+03  1.18123000e+00  2.50255000e-04
1.05234000e+03  1.18123000e+00  2.47050000e-04
1.06650000e+03  1.18123000e+00  2.43888000e-04
1.08085000e+03  1.18123000e+00  2.40761000e-04
1.09540000e+03  1.18123000e+00  2.37677000e-04
1.11014000e+03  1.18123000e+00  2.34636000e-04
1.12508000e+03  1.18123000e+00  2.31631000e-04
1.14022000e+03  1.18123000e+00  2.28664000e-04
1.15557000e+03  1.18123000e+00  2.25735000e-04
1.17112000e+03  1.18123000e+00  2.22841000e-04
1.18688000e+03  1.18123000e+00  2.19988000e-04
1.20286000e+03  1.18123000e+00  2.17169000e-04
1.21905000e+03  1.18123000e+00  2.14385000e-04
1.23545000e+03  1.18123000e+00  2.11638000e-04
1.25208000e+03  1.18123000e+00  2.08923000e-04
1.26893000e+03  1.18123000e+00  2.06245000e-04
1.28601000e+03  1.18123000e+00  2.03599000e-04
1.30332000e+03  1.18123000e+00  2.00987000e-04
1.32086000e+03  1.18123000e+00  1.98407000e-04
1.33863000e+03  1.18123000e+00  1.95859000e-04
1.35665000e+03  1.18123000e+00  1.93344000e-04
1.37491000e+03  1.18123000e+00  1.90858000e-04
1.39341000e+03  1.18123000e+00  1.88407000e-04
1.41216000e+03  1.18123000e+00  1.85985000e-04
1.43117000e+03  1.18123000e+00  1.83592000e-04
1.45043000e+03  1.18123000e+00  1.81229000e-04
1.46995000e+03  1.18123000e+00  1.78896000e-04
1.48974000e+03  1.18123000e+00  1.76591000e-04
1.50979000e+03  1.18123000e+00  1.74314000e-04
1.53010000e+03  1.18123000e+00  1.72065000e-04
1.55070000e+03  1.18123000e+00  1.69845000e-04
1.57157000e+03  1.18123000e+00  1.67651000e-04
1.59272000e+03  1.18123000e+00  1.65485000e-04
1.61415000e+03  1.18123000e+00  1.63344000e-04
1.63588000e+03  1.18123000e+00  1.61230000e-04
1.65789000e+03  1.18123000e+00  1.59141000e-04
1.68021000e+03  1.18123000e+00  1.57077000e-04
1.70282000e+03  1.18123000e+00  1.55039000e-04
1.72574000e+03  1.18123000e+00  1.53025000e-04
1.74896000e+03  1.18123000e+00  1.51035000e-04
1.77250000e+03  1.18123000e+00  1.49070000e-04
1.79636000e+03  1.18123000e+00  1.47127000e-04
1.82053000e+03  1.18123000e+00  1.45207000e-04
1.84503000e+03  1.18123000e+00  1.43311000e-04
1.86987000e+03  1.18123000e+00  1.41437000e-04
1.89503000e+03  1.18123000e+00  1.39585000e-04
1.92054000e+03  1.18123000e+00  1.37755000e-04
1.94638000e+03  1.18123000e+00  1.35947000e-04
1.97258000e+03  1.18123000e+00  1.34158000e-04
1.99913000e+03  1.18123000e+00  1.32392000e-04
2.02603000e+03  1.18123000e+00  1.30645000e-04
2.05330000e+03  1.18123000e+00  1.28919000e-04
2.08093000e+03  1.18123000e+00  1.27213000e-04
2.10894000e+03  1.18123000e+00  1.25527000e-04
2.13732000e+03  1.18123000e+00  1.23860000e-04
2.16609000e+03  1.18123000e+00  1.22211000e-04
2.19524000e+03  1.18123000e+00  1.20582000e-04
2.22478000e+03  1.18123000e+00  1.18970000e-04
2.25473000e+03  1.18123000e+00  1.17377000e-04
2.28507000e+03  1.18123000e+00  1.15802000e-04
2.31583000e+03  1.18123000e+00  1.14245000e-04
2.34699000e+03  1.18123000e+00  1.12703000e-04
2.37858000e+03  1.18123000e+00  1.11180000e-04
2.41059000e+03  1.18123000e+00  1.09674000e-04
2.44304000e+03  1.18123000e+00  1.08182000e-04
2.47591000e+03  1.18123000e+00  1.06709000e-04
2.50924000e+03  1.18123000e+00  1.05251000e-04
2.54301000e+03  1.18123000e+00  1.03808000e-04
2.57723000e+03  1.18123000e+00  1.02381000e-04
2.61192000e+03  1.18123000e+00  1.00968000e-04
2.64707000e+03  1.18123000e+00  9.95715000e-05
2.68270000e+03  1.18123000e+00  9.81890000e-05
2.71880000e+03  1.18123000e+00  9.68206000e-05
2.75539000e+03  1.18123000e+00  9.54667000e-05
2.79247000e+03  1.18123000e+00  9.41265000e-05
2.83006000e+03  1.18123000e+00  9.28001000e-05
2.86815000e+03  1.18123000e+00  9.14872000e-05
2.90675000e+03  1.18123000e+00  9.01875000e-05
2.94587000e+03  1.18123000e+00  8.89003000e-05
2.98551000e+03  1.18123000e+00  8.76259000e-05
3.02569000e+03  1.18123000e+00  8.63642000e-05
3.06642000e+03  1.18123000e+00  8.51153000e-05
3.10768000e+03  1.18123000e+00  8.38779000e-05
3.14951000e+03  1.18123000e+00  8.26525000e-05
3.19190000e+03  1.18123000e+00  8.14387000e-05
3.23485000e+03  1.18123000e+00  8.02358000e-05
3.27839000e+03  1.18123000e+00  7.90446000e-05
3.32251000e+03  1.18123000e+00  7.78645000e-05
3.36723000e+03  1.18123000e+00  7.66951000e-05
3.41255000e+03  1.18123000e+00  7.55359000e-05
3.45847000e+03  1.18123000e+00  7.43870000e-05
3.50502000e+03  1.18123000e+00  7.32487000e-05
3.55219000e+03  1.18123000e+00  7.21203000e-05
3.60000000e+03  1.18122000e+00  7.10012000e-05
