             0.1     -0.0065215975248    0.00211430340806  
  0.100462042135    -0.00646401069819    0.00209117471518  
  0.100926219099    -0.00640588851022     0.0020682752388  
  0.101392540756    -0.00634710212146    0.00204561866071  
  0.101861017016    -0.00628913497015    0.00202344405693  
  0.102331657833    -0.00623073966127    0.00200156854191  
  0.102804473209    -0.00617181301413     0.0019796921379  
  0.103279473192    -0.00611384315652    0.00195853824217  
  0.103756667875    -0.00605541044111    0.00193768314893  
  0.104236067398    -0.00599661641879    0.00191685431879  
  0.104717681949    -0.00593884322853    0.00189683933606  
  0.105201521762     -0.0058805532803    0.00187686555556  
  0.105687597118    -0.00582193919622    0.00185711087705  
  0.106175918348    -0.00576426760601     0.0018382130314  
  0.106666495828    -0.00570609425138    0.00181928629449  
  0.107159339982    -0.00564775521006    0.00180064240236  
  0.107654461284    -0.00558998049735     0.0017825710391  
  0.108151870255    -0.00553143974586    0.00176473023483  
  0.108651577465    -0.00547287125009    0.00174742556564  
  0.109153593533     -0.0054146587203    0.00173065810829  
  0.109657929127    -0.00535562241771    0.00171409763622  
  0.110164594963    -0.00529647523684    0.00169795452964  
   0.11067360181    -0.00523716342227    0.00168240847787  
  0.111184960482    -0.00517666501086    0.00166701972338  
  0.111698681847     -0.0051155995699    0.00165212707736  
  0.112214776821    -0.00505357039711    0.00163810932222  
  0.112733256371    -0.00498946588108    0.00162409661258  
  0.113254131515    -0.00492367069988    0.00161077874485  
  0.113777413322    -0.00485451229723    0.00159787697214  
  0.114303112911    -0.00477922588521    0.00158489178034  
  0.114831241454    -0.00469473064389    0.00157282618118  
  0.115361810174     -0.0045833593283    0.00156237544201  
  0.115894830344    -0.00444011492332    0.00160441200988  
  0.116430313292    -0.00435490898567    0.00175311192356  
  0.116968270397    -0.00437017492392    0.00187565412319  
   0.11750871309    -0.00441997390135    0.00191681653131  
  0.118051652857    -0.00444658683285    0.00190939839496  
  0.118597101234    -0.00444724676335    0.00190130435571  
  0.119145069812    -0.00443810622501    0.00189272750854  
  0.119695570236    -0.00442595648518    0.00188534335857  
  0.120248614204     -0.0044097539006    0.00187810032529  
  0.120804213468    -0.00439138998462    0.00187111433564  
  0.121362379834    -0.00437476283405    0.00186552079137  
  0.121923125165    -0.00435642815255    0.00186012976184  
  0.122486461375    -0.00433668148255    0.00185514637246  
  0.123052400436     -0.0043160614365    0.00185165823452  
  0.123620954374    -0.00429452745229    0.00184824905991  
   0.12419213527     -0.0043189180538    0.00188454557356  
  0.124765955263    -0.00440104990219    0.00196758466661  
  0.125342426546    -0.00437388857685    0.00194431510612  
  0.125921561369     -0.0043460360553     0.0019211810891  
   0.12650337204    -0.00431774885455    0.00189810732467  
   0.12708787092    -0.00428966526235    0.00187544808404  
  0.127675070432    -0.00426108080861    0.00185297920856  
  0.128264983053    -0.00423219030521    0.00183055345518  
  0.128857621319    -0.00420367984755    0.00180861495467  
  0.129452997823    -0.00417473028432    0.00178670750879  
  0.130051125217    -0.00414547712073    0.00176500717388  
  0.130652016212    -0.00411673760363    0.00174381746495  
  0.131255683577    -0.00408766973225    0.00172262909287  
  0.131862140139    -0.00405841256236     0.0017016573872  
  0.132471398787    -0.00402964991979    0.00168098000014  
  0.133083472465     -0.0040005691382    0.00166040362385  
  0.133698374182    -0.00397138381002    0.00163999245958  
  0.134316117005    -0.00394262651871    0.00161987664317  
  0.134936714059    -0.00391358945119    0.00160008033611  
  0.135560178533    -0.00388452851729    0.00158030471297  
  0.136186523676    -0.00385593616074    0.00156094504562  
  0.136815762797    -0.00382714276032    0.00154175843661  
  0.137447909268    -0.00379821771635    0.00152257907238  
  0.138082976522    -0.00376982770347    0.00150394455105  
  0.138720978054    -0.00374128822811    0.00148533803408  
  0.139361927422     -0.0037126160132    0.00146685315969  
  0.140005838247    -0.00368454784146    0.00144887015465  
  0.140652724211    -0.00365634415512    0.00143087338736  
   0.14130259906    -0.00362807327712     0.0014130303276  
  0.141955476605    -0.00360034798934    0.00139548149733  
  0.142611370719    -0.00357240225709    0.00137804808556  
  0.143270295341    -0.00354444108207    0.00136079935692  
  0.143932264472    -0.00351703256446    0.00134381333898  
  0.144597292179    -0.00348944777955    0.00132696370256  
  0.145265392595    -0.00346179594018     0.0013101734908  
  0.145936579916    -0.00343462746032    0.00129378723393  
  0.146610868405    -0.00340736123103     0.0012775406781  
  0.147288272391    -0.00338001357097    0.00126130769931  
  0.147968806269    -0.00335320361614    0.00124559717186  
    0.1486524845    -0.00332633236165    0.00122987043996  
  0.149339321612    -0.00329937250251    0.00121426894624  
  0.150029332202    -0.00327298944593    0.00119906096142  
  0.150722530931    -0.00324646301322     0.0011838110546  
   0.15141893253    -0.00321987815712    0.00116877560597  
  0.152118551799    -0.00319382234114    0.00115396658558  
  0.152821403603    -0.00316755038675    0.00113924560227  
  0.153527502878     -0.0031412564201    0.00112476760163  
   0.15423686463    -0.00311549071367    0.00111050484594  
  0.154949503931    -0.00308957656131    0.00109637689295  
  0.155665435927    -0.00306358919007    0.00108231043595  
   0.15638467583     -0.0030380115027    0.00106859147585  
  0.157107238925    -0.00301234176298    0.00105506142634  
  0.157833140565    -0.00298662761958    0.00104157919971  
  0.158562396177    -0.00296137374168    0.00102844369022  
  0.159295021257    -0.00293600276683    0.00101535062551  
  0.160031031374    -0.00291052743464    0.00100233494719  
  0.160770442167    -0.00288545716916   0.000989539268163  
   0.16151326935    -0.00286007655745   0.000976723544628  
  0.162259528708    -0.00283443298791   0.000964107124168  
  0.163009236098    -0.00280899870543   0.000951650182523  
  0.163762407452    -0.00278302100875   0.000939302767154  
  0.164519058775    -0.00275647429273   0.000927125182242  
  0.165279206146    -0.00272944856256   0.000915081724349  
  0.166042865719    -0.00270054711889   0.000903235132897  
   0.16681005372    -0.00266742207409   0.000892322740741  
  0.167580786453    -0.00263114388058   0.000890279566422  
  0.168355080296    -0.00260396239813   0.000903082309179  
  0.169132951703    -0.00259218940573    0.00091146476306  
  0.169914417203    -0.00258509536822   0.000906244715654  
  0.170699493404    -0.00257335713623   0.000894813159316  
  0.171488196987    -0.00255790141252   0.000883404348633  
  0.172280544713    -0.00254147469843   0.000872190967049  
   0.17307655342    -0.00252408982835   0.000860986624395  
  0.173876240022    -0.00250609374945   0.000849916605219  
  0.174679621513    -0.00248812977861   0.000839025327492  
  0.175486714965    -0.00246976092295   0.000828294231885  
  0.176297537529    -0.00245121073232    0.00081770075283  
  0.177112106435    -0.00243297797292   0.000807256137132  
  0.177930438992    -0.00241455200802   0.000796954992787  
   0.17875255259    -0.00239603568565    0.00078665429735  
    0.1795784647    -0.00237793666786   0.000776501378908  
  0.180408192872    -0.00235974268377   0.000766446812124  
  0.181241754737    -0.00234144215807   0.000756362168882  
   0.18207916801    -0.00232347247485   0.000746446191267  
  0.182920450485    -0.00230545438728   0.000736519313969  
  0.183765620039    -0.00228734990616   0.000726646488461  
  0.184614694632    -0.00226953625042   0.000716904130842  
  0.185467692308    -0.00225165386781   0.000707166310353  
  0.186324631193    -0.00223374088983    0.00069754940468  
  0.187185529497     -0.0022161401521   0.000688065178442  
  0.188050405513    -0.00219846727043   0.000678650611948  
  0.188919277621    -0.00218080522829   0.000669353370411  
  0.189792164284    -0.00216347397344   0.000660252283883  
  0.190669084051     -0.0021461586359   0.000651318219429  
  0.191550055557    -0.00212896365947   0.000642456203014  
  0.192435097523    -0.00211223873427   0.000633814597048  
  0.193324228756    -0.00209566235045   0.000625224510231  
  0.194217468149     -0.0020792725129   0.000616648914197  
  0.195114834685    -0.00206351978289   0.000608321339433  
  0.196016347432    -0.00204820537884   0.000599994596228  
  0.196922025548    -0.00203365940747   0.000591759395179  
  0.197831888278    -0.00202121131096   0.000583735137945  
  0.198745954958    -0.00201663357304   0.000575121868563  
  0.199664245011    -0.00199833756979   0.000538816181142  
  0.200586777951    -0.00196861102727   0.000531150687812  
  0.201513573382    -0.00194662047423   0.000523569091616  
  0.202444650998    -0.00192624104649   0.000516024146918  
  0.203380030585    -0.00190701579679   0.000508803106157  
   0.20431973202    -0.00188829190723   0.000501588990509  
  0.205263775271     -0.0018698368182   0.000494422628562  
    0.2062121804    -0.00185195351391   0.000487512623253  
   0.20716496756    -0.00183425337507   0.000480627581042  
  0.208122156999    -0.00181665851347   0.000473789807788  
  0.209083769056    -0.00179951478033   0.000467171923005  
  0.210049824165    -0.00178246648314   0.000460581740048  
  0.211020342857    -0.00176546424592   0.000454031244685  
  0.211995345754    -0.00174885430901   0.000447696369697  
  0.212974853575    -0.00173231373077   0.000441384085863  
  0.213958887134    -0.00171578475955   0.000435094901831  
  0.214947467344    -0.00169960082691    0.00042903715849  
   0.21594061521    -0.00168348614183   0.000422987485278  
  0.216938351839    -0.00166735527228   0.000416937442951  
   0.21794069843    -0.00165157125172   0.000411162981696  
  0.218947676286    -0.00163588332109   0.000405374218315  
  0.219959306803    -0.00162019806794   0.000399572560207  
   0.22097561148    -0.00160483369444   0.000393936399157  
  0.221996611912    -0.00158947284543   0.000388279261302  
  0.223022329797    -0.00157405328679    0.00038264233218  
   0.22405278693    -0.00155892364415   0.000377224982019  
   0.22508800521    -0.00154380987931   0.000371816679855  
  0.226128006634    -0.00152865610238   0.000366453420391  
  0.227172813303    -0.00151379386074   0.000361301676772  
  0.228222447419    -0.00149896956435   0.000356183434681  
  0.229276931287    -0.00148414320188   0.000351097442188  
  0.230336287314    -0.00146959788603    0.00034617255165  
  0.231400538013    -0.00145507616218      0.000341271564  
  0.232469705999    -0.00144054119151   0.000336396140601  
  0.233543813991    -0.00142626250184   0.000331684075649  
  0.234622884814     -0.0014120086848   0.000326990473656  
    0.2357069414      -0.001397725031   0.000322311324551  
  0.236796006783     -0.0013836240781   0.000317835987737  
  0.237890104108    -0.00136956323194   0.000313368404164  
  0.238989256623    -0.00135545277504   0.000308895629954  
  0.240093487686    -0.00134157980188   0.000304712884904  
  0.241202820762     -0.0013277813143   0.000300518437733  
  0.242317279424    -0.00131395214826   0.000296322960014  
  0.243436887354    -0.00130036756358   0.000292307674062  
  0.244561668345    -0.00128683129791   0.000288287555711  
  0.245691646298    -0.00127328230845   0.000284275710665  
  0.246826845226    -0.00125990185324   0.000280365261025  
   0.24796728925    -0.00124654359783   0.000276460692719  
  0.249113002607    -0.00123317130783   0.000272570738026  
  0.250264009642    -0.00121989608063   0.000268774815704  
  0.251420334814    -0.00120663049092   0.000264991525557  
  0.252582002696    -0.00119334546052   0.000261227288239  
  0.253749037973    -0.00118010110738   0.000257576805173  
  0.254921465445    -0.00116686768839   0.000253943718059  
  0.256099310026    -0.00115361182713   0.000250325427303  
  0.257282596745    -0.00114032734213   0.000246828959645  
  0.258471350747    -0.00112706069865   0.000243346349019  
  0.259665597293    -0.00111376360388   0.000239867576987  
  0.260865361762    -0.00110026151826   0.000236528874098  
  0.262070669648    -0.00108678831125   0.000233193607429  
  0.263281546565    -0.00107327243386   0.000229845583458  
  0.264498018243     -0.0010592843916   0.000226662792871  
  0.265720110532    -0.00104532967374   0.000223467527711  
  0.266947849403    -0.00103133557944   0.000220272188591  
  0.268181260945    -0.00101650741078   0.000217209900438  
  0.269420371368    -0.00100169710653   0.000214148318303  
  0.270665207003    -0.00098686102891   0.000211093957004  
  0.271915794304   -0.000970263437989   0.000208134684788  
  0.273172159844   -0.000953660000933   0.000205183689695  
  0.274434330323    -0.00093703111069   0.000202236670457  
  0.275702332561   -0.000915501119435   0.000199354133354  
  0.276976193504   -0.000893901097756   0.000196476640052  
  0.278255940221   -0.000872240637333   0.000193603717282  
  0.279541599907   -0.000820018310644   0.000190792907733  
  0.280833199882   -0.000767332440526   0.000187988137524  
  0.282130767594   -0.000714432268211   0.000185193407917  
  0.283434330615   -0.000733241827251   0.000252534224522  
  0.284743916647   -0.000753044341475   0.000321064208677  
  0.286059553518   -0.000772941568305   0.000389937579889  
  0.287381269185   -0.000791542945168    0.00038542751213  
  0.288709091736   -0.000810286465694   0.000379818312583  
  0.290043049386    -0.00082913419725   0.000374183391529  
  0.291383170483   -0.000833456309176   0.000368818047205  
  0.292729483504   -0.000837604526978   0.000363434080526  
  0.294082017059   -0.000841795026164   0.000358037403173  
  0.295440799888   -0.000842053636309   0.000352882682067  
  0.296805860867   -0.000842293430934   0.000347722607907  
  0.298177229002   -0.000842565164051   0.000342557120134  
  0.299554933436   -0.000840754084823   0.000337605872034  
  0.300939003445   -0.000838936952656   0.000332657085685  
  0.302329468441     -0.0008371438257   0.000327707241895  
   0.30372635797   -0.000834105156122   0.000322959073712  
  0.305129701718   -0.000831068986172   0.000318218435701  
  0.306539529506   -0.000828051350381   0.000313476923164  
  0.307955871291   -0.000824222813058   0.000308933937411  
  0.309378757173   -0.000820406328886   0.000304399190218  
  0.310808217387   -0.000816603309531   0.000299858490438  
  0.312244282309   -0.000812247221037   0.000295512797983  
  0.313686982457   -0.000807910984329   0.000291170578353  
  0.315136348487   -0.000803578918447   0.000286814514478  
  0.316592411198   -0.000798853787424   0.000282662602755  
  0.318055201533   -0.000794158154922   0.000278506671175  
  0.319524750576    -0.00078946120756   0.000274333754647  
  0.321001089554   -0.000784446482428   0.000270366214074  
  0.322484249841   -0.000779459025196   0.000266391841887  
  0.323974262953    -0.00077447426841   0.000262409746399  
  0.325471160553   -0.000769303440484     0.0002586042979  
  0.326974974451   -0.000764155468807   0.000254801419431  
  0.328485736603    -0.00075901596588   0.000250996433283  
  0.330003479113   -0.000753746132005   0.000247350516183  
  0.331528234232   -0.000748500953089   0.000243713031574  
  0.333060034362   -0.000743273375496   0.000240068734559  
  0.334598912055   -0.000737954348696   0.000236557146506  
  0.336144900011   -0.000732648150874    0.00023304785786  
  0.337698031083    -0.00072734802952   0.000229532213115  
  0.339258338274   -0.000721979870823    0.00022614786298  
  0.340825854742    -0.00071662035615   0.000222766702728  
  0.342400613797   -0.000711255078432   0.000219380010474  
  0.343982648902   -0.000705844503474   0.000216142006497  
  0.345571993676   -0.000700454676349   0.000212909672205  
  0.347168681893   -0.000695058278934   0.000209664820549  
  0.348772747481   -0.000689638189908   0.000206575596263  
  0.350384224529   -0.000684246194196   0.000203485146254  
   0.35200314728   -0.000678847199738   0.000200383330529  
  0.353629550136   -0.000673434094949   0.000197430060536  
  0.355263467658   -0.000668045504899   0.000194476823927  
  0.356904934568   -0.000662655469788   0.000191518974408  
  0.358553985746   -0.000657270889991   0.000188689169892  
  0.360210656236   -0.000651908334964   0.000185866109215  
  0.361874981241   -0.000646552460778   0.000183038957269  
  0.363546996129   -0.000641218413169   0.000180318432931  
  0.365226736431   -0.000635898085981   0.000177604017645  
   0.36691423784   -0.000630579624253   0.000174887200458  
  0.368609536217   -0.000625291984576   0.000172272929837  
  0.370312667587   -0.000620016330236   0.000169666786095  
  0.372023668141   -0.000614738748134   0.000167058461295  
  0.373742574239   -0.000609490967906   0.000164529748173  
  0.375469422407   -0.000604256971814    0.00016200787103  
  0.377204249342    -0.00059901626452    0.00015948124163  
  0.378947091907   -0.000593782624372   0.000157028766801  
   0.38069798714   -0.000588568147198    0.00015457997457  
  0.382456972247   -0.000583341289246   0.000152119939715  
  0.384224084606   -0.000578088896739   0.000149773308053  
  0.385999361768   -0.000572865265896   0.000147426465102  
  0.387782841459   -0.000567638454317    0.00014507197717  
  0.389574561578   -0.000562357244298   0.000142834118506  
  0.391374560198   -0.000557092225647   0.000140600889169  
  0.393182875571   -0.000551830119764   0.000138363317752  
  0.394999546122   -0.000546436224357   0.000136220439667  
  0.396824610457   -0.000541042045916   0.000134084364242  
  0.398658107358   -0.000535649675973   0.000131945263408  
  0.400500075787    -0.00052975638342   0.000129890074983  
  0.402350554887   -0.000523819041401   0.000127842527573  
   0.40420958398   -0.000517877053427   0.000125793741328  
   0.40607720257   -0.000509231532875   0.000127772805399  
  0.407953450345   -0.000500309649838   0.000130171456331  
  0.409838367176   -0.000491368450622   0.000132587788979  
  0.411731993116   -0.000490782640666   0.000130949130719  
  0.413634368406   -0.000491086472833   0.000128893985618  
  0.415545533472   -0.000491411329483   0.000126832532518  
  0.417465528925   -0.000488286462486   0.000124865807157  
  0.419394395567   -0.000484814242915    0.00012290497904  
  0.421332174385   -0.000481342590148   0.000120935130075  
  0.423278906557   -0.000477467326826   0.000119062072406  
  0.425234633453   -0.000473566405337   0.000117192005285  
  0.427199396631   -0.000469663821247   0.000115315944955  
  0.429173237842    -0.00046563961927   0.000113526911719  
  0.431156199032   -0.000461614037969   0.000111743720522  
  0.433148322338   -0.000457588733967   0.000109957615728  
  0.435149650093   -0.000453507738766    0.00010824863025  
  0.437160224825   -0.000449429153033   0.000106548364294  
   0.43918008926   -0.000445351642059   0.000104846580952  
  0.441209286319   -0.000441268588312   0.000103215583707  
  0.443247859124   -0.000437191983361    0.00010159447361  
  0.445295850994   -0.000433115965345   9.99717698789e-05  
   0.44735330545   -0.000429047132194   9.84163649807e-05  
  0.449420266212   -0.000424985828271    9.6870540411e-05  
  0.451496777204   -0.000420923402643   9.53217411852e-05  
  0.453582882551   -0.000416875973271   9.38396554347e-05  
  0.455678626584   -0.000412837748468    9.2365523459e-05  
  0.457784053838   -0.000408795876413   9.08858889636e-05  
  0.459899209052   -0.000404772872177   8.94737069509e-05  
  0.462024137175   -0.000400759760988   8.80665137107e-05  
  0.464158883361   -0.000396740365275   8.66528497096e-05  
  0.466303492974   -0.000392739302646   8.53040626326e-05  
  0.468458011587   -0.000388745856727   8.39588519777e-05  
  0.470622484984   -0.000384743360389   8.26096665658e-05  
   0.47279695916    -0.00038075791344   8.13208874789e-05  
  0.474981480323   -0.000376776106884   8.00383886781e-05  
  0.477176094894   -0.000372785840386   7.87539657772e-05  
  0.479380849509   -0.000368798790585   7.75230896417e-05  
  0.481595791019   -0.000364809795779   7.63002878234e-05  
  0.483820966493   -0.000360810841518   7.50762900553e-05  
  0.486056423214   -0.000356806011499   7.38956973066e-05  
  0.488302208688   -0.000352794198167   7.27227352881e-05  
  0.490558370637    -0.00034876846077   7.15482588148e-05  
  0.492824957004   -0.000344720922834   7.04212178099e-05  
  0.495102015956   -0.000340659801053   6.93021304289e-05  
  0.497389595879    -0.00033657793326    6.8180372407e-05  
  0.499687745385   -0.000332447615766   6.71069656148e-05  
  0.501996513311   -0.000328293882438    6.6040269546e-05  
  0.504315948717    -0.00032410854518   6.49689351911e-05  
  0.506646100892     -0.0003198310814   6.39479626511e-05  
  0.508987019352   -0.000315513303164   6.29315294591e-05  
  0.511338753841   -0.000311147933263   6.19104166884e-05  
  0.513701354335   -0.000306607277919   6.09375284784e-05  
  0.516074871039    -0.00030198980015   5.99688739068e-05  
  0.518459354389   -0.000297294743263   5.89975664521e-05  
  0.520854855058   -0.000292260967247   5.80686510671e-05  
  0.523261423949   -0.000287075439599   5.71457850181e-05  
  0.525679112202   -0.000281743466976   5.62214951114e-05  
  0.528107971193   -0.000275523729804   5.53348451134e-05  
  0.530548052537   -0.000268922254011   5.44551670585e-05  
  0.532999408084   -0.000261934687307   5.35744335466e-05  
  0.535462089927   -0.000243779005688   5.27275460599e-05  
  0.537936150398   -0.000222299991239   5.18874743969e-05  
  0.540421642071   -0.000198296976678   5.27234936589e-05  
  0.542918617762   -0.000196384538314   7.03653317583e-05  
  0.545427130533   -0.000203777040217   9.34355400294e-05  
   0.54794723369    -0.00021802026496   0.000115613629871  
  0.550478980785   -0.000231211100963   0.000118674741663  
  0.553022425619   -0.000240778138708   0.000116800918563  
   0.55557762224   -0.000248436898684   0.000114917569057  
  0.558144624945   -0.000251411964542   0.000113119544775  
  0.560723488285   -0.000253178292116   0.000111330671301  
   0.56331426706   -0.000254602520376   0.000109533742577  
  0.565917016325   -0.000255173157208   0.000107820572293  
  0.568531791387   -0.000255454524298   0.000106117609354  
  0.571158647813   -0.000255582220224   0.000104411356029  
  0.573797641421   -0.000255299423763   0.000102779714633  
  0.576448828293   -0.000254867383763   0.000101163351298  
  0.579112264764   -0.000254347700872   9.95456968164e-05  
  0.581788007434   -0.000253584615841   9.79907548059e-05  
  0.584476113163   -0.000252728959308   9.64515907176e-05  
  0.587176639073    -0.00025181486333   9.49117609885e-05  
  0.589889642551   -0.000250740146486   9.34305061688e-05  
  0.592615181248   -0.000249603728911   9.19651743356e-05  
  0.595353313081   -0.000248424572618   9.04980090521e-05  
  0.598104096238   -0.000247147982769   8.90881920044e-05  
  0.600867589172   -0.000245832606927   8.76924569758e-05  
  0.603643850608   -0.000244482673114   8.62922556391e-05  
  0.606432939541   -0.000243063897646   8.49510975754e-05  
   0.60923491524   -0.000241619515447   8.36207200481e-05  
  0.612049837248   -0.000240145213682   8.22841989986e-05  
  0.614877765381   -0.000238622354614   8.10067752246e-05  
  0.617718759734   -0.000237082290811   7.97374750808e-05  
  0.620572880678   -0.000235516479634   7.84630619658e-05  
  0.623440188863   -0.000233916890425   7.72392057635e-05  
   0.62632074522    -0.00023230223155   7.60232549999e-05  
  0.629214610961   -0.000230666435143   7.48042156558e-05  
  0.632121847581   -0.000229006202359   7.36238319034e-05  
   0.63504251686    -0.00022733011382   7.24518412163e-05  
  0.637976680861   -0.000225633746299   7.12775623307e-05  
  0.640924401936   -0.000223913681605   7.01357900676e-05  
  0.643885742724   -0.000222174875942   6.90022192893e-05  
  0.646860766155   -0.000220412782402   6.78669041989e-05  
  0.649849535447   -0.000218618352105   6.67660716142e-05  
  0.652852114113   -0.000216800748692   6.56748041728e-05  
  0.655868565957   -0.000214954394932   6.45815843643e-05  
   0.65889895508   -0.000213079584629   6.35313380005e-05  
  0.661943345877   -0.000211180138101   6.24925165764e-05  
  0.665001803043   -0.000209241530888   6.14499175736e-05  
   0.66807439157   -0.000207270265807   6.04718139531e-05  
   0.67116117675   -0.000205271871301   5.95078857374e-05  
  0.674262224178   -0.000203223768491   5.85395055834e-05  
  0.677377599752    -0.00020113944181   5.76332348777e-05  
  0.680507369674   -0.000199008578006   5.67391433703e-05  
  0.683651600451   -0.000196794002661   5.58421063569e-05  
    0.6868103589   -0.000194504881727   5.49927749313e-05  
  0.689983712143   -0.000192093544456   5.41543649919e-05  
  0.693171727616   -0.000189483549411   5.33144022897e-05  
  0.696374473063   -0.000186581677661   5.25036658801e-05  
  0.699592016544   -0.000182974279051   5.17013321285e-05  
  0.702824426431   -0.000178109647654   5.17621384896e-05  
  0.706071771414   -0.000173345461126   5.49103217197e-05  
  0.709334120499   -0.000171290967439   6.02306424549e-05  
  0.712611543011   -0.000172625183742   6.47114123467e-05  
  0.715904108596   -0.000175399877419   6.58963325051e-05  
  0.719211887222   -0.000177024044694   6.48461444881e-05  
  0.722534949179   -0.000177442718973   6.37938097204e-05  
  0.725873365082   -0.000177411037997   6.27806753248e-05  
  0.729227205873    -0.00017711308944   6.17798353586e-05  
  0.732596542822    -0.00017662003256   6.07743100504e-05  
  0.735981447527   -0.000176001938066    5.9811977152e-05  
  0.739381991918   -0.000175289925815   5.88585537289e-05  
  0.742798248256    -0.00017448574528   5.79007423301e-05  
  0.746230289139   -0.000173626434496   5.69837357293e-05  
  0.749678187497   -0.000172720098021   5.60751171597e-05  
  0.753142016597   -0.000171756734733   5.51638525504e-05  
  0.756621850048   -0.000170766983714   5.42877709165e-05  
  0.760117761796   -0.000169749923544   5.34213768236e-05  
  0.763629826128   -0.000168695507954   5.25542633545e-05  
  0.767158117678   -0.000167627658402   5.17156850558e-05  
  0.770702711421   -0.000166541049998   5.08881384267e-05  
  0.774263682681   -0.000165426299353   5.00606618229e-05  
  0.777841107129   -0.000164303811586   4.92582778586e-05  
  0.781435060784   -0.000163166598236   4.84671679082e-05  
   0.78504562002   -0.000162003747639   4.76760922518e-05  
  0.788672861561   -0.000160831455789   4.69120691783e-05  
  0.792316862487   -0.000159641235364    4.6159899806e-05  
  0.795977700231   -0.000158407274425   4.54115895202e-05  
  0.799655452589   -0.000157167620718   4.47516116097e-05  
  0.803350197712   -0.000155959187125   4.41291535197e-05  
  0.807062014115   -0.000154762608267   4.35038270396e-05  
  0.810790980673   -0.000153587940003    4.2907506195e-05  
  0.814537176628    -0.00015242774113   4.23181592956e-05  
  0.818300681587   -0.000151267174289   4.17262593077e-05  
  0.822081575524   -0.000150125107958   4.11576009361e-05  
  0.825879938784   -0.000148993932087   4.05946344841e-05  
  0.829695852083    -0.00014786133599   4.00300025984e-05  
   0.83352939651   -0.000146747785353   3.94870516682e-05  
  0.837380653527   -0.000145646393746   3.89510572734e-05  
  0.841249704974   -0.000144549888128   3.84125662327e-05  
  0.845136633068   -0.000143475205827   3.78849654676e-05  
  0.849041520409    -0.00014241073789   3.73593412214e-05  
  0.852964449974   -0.000141352476728   3.68279141318e-05  
  0.856905505127   -0.000140315316124   3.62938549372e-05  
  0.860864769615   -0.000139277354549   3.57515837045e-05  
  0.864842327573   -0.000138233199673   3.52048798645e-05  
  0.868838263525   -0.000137202227979   3.46573715667e-05  
  0.872852662385   -0.000136163150059   3.41046581115e-05  
  0.876885609459   -0.000135105469394   3.35501136956e-05  
  0.880937190447   -0.000134054318533   3.30166353183e-05  
  0.885007491447   -0.000133005848002   3.24901713243e-05  
  0.889096598953   -0.000131947696657   3.19612768535e-05  
  0.893204599858   -0.000130900460506   3.14535166502e-05  
  0.897331581458   -0.000129858864375   3.09512600174e-05  
  0.901477631452   -0.000128809503796   3.04469040762e-05  
  0.905642837945   -0.000127772377173   2.99625300987e-05  
  0.909827289446   -0.000126741834974   2.94839522111e-05  
  0.914031074876    -0.00012570549038   2.90042416206e-05  
  0.918254283566   -0.000124682129591   2.85396684141e-05  
  0.922497005259   -0.000123664690444   2.80811673154e-05  
  0.926759330115    -0.00012264315461   2.76223688853e-05  
  0.931041348707   -0.000121634005005    2.7176461318e-05  
  0.935343152029   -0.000120630378369   2.67372480088e-05  
  0.939664831495   -0.000119623546333   2.62978860452e-05  
  0.944006478942   -0.000118628379652   2.58717494631e-05  
  0.948368186629   -0.000117638898938   2.54527064271e-05  
  0.952750047243   -0.000116646425025   2.50330348558e-05  
  0.957152153899   -0.000115665803756   2.46272580217e-05  
  0.961574600143   -0.000114691978229   2.42279846642e-05  
  0.966017479952   -0.000113714933717   2.38269935336e-05  
  0.970480887738   -0.000112749853276   2.34415773583e-05  
  0.974964918348   -0.000111792419002   2.30613789927e-05  
   0.97946966707   -0.000110831193201    2.2679426182e-05  
  0.983995229628   -0.000109882385835    2.2314279002e-05  
  0.988541702192   -0.000108942528812   2.19542207764e-05  
  0.993109181375   -0.000108000766842   2.15927303468e-05  
  0.997697764236   -0.000107072240687   2.12446979477e-05  
   1.00230754828    -0.00010615149342   2.09011139644e-05  
   1.00693863148   -0.000105228756502   2.05567933466e-05  
   1.01159111222   -0.000104318859327   2.02241929454e-05  
   1.01626508939   -0.000103416023809   1.98970032362e-05  
   1.02096066231   -0.000102511985606   1.95695999753e-05  
   1.02567793074   -0.000101621250184   1.92523426114e-05  
   1.03041699495   -0.000100737711404   1.89407697678e-05  
   1.03517795563   -9.98535350368e-05   1.86288723533e-05  
   1.03996091395   -9.89814612919e-05   1.83255331006e-05  
   1.04476597156   -9.81160259733e-05   1.80270515476e-05  
   1.04959323056   -9.72494056498e-05   1.77278681831e-05  
   1.05444279353   -9.63948239485e-05   1.74382184707e-05  
   1.05931476352   -9.55474281099e-05   1.71530938479e-05  
   1.06420924406   -9.46983262579e-05   1.68666533675e-05  
   1.06912633917   -9.38602071526e-05   1.65911971912e-05  
   1.07406615333   -9.30295291021e-05   1.63196148191e-05  
   1.07902879152   -9.21970851946e-05   1.60468515923e-05  
   1.08401435918    -9.1376088728e-05   1.57849860953e-05  
   1.08902296226   -9.05627756262e-05    1.5526824508e-05  
   1.09405470721   -8.97480384098e-05   1.52676732124e-05  
   1.09910970093    -8.8944918611e-05   1.50186800124e-05  
   1.10418805085   -8.81492544546e-05   1.47736256066e-05  
    1.1092898649   -8.73528799071e-05    1.4528126629e-05  
   1.11441525147   -8.65674303258e-05   1.42905891784e-05  
   1.11956431948   -8.57885541998e-05   1.40573626557e-05  
   1.12473717836   -8.50093113625e-05   1.38239828991e-05  
   1.12993393803   -8.42409743372e-05   1.35977108645e-05  
   1.13515470892   -8.34790454344e-05   1.33758819012e-05  
   1.14039960197   -8.27167847856e-05    1.3153829349e-05  
   1.14566872863   -8.19653113938e-05   1.29387385716e-05  
   1.15096220089   -8.12204126039e-05   1.27278691555e-05  
   1.15628013121   -8.04749702851e-05   1.25163545667e-05  
   1.16162263261    -7.9739472796e-05   1.23120033027e-05  
   1.16698981862   -7.90104481798e-05   1.21111709705e-05  
   1.17238180329   -7.82803722839e-05   1.19094115712e-05  
    1.1777987012   -7.75601386168e-05   1.17153643344e-05  
   1.18324062746   -7.68464493551e-05   1.15242463549e-05  
   1.18870769771   -7.61314771314e-05   1.13323590729e-05  
   1.19420002813    -7.5425907332e-05   1.11477308588e-05  
   1.19971773544   -7.47264315014e-05   1.09659106541e-05  
   1.20526093687   -7.40255499447e-05    1.0783467128e-05  
   1.21082975023   -7.33334243117e-05   1.06075430784e-05  
   1.21642429386   -7.26465119487e-05   1.04346271106e-05  
   1.22204468663   -7.19579703329e-05   1.02613996129e-05  
   1.22769104799   -7.12771081856e-05    1.0093277142e-05  
   1.23336349791   -7.06000029338e-05   9.92828219561e-06  
   1.23906215695   -6.99202376064e-05   9.76311288678e-06  
   1.24478714619   -6.92463873384e-05    9.6025064042e-06  
   1.25053858729   -6.85740980212e-05   9.44500961363e-06  
   1.25631660247    -6.7896358212e-05   9.28723595593e-06  
   1.26212131452   -6.72203216676e-05   9.13399548092e-06  
   1.26795284679   -6.65401595583e-05    8.9836278837e-06  
   1.27381132319   -6.58453864474e-05   8.83266556701e-06  
   1.27969686822   -6.51362282298e-05    8.6865738478e-06  
   1.28560960694    -6.4391246072e-05   8.54288798552e-06  
   1.29154966501   -6.35122319975e-05   8.39853320293e-06  
   1.29751716866    -6.2615521466e-05   8.59722002761e-06  
   1.30351224468   -6.19527302721e-05   8.94866050236e-06  
   1.30953502048   -6.15917975128e-05   9.31250828297e-06  
   1.31558562405   -6.13891897253e-05   9.33227045122e-06  
   1.32166418395   -6.10815970824e-05   9.18568506533e-06  
   1.32777082936   -6.06732682513e-05   9.03208027924e-06  
   1.33390569004   -6.02347678984e-05   8.88361546903e-06  
   1.34006889636   -5.97792507008e-05   8.73795406447e-06  
    1.3462605793   -5.93082958876e-05   8.59211323167e-06  
   1.35248087042   -5.88338596552e-05   8.45058262175e-06  
    1.3587299019   -5.83563671028e-05   8.31213382777e-06  
   1.36500780655   -5.78723244662e-05   8.17357592461e-06  
   1.37131471775   -5.73900775259e-05   8.03884466971e-06  
   1.37765076955   -5.69085555058e-05   7.90707854832e-06  
   1.38401609657   -5.64233496593e-05   7.77505853527e-06  
   1.39041083409   -5.59421164136e-05   7.64702481893e-06  
   1.39683511799   -5.54635474137e-05   7.52171641939e-06  
   1.40328908479   -5.49824671784e-05   7.39582937963e-06  
   1.40977287163   -5.45062483136e-05   7.27438258182e-06  
    1.4162866163   -5.40337395375e-05   7.15517370941e-06  
   1.42283045721   -5.35594030406e-05   7.03542919453e-06  
   1.42940453343   -5.30905425845e-05    6.9200308256e-06  
   1.43600898465   -5.26258433922e-05   6.80656405078e-06  
   1.44264395122   -5.21598233892e-05   6.69270525396e-06  
   1.44930957413   -5.16994474173e-05   6.58276059632e-06  
   1.45600599502   -5.12434286251e-05    6.4747911398e-06  
    1.4627333562    -5.0786569084e-05   6.36651808588e-06  
   1.46949180062   -5.03353658221e-05   6.26156561884e-06  
   1.47628147191   -4.98883742612e-05   6.15871910786e-06  
   1.48310251434   -4.94409768942e-05   6.05571500671e-06  
   1.48995507285   -4.89993255856e-05   5.95530230672e-06  
   1.49683929308   -4.85617715422e-05   5.85695006291e-06  
    1.5037553213   -4.81238946433e-05   5.75847643985e-06  
   1.51070330449   -4.76914136398e-05   5.66257258657e-06  
   1.51768339028   -4.72629661216e-05   5.56879035818e-06  
   1.52469572702   -4.68342111599e-05   5.47476093896e-06  
    1.5317404637   -4.64108994077e-05   5.38360677752e-06  
   1.53881775004   -4.59919054747e-05   5.29446239444e-06  
   1.54592773642   -4.55725926898e-05   5.20490640281e-06  
   1.55307057393     -4.515868877e-05   5.11848027868e-06  
   1.56024641437   -4.47492152905e-05    5.0336960683e-06  
   1.56745541021   -4.43394304427e-05   4.94857657385e-06  
   1.57469771464   -4.39349487769e-05   4.86644238355e-06  
   1.58197348158   -4.35347795306e-05   4.78576793686e-06  
   1.58928286562   -4.31343485989e-05   4.70482686868e-06  
    1.5966260221   -4.27390201619e-05   4.62662254426e-06  
   1.60400310706   -4.23479575193e-05   4.55000950851e-06  
   1.61141427725   -4.19567674836e-05    4.4731913221e-06  
   1.61885969018   -4.15706435853e-05   4.39870328863e-06  
   1.62633950405   -4.11885431072e-05   4.32591477404e-06  
   1.63385387781   -4.08064720432e-05   4.25303139978e-06  
   1.64140297114   -4.04291557269e-05   4.18208237071e-06  
   1.64898694447   -4.00555839419e-05   4.11284462134e-06  
   1.65660595895    -3.9682014591e-05   4.04350635214e-06  
   1.66426017649   -3.93131275191e-05   3.97606586925e-06  
   1.67194975973   -3.89479845934e-05   3.91028189784e-06  
   1.67967487209   -3.85827154177e-05   3.84426958026e-06  
   1.68743567773   -3.82218378181e-05   3.78028732985e-06  
   1.69523234155   -3.78646013062e-05   3.71774457525e-06  
   1.70306502925   -3.75070534576e-05   3.65491301273e-06  
   1.71093390727   -3.71536991176e-05   3.59409589801e-06  
   1.71883914282   -3.68037189975e-05   3.53438603235e-06  
   1.72678090388   -3.64531142931e-05   3.47446415547e-06  
   1.73475935923   -3.61061092563e-05   3.41629617605e-06  
   1.74277467841   -3.57617568886e-05   3.35907132196e-06  
   1.75082703174   -3.54161192156e-05   3.30164974059e-06  
   1.75891659033   -3.50732665764e-05   3.24603305882e-06  
   1.76704352609   -3.47321660712e-05   3.19159072429e-06  
   1.77520801172   -3.43886569124e-05   3.13700472768e-06  
   1.78341022071   -3.40459562068e-05   3.08390447347e-06  
   1.79165032736   -3.37021799167e-05   3.03203839969e-06  
   1.79992850678    -3.3352000448e-05   2.98010209894e-06  
   1.80824493488   -3.29953863196e-05   2.92951405223e-06  
   1.81659978838   -3.26212650686e-05   2.88023436732e-06  
   1.82499324482    -3.2200747788e-05   2.84475757443e-06  
   1.83342548256   -3.17615229752e-05   2.91528329608e-06  
    1.8418966808   -3.14115824119e-05    3.0968858283e-06  
   1.85040701954   -3.12041085403e-05   3.27794815751e-06  
   1.85895667964   -3.10812390987e-05   3.32468866512e-06  
   1.86754584276   -3.09182187517e-05   3.26991712582e-06  
   1.87617469144   -3.07046226447e-05    3.2148914919e-06  
   1.88484340903    -3.0476184288e-05   3.16168236674e-06  
   1.89355217976    -3.0240399107e-05   3.10951617248e-06  
   1.90230118867   -2.99974228793e-05   3.05719574842e-06  
   1.91109062169   -2.97528122226e-05    3.0065897403e-06  
   1.91992066559   -2.95076418313e-05   2.95700434732e-06  
   1.92879150802   -2.92594581028e-05   2.90726467448e-06  
   1.93770333748   -2.90121104057e-05   2.85905893089e-06  
   1.94665634334   -2.87659514761e-05   2.81196497906e-06  
   1.95565071587   -2.85182616553e-05   2.76476743589e-06  
   1.96468664618   -2.82724239162e-05   2.71880349508e-06  
    1.9737643263   -2.80284334636e-05   2.67402466573e-06  
   1.98288394913   -2.77835752754e-05   2.62920500738e-06  
   1.99204570845    -2.7541005009e-05   2.58561898369e-06  
   2.00124979897    -2.7300787582e-05   2.54336783357e-06  
   2.01049641626   -2.70602848446e-05   2.50099611423e-06  
   2.01978575682   -2.68223731198e-05   2.45951511343e-06  
   2.02911801805   -2.65868655911e-05   2.41888617395e-06  
   2.03849339825    -2.6350966631e-05   2.37806958704e-06  
   2.04791209667   -2.61176018991e-05   2.33839188835e-06  
   2.05737431343   -2.58867616857e-05   2.29952772401e-06  
   2.06688024963   -2.56556136268e-05   2.26050424631e-06  
   2.07643010726   -2.54270536837e-05   2.22271001934e-06  
   2.08602408925   -2.52010893896e-05    2.1856665868e-06  
   2.09566239948   -2.49749370683e-05   2.14852553851e-06  
   2.10534524277   -2.47513960707e-05    2.1125245172e-06  
   2.11507282487     -2.453046663e-05   2.07728499187e-06  
    2.1248453525   -2.43094742358e-05   2.04193672045e-06  
   2.13466303332   -2.40910960934e-05   2.00762450421e-06  
   2.14452607597   -2.38753227867e-05    1.9741518577e-06  
   2.15443469003   -2.36596129368e-05   1.94060733456e-06  
   2.16438908606   -2.34464003224e-05   1.90786611374e-06  
    2.1743894756   -2.32356806248e-05   1.87599414031e-06  
   2.18443607115   -2.30250871378e-05   1.84406955809e-06  
    2.1945290862   -2.28169877471e-05   1.81289126912e-06  
   2.20466873524   -2.26114056791e-05    1.7825763158e-06  
   2.21485523373   -2.24059683395e-05   1.75216548684e-06  
   2.22508879813   -2.22029449348e-05    1.7225445752e-06  
   2.23536964591   -2.20024312089e-05   1.69370104305e-06  
   2.24569799554   -2.18020382832e-05   1.66472429523e-06  
    2.2560740665   -2.16040329085e-05   1.63661704866e-06  
   2.26649807927   -2.14085339635e-05   1.60914602589e-06  
   2.27697025538   -2.12131423942e-05   1.58158327492e-06  
   2.28749081736   -2.10201209434e-05   1.55486869436e-06  
   2.29805998876   -2.08295607217e-05   1.52871149029e-06  
   2.30867799419   -2.06391175894e-05   1.50249304585e-06  
   2.31934505927   -2.04509915198e-05   1.47705434448e-06  
    2.3300614107   -2.02652895674e-05   1.45220487153e-06  
   2.34082727618   -2.00797835712e-05   1.42728591907e-06  
   2.35164288449   -1.98965105945e-05   1.40304557378e-06  
   2.36250846548   -1.97155797279e-05   1.37944417217e-06  
   2.37342425002   -1.95348755779e-05   1.35579416269e-06  
   2.38439047009   -1.93563141462e-05   1.33269018111e-06  
   2.39540735872   -1.91800173504e-05   1.31024459494e-06  
   2.40647515002   -1.90039693101e-05   1.28775319053e-06  
   2.41759407917   -1.88300141211e-05   1.26577466859e-06  
   2.42876438246   -1.86582982817e-05    1.2444251529e-06  
   2.43998629726    -1.8486805383e-05   1.22299133708e-06  
   2.45126006203   -1.83173565115e-05    1.2021328269e-06  
   2.46258591635   -1.81501549725e-05   1.18184408665e-06  
   2.47396410089   -1.79831612969e-05   1.16146163743e-06  
   2.48539485743    -1.7818160962e-05    1.1416801042e-06  
   2.49687842888   -1.76553466217e-05   1.12235163122e-06  
   2.50841505928   -1.74927124469e-05   1.10297108875e-06  
   2.52000499376    -1.7332036972e-05   1.08417072352e-06  
   2.53164847863   -1.71735015289e-05   1.06578531076e-06  
    2.5433457613   -1.70151535522e-05   1.04736101308e-06  
   2.55509709035   -1.68587036063e-05   1.02946004754e-06  
   2.56690271549   -1.67043497538e-05   1.01201081291e-06  
   2.57876288759   -1.65502564041e-05   9.94514927973e-07  
   2.59067785869    -1.6397990185e-05   9.77465593524e-07  
   2.60264788197   -1.62477591062e-05   9.60900048695e-07  
    2.6146732118   -1.60977792959e-05   9.44299958111e-07  
   2.62675410372   -1.59495614247e-05   9.28066765312e-07  
   2.63889081446   -1.58033090638e-05   9.12320991348e-07  
   2.65108360191   -1.56573100157e-05   8.96536212292e-07  
   2.66333272517   -1.55130215281e-05   8.81110049785e-07  
   2.67563844455   -1.53706745843e-05   8.66144424514e-07  
   2.68800102154   -1.52285568124e-05   8.51109669305e-07  
   2.70042071884   -1.50881041164e-05   8.36482151886e-07  
   2.71289780037    -1.4949580343e-05   8.22257109951e-07  
   2.72543253128   -1.48112686408e-05   8.07970069333e-07  
   2.73802517793    -1.4674587019e-05   7.94097221765e-07  
   2.75067600791   -1.45397794707e-05    7.8054913205e-07  
   2.76338529005   -1.44051625663e-05   7.66972353001e-07  
   2.77615329444    -1.4272137297e-05   7.53791097902e-07  
   2.78898029238    -1.4140943748e-05    7.4091987996e-07  
   2.80186655646   -1.40099483241e-05   7.28023261291e-07  
   2.81481236051   -1.38804966846e-05   7.15476541864e-07  
   2.82781797963   -1.37528599788e-05   7.03276156241e-07  
   2.84088369018   -1.36254674309e-05     6.910423282e-07  
   2.85400976983   -1.34995338587e-05   6.79094732087e-07  
   2.86719649749   -1.33753171848e-05   6.67502651534e-07  
    2.8804441534   -1.32513322525e-05   6.55885330703e-07  
   2.89375301905   -1.31287881876e-05   6.44517105294e-07  
   2.90712337727   -1.30079462498e-05   6.33509775401e-07  
   2.92055551218   -1.28873356265e-05   6.22468948884e-07  
   2.93404970922   -1.27680959905e-05   6.11678094466e-07  
   2.94760625512   -1.26505073497e-05   6.01219504898e-07  
   2.96122543799   -1.25331293018e-05   5.90712601533e-07  
   2.97490754721   -1.24171055524e-05   5.80490474651e-07  
   2.98865287355   -1.23027283567e-05   5.70550118628e-07  
   3.00246170909    -1.2188547195e-05   5.60575801823e-07  
   3.01633434726   -1.20756821402e-05   5.50882526791e-07  
   3.03027108287   -1.19644069606e-05   5.41420759412e-07  
   3.04427221206   -1.18533133935e-05   5.31943573699e-07  
   3.05833803238   -1.17435022495e-05   5.22730828939e-07  
   3.07246884271   -1.16352473635e-05   5.13747611056e-07  
   3.08666494334   -1.15271822753e-05   5.04746942789e-07  
   3.10092663593   -1.14203432013e-05   4.95974699445e-07  
   3.11525422356    -1.1315047763e-05   4.87464713637e-07  
   3.12964801067   -1.12099581846e-05   4.78929524182e-07  
   3.14410830315   -1.11060504995e-05    4.7058324928e-07  
   3.15863540827    -1.1003615414e-05   4.62503256777e-07  
   3.17322963473    -1.0901387431e-05   4.54403871527e-07  
   3.18789129268   -1.08003028424e-05   4.46470821317e-07  
   3.20262069366   -1.07006540673e-05   4.38798825412e-07  
   3.21741815068   -1.06012045885e-05    4.3109855176e-07  
   3.23228397818   -1.05028698612e-05   4.23575360326e-07  
   3.24721849207   -1.04059589493e-05   4.16292453503e-07  
   3.26222200971   -1.03092348204e-05   4.08975900563e-07  
   3.27729484992   -1.02135872857e-05   4.01851863369e-07  
   3.29243733301    -1.0119318636e-05   3.94920343038e-07  
   3.30764978074   -1.00252180086e-05   3.87971041572e-07  
    3.3229325164   -9.93217406897e-06   3.81213833182e-07  
   3.33828586473   -9.84047882779e-06   3.74624579975e-07  
     3.353710152   -9.74894586336e-06   3.68027489674e-07  
   3.36920570598   -9.65843913481e-06   3.61606797335e-07  
   3.38477285595   -9.56925110551e-06   3.55356870127e-07  
    3.4004119327   -9.48023256475e-06   3.49094482912e-07  
   3.41612326859   -9.39220345342e-06   3.42982968476e-07  
   3.43190719746    -9.3054832917e-06   3.37065836795e-07  
   3.44776405473   -9.21893872685e-06   3.31130858177e-07  
   3.46369417737   -9.13333794816e-06   3.25318679931e-07  
   3.47969790389   -9.04898351262e-06   3.19701500554e-07  
   3.49577557436   -8.96480641888e-06   3.14069131391e-07  
   3.51192753045   -8.88154117862e-06   3.08548766446e-07  
   3.52815411538   -8.79949299348e-06   3.03216415566e-07  
   3.54445567397   -8.71761280896e-06   2.97860342539e-07  
   3.56083255263   -8.63661984107e-06   2.92628975472e-07  
   3.57728509937   -8.55683224421e-06   2.87568764592e-07  
    3.5938136638   -8.47720414299e-06   2.82485176616e-07  
   3.61041859717   -8.39843693046e-06   2.77532410533e-07  
   3.62710025233   -8.32083403979e-06   2.72712948167e-07  
   3.64385898376   -8.24337499838e-06   2.67884847177e-07  
    3.6606951476   -8.16676111881e-06   2.63187065203e-07  
    3.6776091016    -8.0912922148e-06    2.5861132146e-07  
    3.6946012052   -8.01596456435e-06   2.54031769822e-07  
   3.71167181948   -7.94145042537e-06   2.49567842149e-07  
   3.72882130718   -7.86804539543e-06   2.45230257391e-07  
   3.74605003275    -7.7947867122e-06   2.40883340789e-07  
   3.76335836229   -7.72232450263e-06   2.36635824056e-07  
    3.7807466636   -7.65095882072e-06   2.32529841452e-07  
   3.79821530619     -7.579742342e-06   2.28411697443e-07  
   3.81576466127   -7.50927692017e-06   2.24373463935e-07  
   3.83339510177   -7.43986415153e-06   2.20477216613e-07  
   3.85110700233   -7.37060071609e-06   2.16568915792e-07  
   3.86890073933    -7.3020650353e-06   2.12736843604e-07  
   3.88677669089   -7.23456439078e-06   2.09039967717e-07  
   3.90473523689   -7.16720462735e-06   2.05326012975e-07  
   3.92277675893   -7.10054625996e-06    2.0169825161e-07  
    3.9409016404   -7.03489607823e-06    1.9818759851e-07  
   3.95911026647   -6.96937744071e-06   1.94663941916e-07  
   3.97740302406   -6.90455282482e-06   1.91229939354e-07  
    3.9957803019    -6.8407203454e-06   1.87889958439e-07  
    4.0142424905     -6.777009809e-06   1.84546378025e-07  
   4.03278998219   -6.71396528162e-06   1.81288910984e-07  
   4.05142317111   -6.65187902715e-06    1.7811885053e-07  
   4.07014245322   -6.58991309976e-06   1.74946857333e-07  
   4.08894822629   -6.52859407657e-06    1.7185107794e-07  
   4.10784088997   -6.46821979744e-06   1.68849939517e-07  
    4.1268208457   -6.40797092066e-06   1.65841995407e-07  
   4.14588849683   -6.34835233848e-06   1.62898749686e-07  
   4.16504424855   -6.28964441118e-06   1.60058937764e-07  
    4.1842885079   -6.23106195752e-06   1.57210638976e-07  
   4.20362168384   -6.17307800255e-06   1.54414748898e-07  
   4.22304418721   -6.11598955458e-06   1.51722143885e-07  
   4.24255643072   -6.05902347084e-06   1.49019888106e-07  
   4.26215882902   -6.00263178363e-06   1.46369592778e-07  
   4.28185179865   -5.94711113555e-06    1.4381558934e-07  
   4.30163575811   -5.89170585807e-06    1.4124978641e-07  
   4.32151112779   -5.83686526423e-06   1.38743298583e-07  
   4.34147833006   -5.78288421293e-06   1.36316829047e-07  
   4.36153778921   -5.72901237528e-06   1.33884014094e-07  
   4.38168993151   -5.67568325949e-06   1.31511792073e-07  
   4.40193518521     -5.623180518e-06   1.29205638527e-07  
   4.42227398051   -5.57078116481e-06   1.26898514954e-07  
   4.44270674961   -5.51891169187e-06   1.24648583243e-07  
   4.46323392671   -5.46785320499e-06   1.22462169393e-07  
   4.48385594802   -5.41689751088e-06   1.20274793902e-07  
   4.50457325176   -5.36645300697e-06   1.18136382562e-07  
   4.52538627817   -5.31680764304e-06   1.16067845086e-07  
   4.54629546953   -5.26727262506e-06   1.13994561014e-07  
   4.56730127017   -5.21822977806e-06   1.11961923626e-07  
   4.58840412645   -5.16995726485e-06   1.10004482813e-07  
   4.60960448683   -5.12179020851e-06   1.08040929583e-07  
    4.6309028018   -5.07409036177e-06   1.06111219159e-07  
   4.65229952396   -5.02713973261e-06    1.0425506506e-07  
   4.67379510799   -4.98028988705e-06   1.02391184212e-07  
   4.69539001068   -4.93389680889e-06   1.00563193448e-07  
   4.71708469092   -4.88824706313e-06   9.88037733351e-08  
   4.73887960972   -4.84269208134e-06   9.70362237846e-08  
   4.76077523023   -4.79757874761e-06   9.53087463481e-08  
   4.78277201773   -4.75318239712e-06   9.36354360561e-08  
   4.80487043966   -4.70887399839e-06   9.19594372495e-08  
    4.8270709656   -4.66499867047e-06   9.03240961763e-08  
   4.84937406734    -4.6218254538e-06       8.8735276e-08  
   4.87178021879   -4.57873723025e-06   8.71466839697e-08  
   4.89428989611   -4.53606469342e-06   8.55950854173e-08  
   4.91690357763   -4.49407449832e-06   8.40889469827e-08  
   4.93962174388   -4.45216754985e-06   8.25821548949e-08  
   4.96244487763   -4.41066338563e-06   8.11068970921e-08  
   4.98537346387   -4.36983311536e-06   7.96838171427e-08  
   5.00840798985   -4.32909970549e-06   7.82572027618e-08  
   5.03154894504   -4.28874963099e-06   7.68558837752e-08  
   5.05479682119   -4.24904831264e-06    7.5508508093e-08  
   5.07815211233   -4.20942960877e-06   7.41566424832e-08  
   5.10161531475   -4.17018303711e-06   7.28270026948e-08  
   5.12518692705   -4.13157067636e-06   7.15498977871e-08  
   5.14886745014   -4.09303863447e-06   7.02668925741e-08  
   5.17265738722   -4.05486587607e-06    6.9008474373e-08  
   5.19655724383   -4.01731545174e-06   6.77973492427e-08  
   5.22056752785   -3.97984206113e-06   6.65811698289e-08  
    5.2446887495   -3.94271541149e-06   6.53922247918e-08  
   5.26892142135   -3.90619173851e-06   6.42404415381e-08  
   5.29326605836   -3.86974039002e-06   6.30879132669e-08  
   5.31772317785   -3.83362853817e-06   6.19620824298e-08  
   5.34229329954   -3.79810976014e-06   6.08687231616e-08  
   5.36697694554   -3.76265926472e-06   5.97759655155e-08  
   5.39177464039   -3.72753301903e-06   5.87075021234e-08  
   5.41668691103   -3.69298218983e-06   5.76723760132e-08  
   5.44171428687   -3.65849710238e-06   5.66368360544e-08  
   5.46685729972   -3.62433043344e-06   5.56208380335e-08  
   5.49211648389   -3.59073262457e-06   5.46429976803e-08  
   5.51749237613   -3.55720657941e-06   5.36623334368e-08  
   5.54298551568   -3.52398033521e-06   5.26975653579e-08  
   5.56859644429   -3.49129745492e-06   5.17716767741e-08  
   5.59432570617   -3.45868178731e-06   5.08424205426e-08  
   5.62017384808   -3.42635816208e-06   4.99277698177e-08  
    5.6461414193   -3.39457244758e-06   4.90502904919e-08  
   5.67222897164   -3.36285146363e-06   4.81687573406e-08  
   5.69843705947    -3.3314081771e-06   4.73040669514e-08  
    5.7247662397   -3.30048282227e-06   4.64710079063e-08  
   5.75121707184   -3.26961813846e-06    4.5635564511e-08  
   5.77779011797   -3.23902481969e-06   4.48183989676e-08  
   5.80448594277   -3.20893804728e-06   4.40266679268e-08  
   5.83130511353   -3.17890762813e-06   4.32350963227e-08  
   5.85824820015   -3.14913958666e-06   4.24611017054e-08  
   5.88531577519   -3.11986683543e-06   4.17100287244e-08  
   5.91250841383   -3.09064705573e-06   4.09596513276e-08  
   5.93982669392   -3.06168096398e-06   4.02248386805e-08  
   5.96727119597   -3.03319595329e-06    3.9514173047e-08  
   5.99484250319   -3.00476469373e-06   3.88031153267e-08  
   6.02254120146   -2.97657131676e-06   3.81041574595e-08  
   6.05036787939   -2.94885692675e-06   3.74334078679e-08  
    6.0783231283   -2.92119432843e-06    3.6760333987e-08  
   6.10640754223   -2.89376088491e-06   3.60971675017e-08  
   6.13462171799   -2.86678271844e-06   3.54616526972e-08  
   6.16296625513   -2.83985180172e-06   3.48235725436e-08  
   6.19144175598   -2.81314148831e-06   3.41952061377e-08  
   6.22004882563   -2.78687406585e-06   3.35931264821e-08  
   6.24878807201   -2.76065071492e-06   3.29882649224e-08  
   6.27766010581   -2.73463881206e-06   3.23948378016e-08  
   6.30666554057   -2.70905551802e-06   3.18225693475e-08  
   6.33580499266   -2.68351057264e-06   3.12493684179e-08  
    6.3650790813   -2.65816703648e-06   3.06882860619e-08  
   6.39448842856   -2.63323830807e-06   3.01445892493e-08  
   6.42403365939   -2.60834202082e-06   2.96014014492e-08  
   6.45371540165   -2.58363610994e-06    2.9069859713e-08  
   6.48353428605   -2.55932878801e-06   2.85547607975e-08  
   6.51349094627   -2.53504844283e-06   2.80403215699e-08  
   6.54358601888   -2.51094247383e-06   2.75356505497e-08  
   6.57382014341    -2.4872153902e-06   2.70483727155e-08  
   6.60419396233   -2.46350711475e-06   2.65607020237e-08  
   6.63470812109   -2.43995431259e-06   2.60805288225e-08  
   6.66536326812    -2.4167648176e-06   2.56206461942e-08  
   6.69616005485   -2.39357528142e-06   2.51590353102e-08  
   6.72709913571   -2.37051374996e-06   2.47036669038e-08  
   6.75818116816   -2.34777814656e-06   2.42680598322e-08  
    6.7894068127   -2.32500966202e-06    2.3830477013e-08  
   6.82077673287   -2.30232612997e-06   2.33993663803e-08  
   6.85229159528   -2.27990888002e-06   2.29866452867e-08  
   6.88395206965   -2.25739090354e-06   2.25720170705e-08  
   6.91575882874   -2.23486039919e-06   2.21651308056e-08  
   6.94771254846   -2.21245143084e-06   2.17724657213e-08  
   6.97981390783   -2.18973392907e-06   2.13796178246e-08  
   7.01206358901   -2.16665205321e-06   2.09948421677e-08  
    7.0444622773   -2.14300511447e-06   2.06221151052e-08  
   7.07701066118   -2.11680583084e-06   2.02499995538e-08  
   7.10970943231   -2.08869988949e-06   2.51680100456e-08  
   7.14255928554   -2.06440812633e-06   3.67479300659e-08  
   7.17556091894   -2.04763242917e-06   4.98345847689e-08  
   7.20871503378   -2.03721566672e-06   5.80730973484e-08  
   7.24202233461   -2.02684206108e-06   5.80132715191e-08  
    7.2754835292   -2.01290405666e-06   5.70598577478e-08  
    7.3090993286   -1.99764749953e-06   5.61178832994e-08  
   7.34287044717   -1.98199283807e-06   5.52120322036e-08  
   7.37679760253   -1.96590070611e-06   5.43026947594e-08  
   7.41088151564   -1.94960285749e-06   5.34027823655e-08  
    7.4451229108   -1.93337544974e-06   5.25383672306e-08  
   7.47952251562   -1.91698285323e-06   5.16699577624e-08  
   7.51408106112    -1.9005559001e-06   5.08131028902e-08  
   7.54879928165   -1.88431508563e-06   4.99880307377e-08  
     7.583677915   -1.86799565716e-06   4.91602747734e-08  
   7.61871770232   -1.85170433176e-06   4.83465486096e-08  
   7.65391938823   -1.83564130618e-06    4.7556700976e-08  
   7.68928372076    -1.8195371283e-06   4.67675180098e-08  
    7.7248114514   -1.80349202872e-06   4.59928431034e-08  
   7.76050333513   -1.78769507675e-06   4.52385796691e-08  
   7.79636013041   -1.77187625805e-06   4.44862107553e-08  
   7.83238259918    -1.7561315746e-06   4.37470715836e-08  
   7.86857150694   -1.74064190872e-06    4.3028678288e-08  
    7.9049276227   -1.72514555907e-06   4.23115770151e-08  
   7.94145171903   -1.70972749447e-06   4.16048146517e-08  
   7.97814457208    -1.6945675908e-06   4.09223750647e-08  
   8.01500696157   -1.67941169382e-06   4.02390514791e-08  
   8.05203967083   -1.66433824234e-06   3.95632126211e-08  
   8.08924348681   -1.64952460235e-06   3.89148347607e-08  
   8.12661920009   -1.63472017212e-06   3.82638312611e-08  
   8.16416760492   -1.61999694714e-06   3.76192552193e-08  
    8.2018894992   -1.60552888673e-06   3.70014657638e-08  
   8.23978568453   -1.59107428443e-06   3.63808218572e-08  
    8.2778569662   -1.57670118339e-06   3.57687247916e-08  
   8.31610415323   -1.56258526152e-06    3.5178675677e-08  
   8.35452805838   -1.54848257139e-06   3.45876502267e-08  
   8.39312949817   -1.53446327578e-06   3.40066448855e-08  
   8.43190929287    -1.5206941516e-06   3.34425306879e-08  
   8.47086826656   -1.50693840295e-06   3.28795210184e-08  
   8.51000724712   -1.49326706989e-06   3.23266518568e-08  
   8.54932706627      -1.47984151e-06   3.17888046652e-08  
   8.58882855955   -1.46643331411e-06   3.12526640477e-08  
   8.62851256637   -1.45310507971e-06   3.07254843988e-08  
   8.66837993002   -1.44002101654e-06   3.02141231499e-08  
   8.70843149769   -1.42695243155e-06   2.97037461589e-08  
   8.74866812048    -1.4139628004e-06   2.91999228095e-08  
   8.78909065342   -1.40121280623e-06   2.87148674845e-08  
   8.82969995549   -1.38847955355e-06   2.82290234213e-08  
   8.87049688965   -1.37582811843e-06   2.77479105187e-08  
   8.91148232284   -1.36340349133e-06   2.72876802666e-08  
     8.952657126   -1.35100339438e-06   2.68254399162e-08  
   8.99402217409   -1.33867658125e-06   2.63674789647e-08  
   9.03557834614   -1.32657608576e-06   2.59289974335e-08  
   9.07732652521   -1.31449860541e-06   2.54884899958e-08  
   9.11926759846   -1.30249141761e-06   2.50542269939e-08  
   9.16140245714   -1.29070829458e-06   2.46352072458e-08  
   9.20373199662   -1.27894401847e-06   2.42161430359e-08  
   9.24625711641   -1.26724973282e-06   2.38042012975e-08  
   9.28897872016   -1.25577442245e-06   2.34042813639e-08  
   9.33189771573   -1.24431547743e-06   2.30055885969e-08  
   9.37501501515   -1.23292773291e-06   2.26138835883e-08  
   9.41833153465   -1.22175462991e-06   2.22332341644e-08  
   9.46184819472   -1.21059986347e-06   2.18540144723e-08  
    9.5055659201    -1.1995145599e-06    2.1480661383e-08  
   9.54948563979   -1.18863595289e-06   2.11191932466e-08  
   9.59360828709   -1.17777589903e-06    2.0758399834e-08  
   9.63793479962   -1.16698103747e-06   2.04016207199e-08  
    9.6824661193    -1.1563893747e-06   2.00592634937e-08  
   9.72720319245   -1.14581795241e-06    1.9716163268e-08  
   9.77214696973    -1.1353115168e-06   1.93759584337e-08  
   9.81729840619   -1.12500238569e-06   1.90512339254e-08  
   9.86265846131   -1.11471515418e-06   1.87250090941e-08  
     9.908228099   -1.10448492208e-06    1.8401817606e-08  
   9.95400828762   -1.09445064866e-06   1.80924669297e-08  
