             0.1     -0.0117296348393    0.00379910909418  
  0.100462042135     -0.0116261372793     0.0037576098551  
  0.100926219099     -0.0115216765978    0.00371652157374  
  0.101392540756     -0.0114160212018    0.00367586901402  
  0.101861017016     -0.0113118370451     0.0036360802926  
  0.102331657833     -0.0112068823485    0.00359682809119  
  0.102804473209     -0.0111009713851    0.00355757348083  
  0.103279473192     -0.0109967790846    0.00351961494385  
  0.103756667875     -0.0108917537992    0.00348219254891  
  0.104236067398     -0.0107860777701    0.00344481643732  
  0.104717681949     -0.0106822356015    0.00340890067265  
  0.105201521762     -0.0105774633155    0.00337305824346  
  0.105687597118     -0.0104721072102    0.00333760866373  
  0.106175918348     -0.0103684442424    0.00330369694039  
  0.106666495828     -0.0102638779895    0.00326973262979  
  0.107159339982     -0.0101590127075    0.00323627567185  
  0.107654461284     -0.0100551607129    0.00320384607976  
  0.108151870255    -0.00994993057616    0.00317183045022  
  0.108651577465    -0.00984464948067    0.00314077739242  
  0.109153593533     -0.0097400071252    0.00311068854984  
  0.109657929127    -0.00963388272322    0.00308097141969  
  0.110164594963    -0.00952755780397    0.00305200354429  
   0.11067360181    -0.00942093586478     0.0030241079664  
  0.111184960482     -0.0093121795136    0.00299649511172  
  0.111698681847    -0.00920240265814    0.00296977345643  
  0.112214776821    -0.00909089239115    0.00294462421743  
  0.112733256371    -0.00897564972191    0.00291948470112  
  0.113254131515    -0.00885736655098    0.00289559448582  
  0.113777413322    -0.00873303579494     0.0028724537385  
  0.114303112911    -0.00859768650296     0.0028491664581  
  0.114831241454    -0.00844578038398    0.00282753768485  
  0.115361810174    -0.00824555508883    0.00280882954356  
  0.115894830344    -0.00798805805045    0.00288450605303  
  0.116430313292     -0.0078349795213    0.00315191286248  
  0.116968270397    -0.00786252234029    0.00337221835924  
   0.11750871309    -0.00795208642381    0.00344618475761  
  0.118051652857    -0.00799992532237     0.0034328299731  
  0.118597101234    -0.00800110475928     0.0034182816733  
  0.119145069812    -0.00798466435766    0.00340287335452  
  0.119695570236     -0.0079628151805    0.00338961132698  
  0.120248614204    -0.00793367969308    0.00337660616129  
  0.120804213468    -0.00790065860243    0.00336406463126  
  0.121362379834    -0.00787076124279    0.00335402454348  
  0.121923125165    -0.00783779398568    0.00334434979808  
  0.122486461375    -0.00780228834088    0.00333540895154  
  0.123052400436    -0.00776521359377    0.00332915698727  
  0.123620954374    -0.00772649551232    0.00332304762199  
   0.12419213527    -0.00777038324355    0.00338828424004  
  0.124765955263    -0.00791812910251    0.00353750346364  
  0.125342426546    -0.00786927508141    0.00349569356637  
  0.125921561369    -0.00781917837227    0.00345412732534  
   0.12650337204    -0.00776830008257     0.0034126691289  
   0.12708787092    -0.00771778811609    0.00337195533081  
  0.127675070432    -0.00766637564124    0.00333158358442  
  0.128264983053    -0.00761441278316    0.00329128897465  
  0.128857621319    -0.00756313349415    0.00325186942083  
  0.129452997823    -0.00751106455122    0.00321250543944  
  0.130051125217    -0.00745844971665    0.00317351345007  
  0.130652016212    -0.00740675865522    0.00313543849205  
  0.131255683577    -0.00735447700879     0.0030973655965  
  0.131862140139     -0.0073018549583    0.00305968181057  
  0.132471398787    -0.00725012212776    0.00302252620244  
  0.133083472465    -0.00719781712745    0.00298555187719  
  0.133698374182    -0.00714532405117    0.00294887410452  
  0.134316117005    -0.00709360064702    0.00291272645536  
  0.134936714059    -0.00704137418095    0.00287715296165  
  0.135560178533    -0.00698910458839    0.00284161611292  
  0.136186523676    -0.00693767764709    0.00280682627757  
  0.136815762797    -0.00688588908807    0.00277234723373  
  0.137447909268    -0.00683386358422    0.00273788076528  
  0.138082976522    -0.00678280031059    0.00270439308271  
  0.138720978054    -0.00673146805799     0.0026709553484  
  0.139361927422    -0.00667989695462    0.00263773592213  
  0.140005838247    -0.00662941215574    0.00260541802544  
  0.140652724211    -0.00657868342418     0.0025730749835  
   0.14130259906    -0.00652783372439    0.00254100789588  
  0.141955476605    -0.00647796509784    0.00250946904446  
  0.142611370719    -0.00642769988613     0.0024781374183  
  0.143270295341    -0.00637740677633    0.00244713744464  
  0.143932264472    -0.00632810744256    0.00241660907158  
  0.144597292179    -0.00627849096928    0.00238632561686  
  0.145265392595    -0.00622875370528    0.00235614861715  
  0.145936579916    -0.00617988569219    0.00232669730925  
  0.146610868405      -0.006130841733    0.00229749686685  
  0.147288272391    -0.00608165109865    0.00226832045891  
  0.147968806269    -0.00603342752505    0.00224008286448  
    0.1486524845    -0.00598509346468    0.00221181576091  
  0.149339321612    -0.00593659988702    0.00218377352895  
  0.150029332202    -0.00588914362555    0.00215643825217  
  0.150722530931    -0.00584142925559    0.00212902727543  
   0.15141893253    -0.00579360969093    0.00210200163456  
  0.152118551799    -0.00574674147254    0.00207538253266  
  0.152821403603    -0.00569948434808    0.00204892150801  
  0.153527502878    -0.00565218752161    0.00202289712728  
   0.15423686463    -0.00560584064804    0.00199725921207  
  0.154949503931    -0.00555922662833    0.00197186346735  
  0.155665435927      -0.005512480718     0.0019465780102  
   0.15638467583    -0.00546647157594    0.00192191697204  
  0.157107238925    -0.00542029673063     0.0018975954128  
  0.157833140565    -0.00537404180953    0.00187335955526  
  0.158562396177    -0.00532861463988    0.00184974673119  
  0.159295021257    -0.00528297664972    0.00182620998824  
  0.160031031374    -0.00523715076351    0.00180281216317  
  0.160770442167    -0.00519205330135    0.00177980951532  
   0.16151326935    -0.00514639740221    0.00175677064823  
  0.162259528708      -0.005100268385    0.00173409006129  
  0.163009236098    -0.00505451562755    0.00171169590517  
  0.163762407452    -0.00500778525152    0.00168949868226  
  0.164519058775    -0.00496003120456    0.00166760686408  
  0.165279206146    -0.00491141533987    0.00164595617272  
  0.166042865719    -0.00485942540501    0.00162466004561  
   0.16681005372    -0.00479983841115      0.001605045663  
  0.167580786453    -0.00473458279099    0.00160138562465  
  0.168355080296    -0.00468569532913    0.00162442604721  
  0.169132951703    -0.00466452200769      0.001639509386  
  0.169914417203    -0.00465175939805    0.00163012317373  
  0.170699493404    -0.00463064043786    0.00160956573173  
  0.171488196987    -0.00460283454385    0.00158905054741  
  0.172280544713    -0.00457328206808    0.00156888708946  
   0.17307655342    -0.00454200599787     0.0015487400845  
  0.173876240022    -0.00450963044635    0.00152883474607  
  0.174679621513    -0.00447731261802    0.00150925070925  
  0.175486714965    -0.00444426643265    0.00148995477554  
  0.176297537529    -0.00441089399699    0.00147090626763  
  0.177112106435    -0.00437809250723    0.00145212522067  
  0.177930438992    -0.00434494341125    0.00143360214498  
   0.17875255259    -0.00431163165969    0.00141507972659  
    0.1795784647    -0.00427907051352    0.00139682279448  
  0.180408192872    -0.00424633845819    0.00137874264293  
  0.181241754737    -0.00421341462295    0.00136060824887  
   0.18207916801    -0.00418108587472    0.00134277696829  
  0.182920450485    -0.00414866993777    0.00132492592724  
  0.183765620039    -0.00411609849297    0.00130717197825  
  0.184614694632    -0.00408405014538    0.00128965245767  
  0.185467692308    -0.00405187805545    0.00127214095638  
  0.186324631193    -0.00401965085408    0.00125484681668  
  0.187185529497    -0.00398798528375    0.00123779108989  
  0.188050405513    -0.00395618984353     0.0012208605415  
  0.188919277621    -0.00392441382916    0.00120414089429  
  0.189792164284    -0.00389323283886    0.00118777385972  
  0.190669084051    -0.00386208042625    0.00117170713992  
  0.191550055557    -0.00383114445506    0.00115576985109  
  0.192435097523    -0.00380105405957    0.00114022879039  
  0.193324228756     -0.0037712308048    0.00112478023355  
  0.194217468149    -0.00374174305448    0.00110935755778  
  0.195114834685    -0.00371340144371    0.00109438075852  
  0.196016347432    -0.00368584830523    0.00107940521129  
  0.196922025548    -0.00365967754563    0.00106459402306  
  0.197831888278    -0.00363728092772    0.00105016165251  
  0.198745954958     -0.0036290432216    0.00103466747485  
  0.199664245011    -0.00359611880509   0.000969356740797  
  0.200586777951    -0.00354263729661   0.000955573508572  
  0.201513573382    -0.00350307304927    0.00094193916467  
  0.202444650998    -0.00346640715599   0.000928370226263  
  0.203380030585    -0.00343181763696   0.000915383603293  
   0.20431973202    -0.00339812996466   0.000902409194866  
  0.205263775271    -0.00336492576103   0.000889520512995  
    0.2062121804     -0.0033327501817   0.000877092789652  
   0.20716496756    -0.00330090401474   0.000864709821919  
  0.208122156999    -0.00326924713776   0.000852411759791  
  0.209083769056    -0.00323840182392   0.000840509093447  
  0.210049824165    -0.00320772809916   0.000828656140138  
  0.211020342857    -0.00317713713266   0.000816874475581  
  0.211995345754     -0.0031472519038   0.000805480557906  
  0.212974853575    -0.00311749135437   0.000794127172664  
  0.213958887134    -0.00308775158003    0.00078281524733  
  0.214947467344    -0.00305863252718   0.000771919557835  
   0.21594061521    -0.00302963795759   0.000761038282386  
  0.216938351839    -0.00300061416125   0.000750156253827  
   0.21794069843    -0.00297221436288   0.000739769892925  
  0.218947676286     -0.0029439873451   0.000729357695629  
  0.219959306803    -0.00291576503997   0.000718922211473  
   0.22097561148    -0.00288811999906   0.000708784347807  
  0.221996611912    -0.00286048119751   0.000698608659497  
  0.223022329797    -0.00283273666794   0.000688469259957  
   0.22405278693    -0.00280551370928   0.000678724803871  
   0.22508800521    -0.00277831922455   0.000668996547553  
  0.226128006634     -0.0027510526589   0.000659349264833  
  0.227172813303    -0.00272431058364   0.000650082429968  
  0.228222447419    -0.00269763669481   0.000640875795555  
  0.229276931287    -0.00267095900063   0.000631727116294  
  0.230336287314    -0.00264478692474   0.000622868189106  
  0.231400538013    -0.00261865721185   0.000614052199294  
  0.232469705999    -0.00259250357791   0.000605282142413  
  0.233543813991    -0.00256681100932   0.000596805911296  
  0.234622884814    -0.00254116311027    0.00058836283387  
    0.2357069414    -0.00251546144004   0.000579945703244  
  0.236796006783    -0.00249008845275   0.000571895208719  
  0.237890104108     -0.0024647875467   0.000563858599625  
  0.238989256623    -0.00243939728723   0.000555812598414  
  0.240093487686    -0.00241443430071   0.000548288369172  
  0.241202820762    -0.00238960525556   0.000540743018422  
  0.242317279424    -0.00236472092526   0.000533195762819  
  0.243436887354     -0.0023402766298   0.000525972651201  
  0.244561668345     -0.0023159191975   0.000518740786287  
  0.245691646298    -0.00229153879098   0.000511523758535  
  0.246826845226    -0.00226746157693   0.000504489107331  
   0.24796728925    -0.00224342423153   0.000497464986751  
  0.249113002607    -0.00221936155566   0.000490467114536  
  0.250264009642    -0.00219547346918   0.000483638383932  
  0.251420334814    -0.00217160264857    0.00047683233515  
  0.252582002696    -0.00214769677052   0.000470060525492  
  0.253749037973    -0.00212386402434   0.000463493356848  
  0.254921465445    -0.00210005087786   0.000456957444215  
  0.256099310026    -0.00207619727167   0.000450448113988  
  0.257282596745    -0.00205229209455   0.000444157956871  
  0.258471350747    -0.00202841894536   0.000437892688984  
  0.259665597293    -0.00200449092185   0.000431634288153  
  0.260865361762    -0.00198019395978   0.000425627917672  
  0.262070669648    -0.00195594888258   0.000419627684763  
  0.263281546565     -0.0019316269374   0.000413604457178  
  0.264498018243     -0.0019064552713   0.000407878574787  
  0.265720110532    -0.00188134348228   0.000402130198677  
  0.266947849403    -0.00185616074648   0.000396381651173  
  0.268181260945    -0.00182947700925    0.00039087257568  
  0.269420371368    -0.00180282531852   0.000385364725756  
  0.270665207003    -0.00177612714783   0.000379869829365  
  0.271915794304    -0.00174625898404   0.000374546182851  
  0.273172159844     -0.0017163801727    0.00036923738519  
  0.274434330323    -0.00168645542925   0.000363935698005  
  0.275702332561    -0.00164771074502   0.000358750474568  
  0.276976193504    -0.00160883981789   0.000353574274965  
  0.278255940221    -0.00156985990649    0.00034840624641  
  0.279541599907    -0.00147588069685   0.000343352746419  
  0.280833199882    -0.00138106597271   0.000338310014181  
  0.282130767594    -0.00128586424671   0.000333285226906  
  0.283434330615    -0.00131972199048   0.000454473255432  
  0.284743916647    -0.00135536889086   0.000577799983305  
  0.286059553518    -0.00139118837127    0.00070174335428  
  0.287381269185    -0.00142466299703   0.000693623440157  
  0.288709091736    -0.00145839306912    0.00068352557349  
  0.290043049386    -0.00149231052199   0.000673381502147  
  0.291383170483    -0.00150008762525   0.000663725239127  
  0.292729483504    -0.00150755179142   0.000654035516675  
  0.294082017059    -0.00151509205089   0.000644322934866  
  0.295440799888    -0.00151555655276   0.000635046465407  
  0.296805860867    -0.00151598720661   0.000625760367493  
  0.298177229002    -0.00151647534902   0.000616464523582  
  0.299554933436       -0.00151321532   0.000607554564102  
  0.300939003445    -0.00150994440905   0.000598649027496  
  0.302329468441     -0.0015067167081   0.000589741575818  
   0.30372635797    -0.00150124757199   0.000581197244428  
  0.305129701718    -0.00149578294202   0.000572666450413  
  0.306539529506    -0.00149035167261   0.000564134066245  
  0.307955871291    -0.00148346113795   0.000555959058534  
  0.309378757173    -0.00147659229853   0.000547798858794  
  0.310808217387    -0.00146974769271    0.00053962792838  
  0.312244282309    -0.00146190780921   0.000531807997231  
  0.313686982457    -0.00145410365191   0.000523994295097  
  0.315136348487    -0.00144630699874   0.000516155660166  
  0.316592411198    -0.00143780300719   0.000508684456268  
  0.318055201533    -0.00142935209899   0.000501205995575  
  0.319524750576    -0.00142089882013   0.000493696949973  
  0.321001089554    -0.00141187368563   0.000486557526396  
  0.322484249841    -0.00140289761796   0.000479405786043  
  0.323974262953    -0.00139392640488    0.00047224012738  
  0.325471160553    -0.00138462035026   0.000465392372264  
  0.326974974451     -0.0013753554231   0.000458549220728  
  0.328485736603    -0.00136610573068   0.000451702256453  
  0.330003479113    -0.00135662150302   0.000445141555737  
  0.331528234232    -0.00134718163962   0.000438596009297  
  0.333060034362    -0.00133777344479   0.000432038182728  
  0.334598912055    -0.00132820068226   0.000425719177456  
  0.336144900011    -0.00131865100009   0.000419404291055  
  0.337698031083    -0.00130911224522   0.000413077947451  
  0.339258338274    -0.00129945105352   0.000406987878213  
  0.340825854742    -0.00128980541019   0.000400903531405  
  0.342400613797    -0.00128014938654   0.000394809212178  
  0.343982648902    -0.00127041185037   0.000388982468828  
  0.345571993676      -0.001260711645   0.000383165910173  
  0.347168681893    -0.00125099960518    0.00037732680844  
  0.348772747481    -0.00124124493484   0.000371767770113  
  0.350384224529    -0.00123154081372   0.000366206507156  
   0.35200314728    -0.00122182408673   0.000360624774352  
  0.353629550136    -0.00121208197046   0.000355310361214  
  0.355263467658    -0.00120238396308   0.000349995990602  
  0.356904934568    -0.00119268334493   0.000344673303141  
  0.358553985746    -0.00118299254653    0.00033958104057  
  0.360210656236    -0.00117334137643   0.000334500898285  
  0.361874981241     -0.0011637022195   0.000329413377931  
  0.363546996129    -0.00115410234304    0.00032451773808  
  0.365226736431    -0.00114452714963   0.000319633077623  
   0.36691423784    -0.00113495530327   0.000314744080512  
  0.368609536217    -0.00112543892585   0.000310039620068  
  0.370312667587    -0.00111594410905   0.000305349771407  
  0.372023668141    -0.00110644581261    0.00030065598449  
  0.373742574239    -0.00109700114705   0.000296105459793  
  0.375469422407    -0.00108758127936   0.000291567224124  
  0.377204249342    -0.00107814932302   0.000287020423644  
  0.378947091907    -0.00106873008103   0.000282607067082  
   0.38069798714    -0.00105934531704   0.000278200324467  
  0.382456972247    -0.00104993826017   0.000273773336953  
  0.384224084606    -0.00104048524615   0.000269550433294  
  0.385999361768    -0.00103108398467   0.000265327135553  
  0.387782841459    -0.00102167698779   0.000261090067415  
  0.389574561578    -0.00101217208598   0.000257062892447  
  0.391374560198    -0.00100269631369   0.000253044036631  
  0.393182875571   -0.000993225772456   0.000249017354777  
  0.394999546122   -0.000983518039996   0.000245161093426  
  0.396824610457   -0.000973809786883   0.000241317064057  
  0.398658107358   -0.000964104776663   0.000237467578587  
  0.400500075787    -0.00095349822675   0.000233769134287  
  0.402350554887   -0.000942812384746   0.000230084433001  
   0.40420958398   -0.000932118166224   0.000226397490759  
   0.40607720257   -0.000916558480315   0.000229959842949  
  0.407953450345   -0.000900501400567   0.000234277384334  
  0.409838367176    -0.00088440952195   0.000238626770428  
  0.411731993116   -0.000883355096771   0.000235677608014  
  0.413634368406   -0.000883901793159   0.000231978811423  
  0.415545533472    -0.00088448633034   0.000228268661277  
  0.417465528925   -0.000878862184514   0.000224729206144  
  0.419394395567   -0.000872612882531   0.000221200379294  
  0.421332174385   -0.000866364596221    0.00021765531045  
  0.423278906557   -0.000859389905142   0.000214284460266  
  0.425234633453   -0.000852369029882   0.000210918986882  
  0.427199396631   -0.000845345156382    0.00020754272018  
  0.429173237842   -0.000838102397027   0.000204323082409  
  0.431156199032   -0.000830857149303   0.000201113952197  
  0.433148322338   -0.000823612394275    0.00019789957126  
  0.435149650093   -0.000816267405003    0.00019482398431  
  0.437160224825   -0.000808926746131   0.000191764083818  
   0.43918008926    -0.00080158801494    0.00018870144566  
  0.441209286319   -0.000794239304871   0.000185766201112  
  0.443247859124   -0.000786902195062   0.000182848744663  
  0.445295850994   -0.000779566134843   0.000179928413647  
   0.44735330545   -0.000772243002384   0.000177129199993  
  0.449420266212   -0.000764933414682   0.000174347222567  
  0.451496777204   -0.000757621801252   0.000171559885396  
  0.453582882551   -0.000750337174326   0.000168892612429  
  0.455678626584   -0.000743069107367   0.000166239648528  
  0.457784053838   -0.000735794469062   0.000163576775624  
  0.459899209052   -0.000728553785282   0.000161035297547  
  0.462024137175     -0.0007213309005   0.000158502792439  
  0.464158883361    -0.00071409669774   0.000155958636041  
  0.466303492974   -0.000706895486949   0.000153531239684  
  0.468458011587    -0.00069970797816   0.000151110274742  
  0.470622484984   -0.000692504173358    0.00014868215118  
   0.47279695916   -0.000685331049893   0.000146362742125  
  0.474981480323   -0.000678164471904   0.000144054631387  
  0.477176094894   -0.000670982660649   0.000141743053039  
  0.479380849509   -0.000663806634036   0.000139527844359  
  0.481595791019   -0.000656627100155   0.000137327163404  
  0.483820966493   -0.000649429634028   0.000135124325631  
  0.486056423214   -0.000642221587137   0.000132999604975  
  0.488302208688   -0.000635000964712   0.000130888614055  
  0.490558370637   -0.000627755274192   0.000128774893336  
  0.492824957004   -0.000620470340804   0.000126746544817  
  0.495102015956   -0.000613160951739   0.000124732507599  
  0.497389595879   -0.000605814215805   0.000122713659979  
  0.499687745385   -0.000598380272314   0.000120781834029  
  0.501996513311   -0.000590904176599   0.000118862082815  
  0.504315948717    -0.00058337119085   0.000116933980143  
  0.506646100892   -0.000575672385201   0.000115096519536  
  0.508987019352   -0.000567901011499   0.000113267226096  
  0.511338753841   -0.000560043971322   0.000111429507318  
  0.513701354335   -0.000551871435922   0.000109678586503  
  0.516074871039   -0.000543560621973   0.000107935283596  
  0.518459354389   -0.000535110166831   0.000106187203783  
  0.520854855058   -0.000526050055855   0.000104515428811  
  0.523261423949   -0.000516716801277   0.000102854541485  
  0.525679112202   -0.000507119953003   0.000101191090764  
  0.528107971193   -0.000495925233926   9.95954057428e-05  
  0.530548052537   -0.000484043416609   9.80122739978e-05  
  0.532999408084   -0.000471466663616   9.64272469054e-05  
  0.535462089927   -0.000438788618745   9.49034154054e-05  
  0.537936150398   -0.000400128774175   9.33919196228e-05  
  0.540421642071   -0.000356925791369   9.48972725972e-05  
  0.542918617762   -0.000353484103394   0.000126650966604  
  0.545427130533    -0.00036679080287   0.000168174835483  
   0.54794723369   -0.000392428277777   0.000208092438018  
  0.550478980785   -0.000416170532685   0.000213601368197  
  0.553022425619   -0.000433390011252   0.000210228158451  
   0.55557762224   -0.000447174775336   0.000206837924545  
  0.558144624945   -0.000452529438718   0.000203601533772  
  0.560723488285     -0.0004557085182   0.000200381683032  
   0.56331426706   -0.000458271860335   0.000197147354801  
  0.565917016325   -0.000459298847524   0.000194063828098  
  0.568531791387   -0.000459805186431   0.000190998689018  
  0.571158647813    -0.00046003493727   0.000187927635788  
  0.573797641421   -0.000459525857216   0.000184990895333  
  0.576448828293   -0.000458748159033   0.000182081660314  
  0.579112264764   -0.000457812715436   0.000179170104896  
  0.581788007434   -0.000456439181704   0.000176371434927  
  0.584476113163   -0.000454899032102   0.000173601166447  
  0.587176639073   -0.000453253699312   0.000170829701287  
  0.589889642551    -0.00045131927166   0.000168163669762  
  0.592615181248   -0.000449273791283     0.0001655262989  
  0.595353313081   -0.000447151386637   0.000162885628301  
  0.598104096238   -0.000444853615965   0.000160348180228  
  0.600867589172   -0.000442486035846   0.000157836078032  
  0.603643850608   -0.000440056255351   0.000155315936673  
  0.606432939541   -0.000437502570378    0.00015290206731  
   0.60923491524   -0.000434902796587   0.000150507600865  
  0.612049837248   -0.000432249170634   0.000148102076123  
  0.614877765381   -0.000429508149202   0.000145802919706  
  0.617718759734   -0.000426736161191   0.000143518383692  
  0.620572880678   -0.000423917830251      0.000141224644  
  0.623440188863   -0.000421038704126   0.000139021900413  
   0.62632074522   -0.000418132454061   0.000136833384405  
  0.629214610961   -0.000415188158124   0.000134639308169  
  0.632121847581   -0.000412199880186     0.0001325148067  
   0.63504251686   -0.000409183063261   0.000130405410504  
  0.637976680861   -0.000406129745595   0.000128291894608  
  0.640924401936   -0.000403033775934   0.000126236886024  
  0.643885742724   -0.000399904074009   0.000124196637975  
  0.646860766155   -0.000396732455472   0.000122153249216  
  0.649849535447   -0.000393502634403   0.000120171924465  
  0.652852114113   -0.000390231103472   0.000118207814812  
  0.655868565957   -0.000386907823809   0.000116240190087  
   0.65889895508   -0.000383533325524   0.000114349912099  
  0.661943345877   -0.000380114483714   0.000112480196693  
  0.665001803043   -0.000376625155278   0.000110603681286  
   0.66807439157   -0.000373077046517   0.000108843250159  
   0.67116117675   -0.000369480106465   0.000107108332289  
  0.674262224178   -0.000365793694714   0.000105365400911  
  0.677377599752    -0.00036204208365   0.000103734259642  
  0.680507369674   -0.000358206708844   0.000102125039221  
  0.683651600451   -0.000354220659297    0.00010051051758  
    0.6868103589   -0.000350100433937   9.89818616013e-05  
  0.689983712143   -0.000345760228561   9.74728645984e-05  
  0.693171727616   -0.000341062454765    9.5961075902e-05  
  0.696374473063   -0.000335839326861   9.45018971542e-05  
  0.699592016544   -0.000329346309152   9.30578576795e-05  
  0.702824426431   -0.000320590395568   9.31674245458e-05  
  0.706071771414   -0.000312015342052   9.88340107277e-05  
  0.709334120499   -0.000308317570084   0.000108410204788  
  0.712611543011   -0.000310719183378   0.000116475180921  
  0.715904108596    -0.00031571343729   0.000118607851555  
  0.719211887222   -0.000318636768139   0.000116717551191  
  0.722534949179   -0.000319390313808   0.000114823425317  
  0.725873365082    -0.00031933326004   0.000112999870722  
  0.729227205873   -0.000318796948128   0.000111198452895  
  0.732596542822   -0.000317909458083   0.000109388607239  
  0.735981447527   -0.000316796912503   0.000107656507371  
  0.739381991918   -0.000315515323374   0.000105940445883  
  0.742798248256   -0.000314067839123   0.000104216488307  
  0.746230289139   -0.000312521126261   0.000102565976729  
  0.749678187497   -0.000310889771327   0.000100930563417  
  0.753142016597    -0.00030915577276   9.92903881666e-05  
  0.756621850048   -0.000307374279307    9.7713539229e-05  
  0.760117761796   -0.000305543631751   9.61541269415e-05  
  0.763629826128   -0.000303645747307    9.4593419929e-05  
  0.767158117678   -0.000301723683348   9.30840733807e-05  
  0.770702711421   -0.000299767855012   9.15945825529e-05  
  0.774263682681   -0.000297761372639   9.01052175769e-05  
  0.777841107129   -0.000295740964377   8.86610166687e-05  
  0.781435060784   -0.000293694051183     8.723710758e-05  
   0.78504562002   -0.000291600992623   8.58132599398e-05  
  0.788672861561   -0.000289490940791   8.44381041886e-05  
  0.792316862487    -0.00028734861878   8.30842837282e-05  
  0.795977700231   -0.000285127566844   8.17374094223e-05  
  0.799655452589   -0.000282896269782   8.05495259659e-05  
  0.803350197712   -0.000280721166852    7.9429173935e-05  
  0.807062014115   -0.000278567400993   7.83036580464e-05  
  0.810790980673   -0.000276453072684    7.7230348995e-05  
  0.814537176628   -0.000274364787868   7.61695915695e-05  
  0.818300681587    -0.00027227584021   7.51042381213e-05  
  0.822081575524   -0.000270220192113   7.40807168836e-05  
  0.825879938784   -0.000268184145708   7.30674398588e-05  
  0.829695852083   -0.000266145542501   7.20511645882e-05  
   0.83352939651   -0.000264141219732   7.10739125361e-05  
  0.837380653527   -0.000262158782041   7.01091809544e-05  
  0.841249704974     -0.0002601851383   6.91399549272e-05  
  0.845136633068   -0.000258250774791   6.81903296823e-05  
  0.849041520409   -0.000256334796048   6.72442613093e-05  
  0.852964449974    -0.00025442998857   6.62877475653e-05  
  0.856905505127   -0.000252563160225   6.53264953017e-05  
  0.860864769615   -0.000250694889668   6.43504614002e-05  
  0.864842327573   -0.000248815471128    6.3366448664e-05  
  0.868838263525   -0.000246959781053   6.23809871882e-05  
  0.872852662385   -0.000245089499854   6.13861563596e-05  
  0.876885609459   -0.000243185734515   6.03880296687e-05  
  0.880937190447   -0.000241293722348   5.94278198253e-05  
  0.885007491447   -0.000239406534316   5.84802348441e-05  
  0.889096598953   -0.000237501921003   5.75282747771e-05  
  0.893204599858   -0.000235616954264   5.66143543621e-05  
  0.897331581458   -0.000233742138893   5.57103394374e-05  
  0.901477631452   -0.000231853347565   5.48025454985e-05  
  0.905642837945   -0.000229986576483   5.39307171855e-05  
  0.909827289446   -0.000228131656648   5.30693209064e-05  
  0.914031074876   -0.000226266292432   5.22058854381e-05  
  0.918254283566   -0.000224424298092   5.13696957005e-05  
  0.922497005259   -0.000222592962038   5.05444348605e-05  
  0.926759330115   -0.000220754251789   4.97186384486e-05  
  0.931041348707   -0.000218937835797   4.89160442257e-05  
  0.935343152029   -0.000217131360519   4.81254987775e-05  
  0.939664831495   -0.000215319115313   4.73346853774e-05  
  0.944006478942   -0.000213527866853   4.65676763416e-05  
  0.948368186629    -0.00021174685251   4.58134348125e-05  
  0.952750047243   -0.000209960450187   4.50580615931e-05  
  0.957152153899   -0.000208195381737   4.43276975896e-05  
  0.961574600143   -0.000206442544941   4.36090390257e-05  
  0.966017479952   -0.000204683913752   4.28872882273e-05  
  0.970480887738   -0.000202946817037   4.21935709957e-05  
  0.974964918348   -0.000201223482691   4.15092450999e-05  
   0.97946966707    -0.00019949332341   4.08217609885e-05  
  0.983995229628   -0.000197785516463   4.01645256412e-05  
  0.988541702192   -0.000196093819354   3.95164497183e-05  
  0.993109181375   -0.000194398693059   3.88657955985e-05  
  0.997697764236   -0.000192727390325   3.82393647803e-05  
   1.00230754828   -0.000191070088884   3.76209404958e-05  
   1.00693863148   -0.000189409205812   3.70011900226e-05  
   1.01159111222   -0.000187771433399   3.64025349234e-05  
   1.01626508939   -0.000186146371327   3.58136184432e-05  
   1.02096066231   -0.000184519144136   3.52243173084e-05  
   1.02567793074   -0.000182915861054   3.46532778867e-05  
   1.03041699495   -0.000181325531303   3.40924699902e-05  
   1.03517795563   -0.000179734053592   3.35310776232e-05  
   1.03996091395   -0.000178164359769   3.29850891704e-05  
   1.04476597156   -0.000176606614528   3.24478440365e-05  
   1.04959323056   -0.000175046736006   3.19093354373e-05  
   1.05444279353    -0.00017350852621   3.13879866209e-05  
   1.05931476352   -0.000171983250371   3.08747824623e-05  
   1.06420924406   -0.000170454903462   3.03592096017e-05  
   1.06912633917   -0.000168946324785    2.9863407673e-05  
   1.07406615333   -0.000167451139405   2.93745781389e-05  
   1.07902879152   -0.000165952775256   2.88836229159e-05  
   1.08401435918   -0.000164475015784   2.84122828245e-05  
   1.08902296226   -0.000163011085767   2.79476093457e-05  
   1.09405470721   -0.000161544592119   2.74811542438e-05  
   1.09910970093    -0.00016009900911    2.7032982994e-05  
   1.10418805085    -0.00015866684569   2.65919011624e-05  
    1.1092898649    -0.00015723340332   2.61500189386e-05  
   1.11441525147   -0.000155819625211   2.57224668696e-05  
   1.11956431948   -0.000154417678813   2.53026740703e-05  
   1.12473717836   -0.000153015072083   2.48826052845e-05  
   1.12993393803   -0.000151632095155   2.44753298651e-05  
   1.13515470892   -0.000150260652361    2.4076051588e-05  
   1.14039960197   -0.000148888612178      2.36763707e-05  
   1.14566872863   -0.000147535988427   2.32892205032e-05  
   1.15096220089   -0.000146195198473   2.29096683973e-05  
   1.15628013121   -0.000144853429943   2.25289548578e-05  
   1.16162263261   -0.000143529561528   2.21611348193e-05  
   1.16698981862    -0.00014221734381   2.17996485419e-05  
   1.17238180329   -0.000140903233593   2.14364934447e-05  
    1.1777987012   -0.000139606838828   2.10872197563e-05  
   1.18324062746   -0.000138322223535   2.07432184527e-05  
   1.18870769771   -0.000137035298725   2.03978323087e-05  
   1.19420002813   -0.000135765297755   2.00655120425e-05  
   1.19971773544   -0.000134506265498   1.97382459353e-05  
   1.20526093687   -0.000133244702763   1.94098577568e-05  
   1.21082975023   -0.000131998900193   1.90932042395e-05  
   1.21642429386    -0.00013076248113    1.8781965022e-05  
   1.22204468663   -0.000129523129254   1.84701649551e-05  
   1.22769104799   -0.000128297599969   1.81675536101e-05  
   1.23336349791   -0.000127078832779   1.78705715758e-05  
   1.23906215695    -0.00012585527733   1.75732755997e-05  
   1.24478714619   -0.000124642368606   1.72841924248e-05  
   1.25053858729    -0.00012343226935   1.70007064821e-05  
   1.25631660247   -0.000122212359179   1.67167221103e-05  
   1.26212131452   -0.000120995514642   1.64408972109e-05  
   1.26795284679   -0.000119771244026   1.61702433181e-05  
   1.27381132319   -0.000118520673853    1.5898518913e-05  
   1.27969686822   -0.000117244210736   1.56355613902e-05  
   1.28560960694   -0.000115903265413   1.53769343827e-05  
   1.29154966501    -0.00011432106647   1.51171037763e-05  
   1.29751716866   -0.000112707015464   1.54747377042e-05  
   1.30351224468   -0.000111514012604   1.61073228454e-05  
   1.30953502048   -0.000110864345931   1.67622396483e-05  
   1.31558562405   -0.000110499657983   1.67978118763e-05  
   1.32166418395   -0.000109945999615    1.6533963857e-05  
   1.32777082936   -0.000109211018983   1.62574815151e-05  
   1.33390569004   -0.000108421730434   1.59902510489e-05  
   1.34006889636   -0.000107601811981   1.57280666415e-05  
    1.3462605793   -0.000106754106172   1.54655592684e-05  
   1.35248087042   -0.000105900133826   1.52108101226e-05  
    1.3587299019   -0.000105040660103   1.49616081069e-05  
   1.36500780655   -0.000104169396312   1.47122096601e-05  
   1.37131471775   -0.000103301364633   1.44696990035e-05  
   1.37765076955   -0.000102434637702   1.42325254411e-05  
   1.38401609657   -0.000101561279875   1.39948948332e-05  
   1.39041083409   -0.000100695072538   1.37644393766e-05  
   1.39683511799   -9.98336606783e-05   1.35388893488e-05  
   1.40328908479   -9.89677285537e-05   1.33122977354e-05  
   1.40977287163   -9.81105466862e-05   1.30936983658e-05  
    1.4162866163   -9.72600427812e-05   1.28791271363e-05  
   1.42283045721   -9.64062489256e-05   1.26635917157e-05  
   1.42940453343   -9.55623117199e-05   1.24558791746e-05  
   1.43600898465   -9.47258645901e-05   1.22516433887e-05  
   1.44264395122   -9.38870399354e-05   1.20467019263e-05  
   1.44930957413   -9.30583743076e-05   1.18488057492e-05  
   1.45600599502   -9.22375514122e-05    1.1654464823e-05  
    1.4627333562   -9.14152150913e-05   1.14595773841e-05  
   1.46949180062    -9.0603059852e-05   1.12706668572e-05  
   1.47628147191   -8.97984854838e-05   1.10855469429e-05  
   1.48310251434   -8.89931805835e-05   1.09001433268e-05  
   1.48995507285   -8.81982183745e-05   1.07194041114e-05  
   1.49683929308   -8.74106310633e-05   1.05423736152e-05  
    1.5037553213   -8.66224625282e-05   1.03651245984e-05  
   1.51070330449   -8.58440064058e-05   1.01925010525e-05  
   1.51768339028   -8.50728103839e-05   1.00236963329e-05  
   1.52469572702   -8.43010608832e-05   9.85444663735e-06  
    1.5317404637    -8.3539108966e-05   9.69037228905e-06  
   1.53881775004   -8.27849289468e-05   9.52991544972e-06  
   1.54592773642   -8.20301749241e-05   9.36871768849e-06  
   1.55307057393   -8.12851566673e-05   9.21315357182e-06  
   1.56024641437   -8.05481130338e-05    9.0605448196e-06  
   1.56745541021   -7.98105088616e-05   8.90733253095e-06  
   1.57469771464   -7.90824502375e-05   8.75949368058e-06  
   1.58197348158   -7.83621538086e-05   8.61428229662e-06  
   1.58928286562   -7.76413862774e-05   8.46859096883e-06  
    1.5966260221   -7.69298030622e-05   8.32782568153e-06  
   1.60400310706   -7.62258981216e-05   8.18992464238e-06  
   1.61141427725   -7.55217638051e-05   8.05165430774e-06  
   1.61885969018   -7.48267483728e-05   7.91757816239e-06  
   1.62633950405    -7.4138974947e-05   7.78656108162e-06  
   1.63385387781   -7.34512544018e-05   7.65537322831e-06  
   1.64140297114   -7.27720922414e-05   7.52766712268e-06  
   1.64898694447   -7.20996701077e-05   7.40304125453e-06  
   1.65660595895   -7.14272522878e-05    7.2782344279e-06  
   1.66426017649   -7.07632624222e-05   7.15684354651e-06  
   1.67194975973   -7.01060118878e-05   7.03843432446e-06  
   1.67967487209   -6.94485340472e-05   6.91961406044e-06  
   1.68743567773   -6.87989608983e-05   6.80444784928e-06  
   1.69523234155   -6.81559415913e-05   6.69187267536e-06  
   1.70306502925   -6.75123618206e-05   6.57877763168e-06  
   1.71093390727   -6.68763302324e-05   6.46930852951e-06  
   1.71883914282   -6.62463721248e-05   6.36183242953e-06  
   1.72678090388    -6.5615289718e-05   6.25397469403e-06  
   1.73475935923   -6.49906866016e-05   6.14927391775e-06  
   1.74277467841   -6.43708581852e-05   6.04627072703e-06  
   1.75082703174    -6.3748716185e-05   5.94291341363e-06  
   1.75891659033   -6.31315871471e-05   5.84280486578e-06  
   1.76704352609   -6.25176118663e-05   5.74481010252e-06  
   1.77520801172    -6.1899300996e-05   5.64655673574e-06  
   1.78341022071   -6.12824452748e-05   5.55097766154e-06  
   1.79165032736   -6.06636534686e-05   5.45762007654e-06  
   1.79992850678   -6.00333359818e-05   5.36413607585e-06  
   1.80824493488   -5.93914361602e-05   5.27307890282e-06  
   1.81659978838   -5.87180237305e-05   5.18437676742e-06  
   1.82499324482    -5.7961099118e-05   5.12051966975e-06  
   1.83342548256   -5.71705012953e-05   5.24746549317e-06  
    1.8418966808   -5.65406138455e-05   5.57434780308e-06  
   1.85040701954   -5.61671642727e-05   5.90025759278e-06  
   1.85895667964   -5.59460011872e-05   5.98439000267e-06  
   1.86754584276   -5.56525669024e-05   5.88580230494e-06  
   1.87617469144   -5.52680969809e-05   5.78675731001e-06  
   1.88484340903   -5.48569112149e-05   5.69098201537e-06  
   1.89355217976   -5.44325012463e-05   5.59708398048e-06  
   1.90230118867   -5.39951474717e-05   5.50290833317e-06  
   1.91109062169   -5.35548517209e-05   5.41181859994e-06  
   1.91992066559   -5.31135484332e-05   5.32256594886e-06  
   1.92879150802   -5.26668211545e-05   5.23303558819e-06  
   1.93770333748   -5.22215986913e-05   5.14626626613e-06  
   1.94665634334   -5.17785159673e-05   5.06149814079e-06  
   1.95565071587   -5.13326776306e-05   4.97654354328e-06  
   1.96468664618   -5.08901729938e-05   4.89380939966e-06  
    1.9737643263   -5.04509934166e-05   4.81320842745e-06  
   1.98288394913   -5.00102519002e-05    4.7325339545e-06  
   1.99204570845   -4.95736285872e-05   4.65407999372e-06  
   2.00124979897   -4.91412403264e-05   4.57802877554e-06  
   2.01049641626   -4.87083384855e-05   4.50176052447e-06  
   2.01978575682   -4.82801004074e-05   4.42709554273e-06  
   2.02911801805   -4.78561898282e-05   4.35396424781e-06  
   2.03849339825   -4.74315746485e-05    4.2804951814e-06  
   2.04791209667   -4.70115210293e-05   4.20907608755e-06  
   2.05737431343   -4.65960114781e-05   4.13912133356e-06  
   2.06688024963     -4.617994779e-05   4.06887980926e-06  
   2.07643010726    -4.5768542654e-05   4.00085091002e-06  
   2.08602408925   -4.53618096296e-05   3.93417342036e-06  
   2.09566239948   -4.49547381378e-05    3.8673202159e-06  
   2.10534524277   -4.45523669723e-05   3.80251903575e-06  
   2.11507282487   -4.41546965551e-05   3.73908852899e-06  
    2.1248453525   -4.37569128016e-05   3.67546227321e-06  
   2.13466303332   -4.33638346478e-05   3.61370089457e-06  
   2.14452607597   -4.29754451472e-05   3.55345072229e-06  
   2.15443469003   -4.25871698467e-05   3.49307116591e-06  
   2.16438908606   -4.22033895249e-05   3.43413753545e-06  
    2.1743894756   -4.18240963969e-05   3.37676853173e-06  
   2.18443607115   -4.14450304349e-05   3.31930482618e-06  
    2.1945290862     -4.107045379e-05   3.26318443142e-06  
   2.20466873524   -4.07004082836e-05   3.20861802337e-06  
   2.21485523373   -4.03306232675e-05   3.15387903407e-06  
   2.22508879813   -3.99651832846e-05   3.10056187942e-06  
   2.23536964591   -3.96042606832e-05   3.04864399187e-06  
   2.24569799554   -3.92435554991e-05   2.99648631189e-06  
    2.2560740665   -3.88871478636e-05   2.94589371769e-06  
   2.26649807927   -3.85352517606e-05   2.89644631257e-06  
   2.27697025538   -3.81835489122e-05   2.84683379219e-06  
   2.28749081736   -3.78361122387e-05   2.79874796334e-06  
   2.29805998876   -3.74931057352e-05   2.75166539962e-06  
   2.30867799419   -3.71503099723e-05   2.70447259924e-06  
   2.31934505927   -3.68116848836e-05   2.65868332208e-06  
    2.3300614107   -3.64774231664e-05     2.613954644e-06  
   2.34082727618   -3.61435141542e-05   2.56910089901e-06  
   2.35164288449   -3.58136245343e-05   2.52546863449e-06  
   2.36250846548   -3.54879506813e-05   2.48298645697e-06  
   2.37342425002   -3.51626848986e-05   2.44041678104e-06  
   2.38439047009   -3.48412759725e-05   2.39882994503e-06  
   2.39540735872   -3.45239433552e-05   2.35842820922e-06  
   2.40647515002   -3.42070584837e-05   2.31794399725e-06  
   2.41759407917   -3.38939407076e-05   2.27838296389e-06  
   2.42876438246   -3.35848537311e-05   2.23995413112e-06  
   2.43998629726   -3.32761680267e-05   2.20137355534e-06  
   2.45126006203   -3.29711615433e-05    2.1638285197e-06  
   2.46258591635   -3.26702002247e-05   2.12730906062e-06  
   2.47396410089   -3.23696130446e-05   2.09062092251e-06  
   2.48539485743   -3.20726138477e-05   2.05501442395e-06  
   2.49687842888   -3.17795494128e-05   2.02022342562e-06  
   2.50841505928   -3.14868092609e-05   1.98533869944e-06  
   2.52000499376   -3.11975947394e-05   1.95149828339e-06  
   2.53164847863   -3.09122322448e-05   1.91840477472e-06  
    2.5433457613   -3.06272071752e-05   1.88524126999e-06  
   2.55509709035    -3.0345598536e-05   1.85301975583e-06  
   2.56690271549   -3.00677628378e-05    1.8216113494e-06  
   2.57876288759   -2.97903960291e-05   1.79011897053e-06  
   2.59067785869   -2.95163180299e-05   1.75943037521e-06  
   2.60264788197   -2.92459032576e-05   1.72961259425e-06  
    2.6146732118   -2.89759407539e-05   1.69973262857e-06  
   2.62675410372   -2.87091497199e-05   1.67051307321e-06  
   2.63889081446   -2.84458965787e-05   1.64217086457e-06  
   2.65108360191   -2.81830993893e-05   1.61375844459e-06  
   2.66333272517    -2.7923381183e-05   1.58599152913e-06  
   2.67563844455   -2.76671577325e-05   1.55905357417e-06  
   2.68800102154   -2.74113467789e-05   1.53199118375e-06  
   2.70042071884   -2.71585329421e-05   1.50566181568e-06  
   2.71289780037   -2.69091911442e-05   1.48005689781e-06  
   2.72543253128   -2.66602310631e-05   1.45434038103e-06  
   2.73802517793   -2.64142051013e-05   1.42936940608e-06  
   2.75067600791   -2.61715524594e-05   1.40498299063e-06  
   2.76338529005   -2.59292429596e-05   1.38054493254e-06  
   2.77615329444   -2.56897983871e-05    1.3568188125e-06  
   2.78898029238   -2.54536508892e-05    1.3336507552e-06  
   2.80186655646    -2.5217860004e-05   1.31043697495e-06  
   2.81481236051   -2.49848479185e-05   1.28785300868e-06  
   2.82781797963   -2.47551026874e-05   1.26589243895e-06  
   2.84088369018   -2.45257969325e-05    1.2438716714e-06  
   2.85400976983   -2.42991173196e-05   1.22236611739e-06  
   2.86719649749   -2.40755281062e-05   1.20150048745e-06  
    2.8804441534   -2.38523560159e-05   1.18058942378e-06  
   2.89375301905   -2.36317774707e-05   1.16012672804e-06  
   2.90712337727   -2.34142627372e-05    1.1403136405e-06  
   2.92055551218   -2.31971643624e-05   1.12044025772e-06  
   2.93404970922   -2.29825337493e-05   1.10101682149e-06  
   2.94760625512   -2.27708749074e-05   1.08219145826e-06  
   2.96122543799   -2.25595951299e-05   1.06327912932e-06  
   2.97490754721   -2.23507530716e-05   1.04487939478e-06  
   2.98865287355   -2.21448747976e-05   1.02698684437e-06  
   3.00246170909   -2.19393493726e-05   1.00903316397e-06  
   3.01633434726   -2.17361929298e-05   9.91585355275e-07  
   3.03027108287   -2.15358982455e-05   9.74554257638e-07  
   3.04427221206   -2.13359304556e-05   9.57495406367e-07  
   3.05833803238   -2.11382710166e-05   9.40912545576e-07  
   3.07246884271   -2.09434128277e-05   9.24742830964e-07  
   3.08666494334   -2.07488962658e-05    9.0854170426e-07  
   3.10092663593   -2.05565865192e-05   8.92751740466e-07  
   3.11525422356   -2.03670553022e-05   8.77433837106e-07  
   3.12964801067   -2.01778946293e-05    8.6207056675e-07  
   3.14410830315   -1.99908613495e-05   8.47047340146e-07  
   3.15863540827   -1.98064787381e-05   8.32503419644e-07  
   3.17322963473   -1.96224689055e-05   8.17924591139e-07  
   3.18789129268   -1.94405171693e-05   8.03645163887e-07  
   3.20262069366   -1.92611498879e-05   7.89835632127e-07  
   3.21741815068   -1.90821413326e-05   7.75975199608e-07  
   3.23228397818   -1.89051393185e-05   7.62433513332e-07  
   3.24721849207   -1.87307001632e-05   7.49324337092e-07  
   3.26222200971   -1.85565972088e-05   7.36154597339e-07  
   3.27729484992   -1.83844321182e-05   7.23331384074e-07  
   3.29243733301   -1.82147490083e-05   7.10854699445e-07  
   3.30764978074   -1.80453683338e-05   6.98346008002e-07  
    3.3229325164   -1.78778896854e-05   6.86183082481e-07  
   3.33828586473   -1.77128386837e-05    6.7432247462e-07  
     3.353710152   -1.75480797775e-05    6.6244775925e-07  
   3.36920570598   -1.73851680846e-05   6.50890558841e-07  
   3.38477285595   -1.72246300445e-05   6.39640734054e-07  
    3.4004119327   -1.70643970785e-05    6.2836848076e-07  
   3.41612326859   -1.69059450749e-05   6.17367797082e-07  
   3.43190719746   -1.67498491723e-05    6.0671700092e-07  
   3.44776405473   -1.65940693393e-05   5.96034079442e-07  
   3.46369417737   -1.64399883124e-05   5.85572197692e-07  
   3.47969790389   -1.62881506963e-05   5.75461312367e-07  
   3.49577557436   -1.61366322889e-05   5.65323084938e-07  
   3.51192753045    -1.5986755214e-05   5.55386464391e-07  
   3.52815411538   -1.58390688275e-05   5.45788267285e-07  
   3.54445567397   -1.56916848403e-05    5.3614737012e-07  
   3.56083255263   -1.55458978339e-05   5.26730942816e-07  
   3.57728509937   -1.54022804882e-05   5.17622595293e-07  
    3.5938136638   -1.52589502292e-05   5.08472168576e-07  
   3.61041859717   -1.51171695653e-05   4.99557220328e-07  
   3.62710025233   -1.49774846733e-05   4.90882217546e-07  
   3.64385898376   -1.48380587067e-05      4.82191665e-07  
    3.6606951476   -1.47001540234e-05   4.73735685659e-07  
    3.6776091016   -1.45643102919e-05   4.65499374311e-07  
    3.6946012052    -1.4428720812e-05   4.57256208244e-07  
   3.71167181948   -1.42945956444e-05   4.49221164643e-07  
   3.72882130718   -1.41624668679e-05   4.41413537111e-07  
   3.74605003275   -1.40306015133e-05   4.33589112132e-07  
   3.76335836229   -1.39001698051e-05   4.25943606219e-07  
    3.7807466636   -1.37717118408e-05   4.18552860738e-07  
   3.79821530619   -1.36435224398e-05    4.1114022428e-07  
   3.81576466127   -1.35166849349e-05   4.03871426512e-07  
   3.83339510177   -1.33917422006e-05   3.96858202552e-07  
   3.85110700233   -1.32670682642e-05   3.89823282271e-07  
   3.86890073933   -1.31437042783e-05   3.82925572766e-07  
   3.88677669089   -1.30222033506e-05   3.76271215992e-07  
   3.90473523689   -1.29009560105e-05   3.69586116848e-07  
   3.92277675893   -1.27809711774e-05   3.63056165411e-07  
    3.9409016404   -1.26628010747e-05   3.56737008013e-07  
   3.95911026647    -1.2544867746e-05   3.50394444343e-07  
   3.97740302406    -1.2428183651e-05   3.44213257016e-07  
    3.9957803019   -1.23132853977e-05   3.38201308197e-07  
    4.0142424905   -1.21986066416e-05   3.32182880179e-07  
   4.03278998219   -1.20851266951e-05   3.26319455593e-07  
   4.05142317111   -1.19733716372e-05   3.20613362301e-07  
   4.07014245322   -1.18618331648e-05   3.14903789733e-07  
   4.08894822629   -1.17514591162e-05   3.09331401665e-07  
   4.10784088997   -1.16427856005e-05   3.03929367014e-07  
    4.1268208457   -1.15343378088e-05   2.98515081542e-07  
   4.14588849683   -1.14270245446e-05   2.93217253099e-07  
   4.16504424855   -1.13213504533e-05   2.88105604853e-07  
    4.1842885079   -1.12159022115e-05   2.82978680027e-07  
   4.20362168384   -1.11115312664e-05   2.77946090558e-07  
   4.22304418721   -1.10087722264e-05   2.73099413531e-07  
   4.24255643072   -1.09062334434e-05   2.68235365158e-07  
   4.26215882902   -1.08047285691e-05   2.63464845224e-07  
   4.28185179865   -1.07047915614e-05   2.58867650133e-07  
   4.30163575811   -1.06050622178e-05   2.54249216159e-07  
   4.32151112779   -1.05063493016e-05   2.49737548798e-07  
   4.34147833006   -1.04091835617e-05   2.45369913848e-07  
   4.36153778921   -1.03122144011e-05   2.40990857141e-07  
   4.38168993151   -1.02162221397e-05   2.36720867536e-07  
   4.40193518521   -1.01217173449e-05   2.32569800614e-07  
   4.42227398051   -1.00273986542e-05     2.284169875e-07  
   4.44270674961   -9.93403373606e-06    2.2436711962e-07  
   4.46323392671   -9.84212859778e-06   2.20431583632e-07  
   4.48385594802   -9.75040847873e-06   2.16494316214e-07  
   4.50457325176   -9.65960850519e-06   2.12645184259e-07  
   4.52538627817   -9.57024697656e-06   2.08921824934e-07  
   4.54629546953   -9.48108407095e-06   2.05189921583e-07  
   4.56730127017   -9.39280706924e-06   2.01531182118e-07  
   4.58840412645   -9.30591666481e-06   1.98007796029e-07  
   4.60960448683   -9.21921608188e-06   1.94473407608e-07  
    4.6309028018   -9.13335647412e-06   1.90999936005e-07  
   4.65229952396   -9.04884545505e-06   1.87658865617e-07  
   4.67379510799   -8.96451584653e-06   1.84303886632e-07  
   4.69539001068   -8.88100841667e-06   1.81013510121e-07  
   4.71708469092   -8.79883898042e-06   1.77846560227e-07  
   4.73887960972   -8.71684012149e-06   1.74664977112e-07  
   4.76077523023   -8.63563622244e-06   1.71555523988e-07  
   4.78277201773   -8.55572289427e-06   1.68543571347e-07  
   4.80487043966   -8.47596787668e-06   1.65526779017e-07  
    4.8270709656   -8.39699238697e-06   1.62583170726e-07  
   4.84937406734   -8.31928069078e-06   1.59723299908e-07  
   4.87178021879   -8.24172198621e-06   1.56863839592e-07  
   4.89428989611   -8.16491151068e-06   1.54070967379e-07  
   4.91690357763   -8.08932925001e-06   1.51359923115e-07  
   4.93962174388    -8.0138968358e-06   1.48647702329e-07  
   4.96244487763   -7.93918942765e-06   1.45992243122e-07  
   4.98537346387   -7.86569502598e-06   1.43430703789e-07  
   5.00840798985   -7.79237497361e-06   1.40862802196e-07  
   5.03154894504   -7.71974492519e-06   1.38340432653e-07  
   5.05479682119   -7.64828263189e-06   1.35915160522e-07  
   5.07815211233   -7.57696904352e-06   1.33481806626e-07  
   5.10161531475   -7.50632529389e-06   1.31088459059e-07  
   5.12518692705   -7.43682312265e-06   1.28789674085e-07  
   5.14886745014   -7.36746552177e-06   1.26480268523e-07  
   5.17265738722   -7.29875463423e-06   1.24215119577e-07  
   5.19655724383   -7.23116394175e-06   1.22035097736e-07  
   5.22056752785   -7.16371190734e-06    1.1984597859e-07  
    5.2446887495   -7.09688401068e-06   1.17705880882e-07  
   5.26892142135   -7.03114146638e-06   1.15632674377e-07  
   5.29326605836   -6.96552910784e-06   1.13558126703e-07  
   5.31772317785   -6.90052784147e-06   1.11531634412e-07  
   5.34229329954   -6.83659410938e-06   1.09563590566e-07  
   5.36697694554   -6.77278328109e-06   1.07596629837e-07  
   5.39177464039    -6.7095560996e-06   1.05673398847e-07  
   5.41668691103   -6.64736466993e-06   1.03810174556e-07  
   5.44171428687   -6.58529157438e-06   1.01946205397e-07  
   5.46685729972   -6.52379162758e-06    1.0011741159e-07  
   5.49211648389   -6.46331563203e-06   9.83573016616e-08  
   5.51749237613   -6.40296880627e-06   9.65921087218e-08  
   5.54298551568   -6.34316162529e-06   9.48555286111e-08  
   5.56859644429   -6.28433249417e-06    9.3188931485e-08  
   5.59432570617   -6.22562434904e-06    9.1516272597e-08  
   5.62017384808    -6.1674418762e-06    8.9869903556e-08  
    5.6461414193   -6.11022764307e-06   8.82904429251e-08  
   5.67222897164   -6.05312992152e-06   8.67036853442e-08  
   5.69843705947   -5.99653205446e-06   8.51472445499e-08  
    5.7247662397   -5.94086646488e-06   8.36477405307e-08  
   5.75121707184   -5.88531008394e-06   8.21439444176e-08  
   5.77779011797   -5.83024215939e-06   8.06730486711e-08  
   5.80448594277   -5.77608601526e-06   7.92479344694e-08  
   5.83130511353   -5.72203130622e-06   7.78231073096e-08  
   5.85824820015   -5.66844887651e-06   7.64299189052e-08  
   5.88531577519   -5.61575796876e-06   7.50779891102e-08  
   5.91250841383   -5.56316241096e-06    7.3727311552e-08  
   5.93982669392   -5.51102348656e-06   7.24046503502e-08  
   5.96727119597   -5.45975050814e-06   7.11254539154e-08  
   5.99484250319   -5.40857428322e-06   6.98455514932e-08  
   6.02254120146   -5.35782624533e-06   6.85874290312e-08  
   6.05036787939   -5.30794038012e-06   6.73800811313e-08  
    6.0783231283   -5.25814774566e-06   6.61685495271e-08  
   6.10640754223    -5.2087675857e-06   6.49748514047e-08  
   6.13462171799   -5.16020692021e-06   6.38309259946e-08  
   6.16296625513   -5.11173130946e-06   6.26823831473e-08  
   6.19144175598   -5.06365278108e-06    6.1551324935e-08  
   6.22004882563     -5.016371453e-06   6.04675827777e-08  
   6.24878807201    -4.9691694568e-06   5.93788332296e-08  
   6.27766010581   -4.92234806737e-06   5.83106654456e-08  
   6.30666554057   -4.87629817081e-06   5.72805835165e-08  
   6.33580499266   -4.83031730358e-06    5.6248822954e-08  
    6.3650790813   -4.78469896947e-06    5.5238875735e-08  
   6.39448842856   -4.73982729221e-06    5.4260222367e-08  
   6.42403365939   -4.69501400369e-06   5.32824855125e-08  
   6.45371540165   -4.65054339749e-06   5.23257113686e-08  
   6.48353428605   -4.60679024716e-06   5.13985342822e-08  
   6.51349094627   -4.56308565455e-06   5.04725445861e-08  
   6.54358601888   -4.51969493831e-06   4.95641377659e-08  
   6.57382014341   -4.47698621686e-06   4.86870386161e-08  
   6.60419396233   -4.43431134689e-06   4.78092322652e-08  
   6.63470812109   -4.39191633395e-06   4.69449212904e-08  
   6.66536326812   -4.35017526867e-06   4.61171334599e-08  
   6.69616005485   -4.30843413179e-06   4.52862346483e-08  
   6.72709913571   -4.26692340327e-06   4.44665721392e-08  
   6.75818116816   -4.22599934091e-06   4.36824803141e-08  
    6.7894068127   -4.18501609445e-06   4.28948320409e-08  
   6.82077673287   -4.14418576067e-06   4.21188334835e-08  
   6.85229159528   -4.10383473604e-06   4.13759361959e-08  
   6.88395206965   -4.06330240188e-06   4.06296064166e-08  
   6.91575882874   -4.02274751898e-06   3.98972116534e-08  
   6.94771254846   -3.98241140198e-06   3.91904150706e-08  
   6.97981390783   -3.94151992122e-06   3.84832897148e-08  
   7.01206358901   -3.89997257155e-06    3.7790694164e-08  
    7.0444622773   -3.85740810438e-06   3.71197858666e-08  
   7.07701066118   -3.81024941931e-06   3.64499785956e-08  
   7.10970943231   -3.75965875343e-06   4.53023929655e-08  
   7.14255928554   -3.71593360382e-06   6.61462377585e-08  
   7.17556091894   -3.68573736609e-06   8.97022036585e-08  
   7.20871503378   -3.66698720189e-06   1.04531518524e-07  
   7.24202233461   -3.64831472777e-06   1.04423832415e-07  
    7.2754835292    -3.6232263273e-06   1.02707688958e-07  
    7.3090993286   -3.59576454223e-06   1.01012135917e-07  
   7.34287044717   -3.56758616771e-06   9.93816054591e-08  
   7.37679760253   -3.53862034497e-06   9.77447993805e-08  
   7.41088151564   -3.50928422921e-06   9.61249583392e-08  
    7.4451229108   -3.48007491369e-06   9.45690121198e-08  
   7.47952251562   -3.45056825335e-06   9.30058762114e-08  
   7.51408106112    -3.4209997547e-06    9.1463538735e-08  
   7.54879928165   -3.39176630337e-06   8.99784100758e-08  
     7.583677915   -3.36239134702e-06   8.84884504482e-08  
   7.61871770232   -3.33306697464e-06   8.70237445149e-08  
   7.65391938823   -3.30415354388e-06   8.56020198787e-08  
   7.68928372076   -3.27516603904e-06   8.41814916541e-08  
    7.7248114514   -3.24628487314e-06    8.2787077646e-08  
   7.76050333513    -3.2178503715e-06   8.14294045639e-08  
   7.79636013041   -3.18937651012e-06   8.00751415168e-08  
   7.83238259918   -3.16103609255e-06   7.87446920118e-08  
   7.86857150694   -3.13315470912e-06    7.7451585014e-08  
    7.9049276227   -3.10526129288e-06     7.616080361e-08  
   7.94145171903   -3.07750878892e-06   7.48886323251e-08  
   7.97814457208   -3.05022097269e-06   7.36602417727e-08  
   8.01500696157   -3.02294037502e-06   7.24302602243e-08  
   8.05203967083   -2.99580817253e-06   7.12137510544e-08  
   8.08924348681   -2.96914363229e-06   7.00466717502e-08  
   8.12661920009   -2.94249566934e-06   6.88748662423e-08  
   8.16416760492   -2.91599387592e-06   6.77146300417e-08  
    8.2018894992   -2.88995137787e-06   6.66026098966e-08  
   8.23978568453     -2.863933103e-06   6.54854516639e-08  
    8.2778569662   -2.83806153523e-06   6.43836775559e-08  
   8.31610415323    -2.8126528856e-06   6.33215898392e-08  
   8.35452805838    -2.7872680517e-06   6.22577447862e-08  
   8.39312949817   -2.76203333083e-06   6.12119355994e-08  
   8.43190929287   -2.73724891642e-06   6.01965306807e-08  
   8.47086826656   -2.71248857864e-06   5.91831140164e-08  
   8.51000724712   -2.68788019209e-06   5.81879501155e-08  
   8.54932706627   -2.66371419311e-06   5.72198257295e-08  
   8.58882855955   -2.63957944957e-06   5.62547732722e-08  
   8.62851256637   -2.61558863746e-06   5.53058504556e-08  
   8.66837993002   -2.59203733399e-06   5.43854007696e-08  
   8.70843149769   -2.56851388947e-06   5.34667227562e-08  
   8.74866812048   -2.54513255959e-06   5.25598414991e-08  
   8.78909065342   -2.52218258268e-06   5.16867421206e-08  
   8.82969995549    -2.4992627361e-06    5.0812223471e-08  
   8.87049688965   -2.47649015594e-06    4.9946220661e-08  
   8.91148232284   -2.45412583855e-06   4.91178066709e-08  
     8.952657126   -2.43180567272e-06   4.82857744357e-08  
   8.99402217409   -2.40961741538e-06   4.74614451103e-08  
   9.03557834614   -2.38783653128e-06   4.66721787502e-08  
   9.07732652521    -2.3660970776e-06   4.58792659292e-08  
   9.11926759846   -2.34448414849e-06   4.50975928826e-08  
   9.16140245714   -2.32327452787e-06   4.43433575984e-08  
   9.20373199662   -2.30209884322e-06   4.35890426336e-08  
   9.24625711641   -2.28104913547e-06   4.28475478513e-08  
   9.28897872016   -2.26039358298e-06   4.21276922868e-08  
   9.33189771573   -2.23976748981e-06    4.1410045563e-08  
   9.37501501515   -2.21926955501e-06   4.07049770982e-08  
   9.41833153465   -2.19915797628e-06   4.00198083541e-08  
   9.46184819472   -2.17907940203e-06   3.93372133255e-08  
    9.5055659201    -2.1591258621e-06   3.86651780037e-08  
   9.54948563979   -2.13954437445e-06   3.80145357349e-08  
   9.59360828709   -2.11999628541e-06   3.73651078004e-08  
   9.63793479962   -2.10056554062e-06    3.6722905771e-08  
    9.6824661193    -2.0815005537e-06   3.61066632463e-08  
   9.72720319245   -2.06247200085e-06   3.54890829948e-08  
   9.77214696973   -2.04356041911e-06    3.4876714626e-08  
   9.81729840619   -2.02500399271e-06   3.42922106614e-08  
   9.86265846131   -2.00648698045e-06   3.37050062845e-08  
     9.908228099   -1.98807256835e-06   3.31232619652e-08  
   9.95400828762   -1.97001087943e-06   3.25664308693e-08  
