             0.1    -0.00521828608319    0.00169215443678  
  0.100462042135     -0.0051721994408    0.00167363749853  
  0.100926219099    -0.00512568445085     0.0016553041027  
  0.101392540756    -0.00507863800759    0.00163716518042  
  0.101861017016      -0.005032247318    0.00161941222536  
  0.102331657833    -0.00498551408543    0.00160189873264  
  0.102804473209    -0.00493835576406     0.0015843846094  
  0.103279473192    -0.00489196325743    0.00156744895917  
  0.103756667875    -0.00484520044576    0.00155075252801  
  0.104236067398    -0.00479814862778    0.00153407720726  
  0.104717681949    -0.00475191386755     0.0015180534464  
  0.105201521762    -0.00470526569301    0.00150206273082  
  0.105687597118    -0.00465835824788    0.00148624745583  
  0.106175918348    -0.00461220515939    0.00147111811578  
  0.106666495828    -0.00456565066788    0.00145596572005  
  0.107159339982     -0.0045189637104    0.00144103978437  
  0.107654461284    -0.00447272848485    0.00142657220704  
  0.108151870255    -0.00442588034721    0.00141228918523  
  0.108651577465    -0.00437901012265    0.00139843533175  
  0.109153593533    -0.00433242488512    0.00138501153903  
  0.109657929127    -0.00428518054605    0.00137175342357  
  0.110164594963    -0.00423784760326    0.00135882941099  
   0.11067360181    -0.00419038302507    0.00134638329623  
  0.111184960482    -0.00414196900782    0.00133406306095  
  0.111698681847    -0.00409310134816    0.00132213990219  
  0.112214776821    -0.00404346255991    0.00131091691119  
  0.112733256371    -0.00399216314422     0.0012996978865  
  0.113254131515    -0.00393951090115    0.00128903488684  
  0.113777413322     -0.0038841674029    0.00127870471169  
  0.114303112911    -0.00382392020198    0.00126830741735  
  0.114831241454    -0.00375630386288    0.00125864546127  
  0.115361810174    -0.00366718038467    0.00125027394359  
  0.115894830344      -0.003552547695    0.00128390239508  
  0.116430313292    -0.00348435154835      0.001402890088  
  0.116968270397    -0.00349655767625    0.00150095325811  
   0.11750871309     -0.0035364050601    0.00153389674116  
  0.118051652857    -0.00355770239501    0.00152796237183  
  0.118597101234    -0.00355823123288    0.00152148484626  
  0.119145069812    -0.00355091740632    0.00151462012163  
  0.119695570236    -0.00354119537373    0.00150870962614  
  0.120248614204    -0.00352823010615    0.00150291172574  
  0.120804213468    -0.00351353525194    0.00149731936234  
  0.121362379834    -0.00350023008023    0.00149284149042  
  0.121923125165    -0.00348555848568    0.00148852554613  
  0.122486461375    -0.00346975695348    0.00148453570169  
  0.123052400436    -0.00345325640023    0.00148174234048  
  0.123620954374    -0.00343602450506    0.00147901210138  
   0.12419213527    -0.00345553875713    0.00150805982473  
  0.124765955263      -0.003521254443    0.00157451822084  
  0.125342426546    -0.00349952134732    0.00155589444864  
  0.125921561369    -0.00347723513662     0.0015373791463  
   0.12650337204    -0.00345460109209    0.00151891208982  
   0.12708787092    -0.00343212995543    0.00150077683977  
  0.127675070432     -0.0034092580175     0.0014827939471  
  0.128264983053    -0.00338614118576    0.00146484560342  
  0.128857621319    -0.00336332844882    0.00144728727675  
  0.129452997823    -0.00334016434814    0.00142975382833  
  0.130051125217    -0.00331675730435    0.00141238615537  
  0.130652016212    -0.00329376126606     0.0013954272082  
  0.131255683577    -0.00327050249575    0.00137846936672  
  0.131862140139    -0.00324709225154    0.00136168495375  
  0.132471398787    -0.00322407773192    0.00134513616645  
  0.133083472465    -0.00320080864957    0.00132866824498  
  0.133698374182     -0.0031774559192    0.00131233258175  
  0.134316117005    -0.00315444570621     0.0012962333578  
  0.134936714059    -0.00313121161514    0.00128038984486  
  0.135560178533    -0.00310795844975     0.0012645629411  
  0.136186523676    -0.00308508023359    0.00124906898535  
  0.136815762797    -0.00306204115467     0.0012337135527  
  0.137447909268    -0.00303889675987    0.00121836396505  
  0.138082976522    -0.00301618048158    0.00120345045969  
  0.138720978054    -0.00299334462791    0.00118855940648  
  0.139361927422    -0.00297040257441    0.00117376573665  
  0.140005838247    -0.00294794386301    0.00115937375986  
  0.140652724211    -0.00292537674089     0.0011449708126  
   0.14130259906    -0.00290275586856    0.00113069090836  
  0.141955476605    -0.00288057157725    0.00111664653557  
  0.142611370719    -0.00285821090735    0.00110269455405  
  0.143270295341    -0.00283583789483    0.00108889040238  
  0.143932264472    -0.00281390711895    0.00107529655658  
  0.144597292179    -0.00279183531419     0.0010618118769  
  0.145265392595    -0.00276970987627    0.00104837479125  
  0.145936579916    -0.00274797121378    0.00103526102331  
  0.146610868405    -0.00272615435181    0.00102225908013  
  0.147288272391    -0.00270427235629    0.00100926804151  
  0.147968806269    -0.00268282061425   0.000996695136657  
    0.1486524845    -0.00266131984869   0.000984109304319  
  0.149339321612    -0.00263974820284   0.000971623722279  
  0.150029332202     -0.0026186381012   0.000959453094153  
  0.150722530931    -0.00259741330212   0.000947248953684  
   0.15141893253    -0.00257614176824    0.00093521645399  
  0.152118551799    -0.00255529356809   0.000923365207941  
  0.152821403603    -0.00253427244173   0.000911584433285  
  0.153527502878    -0.00251323371465    0.00089999812298  
   0.15423686463    -0.00249261769619   0.000888584113648  
  0.154949503931    -0.00247188291498   0.000877277997492  
  0.155665435927    -0.00245108956931   0.000866021121501  
   0.15638467583    -0.00243062404367   0.000855042359274  
  0.157107238925    -0.00241008487734   0.000844214785936  
  0.157833140565    -0.00238951020441   0.000833425511495  
  0.158562396177    -0.00236930382376   0.000822913725123  
  0.159295021257    -0.00234900377059    0.00081243592873  
  0.160031031374    -0.00232862023736   0.000802020081989  
  0.160770442167    -0.00230856083389   0.000791780323364  
   0.16151326935    -0.00228825313298   0.000781524543784  
  0.162259528708    -0.00226773504333   0.000771428257002  
  0.163009236098    -0.00224738443346   0.000761459621359  
  0.163762407452    -0.00222659903449   0.000751578629812  
  0.164519058775    -0.00220535835829   0.000741833534035  
  0.165279206146    -0.00218373442603   0.000732195772494  
  0.166042865719    -0.00216060968024    0.00072271548232  
   0.16681005372    -0.00213410545941   0.000713982533663  
  0.167580786453      -0.002105077954    0.00071234608455  
  0.168355080296    -0.00208332847784   0.000722588795207  
  0.169132951703    -0.00207390810888   0.000729295324332  
  0.169914417203    -0.00206823214413   0.000725118208312  
  0.170699493404     -0.0020588404678   0.000715970847968  
  0.171488196987    -0.00204647429887   0.000706841542484  
  0.172280544713    -0.00203333120611   0.000697868585739  
   0.17307655342    -0.00201942146943   0.000688902840398  
  0.173876240022    -0.00200502268962   0.000680044566574  
  0.174679621513    -0.00199064960426   0.000671329332999  
  0.175486714965    -0.00197595256338   0.000662742269645  
  0.176297537529    -0.00196111043786   0.000654265330399  
  0.177112106435    -0.00194652230468   0.000645907535347  
  0.177930438992    -0.00193177958924   0.000637664547519  
   0.17875255259    -0.00191696458914   0.000629421935015  
    0.1795784647    -0.00190248349242   0.000621297599705  
  0.180408192872     -0.0018879264194   0.000613251973107  
  0.181241754737    -0.00187328411361   0.000605182296535  
   0.18207916801    -0.00185890652908   0.000597247605122  
  0.182920450485    -0.00184449022773    0.00058930420911  
  0.183765620039     -0.0018300048115   0.000581404076305  
  0.184614694632    -0.00181575209832    0.00057360836275  
  0.185467692308    -0.00180144440736   0.000565816294791  
  0.186324631193    -0.00178711224452   0.000558120989672  
  0.187185529497    -0.00177302991803   0.000550531872662  
  0.188050405513     -0.0017588898776   0.000542998506133  
  0.188919277621    -0.00174475851819   0.000535559030417  
  0.189792164284    -0.00173089183189   0.000528276529492  
  0.190669084051    -0.00171703788755   0.000521127681626  
  0.191550055557    -0.00170328025504    0.00051403649992  
  0.192435097523    -0.00168989872036   0.000507121702217  
  0.193324228756    -0.00167663604447   0.000500248144843  
  0.194217468149    -0.00166352263623   0.000493386201994  
  0.195114834685    -0.00165091898601   0.000486722737411  
  0.196016347432    -0.00163866605309    0.00048005996457  
  0.196922025548    -0.00162702795431   0.000473470470761  
  0.197831888278    -0.00161706837906   0.000467049827888  
  0.198745954958    -0.00161340594093   0.000460158146447  
  0.199664245011    -0.00159876820231   0.000431109259027  
  0.200586777951    -0.00157498407673   0.000424975262744  
  0.201513573382    -0.00155738956956   0.000418908614946  
  0.202444650998    -0.00154108414635   0.000412871349876  
  0.203380030585    -0.00152570219166   0.000407093285589  
   0.20431973202    -0.00151072139116    0.00040132078855  
  0.205263775271    -0.00149595567196   0.000395586519458  
    0.2062121804    -0.00148164744526   0.000390057388469  
   0.20716496756    -0.00146748578227   0.000384548247267  
  0.208122156999    -0.00145340836401    0.00037907694063  
  0.209083769056    -0.00143969190001   0.000373781588851  
  0.210049824165    -0.00142605180624   0.000368508414847  
  0.211020342857    -0.00141244857686   0.000363267007105  
  0.211995345754    -0.00139915923207   0.000358198136093  
  0.212974853575    -0.00138592539245     0.0003531473523  
  0.213958887134    -0.00137270085133   0.000348115061357  
  0.214947467344    -0.00135975237936   0.000343267962074  
   0.21594061521    -0.00134685932325   0.000338427331072  
  0.216938351839    -0.00133395332994   0.000333586414391  
   0.21794069843    -0.00132132485218   0.000328966004006  
  0.218947676286    -0.00130877326627   0.000324334161949  
  0.219959306803    -0.00129622383405   0.000319692012376  
   0.22097561148    -0.00128393114067   0.000315182290457  
  0.221996611912    -0.00127164127836   0.000310655794273  
  0.223022329797    -0.00125930445388   0.000306145474534  
   0.22405278693     -0.0012471995928   0.000301810850694  
   0.22508800521     -0.0012351074456    0.00029748347467  
  0.226128006634    -0.00122298329519   0.000293192144073  
  0.227172813303     -0.0012110924031   0.000289070056918  
  0.228222447419    -0.00119923187984   0.000284974782141  
  0.229276931287    -0.00118736971319   0.000280905317308  
  0.230336287314    -0.00117573241309   0.000276964759402  
  0.231400538013    -0.00116411399784   0.000273043333381  
  0.232469705999    -0.00115248499356   0.000269142367782  
  0.233543813991    -0.00114106104056   0.000265372113002  
  0.234622884814    -0.00112965699677   0.000261616637272  
    0.2357069414     -0.0011182290907   0.000257872731305  
  0.236796006783    -0.00110694736504   0.000254291899985  
  0.237890104108    -0.00109569773693    0.00025071727893  
  0.238989256623    -0.00108440842616   0.000247138510686  
  0.240093487686    -0.00107330912418   0.000243791796604  
  0.241202820762    -0.00106226942525   0.000240435727101  
  0.242317279424    -0.00105120519055   0.000237078838586  
  0.243436887354    -0.00104033664428    0.00023386612558  
  0.244561668345    -0.00102950676541   0.000230649552643  
  0.245691646298    -0.00101866671534   0.000227439604324  
  0.246826845226     -0.0010079615113   0.000224310787163  
   0.24796728925   -0.000997274077105   0.000221186681153  
  0.249113002607   -0.000986575422734   0.000218074272165  
  0.250264009642   -0.000975954432199   0.000215037101876  
  0.251420334814    -0.00096534116063   0.000212010043456  
  0.252582002696   -0.000954712343562   0.000208998233416  
  0.253749037973   -0.000944116077882   0.000206077439591  
  0.254921465445   -0.000933528568519   0.000203170568727  
  0.256099310026   -0.000922923112322    0.00020027554053  
  0.257282596745   -0.000912294762421   0.000197477982733  
  0.258471350747   -0.000901680695277   0.000194691516405  
  0.259665597293   -0.000891042273916   0.000191908125583  
  0.260865361762   -0.000880239854861   0.000189236800432  
  0.262070669648   -0.000869460549337   0.000186568229461  
  0.263281546565   -0.000858647114227   0.000183889456081  
  0.264498018243   -0.000847455927752   0.000181342877664  
  0.265720110532   -0.000836291412562   0.000178786323896  
  0.266947849403   -0.000825095403812   0.000176229715138  
  0.268181260945   -0.000813232098807   0.000173779549336  
  0.269420371368    -0.00080138309736   0.000171329953295  
  0.270665207003   -0.000789513486883    0.00016888613873  
  0.271915794304   -0.000776234584926   0.000166518385589  
  0.273172159844   -0.000762951019757   0.000164157259608  
  0.274434330323   -0.000749647104839   0.000161799319344  
  0.275702332561   -0.000732422083355   0.000159492921225  
  0.276976193504   -0.000715141058223   0.000157190564144  
  0.278255940221   -0.000697811703495   0.000154891869588  
  0.279541599907   -0.000656031521357   0.000152642565592  
  0.280833199882   -0.000613880629535   0.000150398104109  
  0.282130767594   -0.000571558434541   0.000148161688919  
  0.283434330615   -0.000586606025697   0.000202037157862  
  0.284743916647   -0.000602447779072   0.000256864160322  
  0.286059553518   -0.000618365071959    0.00031196603349  
  0.287381269185   -0.000633247042635   0.000308358175705  
  0.288709091736   -0.000648242773639   0.000303870958782  
  0.290043049386   -0.000663321895365   0.000299363154218  
  0.291383170483   -0.000666779883031   0.000295070728092  
  0.292729483504   -0.000670098747382   0.000290763397386  
  0.294082017059    -0.00067345143829   0.000286445895955  
  0.295440799888   -0.000673658436166   0.000282321894513  
  0.296805860867   -0.000673850379425   0.000278193609856  
  0.298177229002   -0.000674067873567   0.000274060994477  
  0.299554933436   -0.000672619019269   0.000270099743041  
  0.300939003445    -0.00067116532115   0.000266140461921  
  0.302329468441   -0.000669730827141   0.000262180336138  
   0.30372635797   -0.000667299839123   0.000258381539421  
  0.305129701718   -0.000664870850061   0.000254588768709  
  0.306539529506   -0.000662456688438   0.000250795300141  
  0.307955871291    -0.00065939376605   0.000247160649937  
  0.309378757173   -0.000656340486236   0.000243532592946  
  0.310808217387   -0.000653297978627   0.000239899775646  
  0.312244282309   -0.000649812988416   0.000236422965784  
  0.313686982457   -0.000646343880417   0.000232948936612  
  0.315136348487   -0.000642878109453   0.000229463833491  
  0.316592411198   -0.000639097866601   0.000226142056851  
  0.318055201533    -0.00063534122412   0.000222817066643  
  0.319524750576   -0.000631583530186   0.000219478489794  
  0.321001089554    -0.00062757159808   0.000216304219774  
  0.322484249841   -0.000623581481998   0.000213124486648  
  0.323974262953   -0.000619593526966   0.000209938576682  
  0.325471160553   -0.000615456705463   0.000206893991063  
  0.326974974451   -0.000611338170483   0.000203851463944  
  0.328485736603   -0.000607226411508   0.000200807252762  
  0.330003479113   -0.000603010381091   0.000197890303537  
  0.331528234232   -0.000598814076269   0.000194980102973  
  0.333060034362   -0.000594631854033   0.000192064454441  
  0.334598912055   -0.000590376467917   0.000189254979144  
  0.336144900011   -0.000586131346293   0.000186447345581  
  0.337698031083   -0.000581891086988   0.000183634628924  
  0.339258338274   -0.000577596394453    0.00018092695414  
  0.340825854742    -0.00057330861834   0.000178221833394  
  0.342400613797   -0.000569016232553   0.000175512288677  
  0.343982648902   -0.000564687606486    0.00017292170155  
  0.345571993676   -0.000560375580381   0.000170335652456  
  0.347168681893   -0.000556058298923    0.00016773959077  
  0.348772747481   -0.000551722062586   0.000165268038264  
  0.350384224529    -0.00054740830298   0.000162795507198  
   0.35200314728   -0.000543088945274   0.000160313884829  
  0.353629550136    -0.00053875829828   0.000157951105974  
  0.355263467658   -0.000534447265028   0.000155588355762  
  0.356904934568   -0.000530135076797   0.000153221916719  
  0.358553985746     -0.0005258272528   0.000150957919885  
  0.360210656236   -0.000521537050421   0.000148699320174  
  0.361874981241   -0.000517252194083   0.000146437448966  
  0.363546996129   -0.000512984799825   0.000144260885283  
  0.365226736431   -0.000508728383422   0.000142089210704  
   0.36691423784   -0.000504473460575   0.000139915616062  
  0.368609536217   -0.000500243196565   0.000137824063886  
  0.370312667587   -0.000496022522262   0.000135739015045  
  0.372023668141    -0.00049180030682   0.000133652222716  
  0.373742574239   -0.000487601934261    0.00013162912402  
  0.375469422407   -0.000483414590512   0.000129611495843  
  0.377204249342    -0.00047922187874   0.000127590067043  
  0.378947091907   -0.000475034821409   0.000125627965694  
   0.38069798714   -0.000470863096153   0.000123668812047  
  0.382456972247   -0.000466681467103     0.0001217006652  
  0.384224084606   -0.000462479409852   0.000119823245543  
  0.385999361768   -0.000458300363973   0.000117945658372  
  0.387782841459    -0.00045411877462   0.000116061956254  
  0.389574561578   -0.000449893665159   0.000114271561925  
  0.391374560198   -0.000445681510445    0.00011248487256  
  0.393182875571   -0.000441471687265   0.000110694710666  
  0.394999546122   -0.000437156429147   0.000108980306481  
  0.396824610457   -0.000432840945848   0.000107271345837  
  0.398658107358   -0.000428526910714   0.000105559966009  
  0.400500075787   -0.000423812124081   0.000103915716242  
  0.402350554887   -0.000419062098214    0.00010227758048  
   0.40420958398    -0.00041430835711   0.000100638454867  
   0.40607720257   -0.000407391691251   0.000102221702215  
  0.407953450345   -0.000400253928902   0.000104140626501  
  0.409838367176   -0.000393100716892   0.000106073694207  
  0.411731993116   -0.000392632065265   0.000104762720789  
  0.413634368406   -0.000392875153291   0.000103118553211  
  0.415545533472   -0.000393135061268    0.00010146933914  
  0.417465528925   -0.000390635099497   9.98958868142e-05  
  0.419394395567   -0.000387857246971   9.83271508196e-05  
  0.421332174385    -0.00038507984839   9.67511986393e-05  
  0.423278906557   -0.000381979550926   9.52526801295e-05  
  0.425234633453   -0.000378858726869     9.375655474e-05  
  0.427199396631   -0.000375736573348   9.22556353963e-05  
  0.429173237842   -0.000372517122598   9.08243399243e-05  
  0.431156199032   -0.000369296569005   8.93977189804e-05  
  0.433148322338   -0.000366076237964   8.79687678488e-05  
  0.435149650093    -0.00036281135287   8.66015144708e-05  
  0.437160224825   -0.000359548396082   8.52412376703e-05  
   0.43918008926   -0.000356286299862   8.38797476645e-05  
  0.441209286319   -0.000353019769634   8.25748889027e-05  
  0.443247859124   -0.000349758399281   8.12779408277e-05  
  0.445295850994   -0.000346497499241   7.99797185111e-05  
   0.44735330545   -0.000343242347645   7.87353375347e-05  
  0.449420266212   -0.000339993220301   7.74986217459e-05  
  0.451496777204   -0.000336743196332   7.62595268242e-05  
  0.453582882551   -0.000333505170115   7.50738049032e-05  
  0.455678626584   -0.000330274508468   7.38944468568e-05  
  0.457784053838   -0.000327040929714   7.27106872873e-05  
  0.459899209052   -0.000323822446054   7.15808918797e-05  
  0.462024137175   -0.000320611877771   7.04550882439e-05  
  0.464158883361   -0.000317396282512   6.93241084319e-05  
  0.466303492974   -0.000314195354564   6.82450321998e-05  
  0.468458011587   -0.000311000520878   6.71688177846e-05  
  0.470622484984   -0.000307798447437   6.60894240117e-05  
   0.47279695916   -0.000304610014347   6.50583571684e-05  
  0.474981480323   -0.000301424494372   6.40323152393e-05  
  0.477176094894   -0.000298232207035   6.30047344973e-05  
  0.479380849509   -0.000295042493659   6.20199927749e-05  
  0.481595791019   -0.000291851224969    6.1041711175e-05  
  0.483820966493   -0.000288651989294   6.00624732691e-05  
  0.486056423214   -0.000285448053501   5.91179606987e-05  
  0.488302208688   -0.000282238531673   5.81795533298e-05  
  0.490558370637   -0.000279017871122   5.72399348146e-05  
  0.492824957004   -0.000275779770351   5.63382659638e-05  
  0.495102015956   -0.000272530803029   5.54429605901e-05  
  0.497389595879   -0.000269265239344   5.45455190623e-05  
  0.499687745385   -0.000265960915688   5.36867596866e-05  
  0.501996513311   -0.000262637859775   5.28333693948e-05  
  0.504315948717   -0.000259289521047   5.19762687546e-05  
  0.506646100892   -0.000255867480226   5.11594585863e-05  
  0.508987019352   -0.000252413188069   5.03462803009e-05  
  0.511338753841   -0.000248920822741    4.9529358584e-05  
  0.513701354335   -0.000245288226999   4.87510172079e-05  
  0.516074871039    -0.00024159417311   4.79760630344e-05  
  0.518459354389   -0.000237838055793   4.71989867438e-05  
  0.520854855058   -0.000233810958887   4.64558242071e-05  
  0.523261423949   -0.000229662459641   4.57175012669e-05  
  0.525679112202   -0.000225396803605   4.49780392898e-05  
  0.528107971193   -0.000220420924236   4.42686877036e-05  
  0.530548052537   -0.000215139650497   4.35649132523e-05  
  0.532999408084   -0.000209549500921   4.28602939379e-05  
  0.535462089927   -0.000195024713499   4.21827212208e-05  
  0.537936150398   -0.000177841237655      4.15105937e-05  
  0.540421642071   -0.000158638554812   4.21793516652e-05  
  0.542918617762   -0.000157108526372   5.62930013734e-05  
  0.545427130533   -0.000163022506259   7.47494461392e-05  
   0.54794723369   -0.000174417122826   9.24922464078e-05  
  0.550478980785   -0.000184969930411   9.49412546097e-05  
  0.553022425619   -0.000192623692612   9.34422324597e-05  
   0.55557762224   -0.000198750811999   9.19355755078e-05  
  0.558144624945   -0.000201130915188   9.04971501773e-05  
  0.560723488285    -0.00020254401165   8.90660378939e-05  
   0.56331426706   -0.000203683424066   8.76284789771e-05  
  0.565917016325   -0.000204139951171   8.62579227892e-05  
  0.568531791387   -0.000204365058352   8.48955308817e-05  
  0.571158647813   -0.000204467226379   8.35305057176e-05  
  0.573797641421   -0.000204240994346   8.22251688473e-05  
  0.576448828293   -0.000203895365239   8.09320538807e-05  
  0.579112264764   -0.000203479620511   7.96379055902e-05  
  0.581788007434   -0.000202869150328   7.83939269459e-05  
  0.584476113163    -0.00020218462152   7.71625705035e-05  
  0.587176639073   -0.000201453340289   7.59306813853e-05  
  0.589889642551   -0.000200593559847   7.47456523291e-05  
  0.592615181248   -0.000199684417867   7.35733617416e-05  
  0.595353313081   -0.000198741084312   7.23996043411e-05  
  0.598104096238   -0.000197719802315    7.1271726007e-05  
  0.600867589172   -0.000196667490935   7.01551134831e-05  
  0.603643850608   -0.000195587532735   6.90349278914e-05  
  0.606432939541   -0.000194452500047   6.79619775727e-05  
   0.60923491524   -0.000193296981607   6.68976519101e-05  
  0.612049837248   -0.000192117527179   6.58284114247e-05  
  0.614877765381   -0.000190899226054   6.48064495112e-05  
  0.617718759734    -0.00018966716093   6.37909867385e-05  
  0.620572880678   -0.000188414497642   6.27714336248e-05  
  0.623440188863   -0.000187134811347   6.17923267449e-05  
   0.62632074522   -0.000185843069157   6.08195444606e-05  
  0.629214610961   -0.000184534416753   5.98442913989e-05  
  0.632121847581   -0.000183206214861   5.88999633982e-05  
   0.63504251686   -0.000181865328215   5.79623500989e-05  
  0.637976680861   -0.000180508218224   5.70229063451e-05  
  0.640924401936   -0.000179132150171   5.61094684001e-05  
  0.643885742724    -0.00017774108918   5.52025918804e-05  
  0.646860766155    -0.00017633139771   5.42943200158e-05  
  0.649849535447   -0.000174895836435   5.34136346554e-05  
  0.652852114113   -0.000173441736472    5.2540601649e-05  
  0.655868565957   -0.000171964636023   5.16660068387e-05  
   0.65889895508   -0.000170464769988   5.08257913905e-05  
  0.661943345877   -0.000168945194787   4.99947161499e-05  
  0.665001803043   -0.000167394290747   4.91606188861e-05  
   0.66807439157   -0.000165817259991   4.83781187503e-05  
   0.67116117675   -0.000164218525507   4.76069592124e-05  
  0.674262224178   -0.000162580024018   4.68322381256e-05  
  0.677377599752   -0.000160912543028   4.61072053631e-05  
  0.680507369674   -0.000159207831997   4.53919161488e-05  
  0.683651600451   -0.000157436151061   4.46742704527e-05  
    0.6868103589   -0.000155604832964   4.39947897148e-05  
  0.689983712143   -0.000153675740755   4.33240461325e-05  
  0.693171727616   -0.000151587720597    4.2652059976e-05  
  0.696374473063   -0.000149266196414   4.20034545632e-05  
  0.699592016544   -0.000146380244247   4.13615696697e-05  
  0.702824426431   -0.000142488492178   4.14102019608e-05  
  0.706071771414   -0.000138677089431   4.39287645043e-05  
  0.709334120499   -0.000137033459342   4.81850636479e-05  
  0.712611543011   -0.000138100829743   5.17697250384e-05  
  0.715904108596   -0.000140320606305   5.27176817655e-05  
  0.719211887222    -0.00014161995902   5.18775271195e-05  
  0.722534949179   -0.000141954905993   5.10356507878e-05  
  0.725873365082   -0.000141929564318    5.0225133578e-05  
  0.729227205873   -0.000141691205969    4.9424451158e-05  
  0.732596542822   -0.000141296759091   4.86200198228e-05  
  0.735981447527   -0.000140802280772   4.78501424769e-05  
  0.739381991918   -0.000140232667313   4.70873925645e-05  
  0.742798248256   -0.000139589318363   4.63211320199e-05  
  0.746230289139   -0.000138901864564   4.55875156068e-05  
  0.749678187497   -0.000138176789752   4.48606096397e-05  
  0.753142016597   -0.000137406092974   4.41315867374e-05  
  0.756621850048   -0.000136614285675   4.34307105533e-05  
  0.760117761796   -0.000135800630791   4.27375845044e-05  
  0.763629826128   -0.000134957091251   4.20438829378e-05  
  0.767158117678   -0.000134102804368   4.13730098229e-05  
  0.770702711421   -0.000133233510227   4.07109621861e-05  
  0.774263682681   -0.000132341702073   4.00489705914e-05  
  0.777841107129   -0.000131443704115   3.94070534058e-05  
  0.781435060784   -0.000130533925569   3.87741555873e-05  
   0.78504562002   -0.000129603637038   3.81412852354e-05  
  0.788672861561   -0.000128665795398   3.75300572558e-05  
  0.792316862487   -0.000127713610756   3.69283123895e-05  
  0.795977700231   -0.000126726433371   3.63296548147e-05  
  0.799655452589   -0.000125734701565   3.58016639646e-05  
  0.803350197712   -0.000124767946081   3.53036894426e-05  
  0.807062014115   -0.000123810674547   3.48034202924e-05  
  0.810790980673   -0.000122870931655   3.43263560174e-05  
  0.814537176628   -0.000121942764433   3.38548710624e-05  
  0.818300681587   -0.000121014302894   3.33813436878e-05  
  0.822081575524    -0.00012010064191    3.2926409906e-05  
  0.825879938784   -0.000119195693423   3.24760297974e-05  
  0.829695852083   -0.000118289608797   3.20243173936e-05  
   0.83352939651   -0.000117398760696   3.15899500318e-05  
  0.837380653527   -0.000116517639949   3.11611480418e-05  
  0.841249704974   -0.000115640428082   3.07303487887e-05  
  0.845136633068   -0.000114780675067   3.03082619461e-05  
  0.849041520409   -0.000113929093661   2.98877564143e-05  
  0.852964449974   -0.000113082477778   2.94626086357e-05  
  0.856905505127   -0.000112252742549   2.90353552542e-05  
  0.860864769615   -0.000111422366595   2.86015322387e-05  
  0.864842327573   -0.000110587036005   2.81641631533e-05  
  0.868838263525   -0.000109762252101   2.77261505807e-05  
  0.872852662385   -0.000108930983208   2.72839738898e-05  
  0.876885609459   -0.000108084832028   2.68403324453e-05  
  0.880937190447   -0.000107243904746   2.64135440562e-05  
  0.885007491447   -0.000106405121778   2.59923672875e-05  
  0.889096598953   -0.000105558594137   2.55692461626e-05  
  0.893204599858    -0.00010472079874   2.51630326769e-05  
  0.897331581458   -0.000103887515431   2.47612221519e-05  
  0.901477631452   -0.000103048020561   2.43577322086e-05  
  0.905642837945   -0.000102218312948   2.39702280483e-05  
  0.909827289446   -0.000101393872957   2.35873608628e-05  
  0.914031074876   -0.000100564791057   2.32035875509e-05  
  0.918254283566   -9.97460963107e-05   2.28319243195e-05  
  0.922497005259   -9.89321389487e-05   2.24651188738e-05  
  0.926759330115   -9.81149042592e-05   2.20980756046e-05  
  0.931041348707   -9.73075786572e-05    2.1741345177e-05  
  0.935343152029   -9.65046714985e-05   2.13899702547e-05  
  0.939664831495   -9.56992000438e-05   2.10384764502e-05  
  0.944006478942    -9.4903060974e-05   2.06975630977e-05  
  0.948368186629   -9.41114707447e-05   2.03623246795e-05  
  0.952750047243   -9.33174859815e-05   2.00265834691e-05  
  0.957152153899   -9.25329834328e-05   1.97019581943e-05  
  0.961574600143   -9.17539175516e-05   1.93825357915e-05  
  0.966017479952   -9.09722765086e-05    1.9061739197e-05  
  0.970480887738   -9.02002068178e-05   1.87534027171e-05  
  0.974964918348   -8.94342541393e-05   1.84492405648e-05  
   0.97946966707   -8.86652682618e-05   1.81436748804e-05  
  0.983995229628   -8.79062172252e-05    1.7851553853e-05  
  0.988541702192   -8.71543265518e-05   1.75635040654e-05  
  0.993109181375   -8.64009119478e-05   1.72743085407e-05  
  0.997697764236   -8.56580860992e-05   1.69958795682e-05  
   1.00230754828   -8.49214834405e-05   1.67210093967e-05  
   1.00693863148   -8.41832890878e-05   1.64455499448e-05  
   1.01159111222   -8.34553666272e-05   1.61794667791e-05  
   1.01626508939    -8.2733093566e-05   1.59177122364e-05  
   1.02096066231   -8.20098583867e-05   1.56557868814e-05  
   1.02567793074   -8.12972655303e-05   1.54019783441e-05  
   1.03041699495   -8.05904300585e-05   1.51527174909e-05  
   1.03517795563   -7.98830845518e-05   1.49031970079e-05  
   1.03996091395   -7.91854212311e-05   1.46605231408e-05  
   1.04476597156   -7.84930687202e-05   1.44217354932e-05  
   1.04959323056   -7.77997682339e-05   1.41823864193e-05  
   1.05444279353   -7.71160987335e-05   1.39506643546e-05  
   1.05931476352   -7.64381779929e-05   1.37225624176e-05  
   1.06420924406   -7.57588924644e-05   1.34934078122e-05  
   1.06912633917   -7.50883932139e-05   1.32730407406e-05  
   1.07406615333   -7.44238468746e-05   1.30557727626e-05  
   1.07902879152   -7.37578878738e-05   1.28375601174e-05  
   1.08401435918   -7.31010869084e-05   1.26280657432e-05  
   1.08902296226   -7.24504326965e-05   1.24215345436e-05  
   1.09405470721   -7.17986392225e-05   1.22142115941e-05  
   1.09910970093   -7.11561397583e-05   1.20150152007e-05  
   1.10418805085    -7.0519604872e-05   1.18189698885e-05  
    1.1092898649   -6.98825017015e-05    1.1622568937e-05  
   1.11441525147   -6.92541385791e-05   1.14325372729e-05  
   1.11956431948   -6.86310342759e-05   1.12459543956e-05  
   1.12473717836   -6.80076366326e-05   1.10592489497e-05  
   1.12993393803   -6.73929637122e-05   1.08782297403e-05  
   1.13515470892   -6.67834173416e-05   1.07007650309e-05  
   1.14039960197   -6.61736056026e-05   1.05231214672e-05  
   1.14566872863   -6.55724237421e-05   1.03510473792e-05  
   1.15096220089   -6.49765016134e-05   1.01823504201e-05  
   1.15628013121   -6.43801446871e-05   1.00131373366e-05  
   1.16162263261   -6.37917436924e-05   9.84965496677e-06  
   1.16698981862   -6.32085210436e-05   9.68898777712e-06  
   1.17238180329   -6.26244573955e-05   9.52757894496e-06  
    1.1777987012   -6.20482675933e-05   9.37233989646e-06  
   1.18324062746    -6.1477313366e-05   9.21944428484e-06  
   1.18870769771   -6.09053327877e-05   9.06593324162e-06  
   1.19420002813   -6.03408742105e-05   8.91822950235e-06  
   1.19971773544   -5.97812908522e-05   8.77277219917e-06  
   1.20526093687   -5.92205829337e-05   8.62681624897e-06  
   1.21082975023   -5.86668798082e-05   8.48607592396e-06  
   1.21642429386    -5.8117347343e-05   8.34774209223e-06  
   1.22204468663   -5.75665114924e-05   8.20915904696e-06  
   1.22769104799   -5.70218192651e-05   8.07466005927e-06  
   1.23336349791   -5.64801325931e-05   7.94266311738e-06  
   1.23906215695   -5.59363178706e-05   7.81052669509e-06  
   1.24478714619   -5.53972352414e-05   7.68204056575e-06  
   1.25053858729   -5.48594013964e-05   7.55604221375e-06  
   1.25631660247   -5.43172071633e-05   7.42982237576e-06  
   1.26212131452   -5.37763755682e-05   7.30722911207e-06  
   1.26795284679   -5.32322435292e-05   7.18693417009e-06  
   1.27381132319   -5.26764226596e-05   7.06616345443e-06  
   1.27969686822    -5.2109093678e-05   6.94928923812e-06  
   1.28560960694   -5.15131054458e-05   6.83433971038e-06  
   1.29154966501   -5.08098912559e-05   6.71885499565e-06  
   1.29751716866   -5.00925197267e-05   6.87780471731e-06  
   1.30351224468   -4.95622844054e-05   7.15895795392e-06  
   1.30953502048   -4.92735368335e-05   7.45003720069e-06  
   1.31558562405   -4.91114499273e-05   7.46584689909e-06  
   1.32166418395   -4.88653748812e-05   7.34857796004e-06  
   1.32777082936   -4.85387105662e-05   7.22569343452e-06  
   1.33390569004   -4.81879089408e-05   7.10692089856e-06  
   1.34006889636   -4.78234937941e-05   6.99039109511e-06  
    1.3462605793   -4.74467285168e-05   6.87371774865e-06  
   1.35248087042   -4.70671781011e-05   6.76049259963e-06  
    1.3587299019   -4.66851826293e-05   6.64973291875e-06  
   1.36500780655   -4.62979470806e-05   6.53888595441e-06  
   1.37131471775   -4.59121481049e-05   6.43110032833e-06  
   1.37765076955   -4.55269290774e-05   6.32568682523e-06  
   1.38401609657   -4.51387629884e-05   6.22007021327e-06  
   1.39041083409   -4.47537750036e-05   6.11764265907e-06  
   1.39683511799   -4.43709184349e-05   6.01739537394e-06  
   1.40328908479   -4.39860528795e-05   5.91668518033e-06  
   1.40977287163   -4.36050764457e-05   5.81952720147e-06  
    1.4162866163   -4.32270681042e-05   5.72415957709e-06  
   1.42283045721   -4.28475975894e-05   5.62836344241e-06  
   1.42940453343   -4.24725079354e-05   5.53604424491e-06  
   1.43600898465   -4.21007473137e-05   5.44527033536e-06  
   1.44264395122   -4.17279300492e-05   5.35418281234e-06  
   1.44930957413   -4.13596280369e-05   5.26622661913e-06  
   1.45600599502   -4.09948117907e-05   5.17985059893e-06  
    1.4627333562   -4.06293229507e-05   5.09323170508e-06  
   1.46949180062   -4.02683591626e-05   5.00926929671e-06  
   1.47628147191   -3.99107647526e-05   4.92699166538e-06  
   1.48310251434   -3.95528457058e-05   4.84458796608e-06  
   1.48995507285   -3.91995235328e-05    4.7642574013e-06  
   1.49683929308   -3.88494791922e-05   4.68557521283e-06  
    1.5037553213   -3.84991765733e-05   4.60679592504e-06  
   1.51070330449   -3.81531906963e-05   4.53007246586e-06  
   1.51768339028   -3.78104316258e-05   4.45504631766e-06  
   1.52469572702   -3.74674266068e-05   4.37982242021e-06  
    1.5317404637   -3.71287761802e-05   4.30689874198e-06  
   1.53881775004   -3.67935800256e-05   4.23558289687e-06  
   1.54592773642   -3.64581287997e-05   4.16393776757e-06  
   1.55307057393   -3.61270046875e-05   4.09479654531e-06  
   1.56024641437   -3.57994249459e-05   4.02696886315e-06  
   1.56745541021   -3.54715961157e-05   3.95887295637e-06  
   1.57469771464   -3.51480098525e-05   3.89316530521e-06  
   1.58197348158   -3.48278735435e-05   3.82862545683e-06  
   1.58928286562   -3.45075278932e-05   3.76387231389e-06  
    1.5966260221   -3.41912642574e-05   3.70130857723e-06  
   1.60400310706   -3.38784132758e-05   3.64001787918e-06  
   1.61141427725    -3.3565460386e-05   3.57856306334e-06  
   1.61885969018   -3.32565604263e-05   3.51897237945e-06  
   1.62633950405   -3.29508792193e-05   3.46074131847e-06  
   1.63385387781   -3.26452215489e-05   3.40243437237e-06  
   1.64140297114    -3.2343367693e-05   3.34567491066e-06  
   1.64898694447   -3.20445094812e-05   3.29028448004e-06  
   1.65660595895   -3.17456532203e-05   3.23481363616e-06  
   1.66426017649    -3.1450542799e-05   3.18086102885e-06  
   1.67194975973   -3.11584277102e-05   3.12823363786e-06  
   1.67967487209   -3.08662116302e-05   3.07542357183e-06  
   1.68743567773    -3.0577508822e-05   3.02423756722e-06  
   1.69523234155   -3.02917189026e-05   2.97420316532e-06  
   1.70306502925    -3.0005679919e-05   2.92393771878e-06  
   1.71093390727   -2.97229957539e-05   2.87528383777e-06  
   1.71883914282   -2.94430109792e-05     2.827515761e-06  
   1.72678090388   -2.91625265421e-05   2.77957807694e-06  
   1.73475935923   -2.88849218523e-05   2.73304351729e-06  
   1.74277467841   -2.86094393086e-05   2.68726346219e-06  
   1.75082703174   -2.83329285232e-05   2.64132602671e-06  
   1.75891659033   -2.80586457783e-05   2.59683251697e-06  
   1.76704352609   -2.77857647476e-05   2.55327848956e-06  
   1.77520801172   -2.75109567969e-05   2.50960953371e-06  
   1.78341022071    -2.7236795616e-05   2.46712917666e-06  
   1.79165032736   -2.69617739728e-05    2.4256361679e-06  
   1.79992850678   -2.66816297786e-05   2.38408697835e-06  
   1.80824493488   -2.63963378543e-05   2.34361639548e-06  
   1.81659978838   -2.60970402056e-05   2.30419250331e-06  
   1.82499324482   -2.57606256612e-05   2.27581094363e-06  
   1.83342548256    -2.5409245052e-05   2.33223157375e-06  
    1.8418966808   -2.51292919798e-05   2.47751384925e-06  
   1.85040701954   -2.49633125066e-05   2.62236397962e-06  
   1.85895667964   -2.48650167421e-05   2.65975644175e-06  
   1.86754584276   -2.47346002048e-05   2.61593909098e-06  
   1.87617469144   -2.45637229751e-05   2.57191845658e-06  
   1.88484340903   -2.43809719292e-05    2.5293510308e-06  
   1.89355217976   -2.41923434123e-05   2.48761795153e-06  
   1.90230118867   -2.39979620467e-05   2.44576148832e-06  
   1.91109062169   -2.38022731397e-05   2.40527656167e-06  
   1.91992066559    -2.3606136446e-05   2.36560813012e-06  
   1.92879150802    -2.3407589084e-05   2.32581627505e-06  
   1.93770333748    -2.3209710549e-05    2.2872515673e-06  
   1.94665634334   -2.30127830334e-05   2.24957629613e-06  
   1.95565071587   -2.28146308058e-05   2.21181815259e-06  
   1.96468664618   -2.26179602493e-05   2.17504689453e-06  
    1.9737643263    -2.2422767527e-05    2.1392237286e-06  
   1.98288394913   -2.22268806193e-05   2.10336790084e-06  
   1.99204570845   -2.20328240523e-05    2.0684989837e-06  
   2.00124979897   -2.18406497657e-05   2.03469796912e-06  
   2.01049641626   -2.16482472326e-05   2.00080049993e-06  
   2.01978575682   -2.14579175161e-05   1.96761560834e-06  
   2.02911801805    -2.1269511165e-05   1.93511236809e-06  
   2.03849339825   -2.10807916677e-05   1.90245901089e-06  
   2.04791209667   -2.08940995614e-05   1.87071676711e-06  
   2.05737431343   -2.07094270751e-05   1.83962535314e-06  
   2.06688024963   -2.05245083147e-05   1.80840648928e-06  
   2.07643010726   -2.03416600542e-05   1.77817102892e-06  
   2.08602408925   -2.01608883172e-05   1.74853620632e-06  
   2.09566239948   -1.99799661633e-05   1.71882329188e-06  
   2.10534524277   -1.98011330713e-05   1.69002240169e-06  
   2.11507282487   -1.96243892341e-05   1.66183071046e-06  
    2.1248453525    -1.9447595034e-05   1.63355202315e-06  
   2.13466303332    -1.9272892242e-05   1.60610218228e-06  
   2.14452607597   -1.91002733242e-05   1.57932399928e-06  
   2.15443469003   -1.89277051744e-05    1.5524883158e-06  
   2.16438908606   -1.87571348186e-05   1.52629527619e-06  
    2.1743894756   -1.85885588008e-05   1.50079763649e-06  
   2.18443607115   -1.84200837566e-05   1.47525791051e-06  
    2.1945290862   -1.82536039918e-05   1.45031522093e-06  
   2.20466873524   -1.80891380913e-05    1.4260632018e-06  
   2.21485523373   -1.79247879761e-05   1.40173448282e-06  
   2.22508879813   -1.77623690137e-05   1.37803769936e-06  
   2.23536964591   -1.76019577984e-05   1.35496282155e-06  
   2.24569799554   -1.74416432259e-05    1.3317813715e-06  
    2.2560740665   -1.72832386997e-05   1.30929552425e-06  
   2.26649807927   -1.71268393233e-05   1.28731865751e-06  
   2.27697025538   -1.69705258468e-05   1.26526840885e-06  
   2.28749081736   -1.68161084725e-05   1.24389669824e-06  
   2.29805998876   -1.66636600835e-05      1.22297089e-06  
   2.30867799419   -1.65113053686e-05   1.20199609023e-06  
   2.31934505927   -1.63608043087e-05   1.18164508625e-06  
    2.3300614107   -1.62122425489e-05   1.16176546643e-06  
   2.34082727618   -1.60638375541e-05   1.14183026337e-06  
   2.35164288449   -1.59172189778e-05   1.12243794752e-06  
   2.36250846548   -1.57724740947e-05   1.10355678803e-06  
   2.37342425002   -1.56279105895e-05   1.08463674239e-06  
   2.38439047009    -1.5485061259e-05   1.06615352039e-06  
   2.39540735872    -1.5344023644e-05   1.04819701594e-06  
   2.40647515002   -1.52031850341e-05    1.0302038573e-06  
   2.41759407917   -1.50640207072e-05   1.01262100578e-06  
   2.42876438246   -1.49266478658e-05   9.95541360351e-07  
   2.43998629726   -1.47894533793e-05   9.78394275286e-07  
   2.45126006203   -1.46538941179e-05   9.61707435713e-07  
   2.46258591635   -1.45201327232e-05   9.45476413191e-07  
   2.47396410089   -1.43865376248e-05   9.29170423703e-07  
   2.48539485743   -1.42545371998e-05   9.13345167966e-07  
   2.49687842888   -1.41242855738e-05   8.97882361661e-07  
   2.50841505928   -1.39941780849e-05   8.82377899766e-07  
   2.52000499376   -1.38656375565e-05   8.67337580796e-07  
   2.53164847863   -1.37388090578e-05   8.52629224694e-07  
    2.5433457613   -1.36121305329e-05   8.37889760707e-07  
   2.55509709035    -1.3486970436e-05   8.23568963565e-07  
   2.56690271549   -1.33634872173e-05    8.0960955168e-07  
   2.57876288759   -1.32402124011e-05   7.95612820111e-07  
   2.59067785869   -1.31183992924e-05   7.81973329505e-07  
   2.60264788197   -1.29982143007e-05   7.68720871472e-07  
    2.6146732118   -1.28782303223e-05   7.55440777055e-07  
   2.62675410372   -1.27596558996e-05   7.42454201553e-07  
   2.63889081446   -1.26426538882e-05   7.29857561995e-07  
   2.65108360191   -1.25258545288e-05   7.17229718286e-07  
   2.66333272517   -1.24104236187e-05   7.04888768713e-07  
   2.67563844455   -1.22965459471e-05   6.92916249515e-07  
   2.68800102154   -1.21828516124e-05   6.80888426546e-07  
   2.70042071884   -1.20704893448e-05   6.69186394474e-07  
   2.71289780037   -1.19596702164e-05   6.57806343388e-07  
   2.72543253128   -1.18490207448e-05   6.46376693614e-07  
   2.73802517793    -1.1739675339e-05    6.3527839875e-07  
   2.75067600791   -1.16318291988e-05   6.24439910839e-07  
   2.76338529005   -1.15241355706e-05   6.13578471613e-07  
   2.77615329444   -1.14177152537e-05   6.03033451992e-07  
   2.78898029238   -1.13127603169e-05     5.927364627e-07  
   2.80186655646   -1.12079638789e-05   5.82419152972e-07  
   2.81481236051   -1.11044024724e-05   5.72381763056e-07  
   2.82781797963   -1.10022930132e-05   5.62621440724e-07  
   2.84088369018   -1.09003788823e-05   5.52834364565e-07  
   2.85400976983   -1.07996319331e-05   5.43276274499e-07  
   2.86719649749   -1.07002585075e-05   5.34002597234e-07  
    2.8804441534   -1.06010704731e-05   5.24708728115e-07  
   2.89375301905   -1.05030351349e-05   5.15614135447e-07  
   2.90712337727   -1.04063614996e-05   5.06808259803e-07  
   2.92055551218   -1.03098729205e-05   4.97975586921e-07  
   2.93404970922   -1.02144811283e-05   4.89342892085e-07  
   2.94760625512    -1.0120410138e-05   4.80976009492e-07  
   2.96122543799   -1.00265076203e-05   4.72570476085e-07  
   2.97490754721   -9.93368854363e-06   4.64392764098e-07  
   2.98865287355   -9.84218671529e-06   4.56440469189e-07  
   3.00246170909   -9.75084170873e-06   4.48461005878e-07  
   3.01633434726   -9.66054959339e-06   4.40706376181e-07  
   3.03027108287   -9.57152937597e-06   4.33136952958e-07  
   3.04427221206   -9.48265445322e-06   4.25555195132e-07  
   3.05833803238   -9.39480546924e-06   4.18184990461e-07  
   3.07246884271   -9.30820149325e-06   4.10998407668e-07  
   3.08666494334   -9.22174935547e-06   4.03797864553e-07  
   3.10092663593   -9.13627803278e-06   3.96780061638e-07  
   3.11525422356   -9.05204161861e-06    3.8997206501e-07  
   3.12964801067   -8.96796989236e-06   3.83143905657e-07  
   3.14410830315   -8.88484368244e-06   3.76466878053e-07  
   3.15863540827   -8.80289555427e-06    3.7000287683e-07  
   3.17322963473   -8.72111310901e-06   3.63523361423e-07  
   3.18789129268   -8.64024537772e-06   3.57176914144e-07  
   3.20262069366   -8.56052630238e-06   3.51039310725e-07  
   3.21741815068   -8.48096666373e-06   3.44879085056e-07  
   3.23228397818   -8.40229882426e-06   3.38860525494e-07  
   3.24721849207   -8.32477004209e-06    3.3303419389e-07  
   3.26222200971   -8.24739068528e-06   3.27180945308e-07  
   3.27729484992   -8.17087260496e-06   3.21481709664e-07  
   3.29243733301   -8.09545763514e-06    3.1593648764e-07  
   3.30764978074    -8.0201770839e-06   3.10377040636e-07  
    3.3229325164   -7.94574188279e-06   3.04971268536e-07  
   3.33828586473   -7.87238564026e-06    2.9969986065e-07  
     3.353710152     -7.799159223e-06   2.94422183128e-07  
   3.36920570598   -7.72675379113e-06    2.8928562421e-07  
   3.38477285595   -7.65540332337e-06   2.84285677472e-07  
    3.4004119327   -7.58418844482e-06   2.79275762935e-07  
   3.41612326859   -7.51376511243e-06   2.74386546561e-07  
   3.43190719746    -7.4443889394e-06   2.69652836757e-07  
   3.44776405473   -7.37515324667e-06   2.64904849367e-07  
   3.46369417737   -7.30667258042e-06   2.60255102416e-07  
   3.47969790389   -7.23918899093e-06   2.55761354732e-07  
   3.49577557436   -7.17184727528e-06   2.51255455256e-07  
   3.51192753045   -7.10523504344e-06   2.46839159417e-07  
   3.52815411538   -7.03959645776e-06   2.42573274778e-07  
   3.54445567397   -6.97409227213e-06   2.38288412414e-07  
   3.56083255263    -6.9092978604e-06   2.34103315195e-07  
   3.57728509937   -6.84546774687e-06   2.30055142888e-07  
    3.5938136638   -6.78176522695e-06   2.25988269042e-07  
   3.61041859717   -6.71875142355e-06    2.2202605279e-07  
   3.62710025233   -6.65666907596e-06   2.18170479624e-07  
   3.64385898376   -6.59470180875e-06   2.14307995496e-07  
    3.6606951476   -6.53341067036e-06   2.10549766868e-07  
    3.6776091016   -6.47303551604e-06   2.06889168746e-07  
    3.6946012052   -6.41277336322e-06   2.03225524483e-07  
   3.71167181948   -6.35316202047e-06   1.99654379423e-07  
   3.72882130718   -6.29443796585e-06    1.9618430877e-07  
   3.74605003275   -6.23583098713e-06    1.9270677276e-07  
   3.76335836229    -6.1778611905e-06   1.89308756765e-07  
    3.7807466636   -6.12076861584e-06   1.86023968054e-07  
   3.79821530619   -6.06379540424e-06   1.82729450218e-07  
   3.81576466127   -6.00742303858e-06   1.79498861043e-07  
   3.83339510177   -5.95189279584e-06   1.76381860735e-07  
   3.85110700233   -5.89648202187e-06   1.73255217822e-07  
   3.86890073933   -5.84165344819e-06   1.70189557777e-07  
   3.88677669089   -5.78765290637e-06   1.67232054735e-07  
   3.90473523689    -5.7337650704e-06   1.64260888777e-07  
   3.92277675893   -5.68043835059e-06   1.61358677662e-07  
    3.9409016404   -5.62791818148e-06   1.58550153152e-07  
   3.95911026647   -5.57550324742e-06   1.55731225972e-07  
   3.97740302406    -5.5236435289e-06   1.52984021928e-07  
    3.9957803019   -5.47257752348e-06   1.50312035239e-07  
    4.0142424905    -5.4216090708e-06   1.47637169158e-07  
   4.03278998219   -5.37117342581e-06   1.45031193732e-07  
   4.05142317111   -5.32150440091e-06   1.42495143622e-07  
   4.07014245322   -5.27193163702e-06   1.39957547332e-07  
   4.08894822629   -5.22287639759e-06   1.37480922142e-07  
   4.10784088997   -5.17457695226e-06   1.35080009982e-07  
    4.1268208457   -5.12637783068e-06   1.32673652949e-07  
   4.14588849683   -5.07868294475e-06   1.30319054919e-07  
   4.16504424855   -5.03171658228e-06   1.28047203944e-07  
    4.1842885079    -4.9848506013e-06   1.25768563499e-07  
   4.20362168384   -4.93846341842e-06   1.23531849923e-07  
   4.22304418721   -4.89279264071e-06   1.21377764583e-07  
   4.24255643072   -4.84721975591e-06   1.19215958668e-07  
   4.26215882902   -4.80210638676e-06   1.17095721061e-07  
   4.28185179865   -4.75768985153e-06   1.15052517087e-07  
   4.30163575811   -4.71336561214e-06   1.12999873536e-07  
   4.32151112779   -4.66949311806e-06   1.10994682038e-07  
   4.34147833006   -4.62630826281e-06   1.09053505297e-07  
   4.36153778921   -4.58321077412e-06   1.07107252182e-07  
   4.38168993151    -4.5405474659e-06     1.052094735e-07  
   4.40193518521   -4.49854525542e-06   1.03364549576e-07  
   4.42227398051    -4.4566257591e-06    1.0151884962e-07  
   4.44270674961   -4.41513016414e-06   9.97189032775e-08  
   4.46323392671   -4.37428336109e-06   9.79697712327e-08  
   4.48385594802   -4.33351878903e-06   9.62198698971e-08  
   4.50457325176   -4.29316317463e-06   9.45091398876e-08  
   4.52538627817   -4.25344686605e-06   9.28543089657e-08  
   4.54629546953    -4.2138188393e-06   9.11956808849e-08  
   4.56730127017   -4.17458454671e-06   8.95695700179e-08  
   4.58840412645   -4.13596652238e-06   8.80036165979e-08  
   4.60960448683   -4.09743286534e-06   8.64327731118e-08  
    4.6309028018   -4.05927297498e-06   8.48890039619e-08  
   4.65229952396   -4.02171245872e-06   8.34040799823e-08  
   4.67379510799    -3.9842325702e-06   8.19129745461e-08  
   4.69539001068   -3.94711809615e-06   8.04505812544e-08  
   4.71708469092   -3.91059828742e-06    7.9043044458e-08  
   4.73887960972   -3.87415429137e-06   7.76290040569e-08  
   4.76077523023   -3.83806360948e-06   7.62470214891e-08  
   4.78277201773   -3.80254652033e-06   7.49083726615e-08  
   4.80487043966   -3.76709978944e-06   7.35675727551e-08  
    4.8270709656   -3.73199951653e-06   7.22592992972e-08  
   4.84937406734   -3.69746093276e-06   7.09882426693e-08  
   4.87178021879   -3.66299034416e-06   6.97173684831e-08  
   4.89428989611   -3.62885230254e-06    6.8476089045e-08  
   4.91690357763   -3.59526013527e-06   6.72711777077e-08  
   4.93962174388   -3.56173457039e-06   6.60657435657e-08  
   4.96244487763   -3.52853122765e-06   6.48855367552e-08  
   4.98537346387   -3.49586700077e-06   6.37470723507e-08  
   5.00840798985   -3.46328026513e-06   6.26057802186e-08  
   5.03154894504    -3.4310001964e-06   6.14847247071e-08  
   5.05479682119   -3.39923912951e-06   6.04068235635e-08  
   5.07815211233   -3.36754415808e-06   5.93253306292e-08  
   5.10161531475   -3.33614689219e-06    5.8261618424e-08  
   5.12518692705   -3.30525699554e-06   5.72399339813e-08  
   5.14886745014   -3.27443135495e-06   5.62135294452e-08  
   5.17265738722   -3.24389314066e-06   5.52067944674e-08  
   5.19655724383   -3.21385279156e-06   5.42378938273e-08  
   5.22056752785   -3.18387407017e-06   5.32649500445e-08  
    5.2446887495   -3.15417274332e-06   5.23137936168e-08  
   5.26892142135   -3.12495379673e-06   5.13923665931e-08  
   5.29326605836   -3.09579271196e-06   5.04703435899e-08  
   5.31772317785   -3.06690322249e-06   4.95696785661e-08  
   5.34229329954   -3.03848819294e-06   4.86949908768e-08  
   5.36697694554   -3.01012778947e-06   4.78207843059e-08  
   5.39177464039   -2.98202678706e-06   4.69660133342e-08  
   5.41668691103   -2.95438611608e-06   4.61379122098e-08  
   5.44171428687   -2.92679803937e-06   4.53094798329e-08  
   5.46685729972   -2.89946469678e-06   4.44966811441e-08  
   5.49211648389   -2.87258644438e-06   4.37144086779e-08  
   5.51749237613    -2.8457656015e-06   4.29298770038e-08  
   5.54298551568   -2.81918459899e-06   4.21580622019e-08  
   5.56859644429   -2.79303828887e-06   4.14173510841e-08  
   5.59432570617    -2.7669457493e-06   4.06739458253e-08  
   5.62017384808   -2.74108684373e-06   3.99422249942e-08  
    5.6461414193   -2.71565826715e-06   3.92402412565e-08  
   5.67222897164   -2.69028147271e-06   3.85350144894e-08  
   5.69843705947   -2.66512683866e-06   3.78432618567e-08  
    5.7247662397   -2.64038654818e-06   3.71768144473e-08  
   5.75121707184   -2.61569479509e-06   3.65084595483e-08  
   5.77779011797   -2.59122013546e-06     3.585472703e-08  
   5.80448594277   -2.56715071434e-06   3.52213418273e-08  
   5.83130511353   -2.54312637238e-06   3.45880844413e-08  
   5.85824820015   -2.51931193329e-06   3.39688884876e-08  
   5.88531577519   -2.49589372847e-06   3.33680299097e-08  
   5.91250841383   -2.47251790153e-06   3.27677277334e-08  
   5.93982669392   -2.44934502169e-06   3.21798774785e-08  
   5.96727119597   -2.42655700755e-06   3.16113447658e-08  
   5.99484250319   -2.40381199668e-06   3.10424984933e-08  
   6.02254120146   -2.38125729002e-06   3.04833320789e-08  
   6.05036787939   -2.35908577295e-06   2.99467321853e-08  
    6.0783231283   -2.33695569163e-06   2.94082729771e-08  
   6.10640754223   -2.31500893122e-06   2.88777395359e-08  
   6.13462171799   -2.29342639391e-06    2.8369327591e-08  
   6.16296625513   -2.27188165791e-06   2.78588633092e-08  
   6.19144175598   -2.25051340064e-06   2.73561701617e-08  
   6.22004882563   -2.22949945961e-06   2.68745061063e-08  
   6.24878807201   -2.20852077459e-06   2.63906168094e-08  
   6.27766010581   -2.18771124894e-06   2.59158750143e-08  
   6.30666554057   -2.16724461022e-06   2.54580600132e-08  
   6.33580499266    -2.1468086514e-06   2.49994992167e-08  
    6.3650790813   -2.12653381737e-06   2.45506332054e-08  
   6.39448842856   -2.10659083077e-06   2.41156755898e-08  
   6.42403365939   -2.08667379875e-06   2.36811252681e-08  
   6.45371540165   -2.06690906746e-06   2.32558916916e-08  
   6.48353428605   -2.04746320542e-06   2.28438125464e-08  
   6.51349094627   -2.02803892646e-06   2.24322610331e-08  
   6.54358601888   -2.00875414691e-06   2.20285240994e-08  
   6.57382014341    -1.9897724759e-06   2.16387018325e-08  
   6.60419396233    -1.9708058514e-06   2.12485652468e-08  
   6.63470812109   -1.95196360919e-06   2.08644264424e-08  
   6.66536326812   -1.93341201016e-06   2.04965203459e-08  
   6.69616005485   -1.91486037704e-06   2.01272314105e-08  
   6.72709913571   -1.89641115067e-06   1.97629365393e-08  
   6.75818116816    -1.8782226644e-06   1.94144508382e-08  
    6.7894068127   -1.86000787461e-06   1.90643846354e-08  
   6.82077673287   -1.84186104546e-06    1.8719495938e-08  
   6.85229159528   -1.82392724291e-06    1.8389318973e-08  
   6.88395206965    -1.8059128567e-06   1.80576164391e-08  
   6.91575882874   -1.78788845262e-06    1.7732107265e-08  
   6.94771254846   -1.76996127532e-06   1.74179750418e-08  
   6.97981390783   -1.75178727113e-06   1.71036967797e-08  
   7.01206358901   -1.73332176789e-06   1.67958762685e-08  
    7.0444622773   -1.71440421415e-06   1.64976943867e-08  
   7.07701066118   -1.69344478407e-06   1.62000018682e-08  
   7.10970943231   -1.67096002723e-06   2.01344109928e-08  
   7.14255928554   -1.65152661347e-06   2.93983481209e-08  
   7.17556091894   -1.63810605502e-06   3.98676732624e-08  
   7.20871503378   -1.62977264306e-06   4.64584842798e-08  
   7.24202233461    -1.6214737586e-06   4.64106234949e-08  
    7.2754835292   -1.61032335222e-06   4.56478923439e-08  
    7.3090993286   -1.59811810641e-06   4.48943125048e-08  
   7.34287044717   -1.58559437502e-06   4.41696316349e-08  
   7.37679760253    -1.5727206687e-06   4.34421615162e-08  
   7.41088151564   -1.55968238658e-06   4.27222315652e-08  
    7.4451229108   -1.54670046049e-06    4.2030699202e-08  
   7.47952251562     -1.533586379e-06   4.13359714087e-08  
   7.51408106112   -1.52044481638e-06   4.06504874292e-08  
   7.54879928165   -1.50745216276e-06   3.99904296314e-08  
     7.583677915   -1.49439661912e-06   3.93282247249e-08  
   7.61871770232   -1.48136355671e-06   3.86772435939e-08  
   7.65391938823   -1.46851313443e-06   3.80453654295e-08  
   7.68928372076   -1.45562979081e-06   3.74140190048e-08  
    7.7248114514   -1.44279370851e-06   3.67942789578e-08  
   7.76050333513   -1.43015614629e-06   3.61908680454e-08  
   7.79636013041   -1.41750108984e-06   3.55889727823e-08  
   7.83238259918   -1.40490534106e-06   3.49976614338e-08  
   7.86857150694   -1.39251360898e-06    3.4422946665e-08  
    7.9049276227   -1.38011652773e-06   3.38492655102e-08  
   7.94145171903   -1.36778207327e-06   3.32838555172e-08  
   7.97814457208   -1.35565414849e-06   3.27379037448e-08  
   8.01500696157   -1.34352943004e-06   3.21912448465e-08  
   8.05203967083    -1.3314706685e-06   3.16505736046e-08  
   8.08924348681   -1.31961975447e-06   3.11318712969e-08  
   8.12661920009   -1.30777620932e-06   3.06110683935e-08  
   8.16416760492   -1.29599762766e-06   3.00954073521e-08  
    8.2018894992   -1.28442317771e-06   2.96011758627e-08  
   8.23978568453   -1.27285949347e-06    2.9104660602e-08  
    8.2778569662   -1.26136101386e-06   2.86149828387e-08  
   8.31610415323   -1.25006827434e-06   2.81429435044e-08  
   8.35452805838   -1.23878612113e-06   2.76701230814e-08  
   8.39312949817   -1.22757068322e-06   2.72053186647e-08  
   8.43190929287   -1.21655538254e-06   2.67540273115e-08  
   8.47086826656   -1.20555078165e-06   2.63036194965e-08  
   8.51000724712   -1.19461371595e-06   2.58613240346e-08  
   8.54932706627    -1.1838732672e-06    2.5431046215e-08  
   8.58882855955   -1.17314670856e-06   2.50021336577e-08  
   8.62851256637    -1.1624841203e-06   2.45803898801e-08  
   8.66837993002   -1.15201687012e-06   2.41713008355e-08  
   8.70843149769   -1.14156199904e-06   2.37629991562e-08  
   8.74866812048   -1.13117029232e-06   2.33599405246e-08  
   8.78909065342   -1.12097029881e-06    2.2971896107e-08  
   8.82969995549   -1.11078369391e-06   2.25832208924e-08  
   8.87049688965   -1.10066254488e-06   2.21983304627e-08  
   8.91148232284    -1.0907228416e-06   2.18301462629e-08  
     8.952657126   -1.08080276406e-06   2.14603538005e-08  
   8.99402217409   -1.07094131296e-06   2.10939850036e-08  
   9.03557834614   -1.06126091515e-06    2.0743199772e-08  
   9.07732652521   -1.05159893005e-06   2.03907938342e-08  
   9.11926759846   -1.04199318174e-06   2.00433833619e-08  
   9.16140245714   -1.03256667883e-06   1.97081674792e-08  
   9.20373199662   -1.02315526029e-06   1.93729161314e-08  
   9.24625711641   -1.01379982975e-06   1.90433626724e-08  
   9.28897872016   -1.00461958041e-06   1.87234265968e-08  
   9.33189771573   -9.95452423824e-07   1.84044723835e-08  
   9.37501501515   -9.86342227338e-07    1.8091108384e-08  
   9.41833153465   -9.77403743607e-07   1.77865887652e-08  
   9.46184819472   -9.68479928698e-07   1.74832130516e-08  
    9.5055659201   -9.59611686002e-07   1.71845304487e-08  
   9.54948563979   -9.50908799036e-07   1.68953558916e-08  
   9.59360828709   -9.42220755307e-07    1.6606721088e-08  
   9.63793479962    -9.3358486708e-07   1.63212978043e-08  
    9.6824661193   -9.25111534933e-07   1.60474120654e-08  
   9.72720319245   -9.16654397054e-07   1.57729317977e-08  
   9.77214696973   -9.08249247478e-07   1.55007679728e-08  
   9.81729840619   -9.00001943194e-07   1.52409882496e-08  
   9.86265846131   -8.91772156453e-07   1.49800084233e-08  
     9.908228099    -8.8358796968e-07   1.47214551359e-08  
   9.95400828762   -8.75560550617e-07   1.44739745948e-08  
            10.0                  0.0                 0.0  
