1.000000e-01 1.792400e-22 2.128047e-22 3.920447e-22 
1.020000e-01 1.787048e-22 2.118037e-22 3.905085e-22 
1.040000e-01 1.776664e-22 2.101232e-22 3.877896e-22 
1.060000e-01 1.761810e-22 2.086331e-22 3.848141e-22 
1.080000e-01 1.741870e-22 2.070334e-22 3.812204e-22 
1.100000e-01 1.695544e-22 2.049348e-22 3.744892e-22 
1.120000e-01 1.676867e-22 2.037389e-22 3.714256e-22 
1.140000e-01 1.614130e-22 2.020261e-22 3.634390e-22 
1.160000e-01 1.440450e-22 2.001949e-22 3.442399e-22 
1.180000e-01 1.612262e-22 1.985569e-22 3.597831e-22 
1.200000e-01 1.673954e-22 1.968322e-22 3.642276e-22 
1.220000e-01 1.704052e-22 1.949612e-22 3.653663e-22 
1.240000e-01 1.723021e-22 1.931989e-22 3.655010e-22 
1.260000e-01 1.736443e-22 1.913661e-22 3.650104e-22 
1.280000e-01 1.746146e-22 1.894972e-22 3.641118e-22 
1.300000e-01 1.753108e-22 1.876175e-22 3.629283e-22 
1.320000e-01 1.758260e-22 1.857045e-22 3.615305e-22 
1.340000e-01 1.761983e-22 1.837379e-22 3.599362e-22 
1.360000e-01 1.764420e-22 1.817899e-22 3.582319e-22 
1.380000e-01 1.765803e-22 1.797466e-22 3.563269e-22 
1.400000e-01 1.766325e-22 1.777550e-22 3.543875e-22 
1.420000e-01 1.766235e-22 1.756472e-22 3.522707e-22 
1.440000e-01 1.765377e-22 1.735431e-22 3.500809e-22 
1.460000e-01 1.763772e-22 1.713979e-22 3.477750e-22 
1.480000e-01 1.761456e-22 1.692657e-22 3.454113e-22 
1.500000e-01 1.758676e-22 1.670879e-22 3.429556e-22 
1.520000e-01 1.755297e-22 1.648408e-22 3.403705e-22 
1.540000e-01 1.751026e-22 1.626664e-22 3.377690e-22 
1.560000e-01 1.745969e-22 1.604220e-22 3.350189e-22 
1.580000e-01 1.739908e-22 1.580924e-22 3.320832e-22 
1.600000e-01 1.732973e-22 1.558569e-22 3.291542e-22 
1.620000e-01 1.724339e-22 1.535142e-22 3.259481e-22 
1.640000e-01 1.712284e-22 1.511272e-22 3.223557e-22 
1.660000e-01 1.692272e-22 1.488025e-22 3.180297e-22 
1.680000e-01 1.641164e-22 1.465015e-22 3.106179e-22 
1.700000e-01 1.664307e-22 1.442176e-22 3.106483e-22 
1.720000e-01 1.684518e-22 1.418934e-22 3.103452e-22 
1.740000e-01 1.693091e-22 1.395324e-22 3.088415e-22 
1.760000e-01 1.697966e-22 1.371751e-22 3.069717e-22 
1.780000e-01 1.701283e-22 1.348111e-22 3.049394e-22 
1.800000e-01 1.703626e-22 1.324301e-22 3.027928e-22 
1.820000e-01 1.705332e-22 1.300427e-22 3.005759e-22 
1.840000e-01 1.706747e-22 1.276506e-22 2.983253e-22 
1.860000e-01 1.707911e-22 1.252632e-22 2.960543e-22 
1.880000e-01 1.709016e-22 1.228265e-22 2.937281e-22 
1.900000e-01 1.710109e-22 1.204147e-22 2.914256e-22 
1.920000e-01 1.711793e-22 1.179933e-22 2.891726e-22 
1.940000e-01 1.714915e-22 1.156034e-22 2.870949e-22 
1.960000e-01 1.720689e-22 1.131863e-22 2.852552e-22 
1.980000e-01 1.737023e-22 1.107921e-22 2.844944e-22 
2.000000e-01 1.765845e-22 1.083947e-22 2.849791e-22 
2.020000e-01 1.736479e-22 1.060339e-22 2.796818e-22 
2.040000e-01 1.723801e-22 1.036895e-22 2.760696e-22 
2.060000e-01 1.714403e-22 1.012654e-22 2.727058e-22 
2.080000e-01 1.706500e-22 9.885871e-23 2.695087e-22 
2.100000e-01 1.699317e-22 9.644727e-23 2.663790e-22 
2.120000e-01 1.692583e-22 9.397040e-23 2.632286e-22 
2.140000e-01 1.686300e-22 9.147646e-23 2.601064e-22 
2.160000e-01 1.680206e-22 8.896570e-23 2.569863e-22 
2.180000e-01 1.674190e-22 8.638714e-23 2.538061e-22 
2.200000e-01 1.668698e-22 8.392229e-23 2.507920e-22 
2.220000e-01 1.663337e-22 8.146404e-23 2.477977e-22 
2.240000e-01 1.657652e-22 7.900342e-23 2.447686e-22 
2.260000e-01 1.651924e-22 7.650954e-23 2.417020e-22 
2.280000e-01 1.645896e-22 7.390736e-23 2.384969e-22 
2.300000e-01 1.639948e-22 7.135464e-23 2.353494e-22 
2.320000e-01 1.634107e-22 6.873883e-23 2.321495e-22 
2.340000e-01 1.628093e-22 6.606818e-23 2.288775e-22 
2.360000e-01 1.622124e-22 6.339490e-23 2.256073e-22 
2.380000e-01 1.616020e-22 6.068104e-23 2.222830e-22 
2.400000e-01 1.609733e-22 5.844178e-23 2.194151e-22 
2.420000e-01 1.603688e-22 5.666405e-23 2.170329e-22 
2.440000e-01 1.597531e-22 5.496893e-23 2.147220e-22 
2.460000e-01 1.591603e-22 5.281473e-23 2.119751e-22 
2.480000e-01 1.585727e-22 5.031399e-23 2.088867e-22 
2.500000e-01 1.579873e-22 4.743894e-23 2.054262e-22 
2.520000e-01 1.574074e-22 4.399107e-23 2.013985e-22 
2.540000e-01 1.568117e-22 4.026628e-23 1.970779e-22 
2.560000e-01 1.562273e-22 3.631803e-23 1.925453e-22 
2.580000e-01 1.556301e-22 3.198283e-23 1.876130e-22 
2.600000e-01 1.550381e-22 2.671994e-23 1.817580e-22 
2.620000e-01 1.544369e-22 2.072653e-23 1.751634e-22 
2.640000e-01 1.538330e-22 1.409000e-23 1.679230e-22 
2.660000e-01 1.532363e-22 8.218123e-24 1.614544e-22 
2.680000e-01 1.526300e-22 3.565614e-24 1.561956e-22 
2.700000e-01 1.520426e-22 7.386668e-25 1.527812e-22 
2.720000e-01 1.514484e-22 6.243049e-25 1.520727e-22 
2.740000e-01 1.508751e-22 3.901022e-24 1.547761e-22 
2.760000e-01 1.503037e-22 1.137227e-23 1.616759e-22 
2.780000e-01 1.497463e-22 2.004597e-23 1.697922e-22 
2.800000e-01 1.491757e-22 4.205706e-23 1.912328e-22 
2.820000e-01 1.486042e-22 5.067252e-23 1.992767e-22 
2.840000e-01 1.480086e-22 4.785847e-23 1.958670e-22 
2.860000e-01 1.474176e-22 4.510816e-23 1.925257e-22 
2.880000e-01 1.468074e-22 4.356274e-23 1.903702e-22 
2.900000e-01 1.462023e-22 4.316745e-23 1.893697e-22 
2.920000e-01 1.455776e-22 4.371277e-23 1.892904e-22 
2.940000e-01 1.449646e-22 4.507244e-23 1.900370e-22 
2.960000e-01 1.443398e-22 4.685371e-23 1.911935e-22 
2.980000e-01 1.437162e-22 4.902685e-23 1.927430e-22 
3.000000e-01 1.430850e-22 5.110384e-23 1.941889e-22 
3.020000e-01 1.424553e-22 5.278009e-23 1.952354e-22 
3.040000e-01 1.418093e-22 5.407077e-23 1.958801e-22 
3.060000e-01 1.411698e-22 5.515108e-23 1.963209e-22 
3.080000e-01 1.405181e-22 5.622729e-23 1.967454e-22 
3.100000e-01 1.398716e-22 5.696628e-23 1.968379e-22 
3.120000e-01 1.392084e-22 5.761725e-23 1.968256e-22 
3.140000e-01 1.385538e-22 5.794932e-23 1.965031e-22 
3.160000e-01 1.378876e-22 5.806164e-23 1.959492e-22 
3.180000e-01 1.372251e-22 5.790558e-23 1.951307e-22 
3.200000e-01 1.365566e-22 5.789829e-23 1.944549e-22 
3.220000e-01 1.358848e-22 5.689398e-23 1.927788e-22 
3.240000e-01 1.352213e-22 5.831773e-23 1.935390e-22 
3.260000e-01 1.345411e-22 5.872880e-23 1.932699e-22 
3.280000e-01 1.338753e-22 5.907385e-23 1.929492e-22 
3.300000e-01 1.331966e-22 5.942783e-23 1.926244e-22 
3.320000e-01 1.325354e-22 5.972037e-23 1.922558e-22 
3.340000e-01 1.318774e-22 6.001406e-23 1.918915e-22 
3.360000e-01 1.312249e-22 6.023447e-23 1.914593e-22 
3.380000e-01 1.305729e-22 6.044910e-23 1.910220e-22 
3.400000e-01 1.299133e-22 6.061492e-23 1.905282e-22 
3.420000e-01 1.292598e-22 6.079420e-23 1.900540e-22 
3.440000e-01 1.285829e-22 6.099599e-23 1.895789e-22 
3.460000e-01 1.279159e-22 6.119510e-23 1.891110e-22 
3.480000e-01 1.272354e-22 6.136556e-23 1.886010e-22 
3.500000e-01 1.265489e-22 6.152982e-23 1.880787e-22 
3.520000e-01 1.258652e-22 6.166194e-23 1.875272e-22 
3.540000e-01 1.251673e-22 6.179026e-23 1.869575e-22 
3.560000e-01 1.244839e-22 6.190079e-23 1.863847e-22 
3.580000e-01 1.237860e-22 6.200710e-23 1.857931e-22 
3.600000e-01 1.230940e-22 6.207682e-23 1.851708e-22 
3.620000e-01 1.224072e-22 6.214934e-23 1.845565e-22 
3.640000e-01 1.217155e-22 6.222262e-23 1.839381e-22 
3.660000e-01 1.210300e-22 6.229767e-23 1.833277e-22 
3.680000e-01 1.203340e-22 6.234358e-23 1.826776e-22 
3.700000e-01 1.196441e-22 6.239253e-23 1.820366e-22 
3.720000e-01 1.189441e-22 6.243509e-23 1.813792e-22 
3.740000e-01 1.182368e-22 6.248238e-23 1.807192e-22 
3.760000e-01 1.175317e-22 6.250294e-23 1.800347e-22 
3.780000e-01 1.168116e-22 6.251655e-23 1.793282e-22 
3.800000e-01 1.160879e-22 6.250642e-23 1.785943e-22 
3.820000e-01 1.153665e-22 6.248826e-23 1.778548e-22 
3.840000e-01 1.146321e-22 6.246421e-23 1.770964e-22 
3.860000e-01 1.138998e-22 6.244125e-23 1.763410e-22 
3.880000e-01 1.131675e-22 6.241612e-23 1.755836e-22 
3.900000e-01 1.124335e-22 6.238501e-23 1.748185e-22 
3.920000e-01 1.117042e-22 6.235433e-23 1.740585e-22 
3.940000e-01 1.109765e-22 6.232300e-23 1.732995e-22 
3.960000e-01 1.102533e-22 6.229232e-23 1.725456e-22 
3.980000e-01 1.095345e-22 6.225278e-23 1.717873e-22 
4.000000e-01 1.088089e-22 6.219736e-23 1.710063e-22 
4.020000e-01 1.080906e-22 6.214126e-23 1.702318e-22 
4.040000e-01 1.073754e-22 6.206641e-23 1.694418e-22 
4.060000e-01 1.066496e-22 6.199263e-23 1.686422e-22 
4.080000e-01 1.059128e-22 6.155256e-23 1.674653e-22 
4.100000e-01 1.051852e-22 6.185305e-23 1.670383e-22 
4.120000e-01 1.044542e-22 6.177658e-23 1.662307e-22 
4.140000e-01 1.037340e-22 6.169714e-23 1.654311e-22 
4.160000e-01 1.030034e-22 6.161681e-23 1.646202e-22 
4.180000e-01 1.022663e-22 6.153736e-23 1.638037e-22 
4.200000e-01 1.015452e-22 6.145752e-23 1.630027e-22 
4.220000e-01 1.008130e-22 6.137138e-23 1.621844e-22 
4.240000e-01 1.000765e-22 6.128652e-23 1.613630e-22 
4.260000e-01 9.934789e-23 6.119407e-23 1.605420e-22 
4.280000e-01 9.861491e-23 6.024444e-23 1.588593e-22 
4.300000e-01 9.788413e-23 6.099212e-23 1.588762e-22 
4.320000e-01 9.715238e-23 6.088618e-23 1.580386e-22 
4.340000e-01 9.641633e-23 6.078145e-23 1.571978e-22 
4.360000e-01 9.568269e-23 6.068162e-23 1.563643e-22 
4.380000e-01 9.494719e-23 6.058558e-23 1.555328e-22 
4.400000e-01 9.420042e-23 6.048632e-23 1.546867e-22 
4.420000e-01 9.346357e-23 6.036373e-23 1.538273e-22 
4.440000e-01 9.273019e-23 6.023979e-23 1.529700e-22 
4.460000e-01 9.198732e-23 6.011880e-23 1.521061e-22 
4.480000e-01 9.124554e-23 5.999772e-23 1.512433e-22 
4.500000e-01 9.050861e-23 5.987934e-23 1.503879e-22 
4.520000e-01 8.976661e-23 5.972727e-23 1.494939e-22 
4.540000e-01 8.901940e-23 5.957113e-23 1.485905e-22 
4.560000e-01 8.827735e-23 5.941619e-23 1.476935e-22 
4.580000e-01 8.753371e-23 5.926504e-23 1.467987e-22 
4.600000e-01 8.678061e-23 5.911345e-23 1.458941e-22 
4.620000e-01 8.603576e-23 5.896085e-23 1.449966e-22 
4.640000e-01 8.528616e-23 5.881143e-23 1.440976e-22 
4.660000e-01 8.452555e-23 5.865910e-23 1.431847e-22 
4.680000e-01 8.377306e-23 5.851176e-23 1.422848e-22 
4.700000e-01 8.301643e-23 5.835467e-23 1.413711e-22 
4.720000e-01 8.224747e-23 5.819960e-23 1.404471e-22 
4.740000e-01 8.147771e-23 5.803013e-23 1.395078e-22 
4.760000e-01 8.070948e-23 5.785858e-23 1.385681e-22 
4.780000e-01 7.991842e-23 5.768882e-23 1.376072e-22 
4.800000e-01 7.913294e-23 5.751204e-23 1.366450e-22 
4.820000e-01 7.835250e-23 5.733189e-23 1.356844e-22 
4.840000e-01 7.755915e-23 5.715383e-23 1.347130e-22 
4.860000e-01 7.675673e-23 5.696967e-23 1.337264e-22 
4.880000e-01 7.594745e-23 5.678932e-23 1.327368e-22 
4.900000e-01 7.512999e-23 5.659130e-23 1.317213e-22 
4.920000e-01 7.430594e-23 5.639793e-23 1.307039e-22 
4.940000e-01 7.347237e-23 5.620353e-23 1.296759e-22 
4.960000e-01 7.263023e-23 5.601107e-23 1.286413e-22 
4.980000e-01 7.177116e-23 5.581775e-23 1.275889e-22 
5.000000e-01 7.089221e-23 5.562147e-23 1.265137e-22 
5.020000e-01 7.000874e-23 5.543244e-23 1.254412e-22 
5.040000e-01 6.910708e-23 5.524277e-23 1.243498e-22 
5.060000e-01 6.818771e-23 5.505200e-23 1.232397e-22 
5.080000e-01 6.724679e-23 5.486330e-23 1.221101e-22 
5.100000e-01 6.628021e-23 5.467408e-23 1.209543e-22 
5.120000e-01 6.528677e-23 5.448600e-23 1.197728e-22 
5.140000e-01 6.426394e-23 5.430025e-23 1.185642e-22 
5.160000e-01 6.321166e-23 5.411416e-23 1.173258e-22 
5.180000e-01 6.211163e-23 5.393571e-23 1.160473e-22 
5.200000e-01 6.096018e-23 5.376027e-23 1.147205e-22 
5.220000e-01 5.975647e-23 5.358341e-23 1.133399e-22 
5.240000e-01 5.848552e-23 5.339969e-23 1.118852e-22 
5.260000e-01 5.712757e-23 5.321028e-23 1.103379e-22 
5.280000e-01 5.566619e-23 5.301753e-23 1.086837e-22 
5.300000e-01 5.408472e-23 5.282693e-23 1.069117e-22 
5.320000e-01 5.233908e-23 5.264026e-23 1.049793e-22 
5.340000e-01 5.029538e-23 5.245167e-23 1.027471e-22 
5.360000e-01 4.785048e-23 5.225412e-23 1.001046e-22 
5.380000e-01 4.452585e-23 5.204530e-23 9.657115e-23 
5.400000e-01 3.987231e-23 5.183863e-23 9.171095e-23 
5.420000e-01 3.479529e-23 5.163775e-23 8.643304e-23 
5.440000e-01 3.171256e-23 5.145402e-23 8.316658e-23 
5.460000e-01 3.250099e-23 5.126970e-23 8.377069e-23 
5.480000e-01 3.622062e-23 5.107922e-23 8.729983e-23 
5.500000e-01 4.003192e-23 5.087756e-23 9.090948e-23 
5.520000e-01 4.291355e-23 5.067830e-23 9.359185e-23 
5.540000e-01 4.465220e-23 5.048140e-23 9.513360e-23 
5.560000e-01 4.594840e-23 5.030094e-23 9.624934e-23 
5.580000e-01 4.692346e-23 5.011624e-23 9.703970e-23 
5.600000e-01 4.773908e-23 4.992304e-23 9.766212e-23 
5.620000e-01 4.842720e-23 4.973355e-23 9.816075e-23 
5.640000e-01 4.900932e-23 4.953778e-23 9.854711e-23 
5.660000e-01 4.950708e-23 4.934430e-23 9.885138e-23 
5.680000e-01 4.992443e-23 4.914987e-23 9.907430e-23 
5.700000e-01 5.028063e-23 4.895630e-23 9.923693e-23 
5.720000e-01 5.059657e-23 4.877688e-23 9.937344e-23 
5.740000e-01 5.085801e-23 4.857957e-23 9.943759e-23 
5.760000e-01 5.108752e-23 4.838668e-23 9.947420e-23 
5.780000e-01 5.127442e-23 4.819855e-23 9.947297e-23 
5.800000e-01 5.142514e-23 4.800361e-23 9.942875e-23 
5.820000e-01 5.154968e-23 4.782167e-23 9.937135e-23 
5.840000e-01 5.165816e-23 4.763335e-23 9.929151e-23 
5.860000e-01 5.174403e-23 4.745165e-23 9.919569e-23 
5.880000e-01 5.179584e-23 4.726504e-23 9.906087e-23 
5.900000e-01 5.183532e-23 4.707804e-23 9.891336e-23 
5.920000e-01 5.185976e-23 4.689075e-23 9.875051e-23 
5.940000e-01 5.186741e-23 4.670051e-23 9.856792e-23 
5.960000e-01 5.185410e-23 4.651779e-23 9.837189e-23 
5.980000e-01 5.182752e-23 4.633525e-23 9.816277e-23 
6.000000e-01 5.179068e-23 4.614658e-23 9.793726e-23 
6.020000e-01 5.174473e-23 4.594840e-23 9.769313e-23 
6.040000e-01 5.167988e-23 4.574235e-23 9.742223e-23 
6.060000e-01 5.160422e-23 4.553885e-23 9.714308e-23 
6.080000e-01 5.152223e-23 4.535032e-23 9.687255e-23 
6.100000e-01 5.142977e-23 4.518661e-23 9.661638e-23 
6.120000e-01 5.132926e-23 4.502047e-23 9.634973e-23 
6.140000e-01 5.121633e-23 4.485193e-23 9.606825e-23 
6.160000e-01 5.109474e-23 4.466978e-23 9.576452e-23 
6.180000e-01 5.097090e-23 4.447977e-23 9.545066e-23 
6.200000e-01 5.083194e-23 4.429240e-23 9.512434e-23 
6.220000e-01 5.068366e-23 4.410549e-23 9.478914e-23 
6.240000e-01 5.050790e-23 4.393064e-23 9.443854e-23 
6.260000e-01 5.035219e-23 4.375368e-23 9.410587e-23 
6.280000e-01 5.018207e-23 4.355937e-23 9.374144e-23 
6.300000e-01 5.000450e-23 4.337687e-23 9.338137e-23 
6.320000e-01 4.982147e-23 4.318575e-23 9.300722e-23 
6.340000e-01 4.963528e-23 4.299344e-23 9.262871e-23 
6.360000e-01 4.943831e-23 4.280193e-23 9.224023e-23 
6.380000e-01 4.923206e-23 4.262491e-23 9.185697e-23 
6.400000e-01 4.901731e-23 4.244253e-23 9.145984e-23 
6.420000e-01 4.879388e-23 4.226277e-23 9.105665e-23 
6.440000e-01 4.856725e-23 4.209295e-23 9.066020e-23 
6.460000e-01 4.833063e-23 4.194018e-23 9.027081e-23 
6.480000e-01 4.808307e-23 4.178476e-23 8.986783e-23 
6.500000e-01 4.782177e-23 4.163067e-23 8.945245e-23 
6.520000e-01 4.755496e-23 4.145438e-23 8.900934e-23 
6.540000e-01 4.727986e-23 4.126523e-23 8.854509e-23 
6.560000e-01 4.698909e-23 4.107316e-23 8.806225e-23 
6.580000e-01 4.668957e-23 4.088298e-23 8.757255e-23 
6.600000e-01 4.637759e-23 4.071449e-23 8.709208e-23 
6.620000e-01 4.605315e-23 4.054555e-23 8.659870e-23 
6.640000e-01 4.571645e-23 4.037836e-23 8.609481e-23 
6.660000e-01 4.538006e-23 4.020789e-23 8.558795e-23 
6.680000e-01 4.500971e-23 4.004938e-23 8.505909e-23 
6.700000e-01 4.462918e-23 3.987392e-23 8.450311e-23 
6.720000e-01 4.423280e-23 3.969674e-23 8.392954e-23 
6.740000e-01 4.382083e-23 3.952544e-23 8.334627e-23 
6.760000e-01 4.338261e-23 3.935434e-23 8.273695e-23 
6.780000e-01 4.293059e-23 3.918943e-23 8.212002e-23 
6.800000e-01 4.245756e-23 3.902468e-23 8.148224e-23 
6.820000e-01 4.195062e-23 3.886211e-23 8.081272e-23 
6.840000e-01 4.141535e-23 3.870283e-23 8.011818e-23 
6.860000e-01 4.084118e-23 3.854150e-23 7.938268e-23 
6.880000e-01 4.022146e-23 3.837478e-23 7.859624e-23 
6.900000e-01 3.956157e-23 3.821167e-23 7.777323e-23 
6.920000e-01 3.882848e-23 3.805383e-23 7.688231e-23 
6.940000e-01 3.799220e-23 3.789355e-23 7.588576e-23 
6.960000e-01 3.707561e-23 3.773576e-23 7.481137e-23 
6.980000e-01 3.595259e-23 3.757192e-23 7.352451e-23 
7.000000e-01 3.438236e-23 3.740920e-23 7.179155e-23 
7.020000e-01 3.253285e-23 3.724636e-23 6.977921e-23 
7.040000e-01 3.032109e-23 3.708499e-23 6.740608e-23 
7.060000e-01 2.887600e-23 3.692232e-23 6.579833e-23 
7.080000e-01 2.814656e-23 3.676612e-23 6.491267e-23 
7.100000e-01 2.913671e-23 3.660558e-23 6.574229e-23 
7.120000e-01 3.069130e-23 3.644572e-23 6.713701e-23 
7.140000e-01 3.285074e-23 3.628917e-23 6.913990e-23 
7.160000e-01 3.456129e-23 3.613674e-23 7.069803e-23 
7.180000e-01 3.600745e-23 3.598227e-23 7.198972e-23 
7.200000e-01 3.687412e-23 3.582925e-23 7.270337e-23 
7.220000e-01 3.755929e-23 3.567571e-23 7.323500e-23 
7.240000e-01 3.815561e-23 3.553154e-23 7.368715e-23 
7.260000e-01 3.862873e-23 3.539044e-23 7.401917e-23 
7.280000e-01 3.905250e-23 3.524624e-23 7.429874e-23 
7.300000e-01 3.943456e-23 3.508084e-23 7.451540e-23 
7.320000e-01 3.973872e-23 3.492946e-23 7.466818e-23 
7.340000e-01 4.002672e-23 3.477282e-23 7.479955e-23 
7.360000e-01 4.027652e-23 3.461803e-23 7.489454e-23 
7.380000e-01 4.049976e-23 3.446254e-23 7.496230e-23 
7.400000e-01 4.070923e-23 3.431031e-23 7.501954e-23 
7.420000e-01 4.088203e-23 3.415973e-23 7.504177e-23 
7.440000e-01 4.104276e-23 3.401224e-23 7.505501e-23 
7.460000e-01 4.118525e-23 3.386045e-23 7.504570e-23 
7.480000e-01 4.131558e-23 3.371899e-23 7.503456e-23 
7.500000e-01 4.143181e-23 3.357473e-23 7.500654e-23 
7.520000e-01 4.153312e-23 3.343724e-23 7.497036e-23 
7.540000e-01 4.162155e-23 3.329252e-23 7.491407e-23 
7.560000e-01 4.169482e-23 3.315275e-23 7.484757e-23 
7.580000e-01 4.176378e-23 3.301717e-23 7.478096e-23 
7.600000e-01 4.182860e-23 3.288181e-23 7.471041e-23 
7.620000e-01 4.187682e-23 3.274697e-23 7.462379e-23 
7.640000e-01 4.191927e-23 3.261247e-23 7.453174e-23 
7.660000e-01 4.194952e-23 3.247874e-23 7.442827e-23 
7.680000e-01 4.197675e-23 3.235207e-23 7.432882e-23 
7.700000e-01 4.199929e-23 3.222032e-23 7.421961e-23 
7.720000e-01 4.201318e-23 3.208879e-23 7.410197e-23 
7.740000e-01 4.201868e-23 3.195432e-23 7.397300e-23 
7.760000e-01 4.202103e-23 3.181293e-23 7.383395e-23 
7.780000e-01 4.201186e-23 3.167566e-23 7.368753e-23 
7.800000e-01 4.199790e-23 3.153672e-23 7.353461e-23 
7.820000e-01 4.198031e-23 3.139154e-23 7.337185e-23 
7.840000e-01 4.196599e-23 3.126050e-23 7.322649e-23 
7.860000e-01 4.192987e-23 3.112998e-23 7.305985e-23 
7.880000e-01 4.189296e-23 3.099745e-23 7.289041e-23 
7.900000e-01 4.184967e-23 3.086728e-23 7.271696e-23 
7.920000e-01 4.179797e-23 3.074787e-23 7.254584e-23 
7.940000e-01 4.174160e-23 3.061699e-23 7.235859e-23 
7.960000e-01 4.165583e-23 3.049483e-23 7.215066e-23 
7.980000e-01 4.157341e-23 3.036761e-23 7.194102e-23 
8.000000e-01 4.148728e-23 3.024151e-23 7.172878e-23 
8.020000e-01 4.141698e-23 3.012091e-23 7.153789e-23 
8.040000e-01 4.135200e-23 3.000230e-23 7.135430e-23 
8.060000e-01 4.129258e-23 2.987616e-23 7.116875e-23 
8.080000e-01 4.123079e-23 2.975555e-23 7.098634e-23 
8.100000e-01 4.116676e-23 2.963249e-23 7.079924e-23 
8.120000e-01 4.110776e-23 2.950590e-23 7.061366e-23 
8.140000e-01 4.105733e-23 2.937072e-23 7.042806e-23 
8.160000e-01 4.100466e-23 2.924201e-23 7.024667e-23 
8.180000e-01 4.095106e-23 2.910825e-23 7.005931e-23 
8.200000e-01 4.089880e-23 2.899004e-23 6.988884e-23 
8.220000e-01 4.084794e-23 2.888073e-23 6.972867e-23 
8.240000e-01 4.079674e-23 2.876878e-23 6.956551e-23 
8.260000e-01 4.074895e-23 2.866110e-23 6.941006e-23 
8.280000e-01 4.069895e-23 2.854922e-23 6.924818e-23 
8.300000e-01 4.064885e-23 2.843468e-23 6.908353e-23 
8.320000e-01 4.060193e-23 2.831652e-23 6.891845e-23 
8.340000e-01 4.055556e-23 2.819985e-23 6.875540e-23 
8.360000e-01 4.051219e-23 2.807942e-23 6.859161e-23 
8.380000e-01 4.046668e-23 2.796044e-23 6.842712e-23 
8.400000e-01 4.042925e-23 2.784666e-23 6.827590e-23 
8.420000e-01 4.039126e-23 2.773640e-23 6.812766e-23 
8.440000e-01 4.035436e-23 2.762436e-23 6.797872e-23 
8.460000e-01 4.031701e-23 2.751145e-23 6.782846e-23 
8.480000e-01 4.028264e-23 2.739640e-23 6.767904e-23 
8.500000e-01 4.025224e-23 2.729257e-23 6.754480e-23 
8.520000e-01 4.022154e-23 2.718299e-23 6.740454e-23 
8.540000e-01 4.019552e-23 2.707894e-23 6.727446e-23 
8.560000e-01 4.015453e-23 2.697182e-23 6.712635e-23 
8.580000e-01 4.012552e-23 2.686321e-23 6.698873e-23 
8.600000e-01 4.009878e-23 2.674660e-23 6.684538e-23 
8.620000e-01 4.006577e-23 2.663563e-23 6.670140e-23 
8.640000e-01 4.004110e-23 2.652042e-23 6.656152e-23 
8.660000e-01 4.000637e-23 2.639430e-23 6.640067e-23 
8.680000e-01 3.997563e-23 2.628329e-23 6.625892e-23 
8.700000e-01 3.993792e-23 2.616894e-23 6.610686e-23 
8.720000e-01 3.989744e-23 2.606131e-23 6.595876e-23 
8.740000e-01 3.984506e-23 2.595499e-23 6.580005e-23 
8.760000e-01 3.979282e-23 2.584445e-23 6.563728e-23 
8.780000e-01 3.973831e-23 2.573534e-23 6.547365e-23 
8.800000e-01 3.968192e-23 2.563892e-23 6.532084e-23 
8.820000e-01 3.962037e-23 2.554944e-23 6.516981e-23 
8.840000e-01 3.956781e-23 2.545633e-23 6.502414e-23 
8.860000e-01 3.950909e-23 2.536027e-23 6.486936e-23 
8.880000e-01 3.944490e-23 2.527031e-23 6.471521e-23 
8.900000e-01 3.937960e-23 2.516987e-23 6.454947e-23 
8.920000e-01 3.931126e-23 2.507089e-23 6.438215e-23 
8.940000e-01 3.924497e-23 2.497435e-23 6.421933e-23 
8.960000e-01 3.917973e-23 2.487452e-23 6.405426e-23 
8.980000e-01 3.911663e-23 2.477482e-23 6.389145e-23 
9.000000e-01 3.904681e-23 2.466916e-23 6.371597e-23 
9.020000e-01 3.897567e-23 2.456336e-23 6.353903e-23 
9.040000e-01 3.890254e-23 2.445725e-23 6.335979e-23 
9.060000e-01 3.882973e-23 2.435124e-23 6.318097e-23 
9.080000e-01 3.876175e-23 2.424316e-23 6.300491e-23 
9.100000e-01 3.868707e-23 2.415081e-23 6.283787e-23 
9.120000e-01 3.861678e-23 2.406163e-23 6.267841e-23 
9.140000e-01 3.854101e-23 2.396963e-23 6.251064e-23 
9.160000e-01 3.846418e-23 2.387981e-23 6.234399e-23 
9.180000e-01 3.838826e-23 2.379342e-23 6.218168e-23 
9.200000e-01 3.830968e-23 2.369824e-23 6.200792e-23 
9.220000e-01 3.823271e-23 2.359782e-23 6.183053e-23 
9.240000e-01 3.815717e-23 2.349914e-23 6.165630e-23 
9.260000e-01 3.808018e-23 2.340245e-23 6.148263e-23 
9.280000e-01 3.800133e-23 2.330577e-23 6.130710e-23 
9.300000e-01 3.792080e-23 2.321005e-23 6.113085e-23 
9.320000e-01 3.783997e-23 2.312710e-23 6.096706e-23 
9.340000e-01 3.775783e-23 2.304849e-23 6.080632e-23 
9.360000e-01 3.767685e-23 2.296953e-23 6.064638e-23 
9.380000e-01 3.759865e-23 2.288430e-23 6.048295e-23 
9.400000e-01 3.751386e-23 2.280518e-23 6.031904e-23 
9.420000e-01 3.743474e-23 2.271783e-23 6.015258e-23 
9.440000e-01 3.734489e-23 2.263256e-23 5.997745e-23 
9.460000e-01 3.726262e-23 2.254383e-23 5.980645e-23 
9.480000e-01 3.718021e-23 2.245796e-23 5.963817e-23 
9.500000e-01 3.709616e-23 2.236860e-23 5.946476e-23 
9.520000e-01 3.701123e-23 2.227721e-23 5.928844e-23 
9.540000e-01 3.692640e-23 2.219559e-23 5.912198e-23 
9.560000e-01 3.684555e-23 2.211463e-23 5.896018e-23 
9.580000e-01 3.675783e-23 2.202749e-23 5.878532e-23 
9.600000e-01 3.667360e-23 2.194356e-23 5.861716e-23 
9.620000e-01 3.660264e-23 2.186083e-23 5.846348e-23 
9.640000e-01 3.651423e-23 2.177225e-23 5.828648e-23 
9.660000e-01 3.642842e-23 2.167836e-23 5.810677e-23 
9.680000e-01 3.634241e-23 2.159619e-23 5.793860e-23 
9.700000e-01 3.625514e-23 2.150159e-23 5.775672e-23 
9.720000e-01 3.617252e-23 2.140987e-23 5.758239e-23 
9.740000e-01 3.608234e-23 2.132409e-23 5.740642e-23 
9.760000e-01 3.599746e-23 2.124934e-23 5.724680e-23 
9.780000e-01 3.591195e-23 2.116970e-23 5.708165e-23 
9.800000e-01 3.582810e-23 2.109474e-23 5.692285e-23 
9.820000e-01 3.573956e-23 2.101873e-23 5.675828e-23 
9.840000e-01 3.564551e-23 2.094334e-23 5.658885e-23 
9.860000e-01 3.556198e-23 2.086159e-23 5.642357e-23 
9.880000e-01 3.547757e-23 2.077517e-23 5.625274e-23 
9.900000e-01 3.538494e-23 2.069127e-23 5.607621e-23 
9.920000e-01 3.530062e-23 2.060316e-23 5.590378e-23 
9.940000e-01 3.521305e-23 2.051926e-23 5.573231e-23 
9.960000e-01 3.512635e-23 2.043905e-23 5.556539e-23 
9.980000e-01 3.504110e-23 2.039204e-23 5.543314e-23 
1.000000e+00 3.495520e-23 2.034539e-23 5.530059e-23 
1.002000e+00 3.486828e-23 2.027461e-23 5.514289e-23 
1.004000e+00 3.478383e-23 2.020769e-23 5.499153e-23 
1.006000e+00 3.469711e-23 2.013936e-23 5.483647e-23 
1.008000e+00 3.460854e-23 2.006966e-23 5.467821e-23 
1.010000e+00 3.452074e-23 2.000419e-23 5.452493e-23 
1.012000e+00 3.442980e-23 1.993376e-23 5.436356e-23 
1.014000e+00 3.434689e-23 1.986181e-23 5.420869e-23 
1.016000e+00 3.425535e-23 1.979471e-23 5.405006e-23 
1.018000e+00 3.416947e-23 1.972238e-23 5.389185e-23 
1.020000e+00 3.408247e-23 1.965520e-23 5.373767e-23 
1.022000e+00 3.399607e-23 1.958083e-23 5.357691e-23 
1.024000e+00 3.390628e-23 1.951295e-23 5.341923e-23 
1.026000e+00 3.381899e-23 1.944706e-23 5.326604e-23 
1.028000e+00 3.373392e-23 1.938721e-23 5.312113e-23 
1.030000e+00 3.364269e-23 1.932142e-23 5.296411e-23 
1.032000e+00 3.355924e-23 1.925348e-23 5.281272e-23 
1.034000e+00 3.347179e-23 1.918720e-23 5.265899e-23 
1.036000e+00 3.338468e-23 1.912448e-23 5.250916e-23 
1.038000e+00 3.329829e-23 1.905668e-23 5.235497e-23 
1.040000e+00 3.320698e-23 1.899283e-23 5.219981e-23 
1.042000e+00 3.312526e-23 1.892431e-23 5.204957e-23 
1.044000e+00 3.303505e-23 1.886006e-23 5.189511e-23 
1.046000e+00 3.294998e-23 1.879806e-23 5.174804e-23 
1.048000e+00 3.286274e-23 1.873194e-23 5.159468e-23 
1.050000e+00 3.276544e-23 1.867073e-23 5.143618e-23 
1.052000e+00 3.267525e-23 1.860895e-23 5.128420e-23 
1.054000e+00 3.259023e-23 1.854514e-23 5.113537e-23 
1.056000e+00 3.250628e-23 1.848068e-23 5.098696e-23 
1.058000e+00 3.241803e-23 1.841792e-23 5.083595e-23 
1.060000e+00 3.233164e-23 1.835425e-23 5.068589e-23 
1.062000e+00 3.224017e-23 1.829641e-23 5.053658e-23 
1.064000e+00 3.215449e-23 1.823128e-23 5.038578e-23 
1.066000e+00 3.206905e-23 1.817183e-23 5.024088e-23 
1.068000e+00 3.198111e-23 1.810649e-23 5.008760e-23 
1.070000e+00 3.189384e-23 1.804641e-23 4.994026e-23 
1.072000e+00 3.181132e-23 1.798558e-23 4.979691e-23 
1.074000e+00 3.172152e-23 1.792929e-23 4.965081e-23 
1.076000e+00 3.163594e-23 1.787057e-23 4.950651e-23 
1.078000e+00 3.155256e-23 1.781419e-23 4.936676e-23 
1.080000e+00 3.146601e-23 1.775513e-23 4.922114e-23 
1.082000e+00 3.138585e-23 1.769677e-23 4.908262e-23 
1.084000e+00 3.129064e-23 1.763866e-23 4.892930e-23 
1.086000e+00 3.121116e-23 1.758082e-23 4.879197e-23 
1.088000e+00 3.112410e-23 1.752736e-23 4.865146e-23 
1.090000e+00 3.103911e-23 1.746619e-23 4.850530e-23 
1.092000e+00 3.095680e-23 1.740538e-23 4.836218e-23 
1.094000e+00 3.086666e-23 1.734762e-23 4.821428e-23 
1.096000e+00 3.078130e-23 1.728807e-23 4.806937e-23 
1.098000e+00 3.069496e-23 1.723046e-23 4.792542e-23 
1.100000e+00 3.060913e-23 1.717930e-23 4.778843e-23 
1.102000e+00 3.052735e-23 1.712659e-23 4.765394e-23 
1.104000e+00 3.044146e-23 1.706859e-23 4.751004e-23 
1.106000e+00 3.035633e-23 1.701484e-23 4.737117e-23 
1.108000e+00 3.026846e-23 1.695931e-23 4.722777e-23 
1.110000e+00 3.018647e-23 1.690636e-23 4.709283e-23 
1.112000e+00 3.010206e-23 1.684693e-23 4.694899e-23 
1.114000e+00 3.001644e-23 1.679208e-23 4.680852e-23 
1.116000e+00 2.993074e-23 1.673603e-23 4.666677e-23 
1.118000e+00 2.984341e-23 1.668137e-23 4.652479e-23 
1.120000e+00 2.975955e-23 1.662332e-23 4.638286e-23 
1.122000e+00 2.967568e-23 1.656888e-23 4.624456e-23 
1.124000e+00 2.958896e-23 1.652394e-23 4.611290e-23 
1.126000e+00 2.950707e-23 1.646790e-23 4.597498e-23 
1.128000e+00 2.941956e-23 1.641694e-23 4.583650e-23 
1.130000e+00 2.933522e-23 1.636806e-23 4.570328e-23 
1.132000e+00 2.925026e-23 1.631478e-23 4.556504e-23 
1.134000e+00 2.916541e-23 1.626569e-23 4.543110e-23 
1.136000e+00 2.908734e-23 1.621198e-23 4.529932e-23 
1.138000e+00 2.900511e-23 1.616170e-23 4.516681e-23 
1.140000e+00 2.892232e-23 1.611230e-23 4.503462e-23 
1.142000e+00 2.883618e-23 1.605700e-23 4.489318e-23 
1.144000e+00 2.875349e-23 1.600718e-23 4.476067e-23 
1.146000e+00 2.866507e-23 1.595685e-23 4.462192e-23 
1.148000e+00 2.858253e-23 1.590428e-23 4.448680e-23 
1.150000e+00 2.849793e-23 1.585365e-23 4.435159e-23 
1.152000e+00 2.842092e-23 1.580757e-23 4.422850e-23 
1.154000e+00 2.833712e-23 1.576058e-23 4.409770e-23 
1.156000e+00 2.825990e-23 1.571274e-23 4.397264e-23 
1.158000e+00 2.817308e-23 1.565762e-23 4.383070e-23 
1.160000e+00 2.809157e-23 1.561022e-23 4.370179e-23 
1.162000e+00 2.800801e-23 1.556230e-23 4.357031e-23 
1.164000e+00 2.792580e-23 1.551308e-23 4.343888e-23 
1.166000e+00 2.783725e-23 1.546528e-23 4.330254e-23 
1.168000e+00 2.775436e-23 1.541482e-23 4.316919e-23 
1.170000e+00 2.767305e-23 1.536428e-23 4.303734e-23 
1.172000e+00 2.758753e-23 1.531586e-23 4.290339e-23 
1.174000e+00 2.751278e-23 1.526567e-23 4.277844e-23 
1.176000e+00 2.742832e-23 1.521907e-23 4.264739e-23 
1.178000e+00 2.734396e-23 1.517340e-23 4.251736e-23 
1.180000e+00 2.726094e-23 1.512729e-23 4.238823e-23 
1.182000e+00 2.717611e-23 1.508575e-23 4.226187e-23 
1.184000e+00 2.708703e-23 1.503965e-23 4.212668e-23 
1.186000e+00 2.700857e-23 1.498870e-23 4.199728e-23 
1.188000e+00 2.692722e-23 1.494221e-23 4.186943e-23 
1.190000e+00 2.684770e-23 1.489819e-23 4.174589e-23 
1.192000e+00 2.676506e-23 1.485110e-23 4.161616e-23 
1.194000e+00 2.668315e-23 1.480752e-23 4.149067e-23 
1.196000e+00 2.659906e-23 1.476062e-23 4.135967e-23 
1.198000e+00 2.652040e-23 1.471480e-23 4.123519e-23 
1.200000e+00 2.643753e-23 1.466673e-23 4.110426e-23 
1.202000e+00 2.635505e-23 1.462240e-23 4.097745e-23 
1.204000e+00 2.626792e-23 1.457677e-23 4.084469e-23 
1.206000e+00 2.619095e-23 1.453787e-23 4.072881e-23 
1.208000e+00 2.610865e-23 1.449078e-23 4.059943e-23 
1.210000e+00 2.601815e-23 1.445251e-23 4.047067e-23 
1.212000e+00 2.593665e-23 1.440602e-23 4.034267e-23 
1.214000e+00 2.585612e-23 1.436226e-23 4.021838e-23 
1.216000e+00 2.577677e-23 1.432137e-23 4.009814e-23 
1.218000e+00 2.569573e-23 1.427410e-23 3.996983e-23 
1.220000e+00 2.560655e-23 1.423262e-23 3.983917e-23 
1.222000e+00 2.552170e-23 1.418868e-23 3.971038e-23 
1.224000e+00 2.543909e-23 1.414968e-23 3.958878e-23 
1.226000e+00 2.535451e-23 1.410629e-23 3.946080e-23 
1.228000e+00 2.527286e-23 1.406230e-23 3.933516e-23 
1.230000e+00 2.519201e-23 1.401530e-23 3.920731e-23 
1.232000e+00 2.511822e-23 1.397856e-23 3.909679e-23 
1.234000e+00 2.503082e-23 1.393760e-23 3.896843e-23 
1.236000e+00 2.494503e-23 1.390311e-23 3.884814e-23 
1.238000e+00 2.485663e-23 1.385951e-23 3.871615e-23 
1.240000e+00 2.477317e-23 1.382000e-23 3.859317e-23 
1.242000e+00 2.469029e-23 1.378119e-23 3.847148e-23 
1.244000e+00 2.460336e-23 1.374172e-23 3.834508e-23 
1.246000e+00 2.450762e-23 1.370088e-23 3.820850e-23 
1.248000e+00 2.441720e-23 1.366157e-23 3.807877e-23 
1.250000e+00 2.433108e-23 1.362078e-23 3.795186e-23 
1.252000e+00 2.424537e-23 1.358049e-23 3.782587e-23 
1.254000e+00 2.415591e-23 1.353777e-23 3.769368e-23 
1.256000e+00 2.405702e-23 1.349790e-23 3.755492e-23 
1.258000e+00 2.396821e-23 1.345730e-23 3.742550e-23 
1.260000e+00 2.387654e-23 1.341515e-23 3.729169e-23 
1.262000e+00 2.377856e-23 1.337769e-23 3.715626e-23 
1.264000e+00 2.368282e-23 1.333995e-23 3.702277e-23 
1.266000e+00 2.358731e-23 1.330311e-23 3.689041e-23 
1.268000e+00 2.347888e-23 1.326698e-23 3.674586e-23 
1.270000e+00 2.338078e-23 1.322943e-23 3.661020e-23 
1.272000e+00 2.327290e-23 1.318989e-23 3.646279e-23 
1.274000e+00 2.316428e-23 1.315191e-23 3.631619e-23 
1.276000e+00 2.305552e-23 1.311310e-23 3.616862e-23 
1.278000e+00 2.293549e-23 1.307394e-23 3.600943e-23 
1.280000e+00 2.281230e-23 1.303653e-23 3.584882e-23 
1.282000e+00 2.269217e-23 1.299656e-23 3.568873e-23 
1.284000e+00 2.254767e-23 1.295854e-23 3.550621e-23 
1.286000e+00 2.240129e-23 1.291745e-23 3.531874e-23 
1.288000e+00 2.223066e-23 1.287814e-23 3.510880e-23 
1.290000e+00 2.200267e-23 1.284578e-23 3.484846e-23 
1.292000e+00 2.177857e-23 1.281053e-23 3.458910e-23 
1.294000e+00 2.155111e-23 1.276756e-23 3.431866e-23 
1.296000e+00 2.131814e-23 1.273226e-23 3.405040e-23 
1.298000e+00 2.109345e-23 1.269823e-23 3.379169e-23 
1.300000e+00 2.095693e-23 1.266104e-23 3.361797e-23 
1.302000e+00 2.087108e-23 1.262617e-23 3.349725e-23 
1.304000e+00 2.078034e-23 1.259012e-23 3.337046e-23 
1.306000e+00 2.080688e-23 1.255273e-23 3.335961e-23 
1.308000e+00 2.085367e-23 1.251700e-23 3.337067e-23 
1.310000e+00 2.090785e-23 1.247847e-23 3.338631e-23 
1.312000e+00 2.102299e-23 1.244373e-23 3.346672e-23 
1.314000e+00 2.113525e-23 1.241018e-23 3.354542e-23 
1.316000e+00 2.125236e-23 1.237460e-23 3.362696e-23 
1.318000e+00 2.130990e-23 1.233834e-23 3.364824e-23 
1.320000e+00 2.137263e-23 1.230378e-23 3.367640e-23 
1.322000e+00 2.142688e-23 1.227218e-23 3.369906e-23 
1.324000e+00 2.143967e-23 1.223693e-23 3.367660e-23 
1.326000e+00 2.146371e-23 1.220541e-23 3.366912e-23 
1.328000e+00 2.147751e-23 1.217179e-23 3.364930e-23 
1.330000e+00 2.147831e-23 1.213894e-23 3.361725e-23 
1.332000e+00 2.147907e-23 1.210333e-23 3.358240e-23 
1.334000e+00 2.148159e-23 1.207030e-23 3.355189e-23 
1.336000e+00 2.146787e-23 1.203743e-23 3.350530e-23 
1.338000e+00 2.145851e-23 1.200240e-23 3.346090e-23 
1.340000e+00 2.144512e-23 1.197295e-23 3.341807e-23 
1.342000e+00 2.142630e-23 1.193742e-23 3.336372e-23 
1.344000e+00 2.140559e-23 1.190176e-23 3.330735e-23 
1.346000e+00 2.138510e-23 1.186734e-23 3.325244e-23 
1.348000e+00 2.135944e-23 1.183267e-23 3.319211e-23 
1.350000e+00 2.133936e-23 1.179714e-23 3.313650e-23 
1.352000e+00 2.131877e-23 1.176893e-23 3.308770e-23 
1.354000e+00 2.129056e-23 1.173735e-23 3.302791e-23 
1.356000e+00 2.126532e-23 1.170678e-23 3.297211e-23 
1.358000e+00 2.124530e-23 1.167507e-23 3.292037e-23 
1.360000e+00 2.121142e-23 1.163881e-23 3.285023e-23 
1.362000e+00 2.118709e-23 1.160818e-23 3.279526e-23 
1.364000e+00 2.115950e-23 1.157557e-23 3.273507e-23 
1.366000e+00 2.113059e-23 1.154427e-23 3.267485e-23 
1.368000e+00 2.109410e-23 1.151409e-23 3.260819e-23 
1.370000e+00 2.106587e-23 1.148122e-23 3.254709e-23 
1.372000e+00 2.102783e-23 1.144883e-23 3.247666e-23 
1.374000e+00 2.099900e-23 1.141641e-23 3.241541e-23 
1.376000e+00 2.096472e-23 1.138486e-23 3.234958e-23 
1.378000e+00 2.093272e-23 1.135266e-23 3.228538e-23 
1.380000e+00 2.090059e-23 1.131717e-23 3.221775e-23 
1.382000e+00 2.087510e-23 1.129206e-23 3.216716e-23 
1.384000e+00 2.083494e-23 1.126347e-23 3.209840e-23 
1.386000e+00 2.079633e-23 1.123303e-23 3.202937e-23 
1.388000e+00 2.075855e-23 1.120190e-23 3.196045e-23 
1.390000e+00 2.072736e-23 1.117395e-23 3.190131e-23 
1.392000e+00 2.068604e-23 1.114630e-23 3.183235e-23 
1.394000e+00 2.065629e-23 1.111085e-23 3.176713e-23 
1.396000e+00 2.061769e-23 1.108341e-23 3.170110e-23 
1.398000e+00 2.058414e-23 1.105188e-23 3.163602e-23 
1.400000e+00 2.054262e-23 1.102534e-23 3.156795e-23 
1.402000e+00 2.050424e-23 1.099513e-23 3.149937e-23 
1.404000e+00 2.046931e-23 1.096648e-23 3.143579e-23 
1.406000e+00 2.042943e-23 1.093050e-23 3.135994e-23 
1.408000e+00 2.039133e-23 1.090200e-23 3.129333e-23 
1.410000e+00 2.035990e-23 1.087134e-23 3.123124e-23 
1.412000e+00 2.031444e-23 1.084281e-23 3.115725e-23 
1.414000e+00 2.028064e-23 1.081633e-23 3.109697e-23 
1.416000e+00 2.023954e-23 1.078761e-23 3.102715e-23 
1.418000e+00 2.020252e-23 1.076264e-23 3.096516e-23 
1.420000e+00 2.016293e-23 1.073217e-23 3.089510e-23 
1.422000e+00 2.012635e-23 1.070615e-23 3.083249e-23 
1.424000e+00 2.008808e-23 1.067876e-23 3.076684e-23 
1.426000e+00 2.004602e-23 1.064916e-23 3.069518e-23 
1.428000e+00 2.000452e-23 1.062467e-23 3.062920e-23 
1.430000e+00 1.996286e-23 1.059489e-23 3.055774e-23 
1.432000e+00 1.992270e-23 1.056557e-23 3.048828e-23 
1.434000e+00 1.988732e-23 1.053930e-23 3.042662e-23 
1.436000e+00 1.985114e-23 1.051336e-23 3.036450e-23 
1.438000e+00 1.981322e-23 1.048808e-23 3.030130e-23 
1.440000e+00 1.977666e-23 1.045472e-23 3.023139e-23 
1.442000e+00 1.973819e-23 1.042738e-23 3.016557e-23 
1.444000e+00 1.969069e-23 1.040109e-23 3.009178e-23 
1.446000e+00 1.965344e-23 1.037406e-23 3.002750e-23 
1.448000e+00 1.961609e-23 1.034528e-23 2.996137e-23 
1.450000e+00 1.957590e-23 1.032417e-23 2.990007e-23 
1.452000e+00 1.953038e-23 1.029627e-23 2.982665e-23 
1.454000e+00 1.949156e-23 1.026794e-23 2.975950e-23 
1.456000e+00 1.944914e-23 1.024531e-23 2.969445e-23 
1.458000e+00 1.941038e-23 1.021713e-23 2.962751e-23 
1.460000e+00 1.937049e-23 1.019534e-23 2.956583e-23 
1.462000e+00 1.933004e-23 1.016679e-23 2.949683e-23 
1.464000e+00 1.929157e-23 1.013613e-23 2.942771e-23 
1.466000e+00 1.925066e-23 1.011225e-23 2.936291e-23 
1.468000e+00 1.921375e-23 1.008715e-23 2.930090e-23 
1.470000e+00 1.917391e-23 1.006279e-23 2.923671e-23 
1.472000e+00 1.913254e-23 1.003308e-23 2.916561e-23 
1.474000e+00 1.909807e-23 1.001168e-23 2.910975e-23 
1.476000e+00 1.905530e-23 9.982445e-24 2.903774e-23 
1.478000e+00 1.901499e-23 9.958762e-24 2.897375e-23 
1.480000e+00 1.897951e-23 9.933937e-24 2.891345e-23 
1.482000e+00 1.893815e-23 9.904284e-24 2.884244e-23 
1.484000e+00 1.889970e-23 9.879059e-24 2.877876e-23 
1.486000e+00 1.885903e-23 9.856352e-24 2.871538e-23 
1.488000e+00 1.881580e-23 9.830752e-24 2.864655e-23 
1.490000e+00 1.878028e-23 9.811101e-24 2.859139e-23 
1.492000e+00 1.873234e-23 9.785356e-24 2.851770e-23 
1.494000e+00 1.869794e-23 9.761059e-24 2.845899e-23 
1.496000e+00 1.865476e-23 9.735179e-24 2.838994e-23 
1.498000e+00 1.861580e-23 9.709509e-24 2.832531e-23 
1.500000e+00 1.857793e-23 9.683883e-24 2.826181e-23 
1.502000e+00 1.853264e-23 9.659211e-24 2.819186e-23 
1.504000e+00 1.849603e-23 9.632501e-24 2.812853e-23 
1.506000e+00 1.845736e-23 9.607934e-24 2.806529e-23 
1.508000e+00 1.841998e-23 9.582105e-24 2.800209e-23 
1.510000e+00 1.838182e-23 9.557672e-24 2.793949e-23 
1.512000e+00 1.833650e-23 9.536833e-24 2.787333e-23 
1.514000e+00 1.829901e-23 9.510362e-24 2.780937e-23 
1.516000e+00 1.825966e-23 9.490247e-24 2.774991e-23 
1.518000e+00 1.821905e-23 9.462430e-24 2.768148e-23 
1.520000e+00 1.817878e-23 9.441885e-24 2.762066e-23 
1.522000e+00 1.814240e-23 9.420207e-24 2.756261e-23 
1.524000e+00 1.810091e-23 9.393221e-24 2.749413e-23 
1.526000e+00 1.805935e-23 9.372100e-24 2.743145e-23 
1.528000e+00 1.801976e-23 9.350853e-24 2.737062e-23 
1.530000e+00 1.797799e-23 9.330202e-24 2.730819e-23 
1.532000e+00 1.794776e-23 9.302153e-24 2.724992e-23 
1.534000e+00 1.790355e-23 9.279575e-24 2.718313e-23 
1.536000e+00 1.787239e-23 9.256548e-24 2.712894e-23 
1.538000e+00 1.782948e-23 9.235401e-24 2.706488e-23 
1.540000e+00 1.778935e-23 9.207868e-24 2.699722e-23 
1.542000e+00 1.774867e-23 9.187330e-24 2.693600e-23 
1.544000e+00 1.771158e-23 9.163402e-24 2.687498e-23 
1.546000e+00 1.766940e-23 9.142614e-24 2.681201e-23 
1.548000e+00 1.763534e-23 9.119816e-24 2.675516e-23 
1.550000e+00 1.759399e-23 9.096074e-24 2.669007e-23 
1.552000e+00 1.755860e-23 9.073018e-24 2.663162e-23 
1.554000e+00 1.751506e-23 9.053072e-24 2.656814e-23 
1.556000e+00 1.748111e-23 9.032466e-24 2.651357e-23 
1.558000e+00 1.744467e-23 9.011015e-24 2.645569e-23 
1.560000e+00 1.739872e-23 8.985638e-24 2.638436e-23 
1.562000e+00 1.736375e-23 8.966362e-24 2.633011e-23 
1.564000e+00 1.731936e-23 8.944233e-24 2.626359e-23 
1.566000e+00 1.728247e-23 8.920252e-24 2.620272e-23 
1.568000e+00 1.724448e-23 8.901698e-24 2.614618e-23 
1.570000e+00 1.720798e-23 8.876567e-24 2.608454e-23 
1.572000e+00 1.717258e-23 8.853932e-24 2.602652e-23 
1.574000e+00 1.713196e-23 8.834958e-24 2.596692e-23 
1.576000e+00 1.709652e-23 8.811784e-24 2.590831e-23 
1.578000e+00 1.705184e-23 8.794285e-24 2.584612e-23 
1.580000e+00 1.701113e-23 8.769066e-24 2.578019e-23 
1.582000e+00 1.697681e-23 8.745940e-24 2.572275e-23 
1.584000e+00 1.693681e-23 8.724632e-24 2.566144e-23 
1.586000e+00 1.689915e-23 8.701484e-24 2.560064e-23 
1.588000e+00 1.685985e-23 8.682980e-24 2.554283e-23 
1.590000e+00 1.682363e-23 8.661720e-24 2.548535e-23 
1.592000e+00 1.679054e-23 8.643535e-24 2.543407e-23 
1.594000e+00 1.675219e-23 8.623803e-24 2.537600e-23 
1.596000e+00 1.671987e-23 8.602826e-24 2.532269e-23 
1.598000e+00 1.667992e-23 8.584093e-24 2.526401e-23 
1.600000e+00 1.663894e-23 8.564001e-24 2.520294e-23 
1.602000e+00 1.660139e-23 8.545860e-24 2.514725e-23 
1.604000e+00 1.656148e-23 8.519629e-24 2.508111e-23 
1.606000e+00 1.652886e-23 8.498440e-24 2.502730e-23 
1.608000e+00 1.649623e-23 8.476766e-24 2.497299e-23 
1.610000e+00 1.645393e-23 8.457080e-24 2.491101e-23 
1.612000e+00 1.641462e-23 8.436528e-24 2.485115e-23 
1.614000e+00 1.638194e-23 8.419236e-24 2.480118e-23 
1.616000e+00 1.633890e-23 8.397920e-24 2.473682e-23 
1.618000e+00 1.629674e-23 8.374689e-24 2.467143e-23 
1.620000e+00 1.626251e-23 8.356154e-24 2.461866e-23 
1.622000e+00 1.622949e-23 8.332990e-24 2.456248e-23 
1.624000e+00 1.618863e-23 8.319932e-24 2.450856e-23 
1.626000e+00 1.615503e-23 8.298535e-24 2.445356e-23 
1.628000e+00 1.611945e-23 8.281425e-24 2.440087e-23 
1.630000e+00 1.608441e-23 8.262150e-24 2.434656e-23 
1.632000e+00 1.605194e-23 8.246068e-24 2.429801e-23 
1.634000e+00 1.601290e-23 8.226052e-24 2.423895e-23 
1.636000e+00 1.597240e-23 8.208266e-24 2.418066e-23 
1.638000e+00 1.593810e-23 8.187624e-24 2.412572e-23 
1.640000e+00 1.590152e-23 8.171096e-24 2.407262e-23 
1.642000e+00 1.586470e-23 8.151281e-24 2.401598e-23 
1.644000e+00 1.582917e-23 8.133744e-24 2.396291e-23 
1.646000e+00 1.579339e-23 8.111210e-24 2.390460e-23 
1.648000e+00 1.575754e-23 8.094970e-24 2.385251e-23 
1.650000e+00 1.571776e-23 8.073293e-24 2.379106e-23 
1.652000e+00 1.567759e-23 8.056032e-24 2.373362e-23 
1.654000e+00 1.564381e-23 8.039560e-24 2.368337e-23 
1.656000e+00 1.560582e-23 8.017804e-24 2.362362e-23 
1.658000e+00 1.556878e-23 8.001587e-24 2.357037e-23 
1.660000e+00 1.553972e-23 7.985027e-24 2.352475e-23 
1.662000e+00 1.550412e-23 7.961672e-24 2.346579e-23 
1.664000e+00 1.546253e-23 7.944123e-24 2.340665e-23 
1.666000e+00 1.542567e-23 7.925269e-24 2.335093e-23 
1.668000e+00 1.538775e-23 7.907756e-24 2.329551e-23 
1.670000e+00 1.535857e-23 7.891911e-24 2.325048e-23 
1.672000e+00 1.532219e-23 7.874432e-24 2.319662e-23 
1.674000e+00 1.528163e-23 7.857225e-24 2.313885e-23 
1.676000e+00 1.525044e-23 7.838774e-24 2.308921e-23 
1.678000e+00 1.521365e-23 7.822522e-24 2.303618e-23 
1.680000e+00 1.517430e-23 7.802573e-24 2.297687e-23 
1.682000e+00 1.514387e-23 7.785732e-24 2.292960e-23 
1.684000e+00 1.510468e-23 7.768295e-24 2.287297e-23 
1.686000e+00 1.507386e-23 7.752236e-24 2.282610e-23 
1.688000e+00 1.503171e-23 7.732119e-24 2.276383e-23 
1.690000e+00 1.500078e-23 7.715233e-24 2.271601e-23 
1.692000e+00 1.496311e-23 7.695609e-24 2.265872e-23 
1.694000e+00 1.493224e-23 7.677005e-24 2.260925e-23 
1.696000e+00 1.490089e-23 7.659164e-24 2.256005e-23 
1.698000e+00 1.485850e-23 7.640422e-24 2.249892e-23 
1.700000e+00 1.483265e-23 7.622768e-24 2.245542e-23 
1.702000e+00 1.479083e-23 7.607218e-24 2.239805e-23 
1.704000e+00 1.475817e-23 7.594138e-24 2.235230e-23 
1.706000e+00 1.472489e-23 7.577006e-24 2.230189e-23 
1.708000e+00 1.468272e-23 7.555328e-24 2.223804e-23 
1.710000e+00 1.465543e-23 7.543600e-24 2.219903e-23 
1.712000e+00 1.461973e-23 7.523928e-24 2.214366e-23 
1.714000e+00 1.457827e-23 7.505018e-24 2.208328e-23 
1.716000e+00 1.454587e-23 7.492510e-24 2.203838e-23 
1.718000e+00 1.450911e-23 7.470693e-24 2.197980e-23 
1.720000e+00 1.447712e-23 7.458871e-24 2.193599e-23 
1.722000e+00 1.443854e-23 7.439426e-24 2.187796e-23 
1.724000e+00 1.440069e-23 7.420877e-24 2.182156e-23 
1.726000e+00 1.436848e-23 7.408356e-24 2.177683e-23 
1.728000e+00 1.433355e-23 7.386244e-24 2.171979e-23 
1.730000e+00 1.429916e-23 7.373652e-24 2.167281e-23 
1.732000e+00 1.426443e-23 7.353767e-24 2.161820e-23 
1.734000e+00 1.422939e-23 7.334515e-24 2.156391e-23 
1.736000e+00 1.419229e-23 7.318733e-24 2.151102e-23 
1.738000e+00 1.416056e-23 7.299677e-24 2.146024e-23 
1.740000e+00 1.412735e-23 7.286413e-24 2.141377e-23 
1.742000e+00 1.408394e-23 7.272226e-24 2.135616e-23 
1.744000e+00 1.404778e-23 7.256519e-24 2.130430e-23 
1.746000e+00 1.401222e-23 7.242916e-24 2.125514e-23 
1.748000e+00 1.397566e-23 7.223601e-24 2.119926e-23 
1.750000e+00 1.394195e-23 7.206929e-24 2.114888e-23 
1.752000e+00 1.390525e-23 7.191878e-24 2.109713e-23 
1.754000e+00 1.386873e-23 7.177884e-24 2.104662e-23 
1.756000e+00 1.383327e-23 7.161175e-24 2.099445e-23 
1.758000e+00 1.379902e-23 7.148507e-24 2.094753e-23 
1.760000e+00 1.376253e-23 7.132670e-24 2.089520e-23 
1.762000e+00 1.372447e-23 7.117071e-24 2.084155e-23 
1.764000e+00 1.368995e-23 7.098290e-24 2.078824e-23 
1.766000e+00 1.365377e-23 7.081177e-24 2.073495e-23 
1.768000e+00 1.361421e-23 7.066026e-24 2.068024e-23 
1.770000e+00 1.358032e-23 7.051869e-24 2.063219e-23 
1.772000e+00 1.354096e-23 7.036973e-24 2.057793e-23 
1.774000e+00 1.350476e-23 7.021863e-24 2.052663e-23 
1.776000e+00 1.346142e-23 7.004370e-24 2.046579e-23 
1.778000e+00 1.342597e-23 6.990649e-24 2.041662e-23 
1.780000e+00 1.338574e-23 6.973229e-24 2.035897e-23 
1.782000e+00 1.334851e-23 6.957005e-24 2.030552e-23 
1.784000e+00 1.330405e-23 6.948309e-24 2.025236e-23 
1.786000e+00 1.326593e-23 6.934069e-24 2.020000e-23 
1.788000e+00 1.322226e-23 6.915668e-24 2.013792e-23 
1.790000e+00 1.318521e-23 6.899705e-24 2.008492e-23 
1.792000e+00 1.314656e-23 6.888438e-24 2.003500e-23 
1.794000e+00 1.310122e-23 6.871907e-24 1.997313e-23 
1.796000e+00 1.306228e-23 6.859261e-24 1.992154e-23 
1.798000e+00 1.302561e-23 6.841811e-24 1.986742e-23 
1.800000e+00 1.297931e-23 6.830854e-24 1.981017e-23 
1.802000e+00 1.293125e-23 6.813255e-24 1.974450e-23 
1.804000e+00 1.288650e-23 6.797418e-24 1.968392e-23 
1.806000e+00 1.284213e-23 6.786657e-24 1.962879e-23 
1.808000e+00 1.278679e-23 6.770874e-24 1.955766e-23 
1.810000e+00 1.274255e-23 6.752234e-24 1.949478e-23 
1.812000e+00 1.268666e-23 6.743171e-24 1.942983e-23 
1.814000e+00 1.263945e-23 6.727249e-24 1.936670e-23 
1.816000e+00 1.257035e-23 6.711779e-24 1.928213e-23 
1.818000e+00 1.251172e-23 6.698169e-24 1.920989e-23 
1.820000e+00 1.245119e-23 6.681924e-24 1.913311e-23 
1.822000e+00 1.238161e-23 6.670717e-24 1.905232e-23 
1.824000e+00 1.229881e-23 6.622819e-24 1.892163e-23 
1.826000e+00 1.220462e-23 6.640503e-24 1.884513e-23 
1.828000e+00 1.212298e-23 6.624363e-24 1.874734e-23 
1.830000e+00 1.203677e-23 6.613268e-24 1.865004e-23 
1.832000e+00 1.195539e-23 6.602155e-24 1.855755e-23 
1.834000e+00 1.188315e-23 6.583639e-24 1.846679e-23 
1.836000e+00 1.180037e-23 6.572651e-24 1.837302e-23 
1.838000e+00 1.173440e-23 6.554840e-24 1.828924e-23 
1.840000e+00 1.170130e-23 6.541714e-24 1.824302e-23 
1.842000e+00 1.168152e-23 6.532901e-24 1.821442e-23 
1.844000e+00 1.165882e-23 6.514348e-24 1.817316e-23 
1.846000e+00 1.163610e-23 6.501698e-24 1.813780e-23 
1.848000e+00 1.166249e-23 6.488551e-24 1.815104e-23 
1.850000e+00 1.169277e-23 6.472256e-24 1.816503e-23 
1.852000e+00 1.173200e-23 6.459193e-24 1.819120e-23 
1.854000e+00 1.175223e-23 6.446700e-24 1.819893e-23 
1.856000e+00 1.179706e-23 6.428238e-24 1.822530e-23 
1.858000e+00 1.183712e-23 6.416378e-24 1.825349e-23 
1.860000e+00 1.188139e-23 6.404402e-24 1.828580e-23 
1.862000e+00 1.192432e-23 6.384686e-24 1.830901e-23 
1.864000e+00 1.193681e-23 6.375302e-24 1.831211e-23 
1.866000e+00 1.194824e-23 6.361880e-24 1.831012e-23 
1.868000e+00 1.195743e-23 6.348297e-24 1.830573e-23 
1.870000e+00 1.196673e-23 6.335188e-24 1.830192e-23 
1.872000e+00 1.196858e-23 6.323419e-24 1.829200e-23 
1.874000e+00 1.196396e-23 6.310742e-24 1.827470e-23 
1.876000e+00 1.196405e-23 6.297319e-24 1.826136e-23 
1.878000e+00 1.196685e-23 6.284200e-24 1.825105e-23 
1.880000e+00 1.196305e-23 6.276368e-24 1.823942e-23 
1.882000e+00 1.196628e-23 6.263585e-24 1.822987e-23 
1.884000e+00 1.196124e-23 6.251888e-24 1.821312e-23 
1.886000e+00 1.195522e-23 6.237519e-24 1.819274e-23 
1.888000e+00 1.194912e-23 6.223651e-24 1.817277e-23 
1.890000e+00 1.193609e-23 6.212928e-24 1.814902e-23 
1.892000e+00 1.193271e-23 6.198756e-24 1.813147e-23 
1.894000e+00 1.192459e-23 6.185046e-24 1.810964e-23 
1.896000e+00 1.191160e-23 6.172981e-24 1.808458e-23 
1.898000e+00 1.190588e-23 6.159876e-24 1.806576e-23 
1.900000e+00 1.189227e-23 6.146920e-24 1.803919e-23 
1.902000e+00 1.187935e-23 6.132642e-24 1.801199e-23 
1.904000e+00 1.186479e-23 6.124827e-24 1.798961e-23 
1.906000e+00 1.185422e-23 6.110776e-24 1.796499e-23 
1.908000e+00 1.184782e-23 6.097990e-24 1.794581e-23 
1.910000e+00 1.183299e-23 6.084066e-24 1.791706e-23 
1.912000e+00 1.182002e-23 6.074794e-24 1.789481e-23 
1.914000e+00 1.180735e-23 6.062072e-24 1.786943e-23 
1.916000e+00 1.179891e-23 6.048783e-24 1.784769e-23 
1.918000e+00 1.178663e-23 6.035676e-24 1.782231e-23 
1.920000e+00 1.177526e-23 6.026018e-24 1.780128e-23 
1.922000e+00 1.175891e-23 6.014539e-24 1.777345e-23 
1.924000e+00 1.174376e-23 5.996582e-24 1.774034e-23 
1.926000e+00 1.173055e-23 5.991631e-24 1.772218e-23 
1.928000e+00 1.171978e-23 5.976409e-24 1.769619e-23 
1.930000e+00 1.170178e-23 5.963366e-24 1.766515e-23 
1.932000e+00 1.168639e-23 5.955248e-24 1.764164e-23 
1.934000e+00 1.167472e-23 5.940755e-24 1.761547e-23 
1.936000e+00 1.166020e-23 5.925689e-24 1.758588e-23 
1.938000e+00 1.164388e-23 5.917260e-24 1.756114e-23 
1.940000e+00 1.163167e-23 5.904704e-24 1.753637e-23 
1.942000e+00 1.161513e-23 5.889752e-24 1.750489e-23 
1.944000e+00 1.160066e-23 5.880855e-24 1.748152e-23 
1.946000e+00 1.158667e-23 5.864219e-24 1.745089e-23 
1.948000e+00 1.157174e-23 5.849635e-24 1.742138e-23 
1.950000e+00 1.155426e-23 5.841641e-24 1.739590e-23 
1.952000e+00 1.153227e-23 5.827851e-24 1.736012e-23 
1.954000e+00 1.151876e-23 5.818134e-24 1.733689e-23 
1.956000e+00 1.150223e-23 5.804881e-24 1.730711e-23 
1.958000e+00 1.149464e-23 5.794825e-24 1.728947e-23 
1.960000e+00 1.148002e-23 5.785406e-24 1.726543e-23 
1.962000e+00 1.146438e-23 5.770520e-24 1.723490e-23 
1.964000e+00 1.144687e-23 5.762260e-24 1.720913e-23 
1.966000e+00 1.143365e-23 5.751382e-24 1.718503e-23 
1.968000e+00 1.141800e-23 5.737065e-24 1.715507e-23 
1.970000e+00 1.139993e-23 5.728884e-24 1.712882e-23 
1.972000e+00 1.137850e-23 5.713372e-24 1.709187e-23 
1.974000e+00 1.136231e-23 5.702998e-24 1.706531e-23 
1.976000e+00 1.134700e-23 5.695625e-24 1.704263e-23 
1.978000e+00 1.133072e-23 5.678601e-24 1.700933e-23 
1.980000e+00 1.131357e-23 5.669958e-24 1.698353e-23 
1.982000e+00 1.130023e-23 5.659893e-24 1.696012e-23 
1.984000e+00 1.128443e-23 5.645711e-24 1.693014e-23 
1.986000e+00 1.126792e-23 5.635126e-24 1.690305e-23 
1.988000e+00 1.125075e-23 5.626220e-24 1.687697e-23 
1.990000e+00 1.123536e-23 5.609365e-24 1.684472e-23 
1.992000e+00 1.121764e-23 5.601415e-24 1.681906e-23 
1.994000e+00 1.120083e-23 5.592599e-24 1.679343e-23 
1.996000e+00 1.118583e-23 5.577140e-24 1.676297e-23 
1.998000e+00 1.117030e-23 5.567451e-24 1.673775e-23 
2.000000e+00 1.114934e-23 5.557083e-24 1.670642e-23 
2.002000e+00 1.113534e-23 5.548893e-24 1.668424e-23 
2.004000e+00 1.111843e-23 5.536356e-24 1.665478e-23 
2.006000e+00 1.110259e-23 5.526172e-24 1.662876e-23 
2.008000e+00 1.108465e-23 5.515173e-24 1.659983e-23 
2.010000e+00 1.106877e-23 5.505897e-24 1.657466e-23 
2.012000e+00 1.105370e-23 5.496309e-24 1.655001e-23 
2.014000e+00 1.103584e-23 5.485538e-24 1.652137e-23 
2.016000e+00 1.101702e-23 5.475602e-24 1.649263e-23 
2.018000e+00 1.100058e-23 5.466850e-24 1.646743e-23 
2.020000e+00 1.098120e-23 5.456020e-24 1.643722e-23 
2.022000e+00 1.096553e-23 5.445185e-24 1.641071e-23 
2.024000e+00 1.094714e-23 5.434601e-24 1.638174e-23 
2.026000e+00 1.092904e-23 5.423374e-24 1.635241e-23 
2.028000e+00 1.091331e-23 5.414070e-24 1.632738e-23 
2.030000e+00 1.089491e-23 5.404339e-24 1.629925e-23 
2.032000e+00 1.087637e-23 5.393660e-24 1.627003e-23 
2.034000e+00 1.086958e-23 5.383062e-24 1.625264e-23 
2.036000e+00 1.084729e-23 5.366602e-24 1.621389e-23 
2.038000e+00 1.083168e-23 5.355835e-24 1.618751e-23 
2.040000e+00 1.082113e-23 5.345354e-24 1.616648e-23 
2.042000e+00 1.080325e-23 5.333612e-24 1.613686e-23 
2.044000e+00 1.078422e-23 5.329759e-24 1.611398e-23 
2.046000e+00 1.076565e-23 5.317794e-24 1.608344e-23 
2.048000e+00 1.075178e-23 5.306749e-24 1.605853e-23 
2.050000e+00 1.073023e-23 5.296692e-24 1.602693e-23 
2.052000e+00 1.071088e-23 5.287436e-24 1.599832e-23 
2.054000e+00 1.070223e-23 5.274936e-24 1.597716e-23 
2.056000e+00 1.068451e-23 5.264069e-24 1.594858e-23 
2.058000e+00 1.066703e-23 5.260753e-24 1.592778e-23 
2.060000e+00 1.064809e-23 5.248390e-24 1.589648e-23 
2.062000e+00 1.062849e-23 5.237519e-24 1.586601e-23 
2.064000e+00 1.061623e-23 5.225960e-24 1.584219e-23 
2.066000e+00 1.060013e-23 5.214854e-24 1.581498e-23 
2.068000e+00 1.057857e-23 5.204111e-24 1.578268e-23 
2.070000e+00 1.057240e-23 5.196441e-24 1.576884e-23 
2.072000e+00 1.055061e-23 5.186539e-24 1.573715e-23 
2.074000e+00 1.053570e-23 5.176952e-24 1.571266e-23 
2.076000e+00 1.051774e-23 5.164694e-24 1.568243e-23 
2.078000e+00 1.049979e-23 5.154547e-24 1.565434e-23 
2.080000e+00 1.048819e-23 5.147547e-24 1.563574e-23 
2.082000e+00 1.046990e-23 5.137341e-24 1.560724e-23 
2.084000e+00 1.045076e-23 5.124165e-24 1.557493e-23 
2.086000e+00 1.043135e-23 5.113105e-24 1.554446e-23 
2.088000e+00 1.041046e-23 5.103149e-24 1.551361e-23 
2.090000e+00 1.039897e-23 5.096259e-24 1.549523e-23 
2.092000e+00 1.038129e-23 5.085220e-24 1.546651e-23 
2.094000e+00 1.037194e-23 5.079893e-24 1.545183e-23 
2.096000e+00 1.035233e-23 5.067186e-24 1.541952e-23 
2.098000e+00 1.033961e-23 5.061270e-24 1.540088e-23 
2.100000e+00 1.031751e-23 5.050709e-24 1.536822e-23 
2.102000e+00 1.030748e-23 5.044767e-24 1.535225e-23 
2.104000e+00 1.028457e-23 5.032062e-24 1.531664e-23 
2.106000e+00 1.026571e-23 5.027303e-24 1.529302e-23 
2.108000e+00 1.025419e-23 5.014447e-24 1.526864e-23 
2.110000e+00 1.023388e-23 5.008425e-24 1.524231e-23 
2.112000e+00 1.022159e-23 4.995068e-24 1.521666e-23 
2.114000e+00 1.020400e-23 4.990373e-24 1.519437e-23 
2.116000e+00 1.018906e-23 4.977601e-24 1.516666e-23 
2.118000e+00 1.016778e-23 4.973786e-24 1.514156e-23 
2.120000e+00 1.015553e-23 4.958689e-24 1.511422e-23 
2.122000e+00 1.013365e-23 4.953123e-24 1.508678e-23 
2.124000e+00 1.012137e-23 4.941826e-24 1.506320e-23 
2.126000e+00 1.010236e-23 4.935165e-24 1.503753e-23 
2.128000e+00 1.008920e-23 4.922927e-24 1.501213e-23 
2.130000e+00 1.006700e-23 4.917981e-24 1.498498e-23 
2.132000e+00 1.005530e-23 4.905047e-24 1.496035e-23 
2.134000e+00 1.003573e-23 4.896317e-24 1.493204e-23 
2.136000e+00 1.002371e-23 4.884934e-24 1.490865e-23 
2.138000e+00 1.000861e-23 4.878837e-24 1.488745e-23 
2.140000e+00 9.995760e-24 4.873171e-24 1.486893e-23 
2.142000e+00 9.974208e-24 4.859996e-24 1.483420e-23 
2.144000e+00 9.963410e-24 4.853217e-24 1.481663e-23 
2.146000e+00 9.948383e-24 4.846931e-24 1.479531e-23 
2.148000e+00 9.927649e-24 4.834221e-24 1.476187e-23 
2.150000e+00 9.915319e-24 4.829109e-24 1.474443e-23 
2.152000e+00 9.892536e-24 4.818782e-24 1.471132e-23 
2.154000e+00 9.877395e-24 4.809861e-24 1.468726e-23 
2.156000e+00 9.867686e-24 4.801560e-24 1.466925e-23 
2.158000e+00 9.843455e-24 4.795321e-24 1.463878e-23 
2.160000e+00 9.832065e-24 4.782883e-24 1.461495e-23 
2.162000e+00 9.819740e-24 4.775003e-24 1.459474e-23 
2.164000e+00 9.801798e-24 4.766931e-24 1.456873e-23 
2.166000e+00 9.788579e-24 4.761578e-24 1.455016e-23 
2.168000e+00 9.768954e-24 4.748656e-24 1.451761e-23 
2.170000e+00 9.754444e-24 4.742225e-24 1.449667e-23 
2.172000e+00 9.739697e-24 4.732759e-24 1.447246e-23 
2.174000e+00 9.725658e-24 4.720246e-24 1.444590e-23 
2.176000e+00 9.712993e-24 4.713805e-24 1.442680e-23 
2.178000e+00 9.688479e-24 4.707055e-24 1.439553e-23 
2.180000e+00 9.675157e-24 4.699951e-24 1.437511e-23 
2.182000e+00 9.662143e-24 4.687624e-24 1.434977e-23 
2.184000e+00 9.648765e-24 4.680470e-24 1.432923e-23 
2.186000e+00 9.633562e-24 4.672513e-24 1.430607e-23 
2.188000e+00 9.619055e-24 4.663525e-24 1.428258e-23 
2.190000e+00 9.596655e-24 4.651755e-24 1.424841e-23 
2.192000e+00 9.583992e-24 4.644188e-24 1.422818e-23 
2.194000e+00 9.571160e-24 4.636643e-24 1.420780e-23 
2.196000e+00 9.553507e-24 4.629710e-24 1.418322e-23 
2.198000e+00 9.541309e-24 4.620917e-24 1.416223e-23 
2.200000e+00 9.525103e-24 4.615814e-24 1.414092e-23 
2.202000e+00 9.511827e-24 4.608687e-24 1.412051e-23 
2.204000e+00 9.488900e-24 4.600038e-24 1.408894e-23 
2.206000e+00 9.471750e-24 4.592010e-24 1.406376e-23 
2.208000e+00 9.459719e-24 4.580550e-24 1.404027e-23 
2.210000e+00 9.442901e-24 4.572683e-24 1.401558e-23 
2.212000e+00 9.427811e-24 4.562659e-24 1.399047e-23 
2.214000e+00 9.414757e-24 4.556548e-24 1.397130e-23 
2.216000e+00 9.401666e-24 4.548924e-24 1.395059e-23 
2.218000e+00 9.384067e-24 4.540091e-24 1.392416e-23 
2.220000e+00 9.369171e-24 4.534267e-24 1.390344e-23 
2.222000e+00 9.353006e-24 4.525667e-24 1.387867e-23 
2.224000e+00 9.338740e-24 4.518079e-24 1.385682e-23 
2.226000e+00 9.321070e-24 4.509918e-24 1.383099e-23 
2.228000e+00 9.307745e-24 4.497196e-24 1.380494e-23 
2.230000e+00 9.291223e-24 4.489339e-24 1.378056e-23 
2.232000e+00 9.277106e-24 4.480784e-24 1.375789e-23 
2.234000e+00 9.261832e-24 4.473524e-24 1.373536e-23 
2.236000e+00 9.256045e-24 4.464856e-24 1.372090e-23 
2.238000e+00 9.238055e-24 4.457040e-24 1.369509e-23 
2.240000e+00 9.222586e-24 4.450117e-24 1.367270e-23 
2.242000e+00 9.206673e-24 4.441048e-24 1.364772e-23 
2.244000e+00 9.190094e-24 4.433887e-24 1.362398e-23 
2.246000e+00 9.178240e-24 4.425247e-24 1.360349e-23 
2.248000e+00 9.160647e-24 4.418204e-24 1.357885e-23 
2.250000e+00 9.145008e-24 4.410333e-24 1.355534e-23 
2.252000e+00 9.127647e-24 4.400171e-24 1.352782e-23 
2.254000e+00 9.111957e-24 4.397967e-24 1.350992e-23 
2.256000e+00 9.096582e-24 4.391828e-24 1.348841e-23 
2.258000e+00 9.080513e-24 4.382334e-24 1.346285e-23 
2.260000e+00 9.067741e-24 4.373929e-24 1.344167e-23 
2.262000e+00 9.055776e-24 4.365367e-24 1.342114e-23 
2.264000e+00 9.038013e-24 4.359213e-24 1.339723e-23 
2.266000e+00 9.025262e-24 4.351458e-24 1.337672e-23 
2.268000e+00 9.007568e-24 4.342394e-24 1.334996e-23 
2.270000e+00 8.992361e-24 4.332085e-24 1.332445e-23 
2.272000e+00 8.979900e-24 4.324844e-24 1.330474e-23 
2.274000e+00 8.970004e-24 4.315433e-24 1.328544e-23 
2.276000e+00 8.951211e-24 4.307453e-24 1.325866e-23 
2.278000e+00 8.936123e-24 4.304068e-24 1.324019e-23 
2.280000e+00 8.919874e-24 4.296897e-24 1.321677e-23 
2.282000e+00 8.909119e-24 4.287509e-24 1.319663e-23 
2.284000e+00 8.892816e-24 4.278936e-24 1.317175e-23 
2.286000e+00 8.883526e-24 4.271053e-24 1.315458e-23 
2.288000e+00 8.864800e-24 4.262164e-24 1.312696e-23 
2.290000e+00 8.851181e-24 4.252834e-24 1.310402e-23 
2.292000e+00 8.840643e-24 4.246378e-24 1.308702e-23 
2.294000e+00 8.825845e-24 4.241370e-24 1.306722e-23 
2.296000e+00 8.807528e-24 4.230941e-24 1.303847e-23 
2.298000e+00 8.790247e-24 4.224110e-24 1.301436e-23 
2.300000e+00 8.781830e-24 4.222388e-24 1.300422e-23 
2.302000e+00 8.764676e-24 4.213246e-24 1.297792e-23 
2.304000e+00 8.747844e-24 4.205028e-24 1.295287e-23 
2.306000e+00 8.743244e-24 4.196071e-24 1.293931e-23 
2.308000e+00 8.724367e-24 4.192324e-24 1.291669e-23 
2.310000e+00 8.714793e-24 4.182580e-24 1.289737e-23 
2.312000e+00 8.699667e-24 4.174526e-24 1.287419e-23 
2.314000e+00 8.687150e-24 4.171650e-24 1.285880e-23 
2.316000e+00 8.671641e-24 4.164366e-24 1.283601e-23 
2.318000e+00 8.661527e-24 4.154295e-24 1.281582e-23 
2.320000e+00 8.644894e-24 4.143712e-24 1.278861e-23 
2.322000e+00 8.625133e-24 4.141284e-24 1.276642e-23 
2.324000e+00 8.617122e-24 4.133204e-24 1.275033e-23 
2.326000e+00 8.601479e-24 4.122713e-24 1.272419e-23 
2.328000e+00 8.581753e-24 4.122317e-24 1.270407e-23 
2.330000e+00 8.575694e-24 4.112086e-24 1.268778e-23 
2.332000e+00 8.554940e-24 4.101656e-24 1.265660e-23 
2.334000e+00 8.536148e-24 4.100277e-24 1.263643e-23 
2.336000e+00 8.528894e-24 4.090877e-24 1.261977e-23 
2.338000e+00 8.512754e-24 4.080663e-24 1.259342e-23 
2.340000e+00 8.499586e-24 4.078750e-24 1.257834e-23 
2.342000e+00 8.491331e-24 4.068359e-24 1.255969e-23 
2.344000e+00 8.473662e-24 4.059623e-24 1.253328e-23 
2.346000e+00 8.465870e-24 4.055433e-24 1.252130e-23 
2.348000e+00 8.454751e-24 4.049199e-24 1.250395e-23 
2.350000e+00 8.439246e-24 4.043723e-24 1.248297e-23 
2.352000e+00 8.426707e-24 4.033783e-24 1.246049e-23 
2.354000e+00 8.417321e-24 4.031365e-24 1.244869e-23 
2.356000e+00 8.399916e-24 4.022113e-24 1.242203e-23 
2.358000e+00 8.390948e-24 4.016795e-24 1.240774e-23 
2.360000e+00 8.370677e-24 4.008471e-24 1.237915e-23 
2.362000e+00 8.360056e-24 4.004503e-24 1.236456e-23 
2.364000e+00 8.342494e-24 3.994913e-24 1.233741e-23 
2.366000e+00 8.333495e-24 3.990333e-24 1.232383e-23 
2.368000e+00 8.313647e-24 3.983705e-24 1.229735e-23 
2.370000e+00 8.305104e-24 3.974744e-24 1.227985e-23 
2.372000e+00 8.283298e-24 3.968617e-24 1.225191e-23 
2.374000e+00 8.274032e-24 3.964938e-24 1.223897e-23 
2.376000e+00 8.265653e-24 3.954897e-24 1.222055e-23 
2.378000e+00 8.253698e-24 3.951099e-24 1.220480e-23 
2.380000e+00 8.235939e-24 3.942944e-24 1.217888e-23 
2.382000e+00 8.227108e-24 3.939622e-24 1.216673e-23 
2.384000e+00 8.213256e-24 3.928788e-24 1.214204e-23 
2.386000e+00 8.197592e-24 3.925159e-24 1.212275e-23 
2.388000e+00 8.185342e-24 3.915257e-24 1.210060e-23 
2.390000e+00 8.167631e-24 3.913541e-24 1.208117e-23 
2.392000e+00 8.157158e-24 3.901043e-24 1.205820e-23 
2.394000e+00 8.145355e-24 3.897707e-24 1.204306e-23 
2.396000e+00 8.126646e-24 3.888552e-24 1.201520e-23 
2.398000e+00 8.118831e-24 3.885084e-24 1.200391e-23 
2.400000e+00 8.107034e-24 3.879440e-24 1.198647e-23 
2.402000e+00 8.093230e-24 3.868339e-24 1.196157e-23 
2.404000e+00 8.086043e-24 3.867217e-24 1.195326e-23 
2.406000e+00 8.065343e-24 3.857739e-24 1.192308e-23 
2.408000e+00 8.053285e-24 3.852187e-24 1.190547e-23 
2.410000e+00 8.045126e-24 3.848015e-24 1.189314e-23 
2.412000e+00 8.031624e-24 3.837744e-24 1.186937e-23 
2.414000e+00 8.019941e-24 3.834318e-24 1.185426e-23 
2.416000e+00 8.001055e-24 3.828134e-24 1.182919e-23 
2.418000e+00 7.992065e-24 3.819087e-24 1.181115e-23 
2.420000e+00 7.980178e-24 3.816550e-24 1.179673e-23 
2.422000e+00 7.967008e-24 3.806887e-24 1.177390e-23 
2.424000e+00 7.957927e-24 3.802067e-24 1.175999e-23 
2.426000e+00 7.939280e-24 3.798182e-24 1.173746e-23 
2.428000e+00 7.926182e-24 3.788215e-24 1.171440e-23 
2.430000e+00 7.917933e-24 3.782571e-24 1.170050e-23 
2.432000e+00 7.905680e-24 3.779655e-24 1.168533e-23 
2.434000e+00 7.891463e-24 3.768356e-24 1.165982e-23 
2.436000e+00 7.882994e-24 3.765393e-24 1.164839e-23 
2.438000e+00 7.869916e-24 3.760651e-24 1.163057e-23 
2.440000e+00 7.857729e-24 3.751620e-24 1.160935e-23 
2.442000e+00 7.846045e-24 3.745544e-24 1.159159e-23 
2.444000e+00 7.838059e-24 3.741685e-24 1.157974e-23 
2.446000e+00 7.825804e-24 3.731767e-24 1.155757e-23 
2.448000e+00 7.804664e-24 3.726749e-24 1.153141e-23 
2.450000e+00 7.793871e-24 3.722778e-24 1.151665e-23 
2.452000e+00 7.782277e-24 3.712841e-24 1.149512e-23 
2.454000e+00 7.769370e-24 3.709730e-24 1.147910e-23 
2.456000e+00 7.760144e-24 3.703878e-24 1.146402e-23 
2.458000e+00 7.747886e-24 3.693983e-24 1.144187e-23 
2.460000e+00 7.733201e-24 3.687919e-24 1.142112e-23 
2.462000e+00 7.721532e-24 3.685431e-24 1.140696e-23 
2.464000e+00 7.711053e-24 3.680970e-24 1.139202e-23 
2.466000e+00 7.699443e-24 3.670064e-24 1.136951e-23 
2.468000e+00 7.689855e-24 3.665112e-24 1.135497e-23 
2.470000e+00 7.674946e-24 3.660182e-24 1.133513e-23 
2.472000e+00 7.661506e-24 3.655736e-24 1.131724e-23 
2.474000e+00 7.651203e-24 3.651588e-24 1.130279e-23 
2.476000e+00 7.632325e-24 3.641948e-24 1.127427e-23 
2.478000e+00 7.620570e-24 3.636613e-24 1.125718e-23 
2.480000e+00 7.609067e-24 3.631668e-24 1.124074e-23 
2.482000e+00 7.596313e-24 3.626634e-24 1.122295e-23 
2.484000e+00 7.584697e-24 3.623161e-24 1.120786e-23 
2.486000e+00 7.580412e-24 3.610864e-24 1.119128e-23 
2.488000e+00 7.567497e-24 3.607623e-24 1.117512e-23 
2.490000e+00 7.555038e-24 3.601877e-24 1.115691e-23 
2.492000e+00 7.541267e-24 3.596655e-24 1.113792e-23 
2.494000e+00 7.529867e-24 3.591335e-24 1.112120e-23 
2.496000e+00 7.517714e-24 3.582667e-24 1.110038e-23 
2.498000e+00 7.505765e-24 3.576697e-24 1.108246e-23 
2.500000e+00 7.492701e-24 3.572163e-24 1.106486e-23 
2.502000e+00 7.481033e-24 3.515256e-24 1.099629e-23 
2.504000e+00 7.469223e-24 3.562905e-24 1.103213e-23 
2.506000e+00 7.455236e-24 3.552750e-24 1.100799e-23 
2.508000e+00 7.450340e-24 3.547724e-24 1.099806e-23 
2.510000e+00 7.439997e-24 3.542663e-24 1.098266e-23 
2.512000e+00 7.427369e-24 3.537879e-24 1.096525e-23 
2.514000e+00 7.411746e-24 3.531416e-24 1.094316e-23 
2.516000e+00 7.400319e-24 3.528379e-24 1.092870e-23 
2.518000e+00 7.386826e-24 3.520609e-24 1.090743e-23 
2.520000e+00 7.377705e-24 3.518968e-24 1.089667e-23 
2.522000e+00 7.364973e-24 3.510999e-24 1.087597e-23 
2.524000e+00 7.357441e-24 3.501517e-24 1.085896e-23 
2.526000e+00 7.348468e-24 3.496812e-24 1.084528e-23 
2.528000e+00 7.334046e-24 3.491551e-24 1.082560e-23 
2.530000e+00 7.322310e-24 3.487547e-24 1.080986e-23 
2.532000e+00 7.317206e-24 3.481464e-24 1.079867e-23 
2.534000e+00 7.302159e-24 3.475426e-24 1.077758e-23 
2.536000e+00 7.291896e-24 3.470355e-24 1.076225e-23 
2.538000e+00 7.276975e-24 3.465195e-24 1.074217e-23 
2.540000e+00 7.263884e-24 3.461365e-24 1.072525e-23 
2.542000e+00 7.249251e-24 3.453271e-24 1.070252e-23 
2.544000e+00 7.248011e-24 3.449793e-24 1.069780e-23 
2.546000e+00 7.234388e-24 3.444133e-24 1.067852e-23 
2.548000e+00 7.218952e-24 3.438866e-24 1.065782e-23 
2.550000e+00 7.214261e-24 3.434291e-24 1.064855e-23 
2.552000e+00 7.202133e-24 3.428274e-24 1.063041e-23 
2.554000e+00 7.190557e-24 3.422977e-24 1.061353e-23 
2.556000e+00 7.184196e-24 3.419522e-24 1.060372e-23 
2.558000e+00 7.170097e-24 3.412561e-24 1.058266e-23 
2.560000e+00 7.155451e-24 3.408001e-24 1.056345e-23 
2.562000e+00 7.151583e-24 3.402714e-24 1.055430e-23 
2.564000e+00 7.139658e-24 3.392006e-24 1.053166e-23 
2.566000e+00 7.124559e-24 3.385811e-24 1.051037e-23 
2.568000e+00 7.114188e-24 3.381133e-24 1.049532e-23 
2.570000e+00 7.105992e-24 3.375200e-24 1.048119e-23 
2.572000e+00 7.094026e-24 3.370729e-24 1.046476e-23 
2.574000e+00 7.079696e-24 3.369072e-24 1.044877e-23 
2.576000e+00 7.068585e-24 3.363538e-24 1.043212e-23 
2.578000e+00 7.053610e-24 3.359604e-24 1.041321e-23 
2.580000e+00 7.048246e-24 3.354152e-24 1.040240e-23 
2.582000e+00 7.035254e-24 3.347764e-24 1.038302e-23 
2.584000e+00 7.018878e-24 3.342846e-24 1.036172e-23 
2.586000e+00 7.015357e-24 3.335958e-24 1.035131e-23 
2.588000e+00 7.001511e-24 3.330476e-24 1.033199e-23 
2.590000e+00 6.987462e-24 3.325347e-24 1.031281e-23 
2.592000e+00 6.983608e-24 3.321552e-24 1.030516e-23 
2.594000e+00 6.969507e-24 3.315579e-24 1.028509e-23 
2.596000e+00 6.962651e-24 3.309747e-24 1.027240e-23 
2.598000e+00 6.949864e-24 3.310828e-24 1.026069e-23 
2.600000e+00 6.934282e-24 3.303167e-24 1.023745e-23 
2.602000e+00 6.930751e-24 3.297298e-24 1.022805e-23 
2.604000e+00 6.920569e-24 3.293511e-24 1.021408e-23 
2.606000e+00 6.908738e-24 3.286134e-24 1.019487e-23 
2.608000e+00 6.895319e-24 3.281315e-24 1.017663e-23 
2.610000e+00 6.890377e-24 3.275435e-24 1.016581e-23 
2.612000e+00 6.883324e-24 3.268695e-24 1.015202e-23 
2.614000e+00 6.871695e-24 3.263802e-24 1.013550e-23 
2.616000e+00 6.855544e-24 3.257633e-24 1.011318e-23 
2.618000e+00 6.850675e-24 3.257247e-24 1.010792e-23 
2.620000e+00 6.838188e-24 3.252593e-24 1.009078e-23 
2.622000e+00 6.832347e-24 3.247339e-24 1.007969e-23 
2.624000e+00 6.816319e-24 3.240492e-24 1.005681e-23 
2.626000e+00 6.804283e-24 3.235307e-24 1.003959e-23 
2.628000e+00 6.797045e-24 3.229010e-24 1.002605e-23 
2.630000e+00 6.782615e-24 3.222731e-24 1.000535e-23 
2.632000e+00 6.777954e-24 3.217564e-24 9.995518e-24 
2.634000e+00 6.761919e-24 3.217288e-24 9.979208e-24 
2.636000e+00 6.748689e-24 3.212195e-24 9.960884e-24 
2.638000e+00 6.745326e-24 3.206523e-24 9.951849e-24 
2.640000e+00 6.734798e-24 3.201420e-24 9.936218e-24 
2.642000e+00 6.720679e-24 3.196263e-24 9.916942e-24 
2.644000e+00 6.716027e-24 3.194618e-24 9.910645e-24 
2.646000e+00 6.701533e-24 3.188827e-24 9.890360e-24 
2.648000e+00 6.693012e-24 3.180034e-24 9.873045e-24 
2.650000e+00 6.689753e-24 3.176264e-24 9.866017e-24 
2.652000e+00 6.674014e-24 3.170524e-24 9.844537e-24 
2.654000e+00 6.670846e-24 3.169481e-24 9.840326e-24 
2.656000e+00 6.654461e-24 3.164256e-24 9.818717e-24 
2.658000e+00 6.646327e-24 3.158227e-24 9.804554e-24 
2.660000e+00 6.630882e-24 3.151632e-24 9.782514e-24 
2.662000e+00 6.625876e-24 3.145622e-24 9.771498e-24 
2.664000e+00 6.613142e-24 3.146617e-24 9.759759e-24 
2.666000e+00 6.605857e-24 3.138609e-24 9.744467e-24 
2.668000e+00 6.590912e-24 3.133512e-24 9.724424e-24 
2.670000e+00 6.586007e-24 3.128972e-24 9.714978e-24 
2.672000e+00 6.571412e-24 3.122456e-24 9.693868e-24 
2.674000e+00 6.563685e-24 3.122227e-24 9.685912e-24 
2.676000e+00 6.547360e-24 3.114923e-24 9.662283e-24 
2.678000e+00 6.543414e-24 3.108995e-24 9.652409e-24 
2.680000e+00 6.535252e-24 3.101340e-24 9.636592e-24 
2.682000e+00 6.518489e-24 3.097323e-24 9.615812e-24 
2.684000e+00 6.515070e-24 3.095987e-24 9.611058e-24 
2.686000e+00 6.506481e-24 3.092211e-24 9.598692e-24 
2.688000e+00 6.491959e-24 3.084056e-24 9.576015e-24 
2.690000e+00 6.486639e-24 3.077348e-24 9.563987e-24 
2.692000e+00 6.471488e-24 3.076115e-24 9.547603e-24 
2.694000e+00 6.463815e-24 3.071718e-24 9.535533e-24 
2.696000e+00 6.458449e-24 3.066702e-24 9.525151e-24 
2.698000e+00 6.444296e-24 3.065190e-24 9.509485e-24 
2.700000e+00 6.435667e-24 3.057528e-24 9.493194e-24 
2.702000e+00 6.426646e-24 3.051575e-24 9.478221e-24 
2.704000e+00 6.416711e-24 3.051392e-24 9.468103e-24 
2.706000e+00 6.406349e-24 3.044468e-24 9.450817e-24 
2.708000e+00 6.399903e-24 3.039917e-24 9.439820e-24 
2.710000e+00 6.393946e-24 3.037933e-24 9.431879e-24 
2.712000e+00 6.380296e-24 3.032007e-24 9.412303e-24 
2.714000e+00 6.370615e-24 3.026555e-24 9.397170e-24 
2.716000e+00 6.363258e-24 3.026551e-24 9.389809e-24 
2.718000e+00 6.356980e-24 3.019257e-24 9.376237e-24 
2.720000e+00 6.348322e-24 3.012144e-24 9.360466e-24 
2.722000e+00 6.335918e-24 3.011398e-24 9.347316e-24 
2.724000e+00 6.328901e-24 3.005682e-24 9.334584e-24 
2.726000e+00 6.324705e-24 3.000442e-24 9.325146e-24 
2.728000e+00 6.308097e-24 2.998403e-24 9.306500e-24 
2.730000e+00 6.300106e-24 2.993054e-24 9.293159e-24 
2.732000e+00 6.292772e-24 2.985790e-24 9.278562e-24 
2.734000e+00 6.287320e-24 2.985059e-24 9.272379e-24 
2.736000e+00 6.271291e-24 2.979682e-24 9.250972e-24 
2.738000e+00 6.262039e-24 2.973097e-24 9.235136e-24 
2.740000e+00 6.253758e-24 2.972574e-24 9.226332e-24 
2.742000e+00 6.250261e-24 2.965271e-24 9.215532e-24 
2.744000e+00 6.242263e-24 2.960142e-24 9.202405e-24 
2.746000e+00 6.226312e-24 2.959101e-24 9.185413e-24 
2.748000e+00 6.218720e-24 2.952399e-24 9.171119e-24 
2.750000e+00 6.211630e-24 2.944830e-24 9.156460e-24 
2.752000e+00 6.195883e-24 2.943882e-24 9.139766e-24 
2.754000e+00 6.188459e-24 2.938300e-24 9.126759e-24 
2.756000e+00 6.179611e-24 2.937194e-24 9.116805e-24 
2.758000e+00 6.173641e-24 2.931740e-24 9.105381e-24 
2.760000e+00 6.167966e-24 2.924012e-24 9.091978e-24 
2.762000e+00 6.150249e-24 2.923689e-24 9.073938e-24 
2.764000e+00 6.142870e-24 2.918387e-24 9.061257e-24 
2.766000e+00 6.134802e-24 2.914901e-24 9.049704e-24 
2.768000e+00 6.129854e-24 2.909603e-24 9.039457e-24 
2.770000e+00 6.119613e-24 2.907558e-24 9.027172e-24 
2.772000e+00 6.111228e-24 2.901876e-24 9.013104e-24 
2.774000e+00 6.103920e-24 2.893532e-24 8.997453e-24 
2.776000e+00 6.087976e-24 2.893891e-24 8.981867e-24 
2.778000e+00 6.080815e-24 2.886972e-24 8.967786e-24 
2.780000e+00 6.076145e-24 2.885919e-24 8.962064e-24 
2.782000e+00 6.068438e-24 2.878422e-24 8.946859e-24 
2.784000e+00 6.057528e-24 2.878845e-24 8.936373e-24 
2.786000e+00 6.050849e-24 2.871339e-24 8.922189e-24 
2.788000e+00 6.041698e-24 2.871084e-24 8.912783e-24 
2.790000e+00 6.035094e-24 2.864979e-24 8.900074e-24 
2.792000e+00 6.018635e-24 2.855978e-24 8.874613e-24 
2.794000e+00 6.014899e-24 2.854870e-24 8.869769e-24 
2.796000e+00 6.004135e-24 2.850374e-24 8.854509e-24 
2.798000e+00 5.996483e-24 2.849621e-24 8.846104e-24 
2.800000e+00 5.987597e-24 2.841979e-24 8.829577e-24 
2.802000e+00 5.981296e-24 2.841215e-24 8.822511e-24 
2.804000e+00 5.973207e-24 2.833835e-24 8.807042e-24 
2.806000e+00 5.965533e-24 2.832735e-24 8.798268e-24 
2.808000e+00 5.957486e-24 2.826920e-24 8.784406e-24 
2.810000e+00 5.940744e-24 2.817355e-24 8.758099e-24 
2.812000e+00 5.934826e-24 2.818473e-24 8.753298e-24 
2.814000e+00 5.924538e-24 2.810200e-24 8.734738e-24 
2.816000e+00 5.917936e-24 2.811435e-24 8.729371e-24 
2.818000e+00 5.908300e-24 2.803094e-24 8.711394e-24 
2.820000e+00 5.902438e-24 2.800735e-24 8.703174e-24 
2.822000e+00 5.892874e-24 2.796504e-24 8.689378e-24 
2.824000e+00 5.885108e-24 2.793584e-24 8.678692e-24 
2.826000e+00 5.879162e-24 2.788111e-24 8.667272e-24 
2.828000e+00 5.865625e-24 2.787091e-24 8.652717e-24 
2.830000e+00 5.853090e-24 2.780682e-24 8.633773e-24 
2.832000e+00 5.844082e-24 2.778466e-24 8.622547e-24 
2.834000e+00 5.837102e-24 2.772259e-24 8.609361e-24 
2.836000e+00 5.827852e-24 2.770036e-24 8.597888e-24 
2.838000e+00 5.821383e-24 2.769093e-24 8.590476e-24 
2.840000e+00 5.809833e-24 2.761866e-24 8.571700e-24 
2.842000e+00 5.806929e-24 2.761110e-24 8.568039e-24 
2.844000e+00 5.794621e-24 2.752582e-24 8.547204e-24 
2.846000e+00 5.785628e-24 2.752213e-24 8.537840e-24 
2.848000e+00 5.780064e-24 2.744889e-24 8.524953e-24 
2.850000e+00 5.771355e-24 2.743906e-24 8.515261e-24 
2.852000e+00 5.770777e-24 2.737601e-24 8.508378e-24 
2.854000e+00 5.752599e-24 2.734202e-24 8.486800e-24 
2.856000e+00 5.745633e-24 2.728454e-24 8.474087e-24 
2.858000e+00 5.737306e-24 2.726945e-24 8.464251e-24 
2.860000e+00 5.728242e-24 2.720244e-24 8.448485e-24 
2.862000e+00 5.722727e-24 2.718817e-24 8.441544e-24 
2.864000e+00 5.710133e-24 2.717410e-24 8.427543e-24 
2.866000e+00 5.702194e-24 2.710450e-24 8.412643e-24 
2.868000e+00 5.693343e-24 2.706848e-24 8.400191e-24 
2.870000e+00 5.715632e-24 2.700870e-24 8.416503e-24 
2.872000e+00 5.676330e-24 2.699943e-24 8.376273e-24 
2.874000e+00 5.674999e-24 2.692639e-24 8.367638e-24 
2.876000e+00 5.667617e-24 2.690341e-24 8.357958e-24 
2.878000e+00 5.659175e-24 2.684555e-24 8.343731e-24 
2.880000e+00 5.651094e-24 2.683284e-24 8.334378e-24 
2.882000e+00 5.644936e-24 2.674421e-24 8.319357e-24 
2.884000e+00 5.634581e-24 2.674001e-24 8.308582e-24 
2.886000e+00 5.625424e-24 2.672756e-24 8.298180e-24 
2.888000e+00 5.618705e-24 2.665764e-24 8.284469e-24 
2.890000e+00 5.607339e-24 2.666352e-24 8.273691e-24 
2.892000e+00 5.600865e-24 2.663365e-24 8.264230e-24 
2.894000e+00 5.598415e-24 2.656228e-24 8.254643e-24 
2.896000e+00 5.592325e-24 2.653895e-24 8.246220e-24 
2.898000e+00 5.582571e-24 2.652503e-24 8.235074e-24 
2.900000e+00 5.575676e-24 2.645197e-24 8.220873e-24 
2.902000e+00 5.565287e-24 2.643697e-24 8.208985e-24 
2.904000e+00 5.555116e-24 2.641454e-24 8.196570e-24 
2.906000e+00 5.547158e-24 2.635369e-24 8.182528e-24 
2.908000e+00 5.537909e-24 2.633087e-24 8.170996e-24 
2.910000e+00 5.536082e-24 2.626712e-24 8.162793e-24 
2.912000e+00 5.527573e-24 2.623327e-24 8.150900e-24 
2.914000e+00 5.520695e-24 2.623045e-24 8.143740e-24 
2.916000e+00 5.512770e-24 2.615555e-24 8.128325e-24 
2.918000e+00 5.503163e-24 2.613729e-24 8.116892e-24 
2.920000e+00 5.495800e-24 2.613407e-24 8.109207e-24 
2.922000e+00 5.482831e-24 2.603807e-24 8.086638e-24 
2.924000e+00 5.475771e-24 2.602453e-24 8.078224e-24 
2.926000e+00 5.473348e-24 2.601149e-24 8.074498e-24 
2.928000e+00 5.466078e-24 2.595056e-24 8.061134e-24 
2.930000e+00 5.455011e-24 2.592766e-24 8.047777e-24 
2.932000e+00 5.448961e-24 2.589769e-24 8.038730e-24 
2.934000e+00 5.440060e-24 2.582969e-24 8.023029e-24 
2.936000e+00 5.433079e-24 2.581154e-24 8.014233e-24 
2.938000e+00 5.422266e-24 2.579888e-24 8.002154e-24 
2.940000e+00 5.421550e-24 2.570352e-24 7.991902e-24 
2.942000e+00 5.406492e-24 2.569561e-24 7.976053e-24 
2.944000e+00 5.404950e-24 2.570432e-24 7.975382e-24 
2.946000e+00 5.391591e-24 2.561805e-24 7.953396e-24 
2.948000e+00 5.383237e-24 2.560486e-24 7.943723e-24 
2.950000e+00 5.377086e-24 2.558596e-24 7.935683e-24 
2.952000e+00 5.367159e-24 2.550053e-24 7.917213e-24 
2.954000e+00 5.365170e-24 2.550992e-24 7.916161e-24 
2.956000e+00 5.356649e-24 2.547077e-24 7.903726e-24 
2.958000e+00 5.348220e-24 2.545728e-24 7.893948e-24 
2.960000e+00 5.339168e-24 2.538563e-24 7.877731e-24 
2.962000e+00 5.346367e-24 2.534976e-24 7.881343e-24 
2.964000e+00 5.334150e-24 2.534275e-24 7.868424e-24 
2.966000e+00 5.327745e-24 2.531015e-24 7.858760e-24 
2.968000e+00 5.325419e-24 2.529396e-24 7.854814e-24 
2.970000e+00 5.316080e-24 2.528026e-24 7.844106e-24 
2.972000e+00 5.304379e-24 2.523538e-24 7.827917e-24 
2.974000e+00 5.286495e-24 2.515149e-24 7.801644e-24 
2.976000e+00 5.280037e-24 2.514027e-24 7.794064e-24 
2.978000e+00 5.277476e-24 2.509154e-24 7.786629e-24 
2.980000e+00 5.268514e-24 2.503111e-24 7.771625e-24 
2.982000e+00 5.257109e-24 2.500959e-24 7.758068e-24 
2.984000e+00 5.247951e-24 2.496710e-24 7.744660e-24 
2.986000e+00 5.247820e-24 2.495539e-24 7.743358e-24 
2.988000e+00 5.240090e-24 2.488731e-24 7.728821e-24 
2.990000e+00 5.229623e-24 2.487802e-24 7.717424e-24 
2.992000e+00 5.227201e-24 2.483420e-24 7.710621e-24 
2.994000e+00 5.218050e-24 2.476573e-24 7.694623e-24 
2.996000e+00 5.208025e-24 2.474802e-24 7.682827e-24 
2.998000e+00 5.198098e-24 2.472263e-24 7.670361e-24 
