1.000000e-01 1.245872e-22 1.502883e-22 2.748755e-22 
1.020000e-01 1.228220e-22 1.467840e-22 2.696060e-22 
1.040000e-01 1.206307e-22 1.429879e-22 2.636186e-22 
1.060000e-01 1.180668e-22 1.394094e-22 2.574762e-22 
1.080000e-01 1.150951e-22 1.357002e-22 2.507952e-22 
1.100000e-01 1.115713e-22 1.319031e-22 2.434744e-22 
1.120000e-01 1.071612e-22 1.282729e-22 2.354342e-22 
1.140000e-01 1.008347e-22 1.245415e-22 2.253762e-22 
1.160000e-01 8.662715e-23 1.207278e-22 2.073550e-22 
1.180000e-01 1.006101e-22 1.171961e-22 2.178061e-22 
1.200000e-01 1.044937e-22 1.136296e-22 2.181233e-22 
1.220000e-01 1.058292e-22 1.099693e-22 2.157985e-22 
1.240000e-01 1.062573e-22 1.064939e-22 2.127512e-22 
1.260000e-01 1.062285e-22 1.030266e-22 2.092551e-22 
1.280000e-01 1.058946e-22 9.960817e-23 2.055028e-22 
1.300000e-01 1.053321e-22 9.627861e-23 2.016107e-22 
1.320000e-01 1.046256e-22 9.312350e-23 1.977491e-22 
1.340000e-01 1.038053e-22 8.977222e-23 1.935775e-22 
1.360000e-01 1.028696e-22 8.664394e-23 1.895136e-22 
1.380000e-01 1.018529e-22 8.353966e-23 1.853925e-22 
1.400000e-01 1.007745e-22 8.057802e-23 1.813525e-22 
1.420000e-01 9.964905e-23 7.762222e-23 1.772713e-22 
1.440000e-01 9.846627e-23 7.476687e-23 1.732331e-22 
1.460000e-01 9.722857e-23 7.197938e-23 1.692080e-22 
1.480000e-01 9.594415e-23 6.929516e-23 1.652393e-22 
1.500000e-01 9.462618e-23 6.668002e-23 1.613062e-22 
1.520000e-01 9.326983e-23 6.411313e-23 1.573830e-22 
1.540000e-01 9.185710e-23 6.167579e-23 1.535329e-22 
1.560000e-01 9.040436e-23 5.929164e-23 1.496960e-22 
1.580000e-01 8.887754e-23 5.694771e-23 1.458253e-22 
1.600000e-01 8.730953e-23 5.474220e-23 1.420517e-22 
1.620000e-01 8.562936e-23 5.255479e-23 1.381841e-22 
1.640000e-01 8.372625e-23 5.043114e-23 1.341574e-22 
1.660000e-01 8.129985e-23 4.842007e-23 1.297199e-22 
1.680000e-01 7.731377e-23 4.649777e-23 1.238115e-22 
1.700000e-01 7.862184e-23 4.465750e-23 1.232793e-22 
1.720000e-01 7.900257e-23 4.286931e-23 1.218719e-22 
1.740000e-01 7.859209e-23 4.113097e-23 1.197231e-22 
1.760000e-01 7.793778e-23 3.946040e-23 1.173982e-22 
1.780000e-01 7.718541e-23 3.785131e-23 1.150367e-22 
1.800000e-01 7.637049e-23 3.629576e-23 1.126663e-22 
1.820000e-01 7.551843e-23 3.479836e-23 1.103168e-22 
1.840000e-01 7.465238e-23 3.335691e-23 1.080093e-22 
1.860000e-01 7.375852e-23 3.197201e-23 1.057305e-22 
1.880000e-01 7.289895e-23 3.062107e-23 1.035200e-22 
1.900000e-01 7.203228e-23 2.933137e-23 1.013636e-22 
1.920000e-01 7.121444e-23 2.808873e-23 9.930317e-23 
1.940000e-01 7.048748e-23 2.690244e-23 9.738992e-23 
1.960000e-01 6.992802e-23 2.575198e-23 9.568000e-23 
1.980000e-01 7.001270e-23 2.465252e-23 9.466523e-23 
2.000000e-01 6.975029e-23 2.359337e-23 9.334366e-23 
2.020000e-01 6.705544e-23 2.258491e-23 8.964035e-23 
2.040000e-01 6.540775e-23 2.161802e-23 8.702577e-23 
2.060000e-01 6.398892e-23 2.066415e-23 8.465307e-23 
2.080000e-01 6.265769e-23 1.975024e-23 8.240793e-23 
2.100000e-01 6.140227e-23 1.886764e-23 8.026991e-23 
2.120000e-01 6.019212e-23 1.800153e-23 7.819364e-23 
2.140000e-01 5.902239e-23 1.716111e-23 7.618350e-23 
2.160000e-01 5.788854e-23 1.634874e-23 7.423728e-23 
2.180000e-01 5.677648e-23 1.554895e-23 7.232542e-23 
2.200000e-01 5.570732e-23 1.480482e-23 7.051213e-23 
2.220000e-01 5.465813e-23 1.408789e-23 6.874603e-23 
2.240000e-01 5.360856e-23 1.339555e-23 6.700411e-23 
2.260000e-01 5.257421e-23 1.272011e-23 6.529432e-23 
2.280000e-01 5.159230e-23 1.204695e-23 6.363925e-23 
2.300000e-01 5.055026e-23 1.140751e-23 6.195777e-23 
2.320000e-01 4.957330e-23 1.077844e-23 6.035173e-23 
2.340000e-01 4.860687e-23 1.016031e-23 5.876719e-23 
2.360000e-01 4.765780e-23 9.563978e-24 5.722178e-23 
2.380000e-01 4.672875e-23 8.981348e-24 5.571010e-23 
2.400000e-01 4.580704e-23 8.499109e-24 5.430615e-23 
2.420000e-01 4.491481e-23 8.103209e-24 5.301802e-23 
2.440000e-01 4.403912e-23 7.733702e-24 5.177282e-23 
2.460000e-01 4.318653e-23 7.303407e-24 5.048994e-23 
2.480000e-01 4.235313e-23 6.834198e-24 4.918733e-23 
2.500000e-01 4.153537e-23 6.324545e-24 4.785992e-23 
2.520000e-01 4.073307e-23 5.750071e-24 4.648314e-23 
2.540000e-01 3.994384e-23 5.157657e-24 4.510150e-23 
2.560000e-01 3.917110e-23 4.557444e-24 4.372855e-23 
2.580000e-01 3.841283e-23 3.929888e-24 4.234272e-23 
2.600000e-01 3.766786e-23 3.208701e-24 4.087656e-23 
2.620000e-01 3.693843e-23 2.429360e-24 3.936779e-23 
2.640000e-01 3.622074e-23 1.610208e-24 3.783095e-23 
2.660000e-01 3.552183e-23 9.176083e-25 3.643944e-23 
2.680000e-01 3.483450e-23 3.899144e-25 3.522441e-23 
2.700000e-01 3.416709e-23 7.941439e-26 3.424650e-23 
2.720000e-01 3.351220e-23 6.633746e-26 3.357854e-23 
2.740000e-01 3.287551e-23 4.125097e-25 3.328801e-23 
2.760000e-01 3.225226e-23 1.206903e-24 3.345916e-23 
2.780000e-01 3.164393e-23 2.430487e-24 3.407442e-23 
2.800000e-01 3.104203e-23 7.701537e-24 3.874357e-23 
2.820000e-01 3.045004e-23 1.025378e-23 4.070381e-23 
2.840000e-01 2.986544e-23 9.491884e-24 3.935732e-23 
2.860000e-01 2.929402e-23 8.773731e-24 3.806775e-23 
2.880000e-01 2.873386e-23 8.337978e-24 3.707184e-23 
2.900000e-01 2.817987e-23 8.157997e-24 3.633787e-23 
2.920000e-01 2.763897e-23 8.179365e-24 3.581834e-23 
2.940000e-01 2.710839e-23 8.370216e-24 3.547861e-23 
2.960000e-01 2.659289e-23 8.648070e-24 3.524096e-23 
2.980000e-01 2.608093e-23 9.001109e-24 3.508203e-23 
3.000000e-01 2.558241e-23 9.332035e-24 3.491444e-23 
3.020000e-01 2.509289e-23 9.574146e-24 3.466703e-23 
3.040000e-01 2.461122e-23 9.729969e-24 3.434119e-23 
3.060000e-01 2.413956e-23 9.840809e-24 3.398037e-23 
3.080000e-01 2.367854e-23 9.950254e-24 3.362880e-23 
3.100000e-01 2.322844e-23 9.982837e-24 3.321128e-23 
3.120000e-01 2.278317e-23 9.997836e-24 3.278100e-23 
3.140000e-01 2.235039e-23 9.947327e-24 3.229771e-23 
3.160000e-01 2.192305e-23 9.850690e-24 3.177374e-23 
3.180000e-01 2.150754e-23 9.702664e-24 3.121021e-23 
3.200000e-01 2.110005e-23 9.586881e-24 3.068693e-23 
3.220000e-01 2.070873e-23 9.488912e-24 3.019764e-23 
3.240000e-01 2.031860e-23 9.441556e-24 2.976015e-23 
3.260000e-01 1.993528e-23 9.407671e-24 2.934295e-23 
3.280000e-01 1.955156e-23 9.362475e-24 2.891404e-23 
3.300000e-01 1.918472e-23 9.318268e-24 2.850299e-23 
3.320000e-01 1.882943e-23 9.263385e-24 2.809281e-23 
3.340000e-01 1.848006e-23 9.207856e-24 2.768792e-23 
3.360000e-01 1.813822e-23 9.139822e-24 2.727804e-23 
3.380000e-01 1.780227e-23 9.071648e-24 2.687391e-23 
3.400000e-01 1.747184e-23 8.994482e-24 2.646632e-23 
3.420000e-01 1.714814e-23 8.921364e-24 2.606950e-23 
3.440000e-01 1.682928e-23 8.854271e-24 2.568355e-23 
3.460000e-01 1.651831e-23 8.786226e-24 2.530454e-23 
3.480000e-01 1.621152e-23 8.713841e-24 2.492536e-23 
3.500000e-01 1.591093e-23 8.640298e-24 2.455122e-23 
3.520000e-01 1.561462e-23 8.562221e-24 2.417684e-23 
3.540000e-01 1.532564e-23 8.487244e-24 2.381288e-23 
3.560000e-01 1.504397e-23 8.407444e-24 2.345141e-23 
3.580000e-01 1.476689e-23 8.329452e-24 2.309634e-23 
3.600000e-01 1.449609e-23 8.245731e-24 2.274182e-23 
3.620000e-01 1.423128e-23 8.163903e-24 2.239518e-23 
3.640000e-01 1.397135e-23 8.084607e-24 2.205596e-23 
3.660000e-01 1.371584e-23 8.006351e-24 2.172219e-23 
3.680000e-01 1.346527e-23 7.923118e-24 2.138839e-23 
3.700000e-01 1.322175e-23 7.840886e-24 2.106264e-23 
3.720000e-01 1.298095e-23 7.762024e-24 2.074298e-23 
3.740000e-01 1.274358e-23 7.683554e-24 2.042714e-23 
3.760000e-01 1.251174e-23 7.603146e-24 2.011488e-23 
3.780000e-01 1.228281e-23 7.522299e-24 1.980511e-23 
3.800000e-01 1.205828e-23 7.439493e-24 1.949778e-23 
3.820000e-01 1.183831e-23 7.356357e-24 1.919467e-23 
3.840000e-01 1.162225e-23 7.274434e-24 1.889668e-23 
3.860000e-01 1.141175e-23 7.193595e-24 1.860535e-23 
3.880000e-01 1.120521e-23 7.113578e-24 1.831879e-23 
3.900000e-01 1.100365e-23 7.034528e-24 1.803818e-23 
3.920000e-01 1.080537e-23 6.955976e-24 1.776135e-23 
3.940000e-01 1.061079e-23 6.878352e-24 1.748914e-23 
3.960000e-01 1.042180e-23 6.802074e-24 1.722387e-23 
3.980000e-01 1.023662e-23 6.726565e-24 1.696318e-23 
4.000000e-01 1.005392e-23 6.650703e-24 1.670463e-23 
4.020000e-01 9.875675e-24 6.575431e-24 1.645111e-23 
4.040000e-01 9.700906e-24 6.499387e-24 1.620029e-23 
4.060000e-01 9.528001e-24 6.424110e-24 1.595211e-23 
4.080000e-01 9.380042e-24 6.351599e-24 1.573164e-23 
4.100000e-01 9.191172e-24 6.279397e-24 1.547057e-23 
4.120000e-01 9.027816e-24 6.208110e-24 1.523593e-23 
4.140000e-01 8.868346e-24 6.136584e-24 1.500493e-23 
4.160000e-01 8.711174e-24 6.066244e-24 1.477742e-23 
4.180000e-01 8.555316e-24 5.996663e-24 1.455198e-23 
4.200000e-01 8.404069e-24 5.927464e-24 1.433153e-23 
4.220000e-01 8.254155e-24 5.858931e-24 1.411309e-23 
4.240000e-01 8.108026e-24 5.791289e-24 1.389932e-23 
4.260000e-01 7.962827e-24 5.723729e-24 1.368656e-23 
4.280000e-01 7.822345e-24 5.656074e-24 1.347842e-23 
4.300000e-01 7.682310e-24 5.588186e-24 1.327050e-23 
4.320000e-01 7.545914e-24 5.522846e-24 1.306876e-23 
4.340000e-01 7.411263e-24 5.457654e-24 1.286892e-23 
4.360000e-01 7.279581e-24 5.394076e-24 1.267366e-23 
4.380000e-01 7.149421e-24 5.306742e-24 1.245616e-23 
4.400000e-01 7.020870e-24 5.243741e-24 1.226461e-23 
4.420000e-01 6.895922e-24 5.179367e-24 1.207529e-23 
4.440000e-01 6.773151e-24 5.110727e-24 1.188388e-23 
4.460000e-01 6.617307e-24 5.054170e-24 1.167148e-23 
4.480000e-01 6.498118e-24 4.994030e-24 1.149215e-23 
4.500000e-01 6.381169e-24 4.934377e-24 1.131555e-23 
4.520000e-01 6.265571e-24 4.872634e-24 1.113820e-23 
4.540000e-01 6.151291e-24 4.811065e-24 1.096236e-23 
4.560000e-01 6.047735e-24 4.751705e-24 1.079944e-23 
4.580000e-01 5.928877e-24 4.691788e-24 1.062066e-23 
4.600000e-01 5.820092e-24 4.633846e-24 1.045394e-23 
4.620000e-01 5.714445e-24 4.577477e-24 1.029192e-23 
4.640000e-01 5.609748e-24 4.522201e-24 1.013195e-23 
4.660000e-01 5.506658e-24 4.466980e-24 9.973637e-24 
4.680000e-01 5.405624e-24 4.413939e-24 9.819562e-24 
4.700000e-01 5.305184e-24 4.360955e-24 9.666138e-24 
4.720000e-01 5.205539e-24 4.307879e-24 9.513418e-24 
4.740000e-01 5.109339e-24 4.254661e-24 9.364000e-24 
4.760000e-01 5.005686e-24 4.201423e-24 9.207109e-24 
4.780000e-01 4.913111e-24 4.148972e-24 9.062082e-24 
4.800000e-01 4.822313e-24 4.098072e-24 8.920385e-24 
4.820000e-01 4.730271e-24 4.047384e-24 8.777654e-24 
4.840000e-01 4.638967e-24 3.997654e-24 8.636620e-24 
4.860000e-01 4.548593e-24 3.948059e-24 8.496652e-24 
4.880000e-01 4.459001e-24 3.898861e-24 8.357862e-24 
4.900000e-01 4.370077e-24 3.849861e-24 8.219938e-24 
4.920000e-01 4.282666e-24 3.801255e-24 8.083921e-24 
4.940000e-01 4.195085e-24 3.753418e-24 7.948503e-24 
4.960000e-01 4.108846e-24 3.707474e-24 7.816320e-24 
4.980000e-01 4.023805e-24 3.662166e-24 7.685971e-24 
5.000000e-01 3.938775e-24 3.617044e-24 7.555819e-24 
5.020000e-01 3.854286e-24 3.574869e-24 7.429155e-24 
5.040000e-01 3.770350e-24 3.529013e-24 7.299363e-24 
5.060000e-01 3.686344e-24 3.485742e-24 7.172086e-24 
5.080000e-01 3.602326e-24 3.443197e-24 7.045523e-24 
5.100000e-01 3.518036e-24 3.395834e-24 6.913870e-24 
5.120000e-01 3.433157e-24 3.359546e-24 6.792703e-24 
5.140000e-01 3.349298e-24 3.319041e-24 6.668339e-24 
5.160000e-01 3.263968e-24 3.279480e-24 6.543448e-24 
5.180000e-01 3.178078e-24 3.241057e-24 6.419136e-24 
5.200000e-01 3.090660e-24 3.203291e-24 6.293951e-24 
5.220000e-01 3.001522e-24 3.165652e-24 6.167174e-24 
5.240000e-01 2.910214e-24 3.128287e-24 6.038501e-24 
5.260000e-01 2.815327e-24 3.090637e-24 5.905964e-24 
5.280000e-01 2.716683e-24 3.053051e-24 5.769735e-24 
5.300000e-01 2.613003e-24 3.028322e-24 5.641325e-24 
5.320000e-01 2.502846e-24 2.980472e-24 5.483318e-24 
5.340000e-01 2.379486e-24 2.945110e-24 5.324596e-24 
5.360000e-01 2.238279e-24 2.906819e-24 5.145098e-24 
5.380000e-01 2.055880e-24 2.874311e-24 4.930191e-24 
5.400000e-01 1.826988e-24 2.839254e-24 4.666242e-24 
5.420000e-01 1.614241e-24 2.805145e-24 4.419386e-24 
5.440000e-01 1.539317e-24 2.773438e-24 4.312755e-24 
5.460000e-01 1.658123e-24 2.740635e-24 4.398759e-24 
5.480000e-01 1.938377e-24 2.708309e-24 4.646686e-24 
5.500000e-01 2.173726e-24 2.675857e-24 4.849583e-24 
5.520000e-01 2.326320e-24 2.643962e-24 4.970282e-24 
5.540000e-01 2.411178e-24 2.612900e-24 5.024078e-24 
5.560000e-01 2.469050e-24 2.583470e-24 5.052520e-24 
5.580000e-01 2.508287e-24 2.554389e-24 5.062677e-24 
5.600000e-01 2.537127e-24 2.525026e-24 5.062152e-24 
5.620000e-01 2.558158e-24 2.496060e-24 5.054217e-24 
5.640000e-01 2.565663e-24 2.467006e-24 5.032670e-24 
5.660000e-01 2.582360e-24 2.438259e-24 5.020619e-24 
5.680000e-01 2.587062e-24 2.409827e-24 4.996888e-24 
5.700000e-01 2.587544e-24 2.381924e-24 4.969468e-24 
5.720000e-01 2.585394e-24 2.353656e-24 4.939050e-24 
5.740000e-01 2.581142e-24 2.323811e-24 4.904953e-24 
5.760000e-01 2.575294e-24 2.299815e-24 4.875109e-24 
5.780000e-01 2.567022e-24 2.274714e-24 4.841736e-24 
5.800000e-01 2.557215e-24 2.247850e-24 4.805066e-24 
5.820000e-01 2.545740e-24 2.223977e-24 4.769717e-24 
5.840000e-01 2.533860e-24 2.198135e-24 4.731995e-24 
5.860000e-01 2.520040e-24 2.173898e-24 4.693938e-24 
5.880000e-01 2.504938e-24 2.149543e-24 4.654481e-24 
5.900000e-01 2.489008e-24 2.125204e-24 4.614212e-24 
5.920000e-01 2.472266e-24 2.100940e-24 4.573206e-24 
5.940000e-01 2.455148e-24 2.077081e-24 4.532229e-24 
5.960000e-01 2.437091e-24 2.054252e-24 4.491343e-24 
5.980000e-01 2.419019e-24 2.031712e-24 4.450731e-24 
6.000000e-01 2.400353e-24 2.008837e-24 4.409190e-24 
6.020000e-01 2.381483e-24 1.985965e-24 4.367448e-24 
6.040000e-01 2.361941e-24 1.962973e-24 4.324914e-24 
6.060000e-01 2.342122e-24 1.940476e-24 4.282597e-24 
6.080000e-01 2.322255e-24 1.918796e-24 4.241051e-24 
6.100000e-01 2.302007e-24 1.898720e-24 4.200727e-24 
6.120000e-01 2.280982e-24 1.878597e-24 4.159579e-24 
6.140000e-01 2.259454e-24 1.858266e-24 4.117721e-24 
6.160000e-01 2.237099e-24 1.837462e-24 4.074561e-24 
6.180000e-01 2.207567e-24 1.816882e-24 4.024450e-24 
6.200000e-01 2.196500e-24 1.796731e-24 3.993231e-24 
6.220000e-01 2.174371e-24 1.776883e-24 3.951254e-24 
6.240000e-01 2.152857e-24 1.758026e-24 3.910883e-24 
6.260000e-01 2.131504e-24 1.739123e-24 3.870627e-24 
6.280000e-01 2.109691e-24 1.720389e-24 3.830080e-24 
6.300000e-01 2.087952e-24 1.701737e-24 3.789689e-24 
6.320000e-01 2.066046e-24 1.683306e-24 3.749352e-24 
6.340000e-01 2.043983e-24 1.664078e-24 3.708060e-24 
6.360000e-01 2.021420e-24 1.645266e-24 3.666687e-24 
6.380000e-01 1.998741e-24 1.627324e-24 3.626066e-24 
6.400000e-01 1.976061e-24 1.609469e-24 3.585530e-24 
6.420000e-01 1.953496e-24 1.592034e-24 3.545530e-24 
6.440000e-01 1.931223e-24 1.575453e-24 3.506675e-24 
6.460000e-01 1.908719e-24 1.559961e-24 3.468680e-24 
6.480000e-01 1.885856e-24 1.545471e-24 3.431327e-24 
6.500000e-01 1.862869e-24 1.529089e-24 3.391958e-24 
6.520000e-01 1.839928e-24 1.512969e-24 3.352897e-24 
6.540000e-01 1.816807e-24 1.497204e-24 3.314012e-24 
6.560000e-01 1.793514e-24 1.479963e-24 3.273477e-24 
6.580000e-01 1.769513e-24 1.463388e-24 3.232901e-24 
6.600000e-01 1.745495e-24 1.448029e-24 3.193525e-24 
6.620000e-01 1.721029e-24 1.432785e-24 3.153814e-24 
6.640000e-01 1.696593e-24 1.417757e-24 3.114350e-24 
6.660000e-01 1.671897e-24 1.402994e-24 3.074892e-24 
6.680000e-01 1.647099e-24 1.388334e-24 3.035433e-24 
6.700000e-01 1.623494e-24 1.373789e-24 2.997283e-24 
6.720000e-01 1.597159e-24 1.359171e-24 2.956330e-24 
6.740000e-01 1.571544e-24 1.345039e-24 2.916583e-24 
6.760000e-01 1.545561e-24 1.331334e-24 2.876895e-24 
6.780000e-01 1.519074e-24 1.317700e-24 2.836774e-24 
6.800000e-01 1.492321e-24 1.304597e-24 2.796918e-24 
6.820000e-01 1.464327e-24 1.291037e-24 2.755364e-24 
6.840000e-01 1.435422e-24 1.277894e-24 2.713316e-24 
6.860000e-01 1.405842e-24 1.264605e-24 2.670447e-24 
6.880000e-01 1.374636e-24 1.251686e-24 2.626322e-24 
6.900000e-01 1.342490e-24 1.238770e-24 2.581261e-24 
6.920000e-01 1.308224e-24 1.226535e-24 2.534758e-24 
6.940000e-01 1.270921e-24 1.214350e-24 2.485271e-24 
6.960000e-01 1.231131e-24 1.202237e-24 2.433368e-24 
6.980000e-01 1.184602e-24 1.190018e-24 2.374620e-24 
7.000000e-01 1.123210e-24 1.178148e-24 2.301359e-24 
7.020000e-01 1.054827e-24 1.166165e-24 2.220992e-24 
7.040000e-01 9.870913e-25 1.154417e-24 2.141508e-24 
7.060000e-01 9.544345e-25 1.142900e-24 2.097335e-24 
7.080000e-01 9.521015e-25 1.131686e-24 2.083788e-24 
7.100000e-01 1.011095e-24 1.119986e-24 2.131080e-24 
7.120000e-01 1.089130e-24 1.108627e-24 2.197757e-24 
7.140000e-01 1.187920e-24 1.097275e-24 2.285196e-24 
7.160000e-01 1.249237e-24 1.086579e-24 2.335815e-24 
7.180000e-01 1.297378e-24 1.070340e-24 2.367717e-24 
7.200000e-01 1.323506e-24 1.065320e-24 2.388825e-24 
7.220000e-01 1.342012e-24 1.054969e-24 2.396981e-24 
7.240000e-01 1.356751e-24 1.045065e-24 2.401816e-24 
7.260000e-01 1.366732e-24 1.034986e-24 2.401718e-24 
7.280000e-01 1.374534e-24 1.025191e-24 2.399725e-24 
7.300000e-01 1.381041e-24 1.015267e-24 2.396308e-24 
7.320000e-01 1.384352e-24 1.005521e-24 2.389872e-24 
7.340000e-01 1.386890e-24 9.955354e-25 2.382426e-24 
7.360000e-01 1.387916e-24 9.852790e-25 2.373195e-24 
7.380000e-01 1.387791e-24 9.754701e-25 2.363261e-24 
7.400000e-01 1.387042e-24 9.658383e-25 2.352880e-24 
7.420000e-01 1.385093e-24 9.564045e-25 2.341497e-24 
7.440000e-01 1.383103e-24 9.471809e-25 2.330284e-24 
7.460000e-01 1.380242e-24 9.384836e-25 2.318725e-24 
7.480000e-01 1.377028e-24 9.295225e-25 2.306551e-24 
7.500000e-01 1.373319e-24 9.203231e-25 2.293642e-24 
7.520000e-01 1.369244e-24 9.123788e-25 2.281623e-24 
7.540000e-01 1.364389e-24 9.032115e-25 2.267601e-24 
7.560000e-01 1.359428e-24 8.947215e-25 2.254149e-24 
7.580000e-01 1.354338e-24 8.866676e-25 2.241006e-24 
7.600000e-01 1.349022e-24 8.785752e-25 2.227598e-24 
7.620000e-01 1.343086e-24 8.704431e-25 2.213529e-24 
7.640000e-01 1.336805e-24 8.623143e-25 2.199119e-24 
7.660000e-01 1.330021e-24 8.542739e-25 2.184295e-24 
7.680000e-01 1.323368e-24 8.464383e-25 2.169806e-24 
7.700000e-01 1.316554e-24 8.386144e-25 2.155168e-24 
7.720000e-01 1.309626e-24 8.309305e-25 2.140556e-24 
7.740000e-01 1.302550e-24 8.233222e-25 2.125872e-24 
7.760000e-01 1.297283e-24 8.156008e-25 2.112884e-24 
7.780000e-01 1.288338e-24 8.079676e-25 2.096306e-24 
7.800000e-01 1.279705e-24 8.003616e-25 2.080066e-24 
7.820000e-01 1.273133e-24 7.927641e-25 2.065897e-24 
7.840000e-01 1.265641e-24 7.855362e-25 2.051177e-24 
7.860000e-01 1.257671e-24 7.785302e-25 2.036201e-24 
7.880000e-01 1.249784e-24 7.713936e-25 2.021178e-24 
7.900000e-01 1.241625e-24 7.643098e-25 2.005935e-24 
7.920000e-01 1.233203e-24 7.574181e-25 1.990621e-24 
7.940000e-01 1.224626e-24 7.503724e-25 1.974999e-24 
7.960000e-01 1.215044e-24 7.435980e-25 1.958642e-24 
7.980000e-01 1.206015e-24 7.368118e-25 1.942827e-24 
8.000000e-01 1.197525e-24 7.301128e-25 1.927638e-24 
8.020000e-01 1.189549e-24 7.236881e-25 1.913237e-24 
8.040000e-01 1.181882e-24 7.173758e-25 1.899258e-24 
8.060000e-01 1.174367e-24 7.110398e-25 1.885407e-24 
8.080000e-01 1.166851e-24 7.046956e-25 1.871547e-24 
8.100000e-01 1.159663e-24 6.984994e-25 1.858162e-24 
8.120000e-01 1.152496e-24 6.924203e-25 1.844916e-24 
8.140000e-01 1.145592e-24 6.858886e-25 1.831481e-24 
8.160000e-01 1.138799e-24 6.797057e-25 1.818505e-24 
8.180000e-01 1.131935e-24 6.735187e-25 1.805453e-24 
8.200000e-01 1.125140e-24 6.674844e-25 1.792624e-24 
8.220000e-01 1.118405e-24 6.617764e-25 1.780181e-24 
8.240000e-01 1.111397e-24 6.561151e-25 1.767512e-24 
8.260000e-01 1.104672e-24 6.505835e-25 1.755256e-24 
8.280000e-01 1.097951e-24 6.448398e-25 1.742791e-24 
8.300000e-01 1.091362e-24 6.392772e-25 1.730639e-24 
8.320000e-01 1.085039e-24 6.335936e-25 1.718633e-24 
8.340000e-01 1.078815e-24 6.281967e-25 1.707012e-24 
8.360000e-01 1.072691e-24 6.226041e-25 1.695295e-24 
8.380000e-01 1.066468e-24 6.171193e-25 1.683587e-24 
8.400000e-01 1.060596e-24 6.118206e-25 1.672417e-24 
8.420000e-01 1.054779e-24 6.067013e-25 1.661481e-24 
8.440000e-01 1.047991e-24 6.019454e-25 1.649936e-24 
8.460000e-01 1.043344e-24 5.963780e-25 1.639722e-24 
8.480000e-01 1.037746e-24 5.913229e-25 1.629068e-24 
8.500000e-01 1.026230e-24 5.864499e-25 1.612680e-24 
8.520000e-01 1.020544e-24 5.815409e-25 1.602085e-24 
8.540000e-01 1.014995e-24 5.732696e-25 1.588264e-24 
8.560000e-01 1.009378e-24 5.683512e-25 1.577729e-24 
8.580000e-01 1.003719e-24 5.634698e-25 1.567189e-24 
8.600000e-01 9.981371e-25 5.584455e-25 1.556583e-24 
8.620000e-01 9.927005e-25 5.535921e-25 1.546293e-24 
8.640000e-01 9.871688e-25 5.488007e-25 1.535969e-24 
8.660000e-01 9.022434e-25 5.439567e-25 1.446200e-24 
8.680000e-01 8.960329e-25 5.391527e-25 1.435186e-24 
8.700000e-01 8.898976e-25 4.913963e-25 1.381294e-24 
8.720000e-01 8.836739e-25 4.865488e-25 1.370223e-24 
8.740000e-01 8.770334e-25 4.818363e-25 1.358870e-24 
8.760000e-01 8.704900e-25 4.771499e-25 1.347640e-24 
8.780000e-01 8.640431e-25 4.724853e-25 1.336528e-24 
8.800000e-01 8.576037e-25 4.679020e-25 1.325506e-24 
8.820000e-01 8.512052e-25 4.640811e-25 1.315286e-24 
8.840000e-01 8.450202e-25 4.598515e-25 1.304872e-24 
8.860000e-01 8.384564e-25 4.555851e-25 1.294042e-24 
8.880000e-01 8.320691e-25 4.514161e-25 1.283485e-24 
8.900000e-01 8.254632e-25 4.471070e-25 1.272570e-24 
8.920000e-01 8.188911e-25 4.427509e-25 1.261642e-24 
8.940000e-01 8.126516e-25 4.386905e-25 1.251342e-24 
8.960000e-01 8.063470e-25 4.344780e-25 1.240825e-24 
8.980000e-01 8.001653e-25 4.303650e-25 1.230530e-24 
9.000000e-01 7.940613e-25 4.261937e-25 1.220255e-24 
9.020000e-01 7.878827e-25 4.227538e-25 1.210636e-24 
9.040000e-01 7.816888e-25 4.179657e-25 1.199654e-24 
9.060000e-01 7.756625e-25 4.138384e-25 1.189501e-24 
9.080000e-01 7.699492e-25 4.097748e-25 1.179724e-24 
9.100000e-01 7.636660e-25 4.061317e-25 1.169798e-24 
9.120000e-01 7.580171e-25 4.025818e-25 1.160599e-24 
9.140000e-01 7.519713e-25 3.987231e-25 1.150694e-24 
9.160000e-01 7.461960e-25 3.952711e-25 1.141467e-24 
9.180000e-01 7.404323e-25 3.917438e-25 1.132176e-24 
9.200000e-01 7.346038e-25 3.881180e-25 1.122722e-24 
9.220000e-01 7.288037e-25 3.843289e-25 1.113133e-24 
9.240000e-01 7.229996e-25 3.806951e-25 1.103695e-24 
9.260000e-01 7.173419e-25 3.770618e-25 1.094404e-24 
9.280000e-01 7.116570e-25 3.734807e-25 1.085138e-24 
9.300000e-01 7.059986e-25 3.700072e-25 1.076006e-24 
9.320000e-01 7.004512e-25 3.667590e-25 1.067210e-24 
9.340000e-01 6.949986e-25 3.637619e-25 1.058760e-24 
9.360000e-01 6.896569e-25 3.605945e-25 1.050251e-24 
9.380000e-01 6.843359e-25 3.574407e-25 1.041777e-24 
9.400000e-01 6.788269e-25 3.543122e-25 1.033139e-24 
9.420000e-01 6.735592e-25 3.511860e-25 1.024745e-24 
9.440000e-01 6.682350e-25 3.480687e-25 1.016304e-24 
9.460000e-01 6.630779e-25 3.449807e-25 1.008059e-24 
9.480000e-01 6.581532e-25 3.420069e-25 1.000160e-24 
9.500000e-01 6.530618e-25 3.389853e-25 9.920471e-25 
9.520000e-01 6.479465e-25 3.359316e-25 9.838781e-25 
9.540000e-01 6.429426e-25 3.331101e-25 9.760527e-25 
9.560000e-01 6.379701e-25 3.301618e-25 9.681319e-25 
9.580000e-01 6.328868e-25 3.272077e-25 9.600945e-25 
9.600000e-01 6.278036e-25 3.242758e-25 9.520795e-25 
9.620000e-01 6.229316e-25 3.214231e-25 9.443548e-25 
9.640000e-01 7.090208e-25 3.650645e-25 1.074085e-24 
9.660000e-01 7.041171e-25 3.161016e-25 1.020219e-24 
9.680000e-01 6.994174e-25 3.592596e-25 1.058677e-24 
9.700000e-01 6.938196e-25 3.558877e-25 1.049707e-24 
9.720000e-01 6.898735e-25 3.529353e-25 1.042809e-24 
9.740000e-01 6.851013e-25 3.501468e-25 1.035248e-24 
9.760000e-01 6.803837e-25 3.474951e-25 1.027879e-24 
9.780000e-01 6.757213e-25 3.451874e-25 1.020909e-24 
9.800000e-01 6.711271e-25 3.422333e-25 1.013360e-24 
9.820000e-01 6.666056e-25 3.397544e-25 1.006360e-24 
9.840000e-01 6.620098e-25 3.372381e-25 9.992479e-25 
9.860000e-01 6.575668e-25 3.346129e-25 9.921797e-25 
9.880000e-01 6.531281e-25 3.318820e-25 9.850102e-25 
9.900000e-01 6.485063e-25 3.292371e-25 9.777435e-25 
9.920000e-01 6.440566e-25 3.267880e-25 9.708447e-25 
9.940000e-01 6.396855e-25 3.238322e-25 9.635177e-25 
9.960000e-01 6.352068e-25 3.214480e-25 9.566548e-25 
9.980000e-01 6.311052e-25 3.194749e-25 9.505801e-25 
1.000000e+00 6.268703e-25 3.175367e-25 9.444069e-25 
1.002000e+00 6.227023e-25 3.153350e-25 9.380373e-25 
1.004000e+00 6.188102e-25 3.131017e-25 9.319119e-25 
1.006000e+00 6.143732e-25 3.108731e-25 9.252464e-25 
1.008000e+00 6.088411e-25 3.086547e-25 9.174958e-25 
1.010000e+00 6.060050e-25 3.064399e-25 9.124449e-25 
1.012000e+00 6.021781e-25 3.042067e-25 9.063848e-25 
1.014000e+00 5.978020e-25 3.020835e-25 8.998855e-25 
1.016000e+00 5.937325e-25 3.006369e-25 8.943694e-25 
1.018000e+00 5.898327e-25 2.976385e-25 8.874712e-25 
1.020000e+00 5.858970e-25 2.955137e-25 8.814107e-25 
1.022000e+00 5.818272e-25 2.934047e-25 8.752319e-25 
1.024000e+00 5.778890e-25 2.912029e-25 8.690918e-25 
1.026000e+00 5.749090e-25 2.891386e-25 8.640476e-25 
1.028000e+00 5.701089e-25 2.871981e-25 8.573070e-25 
1.030000e+00 5.661653e-25 2.851387e-25 8.513040e-25 
1.032000e+00 5.623867e-25 2.831301e-25 8.455167e-25 
1.034000e+00 5.585825e-25 2.810714e-25 8.396539e-25 
1.036000e+00 5.547887e-25 2.790952e-25 8.338840e-25 
1.038000e+00 5.511075e-25 2.771492e-25 8.282568e-25 
1.040000e+00 5.474083e-25 2.752582e-25 8.226665e-25 
1.042000e+00 5.438319e-25 2.732983e-25 8.171302e-25 
1.044000e+00 5.402813e-25 2.713775e-25 8.116588e-25 
1.046000e+00 5.365577e-25 2.694500e-25 8.060076e-25 
1.048000e+00 5.329694e-25 2.675403e-25 8.005098e-25 
1.050000e+00 5.293321e-25 2.656848e-25 7.950169e-25 
1.052000e+00 5.257365e-25 2.637198e-25 7.894564e-25 
1.054000e+00 5.223421e-25 2.620033e-25 7.843453e-25 
1.056000e+00 5.165910e-25 2.602534e-25 7.768444e-25 
1.058000e+00 5.152504e-25 2.573574e-25 7.726078e-25 
1.060000e+00 5.118462e-25 2.566555e-25 7.685017e-25 
1.062000e+00 5.083608e-25 2.549089e-25 7.632697e-25 
1.064000e+00 5.048953e-25 2.531191e-25 7.580144e-25 
1.066000e+00 5.088139e-25 2.549756e-25 7.637895e-25 
1.068000e+00 4.980773e-25 2.496608e-25 7.477381e-25 
1.070000e+00 4.947406e-25 2.479259e-25 7.426665e-25 
1.072000e+00 4.914388e-25 2.461119e-25 7.375507e-25 
1.074000e+00 4.881102e-25 2.445317e-25 7.326419e-25 
1.076000e+00 4.849502e-25 2.428238e-25 7.277740e-25 
1.078000e+00 4.817401e-25 2.412524e-25 7.229924e-25 
1.080000e+00 4.785965e-25 2.395986e-25 7.181950e-25 
1.082000e+00 4.754157e-25 2.380027e-25 7.134185e-25 
1.084000e+00 4.722121e-25 2.364219e-25 7.086340e-25 
1.086000e+00 4.691667e-25 2.348041e-25 7.039708e-25 
1.088000e+00 4.658712e-25 2.332751e-25 6.991463e-25 
1.090000e+00 4.628935e-25 2.316049e-25 6.944984e-25 
1.092000e+00 4.598047e-25 2.299888e-25 6.897935e-25 
1.094000e+00 4.565890e-25 2.284159e-25 6.850049e-25 
1.096000e+00 4.535155e-25 2.268371e-25 6.803526e-25 
1.098000e+00 4.505399e-25 2.253399e-25 6.758798e-25 
1.100000e+00 4.485374e-25 2.238887e-25 6.724261e-25 
1.102000e+00 4.446800e-25 2.224286e-25 6.671087e-25 
1.104000e+00 4.417136e-25 2.209223e-25 6.626359e-25 
1.106000e+00 4.389500e-25 2.194430e-25 6.583930e-25 
1.108000e+00 4.357883e-25 2.180072e-25 6.537955e-25 
1.110000e+00 4.329161e-25 2.165560e-25 6.494721e-25 
1.112000e+00 4.300024e-25 2.150407e-25 6.450431e-25 
1.114000e+00 4.271407e-25 2.135717e-25 6.407124e-25 
1.116000e+00 4.243300e-25 2.121818e-25 6.365118e-25 
1.118000e+00 4.215251e-25 2.107547e-25 6.322797e-25 
1.120000e+00 4.187731e-25 2.093863e-25 6.281594e-25 
1.122000e+00 4.162377e-25 2.079633e-25 6.242010e-25 
1.124000e+00 4.134029e-25 2.066962e-25 6.200991e-25 
1.126000e+00 4.107250e-25 2.053494e-25 6.160744e-25 
1.128000e+00 4.078808e-25 2.039874e-25 6.118683e-25 
1.130000e+00 4.051723e-25 2.027278e-25 6.079001e-25 
1.132000e+00 4.024195e-25 2.013493e-25 6.037688e-25 
1.134000e+00 3.997410e-25 2.001086e-25 5.998497e-25 
1.136000e+00 3.970909e-25 1.984554e-25 5.955463e-25 
1.138000e+00 3.945472e-25 1.974455e-25 5.919927e-25 
1.140000e+00 3.919175e-25 1.962099e-25 5.881274e-25 
1.142000e+00 3.893226e-25 1.948937e-25 5.842163e-25 
1.144000e+00 3.867873e-25 1.936501e-25 5.804375e-25 
1.146000e+00 3.841576e-25 1.924093e-25 5.765669e-25 
1.148000e+00 3.816338e-25 1.907113e-25 5.723451e-25 
1.150000e+00 3.791239e-25 1.898674e-25 5.689913e-25 
1.152000e+00 3.770126e-25 1.887010e-25 5.657136e-25 
1.154000e+00 3.741339e-25 1.874820e-25 5.616159e-25 
1.156000e+00 3.717306e-25 1.863324e-25 5.580630e-25 
1.158000e+00 3.692736e-25 1.850798e-25 5.543534e-25 
1.160000e+00 3.669067e-25 1.839101e-25 5.508168e-25 
1.162000e+00 3.644558e-25 1.827890e-25 5.472448e-25 
1.164000e+00 3.623422e-25 1.816437e-25 5.439860e-25 
1.166000e+00 3.597429e-25 1.804305e-25 5.401734e-25 
1.168000e+00 3.573384e-25 1.793081e-25 5.366464e-25 
1.170000e+00 3.550319e-25 1.781658e-25 5.331977e-25 
1.172000e+00 3.526648e-25 1.769999e-25 5.296647e-25 
1.174000e+00 3.503553e-25 1.758125e-25 5.261678e-25 
1.176000e+00 3.480256e-25 1.746997e-25 5.227253e-25 
1.178000e+00 3.456440e-25 1.735997e-25 5.192437e-25 
1.180000e+00 3.434530e-25 1.725108e-25 5.159637e-25 
1.182000e+00 3.411113e-25 1.714343e-25 5.125456e-25 
1.184000e+00 3.391792e-25 1.704583e-25 5.096376e-25 
1.186000e+00 3.367048e-25 1.693627e-25 5.060674e-25 
1.188000e+00 3.345085e-25 1.682933e-25 5.028018e-25 
1.190000e+00 3.322852e-25 1.673492e-25 4.996344e-25 
1.192000e+00 3.301410e-25 1.661983e-25 4.963393e-25 
1.194000e+00 3.279102e-25 1.651894e-25 4.930996e-25 
1.196000e+00 3.256586e-25 1.641103e-25 4.897689e-25 
1.198000e+00 3.235699e-25 1.631085e-25 4.866784e-25 
1.200000e+00 3.214113e-25 1.619540e-25 4.833654e-25 
1.202000e+00 3.192927e-25 1.610447e-25 4.803375e-25 
1.204000e+00 3.171262e-25 1.600359e-25 4.771622e-25 
1.206000e+00 3.151500e-25 1.591427e-25 4.742927e-25 
1.208000e+00 3.130986e-25 1.581740e-25 4.712726e-25 
1.210000e+00 3.110104e-25 1.572387e-25 4.682491e-25 
1.212000e+00 3.089827e-25 1.562430e-25 4.652258e-25 
1.214000e+00 3.069415e-25 1.553207e-25 4.622623e-25 
1.216000e+00 3.048841e-25 1.543899e-25 4.592740e-25 
1.218000e+00 3.028178e-25 1.533385e-25 4.561563e-25 
1.220000e+00 3.007481e-25 1.524005e-25 4.531486e-25 
1.222000e+00 2.986821e-25 1.514824e-25 4.501645e-25 
1.224000e+00 2.966230e-25 1.505754e-25 4.471984e-25 
1.226000e+00 2.946628e-25 1.496552e-25 4.443180e-25 
1.228000e+00 2.929648e-25 1.488436e-25 4.418085e-25 
1.230000e+00 2.907480e-25 1.477986e-25 4.385467e-25 
1.232000e+00 2.888468e-25 1.471102e-25 4.359571e-25 
1.234000e+00 2.868765e-25 1.460712e-25 4.329478e-25 
1.236000e+00 2.848521e-25 1.451849e-25 4.300370e-25 
1.238000e+00 2.829154e-25 1.443002e-25 4.272156e-25 
1.240000e+00 2.809437e-25 1.434379e-25 4.243816e-25 
1.242000e+00 2.790469e-25 1.425594e-25 4.216064e-25 
1.244000e+00 2.777885e-25 1.417132e-25 4.195017e-25 
1.246000e+00 2.744180e-25 1.408578e-25 4.152758e-25 
1.248000e+00 2.731540e-25 1.400194e-25 4.131733e-25 
1.250000e+00 2.712484e-25 1.392107e-25 4.104592e-25 
1.252000e+00 2.694216e-25 1.384714e-25 4.078930e-25 
1.254000e+00 2.675833e-25 1.375909e-25 4.051742e-25 
1.256000e+00 2.656802e-25 1.367456e-25 4.024258e-25 
1.258000e+00 2.636927e-25 1.359984e-25 3.996911e-25 
1.260000e+00 2.618700e-25 1.351072e-25 3.969772e-25 
1.262000e+00 2.600220e-25 1.343030e-25 3.943250e-25 
1.264000e+00 2.579787e-25 1.335118e-25 3.914905e-25 
1.266000e+00 2.560477e-25 1.327284e-25 3.887761e-25 
1.268000e+00 2.539502e-25 1.319553e-25 3.859055e-25 
1.270000e+00 2.521009e-25 1.311613e-25 3.832623e-25 
1.272000e+00 2.501683e-25 1.304147e-25 3.805830e-25 
1.274000e+00 2.480319e-25 1.297235e-25 3.777554e-25 
1.276000e+00 2.461025e-25 1.288987e-25 3.750013e-25 
1.278000e+00 2.447747e-25 1.281567e-25 3.729313e-25 
1.280000e+00 2.418992e-25 1.274070e-25 3.693061e-25 
1.282000e+00 2.397774e-25 1.266021e-25 3.663795e-25 
1.284000e+00 2.374124e-25 1.258278e-25 3.632402e-25 
1.286000e+00 2.350852e-25 1.250807e-25 3.601660e-25 
1.288000e+00 2.324587e-25 1.243336e-25 3.567923e-25 
1.290000e+00 2.292064e-25 1.235925e-25 3.527989e-25 
1.292000e+00 2.261374e-25 1.229230e-25 3.490604e-25 
1.294000e+00 2.233122e-25 1.221381e-25 3.454504e-25 
1.296000e+00 2.207730e-25 1.214923e-25 3.422654e-25 
1.298000e+00 2.181965e-25 1.207753e-25 3.389718e-25 
1.300000e+00 2.167130e-25 1.200886e-25 3.368016e-25 
1.302000e+00 2.159004e-25 1.194422e-25 3.353427e-25 
1.304000e+00 2.148423e-25 1.187536e-25 3.335959e-25 
1.306000e+00 2.151068e-25 1.180958e-25 3.332026e-25 
1.308000e+00 2.155979e-25 1.173923e-25 3.329902e-25 
1.310000e+00 2.161138e-25 1.166795e-25 3.327933e-25 
1.312000e+00 2.168575e-25 1.160033e-25 3.328609e-25 
1.314000e+00 2.175107e-25 1.154927e-25 3.330035e-25 
1.316000e+00 2.181744e-25 1.146439e-25 3.328183e-25 
1.318000e+00 2.181688e-25 1.139630e-25 3.321318e-25 
1.320000e+00 2.180949e-25 1.133507e-25 3.314456e-25 
1.322000e+00 2.180050e-25 1.127256e-25 3.307306e-25 
1.324000e+00 2.175315e-25 1.121027e-25 3.296341e-25 
1.326000e+00 2.170487e-25 1.114727e-25 3.285214e-25 
1.328000e+00 2.165559e-25 1.108688e-25 3.274247e-25 
1.330000e+00 2.157061e-25 1.102223e-25 3.259285e-25 
1.332000e+00 2.151331e-25 1.096596e-25 3.247927e-25 
1.334000e+00 2.145477e-25 1.089764e-25 3.235241e-25 
1.336000e+00 2.137228e-25 1.085177e-25 3.222405e-25 
1.338000e+00 2.130009e-25 1.077229e-25 3.207237e-25 
1.340000e+00 2.121014e-25 1.071452e-25 3.192466e-25 
1.342000e+00 2.112820e-25 1.065161e-25 3.177981e-25 
1.344000e+00 2.105632e-25 1.059097e-25 3.164730e-25 
1.346000e+00 2.097630e-25 1.053743e-25 3.151374e-25 
1.348000e+00 2.087762e-25 1.048775e-25 3.136537e-25 
1.350000e+00 2.080161e-25 1.041516e-25 3.121676e-25 
1.352000e+00 2.071559e-25 1.035939e-25 3.107498e-25 
1.354000e+00 2.062348e-25 1.030520e-25 3.092868e-25 
1.356000e+00 2.053386e-25 1.024997e-25 3.078384e-25 
1.358000e+00 2.044734e-25 1.019412e-25 3.064146e-25 
1.360000e+00 2.035842e-25 1.013360e-25 3.049202e-25 
1.362000e+00 2.027232e-25 1.007515e-25 3.034747e-25 
1.364000e+00 2.017463e-25 1.002019e-25 3.019482e-25 
1.366000e+00 2.009001e-25 9.966232e-26 3.005624e-25 
1.368000e+00 1.998986e-25 9.908383e-26 2.989824e-25 
1.370000e+00 1.990236e-25 9.852994e-26 2.975535e-25 
1.372000e+00 1.980821e-25 9.812052e-26 2.962026e-25 
1.374000e+00 1.972119e-25 9.746317e-26 2.946750e-25 
1.376000e+00 1.962475e-25 9.692329e-26 2.931708e-25 
1.378000e+00 1.939081e-25 9.637113e-26 2.902792e-25 
1.380000e+00 1.944919e-25 9.582550e-26 2.903174e-25 
1.382000e+00 1.935420e-25 9.531757e-26 2.888595e-25 
1.384000e+00 1.926738e-25 9.481673e-26 2.874905e-25 
1.386000e+00 1.917492e-25 9.426335e-26 2.860126e-25 
1.388000e+00 1.907886e-25 9.374862e-26 2.845372e-25 
1.390000e+00 1.899361e-25 9.325374e-26 2.831898e-25 
1.392000e+00 1.889770e-25 9.276829e-26 2.817453e-25 
1.394000e+00 1.881396e-25 9.225457e-26 2.803942e-25 
1.396000e+00 1.872072e-25 9.172449e-26 2.789317e-25 
1.398000e+00 1.863887e-25 9.126541e-26 2.776541e-25 
1.400000e+00 1.854832e-25 9.079807e-26 2.762813e-25 
1.402000e+00 1.845534e-25 9.029214e-26 2.748455e-25 
1.404000e+00 1.837185e-25 8.982598e-26 2.735445e-25 
1.406000e+00 1.831651e-25 8.932155e-26 2.724866e-25 
1.408000e+00 1.819060e-25 8.882558e-26 2.707316e-25 
1.410000e+00 1.811198e-25 8.835275e-26 2.694725e-25 
1.412000e+00 1.802511e-25 8.791302e-26 2.681641e-25 
1.414000e+00 1.793255e-25 8.742464e-26 2.667501e-25 
1.416000e+00 1.784307e-25 8.695582e-26 2.653866e-25 
1.418000e+00 1.775979e-25 8.644979e-26 2.640477e-25 
1.420000e+00 1.764542e-25 8.602185e-26 2.624761e-25 
1.422000e+00 1.704627e-25 8.556548e-26 2.560282e-25 
1.424000e+00 1.695680e-25 8.254496e-26 2.521130e-25 
1.426000e+00 1.686459e-25 8.206039e-26 2.507063e-25 
1.428000e+00 1.676896e-25 8.155316e-26 2.492428e-25 
1.430000e+00 1.671302e-25 8.108693e-26 2.482171e-25 
1.432000e+00 1.658300e-25 8.062143e-26 2.464514e-25 
1.434000e+00 1.649108e-25 8.014307e-26 2.450538e-25 
1.436000e+00 1.640109e-25 7.966879e-26 2.436797e-25 
1.438000e+00 1.630827e-25 7.916482e-26 2.422475e-25 
1.440000e+00 1.621003e-25 7.864283e-26 2.407431e-25 
1.442000e+00 1.611390e-25 7.813636e-26 2.392754e-25 
1.444000e+00 1.601864e-25 7.766528e-26 2.378517e-25 
1.446000e+00 1.591432e-25 7.714005e-26 2.362833e-25 
1.448000e+00 1.582600e-25 7.666538e-26 2.349253e-25 
1.450000e+00 1.572466e-25 7.617677e-26 2.334234e-25 
1.452000e+00 1.562949e-25 7.573870e-26 2.320336e-25 
1.454000e+00 1.553922e-25 7.526094e-26 2.306531e-25 
1.456000e+00 1.538072e-25 7.479725e-26 2.286044e-25 
1.458000e+00 1.536371e-25 7.435802e-26 2.279951e-25 
1.460000e+00 1.527964e-25 7.397300e-26 2.267694e-25 
1.462000e+00 1.519514e-25 7.351873e-26 2.254701e-25 
1.464000e+00 1.510595e-25 7.306029e-26 2.241198e-25 
1.466000e+00 1.502239e-25 7.264016e-26 2.228641e-25 
1.468000e+00 1.494069e-25 7.220513e-26 2.216121e-25 
1.470000e+00 1.485817e-25 7.180088e-26 2.203826e-25 
1.472000e+00 1.477382e-25 7.133975e-26 2.190779e-25 
1.474000e+00 1.469619e-25 7.096533e-26 2.179273e-25 
1.476000e+00 1.461294e-25 7.055770e-26 2.166871e-25 
1.478000e+00 1.452673e-25 7.012690e-26 2.153943e-25 
1.480000e+00 1.445407e-25 6.974792e-26 2.142887e-25 
1.482000e+00 1.437778e-25 6.934931e-26 2.131271e-25 
1.484000e+00 1.430505e-25 6.897830e-26 2.120288e-25 
1.486000e+00 1.422655e-25 6.858679e-26 2.108523e-25 
1.488000e+00 1.414364e-25 6.819638e-26 2.096328e-25 
1.490000e+00 1.406712e-25 6.785906e-26 2.085302e-25 
1.492000e+00 1.398985e-25 6.745895e-26 2.073574e-25 
1.494000e+00 1.390582e-25 6.705432e-26 2.061125e-25 
1.496000e+00 1.382538e-25 6.665325e-26 2.049070e-25 
1.498000e+00 1.374131e-25 6.624848e-26 2.036616e-25 
1.500000e+00 1.366082e-25 6.583655e-26 2.024447e-25 
1.502000e+00 1.357730e-25 6.544036e-26 2.012134e-25 
1.504000e+00 1.350119e-25 6.501375e-26 2.000256e-25 
1.506000e+00 1.342262e-25 6.461857e-26 1.988448e-25 
1.508000e+00 1.334493e-25 6.448723e-26 1.979365e-25 
1.510000e+00 1.327357e-25 6.385304e-26 1.965887e-25 
1.512000e+00 1.319663e-25 6.349437e-26 1.954607e-25 
1.514000e+00 1.311966e-25 6.312709e-26 1.943237e-25 
1.516000e+00 1.304992e-25 6.280473e-26 1.933039e-25 
1.518000e+00 1.297629e-25 6.243234e-26 1.921952e-25 
1.520000e+00 1.290423e-25 6.205226e-26 1.910945e-25 
1.522000e+00 1.276014e-25 6.176233e-26 1.893637e-25 
1.524000e+00 1.276215e-25 6.137898e-26 1.890005e-25 
1.526000e+00 1.268544e-25 6.102188e-26 1.878762e-25 
1.528000e+00 1.262337e-25 6.073595e-26 1.869697e-25 
1.530000e+00 1.255360e-25 6.040577e-26 1.859418e-25 
1.532000e+00 1.249253e-25 6.005630e-26 1.849816e-25 
1.534000e+00 1.242135e-25 5.973349e-26 1.839469e-25 
1.536000e+00 1.236350e-25 5.938313e-26 1.830181e-25 
1.538000e+00 1.229503e-25 5.910261e-26 1.820530e-25 
1.540000e+00 1.223244e-25 5.876393e-26 1.810883e-25 
1.542000e+00 1.216371e-25 5.848528e-26 1.801224e-25 
1.544000e+00 1.210445e-25 5.817517e-26 1.792197e-25 
1.546000e+00 1.203858e-25 5.783679e-26 1.782226e-25 
1.548000e+00 1.288764e-25 5.751701e-26 1.863934e-25 
1.550000e+00 1.281445e-25 5.722892e-26 1.853734e-25 
1.552000e+00 1.275473e-25 6.125907e-26 1.888064e-25 
1.554000e+00 1.268467e-25 6.092554e-26 1.877722e-25 
1.556000e+00 1.262822e-25 6.064283e-26 1.869250e-25 
1.558000e+00 1.256596e-25 6.034071e-26 1.860003e-25 
1.560000e+00 1.231541e-25 6.002713e-26 1.831812e-25 
1.562000e+00 1.244536e-25 5.973319e-26 1.841868e-25 
1.564000e+00 1.238237e-25 5.949577e-26 1.833194e-25 
1.566000e+00 1.231786e-25 5.918288e-26 1.823614e-25 
1.568000e+00 1.221118e-25 5.857005e-26 1.806818e-25 
1.570000e+00 1.215108e-25 5.855343e-26 1.800642e-25 
1.572000e+00 1.208954e-25 5.804105e-26 1.789364e-25 
1.574000e+00 1.202821e-25 5.781940e-26 1.781015e-25 
1.576000e+00 1.196746e-25 5.795760e-26 1.776322e-25 
1.578000e+00 1.190676e-25 5.721413e-26 1.762817e-25 
1.580000e+00 1.184702e-25 5.689985e-26 1.753701e-25 
1.582000e+00 1.178490e-25 5.656955e-26 1.744186e-25 
1.584000e+00 1.168614e-25 5.633800e-26 1.731994e-25 
1.586000e+00 1.168145e-25 5.603110e-26 1.728456e-25 
1.588000e+00 1.161161e-25 5.578680e-26 1.719029e-25 
1.590000e+00 1.152822e-25 5.552853e-26 1.708107e-25 
1.592000e+00 1.150364e-25 5.529447e-26 1.703308e-25 
1.594000e+00 1.144740e-25 5.500468e-26 1.694786e-25 
1.596000e+00 1.139359e-25 5.472690e-26 1.686628e-25 
1.598000e+00 1.133895e-25 5.447926e-26 1.678688e-25 
1.600000e+00 1.128341e-25 5.421871e-26 1.670528e-25 
1.602000e+00 1.122263e-25 5.394996e-26 1.661762e-25 
1.604000e+00 1.116397e-25 5.366939e-26 1.653090e-25 
1.606000e+00 1.111301e-25 5.338718e-26 1.645173e-25 
1.608000e+00 1.106533e-25 5.314155e-26 1.637948e-25 
1.610000e+00 1.098960e-25 5.291054e-26 1.628066e-25 
1.612000e+00 1.094856e-25 5.263076e-26 1.621163e-25 
1.614000e+00 1.089816e-25 5.237281e-26 1.613544e-25 
1.616000e+00 1.084106e-25 5.262781e-26 1.610384e-25 
1.618000e+00 1.078626e-25 5.185388e-26 1.597164e-25 
1.620000e+00 1.073918e-25 5.162370e-26 1.590155e-25 
1.622000e+00 1.068866e-25 5.136336e-26 1.582500e-25 
1.624000e+00 1.063115e-25 5.114175e-26 1.574532e-25 
1.626000e+00 1.058141e-25 5.089262e-26 1.567067e-25 
1.628000e+00 1.053091e-25 5.068229e-26 1.559914e-25 
1.630000e+00 1.047843e-25 5.047495e-26 1.552593e-25 
1.632000e+00 1.042789e-25 5.016853e-26 1.544474e-25 
1.634000e+00 1.037659e-25 4.993975e-26 1.537057e-25 
1.636000e+00 1.032256e-25 4.971747e-26 1.529430e-25 
1.638000e+00 1.027107e-25 4.945217e-26 1.521629e-25 
1.640000e+00 1.023126e-25 4.924809e-26 1.515606e-25 
1.642000e+00 1.016972e-25 4.898570e-26 1.506829e-25 
1.644000e+00 1.012053e-25 4.876099e-26 1.499663e-25 
1.646000e+00 1.007952e-25 4.851494e-26 1.493101e-25 
1.648000e+00 1.002352e-25 4.831557e-26 1.485508e-25 
1.650000e+00 9.972151e-26 4.805927e-26 1.477808e-25 
1.652000e+00 9.923941e-26 4.779862e-26 1.470380e-25 
1.654000e+00 9.872558e-26 4.763343e-26 1.463590e-25 
1.656000e+00 9.825424e-26 4.740204e-26 1.456563e-25 
1.658000e+00 9.775886e-26 4.716904e-26 1.449279e-25 
1.660000e+00 9.730494e-26 4.696312e-26 1.442681e-25 
1.662000e+00 9.683854e-26 4.671640e-26 1.435549e-25 
1.664000e+00 9.636502e-26 4.650084e-26 1.428659e-25 
1.666000e+00 9.587115e-26 4.626915e-26 1.421403e-25 
1.668000e+00 9.540073e-26 4.608188e-26 1.414826e-25 
1.670000e+00 9.495393e-26 4.586633e-26 1.408203e-25 
1.672000e+00 9.447628e-26 4.566701e-26 1.401433e-25 
1.674000e+00 9.402175e-26 4.537464e-26 1.393964e-25 
1.676000e+00 9.463511e-26 4.524578e-26 1.398809e-25 
1.678000e+00 9.309994e-26 4.504041e-26 1.381404e-25 
1.680000e+00 9.269516e-26 4.482829e-26 1.375235e-25 
1.682000e+00 9.220807e-26 4.461403e-26 1.368221e-25 
1.684000e+00 9.175726e-26 4.442675e-26 1.361840e-25 
1.686000e+00 9.131250e-26 4.421326e-26 1.355258e-25 
1.688000e+00 9.086609e-26 4.390668e-26 1.347728e-25 
1.690000e+00 9.044559e-26 4.379219e-26 1.342378e-25 
1.692000e+00 9.002760e-26 4.358131e-26 1.336089e-25 
1.694000e+00 8.953152e-26 4.334202e-26 1.328735e-25 
1.696000e+00 8.909066e-26 4.316282e-26 1.322535e-25 
1.698000e+00 8.864386e-26 4.296008e-26 1.316039e-25 
1.700000e+00 8.820956e-26 4.275167e-26 1.309612e-25 
1.702000e+00 8.778073e-26 4.254405e-26 1.303248e-25 
1.704000e+00 8.730851e-26 4.234972e-26 1.296582e-25 
1.706000e+00 8.689242e-26 4.215784e-26 1.290503e-25 
1.708000e+00 8.645545e-26 4.195697e-26 1.284124e-25 
1.710000e+00 8.602614e-26 4.177151e-26 1.277976e-25 
1.712000e+00 8.562888e-26 4.159362e-26 1.272225e-25 
1.714000e+00 8.518976e-26 4.138384e-26 1.265736e-25 
1.716000e+00 8.478697e-26 4.123095e-26 1.260179e-25 
1.718000e+00 8.438788e-26 4.102217e-26 1.254100e-25 
1.720000e+00 8.398595e-26 4.084862e-26 1.248346e-25 
1.722000e+00 8.352128e-26 4.064915e-26 1.241704e-25 
1.724000e+00 8.310732e-26 4.044862e-26 1.235559e-25 
1.726000e+00 8.270160e-26 4.026539e-26 1.229670e-25 
1.728000e+00 8.235720e-26 4.008747e-26 1.224447e-25 
1.730000e+00 8.203343e-26 3.990484e-26 1.219383e-25 
1.732000e+00 8.145473e-26 3.970549e-26 1.211602e-25 
1.734000e+00 8.109895e-26 3.950128e-26 1.206002e-25 
1.736000e+00 8.071270e-26 3.934051e-26 1.200532e-25 
1.738000e+00 8.030778e-26 3.914854e-26 1.194563e-25 
1.740000e+00 7.992186e-26 3.897750e-26 1.188994e-25 
1.742000e+00 7.947583e-26 3.880836e-26 1.182842e-25 
1.744000e+00 7.909585e-26 3.865800e-26 1.177538e-25 
1.746000e+00 7.870231e-26 3.847058e-26 1.171729e-25 
1.748000e+00 7.831003e-26 3.829158e-26 1.166016e-25 
1.750000e+00 7.790807e-26 3.812395e-26 1.160320e-25 
1.752000e+00 7.754782e-26 3.797400e-26 1.155218e-25 
1.754000e+00 7.712162e-26 3.779249e-26 1.149141e-25 
1.756000e+00 7.535998e-26 3.761367e-26 1.129736e-25 
1.758000e+00 7.633495e-26 3.744683e-26 1.137818e-25 
1.760000e+00 7.596325e-26 3.728341e-26 1.132467e-25 
1.762000e+00 7.554487e-26 3.708462e-26 1.126295e-25 
1.764000e+00 7.517137e-26 3.692385e-26 1.120952e-25 
1.766000e+00 7.480607e-26 3.675960e-26 1.115657e-25 
1.768000e+00 7.442017e-26 3.661111e-26 1.110313e-25 
1.770000e+00 7.402990e-26 3.644574e-26 1.104756e-25 
1.772000e+00 7.362184e-26 3.628748e-26 1.099093e-25 
1.774000e+00 7.322251e-26 3.611172e-26 1.093342e-25 
1.776000e+00 7.282901e-26 3.594933e-26 1.087783e-25 
1.778000e+00 7.245490e-26 3.579972e-26 1.082546e-25 
1.780000e+00 7.207182e-26 3.562463e-26 1.076965e-25 
1.782000e+00 7.164737e-26 3.546302e-26 1.071104e-25 
1.784000e+00 7.127449e-26 3.532139e-26 1.065959e-25 
1.786000e+00 7.091920e-26 3.517154e-26 1.060907e-25 
1.788000e+00 7.050954e-26 3.500636e-26 1.055159e-25 
1.790000e+00 7.011868e-26 3.482601e-26 1.049447e-25 
1.792000e+00 6.966849e-26 3.471309e-26 1.043816e-25 
1.794000e+00 6.900623e-26 3.454568e-26 1.035519e-25 
1.796000e+00 6.896364e-26 3.439666e-26 1.033603e-25 
1.798000e+00 6.871750e-26 3.423862e-26 1.029561e-25 
1.800000e+00 6.820524e-26 3.410660e-26 1.023118e-25 
1.802000e+00 6.766936e-26 3.395087e-26 1.016202e-25 
1.804000e+00 6.740853e-26 3.380500e-26 1.012135e-25 
1.806000e+00 6.700560e-26 3.366830e-26 1.006739e-25 
1.808000e+00 6.656386e-26 3.343511e-26 9.999897e-26 
1.810000e+00 6.615191e-26 3.335632e-26 9.950823e-26 
1.812000e+00 6.573084e-26 3.325009e-26 9.898093e-26 
1.814000e+00 6.533371e-26 3.307029e-26 9.840399e-26 
1.816000e+00 6.481990e-26 3.290846e-26 9.772836e-26 
1.818000e+00 6.434441e-26 3.279206e-26 9.713648e-26 
1.820000e+00 6.387801e-26 3.262511e-26 9.650311e-26 
1.822000e+00 6.338213e-26 3.250606e-26 9.588819e-26 
1.824000e+00 6.277805e-26 3.234944e-26 9.512750e-26 
1.826000e+00 6.217858e-26 3.220670e-26 9.438528e-26 
1.828000e+00 6.159600e-26 3.204435e-26 9.364035e-26 
1.830000e+00 6.107487e-26 3.192029e-26 9.299516e-26 
1.832000e+00 6.057941e-26 3.180767e-26 9.238708e-26 
1.834000e+00 6.010653e-26 3.164730e-26 9.175383e-26 
1.836000e+00 5.964429e-26 3.150990e-26 9.115420e-26 
1.838000e+00 5.927950e-26 3.134249e-26 9.062199e-26 
1.840000e+00 5.902709e-26 3.129209e-26 9.031918e-26 
1.842000e+00 5.887950e-26 3.111640e-26 8.999590e-26 
1.844000e+00 5.870256e-26 3.096704e-26 8.966961e-26 
1.846000e+00 5.854146e-26 3.083423e-26 8.937568e-26 
1.848000e+00 5.863801e-26 3.071880e-26 8.935681e-26 
1.850000e+00 5.875716e-26 3.056991e-26 8.932706e-26 
1.852000e+00 5.886842e-26 3.046786e-26 8.933628e-26 
1.854000e+00 5.898814e-26 3.030832e-26 8.929646e-26 
1.856000e+00 5.905642e-26 3.016163e-26 8.921805e-26 
1.858000e+00 5.911687e-26 3.004500e-26 8.916187e-26 
1.860000e+00 5.920718e-26 2.990775e-26 8.911493e-26 
1.862000e+00 5.925352e-26 2.976481e-26 8.901833e-26 
1.864000e+00 5.925688e-26 2.963731e-26 8.889419e-26 
1.866000e+00 5.910943e-26 2.951226e-26 8.862169e-26 
1.868000e+00 5.917079e-26 2.939268e-26 8.856347e-26 
1.870000e+00 5.894228e-26 2.926232e-26 8.820460e-26 
1.872000e+00 5.883658e-26 2.914049e-26 8.797707e-26 
1.874000e+00 5.867515e-26 2.899526e-26 8.767041e-26 
1.876000e+00 5.854784e-26 2.891110e-26 8.745894e-26 
1.878000e+00 5.874023e-26 2.878839e-26 8.752861e-26 
1.880000e+00 5.828683e-26 2.868337e-26 8.697020e-26 
1.882000e+00 5.814997e-26 2.856869e-26 8.671866e-26 
1.884000e+00 5.799444e-26 2.844048e-26 8.643492e-26 
1.886000e+00 5.784165e-26 2.832838e-26 8.617003e-26 
1.888000e+00 5.767230e-26 2.821269e-26 8.588500e-26 
1.890000e+00 5.748793e-26 2.809160e-26 8.557954e-26 
1.892000e+00 5.732368e-26 2.795534e-26 8.527903e-26 
1.894000e+00 5.713790e-26 2.783204e-26 8.496995e-26 
1.896000e+00 5.694606e-26 2.772105e-26 8.466711e-26 
1.898000e+00 5.678797e-26 2.758835e-26 8.437632e-26 
1.900000e+00 5.658665e-26 2.749646e-26 8.408310e-26 
1.902000e+00 5.641307e-26 2.736412e-26 8.377718e-26 
1.904000e+00 5.617308e-26 2.720708e-26 8.338016e-26 
1.906000e+00 5.601489e-26 2.714028e-26 8.315517e-26 
1.908000e+00 5.584245e-26 2.701820e-26 8.286065e-26 
1.910000e+00 5.564459e-26 2.689410e-26 8.253869e-26 
1.912000e+00 5.546199e-26 2.679871e-26 8.226069e-26 
1.914000e+00 5.525889e-26 2.668412e-26 8.194302e-26 
1.916000e+00 5.519065e-26 2.657026e-26 8.176091e-26 
1.918000e+00 5.493064e-26 2.645709e-26 8.138773e-26 
1.920000e+00 5.473824e-26 2.635472e-26 8.109296e-26 
1.922000e+00 5.453687e-26 2.624830e-26 8.078517e-26 
1.924000e+00 5.435517e-26 2.612679e-26 8.048196e-26 
1.926000e+00 5.416880e-26 2.605068e-26 8.021948e-26 
1.928000e+00 5.396629e-26 2.591998e-26 7.988627e-26 
1.930000e+00 5.378532e-26 2.580362e-26 7.958894e-26 
1.932000e+00 5.360346e-26 2.571064e-26 7.931410e-26 
1.934000e+00 5.341329e-26 2.558793e-26 7.900121e-26 
1.936000e+00 5.325412e-26 2.546463e-26 7.871875e-26 
1.938000e+00 5.303322e-26 2.538451e-26 7.841772e-26 
1.940000e+00 5.286268e-26 2.529072e-26 7.815341e-26 
1.942000e+00 5.269654e-26 2.516314e-26 7.785968e-26 
1.944000e+00 5.247511e-26 2.508314e-26 7.755825e-26 
1.946000e+00 5.230278e-26 2.496199e-26 7.726477e-26 
1.948000e+00 5.210151e-26 2.484240e-26 7.694391e-26 
1.950000e+00 5.194775e-26 2.482321e-26 7.677096e-26 
1.952000e+00 5.173027e-26 2.464482e-26 7.637510e-26 
1.954000e+00 5.153335e-26 2.454734e-26 7.608069e-26 
1.956000e+00 5.134006e-26 2.445949e-26 7.579955e-26 
1.958000e+00 5.121145e-26 2.434919e-26 7.556063e-26 
1.960000e+00 5.102264e-26 2.425864e-26 7.528128e-26 
1.962000e+00 5.084879e-26 2.413970e-26 7.498849e-26 
1.964000e+00 5.066350e-26 2.405264e-26 7.471614e-26 
1.966000e+00 5.047786e-26 2.396496e-26 7.444282e-26 
1.968000e+00 5.028180e-26 2.385333e-26 7.413514e-26 
1.970000e+00 5.009539e-26 2.375732e-26 7.385270e-26 
1.972000e+00 4.988537e-26 2.364794e-26 7.353332e-26 
1.974000e+00 4.971559e-26 2.356648e-26 7.328207e-26 
1.976000e+00 4.951180e-26 2.347137e-26 7.298317e-26 
1.978000e+00 4.934520e-26 2.323176e-26 7.257696e-26 
1.980000e+00 4.912921e-26 2.326124e-26 7.239045e-26 
1.982000e+00 4.895825e-26 2.316771e-26 7.212596e-26 
1.984000e+00 4.878572e-26 2.306871e-26 7.185443e-26 
1.986000e+00 4.863584e-26 2.299168e-26 7.162752e-26 
1.988000e+00 4.843975e-26 2.289416e-26 7.133392e-26 
1.990000e+00 4.826265e-26 2.278822e-26 7.105087e-26 
1.992000e+00 4.810791e-26 2.280018e-26 7.090809e-26 
1.994000e+00 4.792067e-26 2.262852e-26 7.054919e-26 
1.996000e+00 4.775432e-26 2.250440e-26 7.025871e-26 
1.998000e+00 4.758118e-26 2.241470e-26 6.999588e-26 
2.000000e+00 4.736056e-26 2.233621e-26 6.969677e-26 
2.002000e+00 4.718751e-26 2.222979e-26 6.941731e-26 
2.004000e+00 4.700560e-26 2.213787e-26 6.914347e-26 
2.006000e+00 4.682857e-26 2.206112e-26 6.888968e-26 
2.008000e+00 4.663565e-26 2.195822e-26 6.859387e-26 
2.010000e+00 4.647348e-26 2.187305e-26 6.834653e-26 
2.012000e+00 4.628602e-26 2.179920e-26 6.808522e-26 
2.014000e+00 4.610833e-26 2.169302e-26 6.780135e-26 
2.016000e+00 4.593306e-26 2.162419e-26 6.755725e-26 
2.018000e+00 4.574972e-26 2.153129e-26 6.728101e-26 
2.020000e+00 4.555458e-26 2.144774e-26 6.700232e-26 
2.022000e+00 4.537404e-26 2.134934e-26 6.672338e-26 
2.024000e+00 4.519877e-26 2.126468e-26 6.646345e-26 
2.026000e+00 4.503571e-26 2.117506e-26 6.621076e-26 
2.028000e+00 4.485764e-26 2.108715e-26 6.594479e-26 
2.030000e+00 4.469254e-26 2.099885e-26 6.569139e-26 
2.032000e+00 4.453957e-26 2.092171e-26 6.546128e-26 
2.034000e+00 4.438882e-26 2.084851e-26 6.523733e-26 
2.036000e+00 4.424142e-26 2.073508e-26 6.497650e-26 
2.038000e+00 4.406721e-26 2.065472e-26 6.472193e-26 
2.040000e+00 4.394175e-26 2.057473e-26 6.451648e-26 
2.042000e+00 4.376587e-26 2.049272e-26 6.425859e-26 
2.044000e+00 4.360407e-26 2.043232e-26 6.403639e-26 
2.046000e+00 4.342764e-26 2.034814e-26 6.377578e-26 
2.048000e+00 4.326461e-26 2.029728e-26 6.356188e-26 
2.050000e+00 4.310159e-26 2.018916e-26 6.329075e-26 
2.052000e+00 4.294137e-26 2.010287e-26 6.304424e-26 
2.054000e+00 4.276668e-26 2.000963e-26 6.277631e-26 
2.056000e+00 4.260552e-26 1.996771e-26 6.257323e-26 
2.058000e+00 4.240444e-26 1.985960e-26 6.226404e-26 
2.060000e+00 4.226018e-26 1.964407e-26 6.190425e-26 
2.062000e+00 4.206915e-26 1.967924e-26 6.174839e-26 
2.064000e+00 4.194109e-26 1.960844e-26 6.154953e-26 
2.066000e+00 4.176436e-26 1.951657e-26 6.128093e-26 
2.068000e+00 4.160525e-26 1.943436e-26 6.103961e-26 
2.070000e+00 4.146503e-26 1.937853e-26 6.084356e-26 
2.072000e+00 4.132068e-26 1.929464e-26 6.061532e-26 
2.074000e+00 4.118695e-26 1.922825e-26 6.041520e-26 
2.076000e+00 4.100062e-26 1.912653e-26 6.012715e-26 
2.078000e+00 4.083670e-26 1.905239e-26 5.988909e-26 
2.080000e+00 4.071501e-26 1.899315e-26 5.970816e-26 
2.082000e+00 4.053348e-26 1.891131e-26 5.944478e-26 
2.084000e+00 4.037272e-26 1.873214e-26 5.910486e-26 
2.086000e+00 4.042246e-26 1.883501e-26 5.925747e-26 
2.088000e+00 4.005357e-26 1.867923e-26 5.873280e-26 
2.090000e+00 3.991078e-26 1.860895e-26 5.851973e-26 
2.092000e+00 3.974210e-26 1.852267e-26 5.826477e-26 
2.094000e+00 3.959747e-26 1.845033e-26 5.804780e-26 
2.096000e+00 3.945284e-26 1.837762e-26 5.783046e-26 
2.098000e+00 3.930945e-26 1.831378e-26 5.762323e-26 
2.100000e+00 3.913464e-26 1.822666e-26 5.736130e-26 
2.102000e+00 3.900841e-26 1.816649e-26 5.717490e-26 
2.104000e+00 3.882893e-26 1.808067e-26 5.690961e-26 
2.106000e+00 3.868096e-26 1.802163e-26 5.670259e-26 
2.108000e+00 3.856852e-26 1.796272e-26 5.653124e-26 
2.110000e+00 3.841635e-26 1.789011e-26 5.630646e-26 
2.112000e+00 3.828707e-26 1.781928e-26 5.610635e-26 
2.114000e+00 3.813662e-26 1.775709e-26 5.589370e-26 
2.116000e+00 3.799693e-26 1.768007e-26 5.567699e-26 
2.118000e+00 3.784471e-26 1.763439e-26 5.547910e-26 
2.120000e+00 3.772716e-26 1.756119e-26 5.528834e-26 
2.122000e+00 3.758184e-26 1.749661e-26 5.507845e-26 
2.124000e+00 3.744155e-26 1.741569e-26 5.485724e-26 
2.126000e+00 3.729673e-26 1.735816e-26 5.465489e-26 
2.128000e+00 3.716004e-26 1.727895e-26 5.443899e-26 
2.130000e+00 3.699122e-26 1.721659e-26 5.420781e-26 
2.132000e+00 3.686907e-26 1.714338e-26 5.401246e-26 
2.134000e+00 3.669741e-26 1.706609e-26 5.376351e-26 
2.136000e+00 3.657235e-26 1.698767e-26 5.356002e-26 
2.138000e+00 3.644033e-26 1.692788e-26 5.336820e-26 
2.140000e+00 3.630222e-26 1.687103e-26 5.317325e-26 
2.142000e+00 3.616566e-26 1.680815e-26 5.297381e-26 
2.144000e+00 3.602445e-26 1.673525e-26 5.275970e-26 
2.146000e+00 3.590796e-26 1.668864e-26 5.259660e-26 
2.148000e+00 3.574918e-26 1.660363e-26 5.235281e-26 
2.150000e+00 3.562353e-26 1.657312e-26 5.219665e-26 
2.152000e+00 3.549684e-26 1.649980e-26 5.199664e-26 
2.154000e+00 3.535270e-26 1.641216e-26 5.176486e-26 
2.156000e+00 3.522400e-26 1.636188e-26 5.158588e-26 
2.158000e+00 3.508843e-26 1.630971e-26 5.139814e-26 
2.160000e+00 3.495811e-26 1.623455e-26 5.119266e-26 
2.162000e+00 3.483270e-26 1.617764e-26 5.101034e-26 
2.164000e+00 3.471772e-26 1.611942e-26 5.083714e-26 
2.166000e+00 3.457849e-26 1.605416e-26 5.063265e-26 
2.168000e+00 3.442615e-26 1.597848e-26 5.040463e-26 
2.170000e+00 3.428226e-26 1.590794e-26 5.019019e-26 
2.172000e+00 3.417858e-26 1.586408e-26 5.004266e-26 
2.174000e+00 3.405826e-26 1.577909e-26 4.983735e-26 
2.176000e+00 3.391253e-26 1.572297e-26 4.963550e-26 
2.178000e+00 3.375359e-26 1.566517e-26 4.941876e-26 
2.180000e+00 3.364195e-26 1.561345e-26 4.925541e-26 
2.182000e+00 3.350799e-26 1.553032e-26 4.903831e-26 
2.184000e+00 3.340359e-26 1.549063e-26 4.889422e-26 
2.186000e+00 3.331538e-26 1.542573e-26 4.874112e-26 
2.188000e+00 3.317037e-26 1.537780e-26 4.854816e-26 
2.190000e+00 3.301702e-26 1.530225e-26 4.831927e-26 
2.192000e+00 3.291138e-26 1.521938e-26 4.813076e-26 
2.194000e+00 3.277476e-26 1.519300e-26 4.796776e-26 
2.196000e+00 3.266754e-26 1.514477e-26 4.781231e-26 
2.198000e+00 3.256823e-26 1.508931e-26 4.765754e-26 
2.200000e+00 3.244241e-26 1.503519e-26 4.747760e-26 
2.202000e+00 3.232381e-26 1.497880e-26 4.730260e-26 
2.204000e+00 3.219000e-26 1.492858e-26 4.711858e-26 
2.206000e+00 3.206705e-26 1.487545e-26 4.694251e-26 
2.208000e+00 3.195094e-26 1.479982e-26 4.675076e-26 
2.210000e+00 3.183632e-26 1.474944e-26 4.658576e-26 
2.212000e+00 3.173747e-26 1.468956e-26 4.642703e-26 
2.214000e+00 3.160289e-26 1.464651e-26 4.624940e-26 
2.216000e+00 3.148140e-26 1.457879e-26 4.606019e-26 
2.218000e+00 3.134925e-26 1.452921e-26 4.587845e-26 
2.220000e+00 3.122147e-26 1.446654e-26 4.568801e-26 
2.222000e+00 3.110716e-26 1.441126e-26 4.551842e-26 
2.224000e+00 3.098933e-26 1.435829e-26 4.534762e-26 
2.226000e+00 3.086979e-26 1.430075e-26 4.517053e-26 
2.228000e+00 3.076639e-26 1.424203e-26 4.500842e-26 
2.230000e+00 3.063813e-26 1.417850e-26 4.481663e-26 
2.232000e+00 3.053768e-26 1.412849e-26 4.466617e-26 
2.234000e+00 3.042559e-26 1.407252e-26 4.449811e-26 
2.236000e+00 3.033831e-26 1.402165e-26 4.435996e-26 
2.238000e+00 3.020930e-26 1.396472e-26 4.417402e-26 
2.240000e+00 3.011009e-26 1.392272e-26 4.403282e-26 
2.242000e+00 3.002310e-26 1.386161e-26 4.388471e-26 
2.244000e+00 2.986678e-26 1.382351e-26 4.369030e-26 
2.246000e+00 2.974843e-26 1.375353e-26 4.350196e-26 
2.248000e+00 2.964105e-26 1.369326e-26 4.333432e-26 
2.250000e+00 2.951951e-26 1.364350e-26 4.316301e-26 
2.252000e+00 2.941237e-26 1.360010e-26 4.301246e-26 
2.254000e+00 2.928763e-26 1.354764e-26 4.283528e-26 
2.256000e+00 2.916802e-26 1.350501e-26 4.267302e-26 
2.258000e+00 2.905976e-26 1.344502e-26 4.250478e-26 
2.260000e+00 2.894518e-26 1.339120e-26 4.233638e-26 
2.262000e+00 2.884756e-26 1.334649e-26 4.219405e-26 
2.264000e+00 2.874489e-26 1.327752e-26 4.202241e-26 
2.266000e+00 2.863058e-26 1.323315e-26 4.186373e-26 
2.268000e+00 2.838960e-26 1.313063e-26 4.152023e-26 
2.270000e+00 2.836956e-26 1.313117e-26 4.150074e-26 
2.272000e+00 2.830959e-26 1.310724e-26 4.141683e-26 
2.274000e+00 2.823797e-26 1.303450e-26 4.127247e-26 
2.276000e+00 2.811669e-26 1.298143e-26 4.109812e-26 
2.278000e+00 2.800940e-26 1.295855e-26 4.096796e-26 
2.280000e+00 2.790244e-26 1.290814e-26 4.081058e-26 
2.282000e+00 2.761641e-26 1.285564e-26 4.047205e-26 
2.284000e+00 2.772382e-26 1.281324e-26 4.053706e-26 
2.286000e+00 2.763196e-26 1.276310e-26 4.039505e-26 
2.288000e+00 2.754958e-26 1.271689e-26 4.026647e-26 
2.290000e+00 2.742200e-26 1.266030e-26 4.008230e-26 
2.292000e+00 2.734147e-26 1.260992e-26 3.995140e-26 
2.294000e+00 2.723426e-26 1.258333e-26 3.981760e-26 
2.296000e+00 2.722219e-26 1.256747e-26 3.978966e-26 
2.298000e+00 2.701821e-26 1.247692e-26 3.949514e-26 
2.300000e+00 2.692113e-26 1.242800e-26 3.934912e-26 
2.302000e+00 2.680982e-26 1.238566e-26 3.919548e-26 
2.304000e+00 2.669410e-26 1.232937e-26 3.902347e-26 
2.306000e+00 2.662287e-26 1.227839e-26 3.890126e-26 
2.308000e+00 2.653357e-26 1.226016e-26 3.879372e-26 
2.310000e+00 2.643135e-26 1.219359e-26 3.862495e-26 
2.312000e+00 2.632272e-26 1.215494e-26 3.847766e-26 
2.314000e+00 2.624469e-26 1.211985e-26 3.836454e-26 
2.316000e+00 2.613705e-26 1.206647e-26 3.820352e-26 
2.318000e+00 2.606041e-26 1.201414e-26 3.807455e-26 
2.320000e+00 2.595766e-26 1.197482e-26 3.793247e-26 
2.322000e+00 2.582602e-26 1.192131e-26 3.774734e-26 
2.324000e+00 2.576812e-26 1.188921e-26 3.765734e-26 
2.326000e+00 2.564550e-26 1.201489e-26 3.766040e-26 
2.328000e+00 2.555951e-26 1.180093e-26 3.736044e-26 
2.330000e+00 2.546544e-26 1.174843e-26 3.721387e-26 
2.332000e+00 2.534899e-26 1.168950e-26 3.703850e-26 
2.334000e+00 2.525686e-26 1.166331e-26 3.692018e-26 
2.336000e+00 2.515983e-26 1.161414e-26 3.677397e-26 
2.338000e+00 2.505609e-26 1.156847e-26 3.662456e-26 
2.340000e+00 2.497960e-26 1.152692e-26 3.650652e-26 
2.342000e+00 2.488045e-26 1.147379e-26 3.635423e-26 
2.344000e+00 2.479653e-26 1.143088e-26 3.622741e-26 
2.346000e+00 2.470897e-26 1.139223e-26 3.610119e-26 
2.348000e+00 2.462076e-26 1.134636e-26 3.596712e-26 
2.350000e+00 2.452037e-26 1.131568e-26 3.583605e-26 
2.352000e+00 2.443387e-26 1.126619e-26 3.570006e-26 
2.354000e+00 2.436955e-26 1.123462e-26 3.560417e-26 
2.356000e+00 2.427462e-26 1.119021e-26 3.546482e-26 
2.358000e+00 2.421439e-26 1.116242e-26 3.537681e-26 
2.360000e+00 2.409345e-26 1.111180e-26 3.520525e-26 
2.362000e+00 2.402578e-26 1.107545e-26 3.510123e-26 
2.364000e+00 2.392746e-26 1.103944e-26 3.496690e-26 
2.366000e+00 2.385406e-26 1.101431e-26 3.486837e-26 
2.368000e+00 2.379614e-26 1.095861e-26 3.475476e-26 
2.370000e+00 2.369398e-26 1.091020e-26 3.460418e-26 
2.372000e+00 2.358484e-26 1.089309e-26 3.447793e-26 
2.374000e+00 2.351330e-26 1.085189e-26 3.436519e-26 
2.376000e+00 2.342561e-26 1.080836e-26 3.423397e-26 
2.378000e+00 2.336968e-26 1.077739e-26 3.414707e-26 
2.380000e+00 2.326492e-26 1.074028e-26 3.400519e-26 
2.382000e+00 2.318118e-26 1.070813e-26 3.388931e-26 
2.384000e+00 2.311493e-26 1.066205e-26 3.377698e-26 
2.386000e+00 2.299197e-26 1.061521e-26 3.360719e-26 
2.388000e+00 2.292011e-26 1.057258e-26 3.349269e-26 
2.390000e+00 2.280428e-26 1.053522e-26 3.333950e-26 
2.392000e+00 2.272788e-26 1.048333e-26 3.321121e-26 
2.394000e+00 2.265144e-26 1.045319e-26 3.310462e-26 
2.396000e+00 2.257267e-26 1.041199e-26 3.298466e-26 
2.398000e+00 2.247983e-26 1.037540e-26 3.285522e-26 
2.400000e+00 2.241252e-26 1.035238e-26 3.276490e-26 
2.402000e+00 2.234990e-26 1.030536e-26 3.265525e-26 
2.404000e+00 2.226911e-26 1.027894e-26 3.254806e-26 
2.406000e+00 2.215752e-26 1.022769e-26 3.238521e-26 
2.408000e+00 2.208600e-26 1.020053e-26 3.228653e-26 
2.410000e+00 2.201663e-26 1.016611e-26 3.218274e-26 
2.412000e+00 2.194843e-26 1.012318e-26 3.207161e-26 
2.414000e+00 2.186526e-26 1.009255e-26 3.195781e-26 
2.416000e+00 2.177277e-26 1.005542e-26 3.182819e-26 
2.418000e+00 2.169719e-26 1.001331e-26 3.171050e-26 
2.420000e+00 2.162735e-26 9.980103e-27 3.160745e-26 
2.422000e+00 2.155381e-26 9.945236e-27 3.149904e-26 
2.424000e+00 2.147930e-26 9.910036e-27 3.138934e-26 
2.426000e+00 2.136696e-26 9.875072e-27 3.124203e-26 
2.428000e+00 2.129864e-26 9.831009e-27 3.112965e-26 
2.430000e+00 2.137335e-26 9.793749e-27 3.116709e-26 
2.432000e+00 2.114890e-26 9.765933e-27 3.091484e-26 
2.434000e+00 2.109146e-26 9.728087e-27 3.081955e-26 
2.436000e+00 2.099288e-26 9.683230e-27 3.067611e-26 
2.438000e+00 2.093576e-26 9.662571e-27 3.059833e-26 
2.440000e+00 2.087496e-26 9.614339e-27 3.048930e-26 
2.442000e+00 2.079169e-26 9.590403e-27 3.038210e-26 
2.444000e+00 2.070546e-26 9.552459e-27 3.025792e-26 
2.446000e+00 2.065143e-26 9.519682e-27 3.017111e-26 
2.448000e+00 2.054129e-26 9.482347e-27 3.002364e-26 
2.450000e+00 2.048289e-26 9.450856e-27 2.993374e-26 
2.452000e+00 2.041186e-26 9.410063e-27 2.982192e-26 
2.454000e+00 2.034627e-26 9.384882e-27 2.973116e-26 
2.456000e+00 2.028793e-26 9.360963e-27 2.964889e-26 
2.458000e+00 2.021240e-26 9.320703e-27 2.953311e-26 
2.460000e+00 2.015502e-26 9.289332e-27 2.944435e-26 
2.462000e+00 2.008586e-26 9.246070e-27 2.933193e-26 
2.464000e+00 2.000869e-26 9.232658e-27 2.924135e-26 
2.466000e+00 1.993435e-26 9.183492e-27 2.911784e-26 
2.468000e+00 1.987737e-26 9.164967e-27 2.904233e-26 
2.470000e+00 2.031004e-26 9.364941e-27 2.967498e-26 
2.472000e+00 2.023715e-26 9.333104e-27 2.957026e-26 
2.474000e+00 2.016229e-26 9.306712e-27 2.946901e-26 
2.476000e+00 2.007107e-26 9.266072e-27 2.933714e-26 
2.478000e+00 2.000837e-26 9.236468e-27 2.924484e-26 
2.480000e+00 1.994560e-26 9.296850e-27 2.924245e-26 
2.482000e+00 1.986943e-26 9.179842e-27 2.904927e-26 
2.484000e+00 1.979965e-26 9.147463e-27 2.894712e-26 
2.486000e+00 1.976018e-26 9.098640e-27 2.885882e-26 
2.488000e+00 1.969049e-26 9.081291e-27 2.877179e-26 
2.490000e+00 1.962595e-26 9.053968e-27 2.867992e-26 
2.492000e+00 1.959926e-26 9.021309e-27 2.862057e-26 
2.494000e+00 1.949697e-26 9.006744e-27 2.850372e-26 
2.496000e+00 1.942656e-26 8.558594e-27 2.798516e-26 
2.498000e+00 1.936783e-26 8.935580e-27 2.830341e-26 
2.500000e+00 1.931489e-26 8.903244e-27 2.821813e-26 
2.502000e+00 1.921830e-26 8.877682e-27 2.809599e-26 
2.504000e+00 1.915212e-26 8.841001e-27 2.799312e-26 
2.506000e+00 1.908905e-26 8.812904e-27 2.790195e-26 
2.508000e+00 1.905433e-26 8.783916e-27 2.783824e-26 
2.510000e+00 1.898898e-26 8.753322e-27 2.774230e-26 
2.512000e+00 1.891156e-26 8.723700e-27 2.763526e-26 
2.514000e+00 1.885245e-26 8.699992e-27 2.755244e-26 
2.516000e+00 1.878286e-26 8.669142e-27 2.745200e-26 
2.518000e+00 1.871504e-26 8.645904e-27 2.736095e-26 
2.520000e+00 1.864297e-26 8.611537e-27 2.725451e-26 
2.522000e+00 1.859051e-26 8.592108e-27 2.718262e-26 
2.524000e+00 1.855677e-26 8.550463e-27 2.710723e-26 
2.526000e+00 1.848475e-26 8.595810e-27 2.708056e-26 
2.528000e+00 1.841521e-26 8.489900e-27 2.690511e-26 
2.530000e+00 1.835307e-26 8.468245e-27 2.682131e-26 
2.532000e+00 1.830993e-26 8.440600e-27 2.675053e-26 
2.534000e+00 1.824385e-26 8.415555e-27 2.665940e-26 
2.536000e+00 1.818248e-26 8.392322e-27 2.657480e-26 
2.538000e+00 1.812480e-26 8.367663e-27 2.649246e-26 
2.540000e+00 1.806112e-26 8.334342e-27 2.639546e-26 
2.542000e+00 1.799193e-26 8.311692e-27 2.630362e-26 
2.544000e+00 1.794146e-26 8.283321e-27 2.622478e-26 
2.546000e+00 1.786842e-26 8.248279e-27 2.611670e-26 
2.548000e+00 1.781686e-26 8.227972e-27 2.604483e-26 
2.550000e+00 1.776348e-26 8.198679e-27 2.596216e-26 
2.552000e+00 1.770233e-26 8.169126e-27 2.587146e-26 
2.554000e+00 1.763722e-26 8.143709e-27 2.578093e-26 
2.556000e+00 1.759553e-26 8.118557e-27 2.571409e-26 
2.558000e+00 1.752846e-26 8.089467e-27 2.561793e-26 
2.560000e+00 1.746558e-26 8.062385e-27 2.552796e-26 
2.562000e+00 1.741056e-26 8.036844e-27 2.544741e-26 
2.564000e+00 1.734589e-26 7.998057e-27 2.534395e-26 
2.566000e+00 1.728847e-26 7.975863e-27 2.526434e-26 
2.568000e+00 1.721960e-26 7.943872e-27 2.516347e-26 
2.570000e+00 1.717784e-26 7.916039e-27 2.509388e-26 
2.572000e+00 1.714591e-26 7.891510e-27 2.503742e-26 
2.574000e+00 1.705062e-26 7.873956e-27 2.492457e-26 
2.576000e+00 1.699164e-26 7.850229e-27 2.484187e-26 
2.578000e+00 1.692919e-26 7.822365e-27 2.475156e-26 
2.580000e+00 1.688106e-26 7.794946e-27 2.467601e-26 
2.582000e+00 1.682526e-26 7.777182e-27 2.460244e-26 
2.584000e+00 1.676120e-26 7.744963e-27 2.450616e-26 
2.586000e+00 1.672778e-26 7.722843e-27 2.445062e-26 
2.588000e+00 1.667092e-26 7.698626e-27 2.436954e-26 
2.590000e+00 1.660087e-26 7.673585e-27 2.427446e-26 
2.592000e+00 1.657054e-26 7.650290e-27 2.422083e-26 
2.594000e+00 1.650397e-26 7.624332e-27 2.412831e-26 
2.596000e+00 1.646190e-26 7.596434e-27 2.405834e-26 
2.598000e+00 1.639809e-26 7.580828e-27 2.397891e-26 
2.600000e+00 1.634752e-26 7.562966e-27 2.391048e-26 
2.602000e+00 1.630027e-26 7.528779e-27 2.382905e-26 
2.604000e+00 1.623179e-26 7.497098e-27 2.372889e-26 
2.606000e+00 1.618801e-26 7.485156e-27 2.367317e-26 
2.608000e+00 1.613569e-26 7.454733e-27 2.359042e-26 
2.610000e+00 1.609023e-26 7.425981e-27 2.351621e-26 
2.612000e+00 1.604316e-26 7.397886e-27 2.344105e-26 
2.614000e+00 1.598880e-26 7.380761e-27 2.336956e-26 
2.616000e+00 1.593094e-26 7.350923e-27 2.328186e-26 
2.618000e+00 1.588740e-26 7.337964e-27 2.322537e-26 
2.620000e+00 1.583181e-26 7.318344e-27 2.315016e-26 
2.622000e+00 1.580171e-26 7.293945e-27 2.309566e-26 
2.624000e+00 1.573798e-26 7.275505e-27 2.301349e-26 
2.626000e+00 1.567768e-26 7.243631e-27 2.292131e-26 
2.628000e+00 1.564162e-26 7.222997e-27 2.286462e-26 
2.630000e+00 1.557605e-26 7.195821e-27 2.277187e-26 
2.632000e+00 1.554419e-26 7.176834e-27 2.272102e-26 
2.634000e+00 1.548630e-26 7.148347e-27 2.263465e-26 
2.636000e+00 1.542527e-26 7.140729e-27 2.256600e-26 
2.638000e+00 1.539405e-26 7.117431e-27 2.251148e-26 
2.640000e+00 1.535760e-26 7.098378e-27 2.245597e-26 
2.642000e+00 1.528353e-26 7.059774e-27 2.234330e-26 
2.644000e+00 1.524269e-26 7.047056e-27 2.228975e-26 
2.646000e+00 1.517702e-26 7.009074e-27 2.218609e-26 
2.648000e+00 1.513275e-26 6.992920e-27 2.212567e-26 
2.650000e+00 1.509555e-26 6.972642e-27 2.206819e-26 
2.652000e+00 1.503484e-26 6.943036e-27 2.197788e-26 
2.654000e+00 1.499714e-26 6.934446e-27 2.193159e-26 
2.656000e+00 1.492654e-26 6.900752e-27 2.182729e-26 
2.658000e+00 1.488958e-26 6.883193e-27 2.177277e-26 
2.660000e+00 1.482886e-26 6.856198e-27 2.168506e-26 
2.662000e+00 1.478456e-26 6.827852e-27 2.161241e-26 
2.664000e+00 1.473579e-26 6.821917e-27 2.155771e-26 
2.666000e+00 1.469760e-26 6.794222e-27 2.149182e-26 
2.668000e+00 1.463587e-26 6.771833e-27 2.140770e-26 
2.670000e+00 1.458912e-26 6.740693e-27 2.132982e-26 
2.672000e+00 1.453842e-26 6.725788e-27 2.126421e-26 
2.674000e+00 1.450249e-26 6.712475e-27 2.121496e-26 
2.676000e+00 1.444700e-26 6.686238e-27 2.113323e-26 
2.678000e+00 1.440415e-26 6.662261e-27 2.106641e-26 
2.680000e+00 1.436408e-26 6.635909e-27 2.099999e-26 
2.682000e+00 1.431776e-26 6.620114e-27 2.093787e-26 
2.684000e+00 1.427225e-26 6.607430e-27 2.087968e-26 
2.686000e+00 1.425002e-26 6.586624e-27 2.083664e-26 
2.688000e+00 1.418345e-26 6.555568e-27 2.073901e-26 
2.690000e+00 1.414781e-26 6.537945e-27 2.068576e-26 
2.692000e+00 1.409245e-26 6.528439e-27 2.062089e-26 
2.694000e+00 1.405835e-26 6.507403e-27 2.056575e-26 
2.696000e+00 1.401580e-26 6.475139e-27 2.049094e-26 
2.698000e+00 1.397532e-26 6.471396e-27 2.044672e-26 
2.700000e+00 1.391280e-26 6.441188e-27 2.035398e-26 
2.702000e+00 1.388765e-26 6.418731e-27 2.030638e-26 
2.704000e+00 1.383180e-26 6.408042e-27 2.023985e-26 
2.706000e+00 1.378903e-26 6.381019e-27 2.017004e-26 
2.708000e+00 1.374551e-26 6.356231e-27 2.010174e-26 
2.710000e+00 1.371891e-26 6.348850e-27 2.006776e-26 
2.712000e+00 1.363443e-26 6.311399e-27 1.994583e-26 
2.714000e+00 1.363304e-26 6.308507e-27 1.994155e-26 
2.716000e+00 1.360986e-26 6.300463e-27 1.991032e-26 
2.718000e+00 1.356548e-26 6.278252e-27 1.984374e-26 
2.720000e+00 1.352453e-26 6.240588e-27 1.976512e-26 
2.722000e+00 1.345290e-26 6.231007e-27 1.968391e-26 
2.724000e+00 1.341889e-26 6.215623e-27 1.963451e-26 
2.726000e+00 1.337508e-26 6.184775e-27 1.955985e-26 
2.728000e+00 1.332223e-26 6.182842e-27 1.950507e-26 
2.730000e+00 1.329099e-26 6.152094e-27 1.944308e-26 
2.732000e+00 1.326405e-26 6.133698e-27 1.939775e-26 
2.734000e+00 1.322415e-26 6.120834e-27 1.934498e-26 
2.736000e+00 1.316483e-26 6.096615e-27 1.926144e-26 
2.738000e+00 1.312496e-26 6.080265e-27 1.920522e-26 
2.740000e+00 1.309420e-26 6.065396e-27 1.915959e-26 
2.742000e+00 1.306521e-26 6.046140e-27 1.911135e-26 
2.744000e+00 1.301728e-26 6.017725e-27 1.903501e-26 
2.746000e+00 1.296605e-26 6.003919e-27 1.896997e-26 
2.748000e+00 1.292627e-26 5.979837e-27 1.890611e-26 
2.750000e+00 1.288946e-26 5.956131e-27 1.884559e-26 
2.752000e+00 1.282892e-26 5.944295e-27 1.877322e-26 
2.754000e+00 1.279934e-26 5.925154e-27 1.872449e-26 
2.756000e+00 1.275809e-26 5.912432e-27 1.867052e-26 
2.758000e+00 1.271275e-26 5.883273e-27 1.859602e-26 
2.760000e+00 1.268148e-26 5.863918e-27 1.854540e-26 
2.762000e+00 1.262794e-26 5.849869e-27 1.847781e-26 
2.764000e+00 1.259174e-26 5.828266e-27 1.842001e-26 
2.766000e+00 1.255298e-26 5.822905e-27 1.837589e-26 
2.768000e+00 1.251954e-26 5.798916e-27 1.831845e-26 
2.770000e+00 1.247999e-26 5.782237e-27 1.826223e-26 
2.772000e+00 1.244719e-26 5.763934e-27 1.821113e-26 
2.774000e+00 1.239901e-26 5.736299e-27 1.813530e-26 
2.776000e+00 1.234958e-26 5.727649e-27 1.807723e-26 
2.778000e+00 1.232260e-26 5.703250e-27 1.802585e-26 
2.780000e+00 1.228156e-26 5.695553e-27 1.797712e-26 
2.782000e+00 1.225900e-26 5.676627e-27 1.793563e-26 
2.784000e+00 1.222027e-26 5.670348e-27 1.789062e-26 
2.786000e+00 1.217652e-26 5.639215e-27 1.781573e-26 
2.788000e+00 1.215165e-26 5.636628e-27 1.778828e-26 
2.790000e+00 1.212240e-26 5.609703e-27 1.773210e-26 
2.792000e+00 1.205961e-26 5.589547e-27 1.764916e-26 
2.794000e+00 1.203977e-26 5.580819e-27 1.762059e-26 
2.796000e+00 1.199198e-26 5.557054e-27 1.754903e-26 
2.798000e+00 1.196030e-26 5.550179e-27 1.751048e-26 
2.800000e+00 1.192907e-26 5.524996e-27 1.745407e-26 
2.802000e+00 1.189511e-26 5.512924e-27 1.740803e-26 
2.804000e+00 1.181552e-26 5.473092e-27 1.728861e-26 
2.806000e+00 1.182565e-26 5.480160e-27 1.730581e-26 
2.808000e+00 1.178189e-26 5.455987e-27 1.723788e-26 
2.810000e+00 1.167879e-26 5.434514e-27 1.711330e-26 
2.812000e+00 1.170067e-26 5.427329e-27 1.712800e-26 
2.814000e+00 1.161507e-26 5.378939e-27 1.699401e-26 
2.816000e+00 1.163313e-26 5.391366e-27 1.702449e-26 
2.818000e+00 1.158656e-26 5.365445e-27 1.695201e-26 
2.820000e+00 1.156195e-26 5.361175e-27 1.692313e-26 
2.822000e+00 1.152464e-26 5.344568e-27 1.686921e-26 
2.824000e+00 1.149571e-26 5.329042e-27 1.682475e-26 
2.826000e+00 1.145579e-26 5.306096e-27 1.676188e-26 
2.828000e+00 1.143359e-26 5.299129e-27 1.673272e-26 
2.830000e+00 1.137672e-26 5.275034e-27 1.665175e-26 
2.832000e+00 1.134695e-26 5.272111e-27 1.661906e-26 
2.834000e+00 1.124041e-26 5.244506e-27 1.648492e-26 
2.836000e+00 1.128332e-26 5.238558e-27 1.652188e-26 
2.838000e+00 1.124276e-26 5.227114e-27 1.646987e-26 
2.840000e+00 1.121871e-26 5.211832e-27 1.643054e-26 
2.842000e+00 1.118617e-26 5.196698e-27 1.638287e-26 
2.844000e+00 1.114006e-26 5.171832e-27 1.631189e-26 
2.846000e+00 1.113365e-26 5.167821e-27 1.630147e-26 
2.848000e+00 1.107883e-26 5.144371e-27 1.622320e-26 
2.850000e+00 1.104625e-26 5.133589e-27 1.617984e-26 
2.852000e+00 1.102199e-26 5.107734e-27 1.612973e-26 
2.854000e+00 1.096663e-26 5.096183e-27 1.606281e-26 
2.856000e+00 1.094422e-26 5.079446e-27 1.602366e-26 
2.858000e+00 1.090404e-26 5.061148e-27 1.596519e-26 
2.860000e+00 1.086485e-26 5.045573e-27 1.591043e-26 
2.862000e+00 1.082966e-26 5.028030e-27 1.585769e-26 
2.864000e+00 1.080607e-26 5.024201e-27 1.583027e-26 
2.866000e+00 1.076805e-26 4.997153e-27 1.576521e-26 
2.868000e+00 1.072052e-26 4.986307e-27 1.570682e-26 
2.870000e+00 1.068789e-26 4.966851e-27 1.565475e-26 
2.872000e+00 1.067340e-26 4.957319e-27 1.563071e-26 
2.874000e+00 1.064730e-26 4.937003e-27 1.558430e-26 
2.876000e+00 1.061510e-26 4.924677e-27 1.553978e-26 
2.878000e+00 1.057691e-26 4.901333e-27 1.547824e-26 
2.880000e+00 1.054768e-26 4.894581e-27 1.544226e-26 
2.882000e+00 1.050953e-26 4.868353e-27 1.537788e-26 
2.884000e+00 1.048256e-26 4.865390e-27 1.534795e-26 
2.886000e+00 1.045328e-26 4.857465e-27 1.531075e-26 
2.888000e+00 1.042002e-26 4.847298e-27 1.526732e-26 
2.890000e+00 1.039239e-26 4.831960e-27 1.522435e-26 
2.892000e+00 1.035492e-26 4.816549e-27 1.517147e-26 
2.894000e+00 1.033741e-26 4.794469e-27 1.513188e-26 
2.896000e+00 1.030535e-26 4.786453e-27 1.509180e-26 
2.898000e+00 1.027947e-26 4.777180e-27 1.505665e-26 
2.900000e+00 1.024152e-26 4.753322e-27 1.499484e-26 
2.902000e+00 1.020297e-26 4.745347e-27 1.494832e-26 
2.904000e+00 1.017536e-26 4.732511e-27 1.490787e-26 
2.906000e+00 1.014582e-26 4.714357e-27 1.486018e-26 
2.908000e+00 1.011614e-26 4.697886e-27 1.481403e-26 
2.910000e+00 1.009919e-26 4.688622e-27 1.478781e-26 
2.912000e+00 1.005932e-26 4.672993e-27 1.473231e-26 
2.914000e+00 1.002378e-26 4.657634e-27 1.468142e-26 
2.916000e+00 9.998981e-27 4.640386e-27 1.463937e-26 
2.918000e+00 9.969733e-27 4.630655e-27 1.460039e-26 
2.920000e+00 9.936162e-27 4.624167e-27 1.456033e-26 
2.922000e+00 9.905360e-27 4.603086e-27 1.450845e-26 
2.924000e+00 9.872864e-27 4.593012e-27 1.446588e-26 
2.926000e+00 9.860221e-27 4.584507e-27 1.444473e-26 
2.928000e+00 9.780974e-27 4.568484e-27 1.434946e-26 
2.930000e+00 9.798698e-27 4.556865e-27 1.435556e-26 
2.932000e+00 9.778071e-27 4.550714e-27 1.432878e-26 
2.934000e+00 9.736035e-27 4.528521e-27 1.426456e-26 
2.936000e+00 9.714829e-27 4.517713e-27 1.423254e-26 
2.938000e+00 9.683115e-27 4.510625e-27 1.419374e-26 
2.940000e+00 9.661147e-27 4.475511e-27 1.413666e-26 
2.942000e+00 9.638699e-27 4.481496e-27 1.412020e-26 
2.944000e+00 9.601664e-27 4.472921e-27 1.407458e-26 
2.946000e+00 9.566266e-27 4.450284e-27 1.401655e-26 
2.948000e+00 9.541241e-27 4.442796e-27 1.398404e-26 
2.950000e+00 9.509734e-27 4.431733e-27 1.394147e-26 
2.952000e+00 9.477482e-27 4.412223e-27 1.388971e-26 
2.954000e+00 9.459995e-27 4.403188e-27 1.386318e-26 
2.956000e+00 9.424828e-27 4.387200e-27 1.381203e-26 
2.958000e+00 9.397608e-27 4.378141e-27 1.377575e-26 
2.960000e+00 9.362687e-27 4.357562e-27 1.372025e-26 
2.962000e+00 9.346800e-27 4.350050e-27 1.369685e-26 
2.964000e+00 9.318162e-27 4.340470e-27 1.365863e-26 
2.966000e+00 9.279943e-27 4.317561e-27 1.359750e-26 
2.968000e+00 9.265933e-27 4.310031e-27 1.357596e-26 
2.970000e+00 9.236602e-27 4.301138e-27 1.353774e-26 
2.972000e+00 9.194019e-27 4.286850e-27 1.348087e-26 
2.974000e+00 9.167566e-27 4.267244e-27 1.343481e-26 
2.976000e+00 9.139793e-27 4.259961e-27 1.339975e-26 
2.978000e+00 9.131526e-27 4.251131e-27 1.338266e-26 
2.980000e+00 9.091736e-27 4.227990e-27 1.331973e-26 
2.982000e+00 9.059474e-27 4.198893e-27 1.325837e-26 
2.984000e+00 9.035862e-27 4.210991e-27 1.324685e-26 
2.986000e+00 9.012572e-27 4.199751e-27 1.321232e-26 
2.988000e+00 8.942291e-27 4.185164e-27 1.312746e-26 
2.990000e+00 8.949386e-27 4.170634e-27 1.312002e-26 
2.992000e+00 8.940771e-27 4.164425e-27 1.310520e-26 
2.994000e+00 8.910481e-27 4.148275e-27 1.305876e-26 
2.996000e+00 8.881781e-27 4.138469e-27 1.302025e-26 
2.998000e+00 8.850802e-27 4.125580e-27 1.297638e-26 
