1.000000e-01 1.790942e-22 2.130844e-22 3.921786e-22 
1.020000e-01 1.785552e-22 2.101730e-22 3.887282e-22 
1.040000e-01 1.775099e-22 2.099523e-22 3.874623e-22 
1.060000e-01 1.760185e-22 2.084498e-22 3.844683e-22 
1.080000e-01 1.740179e-22 2.068401e-22 3.808580e-22 
1.100000e-01 1.713208e-22 2.051189e-22 3.764397e-22 
1.120000e-01 1.675034e-22 2.035242e-22 3.710276e-22 
1.140000e-01 1.612244e-22 2.017986e-22 3.630231e-22 
1.160000e-01 1.438587e-22 1.999541e-22 3.438129e-22 
1.180000e-01 1.610247e-22 1.983042e-22 3.593289e-22 
1.200000e-01 1.671841e-22 1.965627e-22 3.637469e-22 
1.220000e-01 1.701849e-22 1.946785e-22 3.648634e-22 
1.240000e-01 1.720751e-22 1.929030e-22 3.649781e-22 
1.260000e-01 1.734080e-22 1.910570e-22 3.644650e-22 
1.280000e-01 1.743705e-22 1.891742e-22 3.635447e-22 
1.300000e-01 1.750578e-22 1.872809e-22 3.623387e-22 
1.320000e-01 1.755632e-22 1.853535e-22 3.609167e-22 
1.340000e-01 1.759267e-22 1.833726e-22 3.592993e-22 
1.360000e-01 1.761627e-22 1.814113e-22 3.575740e-22 
1.380000e-01 1.762910e-22 1.793539e-22 3.556449e-22 
1.400000e-01 1.763304e-22 1.773480e-22 3.536784e-22 
1.420000e-01 1.763122e-22 1.752260e-22 3.515383e-22 
1.440000e-01 1.762167e-22 1.731066e-22 3.493233e-22 
1.460000e-01 1.760463e-22 1.709463e-22 3.469925e-22 
1.480000e-01 1.758057e-22 1.688007e-22 3.446064e-22 
1.500000e-01 1.755172e-22 1.666093e-22 3.421266e-22 
1.520000e-01 1.751690e-22 1.643490e-22 3.395179e-22 
1.540000e-01 1.747175e-22 1.621535e-22 3.368709e-22 
1.560000e-01 1.742004e-22 1.598966e-22 3.340970e-22 
1.580000e-01 1.735821e-22 1.575540e-22 3.311362e-22 
1.600000e-01 1.707996e-22 1.553043e-22 3.261040e-22 
1.620000e-01 1.720015e-22 1.529492e-22 3.249507e-22 
1.640000e-01 1.707823e-22 1.505503e-22 3.213326e-22 
1.660000e-01 1.687698e-22 1.482132e-22 3.169830e-22 
1.680000e-01 1.636541e-22 1.459005e-22 3.095545e-22 
1.700000e-01 1.659582e-22 1.436052e-22 3.095634e-22 
1.720000e-01 1.679642e-22 1.412706e-22 3.092348e-22 
1.740000e-01 1.688052e-22 1.388996e-22 3.077049e-22 
1.760000e-01 1.692786e-22 1.365323e-22 3.058109e-22 
1.780000e-01 1.695957e-22 1.341583e-22 3.037540e-22 
1.800000e-01 1.698160e-22 1.317685e-22 3.015845e-22 
1.820000e-01 1.699722e-22 1.293728e-22 2.993450e-22 
1.840000e-01 1.700988e-22 1.269721e-22 2.970708e-22 
1.860000e-01 1.702003e-22 1.245773e-22 2.947776e-22 
1.880000e-01 1.702957e-22 1.221342e-22 2.924300e-22 
1.900000e-01 1.703911e-22 1.197161e-22 2.901073e-22 
1.920000e-01 1.705438e-22 1.172898e-22 2.878336e-22 
1.940000e-01 1.708401e-22 1.148973e-22 2.857373e-22 
1.960000e-01 1.714000e-22 1.124758e-22 2.838757e-22 
1.980000e-01 1.730137e-22 1.100774e-22 2.830912e-22 
2.000000e-01 1.758657e-22 1.076766e-22 2.835423e-22 
2.020000e-01 1.729151e-22 1.053131e-22 2.782282e-22 
2.040000e-01 1.716313e-22 1.029661e-22 2.745974e-22 
2.060000e-01 1.706749e-22 1.005406e-22 2.712155e-22 
2.080000e-01 1.698676e-22 9.813303e-23 2.680006e-22 
2.100000e-01 1.691320e-22 9.572147e-23 2.648535e-22 
2.120000e-01 1.684410e-22 9.324781e-23 2.616888e-22 
2.140000e-01 1.677949e-22 9.075567e-23 2.585505e-22 
2.160000e-01 1.671670e-22 8.824811e-23 2.554151e-22 
2.180000e-01 1.665471e-22 8.567213e-23 2.522192e-22 
2.200000e-01 1.659748e-22 8.321122e-23 2.491860e-22 
2.220000e-01 1.654196e-22 8.075716e-23 2.461768e-22 
2.240000e-01 1.648320e-22 7.830203e-23 2.431340e-22 
2.260000e-01 1.642386e-22 7.581551e-23 2.400541e-22 
2.280000e-01 1.636162e-22 7.322141e-23 2.368376e-22 
2.300000e-01 1.630013e-22 7.067749e-23 2.336788e-22 
2.320000e-01 1.623972e-22 6.807202e-23 2.304693e-22 
2.340000e-01 1.617756e-22 6.541300e-23 2.271886e-22 
2.360000e-01 1.611581e-22 6.275247e-23 2.239106e-22 
2.380000e-01 1.605322e-22 6.005273e-23 2.205849e-22 
2.400000e-01 1.598832e-22 5.782413e-23 2.177074e-22 
2.420000e-01 1.592578e-22 5.605471e-23 2.153125e-22 
2.440000e-01 1.586217e-22 5.436619e-23 2.129879e-22 
2.460000e-01 1.580077e-22 5.222426e-23 2.102319e-22 
2.480000e-01 1.573992e-22 4.973995e-23 2.071391e-22 
2.500000e-01 1.567926e-22 4.688654e-23 2.036792e-22 
2.520000e-01 1.561914e-22 4.346825e-23 1.996597e-22 
2.540000e-01 1.555774e-22 3.977730e-23 1.953547e-22 
2.560000e-01 1.549715e-22 3.586758e-23 1.908391e-22 
2.580000e-01 1.543529e-22 3.157760e-23 1.859305e-22 
2.600000e-01 1.537388e-22 2.637365e-23 1.801125e-22 
2.620000e-01 1.531159e-22 2.045174e-23 1.735677e-22 
2.640000e-01 1.524902e-22 1.389890e-23 1.663891e-22 
2.660000e-01 1.518714e-22 8.104176e-24 1.599756e-22 
2.680000e-01 1.512438e-22 3.515148e-24 1.547590e-22 
2.700000e-01 1.506341e-22 7.280200e-25 1.513621e-22 
2.720000e-01 1.500176e-22 6.151652e-25 1.506328e-22 
2.740000e-01 1.494219e-22 3.843233e-24 1.532651e-22 
2.760000e-01 1.488280e-22 1.120256e-23 1.600305e-22 
2.780000e-01 1.482471e-22 1.975772e-23 1.680048e-22 
2.800000e-01 1.476530e-22 4.154938e-23 1.892024e-22 
2.820000e-01 1.470583e-22 5.009072e-23 1.971490e-22 
2.840000e-01 1.464395e-22 4.729628e-23 1.937358e-22 
2.860000e-01 1.458253e-22 4.456628e-23 1.903915e-22 
2.880000e-01 1.451920e-22 4.302938e-23 1.882214e-22 
2.900000e-01 1.445635e-22 4.263037e-23 1.871938e-22 
2.920000e-01 1.439157e-22 4.316140e-23 1.870771e-22 
2.940000e-01 1.432793e-22 4.449734e-23 1.877766e-22 
2.960000e-01 1.426250e-22 4.624871e-23 1.888737e-22 
2.980000e-01 1.419813e-22 4.838801e-23 1.903693e-22 
3.000000e-01 1.413264e-22 5.043125e-23 1.917577e-22 
3.020000e-01 1.406732e-22 5.207797e-23 1.927512e-22 
3.040000e-01 1.400043e-22 5.334307e-23 1.933474e-22 
3.060000e-01 1.393423e-22 5.439983e-23 1.937421e-22 
3.080000e-01 1.386667e-22 5.545212e-23 1.941188e-22 
3.100000e-01 1.379970e-22 5.617078e-23 1.941678e-22 
3.120000e-01 1.373107e-22 5.680168e-23 1.941124e-22 
3.140000e-01 1.366324e-22 5.711767e-23 1.937501e-22 
3.160000e-01 1.359432e-22 5.721636e-23 1.931596e-22 
3.180000e-01 1.352578e-22 5.704664e-23 1.923044e-22 
3.200000e-01 1.345665e-22 5.702739e-23 1.915939e-22 
3.220000e-01 1.338720e-22 5.709625e-23 1.909683e-22 
3.240000e-01 1.331853e-22 5.741613e-23 1.906014e-22 
3.260000e-01 1.324824e-22 5.780892e-23 1.902913e-22 
3.280000e-01 1.317939e-22 5.813628e-23 1.899302e-22 
3.300000e-01 1.310949e-22 5.847215e-23 1.895671e-22 
3.320000e-01 1.304113e-22 5.874724e-23 1.891585e-22 
3.340000e-01 1.297308e-22 5.902321e-23 1.887540e-22 
3.360000e-01 1.290557e-22 5.922672e-23 1.882824e-22 
3.380000e-01 1.283809e-22 5.942415e-23 1.878050e-22 
3.400000e-01 1.276989e-22 5.957348e-23 1.872723e-22 
3.420000e-01 1.270198e-22 5.973565e-23 1.867555e-22 
3.440000e-01 1.263207e-22 5.992010e-23 1.862408e-22 
3.460000e-01 1.256316e-22 6.010008e-23 1.857317e-22 
3.480000e-01 1.249293e-22 6.025322e-23 1.851825e-22 
3.500000e-01 1.242211e-22 6.040000e-23 1.846211e-22 
3.520000e-01 1.235153e-22 6.051497e-23 1.840303e-22 
3.540000e-01 1.227963e-22 6.062597e-23 1.834223e-22 
3.560000e-01 1.220916e-22 6.071956e-23 1.828111e-22 
3.580000e-01 1.213727e-22 6.080870e-23 1.821814e-22 
3.600000e-01 1.206599e-22 6.086166e-23 1.815216e-22 
3.620000e-01 1.199526e-22 6.091702e-23 1.808696e-22 
3.640000e-01 1.192404e-22 6.097335e-23 1.802138e-22 
3.660000e-01 1.185344e-22 6.103266e-23 1.795670e-22 
3.680000e-01 1.178182e-22 6.106164e-23 1.788798e-22 
3.700000e-01 1.171082e-22 6.109341e-23 1.782016e-22 
3.720000e-01 1.163913e-22 6.112037e-23 1.775117e-22 
3.740000e-01 1.156641e-22 6.115043e-23 1.768146e-22 
3.760000e-01 1.149397e-22 6.115418e-23 1.760939e-22 
3.780000e-01 1.142035e-22 6.115086e-23 1.753543e-22 
3.800000e-01 1.134613e-22 6.112423e-23 1.745855e-22 
3.820000e-01 1.127183e-22 6.108315e-23 1.738014e-22 
3.840000e-01 1.119578e-22 6.104257e-23 1.730003e-22 
3.860000e-01 1.112070e-22 6.100265e-23 1.722097e-22 
3.880000e-01 1.104579e-22 6.096080e-23 1.714187e-22 
3.900000e-01 1.097064e-22 6.091300e-23 1.706194e-22 
3.920000e-01 1.089602e-22 6.086553e-23 1.698257e-22 
3.940000e-01 1.082157e-22 6.081735e-23 1.690330e-22 
3.960000e-01 1.074760e-22 6.076996e-23 1.682459e-22 
3.980000e-01 1.067408e-22 6.071358e-23 1.674544e-22 
4.000000e-01 1.059991e-22 6.064896e-23 1.666481e-22 
4.020000e-01 1.052654e-22 6.057632e-23 1.658417e-22 
4.040000e-01 1.045345e-22 6.048536e-23 1.650198e-22 
4.060000e-01 1.037934e-22 6.039534e-23 1.641888e-22 
4.080000e-01 1.030559e-22 6.030996e-23 1.633659e-22 
4.100000e-01 1.023138e-22 6.022307e-23 1.625369e-22 
4.120000e-01 1.015686e-22 6.013029e-23 1.616989e-22 
4.140000e-01 1.008340e-22 6.003429e-23 1.608683e-22 
4.160000e-01 1.000897e-22 5.993756e-23 1.600273e-22 
4.180000e-01 9.933966e-23 5.984164e-23 1.591813e-22 
4.200000e-01 9.860536e-23 5.974499e-23 1.583503e-22 
4.220000e-01 9.786057e-23 5.964223e-23 1.575028e-22 
4.240000e-01 9.711186e-23 5.954080e-23 1.566527e-22 
4.260000e-01 9.637074e-23 5.943081e-23 1.558016e-22 
4.280000e-01 9.562611e-23 5.931577e-23 1.549419e-22 
4.300000e-01 9.488238e-23 5.919628e-23 1.540787e-22 
4.320000e-01 9.413923e-23 5.907689e-23 1.532161e-22 
4.340000e-01 9.339257e-23 5.895585e-23 1.523484e-22 
4.360000e-01 9.264872e-23 5.883960e-23 1.514883e-22 
4.380000e-01 9.190332e-23 5.872700e-23 1.506303e-22 
4.400000e-01 9.115206e-23 5.861087e-23 1.497629e-22 
4.420000e-01 9.040570e-23 5.847228e-23 1.488780e-22 
4.440000e-01 8.966344e-23 5.833230e-23 1.479957e-22 
4.460000e-01 8.891228e-23 5.819534e-23 1.471076e-22 
4.480000e-01 8.816270e-23 5.805834e-23 1.462210e-22 
4.500000e-01 8.741836e-23 5.792354e-23 1.453419e-22 
4.520000e-01 8.666904e-23 5.775637e-23 1.444254e-22 
4.540000e-01 8.591531e-23 5.758518e-23 1.435005e-22 
4.560000e-01 8.516687e-23 5.741515e-23 1.425820e-22 
4.580000e-01 8.441727e-23 5.724887e-23 1.416661e-22 
4.600000e-01 8.365904e-23 5.708204e-23 1.407411e-22 
4.620000e-01 8.290914e-23 5.691439e-23 1.398235e-22 
4.640000e-01 8.215492e-23 5.674981e-23 1.389047e-22 
4.660000e-01 8.139045e-23 5.658239e-23 1.379728e-22 
4.680000e-01 8.063435e-23 5.641995e-23 1.370543e-22 
4.700000e-01 7.987468e-23 5.625668e-23 1.361314e-22 
4.720000e-01 7.910346e-23 5.608673e-23 1.351902e-22 
4.740000e-01 7.833201e-23 5.590265e-23 1.342347e-22 
4.760000e-01 7.756225e-23 5.571677e-23 1.332790e-22 
4.780000e-01 7.678423e-23 5.552808e-23 1.323123e-22 
4.800000e-01 7.599896e-23 5.533731e-23 1.313363e-22 
4.820000e-01 7.521255e-23 5.514322e-23 1.303558e-22 
4.840000e-01 7.442073e-23 5.495126e-23 1.293720e-22 
4.860000e-01 7.362053e-23 5.475364e-23 1.283742e-22 
4.880000e-01 7.281431e-23 5.455947e-23 1.273738e-22 
4.900000e-01 7.200066e-23 5.434842e-23 1.263491e-22 
4.920000e-01 7.118156e-23 5.414186e-23 1.253234e-22 
4.940000e-01 7.035351e-23 5.393437e-23 1.242879e-22 
4.960000e-01 6.951768e-23 5.372898e-23 1.232467e-22 
4.980000e-01 6.866619e-23 5.352271e-23 1.221889e-22 
5.000000e-01 6.779623e-23 5.331363e-23 1.211099e-22 
5.020000e-01 6.692249e-23 5.311133e-23 1.200338e-22 
5.040000e-01 6.603188e-23 5.290870e-23 1.189406e-22 
5.060000e-01 6.512494e-23 5.270503e-23 1.178300e-22 
5.080000e-01 6.419769e-23 5.250481e-23 1.167025e-22 
5.100000e-01 6.324811e-23 5.230274e-23 1.155508e-22 
5.120000e-01 6.227253e-23 5.210561e-23 1.143781e-22 
5.140000e-01 6.126922e-23 5.190707e-23 1.131763e-22 
5.160000e-01 6.023849e-23 5.170820e-23 1.119467e-22 
5.180000e-01 5.916741e-23 5.151685e-23 1.106843e-22 
5.200000e-01 5.804355e-23 5.132855e-23 1.093721e-22 
5.220000e-01 5.687063e-23 5.113880e-23 1.080094e-22 
5.240000e-01 5.563441e-23 5.094250e-23 1.065769e-22 
5.260000e-01 5.431642e-23 5.074083e-23 1.050573e-22 
5.280000e-01 5.290074e-23 5.053595e-23 1.034367e-22 
5.300000e-01 5.137193e-23 5.033332e-23 1.017052e-22 
5.320000e-01 4.968813e-23 5.013453e-23 9.982265e-23 
5.340000e-01 4.772244e-23 4.993089e-23 9.765333e-23 
5.360000e-01 4.537667e-23 4.972181e-23 9.509848e-23 
5.380000e-01 4.219755e-23 4.950206e-23 9.169961e-23 
5.400000e-01 3.776537e-23 4.928241e-23 8.704778e-23 
5.420000e-01 3.294795e-23 4.907036e-23 8.201830e-23 
5.440000e-01 3.003662e-23 4.887466e-23 7.891128e-23 
5.460000e-01 3.080146e-23 4.867861e-23 7.948007e-23 
5.480000e-01 3.435007e-23 4.847684e-23 8.282691e-23 
5.500000e-01 3.796924e-23 4.826451e-23 8.623375e-23 
5.520000e-01 4.069434e-23 4.805450e-23 8.874884e-23 
5.540000e-01 4.233093e-23 4.784675e-23 9.017768e-23 
5.560000e-01 4.354577e-23 4.765493e-23 9.120070e-23 
5.580000e-01 4.446230e-23 4.745906e-23 9.192136e-23 
5.600000e-01 4.521887e-23 4.726339e-23 9.248226e-23 
5.620000e-01 4.585374e-23 4.706343e-23 9.291716e-23 
5.640000e-01 4.638724e-23 4.685721e-23 9.324445e-23 
5.660000e-01 4.684026e-23 4.665328e-23 9.349354e-23 
5.680000e-01 4.721629e-23 4.644846e-23 9.366475e-23 
5.700000e-01 4.753410e-23 4.624476e-23 9.377886e-23 
5.720000e-01 4.779852e-23 4.603964e-23 9.383816e-23 
5.740000e-01 4.802561e-23 4.583248e-23 9.385809e-23 
5.760000e-01 4.822220e-23 4.562967e-23 9.385187e-23 
5.780000e-01 4.837809e-23 4.543135e-23 9.380944e-23 
5.800000e-01 4.849964e-23 4.522675e-23 9.372639e-23 
5.820000e-01 4.859969e-23 4.503464e-23 9.363433e-23 
5.840000e-01 4.868086e-23 4.483999e-23 9.352085e-23 
5.860000e-01 4.874049e-23 4.464822e-23 9.338871e-23 
5.880000e-01 4.876783e-23 4.445196e-23 9.321978e-23 
5.900000e-01 4.878345e-23 4.425545e-23 9.303890e-23 
5.920000e-01 4.878472e-23 4.405871e-23 9.284343e-23 
5.940000e-01 4.877000e-23 4.385926e-23 9.262926e-23 
5.960000e-01 4.873536e-23 4.366709e-23 9.240245e-23 
5.980000e-01 4.868832e-23 4.347518e-23 9.216349e-23 
6.000000e-01 4.863150e-23 4.327758e-23 9.190908e-23 
6.020000e-01 4.856600e-23 4.307101e-23 9.163701e-23 
6.040000e-01 4.848260e-23 4.285725e-23 9.133985e-23 
6.060000e-01 4.838935e-23 4.264594e-23 9.103529e-23 
6.080000e-01 4.828990e-23 4.244891e-23 9.073882e-23 
6.100000e-01 4.818050e-23 4.227538e-23 9.045587e-23 
6.120000e-01 4.806346e-23 4.209962e-23 9.016308e-23 
6.140000e-01 4.792969e-23 4.192143e-23 8.985112e-23 
6.160000e-01 4.779579e-23 4.172597e-23 8.952176e-23 
6.180000e-01 4.765289e-23 4.153035e-23 8.918324e-23 
6.200000e-01 4.749990e-23 4.133150e-23 8.883140e-23 
6.220000e-01 4.733838e-23 4.113670e-23 8.847508e-23 
6.240000e-01 4.716940e-23 4.095339e-23 8.812279e-23 
6.260000e-01 4.700110e-23 4.076834e-23 8.776944e-23 
6.280000e-01 4.681916e-23 4.058338e-23 8.740254e-23 
6.300000e-01 4.663044e-23 4.039299e-23 8.702342e-23 
6.320000e-01 4.643677e-23 4.019483e-23 8.663160e-23 
6.340000e-01 4.624031e-23 3.999569e-23 8.623600e-23 
6.360000e-01 4.603383e-23 3.979737e-23 8.583120e-23 
6.380000e-01 4.581874e-23 3.961293e-23 8.543167e-23 
6.400000e-01 4.559576e-23 3.942336e-23 8.501911e-23 
6.420000e-01 4.536487e-23 3.923645e-23 8.460132e-23 
6.440000e-01 4.513111e-23 3.905899e-23 8.419011e-23 
6.460000e-01 4.488817e-23 3.889767e-23 8.378584e-23 
6.480000e-01 4.463523e-23 3.873389e-23 8.336912e-23 
6.500000e-01 4.436964e-23 3.857135e-23 8.294099e-23 
6.520000e-01 4.409901e-23 3.838828e-23 8.248729e-23 
6.540000e-01 4.382094e-23 3.819331e-23 8.201425e-23 
6.560000e-01 4.352851e-23 3.799568e-23 8.152419e-23 
6.580000e-01 4.322802e-23 3.779994e-23 8.102796e-23 
6.600000e-01 4.291659e-23 3.762466e-23 8.054124e-23 
6.620000e-01 4.259349e-23 3.744917e-23 8.004266e-23 
6.640000e-01 4.225918e-23 3.727517e-23 7.953435e-23 
6.660000e-01 4.191082e-23 3.709833e-23 7.900914e-23 
6.680000e-01 4.154605e-23 3.691929e-23 7.846534e-23 
6.700000e-01 4.117211e-23 3.673801e-23 7.791012e-23 
6.720000e-01 4.078947e-23 3.655520e-23 7.734468e-23 
6.740000e-01 4.038704e-23 3.637801e-23 7.676505e-23 
6.760000e-01 3.996078e-23 3.620635e-23 7.616713e-23 
6.780000e-01 3.952251e-23 3.603525e-23 7.555776e-23 
6.800000e-01 3.906475e-23 3.586448e-23 7.492923e-23 
6.820000e-01 3.857614e-23 3.569602e-23 7.427216e-23 
6.840000e-01 3.806208e-23 3.553057e-23 7.359265e-23 
6.860000e-01 3.751914e-23 3.536335e-23 7.288249e-23 
6.880000e-01 3.692802e-23 3.519732e-23 7.212534e-23 
6.900000e-01 3.630060e-23 3.502876e-23 7.132936e-23 
6.920000e-01 3.560635e-23 3.486505e-23 7.047140e-23 
6.940000e-01 3.481794e-23 3.469930e-23 6.951724e-23 
6.960000e-01 3.395666e-23 3.453591e-23 6.849258e-23 
6.980000e-01 3.290646e-23 3.436701e-23 6.727347e-23 
7.000000e-01 3.144709e-23 3.419930e-23 6.564639e-23 
7.020000e-01 2.973487e-23 3.403176e-23 6.376663e-23 
7.040000e-01 2.770206e-23 3.386545e-23 6.156751e-23 
7.060000e-01 2.638052e-23 3.369810e-23 6.007862e-23 
7.080000e-01 2.571981e-23 3.353692e-23 5.925673e-23 
7.100000e-01 2.663557e-23 3.337186e-23 6.000744e-23 
7.120000e-01 2.806704e-23 3.320742e-23 6.127446e-23 
7.140000e-01 3.005134e-23 3.304616e-23 6.309750e-23 
7.160000e-01 3.160709e-23 3.288892e-23 6.449601e-23 
7.180000e-01 3.291318e-23 3.272988e-23 6.564306e-23 
7.200000e-01 3.370432e-23 3.257211e-23 6.627643e-23 
7.220000e-01 3.431497e-23 3.241330e-23 6.672826e-23 
7.240000e-01 3.484350e-23 3.226403e-23 6.710754e-23 
7.260000e-01 3.525867e-23 3.211261e-23 6.737128e-23 
7.280000e-01 3.562800e-23 3.196347e-23 6.759147e-23 
7.300000e-01 3.595870e-23 3.180923e-23 6.776793e-23 
7.320000e-01 3.621755e-23 3.165380e-23 6.787135e-23 
7.340000e-01 3.646146e-23 3.149372e-23 6.795518e-23 
7.360000e-01 3.666993e-23 3.133530e-23 6.800523e-23 
7.380000e-01 3.685394e-23 3.117649e-23 6.803043e-23 
7.400000e-01 3.702500e-23 3.102076e-23 6.804576e-23 
7.420000e-01 3.716233e-23 3.086672e-23 6.802906e-23 
7.440000e-01 3.728849e-23 3.071519e-23 6.800367e-23 
7.460000e-01 3.739787e-23 3.056038e-23 6.795825e-23 
7.480000e-01 3.749591e-23 3.041493e-23 6.791084e-23 
7.500000e-01 3.758102e-23 3.026696e-23 6.784798e-23 
7.520000e-01 3.765223e-23 3.012532e-23 6.777755e-23 
7.540000e-01 3.771172e-23 2.997725e-23 6.768897e-23 
7.560000e-01 3.775721e-23 2.983387e-23 6.759108e-23 
7.580000e-01 3.779862e-23 2.969417e-23 6.749278e-23 
7.600000e-01 3.783614e-23 2.955490e-23 6.739104e-23 
7.620000e-01 3.785858e-23 2.941641e-23 6.727499e-23 
7.640000e-01 3.787562e-23 2.927817e-23 6.715379e-23 
7.660000e-01 3.788418e-23 2.914068e-23 6.702486e-23 
7.680000e-01 3.788739e-23 2.900972e-23 6.689712e-23 
7.700000e-01 3.788605e-23 2.887425e-23 6.676030e-23 
7.720000e-01 3.787689e-23 2.874124e-23 6.661813e-23 
7.740000e-01 3.786006e-23 2.860359e-23 6.646365e-23 
7.760000e-01 3.784028e-23 2.845978e-23 6.630006e-23 
7.780000e-01 3.781028e-23 2.831979e-23 6.613007e-23 
7.800000e-01 3.777566e-23 2.817844e-23 6.595410e-23 
7.820000e-01 3.773774e-23 2.803147e-23 6.576921e-23 
7.840000e-01 3.769621e-23 2.789745e-23 6.559365e-23 
7.860000e-01 3.764144e-23 2.776400e-23 6.540544e-23 
7.880000e-01 3.758574e-23 2.762898e-23 6.521473e-23 
7.900000e-01 3.752471e-23 2.749588e-23 6.502059e-23 
7.920000e-01 3.745592e-23 2.736261e-23 6.481853e-23 
7.940000e-01 3.738304e-23 2.723430e-23 6.461734e-23 
7.960000e-01 3.728364e-23 2.710891e-23 6.439255e-23 
7.980000e-01 3.718755e-23 2.697887e-23 6.416641e-23 
8.000000e-01 3.708891e-23 2.685012e-23 6.393903e-23 
8.020000e-01 3.700429e-23 2.672640e-23 6.373069e-23 
8.040000e-01 3.692428e-23 2.660462e-23 6.352891e-23 
8.060000e-01 3.684955e-23 2.647647e-23 6.332602e-23 
8.080000e-01 3.677254e-23 2.635296e-23 6.312549e-23 
8.100000e-01 3.669359e-23 2.622748e-23 6.292107e-23 
8.120000e-01 3.662015e-23 2.609887e-23 6.271901e-23 
8.140000e-01 3.655358e-23 2.596349e-23 6.251707e-23 
8.160000e-01 3.648490e-23 2.583319e-23 6.231809e-23 
8.180000e-01 3.641551e-23 2.569868e-23 6.211419e-23 
8.200000e-01 3.634722e-23 2.557797e-23 6.192518e-23 
8.220000e-01 3.628037e-23 2.546530e-23 6.174567e-23 
8.240000e-01 3.621315e-23 2.535046e-23 6.156361e-23 
8.260000e-01 3.614889e-23 2.523956e-23 6.138845e-23 
8.280000e-01 3.608291e-23 2.512512e-23 6.120803e-23 
8.300000e-01 3.601661e-23 2.500810e-23 6.102471e-23 
8.320000e-01 3.595336e-23 2.488813e-23 6.084148e-23 
8.340000e-01 3.589056e-23 2.476962e-23 6.066018e-23 
8.360000e-01 3.583038e-23 2.464790e-23 6.047828e-23 
8.380000e-01 3.576844e-23 2.452746e-23 6.029590e-23 
8.400000e-01 3.571358e-23 2.441183e-23 6.012541e-23 
8.420000e-01 3.565816e-23 2.429954e-23 5.995770e-23 
8.440000e-01 3.560394e-23 2.418570e-23 5.978964e-23 
8.460000e-01 3.554899e-23 2.407092e-23 5.961990e-23 
8.480000e-01 3.549677e-23 2.395456e-23 5.945132e-23 
8.500000e-01 3.544826e-23 2.384825e-23 5.929651e-23 
8.520000e-01 3.539924e-23 2.373703e-23 5.913627e-23 
8.540000e-01 3.535444e-23 2.363055e-23 5.898499e-23 
8.560000e-01 3.530809e-23 2.352152e-23 5.882961e-23 
8.580000e-01 3.526056e-23 2.341135e-23 5.867191e-23 
8.600000e-01 3.521469e-23 2.329419e-23 5.850888e-23 
8.620000e-01 3.516377e-23 2.318051e-23 5.834428e-23 
8.640000e-01 3.511547e-23 2.306468e-23 5.818015e-23 
8.660000e-01 3.506276e-23 2.294986e-23 5.801262e-23 
8.680000e-01 3.501327e-23 2.283802e-23 5.785129e-23 
8.700000e-01 3.495756e-23 2.272353e-23 5.768109e-23 
8.720000e-01 3.489953e-23 2.261207e-23 5.751160e-23 
8.740000e-01 3.483702e-23 2.250481e-23 5.734183e-23 
8.760000e-01 3.476870e-23 2.239387e-23 5.716257e-23 
8.780000e-01 3.469830e-23 2.228435e-23 5.698265e-23 
8.800000e-01 3.462645e-23 2.218950e-23 5.681595e-23 
8.820000e-01 3.454995e-23 2.209716e-23 5.664711e-23 
8.840000e-01 3.448141e-23 2.200185e-23 5.648325e-23 
8.860000e-01 3.440713e-23 2.190400e-23 5.631113e-23 
8.880000e-01 3.432874e-23 2.181150e-23 5.614024e-23 
8.900000e-01 3.424905e-23 2.171012e-23 5.595917e-23 
8.920000e-01 3.416673e-23 2.160989e-23 5.577662e-23 
8.940000e-01 3.408645e-23 2.151215e-23 5.559860e-23 
8.960000e-01 3.400721e-23 2.141144e-23 5.541865e-23 
8.980000e-01 3.392967e-23 2.131110e-23 5.524077e-23 
9.000000e-01 3.384622e-23 2.120544e-23 5.505166e-23 
9.020000e-01 3.376151e-23 2.109998e-23 5.486149e-23 
9.040000e-01 3.367534e-23 2.099426e-23 5.466960e-23 
9.060000e-01 3.358975e-23 2.088879e-23 5.447854e-23 
9.080000e-01 3.350818e-23 2.078152e-23 5.428970e-23 
9.100000e-01 3.342099e-23 2.068809e-23 5.410907e-23 
9.120000e-01 3.333722e-23 2.059740e-23 5.393462e-23 
9.140000e-01 3.324871e-23 2.050443e-23 5.375314e-23 
9.160000e-01 3.315985e-23 2.041331e-23 5.357316e-23 
9.180000e-01 3.307180e-23 2.032531e-23 5.339711e-23 
9.200000e-01 3.298141e-23 2.022979e-23 5.321119e-23 
9.220000e-01 3.289254e-23 2.012949e-23 5.302203e-23 
9.240000e-01 3.280490e-23 2.003164e-23 5.283654e-23 
9.260000e-01 3.271588e-23 1.993503e-23 5.265091e-23 
9.280000e-01 3.262550e-23 1.983858e-23 5.246408e-23 
9.300000e-01 3.253384e-23 1.974313e-23 5.227696e-23 
9.320000e-01 3.244187e-23 1.965872e-23 5.210059e-23 
9.340000e-01 3.234897e-23 1.957829e-23 5.192726e-23 
9.360000e-01 3.225707e-23 1.949722e-23 5.175429e-23 
9.380000e-01 3.216761e-23 1.941121e-23 5.157882e-23 
9.400000e-01 3.207243e-23 1.933039e-23 5.140281e-23 
9.420000e-01 3.198225e-23 1.924245e-23 5.122470e-23 
9.440000e-01 3.188762e-23 1.915666e-23 5.104428e-23 
9.460000e-01 3.179519e-23 1.906789e-23 5.086307e-23 
9.480000e-01 3.170255e-23 1.898175e-23 5.068430e-23 
9.500000e-01 3.160831e-23 1.889268e-23 5.050098e-23 
9.520000e-01 3.151328e-23 1.880453e-23 5.031781e-23 
9.540000e-01 3.141907e-23 1.872231e-23 5.014137e-23 
9.560000e-01 3.132804e-23 1.864049e-23 4.996853e-23 
9.580000e-01 3.123118e-23 1.855377e-23 4.978495e-23 
9.600000e-01 3.113708e-23 1.846964e-23 4.960673e-23 
9.620000e-01 3.104348e-23 1.838657e-23 4.943005e-23 
9.640000e-01 3.094613e-23 1.829870e-23 4.924483e-23 
9.660000e-01 3.085119e-23 1.820658e-23 4.905777e-23 
9.680000e-01 3.075639e-23 1.811782e-23 4.887421e-23 
9.700000e-01 3.066020e-23 1.802507e-23 4.868527e-23 
9.720000e-01 3.056829e-23 1.793488e-23 4.850317e-23 
9.740000e-01 3.046994e-23 1.785003e-23 4.831997e-23 
9.760000e-01 3.037611e-23 1.777438e-23 4.815049e-23 
9.780000e-01 3.028185e-23 1.769487e-23 4.797672e-23 
9.800000e-01 3.018911e-23 1.761913e-23 4.780824e-23 
9.820000e-01 3.009245e-23 1.754259e-23 4.763504e-23 
9.840000e-01 2.999131e-23 1.746672e-23 4.745804e-23 
9.860000e-01 2.989894e-23 1.738580e-23 4.728474e-23 
9.880000e-01 2.980634e-23 1.730074e-23 4.710708e-23 
9.900000e-01 2.970634e-23 1.721826e-23 4.692459e-23 
9.920000e-01 2.961365e-23 1.713209e-23 4.674573e-23 
9.940000e-01 2.951826e-23 1.704937e-23 4.656763e-23 
9.960000e-01 2.942416e-23 1.697008e-23 4.639425e-23 
9.980000e-01 2.933075e-23 1.691837e-23 4.624912e-23 
1.000000e+00 2.923719e-23 1.686711e-23 4.610430e-23 
1.002000e+00 2.914286e-23 1.679575e-23 4.593861e-23 
1.004000e+00 2.905030e-23 1.672790e-23 4.577820e-23 
1.006000e+00 2.895656e-23 1.665859e-23 4.561515e-23 
1.008000e+00 2.886080e-23 1.658852e-23 4.544932e-23 
1.010000e+00 2.876620e-23 1.652211e-23 4.528831e-23 
1.012000e+00 2.866874e-23 1.645133e-23 4.512007e-23 
1.014000e+00 2.857840e-23 1.637959e-23 4.495799e-23 
1.016000e+00 2.848220e-23 1.631202e-23 4.479422e-23 
1.018000e+00 2.838929e-23 1.623975e-23 4.462904e-23 
1.020000e+00 2.829552e-23 1.617311e-23 4.446863e-23 
1.022000e+00 2.820277e-23 1.609965e-23 4.430242e-23 
1.024000e+00 2.810695e-23 1.603158e-23 4.413853e-23 
1.026000e+00 2.801327e-23 1.596542e-23 4.397869e-23 
1.028000e+00 2.792143e-23 1.590398e-23 4.382541e-23 
1.030000e+00 2.782450e-23 1.583782e-23 4.366232e-23 
1.032000e+00 2.773410e-23 1.577011e-23 4.350421e-23 
1.034000e+00 2.764060e-23 1.570355e-23 4.334415e-23 
1.036000e+00 2.754766e-23 1.564021e-23 4.318787e-23 
1.038000e+00 2.745525e-23 1.557275e-23 4.302799e-23 
1.040000e+00 2.735915e-23 1.550871e-23 4.286786e-23 
1.042000e+00 2.727059e-23 1.544075e-23 4.271134e-23 
1.044000e+00 2.717527e-23 1.537638e-23 4.255165e-23 
1.046000e+00 2.708404e-23 1.531381e-23 4.239785e-23 
1.048000e+00 2.699195e-23 1.524803e-23 4.223998e-23 
1.050000e+00 2.690226e-23 1.518643e-23 4.208869e-23 
1.052000e+00 2.680738e-23 1.512441e-23 4.193179e-23 
1.054000e+00 2.671684e-23 1.506068e-23 4.177752e-23 
1.056000e+00 2.662723e-23 1.500289e-23 4.163012e-23 
1.058000e+00 2.653451e-23 1.494052e-23 4.147504e-23 
1.060000e+00 2.644325e-23 1.487729e-23 4.132054e-23 
1.062000e+00 2.634668e-23 1.481866e-23 4.116534e-23 
1.064000e+00 2.614578e-23 1.475397e-23 4.089975e-23 
1.066000e+00 2.616610e-23 1.469424e-23 4.086034e-23 
1.068000e+00 2.607364e-23 1.462987e-23 4.070351e-23 
1.070000e+00 2.598220e-23 1.456975e-23 4.055195e-23 
1.072000e+00 2.589441e-23 1.450936e-23 4.040378e-23 
1.074000e+00 2.580089e-23 1.445216e-23 4.025304e-23 
1.076000e+00 2.571124e-23 1.439369e-23 4.010493e-23 
1.078000e+00 2.562291e-23 1.433685e-23 3.995976e-23 
1.080000e+00 2.553235e-23 1.427789e-23 3.981024e-23 
1.082000e+00 2.544303e-23 1.421970e-23 3.966273e-23 
1.084000e+00 2.534605e-23 1.416185e-23 3.950790e-23 
1.086000e+00 2.526156e-23 1.410209e-23 3.936366e-23 
1.088000e+00 2.517071e-23 1.404785e-23 3.921857e-23 
1.090000e+00 2.508197e-23 1.398756e-23 3.906953e-23 
1.092000e+00 2.499547e-23 1.392765e-23 3.892311e-23 
1.094000e+00 2.490275e-23 1.387039e-23 3.877314e-23 
1.096000e+00 2.481449e-23 1.381154e-23 3.862603e-23 
1.098000e+00 2.472442e-23 1.375453e-23 3.847894e-23 
1.100000e+00 2.463572e-23 1.370257e-23 3.833829e-23 
1.102000e+00 2.454985e-23 1.364969e-23 3.819954e-23 
1.104000e+00 2.446093e-23 1.359265e-23 3.805358e-23 
1.106000e+00 2.437264e-23 1.353850e-23 3.791114e-23 
1.108000e+00 2.428274e-23 1.348342e-23 3.776616e-23 
1.110000e+00 2.419697e-23 1.343032e-23 3.762730e-23 
1.112000e+00 2.410990e-23 1.337245e-23 3.748235e-23 
1.114000e+00 2.402163e-23 1.331790e-23 3.733952e-23 
1.116000e+00 2.393361e-23 1.326258e-23 3.719620e-23 
1.118000e+00 2.384446e-23 1.320864e-23 3.705309e-23 
1.120000e+00 2.375807e-23 1.315185e-23 3.690992e-23 
1.122000e+00 2.367177e-23 1.309810e-23 3.676987e-23 
1.124000e+00 2.358347e-23 1.305186e-23 3.663532e-23 
1.126000e+00 2.349889e-23 1.299687e-23 3.649576e-23 
1.128000e+00 2.340965e-23 1.294599e-23 3.635564e-23 
1.130000e+00 2.332334e-23 1.289701e-23 3.622035e-23 
1.132000e+00 2.323666e-23 1.284454e-23 3.608120e-23 
1.134000e+00 2.315027e-23 1.279533e-23 3.594560e-23 
1.136000e+00 2.306910e-23 1.274244e-23 3.581155e-23 
1.138000e+00 2.298492e-23 1.269243e-23 3.567734e-23 
1.140000e+00 2.290029e-23 1.264318e-23 3.554347e-23 
1.142000e+00 2.281310e-23 1.258936e-23 3.540246e-23 
1.144000e+00 2.272856e-23 1.253986e-23 3.526842e-23 
1.146000e+00 2.264036e-23 1.249007e-23 3.513043e-23 
1.148000e+00 2.255608e-23 1.243854e-23 3.499462e-23 
1.150000e+00 2.247081e-23 1.238858e-23 3.485939e-23 
1.152000e+00 2.239128e-23 1.234225e-23 3.473352e-23 
1.154000e+00 2.230634e-23 1.229503e-23 3.460138e-23 
1.156000e+00 2.222681e-23 1.224755e-23 3.447437e-23 
1.158000e+00 2.214026e-23 1.219457e-23 3.433483e-23 
1.160000e+00 2.205772e-23 1.214740e-23 3.420512e-23 
1.162000e+00 2.197354e-23 1.209983e-23 3.407337e-23 
1.164000e+00 2.189049e-23 1.205145e-23 3.394193e-23 
1.166000e+00 2.180285e-23 1.200433e-23 3.380718e-23 
1.168000e+00 2.171943e-23 1.195500e-23 3.367443e-23 
1.170000e+00 2.163761e-23 1.190576e-23 3.354336e-23 
1.172000e+00 2.155228e-23 1.185801e-23 3.341029e-23 
1.174000e+00 2.147573e-23 1.180937e-23 3.328510e-23 
1.176000e+00 2.139166e-23 1.176337e-23 3.315503e-23 
1.178000e+00 2.130742e-23 1.171803e-23 3.302545e-23 
1.180000e+00 2.122861e-23 1.167264e-23 3.290124e-23 
1.182000e+00 2.114461e-23 1.163074e-23 3.277535e-23 
1.184000e+00 2.105673e-23 1.158504e-23 3.264177e-23 
1.186000e+00 2.097818e-23 1.153788e-23 3.251607e-23 
1.188000e+00 2.089695e-23 1.149219e-23 3.238914e-23 
1.190000e+00 2.081752e-23 1.144858e-23 3.226611e-23 
1.192000e+00 2.073569e-23 1.140257e-23 3.213825e-23 
1.194000e+00 2.065416e-23 1.135956e-23 3.201372e-23 
1.196000e+00 2.057137e-23 1.131368e-23 3.188505e-23 
1.198000e+00 2.049315e-23 1.126891e-23 3.176205e-23 
1.200000e+00 2.041122e-23 1.122269e-23 3.163391e-23 
1.202000e+00 2.033021e-23 1.117873e-23 3.150895e-23 
1.204000e+00 2.024509e-23 1.113415e-23 3.137924e-23 
1.206000e+00 2.016867e-23 1.109508e-23 3.126376e-23 
1.208000e+00 2.008769e-23 1.104970e-23 3.113739e-23 
1.210000e+00 2.000387e-23 1.101095e-23 3.101482e-23 
1.212000e+00 1.992383e-23 1.096600e-23 3.088983e-23 
1.214000e+00 1.984452e-23 1.092465e-23 3.076916e-23 
1.216000e+00 1.976622e-23 1.088427e-23 3.065049e-23 
1.218000e+00 1.968682e-23 1.083908e-23 3.052590e-23 
1.220000e+00 1.960125e-23 1.079808e-23 3.039933e-23 
1.222000e+00 1.951963e-23 1.075556e-23 3.027518e-23 
1.224000e+00 1.943915e-23 1.071644e-23 3.015560e-23 
1.226000e+00 1.935791e-23 1.067429e-23 3.003220e-23 
1.228000e+00 1.927872e-23 1.063199e-23 2.991071e-23 
1.230000e+00 1.920021e-23 1.058692e-23 2.978714e-23 
1.232000e+00 1.912048e-23 1.054951e-23 2.966999e-23 
1.234000e+00 1.903688e-23 1.050964e-23 2.954652e-23 
1.236000e+00 1.895530e-23 1.047122e-23 2.942652e-23 
1.238000e+00 1.887124e-23 1.042947e-23 2.930071e-23 
1.240000e+00 1.879124e-23 1.039032e-23 2.918155e-23 
1.242000e+00 1.871179e-23 1.035223e-23 2.906402e-23 
1.244000e+00 1.862918e-23 1.031319e-23 2.894236e-23 
1.246000e+00 1.854038e-23 1.027353e-23 2.881390e-23 
1.248000e+00 1.845545e-23 1.023503e-23 2.869047e-23 
1.250000e+00 1.837347e-23 1.019554e-23 2.856901e-23 
1.252000e+00 1.829300e-23 1.015610e-23 2.844910e-23 
1.254000e+00 1.820900e-23 1.011542e-23 2.832442e-23 
1.256000e+00 1.811790e-23 1.007669e-23 2.819459e-23 
1.258000e+00 1.803504e-23 1.003730e-23 2.807234e-23 
1.260000e+00 1.794967e-23 9.996889e-24 2.794656e-23 
1.262000e+00 1.786003e-23 9.960102e-24 2.782013e-23 
1.264000e+00 1.777190e-23 9.923159e-24 2.769506e-23 
1.266000e+00 1.768444e-23 9.887073e-24 2.757151e-23 
1.268000e+00 1.758708e-23 9.851214e-24 2.743829e-23 
1.270000e+00 1.749756e-23 9.814677e-24 2.731224e-23 
1.272000e+00 1.740135e-23 9.776518e-24 2.717787e-23 
1.274000e+00 1.730402e-23 9.739651e-24 2.704367e-23 
1.276000e+00 1.720663e-23 9.702314e-24 2.690895e-23 
1.278000e+00 1.710188e-23 9.664754e-24 2.676663e-23 
1.280000e+00 1.699424e-23 9.628272e-24 2.662251e-23 
1.282000e+00 1.688899e-23 9.590237e-24 2.647923e-23 
1.284000e+00 1.676615e-23 9.553471e-24 2.631963e-23 
1.286000e+00 1.664204e-23 9.514836e-24 2.615688e-23 
1.288000e+00 1.649922e-23 9.477086e-24 2.597630e-23 
1.290000e+00 1.631458e-23 9.444759e-24 2.575934e-23 
1.292000e+00 1.613258e-23 9.410345e-24 2.554293e-23 
1.294000e+00 1.595084e-23 9.370479e-24 2.532132e-23 
1.296000e+00 1.576696e-23 9.335996e-24 2.510296e-23 
1.298000e+00 1.558928e-23 9.302555e-24 2.489184e-23 
1.300000e+00 1.547818e-23 9.266950e-24 2.474513e-23 
1.302000e+00 1.540437e-23 9.232767e-24 2.463714e-23 
1.304000e+00 1.532766e-23 9.197965e-24 2.452563e-23 
1.306000e+00 1.533834e-23 9.162399e-24 2.450074e-23 
1.308000e+00 1.536352e-23 9.127933e-24 2.449145e-23 
1.310000e+00 1.539426e-23 9.091525e-24 2.448578e-23 
1.312000e+00 1.546744e-23 9.057905e-24 2.452535e-23 
1.314000e+00 1.553751e-23 9.025414e-24 2.456292e-23 
1.316000e+00 1.561144e-23 8.991280e-24 2.460272e-23 
1.318000e+00 1.564008e-23 8.956665e-24 2.459674e-23 
1.320000e+00 1.567230e-23 8.923334e-24 2.459563e-23 
1.322000e+00 1.569792e-23 8.892159e-24 2.459008e-23 
1.324000e+00 1.569346e-23 8.858733e-24 2.455220e-23 
1.326000e+00 1.569722e-23 8.827563e-24 2.452479e-23 
1.328000e+00 1.569288e-23 8.795258e-24 2.448814e-23 
1.330000e+00 1.567959e-23 8.763319e-24 2.444290e-23 
1.332000e+00 1.566580e-23 8.729812e-24 2.439561e-23 
1.334000e+00 1.565346e-23 8.697761e-24 2.435122e-23 
1.336000e+00 1.562950e-23 8.665854e-24 2.429536e-23 
1.338000e+00 1.560826e-23 8.632957e-24 2.424122e-23 
1.340000e+00 1.558445e-23 8.603762e-24 2.418821e-23 
1.342000e+00 1.555625e-23 8.569966e-24 2.412621e-23 
1.344000e+00 1.553313e-23 8.536652e-24 2.406978e-23 
1.346000e+00 1.550421e-23 8.504188e-24 2.400840e-23 
1.348000e+00 1.547124e-23 8.474368e-24 2.394560e-23 
1.350000e+00 1.544208e-23 8.441411e-24 2.388349e-23 
1.352000e+00 1.541331e-23 8.413090e-24 2.382640e-23 
1.354000e+00 1.537883e-23 8.382659e-24 2.376149e-23 
1.356000e+00 1.534626e-23 8.353104e-24 2.369936e-23 
1.358000e+00 1.531764e-23 8.322482e-24 2.364012e-23 
1.360000e+00 1.527900e-23 8.289240e-24 2.356824e-23 
1.362000e+00 1.524740e-23 8.259568e-24 2.350697e-23 
1.364000e+00 1.521373e-23 8.228488e-24 2.344222e-23 
1.366000e+00 1.517862e-23 8.198957e-24 2.337758e-23 
1.368000e+00 1.513855e-23 8.169573e-24 2.330812e-23 
1.370000e+00 1.510436e-23 8.138745e-24 2.324311e-23 
1.372000e+00 1.506264e-23 8.108344e-24 2.317098e-23 
1.374000e+00 1.502847e-23 8.077656e-24 2.310613e-23 
1.376000e+00 1.498959e-23 8.047764e-24 2.303736e-23 
1.378000e+00 1.495271e-23 8.017584e-24 2.297030e-23 
1.380000e+00 1.491586e-23 7.985068e-24 2.290093e-23 
1.382000e+00 1.488249e-23 7.959703e-24 2.284219e-23 
1.384000e+00 1.484005e-23 7.931573e-24 2.277162e-23 
1.386000e+00 1.479866e-23 7.902496e-24 2.270116e-23 
1.388000e+00 1.475770e-23 7.873298e-24 2.263099e-23 
1.390000e+00 1.472172e-23 7.846429e-24 2.256815e-23 
1.392000e+00 1.467876e-23 7.819492e-24 2.249825e-23 
1.394000e+00 1.464361e-23 7.787108e-24 2.243072e-23 
1.396000e+00 1.460213e-23 7.760394e-24 2.236253e-23 
1.398000e+00 1.456495e-23 7.731231e-24 2.229618e-23 
1.400000e+00 1.452176e-23 7.705329e-24 2.222709e-23 
1.402000e+00 1.448051e-23 7.677019e-24 2.215753e-23 
1.404000e+00 1.444230e-23 7.649278e-24 2.209158e-23 
1.406000e+00 1.440053e-23 7.617157e-24 2.201769e-23 
1.408000e+00 1.436026e-23 7.589768e-24 2.195003e-23 
1.410000e+00 1.432441e-23 7.561474e-24 2.188589e-23 
1.412000e+00 1.427805e-23 7.534196e-24 2.181224e-23 
1.414000e+00 1.424141e-23 7.508622e-24 2.175003e-23 
1.416000e+00 1.419916e-23 7.481694e-24 2.168085e-23 
1.418000e+00 1.415953e-23 7.457241e-24 2.161677e-23 
1.420000e+00 1.411837e-23 7.428921e-24 2.154730e-23 
1.422000e+00 1.407932e-23 7.403436e-24 2.148275e-23 
1.424000e+00 1.403882e-23 7.377599e-24 2.141642e-23 
1.426000e+00 1.399603e-23 7.350332e-24 2.134637e-23 
1.428000e+00 1.395248e-23 7.326337e-24 2.127882e-23 
1.430000e+00 1.391009e-23 7.298842e-24 2.120893e-23 
1.432000e+00 1.386861e-23 7.271106e-24 2.113972e-23 
1.434000e+00 1.383060e-23 7.245845e-24 2.107645e-23 
1.436000e+00 1.379243e-23 7.221034e-24 2.101347e-23 
1.438000e+00 1.375262e-23 7.196469e-24 2.094909e-23 
1.440000e+00 1.371368e-23 7.166928e-24 2.088061e-23 
1.442000e+00 1.367379e-23 7.141048e-24 2.081484e-23 
1.444000e+00 1.362813e-23 7.116478e-24 2.074461e-23 
1.446000e+00 1.358892e-23 7.091172e-24 2.068010e-23 
1.448000e+00 1.355016e-23 7.064849e-24 2.061501e-23 
1.450000e+00 1.350950e-23 7.043166e-24 2.055267e-23 
1.452000e+00 1.346487e-23 7.017730e-24 2.048260e-23 
1.454000e+00 1.342506e-23 6.991595e-24 2.041666e-23 
1.456000e+00 1.338296e-23 6.969313e-24 2.035228e-23 
1.458000e+00 1.334317e-23 6.943097e-24 2.028627e-23 
1.460000e+00 1.330279e-23 6.921501e-24 2.022430e-23 
1.462000e+00 1.326216e-23 6.895481e-24 2.015764e-23 
1.464000e+00 1.322288e-23 6.867919e-24 2.009080e-23 
1.466000e+00 1.318224e-23 6.845523e-24 2.002776e-23 
1.468000e+00 1.314395e-23 6.821328e-24 1.996528e-23 
1.470000e+00 1.310385e-23 6.798322e-24 1.990217e-23 
1.472000e+00 1.306243e-23 6.771577e-24 1.983401e-23 
1.474000e+00 1.302640e-23 6.750615e-24 1.977701e-23 
1.476000e+00 1.298476e-23 6.724235e-24 1.970900e-23 
1.478000e+00 1.294457e-23 6.701685e-24 1.964626e-23 
1.480000e+00 1.290789e-23 6.678583e-24 1.958647e-23 
1.482000e+00 1.286684e-23 6.651944e-24 1.951878e-23 
1.484000e+00 1.282859e-23 6.628852e-24 1.945744e-23 
1.486000e+00 1.278789e-23 6.606969e-24 1.939486e-23 
1.488000e+00 1.274609e-23 6.583313e-24 1.932940e-23 
1.490000e+00 1.270963e-23 6.563772e-24 1.927341e-23 
1.492000e+00 1.266493e-23 6.539733e-24 1.920467e-23 
1.494000e+00 1.263009e-23 6.517399e-24 1.914749e-23 
1.496000e+00 1.258792e-23 6.494224e-24 1.908214e-23 
1.498000e+00 1.254938e-23 6.470479e-24 1.901986e-23 
1.500000e+00 1.251150e-23 6.447043e-24 1.895854e-23 
1.502000e+00 1.246843e-23 6.424187e-24 1.889262e-23 
1.504000e+00 1.243177e-23 6.399746e-24 1.883152e-23 
1.506000e+00 1.239346e-23 6.377551e-24 1.877101e-23 
1.508000e+00 1.235589e-23 6.354057e-24 1.870995e-23 
1.510000e+00 1.231834e-23 6.331525e-24 1.864987e-23 
1.512000e+00 1.227541e-23 6.311556e-24 1.858696e-23 
1.514000e+00 1.223851e-23 6.288007e-24 1.852652e-23 
1.516000e+00 1.220012e-23 6.268081e-24 1.846820e-23 
1.518000e+00 1.216079e-23 6.243631e-24 1.840442e-23 
1.520000e+00 1.212171e-23 6.223537e-24 1.834525e-23 
1.522000e+00 1.208593e-23 6.203503e-24 1.828943e-23 
1.524000e+00 1.204557e-23 6.179749e-24 1.822532e-23 
1.526000e+00 1.200598e-23 6.159519e-24 1.816550e-23 
1.528000e+00 1.196809e-23 6.139431e-24 1.810752e-23 
1.530000e+00 1.192800e-23 6.119177e-24 1.804718e-23 
1.532000e+00 1.189569e-23 6.094844e-24 1.799054e-23 
1.534000e+00 1.185554e-23 6.074518e-24 1.793005e-23 
1.536000e+00 1.182262e-23 6.053080e-24 1.787570e-23 
1.538000e+00 1.178205e-23 6.033641e-24 1.781569e-23 
1.540000e+00 1.174379e-23 6.009097e-24 1.775289e-23 
1.542000e+00 1.170579e-23 5.989715e-24 1.769550e-23 
1.544000e+00 1.166960e-23 5.968434e-24 1.763803e-23 
1.546000e+00 1.163040e-23 5.948673e-24 1.757907e-23 
1.548000e+00 1.159569e-23 5.927861e-24 1.752356e-23 
1.550000e+00 1.155721e-23 5.907149e-24 1.746436e-23 
1.552000e+00 1.152206e-23 5.885556e-24 1.740761e-23 
1.554000e+00 1.148199e-23 5.866894e-24 1.734888e-23 
1.556000e+00 1.144765e-23 5.847525e-24 1.729518e-23 
1.558000e+00 1.141259e-23 5.827477e-24 1.724007e-23 
1.560000e+00 1.137277e-23 5.805831e-24 1.717860e-23 
1.562000e+00 1.133850e-23 5.788292e-24 1.712679e-23 
1.564000e+00 1.129805e-23 5.768074e-24 1.706613e-23 
1.566000e+00 1.126276e-23 5.746742e-24 1.700950e-23 
1.568000e+00 1.122615e-23 5.729070e-24 1.695522e-23 
1.570000e+00 1.119161e-23 5.707077e-24 1.689869e-23 
1.572000e+00 1.115712e-23 5.686768e-24 1.684389e-23 
1.574000e+00 1.111979e-23 5.668870e-24 1.678866e-23 
1.576000e+00 1.108548e-23 5.648041e-24 1.673352e-23 
1.578000e+00 1.104526e-23 5.631129e-24 1.667639e-23 
1.580000e+00 1.100737e-23 5.609646e-24 1.661701e-23 
1.582000e+00 1.097393e-23 5.588776e-24 1.656271e-23 
1.584000e+00 1.093733e-23 5.570006e-24 1.650734e-23 
1.586000e+00 1.090178e-23 5.549388e-24 1.645117e-23 
1.588000e+00 1.086512e-23 5.531647e-24 1.639677e-23 
1.590000e+00 1.083119e-23 5.512824e-24 1.634402e-23 
1.592000e+00 1.079848e-23 5.495500e-24 1.629398e-23 
1.594000e+00 1.076326e-23 5.477481e-24 1.624075e-23 
1.596000e+00 1.073090e-23 5.458485e-24 1.618938e-23 
1.598000e+00 1.069509e-23 5.441711e-24 1.613680e-23 
1.600000e+00 1.065812e-23 5.423235e-24 1.608135e-23 
1.602000e+00 1.062266e-23 5.406138e-24 1.602880e-23 
1.604000e+00 1.058588e-23 5.383943e-24 1.596982e-23 
1.606000e+00 1.055455e-23 5.365016e-24 1.591956e-23 
1.608000e+00 1.052347e-23 5.345995e-24 1.586946e-23 
1.610000e+00 1.048557e-23 5.328400e-24 1.581397e-23 
1.612000e+00 1.044966e-23 5.309804e-24 1.575947e-23 
1.614000e+00 1.041833e-23 5.293804e-24 1.571213e-23 
1.616000e+00 1.038005e-23 5.274476e-24 1.565453e-23 
1.618000e+00 1.034277e-23 5.254617e-24 1.559739e-23 
1.620000e+00 1.031016e-23 5.237801e-24 1.554796e-23 
1.622000e+00 1.027934e-23 5.218113e-24 1.549745e-23 
1.624000e+00 1.024251e-23 5.204332e-24 1.544685e-23 
1.626000e+00 1.021083e-23 5.185438e-24 1.539627e-23 
1.628000e+00 1.017795e-23 5.169619e-24 1.534757e-23 
1.630000e+00 1.014550e-23 5.152520e-24 1.529802e-23 
1.632000e+00 1.011447e-23 5.137227e-24 1.525169e-23 
1.634000e+00 1.007902e-23 5.118997e-24 1.519802e-23 
1.636000e+00 1.004347e-23 5.102948e-24 1.514642e-23 
1.638000e+00 1.001227e-23 5.085370e-24 1.509764e-23 
1.640000e+00 9.978383e-24 5.069581e-24 1.504796e-23 
1.642000e+00 9.945154e-24 5.052202e-24 1.499736e-23 
1.644000e+00 9.912382e-24 5.036197e-24 1.494858e-23 
1.646000e+00 9.879912e-24 5.016702e-24 1.489661e-23 
1.648000e+00 9.847627e-24 5.001131e-24 1.484876e-23 
1.650000e+00 9.812515e-24 4.983162e-24 1.479568e-23 
1.652000e+00 9.777083e-24 4.967147e-24 1.474423e-23 
1.654000e+00 9.745642e-24 4.951887e-24 1.469753e-23 
1.656000e+00 9.712685e-24 4.933404e-24 1.464609e-23 
1.658000e+00 9.679105e-24 4.918262e-24 1.459737e-23 
1.660000e+00 9.651042e-24 4.902956e-24 1.455400e-23 
1.662000e+00 9.619354e-24 4.883947e-24 1.450330e-23 
1.664000e+00 9.583144e-24 4.867695e-24 1.445084e-23 
1.666000e+00 9.550767e-24 4.850996e-24 1.440176e-23 
1.668000e+00 9.517279e-24 4.836143e-24 1.435342e-23 
1.670000e+00 9.489232e-24 4.820840e-24 1.431007e-23 
1.672000e+00 9.456889e-24 4.805390e-24 1.426228e-23 
1.674000e+00 9.422724e-24 4.789931e-24 1.421266e-23 
1.676000e+00 9.393185e-24 4.773550e-24 1.416673e-23 
1.678000e+00 9.360687e-24 4.758879e-24 1.411957e-23 
1.680000e+00 9.326615e-24 4.741856e-24 1.406847e-23 
1.682000e+00 9.298745e-24 4.726786e-24 1.402553e-23 
1.684000e+00 9.264898e-24 4.711239e-24 1.397614e-23 
1.686000e+00 9.236378e-24 4.696542e-24 1.393292e-23 
1.688000e+00 9.200744e-24 4.679951e-24 1.388069e-23 
1.690000e+00 9.172243e-24 4.664427e-24 1.383667e-23 
1.692000e+00 9.139862e-24 4.647934e-24 1.378780e-23 
1.694000e+00 9.111096e-24 4.631923e-24 1.374302e-23 
1.696000e+00 9.082565e-24 4.616184e-24 1.369875e-23 
1.698000e+00 9.047331e-24 4.600414e-24 1.364775e-23 
1.700000e+00 9.019641e-24 4.584582e-24 1.360422e-23 
1.702000e+00 8.984788e-24 4.569320e-24 1.355411e-23 
1.704000e+00 8.955829e-24 4.556430e-24 1.351226e-23 
1.706000e+00 8.925682e-24 4.541276e-24 1.346696e-23 
1.708000e+00 8.891225e-24 4.523905e-24 1.341513e-23 
1.710000e+00 8.864811e-24 4.512283e-24 1.337709e-23 
1.712000e+00 8.834438e-24 4.495618e-24 1.333006e-23 
1.714000e+00 8.800210e-24 4.479451e-24 1.327966e-23 
1.716000e+00 8.771422e-24 4.467627e-24 1.323905e-23 
1.718000e+00 8.739821e-24 4.450341e-24 1.319016e-23 
1.720000e+00 8.710962e-24 4.438428e-24 1.314939e-23 
1.722000e+00 8.678998e-24 4.421975e-24 1.310097e-23 
1.724000e+00 8.647663e-24 4.406292e-24 1.305395e-23 
1.726000e+00 8.619161e-24 4.394146e-24 1.301331e-23 
1.728000e+00 8.589043e-24 4.376668e-24 1.296571e-23 
1.730000e+00 8.559420e-24 4.364392e-24 1.292381e-23 
1.732000e+00 8.529587e-24 4.348178e-24 1.287776e-23 
1.734000e+00 8.500018e-24 4.332664e-24 1.283268e-23 
1.736000e+00 8.467753e-24 4.318361e-24 1.278611e-23 
1.738000e+00 8.440503e-24 4.303022e-24 1.274353e-23 
1.740000e+00 8.412128e-24 4.290284e-24 1.270241e-23 
1.742000e+00 8.377738e-24 4.277477e-24 1.265522e-23 
1.744000e+00 8.346799e-24 4.264115e-24 1.261091e-23 
1.746000e+00 8.317306e-24 4.251402e-24 1.256871e-23 
1.748000e+00 8.286520e-24 4.235779e-24 1.252230e-23 
1.750000e+00 8.257949e-24 4.221825e-24 1.247977e-23 
1.752000e+00 8.227398e-24 4.208009e-24 1.243541e-23 
1.754000e+00 8.197246e-24 4.195466e-24 1.239271e-23 
1.756000e+00 8.167692e-24 4.181751e-24 1.234944e-23 
1.758000e+00 8.138780e-24 4.169136e-24 1.230792e-23 
1.760000e+00 8.108422e-24 4.156005e-24 1.226443e-23 
1.762000e+00 8.077845e-24 4.142383e-24 1.222023e-23 
1.764000e+00 8.048515e-24 4.126802e-24 1.217532e-23 
1.766000e+00 8.018778e-24 4.113123e-24 1.213190e-23 
1.768000e+00 7.987162e-24 4.099565e-24 1.208673e-23 
1.770000e+00 7.959085e-24 4.087280e-24 1.204637e-23 
1.772000e+00 7.926858e-24 4.074472e-24 1.200133e-23 
1.774000e+00 7.897704e-24 4.061257e-24 1.195896e-23 
1.776000e+00 7.863662e-24 4.047310e-24 1.191097e-23 
1.778000e+00 7.835478e-24 4.034914e-24 1.187039e-23 
1.780000e+00 7.802751e-24 4.020745e-24 1.182350e-23 
1.782000e+00 7.774150e-24 4.006866e-24 1.178102e-23 
1.784000e+00 7.739029e-24 3.997705e-24 1.173673e-23 
1.786000e+00 7.708885e-24 3.985516e-24 1.169440e-23 
1.788000e+00 7.675108e-24 3.970362e-24 1.164547e-23 
1.790000e+00 7.645644e-24 3.957024e-24 1.160267e-23 
1.792000e+00 7.614504e-24 3.946941e-24 1.156144e-23 
1.794000e+00 7.580344e-24 3.933515e-24 1.151386e-23 
1.796000e+00 7.549642e-24 3.921277e-24 1.147092e-23 
1.798000e+00 7.520685e-24 3.907267e-24 1.142795e-23 
1.800000e+00 7.485445e-24 3.897000e-24 1.138244e-23 
1.802000e+00 7.450400e-24 3.883131e-24 1.133353e-23 
1.804000e+00 7.416824e-24 3.869912e-24 1.128674e-23 
1.806000e+00 7.382643e-24 3.859761e-24 1.124240e-23 
1.808000e+00 7.343096e-24 3.846340e-24 1.118944e-23 
1.810000e+00 7.310096e-24 3.832273e-24 1.114237e-23 
1.812000e+00 7.270079e-24 3.822937e-24 1.109302e-23 
1.814000e+00 7.235974e-24 3.809611e-24 1.104559e-23 
1.816000e+00 7.187572e-24 3.796549e-24 1.098412e-23 
1.818000e+00 7.146756e-24 3.785043e-24 1.093180e-23 
1.820000e+00 7.104188e-24 3.772147e-24 1.087634e-23 
1.822000e+00 7.057076e-24 3.761863e-24 1.081894e-23 
1.824000e+00 7.001748e-24 3.748200e-24 1.074995e-23 
1.826000e+00 6.941032e-24 3.736945e-24 1.067798e-23 
1.828000e+00 6.886938e-24 3.723592e-24 1.061053e-23 
1.830000e+00 6.831172e-24 3.713436e-24 1.054461e-23 
1.832000e+00 6.779744e-24 3.703557e-24 1.048330e-23 
1.834000e+00 6.733237e-24 3.689060e-24 1.042230e-23 
1.836000e+00 6.679848e-24 3.678949e-24 1.035880e-23 
1.838000e+00 6.637731e-24 3.665476e-24 1.030321e-23 
1.840000e+00 6.613790e-24 3.653664e-24 1.026745e-23 
1.842000e+00 6.596762e-24 3.645077e-24 1.024184e-23 
1.844000e+00 6.579324e-24 3.630886e-24 1.021021e-23 
1.846000e+00 6.561247e-24 3.619656e-24 1.018090e-23 
1.848000e+00 6.571592e-24 3.609103e-24 1.018069e-23 
1.850000e+00 6.583386e-24 3.595348e-24 1.017873e-23 
1.852000e+00 6.599951e-24 3.584960e-24 1.018491e-23 
1.854000e+00 6.608684e-24 3.574653e-24 1.018334e-23 
1.856000e+00 6.627668e-24 3.561149e-24 1.018882e-23 
1.858000e+00 6.643603e-24 3.550918e-24 1.019452e-23 
1.860000e+00 6.660824e-24 3.540794e-24 1.020162e-23 
1.862000e+00 6.678967e-24 3.526055e-24 1.020502e-23 
1.864000e+00 6.678230e-24 3.516886e-24 1.019512e-23 
1.866000e+00 6.677442e-24 3.506048e-24 1.018349e-23 
1.868000e+00 6.676635e-24 3.495103e-24 1.017174e-23 
1.870000e+00 6.674052e-24 3.483853e-24 1.015790e-23 
1.872000e+00 6.668818e-24 3.473616e-24 1.014243e-23 
1.874000e+00 6.658384e-24 3.463190e-24 1.012157e-23 
1.876000e+00 6.651656e-24 3.451563e-24 1.010322e-23 
1.878000e+00 6.646769e-24 3.441234e-24 1.008800e-23 
1.880000e+00 6.637230e-24 3.433073e-24 1.007030e-23 
1.882000e+00 6.631764e-24 3.422613e-24 1.005438e-23 
1.884000e+00 6.621727e-24 3.412223e-24 1.003395e-23 
1.886000e+00 6.612238e-24 3.400560e-24 1.001280e-23 
1.888000e+00 6.601698e-24 3.390247e-24 9.991946e-24 
1.890000e+00 6.587141e-24 3.380160e-24 9.967301e-24 
1.892000e+00 6.578595e-24 3.368861e-24 9.947456e-24 
1.894000e+00 6.567731e-24 3.358364e-24 9.926095e-24 
1.896000e+00 6.553266e-24 3.347908e-24 9.901174e-24 
1.898000e+00 6.542998e-24 3.337718e-24 9.880717e-24 
1.900000e+00 6.528550e-24 3.326653e-24 9.855203e-24 
1.902000e+00 6.514651e-24 3.315117e-24 9.829768e-24 
1.904000e+00 6.498744e-24 3.307231e-24 9.805975e-24 
1.906000e+00 6.487579e-24 3.297294e-24 9.784873e-24 
1.908000e+00 6.477183e-24 3.286239e-24 9.763423e-24 
1.910000e+00 6.462263e-24 3.275216e-24 9.737480e-24 
1.912000e+00 6.448351e-24 3.266471e-24 9.714822e-24 
1.914000e+00 6.433908e-24 3.256201e-24 9.690108e-24 
1.916000e+00 6.422652e-24 3.245631e-24 9.668283e-24 
1.918000e+00 6.409177e-24 3.235342e-24 9.644519e-24 
1.920000e+00 6.396277e-24 3.226962e-24 9.623239e-24 
1.922000e+00 6.380435e-24 3.217034e-24 9.597469e-24 
1.924000e+00 6.365481e-24 3.204152e-24 9.569633e-24 
1.926000e+00 6.351288e-24 3.197929e-24 9.549216e-24 
1.928000e+00 6.338542e-24 3.186267e-24 9.524808e-24 
1.930000e+00 6.322213e-24 3.176479e-24 9.498692e-24 
1.932000e+00 6.307505e-24 3.168209e-24 9.475714e-24 
1.934000e+00 6.294145e-24 3.157666e-24 9.451811e-24 
1.936000e+00 6.280464e-24 3.145732e-24 9.426196e-24 
1.938000e+00 6.264849e-24 3.138081e-24 9.402931e-24 
1.940000e+00 6.251681e-24 3.128446e-24 9.380127e-24 
1.942000e+00 6.236244e-24 3.116797e-24 9.353042e-24 
1.944000e+00 6.222505e-24 3.108977e-24 9.331482e-24 
1.946000e+00 6.208532e-24 3.097655e-24 9.306187e-24 
1.948000e+00 6.192765e-24 3.085813e-24 9.278578e-24 
1.950000e+00 6.177482e-24 3.079031e-24 9.256512e-24 
1.952000e+00 6.159209e-24 3.068402e-24 9.227611e-24 
1.954000e+00 6.145201e-24 3.059990e-24 9.205191e-24 
1.956000e+00 6.130470e-24 3.049458e-24 9.179927e-24 
1.958000e+00 6.119270e-24 3.041137e-24 9.160407e-24 
1.960000e+00 6.105084e-24 3.032874e-24 9.137958e-24 
1.962000e+00 6.090610e-24 3.021815e-24 9.112425e-24 
1.964000e+00 6.074610e-24 3.014412e-24 9.089022e-24 
1.966000e+00 6.061332e-24 3.005542e-24 9.066874e-24 
1.968000e+00 6.046249e-24 2.995137e-24 9.041386e-24 
1.970000e+00 6.030100e-24 2.987702e-24 9.017801e-24 
1.972000e+00 6.012574e-24 2.975792e-24 8.988366e-24 
1.974000e+00 5.997763e-24 2.967684e-24 8.965447e-24 
1.976000e+00 5.983547e-24 2.960307e-24 8.943854e-24 
1.978000e+00 5.968112e-24 2.948824e-24 8.916936e-24 
1.980000e+00 5.952998e-24 2.940956e-24 8.893954e-24 
1.982000e+00 5.938949e-24 2.932556e-24 8.871506e-24 
1.984000e+00 5.925402e-24 2.922236e-24 8.847638e-24 
1.986000e+00 5.910001e-24 2.913386e-24 8.823387e-24 
1.988000e+00 5.895086e-24 2.905603e-24 8.800689e-24 
1.990000e+00 5.880547e-24 2.893516e-24 8.774062e-24 
1.992000e+00 5.864942e-24 2.886456e-24 8.751398e-24 
1.994000e+00 5.849732e-24 2.878914e-24 8.728645e-24 
1.996000e+00 5.835232e-24 2.868363e-24 8.703595e-24 
1.998000e+00 5.821072e-24 2.860367e-24 8.681440e-24 
2.000000e+00 5.804421e-24 2.852035e-24 8.656457e-24 
2.002000e+00 5.790643e-24 2.844316e-24 8.634959e-24 
2.004000e+00 5.775814e-24 2.835338e-24 8.611152e-24 
2.006000e+00 5.762117e-24 2.827041e-24 8.589158e-24 
2.008000e+00 5.745787e-24 2.818461e-24 8.564248e-24 
2.010000e+00 5.731486e-24 2.810385e-24 8.541871e-24 
2.012000e+00 5.717528e-24 2.802707e-24 8.520235e-24 
2.014000e+00 5.702603e-24 2.794154e-24 8.496757e-24 
2.016000e+00 5.686909e-24 2.785999e-24 8.472908e-24 
2.018000e+00 5.672057e-24 2.778287e-24 8.450344e-24 
2.020000e+00 5.656797e-24 2.770458e-24 8.427255e-24 
2.022000e+00 5.642639e-24 2.762018e-24 8.404657e-24 
2.024000e+00 5.626383e-24 2.753560e-24 8.379944e-24 
2.026000e+00 5.611494e-24 2.744950e-24 8.356444e-24 
2.028000e+00 5.597042e-24 2.737267e-24 8.334309e-24 
2.030000e+00 5.582199e-24 2.729362e-24 8.311561e-24 
2.032000e+00 5.566877e-24 2.720676e-24 8.287553e-24 
2.034000e+00 5.556470e-24 2.712814e-24 8.269284e-24 
2.036000e+00 5.539681e-24 2.701710e-24 8.241391e-24 
2.038000e+00 5.525631e-24 2.694158e-24 8.219790e-24 
2.040000e+00 5.514604e-24 2.685325e-24 8.199928e-24 
2.042000e+00 5.499584e-24 2.676371e-24 8.175955e-24 
2.044000e+00 5.484361e-24 2.672291e-24 8.156652e-24 
2.046000e+00 5.468794e-24 2.663586e-24 8.132380e-24 
2.048000e+00 5.456080e-24 2.655167e-24 8.111246e-24 
2.050000e+00 5.439928e-24 2.646909e-24 8.086838e-24 
2.052000e+00 5.423807e-24 2.639786e-24 8.063593e-24 
2.054000e+00 5.413479e-24 2.631003e-24 8.044482e-24 
2.056000e+00 5.399015e-24 2.622498e-24 8.021513e-24 
2.058000e+00 5.384316e-24 2.617318e-24 8.001634e-24 
2.060000e+00 5.369141e-24 2.609032e-24 7.978173e-24 
2.062000e+00 5.353990e-24 2.600775e-24 7.954765e-24 
2.064000e+00 5.341742e-24 2.592287e-24 7.934028e-24 
2.066000e+00 5.327544e-24 2.584129e-24 7.911674e-24 
2.068000e+00 5.311575e-24 2.576127e-24 7.887702e-24 
2.070000e+00 5.302423e-24 2.569357e-24 7.871779e-24 
2.072000e+00 5.286156e-24 2.561620e-24 7.847776e-24 
2.074000e+00 5.273330e-24 2.554108e-24 7.827439e-24 
2.076000e+00 5.258530e-24 2.545463e-24 7.803994e-24 
2.078000e+00 5.243995e-24 2.538300e-24 7.782295e-24 
2.080000e+00 5.232930e-24 2.532043e-24 7.764973e-24 
2.082000e+00 5.217468e-24 2.523698e-24 7.741167e-24 
2.084000e+00 5.203362e-24 2.515627e-24 7.718989e-24 
2.086000e+00 5.187561e-24 2.507147e-24 7.694708e-24 
2.088000e+00 5.172214e-24 2.499546e-24 7.671761e-24 
2.090000e+00 5.160777e-24 2.493075e-24 7.653852e-24 
2.092000e+00 5.146364e-24 2.485085e-24 7.631449e-24 
2.094000e+00 5.135762e-24 2.479901e-24 7.615662e-24 
2.096000e+00 5.120601e-24 2.470687e-24 7.591288e-24 
2.098000e+00 5.108461e-24 2.465672e-24 7.574133e-24 
2.100000e+00 5.092410e-24 2.457831e-24 7.550241e-24 
2.102000e+00 5.082786e-24 2.452616e-24 7.535402e-24 
2.104000e+00 5.065828e-24 2.443544e-24 7.509372e-24 
2.106000e+00 5.051183e-24 2.438844e-24 7.490027e-24 
2.108000e+00 5.040070e-24 2.430092e-24 7.470163e-24 
2.110000e+00 5.024533e-24 2.424440e-24 7.448973e-24 
2.112000e+00 5.013940e-24 2.414741e-24 7.428680e-24 
2.114000e+00 4.998400e-24 2.410283e-24 7.408683e-24 
2.116000e+00 4.986336e-24 2.401953e-24 7.388289e-24 
2.118000e+00 4.971685e-24 2.397653e-24 7.369338e-24 
2.120000e+00 4.960228e-24 2.387819e-24 7.348047e-24 
2.122000e+00 4.943631e-24 2.382619e-24 7.326250e-24 
2.124000e+00 4.932496e-24 2.374618e-24 7.307114e-24 
2.126000e+00 4.918147e-24 2.369317e-24 7.287464e-24 
2.128000e+00 4.906691e-24 2.360440e-24 7.267131e-24 
2.130000e+00 4.890552e-24 2.355616e-24 7.246167e-24 
2.132000e+00 4.880228e-24 2.346910e-24 7.227138e-24 
2.134000e+00 4.865610e-24 2.340238e-24 7.205848e-24 
2.136000e+00 4.853460e-24 2.332268e-24 7.185727e-24 
2.138000e+00 4.841591e-24 2.327128e-24 7.168720e-24 
2.140000e+00 4.830320e-24 2.322428e-24 7.152748e-24 
2.142000e+00 4.815580e-24 2.312865e-24 7.128445e-24 
2.144000e+00 4.804739e-24 2.307677e-24 7.112416e-24 
2.146000e+00 4.792478e-24 2.302350e-24 7.094828e-24 
2.148000e+00 4.777355e-24 2.293623e-24 7.070978e-24 
2.150000e+00 4.766218e-24 2.288859e-24 7.055077e-24 
2.152000e+00 4.750400e-24 2.281662e-24 7.032063e-24 
2.154000e+00 4.737910e-24 2.274484e-24 7.012394e-24 
2.156000e+00 4.728124e-24 2.268307e-24 6.996431e-24 
2.158000e+00 4.711758e-24 2.263287e-24 6.975045e-24 
2.160000e+00 4.701487e-24 2.255220e-24 6.956707e-24 
2.162000e+00 4.690478e-24 2.249033e-24 6.939511e-24 
2.164000e+00 4.676785e-24 2.243049e-24 6.919834e-24 
2.166000e+00 4.665667e-24 2.238034e-24 6.903701e-24 
2.168000e+00 4.651980e-24 2.229729e-24 6.881708e-24 
2.170000e+00 4.640162e-24 2.223923e-24 6.864086e-24 
2.172000e+00 4.628484e-24 2.217216e-24 6.845700e-24 
2.174000e+00 4.616761e-24 2.209457e-24 6.826218e-24 
2.176000e+00 4.606214e-24 2.203828e-24 6.810042e-24 
2.178000e+00 4.589226e-24 2.198275e-24 6.787501e-24 
2.180000e+00 4.577929e-24 2.192813e-24 6.770742e-24 
2.182000e+00 4.567017e-24 2.185023e-24 6.752040e-24 
2.184000e+00 4.555992e-24 2.178895e-24 6.734887e-24 
2.186000e+00 4.543699e-24 2.172691e-24 6.716390e-24 
2.188000e+00 4.532429e-24 2.166253e-24 6.698682e-24 
2.190000e+00 4.517049e-24 2.159151e-24 6.676201e-24 
2.192000e+00 4.505952e-24 2.153410e-24 6.659362e-24 
2.194000e+00 4.494771e-24 2.147782e-24 6.642554e-24 
2.196000e+00 4.482222e-24 2.142344e-24 6.624567e-24 
2.198000e+00 4.472680e-24 2.135893e-24 6.608573e-24 
2.200000e+00 4.459777e-24 2.131183e-24 6.590959e-24 
2.202000e+00 4.448912e-24 2.125512e-24 6.574424e-24 
2.204000e+00 4.433697e-24 2.119925e-24 6.553622e-24 
2.206000e+00 4.421533e-24 2.113839e-24 6.535372e-24 
2.208000e+00 4.410587e-24 2.105974e-24 6.516561e-24 
2.210000e+00 4.398622e-24 2.100825e-24 6.499447e-24 
2.212000e+00 4.387112e-24 2.093559e-24 6.480671e-24 
2.214000e+00 4.375940e-24 2.088517e-24 6.464457e-24 
2.216000e+00 4.365512e-24 2.082628e-24 6.448140e-24 
2.218000e+00 4.352351e-24 2.076353e-24 6.428704e-24 
2.220000e+00 4.340929e-24 2.071569e-24 6.412498e-24 
2.222000e+00 4.329290e-24 2.066213e-24 6.395503e-24 
2.224000e+00 4.318140e-24 2.060239e-24 6.378378e-24 
2.226000e+00 4.305038e-24 2.054653e-24 6.359691e-24 
2.228000e+00 4.294548e-24 2.046404e-24 6.340952e-24 
2.230000e+00 4.283217e-24 2.040426e-24 6.323643e-24 
2.232000e+00 4.271492e-24 2.034184e-24 6.305676e-24 
2.234000e+00 4.260461e-24 2.029134e-24 6.289595e-24 
2.236000e+00 4.252982e-24 2.023443e-24 6.276425e-24 
2.238000e+00 4.241457e-24 2.017562e-24 6.259020e-24 
2.240000e+00 4.228520e-24 2.012406e-24 6.240926e-24 
2.242000e+00 4.217692e-24 2.006232e-24 6.223923e-24 
2.244000e+00 4.205559e-24 2.000906e-24 6.206464e-24 
2.246000e+00 4.195836e-24 1.995106e-24 6.190942e-24 
2.248000e+00 4.183422e-24 1.990071e-24 6.173493e-24 
2.250000e+00 4.171737e-24 1.983800e-24 6.155537e-24 
2.252000e+00 4.159430e-24 1.977595e-24 6.137025e-24 
2.254000e+00 4.148347e-24 1.974064e-24 6.122411e-24 
2.256000e+00 4.136946e-24 1.969944e-24 6.106889e-24 
2.258000e+00 4.125321e-24 1.963868e-24 6.089188e-24 
2.260000e+00 4.114551e-24 1.957578e-24 6.072129e-24 
2.262000e+00 4.105296e-24 1.951834e-24 6.057131e-24 
2.264000e+00 4.093233e-24 1.946565e-24 6.039798e-24 
2.266000e+00 4.083749e-24 1.941251e-24 6.024999e-24 
2.268000e+00 4.070578e-24 1.935573e-24 6.006152e-24 
2.270000e+00 4.058948e-24 1.928715e-24 5.987663e-24 
2.272000e+00 4.049828e-24 1.923711e-24 5.973539e-24 
2.274000e+00 4.041376e-24 1.917170e-24 5.958546e-24 
2.276000e+00 4.028838e-24 1.911845e-24 5.940683e-24 
2.278000e+00 4.017127e-24 1.908456e-24 5.925583e-24 
2.280000e+00 4.006005e-24 1.903967e-24 5.909973e-24 
2.282000e+00 3.996923e-24 1.897598e-24 5.894521e-24 
2.284000e+00 3.986350e-24 1.891720e-24 5.878070e-24 
2.286000e+00 3.977339e-24 1.886568e-24 5.863908e-24 
2.288000e+00 3.965275e-24 1.880680e-24 5.845955e-24 
2.290000e+00 3.955290e-24 1.874727e-24 5.830017e-24 
2.292000e+00 3.946986e-24 1.869356e-24 5.816342e-24 
2.294000e+00 3.935735e-24 1.865681e-24 5.801416e-24 
2.296000e+00 3.923309e-24 1.859467e-24 5.782776e-24 
2.298000e+00 3.912423e-24 1.854659e-24 5.767082e-24 
2.300000e+00 3.903953e-24 1.851832e-24 5.755785e-24 
2.302000e+00 3.892639e-24 1.846000e-24 5.738639e-24 
2.304000e+00 3.881177e-24 1.840205e-24 5.721382e-24 
2.306000e+00 3.874627e-24 1.834858e-24 5.709485e-24 
2.308000e+00 3.862906e-24 1.830659e-24 5.693565e-24 
2.310000e+00 3.854288e-24 1.824738e-24 5.679026e-24 
2.312000e+00 3.844054e-24 1.819608e-24 5.663662e-24 
2.314000e+00 3.834895e-24 1.816317e-24 5.651212e-24 
2.316000e+00 3.822992e-24 1.810951e-24 5.633943e-24 
2.318000e+00 3.815152e-24 1.805160e-24 5.620312e-24 
2.320000e+00 3.803390e-24 1.798784e-24 5.602174e-24 
2.322000e+00 3.791898e-24 1.795706e-24 5.587603e-24 
2.324000e+00 3.784192e-24 1.790645e-24 5.574838e-24 
2.326000e+00 3.773339e-24 1.784189e-24 5.557527e-24 
2.328000e+00 3.760781e-24 1.782223e-24 5.543003e-24 
2.330000e+00 3.754285e-24 1.776072e-24 5.530357e-24 
2.332000e+00 3.741459e-24 1.769882e-24 5.511341e-24 
2.334000e+00 3.729399e-24 1.766835e-24 5.496235e-24 
2.336000e+00 3.721957e-24 1.761484e-24 5.483441e-24 
2.338000e+00 3.712168e-24 1.755316e-24 5.467483e-24 
2.340000e+00 3.702216e-24 1.752609e-24 5.454825e-24 
2.342000e+00 3.694683e-24 1.746590e-24 5.441274e-24 
2.344000e+00 3.683693e-24 1.740743e-24 5.424436e-24 
2.346000e+00 3.676050e-24 1.737442e-24 5.413493e-24 
2.348000e+00 3.667350e-24 1.733057e-24 5.400407e-24 
2.350000e+00 3.658029e-24 1.729077e-24 5.387107e-24 
2.352000e+00 3.648528e-24 1.722909e-24 5.371436e-24 
2.354000e+00 3.640139e-24 1.720453e-24 5.360593e-24 
2.356000e+00 3.629037e-24 1.714180e-24 5.343217e-24 
2.358000e+00 3.621565e-24 1.710445e-24 5.332010e-24 
2.360000e+00 3.608979e-24 1.704991e-24 5.313970e-24 
2.362000e+00 3.600165e-24 1.701192e-24 5.301357e-24 
2.364000e+00 3.590094e-24 1.696410e-24 5.286504e-24 
2.366000e+00 3.582753e-24 1.692059e-24 5.274812e-24 
2.368000e+00 3.569942e-24 1.687253e-24 5.257195e-24 
2.370000e+00 3.562549e-24 1.682328e-24 5.244877e-24 
2.372000e+00 3.550213e-24 1.678324e-24 5.228538e-24 
2.374000e+00 3.542300e-24 1.674659e-24 5.216959e-24 
2.376000e+00 3.535478e-24 1.668642e-24 5.204121e-24 
2.378000e+00 3.526791e-24 1.665737e-24 5.192528e-24 
2.380000e+00 3.515639e-24 1.660583e-24 5.176222e-24 
2.382000e+00 3.508037e-24 1.657750e-24 5.165788e-24 
2.384000e+00 3.498729e-24 1.650908e-24 5.149636e-24 
2.386000e+00 3.488176e-24 1.648149e-24 5.136325e-24 
2.388000e+00 3.479080e-24 1.642029e-24 5.121109e-24 
2.390000e+00 3.469494e-24 1.639872e-24 5.109365e-24 
2.392000e+00 3.461104e-24 1.632726e-24 5.093830e-24 
2.394000e+00 3.451820e-24 1.630207e-24 5.082027e-24 
2.396000e+00 3.441075e-24 1.624432e-24 5.065506e-24 
2.398000e+00 3.433738e-24 1.621007e-24 5.054744e-24 
2.400000e+00 3.425785e-24 1.617581e-24 5.043367e-24 
2.402000e+00 3.416452e-24 1.611750e-24 5.028203e-24 
2.404000e+00 3.409707e-24 1.608938e-24 5.018645e-24 
2.406000e+00 3.397559e-24 1.603207e-24 5.000766e-24 
2.408000e+00 3.388959e-24 1.599458e-24 4.988417e-24 
2.410000e+00 3.382747e-24 1.596300e-24 4.979047e-24 
2.412000e+00 3.374168e-24 1.590378e-24 4.964546e-24 
2.414000e+00 3.365417e-24 1.587726e-24 4.953143e-24 
2.416000e+00 3.353873e-24 1.583731e-24 4.937604e-24 
2.418000e+00 3.347185e-24 1.577991e-24 4.925175e-24 
2.420000e+00 3.339021e-24 1.575781e-24 4.914802e-24 
2.422000e+00 3.329535e-24 1.569952e-24 4.899487e-24 
2.424000e+00 3.322870e-24 1.566664e-24 4.889534e-24 
2.426000e+00 3.311505e-24 1.563229e-24 4.874734e-24 
2.428000e+00 3.303249e-24 1.557669e-24 4.860918e-24 
2.430000e+00 3.296296e-24 1.553949e-24 4.850245e-24 
2.432000e+00 3.287921e-24 1.551661e-24 4.839582e-24 
2.434000e+00 3.278738e-24 1.544824e-24 4.823562e-24 
2.436000e+00 3.271790e-24 1.542083e-24 4.813873e-24 
2.438000e+00 3.262967e-24 1.538392e-24 4.801359e-24 
2.440000e+00 3.254858e-24 1.532979e-24 4.787836e-24 
2.442000e+00 3.247461e-24 1.529712e-24 4.777173e-24 
2.444000e+00 3.240214e-24 1.525887e-24 4.766101e-24 
2.446000e+00 3.232434e-24 1.521347e-24 4.753781e-24 
2.448000e+00 3.220296e-24 1.517650e-24 4.737947e-24 
2.450000e+00 3.212143e-24 1.514118e-24 4.726261e-24 
2.452000e+00 3.204567e-24 1.508743e-24 4.713310e-24 
2.454000e+00 3.196508e-24 1.505987e-24 4.702495e-24 
2.456000e+00 3.189133e-24 1.502490e-24 4.691623e-24 
2.458000e+00 3.181461e-24 1.496938e-24 4.678399e-24 
2.460000e+00 3.172254e-24 1.492741e-24 4.664995e-24 
2.462000e+00 3.163987e-24 1.490330e-24 4.654317e-24 
2.464000e+00 3.156578e-24 1.486600e-24 4.643178e-24 
2.466000e+00 3.148330e-24 1.481390e-24 4.629720e-24 
2.468000e+00 3.141831e-24 1.478455e-24 4.620286e-24 
2.470000e+00 3.131799e-24 1.473982e-24 4.605782e-24 
2.472000e+00 3.124968e-24 1.471502e-24 4.596471e-24 
2.474000e+00 3.116454e-24 1.467768e-24 4.584222e-24 
2.476000e+00 3.106534e-24 1.462773e-24 4.569306e-24 
2.478000e+00 3.097845e-24 1.459425e-24 4.557270e-24 
2.480000e+00 3.090059e-24 1.455767e-24 4.545825e-24 
2.482000e+00 3.082265e-24 1.452749e-24 4.535014e-24 
2.484000e+00 3.074312e-24 1.449337e-24 4.523649e-24 
2.486000e+00 3.069276e-24 1.443016e-24 4.512292e-24 
2.488000e+00 3.061171e-24 1.440217e-24 4.501387e-24 
2.490000e+00 3.053045e-24 1.436788e-24 4.489833e-24 
2.492000e+00 3.044798e-24 1.433304e-24 4.478102e-24 
2.494000e+00 3.037915e-24 1.430073e-24 4.467988e-24 
2.496000e+00 3.029047e-24 1.425376e-24 4.454424e-24 
2.498000e+00 3.021942e-24 1.421064e-24 4.443006e-24 
2.500000e+00 3.013172e-24 1.418364e-24 4.431536e-24 
2.502000e+00 3.005924e-24 1.414993e-24 4.420918e-24 
2.504000e+00 2.997607e-24 1.411835e-24 4.409441e-24 
2.506000e+00 2.989452e-24 1.406116e-24 4.395568e-24 
2.508000e+00 2.984932e-24 1.403016e-24 4.387948e-24 
2.510000e+00 2.977721e-24 1.399442e-24 4.377163e-24 
2.512000e+00 2.969696e-24 1.396394e-24 4.366091e-24 
2.514000e+00 2.960476e-24 1.392450e-24 4.352926e-24 
2.516000e+00 2.953208e-24 1.389730e-24 4.342938e-24 
2.518000e+00 2.945527e-24 1.385966e-24 4.331493e-24 
2.520000e+00 2.938246e-24 1.383221e-24 4.321467e-24 
2.522000e+00 2.930472e-24 1.379004e-24 4.309477e-24 
2.524000e+00 2.925797e-24 1.373982e-24 4.299780e-24 
2.526000e+00 2.918359e-24 1.370998e-24 4.289357e-24 
2.528000e+00 2.909543e-24 1.367285e-24 4.276828e-24 
2.530000e+00 2.902484e-24 1.364533e-24 4.267016e-24 
2.532000e+00 2.897690e-24 1.360946e-24 4.258636e-24 
2.534000e+00 2.889199e-24 1.357290e-24 4.246489e-24 
2.536000e+00 2.882351e-24 1.354275e-24 4.236625e-24 
2.538000e+00 2.873932e-24 1.351050e-24 4.224983e-24 
2.540000e+00 2.865391e-24 1.347981e-24 4.213372e-24 
2.542000e+00 2.857143e-24 1.343936e-24 4.201079e-24 
2.544000e+00 2.853464e-24 1.340973e-24 4.194437e-24 
2.546000e+00 2.845523e-24 1.337365e-24 4.182887e-24 
2.548000e+00 2.837242e-24 1.334347e-24 4.171588e-24 
2.550000e+00 2.832938e-24 1.331155e-24 4.164093e-24 
2.552000e+00 2.825071e-24 1.328141e-24 4.153212e-24 
2.554000e+00 2.817890e-24 1.324507e-24 4.142396e-24 
2.556000e+00 2.812910e-24 1.321653e-24 4.134563e-24 
2.558000e+00 2.804067e-24 1.318096e-24 4.122162e-24 
2.560000e+00 2.795932e-24 1.314014e-24 4.109946e-24 
2.562000e+00 2.792529e-24 1.311408e-24 4.103937e-24 
2.564000e+00 2.784845e-24 1.305989e-24 4.090834e-24 
2.566000e+00 2.776518e-24 1.302985e-24 4.079503e-24 
2.568000e+00 2.769416e-24 1.299619e-24 4.069035e-24 
2.570000e+00 2.763835e-24 1.296219e-24 4.060054e-24 
2.572000e+00 2.755433e-24 1.293368e-24 4.048801e-24 
2.574000e+00 2.747499e-24 1.291446e-24 4.038945e-24 
2.576000e+00 2.740850e-24 1.287710e-24 4.028560e-24 
2.578000e+00 2.732689e-24 1.285266e-24 4.017954e-24 
2.580000e+00 2.727584e-24 1.281652e-24 4.009236e-24 
2.582000e+00 2.720180e-24 1.277936e-24 3.998115e-24 
2.584000e+00 2.711566e-24 1.275289e-24 3.986855e-24 
2.586000e+00 2.707660e-24 1.271545e-24 3.979205e-24 
2.588000e+00 2.699665e-24 1.268013e-24 3.967679e-24 
2.590000e+00 2.692087e-24 1.265101e-24 3.957188e-24 
2.592000e+00 2.687093e-24 1.262525e-24 3.949617e-24 
2.594000e+00 2.679311e-24 1.258724e-24 3.938035e-24 
2.596000e+00 2.675440e-24 1.255607e-24 3.931047e-24 
2.598000e+00 2.667122e-24 1.254917e-24 3.922039e-24 
2.600000e+00 2.659242e-24 1.250698e-24 3.909939e-24 
2.602000e+00 2.654072e-24 1.247529e-24 3.901601e-24 
2.604000e+00 2.648046e-24 1.244371e-24 3.892417e-24 
2.606000e+00 2.641842e-24 1.241252e-24 3.883094e-24 
2.608000e+00 2.634172e-24 1.237636e-24 3.871808e-24 
2.610000e+00 2.629558e-24 1.234321e-24 3.863879e-24 
2.612000e+00 2.624825e-24 1.230999e-24 3.855824e-24 
2.614000e+00 2.617304e-24 1.227545e-24 3.844849e-24 
2.616000e+00 2.609327e-24 1.224290e-24 3.833617e-24 
2.618000e+00 2.604672e-24 1.222594e-24 3.827267e-24 
2.620000e+00 2.598041e-24 1.220359e-24 3.818400e-24 
2.622000e+00 2.593153e-24 1.217262e-24 3.810415e-24 
2.624000e+00 2.584605e-24 1.213558e-24 3.798163e-24 
2.626000e+00 2.577474e-24 1.210290e-24 3.787765e-24 
2.628000e+00 2.572190e-24 1.207196e-24 3.779386e-24 
2.630000e+00 2.564323e-24 1.203721e-24 3.768044e-24 
2.632000e+00 2.560204e-24 1.200069e-24 3.760273e-24 
2.634000e+00 2.552296e-24 1.199409e-24 3.751704e-24 
2.636000e+00 2.544215e-24 1.196335e-24 3.740549e-24 
2.638000e+00 2.540507e-24 1.193114e-24 3.733621e-24 
2.640000e+00 2.534223e-24 1.189760e-24 3.723983e-24 
2.642000e+00 2.527069e-24 1.187004e-24 3.714073e-24 
2.644000e+00 2.523185e-24 1.184852e-24 3.708037e-24 
2.646000e+00 2.515106e-24 1.181993e-24 3.697099e-24 
2.648000e+00 2.509844e-24 1.177892e-24 3.687736e-24 
2.650000e+00 2.506130e-24 1.175260e-24 3.681389e-24 
2.652000e+00 2.498009e-24 1.172464e-24 3.670473e-24 
2.654000e+00 2.493951e-24 1.170730e-24 3.664681e-24 
2.656000e+00 2.485988e-24 1.167935e-24 3.653923e-24 
2.658000e+00 2.480828e-24 1.164056e-24 3.644884e-24 
2.660000e+00 2.472710e-24 1.160420e-24 3.633130e-24 
2.662000e+00 2.468544e-24 1.157620e-24 3.626165e-24 
2.664000e+00 2.461305e-24 1.157079e-24 3.618384e-24 
2.666000e+00 2.457193e-24 1.152971e-24 3.610163e-24 
2.668000e+00 2.449711e-24 1.150284e-24 3.599996e-24 
2.670000e+00 2.444910e-24 1.147129e-24 3.592040e-24 
2.672000e+00 2.437441e-24 1.143758e-24 3.581200e-24 
2.674000e+00 2.432197e-24 1.142540e-24 3.574737e-24 
2.676000e+00 2.424014e-24 1.139500e-24 3.563513e-24 
2.678000e+00 2.420584e-24 1.136087e-24 3.556671e-24 
2.680000e+00 2.414818e-24 1.131917e-24 3.546734e-24 
2.682000e+00 2.406841e-24 1.129687e-24 3.536528e-24 
2.684000e+00 2.402559e-24 1.127730e-24 3.530290e-24 
2.686000e+00 2.397658e-24 1.125904e-24 3.523562e-24 
2.688000e+00 2.389574e-24 1.122016e-24 3.511590e-24 
2.690000e+00 2.386164e-24 1.118981e-24 3.505145e-24 
2.692000e+00 2.378179e-24 1.117155e-24 3.495333e-24 
2.694000e+00 2.373527e-24 1.113820e-24 3.487348e-24 
2.696000e+00 2.369078e-24 1.111170e-24 3.480248e-24 
2.698000e+00 2.361668e-24 1.109739e-24 3.471407e-24 
2.700000e+00 2.356269e-24 1.106315e-24 3.462584e-24 
2.702000e+00 2.351330e-24 1.103169e-24 3.454499e-24 
2.704000e+00 2.344349e-24 1.102175e-24 3.446524e-24 
2.706000e+00 2.339567e-24 1.098456e-24 3.438023e-24 
2.708000e+00 2.335174e-24 1.095882e-24 3.431056e-24 
2.710000e+00 2.330571e-24 1.094338e-24 3.424909e-24 
2.712000e+00 2.323745e-24 1.091173e-24 3.414918e-24 
2.714000e+00 2.318037e-24 1.088215e-24 3.406252e-24 
2.716000e+00 2.313856e-24 1.087055e-24 3.400912e-24 
2.718000e+00 2.308810e-24 1.083613e-24 3.392424e-24 
2.720000e+00 2.304467e-24 1.080032e-24 3.384499e-24 
2.722000e+00 2.297304e-24 1.078918e-24 3.376222e-24 
2.724000e+00 2.293064e-24 1.075994e-24 3.369058e-24 
2.726000e+00 2.288184e-24 1.072884e-24 3.361068e-24 
2.728000e+00 2.280640e-24 1.070927e-24 3.351567e-24 
2.730000e+00 2.275601e-24 1.067907e-24 3.343508e-24 
2.732000e+00 2.271044e-24 1.064564e-24 3.335608e-24 
2.734000e+00 2.266252e-24 1.063654e-24 3.329905e-24 
2.736000e+00 2.259062e-24 1.061046e-24 3.320109e-24 
2.738000e+00 2.253926e-24 1.057648e-24 3.311574e-24 
2.740000e+00 2.249864e-24 1.055993e-24 3.305857e-24 
2.742000e+00 2.245441e-24 1.052879e-24 3.298321e-24 
2.744000e+00 2.240335e-24 1.049861e-24 3.290196e-24 
2.746000e+00 2.232891e-24 1.048535e-24 3.281425e-24 
2.748000e+00 2.228237e-24 1.045214e-24 3.273450e-24 
2.750000e+00 2.224215e-24 1.041956e-24 3.266170e-24 
2.752000e+00 2.216951e-24 1.040404e-24 3.257355e-24 
2.754000e+00 2.211290e-24 1.037374e-24 3.248664e-24 
2.756000e+00 2.206413e-24 1.036625e-24 3.243039e-24 
2.758000e+00 2.202675e-24 1.033593e-24 3.236268e-24 
2.760000e+00 2.198212e-24 1.029893e-24 3.228105e-24 
2.762000e+00 2.190404e-24 1.028548e-24 3.218952e-24 
2.764000e+00 2.185742e-24 1.026328e-24 3.212069e-24 
2.766000e+00 2.180867e-24 1.023596e-24 3.204463e-24 
2.768000e+00 2.176920e-24 1.021123e-24 3.198043e-24 
2.770000e+00 2.171521e-24 1.019423e-24 3.190944e-24 
2.772000e+00 2.167501e-24 1.017073e-24 3.184574e-24 
2.774000e+00 2.161934e-24 1.013247e-24 3.175182e-24 
2.776000e+00 2.154628e-24 1.012589e-24 3.167217e-24 
2.778000e+00 2.150790e-24 1.008899e-24 3.159689e-24 
2.780000e+00 2.146549e-24 1.007755e-24 3.154304e-24 
2.782000e+00 2.142233e-24 1.004245e-24 3.146477e-24 
2.784000e+00 2.137195e-24 1.004091e-24 3.141286e-24 
2.786000e+00 2.132382e-24 1.000508e-24 3.132889e-24 
2.788000e+00 2.127264e-24 9.991596e-25 3.126423e-24 
2.790000e+00 2.123024e-24 9.961149e-25 3.119139e-24 
2.792000e+00 2.116227e-24 9.923253e-25 3.108553e-24 
2.794000e+00 2.111999e-24 9.911604e-25 3.103159e-24 
2.796000e+00 2.106409e-24 9.884688e-25 3.094878e-24 
2.798000e+00 2.102276e-24 9.877931e-25 3.090069e-24 
2.800000e+00 2.097156e-24 9.836679e-25 3.080824e-24 
2.802000e+00 2.093076e-24 9.830092e-25 3.076085e-24 
2.804000e+00 2.088459e-24 9.797784e-25 3.068238e-24 
2.806000e+00 2.083809e-24 9.783587e-25 3.062167e-24 
2.808000e+00 2.079475e-24 9.748922e-25 3.054367e-24 
2.810000e+00 2.071196e-24 9.713858e-25 3.042582e-24 
2.812000e+00 2.068229e-24 9.707154e-25 3.038945e-24 
2.814000e+00 2.062794e-24 9.672979e-25 3.030092e-24 
2.816000e+00 2.058773e-24 9.667020e-25 3.025475e-24 
2.818000e+00 2.053281e-24 9.629121e-25 3.016193e-24 
2.820000e+00 2.049799e-24 9.613349e-25 3.011134e-24 
2.822000e+00 2.044929e-24 9.591336e-25 3.004062e-24 
2.824000e+00 2.040193e-24 9.575678e-25 2.997761e-24 
2.826000e+00 2.036867e-24 9.549682e-25 2.991835e-24 
2.828000e+00 2.030618e-24 9.537567e-25 2.984374e-24 
2.830000e+00 2.023904e-24 9.506270e-25 2.974531e-24 
2.832000e+00 2.019290e-24 9.489455e-25 2.968236e-24 
2.834000e+00 2.015187e-24 9.459310e-25 2.961118e-24 
2.836000e+00 2.010524e-24 9.444859e-25 2.955010e-24 
2.838000e+00 2.006382e-24 9.429273e-25 2.949309e-24 
2.840000e+00 2.000899e-24 9.398771e-25 2.940776e-24 
2.842000e+00 1.996997e-24 9.392616e-25 2.936259e-24 
2.844000e+00 1.992433e-24 9.358101e-25 2.928243e-24 
2.846000e+00 1.988116e-24 9.344339e-25 2.922550e-24 
2.848000e+00 1.984034e-24 9.315186e-25 2.915552e-24 
2.850000e+00 1.978730e-24 9.302245e-25 2.908954e-24 
2.852000e+00 1.977127e-24 9.270904e-25 2.904218e-24 
2.854000e+00 1.969243e-24 9.257240e-25 2.894967e-24 
2.856000e+00 1.964946e-24 9.226192e-25 2.887565e-24 
2.858000e+00 1.960620e-24 9.213359e-25 2.881956e-24 
2.860000e+00 1.956209e-24 9.182297e-25 2.874439e-24 
2.862000e+00 1.951835e-24 9.171347e-25 2.868970e-24 
2.864000e+00 1.945766e-24 9.160281e-25 2.861795e-24 
2.866000e+00 1.942214e-24 9.127892e-25 2.855003e-24 
2.868000e+00 1.937597e-24 9.110810e-25 2.848678e-24 
2.870000e+00 1.933798e-24 9.080213e-25 2.841819e-24 
2.872000e+00 1.928624e-24 9.072503e-25 2.835875e-24 
2.874000e+00 1.926880e-24 9.038069e-25 2.830686e-24 
2.876000e+00 1.922050e-24 9.021311e-25 2.824181e-24 
2.878000e+00 1.917792e-24 8.996432e-25 2.817435e-24 
2.880000e+00 1.913334e-24 8.981757e-25 2.811510e-24 
2.882000e+00 1.909720e-24 8.950240e-25 2.804744e-24 
2.884000e+00 1.904532e-24 8.937349e-25 2.798267e-24 
2.886000e+00 1.900277e-24 8.927848e-25 2.793062e-24 
2.888000e+00 1.896316e-24 8.896982e-25 2.786014e-24 
2.890000e+00 1.889900e-24 8.888287e-25 2.778728e-24 
2.892000e+00 1.887356e-24 8.870879e-25 2.774444e-24 
2.894000e+00 1.884817e-24 8.836141e-25 2.768431e-24 
2.896000e+00 1.881232e-24 8.828010e-25 2.764033e-24 
2.898000e+00 1.875879e-24 8.817646e-25 2.757644e-24 
2.900000e+00 1.871722e-24 8.780743e-25 2.749796e-24 
2.902000e+00 1.866825e-24 8.776764e-25 2.744501e-24 
2.904000e+00 1.862680e-24 8.759473e-25 2.738627e-24 
2.906000e+00 1.858470e-24 8.733548e-25 2.731825e-24 
2.908000e+00 1.853705e-24 8.713993e-25 2.725104e-24 
2.910000e+00 1.850789e-24 8.685180e-25 2.719306e-24 
2.912000e+00 1.847592e-24 8.672680e-25 2.714860e-24 
2.914000e+00 1.843143e-24 8.657679e-25 2.708911e-24 
2.916000e+00 1.838665e-24 8.631444e-25 2.701809e-24 
2.918000e+00 1.835238e-24 8.615250e-25 2.696763e-24 
2.920000e+00 1.830341e-24 8.606447e-25 2.690986e-24 
2.922000e+00 1.824270e-24 8.572054e-25 2.681475e-24 
2.924000e+00 1.821185e-24 8.559338e-25 2.677118e-24 
2.926000e+00 1.818610e-24 8.545663e-25 2.673176e-24 
2.928000e+00 1.815019e-24 8.517157e-25 2.666735e-24 
2.930000e+00 1.809326e-24 8.501752e-25 2.659501e-24 
2.932000e+00 1.806222e-24 8.492770e-25 2.655499e-24 
2.934000e+00 1.801328e-24 8.458149e-25 2.647143e-24 
2.936000e+00 1.798266e-24 8.445534e-25 2.642819e-24 
2.938000e+00 1.792719e-24 8.433998e-25 2.636119e-24 
2.940000e+00 1.791810e-24 8.402044e-25 2.632014e-24 
2.942000e+00 1.785030e-24 8.389832e-25 2.624014e-24 
2.944000e+00 1.782217e-24 8.388040e-25 2.621021e-24 
2.946000e+00 1.776941e-24 8.347739e-25 2.611715e-24 
2.948000e+00 1.772416e-24 8.341859e-25 2.606602e-24 
2.950000e+00 1.769275e-24 8.323589e-25 2.601633e-24 
2.952000e+00 1.764792e-24 8.292544e-25 2.594047e-24 
2.954000e+00 1.762872e-24 8.285821e-25 2.591455e-24 
2.956000e+00 1.758543e-24 8.270647e-25 2.585608e-24 
2.958000e+00 1.754200e-24 8.258637e-25 2.580064e-24 
2.960000e+00 1.749287e-24 8.227508e-25 2.572038e-24 
2.962000e+00 1.748017e-24 8.210164e-25 2.569033e-24 
2.964000e+00 1.742552e-24 8.201258e-25 2.562678e-24 
2.966000e+00 1.739260e-24 8.172093e-25 2.556469e-24 
2.968000e+00 1.737120e-24 8.164132e-25 2.553534e-24 
2.970000e+00 1.732373e-24 8.150089e-25 2.547382e-24 
2.972000e+00 1.728341e-24 8.134823e-25 2.541823e-24 
2.974000e+00 1.722742e-24 8.104171e-25 2.533159e-24 
2.976000e+00 1.719526e-24 8.088104e-25 2.528337e-24 
2.978000e+00 1.717798e-24 8.076619e-25 2.525460e-24 
2.980000e+00 1.712729e-24 8.051709e-25 2.517900e-24 
2.982000e+00 1.707240e-24 8.036915e-25 2.510932e-24 
2.984000e+00 1.704418e-24 8.018814e-25 2.506299e-24 
2.986000e+00 1.702439e-24 8.011745e-25 2.503614e-24 
2.988000e+00 1.698454e-24 7.980976e-25 2.496551e-24 
2.990000e+00 1.693615e-24 7.973947e-25 2.491010e-24 
2.992000e+00 1.690762e-24 7.953091e-25 2.486071e-24 
2.994000e+00 1.688289e-24 7.929089e-25 2.481198e-24 
2.996000e+00 1.683285e-24 7.913893e-25 2.474674e-24 
2.998000e+00 1.679130e-24 7.894929e-25 2.468623e-24 
