1.000000e-01 1.764973e-22 2.102543e-22 3.867515e-22 
1.020000e-01 1.758483e-22 2.086597e-22 3.845079e-22 
1.040000e-01 1.746958e-22 2.068110e-22 3.815067e-22 
1.060000e-01 1.730958e-22 2.051637e-22 3.782595e-22 
1.080000e-01 1.710049e-22 2.033857e-22 3.743906e-22 
1.100000e-01 1.681856e-22 2.014690e-22 3.696546e-22 
1.120000e-01 1.642707e-22 1.996935e-22 3.639643e-22 
1.140000e-01 1.579137e-22 1.977809e-22 3.556946e-22 
1.160000e-01 1.406158e-22 1.957445e-22 3.363603e-22 
1.180000e-01 1.575885e-22 1.939010e-22 3.514895e-22 
1.200000e-01 1.635741e-22 1.919659e-22 3.555400e-22 
1.220000e-01 1.664244e-22 1.898773e-22 3.563018e-22 
1.240000e-01 1.681686e-22 1.878957e-22 3.560643e-22 
1.260000e-01 1.693589e-22 1.858393e-22 3.551982e-22 
1.280000e-01 1.701778e-22 1.837453e-22 3.539230e-22 
1.300000e-01 1.707228e-22 1.816409e-22 3.523637e-22 
1.320000e-01 1.710838e-22 1.795008e-22 3.505846e-22 
1.340000e-01 1.712921e-22 1.773021e-22 3.485942e-22 
1.360000e-01 1.713759e-22 1.751219e-22 3.464978e-22 
1.380000e-01 1.713517e-22 1.728477e-22 3.441994e-22 
1.400000e-01 1.712663e-22 1.706398e-22 3.419061e-22 
1.420000e-01 1.710629e-22 1.682921e-22 3.393550e-22 
1.440000e-01 1.708061e-22 1.659619e-22 3.367680e-22 
1.460000e-01 1.704738e-22 1.635925e-22 3.340663e-22 
1.480000e-01 1.700692e-22 1.612385e-22 3.313077e-22 
1.500000e-01 1.696147e-22 1.588438e-22 3.284585e-22 
1.520000e-01 1.690964e-22 1.563835e-22 3.254799e-22 
1.540000e-01 1.684882e-22 1.539968e-22 3.224850e-22 
1.560000e-01 1.677993e-22 1.515475e-22 3.193468e-22 
1.580000e-01 1.670090e-22 1.490192e-22 3.160281e-22 
1.600000e-01 1.661300e-22 1.465872e-22 3.127172e-22 
1.620000e-01 1.650809e-22 1.440553e-22 3.091362e-22 
1.640000e-01 1.636916e-22 1.414861e-22 3.051777e-22 
1.660000e-01 1.615523e-22 1.389839e-22 3.005362e-22 
1.680000e-01 1.563709e-22 1.365244e-22 2.928953e-22 
1.700000e-01 1.585166e-22 1.340742e-22 2.925907e-22 
1.720000e-01 1.602963e-22 1.315917e-22 2.918880e-22 
1.740000e-01 1.608948e-22 1.290810e-22 2.899758e-22 
1.760000e-01 1.611602e-22 1.265804e-22 2.877406e-22 
1.780000e-01 1.612694e-22 1.240811e-22 2.853505e-22 
1.800000e-01 1.612796e-22 1.215736e-22 2.828532e-22 
1.820000e-01 1.612227e-22 1.190685e-22 2.802912e-22 
1.840000e-01 1.611708e-22 1.165667e-22 2.777376e-22 
1.860000e-01 1.610549e-22 1.140786e-22 2.751335e-22 
1.880000e-01 1.609313e-22 1.115522e-22 2.724835e-22 
1.900000e-01 1.607626e-22 1.090466e-22 2.698091e-22 
1.920000e-01 1.606881e-22 1.065542e-22 2.672423e-22 
1.940000e-01 1.607509e-22 1.041029e-22 2.648538e-22 
1.960000e-01 1.610696e-22 1.016331e-22 2.627026e-22 
1.980000e-01 1.624173e-22 9.919414e-23 2.616114e-22 
2.000000e-01 1.648218e-22 9.676212e-23 2.615840e-22 
2.020000e-01 1.616813e-22 9.437534e-23 2.560566e-22 
2.040000e-01 1.601747e-22 9.201272e-23 2.521875e-22 
2.060000e-01 1.589869e-22 8.958709e-23 2.485740e-22 
2.080000e-01 1.579433e-22 8.718867e-23 2.451319e-22 
2.100000e-01 1.569679e-22 8.479697e-23 2.417649e-22 
2.120000e-01 1.560344e-22 8.235935e-23 2.383938e-22 
2.140000e-01 1.551412e-22 7.991627e-23 2.350574e-22 
2.160000e-01 1.542662e-22 7.747049e-23 2.317367e-22 
2.180000e-01 1.533964e-22 7.497640e-23 2.283728e-22 
2.200000e-01 1.525751e-22 7.259646e-23 2.251716e-22 
2.220000e-01 1.517636e-22 7.023492e-23 2.219985e-22 
2.240000e-01 1.509184e-22 6.788374e-23 2.188022e-22 
2.260000e-01 1.500671e-22 6.551688e-23 2.155840e-22 
2.280000e-01 1.491869e-22 6.306815e-23 2.122550e-22 
2.300000e-01 1.483120e-22 6.067667e-23 2.089886e-22 
2.320000e-01 1.474462e-22 5.824444e-23 2.056906e-22 
2.340000e-01 1.465633e-22 5.577976e-23 2.023431e-22 
2.360000e-01 1.456827e-22 5.332793e-23 1.990106e-22 
2.380000e-01 1.447941e-22 5.085689e-23 1.956510e-22 
2.400000e-01 1.438826e-22 4.880454e-23 1.926872e-22 
2.420000e-01 1.429935e-22 4.715593e-23 1.901494e-22 
2.440000e-01 1.420942e-22 4.558487e-23 1.876790e-22 
2.460000e-01 1.412141e-22 4.363814e-23 1.848522e-22 
2.480000e-01 1.403389e-22 4.141393e-23 1.817529e-22 
2.500000e-01 1.394636e-22 3.889295e-23 1.783566e-22 
2.520000e-01 1.385932e-22 3.591673e-23 1.745099e-22 
2.540000e-01 1.377113e-22 3.273506e-23 1.704463e-22 
2.560000e-01 1.368355e-22 2.939606e-23 1.662315e-22 
2.580000e-01 1.359482e-22 2.577000e-23 1.617182e-22 
2.600000e-01 1.350644e-22 2.142511e-23 1.564895e-22 
2.620000e-01 1.341734e-22 1.653447e-23 1.507078e-22 
2.640000e-01 1.332789e-22 1.118023e-23 1.444591e-22 
2.660000e-01 1.323918e-22 6.487360e-24 1.388791e-22 
2.680000e-01 1.314967e-22 2.800945e-24 1.342976e-22 
2.700000e-01 1.306183e-22 5.777045e-25 1.311960e-22 
2.720000e-01 1.297334e-22 4.864571e-25 1.302199e-22 
2.740000e-01 1.288689e-22 3.031432e-24 1.319003e-22 
2.760000e-01 1.280052e-22 8.824742e-24 1.368300e-22 
2.780000e-01 1.271532e-22 1.573313e-23 1.428863e-22 
2.800000e-01 1.262894e-22 3.448527e-23 1.607746e-22 
2.820000e-01 1.254234e-22 4.198435e-23 1.674078e-22 
2.840000e-01 1.245373e-22 3.948480e-23 1.640221e-22 
2.860000e-01 1.236549e-22 3.705970e-23 1.607146e-22 
2.880000e-01 1.227577e-22 3.566034e-23 1.584180e-22 
2.900000e-01 1.218642e-22 3.522872e-23 1.570930e-22 
2.920000e-01 1.209571e-22 3.558160e-23 1.565387e-22 
2.940000e-01 1.200590e-22 3.660919e-23 1.566682e-22 
2.960000e-01 1.191482e-22 3.798122e-23 1.571294e-22 
2.980000e-01 1.182473e-22 3.967482e-23 1.579222e-22 
3.000000e-01 1.173382e-22 4.128279e-23 1.586210e-22 
3.020000e-01 1.164318e-22 4.255123e-23 1.589830e-22 
3.040000e-01 1.155137e-22 4.349314e-23 1.590069e-22 
3.060000e-01 1.146028e-22 4.425662e-23 1.588594e-22 
3.080000e-01 1.136831e-22 4.501217e-23 1.586953e-22 
3.100000e-01 1.127701e-22 4.548440e-23 1.582545e-22 
3.120000e-01 1.118446e-22 4.588017e-23 1.577248e-22 
3.140000e-01 1.109293e-22 4.601025e-23 1.569395e-22 
3.160000e-01 1.100057e-22 4.595738e-23 1.559630e-22 
3.180000e-01 1.090887e-22 4.568086e-23 1.547695e-22 
3.200000e-01 1.081684e-22 4.552913e-23 1.536975e-22 
3.220000e-01 1.072489e-22 4.544921e-23 1.526981e-22 
3.240000e-01 1.063379e-22 4.557605e-23 1.519139e-22 
3.260000e-01 1.054167e-22 4.576072e-23 1.511774e-22 
3.280000e-01 1.045092e-22 4.589043e-23 1.503996e-22 
3.300000e-01 1.035970e-22 4.602485e-23 1.496219e-22 
3.320000e-01 1.027004e-22 4.610804e-23 1.488084e-22 
3.340000e-01 1.018086e-22 4.618958e-23 1.479981e-22 
3.360000e-01 1.009230e-22 4.621152e-23 1.471345e-22 
3.380000e-01 1.000405e-22 4.622676e-23 1.462673e-22 
3.400000e-01 9.915455e-23 4.620235e-23 1.453569e-22 
3.420000e-01 9.827251e-23 4.618737e-23 1.444599e-22 
3.440000e-01 9.737823e-23 4.618965e-23 1.435679e-22 
3.460000e-01 9.649516e-23 4.618705e-23 1.426822e-22 
3.480000e-01 9.560465e-23 4.616171e-23 1.417664e-22 
3.500000e-01 9.471336e-23 4.612954e-23 1.408429e-22 
3.520000e-01 9.382588e-23 4.607119e-23 1.398971e-22 
3.540000e-01 9.293335e-23 4.600903e-23 1.389424e-22 
3.560000e-01 9.205481e-23 4.593362e-23 1.379884e-22 
3.580000e-01 9.116884e-23 4.585332e-23 1.370222e-22 
3.600000e-01 9.029159e-23 4.574326e-23 1.360349e-22 
3.620000e-01 8.942180e-23 4.563428e-23 1.350561e-22 
3.640000e-01 8.855165e-23 4.552794e-23 1.340796e-22 
3.660000e-01 8.768917e-23 4.542244e-23 1.331116e-22 
3.680000e-01 8.682271e-23 4.529132e-23 1.321140e-22 
3.700000e-01 8.596572e-23 4.516139e-23 1.311271e-22 
3.720000e-01 8.510558e-23 4.503032e-23 1.301359e-22 
3.740000e-01 8.424183e-23 4.490053e-23 1.291424e-22 
3.760000e-01 8.338416e-23 4.475090e-23 1.281351e-22 
3.780000e-01 8.252134e-23 4.459517e-23 1.271165e-22 
3.800000e-01 8.165946e-23 4.442193e-23 1.260814e-22 
3.820000e-01 8.080221e-23 4.423865e-23 1.250409e-22 
3.840000e-01 7.993488e-23 4.405488e-23 1.239898e-22 
3.860000e-01 7.908072e-23 4.387172e-23 1.229524e-22 
3.880000e-01 7.823076e-23 4.368669e-23 1.219175e-22 
3.900000e-01 7.738550e-23 4.349831e-23 1.208838e-22 
3.920000e-01 7.654705e-23 4.330941e-23 1.198565e-22 
3.940000e-01 7.571414e-23 4.312008e-23 1.188342e-22 
3.960000e-01 7.489005e-23 4.293120e-23 1.178212e-22 
3.980000e-01 7.407191e-23 4.273699e-23 1.168089e-22 
4.000000e-01 7.325416e-23 4.253688e-23 1.157910e-22 
4.020000e-01 7.244668e-23 4.233146e-23 1.147781e-22 
4.040000e-01 7.164560e-23 4.211379e-23 1.137594e-22 
4.060000e-01 7.084150e-23 4.189694e-23 1.127384e-22 
4.080000e-01 7.004452e-23 4.168537e-23 1.117299e-22 
4.100000e-01 6.924816e-23 4.147229e-23 1.107204e-22 
4.120000e-01 6.845489e-23 4.125584e-23 1.097107e-22 
4.140000e-01 6.767383e-23 4.103718e-23 1.087110e-22 
4.160000e-01 6.688945e-23 4.081824e-23 1.077077e-22 
4.180000e-01 6.610695e-23 4.060029e-23 1.067072e-22 
4.200000e-01 6.533919e-23 4.038199e-23 1.057212e-22 
4.220000e-01 6.456861e-23 4.016088e-23 1.047295e-22 
4.240000e-01 6.380038e-23 3.994058e-23 1.037410e-22 
4.260000e-01 6.304193e-23 3.971448e-23 1.027564e-22 
4.280000e-01 6.228540e-23 3.948493e-23 1.017703e-22 
4.300000e-01 6.153465e-23 3.925259e-23 1.007872e-22 
4.320000e-01 6.078907e-23 3.902291e-23 9.981199e-23 
4.340000e-01 6.004474e-23 3.879181e-23 9.883656e-23 
4.360000e-01 5.930824e-23 3.856556e-23 9.787380e-23 
4.380000e-01 5.857426e-23 3.834267e-23 9.691692e-23 
4.400000e-01 5.784118e-23 3.811766e-23 9.595884e-23 
4.420000e-01 5.711698e-23 3.787760e-23 9.499458e-23 
4.440000e-01 5.639945e-23 3.763687e-23 9.403633e-23 
4.460000e-01 5.568018e-23 3.739975e-23 9.307992e-23 
4.480000e-01 5.496801e-23 3.716442e-23 9.213243e-23 
4.500000e-01 5.426331e-23 3.693061e-23 9.119392e-23 
4.520000e-01 5.355940e-23 3.667749e-23 9.023689e-23 
4.540000e-01 5.285844e-23 3.642162e-23 8.928006e-23 
4.560000e-01 5.216444e-23 3.616800e-23 8.833244e-23 
4.580000e-01 5.147440e-23 3.591890e-23 8.739330e-23 
4.600000e-01 5.078469e-23 3.567024e-23 8.645493e-23 
4.620000e-01 5.010391e-23 3.542263e-23 8.552654e-23 
4.640000e-01 4.942451e-23 3.517830e-23 8.460280e-23 
4.660000e-01 4.874457e-23 3.493279e-23 8.367736e-23 
4.680000e-01 4.807417e-23 3.469313e-23 8.276731e-23 
4.700000e-01 4.740584e-23 3.445344e-23 8.185928e-23 
4.720000e-01 4.673474e-23 3.421013e-23 8.094487e-23 
4.740000e-01 4.606874e-23 3.395911e-23 8.002785e-23 
4.760000e-01 4.540832e-23 3.370752e-23 7.911583e-23 
4.780000e-01 4.474760e-23 3.345611e-23 7.820372e-23 
4.800000e-01 4.408724e-23 3.320527e-23 7.729251e-23 
4.820000e-01 4.343044e-23 3.295287e-23 7.638331e-23 
4.840000e-01 4.277601e-23 3.270316e-23 7.547917e-23 
4.860000e-01 4.212044e-23 3.245137e-23 7.457181e-23 
4.880000e-01 4.146585e-23 3.220267e-23 7.366852e-23 
4.900000e-01 4.081186e-23 3.194597e-23 7.275783e-23 
4.920000e-01 4.015971e-23 3.169330e-23 7.185301e-23 
4.940000e-01 3.950734e-23 3.144134e-23 7.094868e-23 
4.960000e-01 3.885460e-23 3.119377e-23 7.004838e-23 
4.980000e-01 3.819795e-23 3.094618e-23 6.914412e-23 
5.000000e-01 3.753606e-23 3.069811e-23 6.823417e-23 
5.020000e-01 3.687663e-23 3.045532e-23 6.733195e-23 
5.040000e-01 3.621233e-23 3.021375e-23 6.642608e-23 
5.060000e-01 3.554421e-23 2.997250e-23 6.551670e-23 
5.080000e-01 3.486945e-23 2.973517e-23 6.460462e-23 
5.100000e-01 3.418728e-23 2.949755e-23 6.368483e-23 
5.120000e-01 3.349586e-23 2.926525e-23 6.276111e-23 
5.140000e-01 3.279446e-23 2.903321e-23 6.182767e-23 
5.160000e-01 3.208365e-23 2.880148e-23 6.088513e-23 
5.180000e-01 3.135517e-23 2.857699e-23 5.993216e-23 
5.200000e-01 3.060430e-23 2.835582e-23 5.896012e-23 
5.220000e-01 2.983273e-23 2.813456e-23 5.796730e-23 
5.240000e-01 2.903229e-23 2.791054e-23 5.694283e-23 
5.260000e-01 2.819506e-23 2.768490e-23 5.587996e-23 
5.280000e-01 2.731177e-23 2.745817e-23 5.476994e-23 
5.300000e-01 2.637587e-23 2.723502e-23 5.361089e-23 
5.320000e-01 2.536584e-23 2.701550e-23 5.238134e-23 
5.340000e-01 2.421556e-23 2.679467e-23 5.101023e-23 
5.360000e-01 2.287715e-23 2.657179e-23 4.944895e-23 
5.380000e-01 2.111808e-23 2.634444e-23 4.746252e-23 
5.400000e-01 1.877893e-23 2.611803e-23 4.489696e-23 
5.420000e-01 1.637426e-23 2.589760e-23 4.227186e-23 
5.440000e-01 1.508201e-23 2.568841e-23 4.077042e-23 
5.460000e-01 1.567619e-23 2.547997e-23 4.115616e-23 
5.480000e-01 1.773580e-23 2.526988e-23 4.300568e-23 
5.500000e-01 1.969862e-23 2.505597e-23 4.475459e-23 
5.520000e-01 2.110174e-23 2.484411e-23 4.594585e-23 
5.540000e-01 2.191006e-23 2.463494e-23 4.654500e-23 
5.560000e-01 2.248620e-23 2.443650e-23 4.692270e-23 
5.580000e-01 2.289822e-23 2.423679e-23 4.713501e-23 
5.600000e-01 2.322134e-23 2.403791e-23 4.725924e-23 
5.620000e-01 2.347661e-23 2.383858e-23 4.731519e-23 
5.640000e-01 2.367525e-23 2.363612e-23 4.731137e-23 
5.660000e-01 2.383017e-23 2.343629e-23 4.726645e-23 
5.680000e-01 2.394202e-23 2.323786e-23 4.717988e-23 
5.700000e-01 2.402222e-23 2.304167e-23 4.706389e-23 
5.720000e-01 2.407365e-23 2.284529e-23 4.691894e-23 
5.740000e-01 2.410387e-23 2.264926e-23 4.675314e-23 
5.760000e-01 2.411823e-23 2.245789e-23 4.657612e-23 
5.780000e-01 2.411030e-23 2.226929e-23 4.637959e-23 
5.800000e-01 2.408503e-23 2.207899e-23 4.616401e-23 
5.820000e-01 2.404789e-23 2.189716e-23 4.594505e-23 
5.840000e-01 2.400125e-23 2.171500e-23 4.571625e-23 
5.860000e-01 2.394321e-23 2.153500e-23 4.547820e-23 
5.880000e-01 2.386921e-23 2.135467e-23 4.522388e-23 
5.900000e-01 2.378922e-23 2.117486e-23 4.496408e-23 
5.920000e-01 2.370253e-23 2.099619e-23 4.469872e-23 
5.940000e-01 2.360768e-23 2.081719e-23 4.442487e-23 
5.960000e-01 2.350277e-23 2.064361e-23 4.414637e-23 
5.980000e-01 2.339323e-23 2.047145e-23 4.386467e-23 
6.000000e-01 2.327907e-23 2.029731e-23 4.357639e-23 
6.020000e-01 2.316081e-23 2.011950e-23 4.328031e-23 
6.040000e-01 2.303381e-23 1.993946e-23 4.297327e-23 
6.060000e-01 2.290426e-23 1.976153e-23 4.266579e-23 
6.080000e-01 2.277156e-23 1.959221e-23 4.236377e-23 
6.100000e-01 2.263415e-23 1.943628e-23 4.207044e-23 
6.120000e-01 2.249425e-23 1.928010e-23 4.177434e-23 
6.140000e-01 2.234708e-23 1.912351e-23 4.147059e-23 
6.160000e-01 2.220024e-23 1.895961e-23 4.115984e-23 
6.180000e-01 2.205068e-23 1.879654e-23 4.084722e-23 
6.200000e-01 2.189557e-23 1.863247e-23 4.052804e-23 
6.220000e-01 2.173863e-23 1.847207e-23 4.021070e-23 
6.240000e-01 2.157872e-23 1.831900e-23 3.989772e-23 
6.260000e-01 2.142035e-23 1.816516e-23 3.958552e-23 
6.280000e-01 2.125666e-23 1.801299e-23 3.926965e-23 
6.300000e-01 2.109049e-23 1.785945e-23 3.894994e-23 
6.320000e-01 2.092288e-23 1.770256e-23 3.862545e-23 
6.340000e-01 2.075569e-23 1.754664e-23 3.830233e-23 
6.360000e-01 2.058392e-23 1.739162e-23 3.797554e-23 
6.380000e-01 2.040936e-23 1.724533e-23 3.765469e-23 
6.400000e-01 2.023179e-23 1.709661e-23 3.732840e-23 
6.420000e-01 2.005194e-23 1.695052e-23 3.700246e-23 
6.440000e-01 1.987222e-23 1.681055e-23 3.668276e-23 
6.460000e-01 1.968896e-23 1.667954e-23 3.636851e-23 
6.480000e-01 1.950260e-23 1.654792e-23 3.605052e-23 
6.500000e-01 1.931175e-23 1.641729e-23 3.572904e-23 
6.520000e-01 1.911947e-23 1.627838e-23 3.539785e-23 
6.540000e-01 1.892554e-23 1.613453e-23 3.506007e-23 
6.560000e-01 1.872627e-23 1.599011e-23 3.471638e-23 
6.580000e-01 1.852400e-23 1.584773e-23 3.437173e-23 
6.600000e-01 1.831941e-23 1.571624e-23 3.403565e-23 
6.620000e-01 1.811010e-23 1.558515e-23 3.369525e-23 
6.640000e-01 1.789715e-23 1.545540e-23 3.335255e-23 
6.660000e-01 1.767979e-23 1.532553e-23 3.300533e-23 
6.680000e-01 1.745735e-23 1.519598e-23 3.265333e-23 
6.700000e-01 1.723211e-23 1.506585e-23 3.229796e-23 
6.720000e-01 1.700480e-23 1.493596e-23 3.194075e-23 
6.740000e-01 1.677005e-23 1.480946e-23 3.157951e-23 
6.760000e-01 1.652713e-23 1.468633e-23 3.121346e-23 
6.780000e-01 1.628136e-23 1.456404e-23 3.084540e-23 
6.800000e-01 1.602891e-23 1.444320e-23 3.047211e-23 
6.820000e-01 1.576404e-23 1.432420e-23 3.008824e-23 
6.840000e-01 1.549107e-23 1.420706e-23 2.969813e-23 
6.860000e-01 1.520727e-23 1.409018e-23 2.929745e-23 
6.880000e-01 1.490540e-23 1.397333e-23 2.887873e-23 
6.900000e-01 1.459059e-23 1.385781e-23 2.844840e-23 
6.920000e-01 1.424987e-23 1.374478e-23 2.799465e-23 
6.940000e-01 1.387235e-23 1.363159e-23 2.750394e-23 
6.960000e-01 1.346779e-23 1.351998e-23 2.698777e-23 
6.980000e-01 1.298790e-23 1.340701e-23 2.639491e-23 
7.000000e-01 1.234411e-23 1.329504e-23 2.563916e-23 
7.020000e-01 1.161075e-23 1.318388e-23 2.479463e-23 
7.040000e-01 1.081021e-23 1.307363e-23 2.388385e-23 
7.060000e-01 1.034182e-23 1.296416e-23 2.330597e-23 
7.080000e-01 1.016763e-23 1.285823e-23 2.302585e-23 
7.100000e-01 1.064156e-23 1.275105e-23 2.339261e-23 
7.120000e-01 1.132111e-23 1.264459e-23 2.396570e-23 
7.140000e-01 1.222433e-23 1.254021e-23 2.476454e-23 
7.160000e-01 1.286122e-23 1.243858e-23 2.529980e-23 
7.180000e-01 1.337925e-23 1.233651e-23 2.571576e-23 
7.200000e-01 1.367593e-23 1.223521e-23 2.591115e-23 
7.220000e-01 1.389352e-23 1.213473e-23 2.602825e-23 
7.240000e-01 1.407558e-23 1.203914e-23 2.611472e-23 
7.260000e-01 1.420905e-23 1.194275e-23 2.615180e-23 
7.280000e-01 1.432160e-23 1.184797e-23 2.616957e-23 
7.300000e-01 1.441766e-23 1.175235e-23 2.617001e-23 
7.320000e-01 1.448192e-23 1.165617e-23 2.613809e-23 
7.340000e-01 1.454041e-23 1.155885e-23 2.609926e-23 
7.360000e-01 1.458408e-23 1.146274e-23 2.604682e-23 
7.380000e-01 1.461684e-23 1.136697e-23 2.598381e-23 
7.400000e-01 1.464381e-23 1.127346e-23 2.591727e-23 
7.420000e-01 1.465606e-23 1.118106e-23 2.583712e-23 
7.440000e-01 1.466402e-23 1.109017e-23 2.575419e-23 
7.460000e-01 1.466524e-23 1.099927e-23 2.566451e-23 
7.480000e-01 1.466147e-23 1.091189e-23 2.557336e-23 
7.500000e-01 1.465252e-23 1.082396e-23 2.547648e-23 
7.520000e-01 1.463760e-23 1.073903e-23 2.537664e-23 
7.540000e-01 1.461836e-23 1.065239e-23 2.527075e-23 
7.560000e-01 1.459327e-23 1.056814e-23 2.516141e-23 
7.580000e-01 1.456675e-23 1.048565e-23 2.505239e-23 
7.600000e-01 1.453853e-23 1.040397e-23 2.494250e-23 
7.620000e-01 1.450465e-23 1.032345e-23 2.482810e-23 
7.640000e-01 1.446794e-23 1.024285e-23 2.471079e-23 
7.660000e-01 1.442853e-23 1.016331e-23 2.459183e-23 
7.680000e-01 1.438756e-23 1.008666e-23 2.447423e-23 
7.700000e-01 1.434458e-23 1.000869e-23 2.435327e-23 
7.720000e-01 1.429881e-23 9.932348e-24 2.423115e-23 
7.740000e-01 1.425039e-23 9.854695e-24 2.410509e-23 
7.760000e-01 1.420055e-23 9.775166e-24 2.397571e-23 
7.780000e-01 1.414756e-23 9.697459e-24 2.384502e-23 
7.800000e-01 1.409331e-23 9.620067e-24 2.371338e-23 
7.820000e-01 1.403748e-23 9.540586e-24 2.357807e-23 
7.840000e-01 1.398066e-23 9.466570e-24 2.344723e-23 
7.860000e-01 1.391866e-23 9.392565e-24 2.331123e-23 
7.880000e-01 1.385761e-23 9.319629e-24 2.317724e-23 
7.900000e-01 1.379466e-23 9.247187e-24 2.304185e-23 
7.920000e-01 1.372837e-23 9.175041e-24 2.290342e-23 
7.940000e-01 1.366107e-23 9.105104e-24 2.276617e-23 
7.960000e-01 1.358378e-23 9.036890e-24 2.262067e-23 
7.980000e-01 1.350962e-23 8.967181e-24 2.247680e-23 
8.000000e-01 1.343655e-23 8.898183e-24 2.233474e-23 
8.020000e-01 1.336965e-23 8.831964e-24 2.220161e-23 
8.040000e-01 1.330430e-23 8.766498e-24 2.207080e-23 
8.060000e-01 1.324155e-23 8.699329e-24 2.194088e-23 
8.080000e-01 1.317809e-23 8.633820e-24 2.181191e-23 
8.100000e-01 1.311443e-23 8.568077e-24 2.168250e-23 
8.120000e-01 1.305409e-23 8.501448e-24 2.155554e-23 
8.140000e-01 1.299616e-23 8.433641e-24 2.142980e-23 
8.160000e-01 1.293756e-23 8.367074e-24 2.130463e-23 
8.180000e-01 1.287910e-23 8.300066e-24 2.117917e-23 
8.200000e-01 1.282073e-23 8.237662e-24 2.105839e-23 
8.220000e-01 1.276425e-23 8.178339e-24 2.094259e-23 
8.240000e-01 1.270769e-23 8.119323e-24 2.082701e-23 
8.260000e-01 1.265184e-23 8.061362e-24 2.071320e-23 
8.280000e-01 1.259608e-23 8.003034e-24 2.059911e-23 
8.300000e-01 1.254042e-23 7.943751e-24 2.048417e-23 
8.320000e-01 1.248640e-23 7.883741e-24 2.037014e-23 
8.340000e-01 1.243252e-23 7.824434e-24 2.025696e-23 
8.360000e-01 1.238012e-23 7.764935e-24 2.014506e-23 
8.380000e-01 1.232761e-23 7.705680e-24 2.003329e-23 
8.400000e-01 1.227738e-23 7.648647e-24 1.992602e-23 
8.420000e-01 1.222712e-23 7.593337e-24 1.982046e-23 
8.440000e-01 1.217786e-23 7.537445e-24 1.971530e-23 
8.460000e-01 1.212799e-23 7.480924e-24 1.960892e-23 
8.480000e-01 1.207994e-23 7.424908e-24 1.950485e-23 
8.500000e-01 1.203325e-23 7.372346e-24 1.940560e-23 
8.520000e-01 1.198608e-23 7.318772e-24 1.930485e-23 
8.540000e-01 1.194010e-23 7.266694e-24 1.920680e-23 
8.560000e-01 1.190129e-23 7.213927e-24 1.911521e-23 
8.580000e-01 1.184719e-23 7.161221e-24 1.900841e-23 
8.600000e-01 1.180109e-23 7.106534e-24 1.890763e-23 
8.620000e-01 1.175411e-23 7.053030e-24 1.880714e-23 
8.640000e-01 1.170717e-23 6.999010e-24 1.870618e-23 
8.660000e-01 1.165923e-23 6.946047e-24 1.860528e-23 
8.680000e-01 1.161201e-23 6.893818e-24 1.850583e-23 
8.700000e-01 1.156280e-23 6.841655e-24 1.840446e-23 
8.720000e-01 1.151307e-23 6.790409e-24 1.830348e-23 
8.740000e-01 1.146208e-23 6.740880e-24 1.820296e-23 
8.760000e-01 1.140883e-23 6.690242e-24 1.809907e-23 
8.780000e-01 1.135546e-23 6.640735e-24 1.799619e-23 
8.800000e-01 1.130198e-23 6.595635e-24 1.789761e-23 
8.820000e-01 1.124723e-23 6.552160e-24 1.779939e-23 
8.840000e-01 1.119549e-23 6.507564e-24 1.770306e-23 
8.860000e-01 1.114100e-23 6.462344e-24 1.760335e-23 
8.880000e-01 1.108671e-23 6.418848e-24 1.750556e-23 
8.900000e-01 1.103142e-23 6.373043e-24 1.740446e-23 
8.920000e-01 1.097591e-23 6.327887e-24 1.730379e-23 
8.940000e-01 1.092138e-23 6.283818e-24 1.720520e-23 
8.960000e-01 1.086762e-23 6.238588e-24 1.710621e-23 
8.980000e-01 1.081440e-23 6.194277e-24 1.700867e-23 
9.000000e-01 1.075959e-23 6.147683e-24 1.690727e-23 
9.020000e-01 1.070407e-23 6.101775e-24 1.680585e-23 
9.040000e-01 1.064905e-23 6.056292e-24 1.670535e-23 
9.060000e-01 1.059461e-23 6.011016e-24 1.660562e-23 
9.080000e-01 1.054125e-23 5.965421e-24 1.650667e-23 
9.100000e-01 1.048679e-23 5.924039e-24 1.641083e-23 
9.120000e-01 1.043369e-23 5.883695e-24 1.631738e-23 
9.140000e-01 1.037849e-23 5.843509e-24 1.622200e-23 
9.160000e-01 1.032423e-23 5.803407e-24 1.612763e-23 
9.180000e-01 1.027059e-23 5.764775e-24 1.603537e-23 
9.200000e-01 1.021629e-23 5.723839e-24 1.594013e-23 
9.220000e-01 1.016248e-23 5.681257e-24 1.584374e-23 
9.240000e-01 1.010926e-23 5.640761e-24 1.575002e-23 
9.260000e-01 1.005594e-23 5.599665e-24 1.565561e-23 
9.280000e-01 1.000248e-23 5.559273e-24 1.556175e-23 
9.300000e-01 9.948918e-24 5.519391e-24 1.546831e-23 
9.320000e-01 9.895509e-24 5.483047e-24 1.537856e-23 
9.340000e-01 9.842560e-24 5.448285e-24 1.529084e-23 
9.360000e-01 9.789995e-24 5.412782e-24 1.520278e-23 
9.380000e-01 9.738048e-24 5.376735e-24 1.511478e-23 
9.400000e-01 9.684419e-24 5.341788e-24 1.502621e-23 
9.420000e-01 9.632685e-24 5.305346e-24 1.493803e-23 
9.440000e-01 9.580435e-24 5.269321e-24 1.484976e-23 
9.460000e-01 9.528821e-24 5.232728e-24 1.476155e-23 
9.480000e-01 9.477776e-24 5.197275e-24 1.467505e-23 
9.500000e-01 9.425750e-24 5.161145e-24 1.458690e-23 
9.520000e-01 9.373540e-24 5.124972e-24 1.449851e-23 
9.540000e-01 9.322861e-24 5.091320e-24 1.441418e-23 
9.560000e-01 9.272950e-24 5.057070e-24 1.433002e-23 
9.580000e-01 9.221459e-24 5.022616e-24 1.424408e-23 
9.600000e-01 9.170512e-24 4.988376e-24 1.415889e-23 
9.620000e-01 9.120288e-24 4.954522e-24 1.407481e-23 
9.640000e-01 9.069355e-24 4.919488e-24 1.398884e-23 
9.660000e-01 9.019277e-24 4.883670e-24 1.390295e-23 
9.680000e-01 8.970088e-24 4.848699e-24 1.381879e-23 
9.700000e-01 8.920063e-24 4.812921e-24 1.373298e-23 
9.720000e-01 8.871638e-24 4.778104e-24 1.364974e-23 
9.740000e-01 8.822159e-24 4.744740e-24 1.356690e-23 
9.760000e-01 8.773474e-24 4.714460e-24 1.348793e-23 
9.780000e-01 8.724748e-24 4.683257e-24 1.340800e-23 
9.800000e-01 8.676958e-24 4.652861e-24 1.332982e-23 
9.820000e-01 8.628592e-24 4.622111e-24 1.325070e-23 
9.840000e-01 8.578822e-24 4.592213e-24 1.317103e-23 
9.860000e-01 8.532004e-24 4.560809e-24 1.309281e-23 
9.880000e-01 8.485850e-24 4.528705e-24 1.301456e-23 
9.900000e-01 8.436429e-24 4.497464e-24 1.293389e-23 
9.920000e-01 8.390166e-24 4.464910e-24 1.285508e-23 
9.940000e-01 8.343546e-24 4.433527e-24 1.277707e-23 
9.960000e-01 8.297516e-24 4.403148e-24 1.270066e-23 
9.980000e-01 8.251269e-24 4.380427e-24 1.263170e-23 
1.000000e+00 8.205800e-24 4.357897e-24 1.256370e-23 
1.002000e+00 8.160414e-24 4.330500e-24 1.249091e-23 
1.004000e+00 8.114524e-24 4.303648e-24 1.241817e-23 
1.006000e+00 8.069766e-24 4.276383e-24 1.234615e-23 
1.008000e+00 8.024257e-24 4.249919e-24 1.227418e-23 
1.010000e+00 7.979528e-24 4.224023e-24 1.220355e-23 
1.012000e+00 7.934298e-24 4.197134e-24 1.213143e-23 
1.014000e+00 7.890711e-24 4.169823e-24 1.206053e-23 
1.016000e+00 7.845928e-24 4.144243e-24 1.199017e-23 
1.018000e+00 7.802503e-24 4.116776e-24 1.191928e-23 
1.020000e+00 7.758503e-24 4.091543e-24 1.185005e-23 
1.022000e+00 7.715220e-24 4.064516e-24 1.177974e-23 
1.024000e+00 7.671802e-24 4.038728e-24 1.171053e-23 
1.026000e+00 7.628793e-24 4.014151e-24 1.164294e-23 
1.028000e+00 7.586274e-24 3.990120e-24 1.157639e-23 
1.030000e+00 7.542387e-24 3.965791e-24 1.150818e-23 
1.032000e+00 7.501019e-24 3.940775e-24 1.144179e-23 
1.034000e+00 7.458773e-24 3.915739e-24 1.137451e-23 
1.036000e+00 7.416836e-24 3.893056e-24 1.130989e-23 
1.038000e+00 7.375337e-24 3.867264e-24 1.124260e-23 
1.040000e+00 7.333241e-24 3.843919e-24 1.117716e-23 
1.042000e+00 7.292934e-24 3.819339e-24 1.111227e-23 
1.044000e+00 7.250678e-24 3.795531e-24 1.104621e-23 
1.046000e+00 7.209950e-24 3.772446e-24 1.098240e-23 
1.048000e+00 7.170162e-24 3.748459e-24 1.091862e-23 
1.050000e+00 7.130339e-24 3.726295e-24 1.085663e-23 
1.052000e+00 7.089636e-24 3.703544e-24 1.079318e-23 
1.054000e+00 7.049362e-24 3.680516e-24 1.072988e-23 
1.056000e+00 7.010254e-24 3.658901e-24 1.066916e-23 
1.058000e+00 6.970963e-24 3.636911e-24 1.060787e-23 
1.060000e+00 6.931943e-24 3.614621e-24 1.054656e-23 
1.062000e+00 6.891319e-24 3.593019e-24 1.048434e-23 
1.064000e+00 6.852274e-24 3.570591e-24 1.042287e-23 
1.066000e+00 6.814426e-24 3.548941e-24 1.036337e-23 
1.068000e+00 6.775246e-24 3.526483e-24 1.030173e-23 
1.070000e+00 6.736995e-24 3.505046e-24 1.024204e-23 
1.072000e+00 6.612642e-24 3.483707e-24 1.009635e-23 
1.074000e+00 6.661142e-24 3.462965e-24 1.012411e-23 
1.076000e+00 6.623662e-24 3.442648e-24 1.006631e-23 
1.078000e+00 6.586602e-24 3.422157e-24 1.000876e-23 
1.080000e+00 6.549198e-24 3.401676e-24 9.950875e-24 
1.082000e+00 6.512096e-24 3.381313e-24 9.893409e-24 
1.084000e+00 6.474137e-24 3.361324e-24 9.835461e-24 
1.086000e+00 6.438694e-24 3.340929e-24 9.779623e-24 
1.088000e+00 6.401721e-24 3.321920e-24 9.723642e-24 
1.090000e+00 6.365867e-24 3.300991e-24 9.666858e-24 
1.092000e+00 6.330630e-24 3.280536e-24 9.611166e-24 
1.094000e+00 6.293938e-24 3.261253e-24 9.555191e-24 
1.096000e+00 6.258913e-24 3.241017e-24 9.499930e-24 
1.098000e+00 6.222488e-24 3.222004e-24 9.444492e-24 
1.100000e+00 6.187823e-24 3.203743e-24 9.391566e-24 
1.102000e+00 6.153470e-24 3.185525e-24 9.338995e-24 
1.104000e+00 6.118425e-24 3.166526e-24 9.284951e-24 
1.106000e+00 6.083705e-24 3.147828e-24 9.231533e-24 
1.108000e+00 6.049448e-24 3.129489e-24 9.178937e-24 
1.110000e+00 6.015084e-24 3.111423e-24 9.126507e-24 
1.112000e+00 5.984055e-24 3.092299e-24 9.076354e-24 
1.114000e+00 5.947166e-24 3.073948e-24 9.021114e-24 
1.116000e+00 5.913610e-24 3.055744e-24 8.969354e-24 
1.118000e+00 5.879440e-24 3.037719e-24 8.917159e-24 
1.120000e+00 5.846278e-24 3.019328e-24 8.865605e-24 
1.122000e+00 5.813588e-24 3.001307e-24 8.814895e-24 
1.124000e+00 5.780299e-24 2.985204e-24 8.765503e-24 
1.126000e+00 5.748075e-24 2.967569e-24 8.715644e-24 
1.128000e+00 5.714713e-24 2.950631e-24 8.665344e-24 
1.130000e+00 5.681932e-24 2.934407e-24 8.616339e-24 
1.132000e+00 5.649701e-24 2.917489e-24 8.567190e-24 
1.134000e+00 5.618095e-24 2.901166e-24 8.519260e-24 
1.136000e+00 5.587054e-24 2.883688e-24 8.470741e-24 
1.138000e+00 5.555844e-24 2.867812e-24 8.423655e-24 
1.140000e+00 5.524241e-24 2.851488e-24 8.375730e-24 
1.142000e+00 5.492744e-24 2.834429e-24 8.327173e-24 
1.144000e+00 5.461414e-24 2.818641e-24 8.280055e-24 
1.146000e+00 5.430170e-24 2.802380e-24 8.232549e-24 
1.148000e+00 5.399543e-24 2.785916e-24 8.185459e-24 
1.150000e+00 5.369186e-24 2.770011e-24 8.139197e-24 
1.152000e+00 5.339889e-24 2.754983e-24 8.094872e-24 
1.154000e+00 5.308702e-24 2.739642e-24 8.048344e-24 
1.156000e+00 5.280315e-24 2.724545e-24 8.004859e-24 
1.158000e+00 5.249727e-24 2.708490e-24 7.958217e-24 
1.160000e+00 5.220336e-24 2.693149e-24 7.913485e-24 
1.162000e+00 5.190561e-24 2.677995e-24 7.868556e-24 
1.164000e+00 5.160919e-24 2.662859e-24 7.823777e-24 
1.166000e+00 5.130879e-24 2.648025e-24 7.778904e-24 
1.168000e+00 5.101363e-24 2.632739e-24 7.734102e-24 
1.170000e+00 5.072802e-24 2.617593e-24 7.690395e-24 
1.172000e+00 5.043322e-24 2.602547e-24 7.645869e-24 
1.174000e+00 5.015895e-24 2.587762e-24 7.603657e-24 
1.176000e+00 4.987501e-24 2.573699e-24 7.561200e-24 
1.178000e+00 4.958263e-24 2.559649e-24 7.517912e-24 
1.180000e+00 4.931281e-24 2.545556e-24 7.476837e-24 
1.182000e+00 4.902888e-24 2.532190e-24 7.435078e-24 
1.184000e+00 4.873268e-24 2.518230e-24 7.391499e-24 
1.186000e+00 4.846684e-24 2.504126e-24 7.350809e-24 
1.188000e+00 4.819048e-24 2.489910e-24 7.308958e-24 
1.190000e+00 4.792413e-24 2.476554e-24 7.268968e-24 
1.192000e+00 4.765197e-24 2.462823e-24 7.228020e-24 
1.194000e+00 4.737640e-24 2.449704e-24 7.187345e-24 
1.196000e+00 4.710064e-24 2.435535e-24 7.145599e-24 
1.198000e+00 4.684069e-24 2.422226e-24 7.106295e-24 
1.200000e+00 4.656742e-24 2.408545e-24 7.065287e-24 
1.202000e+00 4.630181e-24 2.395197e-24 7.025378e-24 
1.204000e+00 4.602733e-24 2.381856e-24 6.984590e-24 
1.206000e+00 4.577550e-24 2.369880e-24 6.947430e-24 
1.208000e+00 4.551193e-24 2.356998e-24 6.908190e-24 
1.210000e+00 4.524066e-24 2.344606e-24 6.868671e-24 
1.212000e+00 4.498571e-24 2.331511e-24 6.830082e-24 
1.214000e+00 4.472461e-24 2.319482e-24 6.791944e-24 
1.216000e+00 4.446751e-24 2.307000e-24 6.753751e-24 
1.218000e+00 4.421677e-24 2.294617e-24 6.716293e-24 
1.220000e+00 4.394736e-24 2.281971e-24 6.676706e-24 
1.222000e+00 4.369663e-24 2.269637e-24 6.639300e-24 
1.224000e+00 4.343609e-24 2.258012e-24 6.601621e-24 
1.226000e+00 4.318451e-24 2.245772e-24 6.564223e-24 
1.228000e+00 4.293788e-24 2.233746e-24 6.527534e-24 
1.230000e+00 4.268596e-24 2.220807e-24 6.489404e-24 
1.232000e+00 4.244271e-24 2.209460e-24 6.453731e-24 
1.234000e+00 4.217827e-24 2.198217e-24 6.416043e-24 
1.236000e+00 4.193601e-24 2.187052e-24 6.380652e-24 
1.238000e+00 4.167753e-24 2.175292e-24 6.343046e-24 
1.240000e+00 4.143321e-24 2.163845e-24 6.307166e-24 
1.242000e+00 4.119650e-24 2.152591e-24 6.272241e-24 
1.244000e+00 4.093846e-24 2.141300e-24 6.235145e-24 
1.246000e+00 4.067937e-24 2.130316e-24 6.198252e-24 
1.248000e+00 4.042605e-24 2.119088e-24 6.161692e-24 
1.250000e+00 4.017315e-24 2.107991e-24 6.125306e-24 
1.252000e+00 3.993962e-24 2.096735e-24 6.090697e-24 
1.254000e+00 3.968792e-24 2.085522e-24 6.054314e-24 
1.256000e+00 3.942470e-24 2.074613e-24 6.017083e-24 
1.258000e+00 3.918266e-24 2.063399e-24 5.981665e-24 
1.260000e+00 3.893499e-24 2.052196e-24 5.945695e-24 
1.262000e+00 3.867694e-24 2.041721e-24 5.909415e-24 
1.264000e+00 3.842117e-24 2.031655e-24 5.873772e-24 
1.266000e+00 3.817640e-24 2.021493e-24 5.839132e-24 
1.268000e+00 3.790202e-24 2.011220e-24 5.801422e-24 
1.270000e+00 3.764658e-24 2.001083e-24 5.765741e-24 
1.272000e+00 3.738428e-24 1.990506e-24 5.728934e-24 
1.274000e+00 3.711545e-24 1.980397e-24 5.691942e-24 
1.276000e+00 3.684937e-24 1.970134e-24 5.655070e-24 
1.278000e+00 3.656627e-24 1.960044e-24 5.616671e-24 
1.280000e+00 3.627880e-24 1.949908e-24 5.577788e-24 
1.282000e+00 3.599428e-24 1.939859e-24 5.539287e-24 
1.284000e+00 3.567830e-24 1.929976e-24 5.497806e-24 
1.286000e+00 3.535613e-24 1.919393e-24 5.455006e-24 
1.288000e+00 3.499335e-24 1.909297e-24 5.408632e-24 
1.290000e+00 3.454273e-24 1.900118e-24 5.354391e-24 
1.292000e+00 3.409557e-24 1.890899e-24 5.300456e-24 
1.294000e+00 3.368618e-24 1.880518e-24 5.249136e-24 
1.296000e+00 3.329652e-24 1.871061e-24 5.200713e-24 
1.298000e+00 3.291710e-24 1.861929e-24 5.153639e-24 
1.300000e+00 3.268718e-24 1.852286e-24 5.121004e-24 
1.302000e+00 3.254034e-24 1.842846e-24 5.096881e-24 
1.304000e+00 3.239058e-24 1.833598e-24 5.072657e-24 
1.306000e+00 3.243003e-24 1.824233e-24 5.067235e-24 
1.308000e+00 3.249931e-24 1.814823e-24 5.064753e-24 
1.310000e+00 3.258361e-24 1.805569e-24 5.063930e-24 
1.312000e+00 3.271251e-24 1.796435e-24 5.067687e-24 
1.314000e+00 3.283250e-24 1.788218e-24 5.071468e-24 
1.316000e+00 3.296885e-24 1.778959e-24 5.075843e-24 
1.318000e+00 3.298672e-24 1.769886e-24 5.068558e-24 
1.320000e+00 3.301146e-24 1.761037e-24 5.062183e-24 
1.322000e+00 3.302209e-24 1.752877e-24 5.055086e-24 
1.324000e+00 3.296970e-24 1.744021e-24 5.040991e-24 
1.326000e+00 3.293630e-24 1.735838e-24 5.029467e-24 
1.328000e+00 3.288096e-24 1.727378e-24 5.015474e-24 
1.330000e+00 3.281028e-24 1.718949e-24 4.999977e-24 
1.332000e+00 3.273849e-24 1.710312e-24 4.984160e-24 
1.334000e+00 3.267020e-24 1.702369e-24 4.969389e-24 
1.336000e+00 3.258114e-24 1.694079e-24 4.952194e-24 
1.338000e+00 3.248889e-24 1.685416e-24 4.934305e-24 
1.340000e+00 3.239548e-24 1.677602e-24 4.917150e-24 
1.342000e+00 3.229299e-24 1.668892e-24 4.898191e-24 
1.344000e+00 3.220086e-24 1.660526e-24 4.880612e-24 
1.346000e+00 3.210114e-24 1.652557e-24 4.862672e-24 
1.348000e+00 3.198879e-24 1.644676e-24 4.843555e-24 
1.350000e+00 3.188322e-24 1.636264e-24 4.824586e-24 
1.352000e+00 3.178137e-24 1.628901e-24 4.807039e-24 
1.354000e+00 3.167109e-24 1.621140e-24 4.788248e-24 
1.356000e+00 3.155581e-24 1.613598e-24 4.769179e-24 
1.358000e+00 3.145917e-24 1.605719e-24 4.751636e-24 
1.360000e+00 3.134116e-24 1.597559e-24 4.731675e-24 
1.362000e+00 3.123389e-24 1.589789e-24 4.713179e-24 
1.364000e+00 3.112277e-24 1.582234e-24 4.694511e-24 
1.366000e+00 3.101198e-24 1.574470e-24 4.675668e-24 
1.368000e+00 3.089103e-24 1.567328e-24 4.656431e-24 
1.370000e+00 3.077870e-24 1.559469e-24 4.637339e-24 
1.372000e+00 3.065431e-24 1.552268e-24 4.617699e-24 
1.374000e+00 3.054862e-24 1.544313e-24 4.599176e-24 
1.376000e+00 3.042927e-24 1.536974e-24 4.579901e-24 
1.378000e+00 3.031506e-24 1.529530e-24 4.561036e-24 
1.380000e+00 3.020597e-24 1.521746e-24 4.542343e-24 
1.382000e+00 3.009578e-24 1.515144e-24 4.524723e-24 
1.384000e+00 2.997585e-24 1.508207e-24 4.505792e-24 
1.386000e+00 2.984991e-24 1.500631e-24 4.485622e-24 
1.388000e+00 2.973197e-24 1.493766e-24 4.466962e-24 
1.390000e+00 2.963099e-24 1.487206e-24 4.450305e-24 
1.392000e+00 2.949679e-24 1.480339e-24 4.430019e-24 
1.394000e+00 2.938974e-24 1.472830e-24 4.411803e-24 
1.396000e+00 2.927091e-24 1.465826e-24 4.392917e-24 
1.398000e+00 2.915726e-24 1.458978e-24 4.374705e-24 
1.400000e+00 2.904118e-24 1.452582e-24 4.356700e-24 
1.402000e+00 2.891633e-24 1.445619e-24 4.337252e-24 
1.404000e+00 2.880624e-24 1.438667e-24 4.319291e-24 
1.406000e+00 2.868855e-24 1.431402e-24 4.300257e-24 
1.408000e+00 2.857248e-24 1.424526e-24 4.281774e-24 
1.410000e+00 2.846620e-24 1.417655e-24 4.264275e-24 
1.412000e+00 2.833763e-24 1.410961e-24 4.244724e-24 
1.414000e+00 2.823184e-24 1.404736e-24 4.227920e-24 
1.416000e+00 2.811815e-24 1.398547e-24 4.210362e-24 
1.418000e+00 2.800243e-24 1.392460e-24 4.192703e-24 
1.420000e+00 2.788938e-24 1.385572e-24 4.174510e-24 
1.422000e+00 2.777678e-24 1.379214e-24 4.156893e-24 
1.424000e+00 2.766641e-24 1.373287e-24 4.139928e-24 
1.426000e+00 2.754928e-24 1.366927e-24 4.121855e-24 
1.428000e+00 2.743002e-24 1.360918e-24 4.103919e-24 
1.430000e+00 2.731389e-24 1.354591e-24 4.085979e-24 
1.432000e+00 2.719912e-24 1.348147e-24 4.068059e-24 
1.434000e+00 2.709219e-24 1.342056e-24 4.051276e-24 
1.436000e+00 2.698948e-24 1.336005e-24 4.034953e-24 
1.438000e+00 2.688215e-24 1.330091e-24 4.018306e-24 
1.440000e+00 2.677400e-24 1.323473e-24 4.000874e-24 
1.442000e+00 2.666158e-24 1.317348e-24 3.983505e-24 
1.444000e+00 2.654219e-24 1.311489e-24 3.965708e-24 
1.446000e+00 2.643435e-24 1.305559e-24 3.948994e-24 
1.448000e+00 2.633153e-24 1.299579e-24 3.932732e-24 
1.450000e+00 2.621972e-24 1.294190e-24 3.916162e-24 
1.452000e+00 2.610272e-24 1.288239e-24 3.898511e-24 
1.454000e+00 2.599626e-24 1.282465e-24 3.882091e-24 
1.456000e+00 2.588803e-24 1.276836e-24 3.865639e-24 
1.458000e+00 2.580375e-24 1.270931e-24 3.851305e-24 
1.460000e+00 2.567493e-24 1.265708e-24 3.833201e-24 
1.462000e+00 2.556411e-24 1.259602e-24 3.816013e-24 
1.464000e+00 2.546204e-24 1.253248e-24 3.799453e-24 
1.466000e+00 2.535430e-24 1.248338e-24 3.783769e-24 
1.468000e+00 2.524954e-24 1.242378e-24 3.767331e-24 
1.470000e+00 2.514828e-24 1.236859e-24 3.751687e-24 
1.472000e+00 2.503734e-24 1.231085e-24 3.734819e-24 
1.474000e+00 2.494132e-24 1.225970e-24 3.720102e-24 
1.476000e+00 2.483525e-24 1.220075e-24 3.703600e-24 
1.478000e+00 2.473443e-24 1.214913e-24 3.688356e-24 
1.480000e+00 2.463865e-24 1.209399e-24 3.673264e-24 
1.482000e+00 2.452965e-24 1.203665e-24 3.656630e-24 
1.484000e+00 2.443455e-24 1.198514e-24 3.641969e-24 
1.486000e+00 2.432600e-24 1.193299e-24 3.625899e-24 
1.488000e+00 2.422223e-24 1.188118e-24 3.610341e-24 
1.490000e+00 2.412408e-24 1.183497e-24 3.595905e-24 
1.492000e+00 2.401398e-24 1.177948e-24 3.579346e-24 
1.494000e+00 2.392036e-24 1.172883e-24 3.564919e-24 
1.496000e+00 2.381491e-24 1.167684e-24 3.549175e-24 
1.498000e+00 2.371955e-24 1.156217e-24 3.528172e-24 
1.500000e+00 2.362159e-24 1.156994e-24 3.519153e-24 
1.502000e+00 2.351485e-24 1.151862e-24 3.503347e-24 
1.504000e+00 2.342133e-24 1.146232e-24 3.488365e-24 
1.506000e+00 2.332384e-24 1.141423e-24 3.473807e-24 
1.508000e+00 2.323239e-24 1.136104e-24 3.459343e-24 
1.510000e+00 2.313503e-24 1.130931e-24 3.444434e-24 
1.512000e+00 2.302754e-24 1.126398e-24 3.429152e-24 
1.514000e+00 2.293333e-24 1.121283e-24 3.414616e-24 
1.516000e+00 2.284052e-24 1.116789e-24 3.400841e-24 
1.518000e+00 2.274144e-24 1.111493e-24 3.385637e-24 
1.520000e+00 2.264741e-24 1.106641e-24 3.371383e-24 
1.522000e+00 2.255501e-24 1.102352e-24 3.357853e-24 
1.524000e+00 2.245455e-24 1.097268e-24 3.342722e-24 
1.526000e+00 2.235772e-24 1.092596e-24 3.328368e-24 
1.528000e+00 2.226867e-24 1.088084e-24 3.314951e-24 
1.530000e+00 2.216947e-24 1.083637e-24 3.300585e-24 
1.532000e+00 2.208686e-24 1.078241e-24 3.286928e-24 
1.534000e+00 2.199491e-24 1.074005e-24 3.273496e-24 
1.536000e+00 2.190752e-24 1.069101e-24 3.259853e-24 
1.538000e+00 2.181005e-24 1.064845e-24 3.245849e-24 
1.540000e+00 2.171880e-24 1.059624e-24 3.231504e-24 
1.542000e+00 2.162900e-24 1.054993e-24 3.217893e-24 
1.544000e+00 2.154165e-24 1.050644e-24 3.204809e-24 
1.546000e+00 2.144910e-24 1.046362e-24 3.191272e-24 
1.548000e+00 2.136183e-24 1.041545e-24 3.177728e-24 
1.550000e+00 2.126775e-24 1.037217e-24 3.163992e-24 
1.552000e+00 2.118347e-24 1.032298e-24 3.150645e-24 
1.554000e+00 2.108709e-24 1.028413e-24 3.137122e-24 
1.556000e+00 2.100330e-24 1.024097e-24 3.124428e-24 
1.558000e+00 2.091820e-24 1.019337e-24 3.111157e-24 
1.560000e+00 2.082541e-24 1.015150e-24 3.097691e-24 
1.562000e+00 2.074309e-24 1.011233e-24 3.085543e-24 
1.564000e+00 2.064836e-24 1.006538e-24 3.071374e-24 
1.566000e+00 2.056592e-24 1.002367e-24 3.058959e-24 
1.568000e+00 2.047470e-24 9.984239e-25 3.045894e-24 
1.570000e+00 2.039579e-24 9.937199e-25 3.033299e-24 
1.572000e+00 2.031183e-24 9.893270e-25 3.020510e-24 
1.574000e+00 2.022508e-24 9.853189e-25 3.007827e-24 
1.576000e+00 2.014324e-24 9.812644e-25 2.995588e-24 
1.578000e+00 2.005177e-24 9.773275e-25 2.982505e-24 
1.580000e+00 1.996466e-24 9.727928e-25 2.969259e-24 
1.582000e+00 1.988340e-24 9.684889e-25 2.956829e-24 
1.584000e+00 1.979848e-24 9.642166e-25 2.944064e-24 
1.586000e+00 1.971845e-24 9.599064e-25 2.931751e-24 
1.588000e+00 1.963071e-24 9.560912e-25 2.919163e-24 
1.590000e+00 1.954956e-24 9.521408e-25 2.907097e-24 
1.592000e+00 1.947523e-24 9.483395e-25 2.895862e-24 
1.594000e+00 1.939525e-24 9.447578e-25 2.884283e-24 
1.596000e+00 1.931987e-24 9.405401e-25 2.872527e-24 
1.598000e+00 1.923724e-24 9.371722e-25 2.860896e-24 
1.600000e+00 1.915256e-24 9.330975e-25 2.848354e-24 
1.602000e+00 1.907429e-24 9.295512e-25 2.836980e-24 
1.604000e+00 1.899007e-24 9.248835e-25 2.823891e-24 
1.606000e+00 1.891596e-24 9.209688e-25 2.812564e-24 
1.608000e+00 1.884546e-24 9.169810e-25 2.801527e-24 
1.610000e+00 1.875698e-24 9.133954e-25 2.789093e-24 
1.612000e+00 1.867348e-24 9.094940e-25 2.776842e-24 
1.614000e+00 1.860296e-24 9.059813e-25 2.766278e-24 
1.616000e+00 1.851459e-24 9.019570e-25 2.753416e-24 
1.618000e+00 1.843910e-24 8.978442e-25 2.741754e-24 
1.620000e+00 1.836237e-24 8.944038e-25 2.730641e-24 
1.622000e+00 1.829038e-24 8.902988e-25 2.719337e-24 
1.624000e+00 1.820756e-24 8.870887e-25 2.707845e-24 
1.626000e+00 1.813496e-24 8.832879e-25 2.696784e-24 
1.628000e+00 1.805924e-24 8.798905e-25 2.685815e-24 
1.630000e+00 1.798765e-24 8.765641e-25 2.675329e-24 
1.632000e+00 1.791584e-24 8.734685e-25 2.665052e-24 
1.634000e+00 1.784264e-24 8.694953e-25 2.653759e-24 
1.636000e+00 1.776066e-24 8.660728e-25 2.642139e-24 
1.638000e+00 1.769127e-24 8.626668e-25 2.631794e-24 
1.640000e+00 1.761251e-24 8.592823e-25 2.620533e-24 
1.642000e+00 1.754544e-24 8.557432e-25 2.610288e-24 
1.644000e+00 1.746883e-24 8.523405e-25 2.599223e-24 
1.646000e+00 1.739996e-24 8.483271e-25 2.588323e-24 
1.648000e+00 1.732723e-24 8.450869e-25 2.577810e-24 
1.650000e+00 1.735873e-24 8.414826e-25 2.577356e-24 
1.652000e+00 1.717550e-24 8.381771e-25 2.555727e-24 
1.654000e+00 1.710515e-24 8.351188e-25 2.545634e-24 
1.656000e+00 1.703192e-24 8.312874e-25 2.534479e-24 
1.658000e+00 1.696144e-24 8.282724e-25 2.524416e-24 
1.660000e+00 1.689851e-24 8.250518e-25 2.514903e-24 
1.662000e+00 1.682924e-24 8.214307e-25 2.504355e-24 
1.664000e+00 1.675153e-24 8.181222e-25 2.493275e-24 
1.666000e+00 1.668407e-24 8.146345e-25 2.483041e-24 
1.668000e+00 1.660798e-24 8.116018e-25 2.472400e-24 
1.670000e+00 1.654414e-24 8.085332e-25 2.462948e-24 
1.672000e+00 1.647744e-24 8.054575e-25 2.453201e-24 
1.674000e+00 1.640372e-24 8.021123e-25 2.442485e-24 
1.676000e+00 1.633866e-24 7.989019e-25 2.432768e-24 
1.678000e+00 1.627010e-24 7.959444e-25 2.422954e-24 
1.680000e+00 1.619759e-24 7.924051e-25 2.412164e-24 
1.682000e+00 1.613601e-24 7.892906e-25 2.402891e-24 
1.684000e+00 1.606453e-24 7.864042e-25 2.392858e-24 
1.686000e+00 1.600295e-24 7.832683e-25 2.383563e-24 
1.688000e+00 1.593017e-24 7.802830e-25 2.373300e-24 
1.690000e+00 1.586608e-24 7.771418e-25 2.363750e-24 
1.692000e+00 1.579629e-24 7.737336e-25 2.353362e-24 
1.694000e+00 1.573358e-24 7.706775e-25 2.344036e-24 
1.696000e+00 1.567195e-24 7.675304e-25 2.334725e-24 
1.698000e+00 1.560392e-24 7.645268e-25 2.324919e-24 
1.700000e+00 1.554285e-24 7.611543e-25 2.315440e-24 
1.702000e+00 1.547137e-24 7.581318e-25 2.305269e-24 
1.704000e+00 1.540875e-24 7.554571e-25 2.296333e-24 
1.706000e+00 1.534628e-24 7.525117e-25 2.287139e-24 
1.708000e+00 1.527989e-24 7.491425e-25 2.277131e-24 
1.710000e+00 1.521936e-24 7.469493e-25 2.268885e-24 
1.712000e+00 1.515689e-24 7.437078e-25 2.259396e-24 
1.714000e+00 1.508702e-24 7.405571e-25 2.249259e-24 
1.716000e+00 1.502682e-24 7.381263e-25 2.240808e-24 
1.718000e+00 1.495977e-24 7.350032e-25 2.230980e-24 
1.720000e+00 1.489993e-24 7.324334e-25 2.222427e-24 
1.722000e+00 1.483023e-24 7.290952e-25 2.212118e-24 
1.724000e+00 1.477182e-24 7.259461e-25 2.203128e-24 
1.726000e+00 1.471245e-24 7.235806e-25 2.194826e-24 
1.728000e+00 1.465058e-24 7.204474e-25 2.185506e-24 
1.730000e+00 1.458559e-24 7.179305e-25 2.176490e-24 
1.732000e+00 1.452540e-24 7.146872e-25 2.167227e-24 
1.734000e+00 1.446512e-24 7.118301e-25 2.158342e-24 
1.736000e+00 1.440065e-24 7.090823e-25 2.149147e-24 
1.738000e+00 1.434382e-24 7.061630e-25 2.140545e-24 
1.740000e+00 1.428413e-24 7.034841e-25 2.131897e-24 
1.742000e+00 1.421668e-24 7.008829e-25 2.122551e-24 
1.744000e+00 1.415092e-24 6.983820e-25 2.113474e-24 
1.746000e+00 1.409507e-24 6.959388e-25 2.105445e-24 
1.748000e+00 1.403194e-24 6.931426e-25 2.096337e-24 
1.750000e+00 1.397410e-24 6.905527e-25 2.087963e-24 
1.752000e+00 1.391282e-24 6.877869e-25 2.079068e-24 
1.754000e+00 1.385160e-24 6.850633e-25 2.070224e-24 
1.756000e+00 1.379486e-24 6.825737e-25 2.062059e-24 
1.758000e+00 1.373254e-24 6.800068e-25 2.053261e-24 
1.760000e+00 1.367393e-24 6.775678e-25 2.044961e-24 
1.762000e+00 1.361079e-24 6.749355e-25 2.036015e-24 
1.764000e+00 1.355333e-24 6.720122e-25 2.027345e-24 
1.766000e+00 1.349340e-24 6.694142e-25 2.018754e-24 
1.768000e+00 1.343507e-24 6.669581e-25 2.010465e-24 
1.770000e+00 1.337314e-24 6.644248e-25 2.001739e-24 
1.772000e+00 1.331443e-24 6.621255e-25 1.993568e-24 
1.774000e+00 1.325443e-24 6.595213e-25 1.984964e-24 
1.776000e+00 1.318725e-24 6.568994e-25 1.975624e-24 
1.778000e+00 1.313326e-24 6.545203e-25 1.967846e-24 
1.780000e+00 1.306785e-24 6.520440e-25 1.958829e-24 
1.782000e+00 1.301538e-24 6.492527e-25 1.950791e-24 
1.784000e+00 1.294644e-24 6.475079e-25 1.942152e-24 
1.786000e+00 1.288999e-24 6.452073e-25 1.934206e-24 
1.788000e+00 1.283402e-24 6.425786e-25 1.925980e-24 
1.790000e+00 1.276697e-24 6.397137e-25 1.916410e-24 
1.792000e+00 1.270510e-24 6.380068e-25 1.908517e-24 
1.794000e+00 1.263873e-24 6.356333e-25 1.899506e-24 
1.796000e+00 1.258327e-24 6.329614e-25 1.891289e-24 
1.798000e+00 1.252482e-24 6.307089e-25 1.883191e-24 
1.800000e+00 1.245568e-24 6.286548e-25 1.874222e-24 
1.802000e+00 1.239077e-24 6.259533e-25 1.865030e-24 
1.804000e+00 1.232836e-24 6.237235e-25 1.856560e-24 
1.806000e+00 1.226379e-24 6.217535e-25 1.848133e-24 
1.808000e+00 1.218842e-24 6.190048e-25 1.837847e-24 
1.810000e+00 1.212872e-24 6.164345e-25 1.829306e-24 
1.812000e+00 1.205445e-24 6.147095e-25 1.820155e-24 
1.814000e+00 1.199165e-24 6.121280e-25 1.811293e-24 
1.816000e+00 1.190340e-24 6.097040e-25 1.800044e-24 
1.818000e+00 1.182527e-24 6.077402e-25 1.790267e-24 
1.820000e+00 1.174638e-24 6.052654e-25 1.779903e-24 
1.822000e+00 1.166535e-24 6.033834e-25 1.769919e-24 
1.824000e+00 1.156443e-24 6.007194e-25 1.757163e-24 
1.826000e+00 1.145963e-24 5.988964e-25 1.744859e-24 
1.828000e+00 1.136493e-24 5.962936e-25 1.732786e-24 
1.830000e+00 1.126452e-24 5.944542e-25 1.720906e-24 
1.832000e+00 1.118588e-24 5.926039e-25 1.711192e-24 
1.834000e+00 1.111164e-24 5.900364e-25 1.701201e-24 
1.836000e+00 1.102528e-24 5.881321e-25 1.690660e-24 
1.838000e+00 1.095754e-24 5.856024e-25 1.681356e-24 
1.840000e+00 1.092450e-24 5.833430e-25 1.675793e-24 
1.842000e+00 1.089545e-24 5.819008e-25 1.671445e-24 
1.844000e+00 1.086971e-24 5.792984e-25 1.666270e-24 
1.846000e+00 1.084423e-24 5.770882e-25 1.661511e-24 
1.848000e+00 1.086652e-24 5.754011e-25 1.662053e-24 
1.850000e+00 1.088990e-24 5.726763e-25 1.661667e-24 
1.852000e+00 1.092032e-24 5.708507e-25 1.662882e-24 
1.854000e+00 1.094023e-24 5.691955e-25 1.663219e-24 
1.856000e+00 1.096549e-24 5.664736e-25 1.663023e-24 
1.858000e+00 1.098755e-24 5.647719e-25 1.663526e-24 
1.860000e+00 1.100976e-24 5.628763e-25 1.663852e-24 
1.862000e+00 1.103630e-24 5.602172e-25 1.663847e-24 
1.864000e+00 1.102832e-24 5.585682e-25 1.661400e-24 
1.866000e+00 1.101900e-24 5.564156e-25 1.658316e-24 
1.868000e+00 1.101237e-24 5.546724e-25 1.655909e-24 
1.870000e+00 1.100249e-24 5.525942e-25 1.652843e-24 
1.872000e+00 1.098931e-24 5.504887e-25 1.649420e-24 
1.874000e+00 1.096288e-24 5.489053e-25 1.645193e-24 
1.876000e+00 1.094687e-24 5.467254e-25 1.641412e-24 
1.878000e+00 1.093452e-24 5.447704e-25 1.638222e-24 
1.880000e+00 1.091490e-24 5.447230e-25 1.636213e-24 
1.882000e+00 1.089524e-24 5.414735e-25 1.630997e-24 
1.884000e+00 1.087426e-24 5.393479e-25 1.626774e-24 
1.886000e+00 1.085290e-24 5.372768e-25 1.622567e-24 
1.888000e+00 1.082917e-24 5.356852e-25 1.618603e-24 
1.890000e+00 1.080035e-24 5.335598e-25 1.613595e-24 
1.892000e+00 1.078342e-24 5.315265e-25 1.609868e-24 
1.894000e+00 1.075764e-24 5.298455e-25 1.605610e-24 
1.896000e+00 1.072992e-24 5.280906e-25 1.601082e-24 
1.898000e+00 1.070571e-24 5.260548e-25 1.596626e-24 
1.900000e+00 1.067871e-24 5.244180e-25 1.592290e-24 
1.902000e+00 1.064896e-24 5.220810e-25 1.586977e-24 
1.904000e+00 1.061608e-24 5.207427e-25 1.582350e-24 
1.906000e+00 1.059563e-24 5.189613e-25 1.578524e-24 
1.908000e+00 1.057242e-24 5.178736e-25 1.575115e-24 
1.910000e+00 1.054430e-24 5.160303e-25 1.570460e-24 
1.912000e+00 1.053312e-24 5.146019e-25 1.567914e-24 
1.914000e+00 1.048295e-24 5.127066e-25 1.561001e-24 
1.916000e+00 1.047905e-24 5.106342e-25 1.558540e-24 
1.918000e+00 1.045281e-24 5.088500e-25 1.554131e-24 
1.920000e+00 1.042373e-24 5.073747e-25 1.549748e-24 
1.922000e+00 1.039432e-24 5.054564e-25 1.544888e-24 
1.924000e+00 1.036686e-24 5.035135e-25 1.540200e-24 
1.926000e+00 1.033693e-24 5.020801e-25 1.535773e-24 
1.928000e+00 1.031072e-24 5.003338e-25 1.531406e-24 
1.930000e+00 1.028007e-24 4.982013e-25 1.526208e-24 
1.932000e+00 1.025405e-24 4.969708e-25 1.522376e-24 
1.934000e+00 1.022502e-24 4.949988e-25 1.517500e-24 
1.936000e+00 1.019847e-24 4.932050e-25 1.513052e-24 
1.938000e+00 1.016731e-24 4.917446e-25 1.508476e-24 
1.940000e+00 1.014148e-24 4.899085e-25 1.504057e-24 
1.942000e+00 1.011372e-24 4.880988e-25 1.499471e-24 
1.944000e+00 1.008231e-24 4.865610e-25 1.494792e-24 
1.946000e+00 1.005531e-24 4.846662e-25 1.490197e-24 
1.948000e+00 1.002566e-24 4.826766e-25 1.485242e-24 
1.950000e+00 9.998025e-25 4.812432e-25 1.481046e-24 
1.952000e+00 9.962135e-25 4.794414e-25 1.475655e-24 
1.954000e+00 9.935012e-25 4.780464e-25 1.471548e-24 
1.956000e+00 9.907524e-25 4.760973e-25 1.466850e-24 
1.958000e+00 9.886251e-25 4.746152e-25 1.463240e-24 
1.960000e+00 9.857816e-25 4.731535e-25 1.458935e-24 
1.962000e+00 9.827176e-25 4.713027e-25 1.454020e-24 
1.964000e+00 9.796567e-25 4.698788e-25 1.449535e-24 
1.966000e+00 9.770782e-25 4.683725e-25 1.445451e-24 
1.968000e+00 9.742178e-25 4.664812e-25 1.440699e-24 
1.970000e+00 9.716148e-25 4.651902e-25 1.436805e-24 
1.972000e+00 9.679875e-25 4.632510e-25 1.431238e-24 
1.974000e+00 9.653343e-25 4.618603e-25 1.427195e-24 
1.976000e+00 9.626983e-25 4.604568e-25 1.423155e-24 
1.978000e+00 9.595277e-25 4.584973e-25 1.418025e-24 
1.980000e+00 9.570114e-25 4.572273e-25 1.414239e-24 
1.982000e+00 9.541559e-25 4.557530e-25 1.409909e-24 
1.984000e+00 9.512623e-25 4.540361e-25 1.405298e-24 
1.986000e+00 9.482867e-25 4.525853e-25 1.400872e-24 
1.988000e+00 9.458488e-25 4.510740e-25 1.396923e-24 
1.990000e+00 9.428554e-25 4.491432e-25 1.391999e-24 
1.992000e+00 9.401749e-25 4.479066e-25 1.388081e-24 
1.994000e+00 9.375222e-25 4.463571e-25 1.383879e-24 
1.996000e+00 9.344294e-25 4.446461e-25 1.379076e-24 
1.998000e+00 9.319603e-25 4.432055e-25 1.375166e-24 
2.000000e+00 9.290915e-25 4.416539e-25 1.370745e-24 
2.002000e+00 9.262095e-25 4.402608e-25 1.366470e-24 
2.004000e+00 9.235050e-25 4.388871e-25 1.362392e-24 
2.006000e+00 9.206011e-25 4.373908e-25 1.357992e-24 
2.008000e+00 9.176631e-25 4.361625e-25 1.353826e-24 
2.010000e+00 9.151413e-25 4.348256e-25 1.349967e-24 
2.012000e+00 9.124875e-25 4.333992e-25 1.345887e-24 
2.014000e+00 9.095346e-25 4.319241e-25 1.341459e-24 
2.016000e+00 9.068353e-25 4.305561e-25 1.337391e-24 
2.018000e+00 9.043076e-25 4.291520e-25 1.333460e-24 
2.020000e+00 9.014333e-25 4.278433e-25 1.329277e-24 
2.022000e+00 8.984740e-25 4.263445e-25 1.324818e-24 
2.024000e+00 8.957409e-25 4.248558e-25 1.320597e-24 
2.026000e+00 8.929028e-25 4.234220e-25 1.316325e-24 
2.028000e+00 8.903618e-25 4.218861e-25 1.312248e-24 
2.030000e+00 8.875110e-25 4.207144e-25 1.308225e-24 
2.032000e+00 8.845469e-25 4.192788e-25 1.303826e-24 
2.034000e+00 8.826128e-25 4.178690e-25 1.300482e-24 
2.036000e+00 8.798814e-25 4.158598e-25 1.295741e-24 
2.038000e+00 8.772004e-25 4.146241e-25 1.291824e-24 
2.040000e+00 8.748361e-25 4.132201e-25 1.288056e-24 
2.042000e+00 8.723328e-25 4.118183e-25 1.284151e-24 
2.044000e+00 8.693215e-25 4.108753e-25 1.280197e-24 
2.046000e+00 8.667258e-25 4.094063e-25 1.276132e-24 
2.048000e+00 8.640521e-25 4.079295e-25 1.271982e-24 
2.050000e+00 8.614207e-25 4.067497e-25 1.268170e-24 
2.052000e+00 8.586036e-25 4.053192e-25 1.263923e-24 
2.054000e+00 8.564764e-25 4.040120e-25 1.260488e-24 
2.056000e+00 8.538175e-25 4.024459e-25 1.256263e-24 
2.058000e+00 8.508930e-25 4.016021e-25 1.252495e-24 
2.060000e+00 8.484653e-25 4.003100e-25 1.248775e-24 
2.062000e+00 8.455858e-25 3.989679e-25 1.244554e-24 
2.064000e+00 8.433779e-25 3.975198e-25 1.240898e-24 
2.066000e+00 8.406104e-25 3.959323e-25 1.236543e-24 
2.068000e+00 8.379365e-25 3.946670e-25 1.232604e-24 
2.070000e+00 8.359885e-25 3.935898e-25 1.229578e-24 
2.072000e+00 8.333975e-25 3.923289e-25 1.225726e-24 
2.074000e+00 8.311517e-25 3.910311e-25 1.222183e-24 
2.076000e+00 8.289735e-25 3.896394e-25 1.218613e-24 
2.078000e+00 8.256270e-25 3.882900e-25 1.213917e-24 
2.080000e+00 8.238285e-25 3.873804e-25 1.211209e-24 
2.082000e+00 8.211171e-25 3.859854e-25 1.207103e-24 
2.084000e+00 8.184267e-25 3.847669e-25 1.203194e-24 
2.086000e+00 8.157061e-25 3.831864e-25 1.198892e-24 
2.088000e+00 8.129600e-25 3.817778e-25 1.194738e-24 
2.090000e+00 8.110559e-25 3.808256e-25 1.191882e-24 
2.092000e+00 8.081132e-25 3.794954e-25 1.187609e-24 
2.094000e+00 8.060328e-25 3.784690e-25 1.184502e-24 
2.096000e+00 8.033862e-25 3.770869e-25 1.180473e-24 
2.098000e+00 8.012140e-25 3.760071e-25 1.177221e-24 
2.100000e+00 7.987474e-25 3.746758e-25 1.173423e-24 
2.102000e+00 7.965289e-25 3.738494e-25 1.170378e-24 
2.104000e+00 7.937024e-25 3.722064e-25 1.165909e-24 
2.106000e+00 7.912532e-25 3.713900e-25 1.162643e-24 
2.108000e+00 7.890682e-25 3.701254e-25 1.159194e-24 
2.110000e+00 7.863115e-25 3.691145e-25 1.155426e-24 
2.112000e+00 7.840008e-25 3.676829e-25 1.151684e-24 
2.114000e+00 7.815674e-25 3.667328e-25 1.148300e-24 
2.116000e+00 7.795170e-25 3.654403e-25 1.144957e-24 
2.118000e+00 7.767698e-25 3.645502e-25 1.141320e-24 
2.120000e+00 7.749027e-25 3.630602e-25 1.137963e-24 
2.122000e+00 7.721966e-25 3.623433e-25 1.134540e-24 
2.124000e+00 7.700426e-25 3.608983e-25 1.130941e-24 
2.126000e+00 7.673057e-25 3.598933e-25 1.127199e-24 
2.128000e+00 7.655678e-25 3.586092e-25 1.124177e-24 
2.130000e+00 7.627204e-25 3.575903e-25 1.120311e-24 
2.132000e+00 7.607553e-25 3.562128e-25 1.116968e-24 
2.134000e+00 7.580256e-25 3.551424e-25 1.113168e-24 
2.136000e+00 7.560268e-25 3.539219e-25 1.109949e-24 
2.138000e+00 7.538615e-25 3.528787e-25 1.106740e-24 
2.140000e+00 7.518003e-25 3.520386e-25 1.103839e-24 
2.142000e+00 7.494977e-25 3.506850e-25 1.100183e-24 
2.144000e+00 7.473104e-25 3.496710e-25 1.096981e-24 
2.146000e+00 7.453226e-25 3.488627e-25 1.094185e-24 
2.148000e+00 7.424867e-25 3.474528e-25 1.089939e-24 
2.150000e+00 7.407629e-25 3.466264e-25 1.087389e-24 
2.152000e+00 7.381502e-25 3.455598e-25 1.083710e-24 
2.154000e+00 7.360055e-25 3.441115e-25 1.080117e-24 
2.156000e+00 7.339468e-25 3.431790e-25 1.077126e-24 
2.158000e+00 7.313317e-25 3.423688e-25 1.073700e-24 
2.160000e+00 7.293883e-25 3.409053e-25 1.070294e-24 
2.162000e+00 7.275661e-25 3.401567e-25 1.067723e-24 
2.164000e+00 7.254604e-25 3.391566e-25 1.064617e-24 
2.166000e+00 7.232281e-25 3.381585e-25 1.061387e-24 
2.168000e+00 7.208741e-25 3.419241e-25 1.062798e-24 
2.170000e+00 7.187889e-25 3.358542e-25 1.054643e-24 
2.172000e+00 7.166891e-25 3.348734e-25 1.051563e-24 
2.174000e+00 7.148441e-25 3.336040e-25 1.048448e-24 
2.176000e+00 7.128752e-25 3.326001e-25 1.045475e-24 
2.178000e+00 7.097913e-25 3.317280e-25 1.041519e-24 
2.180000e+00 7.078543e-25 3.307557e-25 1.038610e-24 
2.182000e+00 7.058880e-25 3.295885e-25 1.035476e-24 
2.184000e+00 7.038870e-25 3.285320e-25 1.032419e-24 
2.186000e+00 7.021008e-25 3.275045e-25 1.029605e-24 
2.188000e+00 6.998864e-25 3.265412e-25 1.026428e-24 
2.190000e+00 6.973383e-25 3.252203e-25 1.022559e-24 
2.192000e+00 6.944927e-25 3.242412e-25 1.018734e-24 
2.194000e+00 6.934965e-25 3.234230e-25 1.016920e-24 
2.196000e+00 6.913430e-25 3.224631e-25 1.013806e-24 
2.198000e+00 6.896541e-25 3.214802e-25 1.011134e-24 
2.200000e+00 6.874773e-25 3.206018e-25 1.008079e-24 
2.202000e+00 6.850357e-25 3.196087e-25 1.004644e-24 
2.204000e+00 6.829985e-25 3.188241e-25 1.001823e-24 
2.206000e+00 6.808921e-25 3.177999e-25 9.986920e-25 
2.208000e+00 6.788351e-25 3.168020e-25 9.956370e-25 
2.210000e+00 6.767327e-25 3.156852e-25 9.924178e-25 
2.212000e+00 6.748979e-25 3.145903e-25 9.894883e-25 
2.214000e+00 6.730047e-25 3.137085e-25 9.867132e-25 
2.216000e+00 6.702215e-25 3.126565e-25 9.828780e-25 
2.218000e+00 6.677110e-25 3.117272e-25 9.794382e-25 
2.220000e+00 6.659073e-25 3.104983e-25 9.764055e-25 
2.222000e+00 6.641307e-25 3.100130e-25 9.741437e-25 
2.224000e+00 6.618998e-25 3.090836e-25 9.709834e-25 
2.226000e+00 6.597165e-25 3.081965e-25 9.679130e-25 
2.228000e+00 6.581306e-25 3.068385e-25 9.649691e-25 
2.230000e+00 6.562777e-25 3.054049e-25 9.616826e-25 
2.232000e+00 6.542748e-25 3.044883e-25 9.587632e-25 
2.234000e+00 6.523302e-25 3.036604e-25 9.559905e-25 
2.236000e+00 6.510213e-25 3.026791e-25 9.537004e-25 
2.238000e+00 6.493095e-25 3.018549e-25 9.511644e-25 
2.240000e+00 6.468488e-25 3.008814e-25 9.477302e-25 
2.242000e+00 6.448584e-25 2.998551e-25 9.447135e-25 
2.244000e+00 6.428811e-25 2.989915e-25 9.418726e-25 
2.246000e+00 6.415414e-25 2.981296e-25 9.396710e-25 
2.248000e+00 6.393023e-25 2.974039e-25 9.367062e-25 
2.250000e+00 6.372454e-25 2.961837e-25 9.334291e-25 
2.252000e+00 6.352965e-25 2.953864e-25 9.306829e-25 
2.254000e+00 6.334882e-25 2.946936e-25 9.281818e-25 
2.256000e+00 6.316095e-25 2.940659e-25 9.256754e-25 
2.258000e+00 6.296640e-25 2.930995e-25 9.227634e-25 
2.260000e+00 6.276733e-25 2.920676e-25 9.197409e-25 
2.262000e+00 6.263315e-25 2.911512e-25 9.174827e-25 
2.264000e+00 6.242800e-25 2.905208e-25 9.148008e-25 
2.266000e+00 6.225625e-25 2.894982e-25 9.120607e-25 
2.268000e+00 6.205180e-25 2.887215e-25 9.092395e-25 
2.270000e+00 6.185663e-25 2.874357e-25 9.060020e-25 
2.272000e+00 6.169489e-25 2.867925e-25 9.037413e-25 
2.274000e+00 6.154821e-25 2.855988e-25 9.010809e-25 
2.276000e+00 6.134030e-25 2.849832e-25 8.983862e-25 
2.278000e+00 6.115130e-25 2.843313e-25 8.958443e-25 
2.280000e+00 6.094403e-25 2.834874e-25 8.929277e-25 
2.282000e+00 6.079244e-25 2.827783e-25 8.907027e-25 
2.284000e+00 6.062109e-25 2.815864e-25 8.877973e-25 
2.286000e+00 6.047168e-25 2.808553e-25 8.855721e-25 
2.288000e+00 6.028971e-25 2.798657e-25 8.827628e-25 
2.290000e+00 6.011170e-25 2.790788e-25 8.801959e-25 
2.292000e+00 5.999067e-25 2.779508e-25 8.778575e-25 
2.294000e+00 5.979243e-25 2.774839e-25 8.754082e-25 
2.296000e+00 5.958597e-25 2.764809e-25 8.723406e-25 
2.298000e+00 5.942442e-25 2.757983e-25 8.700425e-25 
2.300000e+00 5.927711e-25 2.751204e-25 8.678915e-25 
2.302000e+00 5.909026e-25 2.744342e-25 8.653368e-25 
2.304000e+00 5.890708e-25 2.734701e-25 8.625409e-25 
2.306000e+00 5.878988e-25 2.727287e-25 8.606275e-25 
2.308000e+00 5.856872e-25 2.718850e-25 8.575722e-25 
2.310000e+00 5.843627e-25 2.709682e-25 8.553309e-25 
2.312000e+00 5.826338e-25 2.703340e-25 8.529677e-25 
2.314000e+00 5.813559e-25 2.697648e-25 8.511207e-25 
2.316000e+00 5.795553e-25 2.688118e-25 8.483671e-25 
2.318000e+00 5.780613e-25 2.679648e-25 8.460261e-25 
2.320000e+00 5.762173e-25 2.671260e-25 8.433433e-25 
2.322000e+00 5.743114e-25 2.665288e-25 8.408403e-25 
2.324000e+00 5.727976e-25 2.657666e-25 8.385641e-25 
2.326000e+00 5.710980e-25 2.646155e-25 8.357136e-25 
2.328000e+00 5.689421e-25 2.642943e-25 8.332365e-25 
2.330000e+00 5.677479e-25 2.632987e-25 8.310466e-25 
2.332000e+00 5.657594e-25 2.624399e-25 8.281993e-25 
2.334000e+00 5.641173e-25 2.619618e-25 8.260791e-25 
2.336000e+00 5.627051e-25 2.611070e-25 8.238121e-25 
2.338000e+00 5.612181e-25 2.600789e-25 8.212970e-25 
2.340000e+00 5.595565e-25 2.597320e-25 8.192886e-25 
2.342000e+00 5.583456e-25 2.588406e-25 8.171862e-25 
2.344000e+00 5.566653e-25 2.578505e-25 8.145158e-25 
2.346000e+00 5.551064e-25 2.574912e-25 8.125975e-25 
2.348000e+00 5.535714e-25 2.565024e-25 8.100739e-25 
2.350000e+00 5.521490e-25 2.560409e-25 8.081898e-25 
2.352000e+00 5.506201e-25 2.549995e-25 8.056196e-25 
2.354000e+00 5.494313e-25 2.546977e-25 8.041291e-25 
2.356000e+00 5.476497e-25 2.535315e-25 8.011813e-25 
2.358000e+00 5.464555e-25 2.530992e-25 7.995547e-25 
2.360000e+00 5.443454e-25 2.522578e-25 7.966032e-25 
2.362000e+00 5.427236e-25 2.515118e-25 7.942354e-25 
2.364000e+00 5.413453e-25 2.509928e-25 7.923381e-25 
2.366000e+00 5.400223e-25 2.501466e-25 7.901689e-25 
2.368000e+00 5.380221e-25 2.495308e-25 7.875529e-25 
2.370000e+00 5.368888e-25 2.488114e-25 7.857002e-25 
2.372000e+00 5.348889e-25 2.480748e-25 7.829638e-25 
2.374000e+00 5.334393e-25 2.475704e-25 7.810097e-25 
2.376000e+00 5.320514e-25 2.466109e-25 7.786623e-25 
2.378000e+00 5.309544e-25 2.461952e-25 7.771496e-25 
2.380000e+00 5.291280e-25 2.454644e-25 7.745924e-25 
2.382000e+00 5.276015e-25 2.448891e-25 7.724906e-25 
2.384000e+00 5.263504e-25 2.439395e-25 7.702899e-25 
2.386000e+00 5.246152e-25 2.433537e-25 7.679689e-25 
2.388000e+00 5.231925e-25 2.424340e-25 7.656265e-25 
2.390000e+00 5.217538e-25 2.420466e-25 7.638004e-25 
2.392000e+00 5.203007e-25 2.409618e-25 7.612624e-25 
2.394000e+00 5.187269e-25 2.407315e-25 7.594585e-25 
2.396000e+00 5.171005e-25 2.396882e-25 7.567887e-25 
2.398000e+00 5.157638e-25 2.391766e-25 7.549404e-25 
2.400000e+00 5.144431e-25 2.386932e-25 7.531362e-25 
2.402000e+00 5.132122e-25 2.378989e-25 7.511110e-25 
2.404000e+00 5.120683e-25 2.373031e-25 7.493714e-25 
2.406000e+00 5.100328e-25 2.363545e-25 7.463872e-25 
2.408000e+00 5.086424e-25 2.358378e-25 7.444802e-25 
2.410000e+00 5.076620e-25 2.354749e-25 7.431369e-25 
2.412000e+00 5.062387e-25 2.344462e-25 7.406849e-25 
2.414000e+00 5.050411e-25 2.339550e-25 7.389961e-25 
2.416000e+00 5.032198e-25 2.335267e-25 7.367465e-25 
2.418000e+00 5.017225e-25 2.326874e-25 7.344099e-25 
2.420000e+00 5.007419e-25 2.322047e-25 7.329466e-25 
2.422000e+00 4.992050e-25 2.312392e-25 7.304442e-25 
2.424000e+00 4.982497e-25 2.306976e-25 7.289473e-25 
2.426000e+00 4.963595e-25 2.303439e-25 7.267034e-25 
2.428000e+00 4.949492e-25 2.295944e-25 7.245435e-25 
2.430000e+00 4.939953e-25 2.289796e-25 7.229749e-25 
2.432000e+00 4.922444e-25 2.283977e-25 7.206420e-25 
2.434000e+00 4.910590e-25 2.274820e-25 7.185410e-25 
2.436000e+00 4.898490e-25 2.270896e-25 7.169386e-25 
2.438000e+00 4.883714e-25 2.265230e-25 7.148945e-25 
2.440000e+00 4.870842e-25 2.256885e-25 7.127727e-25 
2.442000e+00 4.858777e-25 2.249496e-25 7.108272e-25 
2.444000e+00 4.848815e-25 2.243856e-25 7.092671e-25 
2.446000e+00 4.836050e-25 2.238253e-25 7.074304e-25 
2.448000e+00 4.818185e-25 2.232992e-25 7.051177e-25 
2.450000e+00 4.800748e-25 2.227629e-25 7.028377e-25 
2.452000e+00 4.790506e-25 2.217816e-25 7.008323e-25 
2.454000e+00 4.778344e-25 2.198027e-25 6.976371e-25 
2.456000e+00 4.766277e-25 2.209334e-25 6.975612e-25 
2.458000e+00 4.754782e-25 2.201111e-25 6.955893e-25 
2.460000e+00 4.738746e-25 2.194400e-25 6.933146e-25 
2.462000e+00 4.726519e-25 2.191240e-25 6.917759e-25 
2.464000e+00 4.714544e-25 2.183803e-25 6.898347e-25 
2.466000e+00 4.700814e-25 2.177809e-25 6.878623e-25 
2.468000e+00 4.689622e-25 2.171877e-25 6.861500e-25 
2.470000e+00 4.673385e-25 2.164962e-25 6.838347e-25 
2.472000e+00 4.665195e-25 2.162613e-25 6.827808e-25 
2.474000e+00 4.651039e-25 2.155667e-25 6.806706e-25 
2.476000e+00 4.636728e-25 2.146857e-25 6.783584e-25 
2.478000e+00 4.621087e-25 2.143656e-25 6.764742e-25 
2.480000e+00 4.610440e-25 2.137449e-25 6.747889e-25 
2.482000e+00 4.585527e-25 2.132568e-25 6.718094e-25 
2.484000e+00 4.572943e-25 2.125629e-25 6.698572e-25 
2.486000e+00 4.566923e-25 2.116306e-25 6.683229e-25 
2.488000e+00 4.552768e-25 2.107379e-25 6.660148e-25 
2.490000e+00 4.541662e-25 2.104079e-25 6.645741e-25 
2.492000e+00 4.532444e-25 2.097335e-25 6.629779e-25 
2.494000e+00 4.515040e-25 2.092079e-25 6.607119e-25 
2.496000e+00 4.503424e-25 2.085801e-25 6.589225e-25 
2.498000e+00 4.490287e-25 2.080757e-25 6.571043e-25 
2.500000e+00 4.478871e-25 2.074846e-25 6.553718e-25 
2.502000e+00 4.464716e-25 2.069753e-25 6.534469e-25 
2.504000e+00 4.450405e-25 2.063684e-25 6.514089e-25 
2.506000e+00 4.436587e-25 2.055301e-25 6.491888e-25 
2.508000e+00 4.432499e-25 2.051652e-25 6.484151e-25 
2.510000e+00 4.417966e-25 2.045304e-25 6.463271e-25 
2.512000e+00 4.406381e-25 2.040252e-25 6.446633e-25 
2.514000e+00 4.393623e-25 2.035021e-25 6.428644e-25 
2.516000e+00 4.382364e-25 2.030225e-25 6.412589e-25 
2.518000e+00 4.368664e-25 2.025277e-25 6.393940e-25 
2.520000e+00 4.357018e-25 2.019581e-25 6.376599e-25 
2.522000e+00 4.343267e-25 2.014556e-25 6.357823e-25 
2.524000e+00 4.335928e-25 2.006457e-25 6.342385e-25 
2.526000e+00 4.324093e-25 2.000816e-25 6.324910e-25 
2.528000e+00 4.311319e-25 1.995919e-25 6.307238e-25 
2.530000e+00 4.297272e-25 1.990736e-25 6.288008e-25 
2.532000e+00 4.288634e-25 1.985976e-25 6.274610e-25 
2.534000e+00 4.276853e-25 1.978736e-25 6.255589e-25 
2.536000e+00 4.262951e-25 1.975909e-25 6.238860e-25 
2.538000e+00 4.251446e-25 1.970536e-25 6.221981e-25 
2.540000e+00 4.238510e-25 1.964445e-25 6.202955e-25 
2.542000e+00 4.225478e-25 1.960093e-25 6.185571e-25 
2.544000e+00 4.218127e-25 1.954770e-25 6.172897e-25 
2.546000e+00 4.206411e-25 1.949631e-25 6.156042e-25 
2.548000e+00 4.193869e-25 1.945658e-25 6.139527e-25 
2.550000e+00 4.188674e-25 1.938320e-25 6.126994e-25 
2.552000e+00 4.175347e-25 1.933862e-25 6.109209e-25 
2.554000e+00 4.162011e-25 1.928878e-25 6.090889e-25 
2.556000e+00 4.154259e-25 1.923266e-25 6.077525e-25 
2.558000e+00 4.141290e-25 1.918795e-25 6.060085e-25 
2.560000e+00 4.130073e-25 1.914002e-25 6.044075e-25 
2.562000e+00 4.122311e-25 1.910118e-25 6.032429e-25 
2.564000e+00 4.110205e-25 1.901180e-25 6.011385e-25 
2.566000e+00 4.098115e-25 1.896602e-25 5.994717e-25 
2.568000e+00 4.086711e-25 1.890053e-25 5.976764e-25 
2.570000e+00 4.076141e-25 1.884838e-25 5.960979e-25 
2.572000e+00 4.063905e-25 1.880917e-25 5.944822e-25 
2.574000e+00 4.052453e-25 1.878776e-25 5.931230e-25 
2.576000e+00 4.040405e-25 1.873710e-25 5.914115e-25 
2.578000e+00 4.028594e-25 1.867192e-25 5.895786e-25 
2.580000e+00 4.019317e-25 1.862485e-25 5.881802e-25 
2.582000e+00 4.006783e-25 1.857992e-25 5.864776e-25 
2.584000e+00 3.994917e-25 1.851805e-25 5.846722e-25 
2.586000e+00 3.988401e-25 1.847586e-25 5.835987e-25 
2.588000e+00 3.976563e-25 1.843067e-25 5.819630e-25 
2.590000e+00 3.965419e-25 1.838009e-25 5.803428e-25 
2.592000e+00 3.954056e-25 1.832372e-25 5.786428e-25 
2.594000e+00 3.941987e-25 1.826606e-25 5.768593e-25 
2.596000e+00 3.937307e-25 1.821748e-25 5.759055e-25 
2.598000e+00 3.926082e-25 1.820641e-25 5.746723e-25 
2.600000e+00 3.912397e-25 1.816913e-25 5.729310e-25 
2.602000e+00 3.904356e-25 1.809991e-25 5.714347e-25 
2.604000e+00 3.893653e-25 1.804772e-25 5.698426e-25 
2.606000e+00 3.884478e-25 1.801459e-25 5.685938e-25 
2.608000e+00 3.873315e-25 1.795524e-25 5.668839e-25 
2.610000e+00 3.864418e-25 1.789821e-25 5.654239e-25 
2.612000e+00 3.859554e-25 1.785362e-25 5.644917e-25 
2.614000e+00 3.846314e-25 1.781588e-25 5.627902e-25 
2.616000e+00 3.832436e-25 1.774785e-25 5.607220e-25 
2.618000e+00 3.823584e-25 1.773079e-25 5.596663e-25 
2.620000e+00 3.815776e-25 1.768592e-25 5.584368e-25 
2.622000e+00 3.805443e-25 1.764138e-25 5.569580e-25 
2.624000e+00 3.793306e-25 1.759586e-25 5.552892e-25 
2.626000e+00 3.782273e-25 1.753692e-25 5.535965e-25 
2.628000e+00 3.774780e-25 1.748508e-25 5.523288e-25 
2.630000e+00 3.760673e-25 1.742388e-25 5.503061e-25 
2.632000e+00 3.752866e-25 1.737228e-25 5.490094e-25 
2.634000e+00 3.743098e-25 1.735894e-25 5.478991e-25 
2.636000e+00 3.731146e-25 1.732415e-25 5.463561e-25 
2.638000e+00 3.723173e-25 1.726157e-25 5.449330e-25 
2.640000e+00 3.716087e-25 1.721528e-25 5.437615e-25 
2.642000e+00 3.701775e-25 1.717285e-25 5.419060e-25 
2.644000e+00 3.696920e-25 1.715202e-25 5.412122e-25 
2.646000e+00 3.684248e-25 1.709245e-25 5.393493e-25 
2.648000e+00 3.674692e-25 1.704433e-25 5.379125e-25 
2.650000e+00 3.669095e-25 1.699707e-25 5.368802e-25 
2.652000e+00 3.656431e-25 1.695345e-25 5.351776e-25 
2.654000e+00 3.649025e-25 1.693783e-25 5.342807e-25 
2.656000e+00 3.636359e-25 1.687635e-25 5.323994e-25 
2.658000e+00 3.629847e-25 1.682204e-25 5.312051e-25 
2.660000e+00 3.615196e-25 1.677166e-25 5.292362e-25 
2.662000e+00 3.611222e-25 1.673369e-25 5.284591e-25 
2.664000e+00 3.599287e-25 1.671326e-25 5.270612e-25 
2.666000e+00 3.591396e-25 1.665899e-25 5.257295e-25 
2.668000e+00 3.580534e-25 1.660942e-25 5.241476e-25 
2.670000e+00 3.570659e-25 1.654558e-25 5.225217e-25 
2.672000e+00 3.560441e-25 1.651632e-25 5.212073e-25 
2.674000e+00 3.556132e-25 1.649212e-25 5.205344e-25 
2.676000e+00 3.541077e-25 1.644898e-25 5.185975e-25 
2.678000e+00 3.532688e-25 1.639522e-25 5.172210e-25 
2.680000e+00 3.525952e-25 1.633359e-25 5.159311e-25 
2.682000e+00 3.515108e-25 1.630020e-25 5.145127e-25 
2.684000e+00 3.507761e-25 1.627684e-25 5.135445e-25 
2.686000e+00 3.499442e-25 1.623828e-25 5.123269e-25 
2.688000e+00 3.487653e-25 1.617871e-25 5.105524e-25 
2.690000e+00 3.479245e-25 1.611796e-25 5.091041e-25 
2.692000e+00 3.469481e-25 1.610641e-25 5.080123e-25 
2.694000e+00 3.460830e-25 1.605471e-25 5.066300e-25 
2.696000e+00 3.455187e-25 1.601267e-25 5.056455e-25 
2.698000e+00 3.442146e-25 1.599623e-25 5.041769e-25 
2.700000e+00 3.434507e-25 1.595007e-25 5.029514e-25 
2.702000e+00 3.426744e-25 1.589737e-25 5.016480e-25 
2.704000e+00 3.415968e-25 1.587868e-25 5.003836e-25 
2.706000e+00 3.409871e-25 1.582581e-25 4.992452e-25 
2.708000e+00 3.401217e-25 1.576677e-25 4.977894e-25 
2.710000e+00 3.395211e-25 1.575579e-25 4.970790e-25 
2.712000e+00 3.381117e-25 1.571250e-25 4.952366e-25 
2.714000e+00 3.375481e-25 1.566750e-25 4.942231e-25 
2.716000e+00 3.367874e-25 1.565014e-25 4.932889e-25 
2.718000e+00 3.361650e-25 1.558962e-25 4.920612e-25 
2.720000e+00 3.353450e-25 1.554052e-25 4.907503e-25 
2.722000e+00 3.343303e-25 1.552093e-25 4.895396e-25 
2.724000e+00 3.332940e-25 1.546873e-25 4.879813e-25 
2.726000e+00 3.326389e-25 1.542129e-25 4.868518e-25 
2.728000e+00 3.315234e-25 1.539825e-25 4.855059e-25 
2.730000e+00 3.309949e-25 1.535113e-25 4.845061e-25 
2.732000e+00 3.300527e-25 1.530519e-25 4.831047e-25 
2.734000e+00 3.293353e-25 1.528694e-25 4.822047e-25 
2.736000e+00 3.279441e-25 1.524650e-25 4.804091e-25 
2.738000e+00 3.274211e-25 1.519218e-25 4.793430e-25 
2.740000e+00 3.267276e-25 1.517793e-25 4.785069e-25 
2.742000e+00 3.260299e-25 1.511715e-25 4.772014e-25 
2.744000e+00 3.251345e-25 1.507158e-25 4.758503e-25 
2.746000e+00 3.239834e-25 1.504616e-25 4.744450e-25 
2.748000e+00 3.233389e-25 1.500502e-25 4.733891e-25 
2.750000e+00 3.224977e-25 1.495263e-25 4.720240e-25 
2.752000e+00 3.214034e-25 1.493302e-25 4.707336e-25 
2.754000e+00 3.207991e-25 1.489038e-25 4.697029e-25 
2.756000e+00 3.199392e-25 1.486176e-25 4.685568e-25 
2.758000e+00 3.193034e-25 1.483067e-25 4.676102e-25 
2.760000e+00 3.184786e-25 1.477425e-25 4.662210e-25 
2.762000e+00 3.172490e-25 1.474832e-25 4.647322e-25 
2.764000e+00 3.167618e-25 1.469956e-25 4.637575e-25 
2.766000e+00 3.158516e-25 1.468304e-25 4.626820e-25 
2.768000e+00 3.151723e-25 1.463571e-25 4.615294e-25 
2.770000e+00 3.145705e-25 1.461437e-25 4.607142e-25 
2.772000e+00 3.138317e-25 1.457470e-25 4.595787e-25 
2.774000e+00 3.131006e-25 1.451756e-25 4.582762e-25 
2.776000e+00 3.119785e-25 1.450581e-25 4.570366e-25 
2.778000e+00 3.113651e-25 1.445830e-25 4.559480e-25 
2.780000e+00 3.105201e-25 1.442919e-25 4.548120e-25 
2.782000e+00 3.099353e-25 1.438968e-25 4.538321e-25 
2.784000e+00 3.091694e-25 1.437123e-25 4.528817e-25 
2.786000e+00 3.083686e-25 1.431890e-25 4.515576e-25 
2.788000e+00 3.075922e-25 1.430018e-25 4.505940e-25 
2.790000e+00 3.070645e-25 1.425341e-25 4.495986e-25 
2.792000e+00 3.056719e-25 1.420203e-25 4.476922e-25 
2.794000e+00 3.051398e-25 1.418825e-25 4.470223e-25 
2.796000e+00 3.043765e-25 1.413543e-25 4.457308e-25 
2.798000e+00 3.036109e-25 1.411625e-25 4.447734e-25 
2.800000e+00 3.029270e-25 1.406720e-25 4.435990e-25 
2.802000e+00 3.023038e-25 1.404540e-25 4.427578e-25 
2.804000e+00 3.015795e-25 1.401188e-25 4.416983e-25 
2.806000e+00 3.010540e-25 1.398731e-25 4.409271e-25 
2.808000e+00 3.001565e-25 1.393236e-25 4.394801e-25 
2.810000e+00 2.992087e-25 1.388847e-25 4.380934e-25 
2.812000e+00 2.984334e-25 1.387034e-25 4.371368e-25 
2.814000e+00 2.975967e-25 1.381664e-25 4.357631e-25 
2.816000e+00 2.971190e-25 1.380897e-25 4.352087e-25 
2.818000e+00 2.962852e-25 1.375059e-25 4.337911e-25 
2.820000e+00 2.954496e-25 1.373651e-25 4.328147e-25 
2.822000e+00 2.949337e-25 1.369600e-25 4.318936e-25 
2.824000e+00 2.941478e-25 1.367220e-25 4.308698e-25 
2.826000e+00 2.935259e-25 1.362815e-25 4.298075e-25 
2.828000e+00 2.927560e-25 1.359697e-25 4.287257e-25 
2.830000e+00 2.914387e-25 1.356205e-25 4.270592e-25 
2.832000e+00 2.909021e-25 1.353529e-25 4.262550e-25 
2.834000e+00 2.902461e-25 1.348497e-25 4.250958e-25 
2.836000e+00 2.894787e-25 1.347294e-25 4.242081e-25 
2.838000e+00 2.885670e-25 1.345091e-25 4.230760e-25 
2.840000e+00 2.880617e-25 1.341419e-25 4.222036e-25 
2.842000e+00 2.874049e-25 1.339126e-25 4.213174e-25 
2.844000e+00 2.866295e-25 1.334469e-25 4.200764e-25 
2.846000e+00 2.861639e-25 1.332275e-25 4.193913e-25 
2.848000e+00 2.851690e-25 1.326952e-25 4.178642e-25 
2.850000e+00 2.847027e-25 1.324487e-25 4.171515e-25 
2.852000e+00 2.841201e-25 1.320774e-25 4.161975e-25 
2.854000e+00 2.831783e-25 1.318220e-25 4.150003e-25 
2.856000e+00 2.824259e-25 1.313517e-25 4.137776e-25 
2.858000e+00 2.816741e-25 1.311284e-25 4.128026e-25 
2.860000e+00 2.810036e-25 1.307469e-25 4.117504e-25 
2.862000e+00 2.804647e-25 1.305462e-25 4.110110e-25 
2.864000e+00 2.796961e-25 1.303300e-25 4.100261e-25 
2.866000e+00 2.788457e-25 1.298027e-25 4.086485e-25 
2.868000e+00 2.782067e-25 1.297444e-25 4.079511e-25 
2.870000e+00 2.775804e-25 1.292424e-25 4.068228e-25 
2.872000e+00 2.769878e-25 1.290834e-25 4.060711e-25 
2.874000e+00 2.765327e-25 1.286430e-25 4.051757e-25 
2.876000e+00 2.758118e-25 1.284443e-25 4.042561e-25 
2.878000e+00 2.751970e-25 1.279805e-25 4.031774e-25 
2.880000e+00 2.744979e-25 1.275998e-25 4.020977e-25 
2.882000e+00 2.737859e-25 1.268257e-25 4.006116e-25 
2.884000e+00 2.731332e-25 1.270302e-25 4.001634e-25 
2.886000e+00 2.724425e-25 1.269262e-25 3.993687e-25 
2.888000e+00 2.716799e-25 1.263387e-25 3.980186e-25 
2.890000e+00 2.710346e-25 1.262511e-25 3.972857e-25 
2.892000e+00 2.688412e-25 1.260438e-25 3.948850e-25 
2.894000e+00 2.700328e-25 1.254841e-25 3.955169e-25 
2.896000e+00 2.695264e-25 1.253577e-25 3.948841e-25 
2.898000e+00 2.689501e-25 1.251190e-25 3.940692e-25 
2.900000e+00 2.680598e-25 1.246542e-25 3.927139e-25 
2.902000e+00 2.673029e-25 1.245898e-25 3.918927e-25 
2.904000e+00 2.666221e-25 1.243101e-25 3.909322e-25 
2.906000e+00 2.661262e-25 1.238642e-25 3.899904e-25 
2.908000e+00 2.653525e-25 1.236663e-25 3.890189e-25 
2.910000e+00 2.649829e-25 1.232879e-25 3.882708e-25 
2.912000e+00 2.643876e-25 1.230662e-25 3.874537e-25 
2.914000e+00 2.637218e-25 1.228521e-25 3.865739e-25 
2.916000e+00 2.641097e-25 1.223325e-25 3.864422e-25 
2.918000e+00 2.625109e-25 1.227317e-25 3.852426e-25 
2.920000e+00 2.615434e-25 1.220032e-25 3.835466e-25 
2.922000e+00 2.610757e-25 1.215940e-25 3.826697e-25 
2.924000e+00 2.601730e-25 1.214021e-25 3.815751e-25 
2.926000e+00 2.600390e-25 1.212313e-25 3.812703e-25 
2.928000e+00 2.592321e-25 1.207720e-25 3.800041e-25 
2.930000e+00 2.585617e-25 1.204587e-25 3.790204e-25 
2.932000e+00 2.580838e-25 1.202991e-25 3.783829e-25 
2.934000e+00 2.572879e-25 1.199065e-25 3.771944e-25 
2.936000e+00 2.565875e-25 1.196673e-25 3.762548e-25 
2.938000e+00 2.560868e-25 1.195281e-25 3.756149e-25 
2.940000e+00 2.557229e-25 1.190448e-25 3.747678e-25 
2.942000e+00 2.549713e-25 1.188644e-25 3.738357e-25 
2.944000e+00 2.541903e-25 1.186138e-25 3.728041e-25 
2.946000e+00 2.535093e-25 1.181310e-25 3.716402e-25 
2.948000e+00 2.528248e-25 1.180248e-25 3.708496e-25 
2.950000e+00 2.524019e-25 1.177586e-25 3.701606e-25 
2.952000e+00 2.515701e-25 1.174567e-25 3.690268e-25 
2.954000e+00 2.513864e-25 1.171381e-25 3.685245e-25 
2.956000e+00 2.506188e-25 1.168988e-25 3.675177e-25 
2.958000e+00 2.499743e-25 1.167666e-25 3.667409e-25 
2.960000e+00 2.493015e-25 1.163192e-25 3.656207e-25 
2.962000e+00 2.490315e-25 1.161415e-25 3.651730e-25 
2.964000e+00 2.482387e-25 1.158863e-25 3.641250e-25 
2.966000e+00 2.475954e-25 1.155228e-25 3.631182e-25 
2.968000e+00 2.471958e-25 1.152494e-25 3.624452e-25 
2.970000e+00 2.467032e-25 1.151184e-25 3.618216e-25 
2.972000e+00 2.460014e-25 1.148945e-25 3.608958e-25 
2.974000e+00 2.453746e-25 1.144439e-25 3.598185e-25 
2.976000e+00 2.446631e-25 1.142916e-25 3.589547e-25 
2.978000e+00 2.443962e-25 1.140245e-25 3.584206e-25 
2.980000e+00 2.436525e-25 1.135538e-25 3.572063e-25 
2.982000e+00 2.428617e-25 1.133435e-25 3.562052e-25 
2.984000e+00 2.423377e-25 1.132532e-25 3.555910e-25 
2.986000e+00 2.419001e-25 1.130078e-25 3.549079e-25 
2.988000e+00 2.413636e-25 1.125180e-25 3.538815e-25 
2.990000e+00 2.407633e-25 1.124687e-25 3.532320e-25 
2.992000e+00 2.404639e-25 1.121810e-25 3.526449e-25 
2.994000e+00 2.398532e-25 1.118036e-25 3.516568e-25 
2.996000e+00 2.390420e-25 1.116323e-25 3.506743e-25 
2.998000e+00 2.383576e-25 1.112865e-25 3.496441e-25 
