1.000000e-01 1.753630e-22 2.090031e-22 3.843661e-22 
1.020000e-01 1.746489e-22 2.073420e-22 3.819909e-22 
1.040000e-01 1.734465e-22 2.054218e-22 3.788684e-22 
1.060000e-01 1.717992e-22 2.036863e-22 3.754855e-22 
1.080000e-01 1.696430e-22 2.018315e-22 3.714744e-22 
1.100000e-01 1.667973e-22 1.998525e-22 3.666498e-22 
1.120000e-01 1.628410e-22 1.979985e-22 3.608395e-22 
1.140000e-01 1.564520e-22 1.960050e-22 3.524569e-22 
1.160000e-01 1.391867e-22 1.938851e-22 3.330718e-22 
1.180000e-01 1.560737e-22 1.919588e-22 3.480326e-22 
1.200000e-01 1.619828e-22 1.899381e-22 3.519209e-22 
1.220000e-01 1.647664e-22 1.877632e-22 3.525297e-22 
1.240000e-01 1.664498e-22 1.856885e-22 3.521382e-22 
1.260000e-01 1.675804e-22 1.835439e-22 3.511243e-22 
1.280000e-01 1.683400e-22 1.813582e-22 3.496983e-22 
1.300000e-01 1.688222e-22 1.791638e-22 3.479860e-22 
1.320000e-01 1.691300e-22 1.769368e-22 3.460667e-22 
1.340000e-01 1.692871e-22 1.746512e-22 3.439383e-22 
1.360000e-01 1.693150e-22 1.723848e-22 3.416998e-22 
1.380000e-01 1.692312e-22 1.700232e-22 3.392544e-22 
1.400000e-01 1.690246e-22 1.677002e-22 3.367249e-22 
1.420000e-01 1.687841e-22 1.652776e-22 3.340617e-22 
1.440000e-01 1.684638e-22 1.628609e-22 3.313248e-22 
1.460000e-01 1.680657e-22 1.604052e-22 3.284709e-22 
1.480000e-01 1.675915e-22 1.579683e-22 3.255598e-22 
1.500000e-01 1.670698e-22 1.554920e-22 3.225618e-22 
1.520000e-01 1.664822e-22 1.529493e-22 3.194315e-22 
1.540000e-01 1.658059e-22 1.504850e-22 3.162909e-22 
1.560000e-01 1.650487e-22 1.479577e-22 3.130064e-22 
1.580000e-01 1.641894e-22 1.453550e-22 3.095444e-22 
1.600000e-01 1.632415e-22 1.428523e-22 3.060938e-22 
1.620000e-01 1.621230e-22 1.402527e-22 3.023757e-22 
1.640000e-01 1.606666e-22 1.376196e-22 2.982861e-22 
1.660000e-01 1.584291e-22 1.350556e-22 2.934847e-22 
1.680000e-01 1.532278e-22 1.325233e-22 2.857511e-22 
1.700000e-01 1.553077e-22 1.300169e-22 2.853246e-22 
1.720000e-01 1.569974e-22 1.274778e-22 2.844752e-22 
1.740000e-01 1.575453e-22 1.249166e-22 2.824619e-22 
1.760000e-01 1.577272e-22 1.223685e-22 2.800957e-22 
1.780000e-01 1.577515e-22 1.198266e-22 2.775780e-22 
1.800000e-01 1.576801e-22 1.172795e-22 2.749596e-22 
1.820000e-01 1.575425e-22 1.147389e-22 2.722814e-22 
1.840000e-01 1.573706e-22 1.122053e-22 2.695760e-22 
1.860000e-01 1.571714e-22 1.096881e-22 2.668595e-22 
1.880000e-01 1.569622e-22 1.071388e-22 2.641011e-22 
1.900000e-01 1.567485e-22 1.046253e-22 2.613738e-22 
1.920000e-01 1.565886e-22 1.021164e-22 2.587050e-22 
1.940000e-01 1.565639e-22 9.965229e-23 2.562162e-22 
1.960000e-01 1.567907e-22 9.717438e-23 2.539651e-22 
1.980000e-01 1.580374e-22 9.472990e-23 2.527674e-22 
2.000000e-01 1.602687e-22 9.229764e-23 2.525664e-22 
2.020000e-01 1.570624e-22 8.991308e-23 2.469755e-22 
2.040000e-01 1.554764e-22 8.755639e-23 2.430328e-22 
2.060000e-01 1.542055e-22 8.514375e-23 2.393493e-22 
2.080000e-01 1.530778e-22 8.276158e-23 2.358394e-22 
2.100000e-01 1.520147e-22 8.039051e-23 2.324052e-22 
2.120000e-01 1.509958e-22 7.797827e-23 2.289740e-22 
2.140000e-01 1.500172e-22 7.556767e-23 2.255848e-22 
2.160000e-01 1.490532e-22 7.315966e-23 2.222128e-22 
2.180000e-01 1.480941e-22 7.070869e-23 2.188028e-22 
2.200000e-01 1.471853e-22 6.837411e-23 2.155594e-22 
2.220000e-01 1.462856e-22 6.606189e-23 2.123475e-22 
2.240000e-01 1.453526e-22 6.376462e-23 2.091173e-22 
2.260000e-01 1.444134e-22 6.145769e-23 2.058711e-22 
2.280000e-01 1.434464e-22 5.907869e-23 2.025251e-22 
2.300000e-01 1.424854e-22 5.675954e-23 1.992450e-22 
2.320000e-01 1.415336e-22 5.440772e-23 1.959413e-22 
2.340000e-01 1.405648e-22 5.203097e-23 1.925958e-22 
2.360000e-01 1.395982e-22 4.967234e-23 1.892706e-22 
2.380000e-01 1.386231e-22 4.730051e-23 1.859236e-22 
2.400000e-01 1.376244e-22 4.532784e-23 1.829522e-22 
2.420000e-01 1.366512e-22 4.373653e-23 1.803877e-22 
2.440000e-01 1.356673e-22 4.222221e-23 1.778895e-22 
2.460000e-01 1.347046e-22 4.036119e-23 1.750658e-22 
2.480000e-01 1.337468e-22 3.824716e-23 1.719939e-22 
2.500000e-01 1.327891e-22 3.586354e-23 1.686527e-22 
2.520000e-01 1.318366e-22 3.306508e-23 1.649017e-22 
2.540000e-01 1.308737e-22 3.008530e-23 1.609590e-22 
2.560000e-01 1.226147e-22 2.696981e-23 1.495845e-22 
2.580000e-01 1.289503e-22 2.360080e-23 1.525511e-22 
2.600000e-01 1.279860e-22 1.958383e-23 1.475699e-22 
2.620000e-01 1.270169e-22 1.508253e-23 1.420994e-22 
2.640000e-01 1.260453e-22 1.017659e-23 1.362219e-22 
2.660000e-01 1.250812e-22 5.892838e-24 1.309740e-22 
2.680000e-01 1.241110e-22 2.539377e-24 1.266504e-22 
2.700000e-01 1.231578e-22 5.228686e-25 1.236807e-22 
2.720000e-01 1.222001e-22 4.396856e-25 1.226398e-22 
2.740000e-01 1.212620e-22 2.737507e-24 1.239995e-22 
2.760000e-01 1.203257e-22 7.966624e-24 1.282923e-22 
2.780000e-01 1.194010e-22 1.428441e-23 1.336854e-22 
2.800000e-01 1.184657e-22 3.193604e-23 1.504017e-22 
2.820000e-01 1.175278e-22 3.906227e-23 1.565900e-22 
2.840000e-01 1.165731e-22 3.668053e-23 1.532537e-22 
2.860000e-01 1.156230e-22 3.437555e-23 1.499985e-22 
2.880000e-01 1.146609e-22 3.303571e-23 1.476967e-22 
2.900000e-01 1.137023e-22 3.260214e-23 1.463045e-22 
2.920000e-01 1.127328e-22 3.290069e-23 1.456335e-22 
2.940000e-01 1.117729e-22 3.382884e-23 1.456017e-22 
2.960000e-01 1.108025e-22 3.507667e-23 1.458791e-22 
2.980000e-01 1.098401e-22 3.662390e-23 1.464640e-22 
3.000000e-01 1.088746e-22 3.809013e-23 1.469648e-22 
3.020000e-01 1.079101e-22 3.923813e-23 1.471482e-22 
3.040000e-01 1.069381e-22 4.008025e-23 1.470184e-22 
3.060000e-01 1.059745e-22 4.075418e-23 1.467286e-22 
3.080000e-01 1.050024e-22 4.142055e-23 1.464230e-22 
3.100000e-01 1.040400e-22 4.182197e-23 1.458620e-22 
3.120000e-01 1.030672e-22 4.215122e-23 1.452185e-22 
3.140000e-01 1.021059e-22 4.223266e-23 1.443386e-22 
3.160000e-01 1.011383e-22 4.214355e-23 1.432818e-22 
3.180000e-01 1.001790e-22 4.184656e-23 1.420255e-22 
3.200000e-01 9.921795e-23 4.166588e-23 1.408838e-22 
3.220000e-01 9.825978e-23 4.155195e-23 1.398117e-22 
3.240000e-01 9.731094e-23 4.163013e-23 1.389411e-22 
3.260000e-01 9.635506e-23 4.176164e-23 1.381167e-22 
3.280000e-01 9.541305e-23 4.184229e-23 1.372553e-22 
3.300000e-01 9.446902e-23 4.192647e-23 1.363955e-22 
3.320000e-01 9.354126e-23 4.196366e-23 1.355049e-22 
3.340000e-01 9.261945e-23 4.199931e-23 1.346188e-22 
3.360000e-01 9.170563e-23 4.197872e-23 1.336844e-22 
3.380000e-01 9.079451e-23 4.195303e-23 1.327475e-22 
3.400000e-01 8.988109e-23 4.189076e-23 1.317719e-22 
3.420000e-01 8.897515e-23 4.183692e-23 1.308121e-22 
3.440000e-01 8.805937e-23 4.179963e-23 1.298590e-22 
3.460000e-01 8.715598e-23 4.175783e-23 1.289138e-22 
3.480000e-01 8.624732e-23 4.169467e-23 1.279420e-22 
3.500000e-01 8.533987e-23 4.162544e-23 1.269653e-22 
3.520000e-01 8.443749e-23 4.153242e-23 1.259699e-22 
3.540000e-01 8.353308e-23 4.143615e-23 1.249692e-22 
3.560000e-01 8.264355e-23 4.132842e-23 1.239720e-22 
3.580000e-01 8.174906e-23 4.121618e-23 1.229652e-22 
3.600000e-01 8.086481e-23 4.107669e-23 1.219415e-22 
3.620000e-01 7.998913e-23 4.093854e-23 1.209277e-22 
3.640000e-01 7.911548e-23 4.080339e-23 1.199189e-22 
3.660000e-01 7.824932e-23 4.066929e-23 1.189186e-22 
3.680000e-01 7.738226e-23 4.051194e-23 1.178942e-22 
3.700000e-01 7.652552e-23 4.035540e-23 1.168809e-22 
3.720000e-01 7.566787e-23 4.019895e-23 1.158668e-22 
3.740000e-01 7.480972e-23 4.004396e-23 1.148537e-22 
3.760000e-01 7.395879e-23 3.987164e-23 1.138304e-22 
3.780000e-01 7.310430e-23 3.969381e-23 1.127981e-22 
3.800000e-01 7.225315e-23 3.950040e-23 1.117535e-22 
3.820000e-01 7.140810e-23 3.929865e-23 1.107068e-22 
3.840000e-01 7.055694e-23 3.909672e-23 1.096537e-22 
3.860000e-01 6.971950e-23 3.889579e-23 1.086153e-22 
3.880000e-01 6.888756e-23 3.869352e-23 1.075811e-22 
3.900000e-01 6.806217e-23 3.848901e-23 1.065512e-22 
3.920000e-01 6.724490e-23 3.828430e-23 1.055292e-22 
3.940000e-01 6.643429e-23 3.808002e-23 1.045143e-22 
3.960000e-01 6.563392e-23 3.787628e-23 1.035102e-22 
3.980000e-01 6.484141e-23 3.766830e-23 1.025097e-22 
4.000000e-01 6.405068e-23 3.745544e-23 1.015061e-22 
4.020000e-01 6.327065e-23 3.723841e-23 1.005091e-22 
4.040000e-01 6.249809e-23 3.701117e-23 9.950926e-23 
4.060000e-01 6.172478e-23 3.678506e-23 9.850984e-23 
4.080000e-01 6.095959e-23 3.656433e-23 9.752392e-23 
4.100000e-01 6.019674e-23 3.634284e-23 9.653958e-23 
4.120000e-01 5.943871e-23 3.611824e-23 9.555695e-23 
4.140000e-01 5.869217e-23 3.589269e-23 9.458486e-23 
4.160000e-01 5.794485e-23 3.566739e-23 9.361224e-23 
4.180000e-01 5.720205e-23 3.544352e-23 9.264558e-23 
4.200000e-01 5.647380e-23 3.521957e-23 9.169337e-23 
4.220000e-01 5.574496e-23 3.499396e-23 9.073892e-23 
4.240000e-01 5.501997e-23 3.476887e-23 8.978884e-23 
4.260000e-01 5.430521e-23 3.453957e-23 8.884478e-23 
4.280000e-01 5.359331e-23 3.430708e-23 8.790039e-23 
4.300000e-01 5.288817e-23 3.407313e-23 8.696130e-23 
4.320000e-01 5.219004e-23 3.384253e-23 8.603257e-23 
4.340000e-01 5.149470e-23 3.361113e-23 8.510583e-23 
4.360000e-01 5.080805e-23 3.338458e-23 8.419262e-23 
4.380000e-01 5.012536e-23 3.316150e-23 8.328686e-23 
4.400000e-01 4.944475e-23 3.293689e-23 8.238164e-23 
4.420000e-01 4.877380e-23 3.269955e-23 8.147335e-23 
4.440000e-01 4.811009e-23 3.246180e-23 8.057189e-23 
4.460000e-01 4.744633e-23 3.222812e-23 7.967445e-23 
4.480000e-01 4.679072e-23 3.199690e-23 7.878762e-23 
4.500000e-01 4.614283e-23 3.176721e-23 7.791004e-23 
4.520000e-01 4.549709e-23 3.152162e-23 7.701872e-23 
4.540000e-01 4.485582e-23 3.127386e-23 7.612968e-23 
4.560000e-01 4.422168e-23 3.102873e-23 7.525041e-23 
4.580000e-01 4.359253e-23 3.078846e-23 7.438099e-23 
4.600000e-01 4.296551e-23 3.054896e-23 7.351447e-23 
4.620000e-01 4.234735e-23 3.031113e-23 7.265847e-23 
4.640000e-01 4.173165e-23 3.007671e-23 7.180835e-23 
4.660000e-01 4.111719e-23 2.984169e-23 7.095888e-23 
4.680000e-01 4.051231e-23 2.961279e-23 7.012510e-23 
4.700000e-01 3.991036e-23 2.938416e-23 6.929452e-23 
4.720000e-01 3.930748e-23 2.915277e-23 6.846025e-23 
4.740000e-01 3.871031e-23 2.891454e-23 6.762486e-23 
4.760000e-01 3.811845e-23 2.867702e-23 6.679547e-23 
4.780000e-01 3.752853e-23 2.844033e-23 6.596886e-23 
4.800000e-01 3.694027e-23 2.820479e-23 6.514506e-23 
4.820000e-01 3.635619e-23 2.796830e-23 6.432449e-23 
4.840000e-01 3.577530e-23 2.773504e-23 6.351034e-23 
4.860000e-01 3.519489e-23 2.750014e-23 6.269502e-23 
4.880000e-01 3.461733e-23 2.726826e-23 6.188559e-23 
4.900000e-01 3.404064e-23 2.703001e-23 6.107065e-23 
4.920000e-01 3.346639e-23 2.679597e-23 6.026236e-23 
4.940000e-01 3.289343e-23 2.656314e-23 5.945657e-23 
4.960000e-01 3.232140e-23 2.633505e-23 5.865645e-23 
4.980000e-01 3.174741e-23 2.610722e-23 5.785463e-23 
5.000000e-01 3.117024e-23 2.587941e-23 5.704964e-23 
5.020000e-01 3.059616e-23 2.565647e-23 5.625264e-23 
5.040000e-01 3.001912e-23 2.543514e-23 5.545426e-23 
5.060000e-01 2.944008e-23 2.521442e-23 5.465450e-23 
5.080000e-01 2.885651e-23 2.499740e-23 5.385390e-23 
5.100000e-01 2.826756e-23 2.478064e-23 5.304820e-23 
5.120000e-01 2.767223e-23 2.456913e-23 5.224135e-23 
5.140000e-01 2.706980e-23 2.435831e-23 5.142812e-23 
5.160000e-01 2.646056e-23 2.414817e-23 5.060874e-23 
5.180000e-01 2.583784e-23 2.394479e-23 4.978263e-23 
5.200000e-01 2.519733e-23 2.374464e-23 4.894197e-23 
5.220000e-01 2.454082e-23 2.354474e-23 4.808556e-23 
5.240000e-01 2.386118e-23 2.334279e-23 4.720397e-23 
5.260000e-01 2.315234e-23 2.313989e-23 4.629223e-23 
5.280000e-01 2.240629e-23 2.293628e-23 4.534257e-23 
5.300000e-01 2.161799e-23 2.273645e-23 4.435444e-23 
5.320000e-01 2.076954e-23 2.254002e-23 4.330956e-23 
5.340000e-01 1.980634e-23 2.234286e-23 4.214920e-23 
5.360000e-01 1.868936e-23 2.214426e-23 4.083362e-23 
5.380000e-01 1.722732e-23 2.194250e-23 3.916982e-23 
5.400000e-01 1.530371e-23 2.175360e-23 3.705731e-23 
5.420000e-01 1.335966e-23 2.154620e-23 3.490586e-23 
5.440000e-01 1.236606e-23 2.136106e-23 3.372712e-23 
5.460000e-01 1.292682e-23 2.117659e-23 3.410342e-23 
5.480000e-01 1.470794e-23 2.099108e-23 3.569902e-23 
5.500000e-01 1.637257e-23 2.080286e-23 3.717543e-23 
5.520000e-01 1.754763e-23 2.061649e-23 3.816412e-23 
5.540000e-01 1.822215e-23 2.043279e-23 3.865495e-23 
5.560000e-01 1.870112e-23 2.025846e-23 3.895958e-23 
5.580000e-01 1.904197e-23 2.008344e-23 3.912541e-23 
5.600000e-01 1.930763e-23 1.990892e-23 3.921656e-23 
5.620000e-01 1.951616e-23 1.973473e-23 3.925089e-23 
5.640000e-01 1.967668e-23 1.955764e-23 3.923431e-23 
5.660000e-01 1.980091e-23 1.938330e-23 3.918421e-23 
5.680000e-01 1.988874e-23 1.921055e-23 3.909928e-23 
5.700000e-01 1.995000e-23 1.904006e-23 3.899005e-23 
5.720000e-01 1.998720e-23 1.886951e-23 3.885672e-23 
5.740000e-01 2.000673e-23 1.869975e-23 3.870648e-23 
5.760000e-01 2.001287e-23 1.853420e-23 3.854707e-23 
5.780000e-01 2.000026e-23 1.837102e-23 3.837128e-23 
5.800000e-01 1.997335e-23 1.820667e-23 3.818002e-23 
5.820000e-01 1.993645e-23 1.804978e-23 3.798623e-23 
5.840000e-01 1.989136e-23 1.789286e-23 3.778422e-23 
5.860000e-01 1.983705e-23 1.773743e-23 3.757448e-23 
5.880000e-01 1.976965e-23 1.758257e-23 3.735222e-23 
5.900000e-01 1.969726e-23 1.742821e-23 3.712548e-23 
5.920000e-01 1.961944e-23 1.727490e-23 3.689434e-23 
5.940000e-01 1.953484e-23 1.712152e-23 3.665636e-23 
5.960000e-01 1.944185e-23 1.697297e-23 3.641482e-23 
5.980000e-01 1.934536e-23 1.682580e-23 3.617117e-23 
6.000000e-01 1.924507e-23 1.667706e-23 3.592212e-23 
6.020000e-01 1.914098e-23 1.652513e-23 3.566610e-23 
6.040000e-01 1.903011e-23 1.637174e-23 3.540185e-23 
6.060000e-01 1.891756e-23 1.622026e-23 3.513782e-23 
6.080000e-01 1.880234e-23 1.607628e-23 3.487862e-23 
6.100000e-01 1.868326e-23 1.594366e-23 3.462691e-23 
6.120000e-01 1.856218e-23 1.581089e-23 3.437307e-23 
6.140000e-01 1.843530e-23 1.567799e-23 3.411329e-23 
6.160000e-01 1.830877e-23 1.553905e-23 3.384782e-23 
6.180000e-01 1.818018e-23 1.540088e-23 3.358107e-23 
6.200000e-01 1.804714e-23 1.526224e-23 3.330938e-23 
6.220000e-01 1.791259e-23 1.512654e-23 3.303913e-23 
6.240000e-01 1.777571e-23 1.499729e-23 3.277300e-23 
6.260000e-01 1.764026e-23 1.486733e-23 3.250759e-23 
6.280000e-01 1.750058e-23 1.473893e-23 3.223951e-23 
6.300000e-01 1.736761e-23 1.460954e-23 3.197716e-23 
6.320000e-01 1.721606e-23 1.447735e-23 3.169342e-23 
6.340000e-01 1.707389e-23 1.434617e-23 3.142007e-23 
6.360000e-01 1.692791e-23 1.421575e-23 3.114366e-23 
6.380000e-01 1.677964e-23 1.409292e-23 3.087256e-23 
6.400000e-01 1.662889e-23 1.396791e-23 3.059680e-23 
6.420000e-01 1.647643e-23 1.384520e-23 3.032163e-23 
6.440000e-01 1.632438e-23 1.372789e-23 3.005228e-23 
6.460000e-01 1.616938e-23 1.361815e-23 2.978752e-23 
6.480000e-01 1.601189e-23 1.350791e-23 2.951980e-23 
6.500000e-01 1.585085e-23 1.339854e-23 2.924940e-23 
6.520000e-01 1.568872e-23 1.328234e-23 2.897106e-23 
6.540000e-01 1.552529e-23 1.316200e-23 2.868728e-23 
6.560000e-01 1.535760e-23 1.304125e-23 2.839885e-23 
6.580000e-01 1.518734e-23 1.292227e-23 2.810961e-23 
6.600000e-01 1.501562e-23 1.281246e-23 2.782809e-23 
6.620000e-01 1.483949e-23 1.270269e-23 2.754218e-23 
6.640000e-01 1.466089e-23 1.259430e-23 2.725519e-23 
6.660000e-01 1.447881e-23 1.248594e-23 2.696476e-23 
6.680000e-01 1.429282e-23 1.237807e-23 2.667089e-23 
6.700000e-01 1.410455e-23 1.226961e-23 2.637416e-23 
6.720000e-01 1.391473e-23 1.216146e-23 2.607619e-23 
6.740000e-01 1.371884e-23 1.205614e-23 2.577497e-23 
6.760000e-01 1.351646e-23 1.195358e-23 2.547005e-23 
6.780000e-01 1.331168e-23 1.185183e-23 2.516351e-23 
6.800000e-01 1.310162e-23 1.175102e-23 2.485264e-23 
6.820000e-01 1.288145e-23 1.165205e-23 2.453350e-23 
6.840000e-01 1.265485e-23 1.155469e-23 2.420954e-23 
6.860000e-01 1.241950e-23 1.145758e-23 2.387708e-23 
6.880000e-01 1.216932e-23 1.136039e-23 2.352971e-23 
6.900000e-01 1.190881e-23 1.126445e-23 2.317326e-23 
6.920000e-01 1.162711e-23 1.117064e-23 2.279775e-23 
6.940000e-01 1.131539e-23 1.107671e-23 2.239210e-23 
6.960000e-01 1.098168e-23 1.098406e-23 2.196575e-23 
6.980000e-01 1.058642e-23 1.089040e-23 2.147682e-23 
7.000000e-01 1.005709e-23 1.079747e-23 2.085456e-23 
7.020000e-01 9.456056e-24 1.070524e-23 2.016129e-23 
7.040000e-01 8.810018e-24 1.061376e-23 1.942377e-23 
7.060000e-01 8.442309e-24 1.053962e-23 1.898193e-23 
7.080000e-01 8.319612e-24 1.043532e-23 1.875494e-23 
7.100000e-01 8.729712e-24 1.034643e-23 1.907615e-23 
7.120000e-01 9.307882e-24 1.025816e-23 1.956604e-23 
7.140000e-01 1.006940e-23 1.017163e-23 2.024103e-23 
7.160000e-01 1.059682e-23 1.008735e-23 2.068417e-23 
7.180000e-01 1.102357e-23 1.000264e-23 2.102621e-23 
7.200000e-01 1.126694e-23 9.918847e-24 2.118579e-23 
7.220000e-01 1.144454e-23 9.835500e-24 2.128004e-23 
7.240000e-01 1.159270e-23 9.756332e-24 2.134903e-23 
7.260000e-01 1.170053e-23 9.676473e-24 2.137700e-23 
7.280000e-01 1.179086e-23 9.597896e-24 2.138876e-23 
7.300000e-01 1.186756e-23 9.518789e-24 2.138635e-23 
7.320000e-01 1.191772e-23 9.439107e-24 2.135682e-23 
7.340000e-01 1.196314e-23 9.358500e-24 2.132164e-23 
7.360000e-01 1.199627e-23 9.278984e-24 2.127525e-23 
7.380000e-01 1.202042e-23 9.199577e-24 2.122000e-23 
7.400000e-01 1.203955e-23 9.122192e-24 2.116174e-23 
7.420000e-01 1.204651e-23 9.045700e-24 2.109221e-23 
7.440000e-01 1.205000e-23 8.970486e-24 2.102048e-23 
7.460000e-01 1.204789e-23 8.895285e-24 2.094318e-23 
7.480000e-01 1.204169e-23 8.822875e-24 2.086457e-23 
7.500000e-01 1.203120e-23 8.750175e-24 2.078137e-23 
7.520000e-01 1.201570e-23 8.679775e-24 2.069548e-23 
7.540000e-01 1.199663e-23 8.608067e-24 2.060469e-23 
7.560000e-01 1.197267e-23 8.538238e-24 2.051091e-23 
7.580000e-01 1.194769e-23 8.469947e-24 2.041763e-23 
7.600000e-01 1.192109e-23 8.402308e-24 2.032340e-23 
7.620000e-01 1.188989e-23 8.335561e-24 2.022545e-23 
7.640000e-01 1.185669e-23 8.269027e-24 2.012571e-23 
7.660000e-01 1.182091e-23 8.203074e-24 2.002399e-23 
7.680000e-01 1.178389e-23 8.139544e-24 1.992343e-23 
7.700000e-01 1.174516e-23 8.074881e-24 1.982004e-23 
7.720000e-01 1.170421e-23 8.011658e-24 1.971587e-23 
7.740000e-01 1.166113e-23 7.947325e-24 1.960845e-23 
7.760000e-01 1.161673e-23 7.881436e-24 1.949817e-23 
7.780000e-01 1.157189e-23 7.817060e-24 1.938895e-23 
7.800000e-01 1.152212e-23 7.753032e-24 1.927516e-23 
7.820000e-01 1.147300e-23 7.687236e-24 1.916023e-23 
7.840000e-01 1.142300e-23 7.625908e-24 1.904890e-23 
7.860000e-01 1.136875e-23 7.564527e-24 1.893328e-23 
7.880000e-01 1.131544e-23 7.504127e-24 1.881956e-23 
7.900000e-01 1.126057e-23 7.444247e-24 1.870482e-23 
7.920000e-01 1.120292e-23 7.385802e-24 1.858872e-23 
7.940000e-01 1.114444e-23 7.326438e-24 1.847088e-23 
7.960000e-01 1.107784e-23 7.269877e-24 1.834772e-23 
7.980000e-01 1.101405e-23 7.212070e-24 1.822612e-23 
8.000000e-01 1.095126e-23 7.154865e-24 1.810612e-23 
8.020000e-01 1.089371e-23 7.100017e-24 1.799373e-23 
8.040000e-01 1.083737e-23 7.045694e-24 1.788307e-23 
8.060000e-01 1.078307e-23 6.990025e-24 1.777309e-23 
8.080000e-01 1.072838e-23 6.935763e-24 1.766415e-23 
8.100000e-01 1.067342e-23 6.881202e-24 1.755462e-23 
8.120000e-01 1.062127e-23 6.825956e-24 1.744723e-23 
8.140000e-01 1.057117e-23 6.769945e-24 1.734111e-23 
8.160000e-01 1.052054e-23 6.714815e-24 1.723535e-23 
8.180000e-01 1.046998e-23 6.659377e-24 1.712936e-23 
8.200000e-01 1.041937e-23 6.607619e-24 1.702699e-23 
8.220000e-01 1.037065e-23 6.558384e-24 1.692904e-23 
8.240000e-01 1.032165e-23 6.509477e-24 1.683113e-23 
8.260000e-01 1.027332e-23 6.461375e-24 1.673470e-23 
8.280000e-01 1.022511e-23 6.412978e-24 1.663809e-23 
8.300000e-01 1.017701e-23 6.363948e-24 1.654096e-23 
8.320000e-01 1.013022e-23 6.314237e-24 1.644445e-23 
8.340000e-01 1.008350e-23 6.265071e-24 1.634858e-23 
8.360000e-01 1.003815e-23 6.215935e-24 1.625408e-23 
8.380000e-01 9.992601e-24 6.166868e-24 1.615947e-23 
8.400000e-01 9.948940e-24 6.119605e-24 1.606854e-23 
8.420000e-01 9.905314e-24 6.073832e-24 1.597915e-23 
8.440000e-01 9.862467e-24 6.027607e-24 1.589007e-23 
8.460000e-01 9.819152e-24 5.980740e-24 1.579989e-23 
8.480000e-01 9.777499e-24 5.934444e-24 1.571194e-23 
8.500000e-01 9.736171e-24 5.890499e-24 1.562667e-23 
8.520000e-01 9.695115e-24 5.846196e-24 1.554131e-23 
8.540000e-01 9.655339e-24 5.803129e-24 1.545847e-23 
8.560000e-01 9.614776e-24 5.759402e-24 1.537418e-23 
8.580000e-01 9.574225e-24 5.716081e-24 1.529031e-23 
8.600000e-01 9.533918e-24 5.670784e-24 1.520470e-23 
8.620000e-01 9.493098e-24 5.626647e-24 1.511975e-23 
8.640000e-01 9.452210e-24 5.582031e-24 1.503424e-23 
8.660000e-01 9.410511e-24 5.538344e-24 1.494886e-23 
8.680000e-01 9.369393e-24 5.495101e-24 1.486449e-23 
8.700000e-01 9.326741e-24 5.452178e-24 1.477892e-23 
8.720000e-01 9.283695e-24 5.409858e-24 1.469355e-23 
8.740000e-01 9.239593e-24 5.368990e-24 1.460858e-23 
8.760000e-01 9.193583e-24 5.327142e-24 1.452073e-23 
8.780000e-01 9.147725e-24 5.286478e-24 1.443420e-23 
8.800000e-01 9.101634e-24 5.249140e-24 1.435077e-23 
8.820000e-01 9.054664e-24 5.213240e-24 1.426790e-23 
8.840000e-01 9.010192e-24 5.176469e-24 1.418666e-23 
8.860000e-01 8.963371e-24 5.139074e-24 1.410245e-23 
8.880000e-01 8.916908e-24 5.103138e-24 1.402005e-23 
8.900000e-01 8.869545e-24 5.065357e-24 1.393490e-23 
8.920000e-01 8.822246e-24 5.028198e-24 1.385044e-23 
8.940000e-01 8.782946e-24 4.991898e-24 1.377484e-23 
8.960000e-01 8.729690e-24 4.954645e-24 1.368433e-23 
8.980000e-01 8.684231e-24 4.918238e-24 1.360247e-23 
9.000000e-01 8.637572e-24 4.879848e-24 1.351742e-23 
9.020000e-01 8.590386e-24 4.842176e-24 1.343256e-23 
9.040000e-01 8.543603e-24 4.804917e-24 1.334852e-23 
9.060000e-01 8.497457e-24 4.767649e-24 1.326511e-23 
9.080000e-01 8.452016e-24 4.730336e-24 1.318235e-23 
9.100000e-01 8.405832e-24 4.696346e-24 1.310218e-23 
9.120000e-01 8.360781e-24 4.667673e-24 1.302845e-23 
9.140000e-01 8.314061e-24 4.630250e-24 1.294431e-23 
9.160000e-01 8.268166e-24 4.597348e-24 1.286551e-23 
9.180000e-01 8.222920e-24 4.565658e-24 1.278858e-23 
9.200000e-01 8.177078e-24 4.532204e-24 1.270928e-23 
9.220000e-01 8.131586e-24 4.497276e-24 1.262886e-23 
9.240000e-01 8.086643e-24 4.464242e-24 1.255089e-23 
9.260000e-01 8.041731e-24 4.430550e-24 1.247228e-23 
9.280000e-01 7.996764e-24 4.397583e-24 1.239435e-23 
9.300000e-01 7.951623e-24 4.364990e-24 1.231661e-23 
9.320000e-01 7.906791e-24 4.335293e-24 1.224208e-23 
9.340000e-01 7.862414e-24 4.306796e-24 1.216921e-23 
9.360000e-01 7.818049e-24 4.277768e-24 1.209582e-23 
9.380000e-01 7.774484e-24 4.248229e-24 1.202271e-23 
9.400000e-01 7.729648e-24 4.219666e-24 1.194931e-23 
9.420000e-01 7.686260e-24 4.190002e-24 1.187626e-23 
9.440000e-01 7.642605e-24 4.160594e-24 1.180320e-23 
9.460000e-01 7.599489e-24 4.130841e-24 1.173033e-23 
9.480000e-01 7.556832e-24 4.101951e-24 1.165878e-23 
9.500000e-01 7.513435e-24 4.072590e-24 1.158602e-23 
9.520000e-01 7.469903e-24 4.043183e-24 1.151309e-23 
9.540000e-01 7.427716e-24 4.015860e-24 1.144358e-23 
9.560000e-01 7.386110e-24 3.987989e-24 1.137410e-23 
9.580000e-01 7.343329e-24 3.960081e-24 1.130341e-23 
9.600000e-01 7.300992e-24 3.932286e-24 1.123328e-23 
9.620000e-01 7.259280e-24 3.904813e-24 1.116409e-23 
9.640000e-01 7.217042e-24 3.876419e-24 1.109346e-23 
9.660000e-01 7.175498e-24 3.847453e-24 1.102295e-23 
9.680000e-01 7.134769e-24 3.819190e-24 1.095396e-23 
9.700000e-01 7.093499e-24 3.790333e-24 1.088383e-23 
9.720000e-01 7.053302e-24 3.762169e-24 1.081547e-23 
9.740000e-01 7.012584e-24 3.735258e-24 1.074784e-23 
9.760000e-01 6.972266e-24 3.710785e-24 1.068305e-23 
9.780000e-01 6.932114e-24 3.685232e-24 1.061735e-23 
9.800000e-01 6.892684e-24 3.661076e-24 1.055376e-23 
9.820000e-01 6.852878e-24 3.636236e-24 1.048911e-23 
9.840000e-01 6.811944e-24 3.612177e-24 1.042412e-23 
9.860000e-01 6.773526e-24 3.587004e-24 1.036053e-23 
9.880000e-01 6.735540e-24 3.561292e-24 1.029683e-23 
9.900000e-01 6.694959e-24 3.536177e-24 1.023114e-23 
9.920000e-01 6.657000e-24 3.510016e-24 1.016702e-23 
9.940000e-01 6.618792e-24 3.484860e-24 1.010365e-23 
9.960000e-01 6.581025e-24 3.460456e-24 1.004148e-23 
9.980000e-01 6.543207e-24 3.442080e-24 9.985286e-24 
1.000000e+00 6.506052e-24 3.432584e-24 9.938636e-24 
1.002000e+00 6.468904e-24 3.402052e-24 9.870956e-24 
1.004000e+00 6.431302e-24 3.380145e-24 9.811447e-24 
1.006000e+00 6.394761e-24 3.358281e-24 9.753042e-24 
1.008000e+00 6.357692e-24 3.337191e-24 9.694883e-24 
1.010000e+00 6.321308e-24 3.316463e-24 9.637771e-24 
1.012000e+00 6.284543e-24 3.294882e-24 9.579425e-24 
1.014000e+00 6.248917e-24 3.273067e-24 9.521984e-24 
1.016000e+00 6.212471e-24 3.252621e-24 9.465091e-24 
1.018000e+00 6.177267e-24 3.230697e-24 9.407964e-24 
1.020000e+00 6.141426e-24 3.210565e-24 9.351992e-24 
1.022000e+00 6.106195e-24 3.189097e-24 9.295292e-24 
1.024000e+00 6.071071e-24 3.168419e-24 9.239491e-24 
1.026000e+00 6.036209e-24 3.148901e-24 9.185110e-24 
1.028000e+00 6.001745e-24 3.129702e-24 9.131447e-24 
1.030000e+00 5.966167e-24 3.110311e-24 9.076478e-24 
1.032000e+00 5.932735e-24 3.090445e-24 9.023180e-24 
1.034000e+00 5.933082e-24 3.070456e-24 9.003538e-24 
1.036000e+00 5.864500e-24 3.051765e-24 8.916265e-24 
1.038000e+00 5.831104e-24 3.031966e-24 8.863070e-24 
1.040000e+00 5.797110e-24 3.013462e-24 8.810572e-24 
1.042000e+00 5.764441e-24 2.992333e-24 8.756774e-24 
1.044000e+00 5.730355e-24 2.992822e-24 8.723177e-24 
1.046000e+00 5.697432e-24 2.956642e-24 8.654073e-24 
1.048000e+00 5.665411e-24 2.937670e-24 8.603080e-24 
1.050000e+00 5.633346e-24 2.920133e-24 8.553478e-24 
1.052000e+00 5.600628e-24 2.902044e-24 8.502672e-24 
1.054000e+00 5.568273e-24 2.883853e-24 8.452126e-24 
1.056000e+00 5.536861e-24 2.866751e-24 8.403612e-24 
1.058000e+00 5.505320e-24 2.849454e-24 8.354774e-24 
1.060000e+00 5.473984e-24 2.831894e-24 8.305878e-24 
1.062000e+00 5.441498e-24 2.814770e-24 8.256268e-24 
1.064000e+00 5.410096e-24 2.797106e-24 8.207202e-24 
1.066000e+00 5.379772e-24 2.779953e-24 8.159724e-24 
1.068000e+00 5.348404e-24 2.762293e-24 8.110697e-24 
1.070000e+00 5.317717e-24 2.745356e-24 8.063072e-24 
1.072000e+00 5.287541e-24 2.728468e-24 8.016009e-24 
1.074000e+00 5.256972e-24 2.712134e-24 7.969106e-24 
1.076000e+00 5.226969e-24 2.696321e-24 7.923290e-24 
1.078000e+00 5.197348e-24 2.680139e-24 7.877486e-24 
1.080000e+00 5.167454e-24 2.663894e-24 7.831348e-24 
1.082000e+00 5.137746e-24 2.647831e-24 7.785577e-24 
1.084000e+00 5.107473e-24 2.632119e-24 7.739593e-24 
1.086000e+00 5.079092e-24 2.616147e-24 7.695239e-24 
1.088000e+00 5.049623e-24 2.601141e-24 7.650764e-24 
1.090000e+00 5.020969e-24 2.584625e-24 7.605595e-24 
1.092000e+00 4.992866e-24 2.568571e-24 7.561437e-24 
1.094000e+00 4.963726e-24 2.553449e-24 7.517175e-24 
1.096000e+00 4.935734e-24 2.537533e-24 7.473268e-24 
1.098000e+00 4.906685e-24 2.522617e-24 7.429302e-24 
1.100000e+00 4.879163e-24 2.508325e-24 7.387488e-24 
1.102000e+00 4.851777e-24 2.494013e-24 7.345790e-24 
1.104000e+00 4.823877e-24 2.479062e-24 7.302939e-24 
1.106000e+00 4.796711e-24 2.464415e-24 7.261126e-24 
1.108000e+00 4.769084e-24 2.450056e-24 7.219139e-24 
1.110000e+00 4.741609e-24 2.435910e-24 7.177519e-24 
1.112000e+00 4.714704e-24 2.420859e-24 7.135563e-24 
1.114000e+00 4.687675e-24 2.406604e-24 7.094279e-24 
1.116000e+00 4.660944e-24 2.392241e-24 7.053185e-24 
1.118000e+00 4.633754e-24 2.378070e-24 7.011824e-24 
1.120000e+00 4.607415e-24 2.363728e-24 6.971143e-24 
1.122000e+00 4.581514e-24 2.349535e-24 6.931049e-24 
1.124000e+00 4.555039e-24 2.336929e-24 6.891968e-24 
1.126000e+00 4.529445e-24 2.323241e-24 6.852687e-24 
1.128000e+00 4.502958e-24 2.310711e-24 6.813668e-24 
1.130000e+00 4.476916e-24 2.297974e-24 6.774890e-24 
1.132000e+00 4.451324e-24 2.284043e-24 6.735367e-24 
1.134000e+00 4.426333e-24 2.271247e-24 6.697580e-24 
1.136000e+00 4.401630e-24 2.257537e-24 6.659166e-24 
1.138000e+00 4.376902e-24 2.245159e-24 6.622061e-24 
1.140000e+00 4.351785e-24 2.232207e-24 6.583992e-24 
1.142000e+00 4.326890e-24 2.218919e-24 6.545809e-24 
1.144000e+00 4.302027e-24 2.206588e-24 6.508614e-24 
1.146000e+00 4.277258e-24 2.193819e-24 6.471077e-24 
1.148000e+00 4.252964e-24 2.180937e-24 6.433901e-24 
1.150000e+00 4.228976e-24 2.168534e-24 6.397510e-24 
1.152000e+00 4.205714e-24 2.156770e-24 6.362484e-24 
1.154000e+00 4.180837e-24 2.144724e-24 6.325561e-24 
1.156000e+00 4.158162e-24 2.132853e-24 6.291015e-24 
1.158000e+00 4.134148e-24 2.120343e-24 6.254491e-24 
1.160000e+00 4.314490e-24 2.108337e-24 6.422827e-24 
1.162000e+00 4.087250e-24 2.096451e-24 6.183701e-24 
1.164000e+00 4.063792e-24 2.084662e-24 6.148454e-24 
1.166000e+00 4.039971e-24 2.073013e-24 6.112983e-24 
1.168000e+00 4.016573e-24 2.061050e-24 6.077623e-24 
1.170000e+00 3.993969e-24 2.049209e-24 6.043178e-24 
1.172000e+00 3.970542e-24 2.037737e-24 6.008280e-24 
1.174000e+00 3.948724e-24 2.025838e-24 5.974562e-24 
1.176000e+00 3.926302e-24 2.014807e-24 5.941109e-24 
1.178000e+00 3.903065e-24 2.003736e-24 5.906801e-24 
1.180000e+00 3.881702e-24 1.992754e-24 5.874457e-24 
1.182000e+00 3.859274e-24 1.982293e-24 5.841567e-24 
1.184000e+00 3.835701e-24 1.971301e-24 5.807002e-24 
1.186000e+00 3.810868e-24 1.960313e-24 5.771181e-24 
1.188000e+00 3.792752e-24 1.949237e-24 5.741990e-24 
1.190000e+00 3.771466e-24 1.938750e-24 5.710216e-24 
1.192000e+00 3.749890e-24 1.927935e-24 5.677826e-24 
1.194000e+00 3.754175e-24 1.917625e-24 5.671801e-24 
1.196000e+00 3.706155e-24 1.907568e-24 5.613724e-24 
1.198000e+00 3.685583e-24 1.896074e-24 5.581657e-24 
1.200000e+00 3.663952e-24 1.885349e-24 5.549301e-24 
1.202000e+00 3.642839e-24 1.874844e-24 5.517684e-24 
1.204000e+00 3.621181e-24 1.864395e-24 5.485575e-24 
1.206000e+00 3.601079e-24 1.855001e-24 5.456080e-24 
1.208000e+00 3.580108e-24 1.844963e-24 5.425071e-24 
1.210000e+00 3.558523e-24 1.835117e-24 5.393640e-24 
1.212000e+00 3.538398e-24 1.824868e-24 5.363265e-24 
1.214000e+00 3.517611e-24 1.815454e-24 5.333065e-24 
1.216000e+00 3.497178e-24 1.805573e-24 5.302752e-24 
1.218000e+00 3.477354e-24 1.795926e-24 5.273280e-24 
1.220000e+00 3.455843e-24 1.785915e-24 5.241758e-24 
1.222000e+00 3.436004e-24 1.776238e-24 5.212243e-24 
1.224000e+00 3.415302e-24 1.767172e-24 5.182474e-24 
1.226000e+00 3.395332e-24 1.762958e-24 5.158290e-24 
1.228000e+00 3.375760e-24 1.748087e-24 5.123847e-24 
1.230000e+00 3.355675e-24 1.737931e-24 5.093607e-24 
1.232000e+00 3.336407e-24 1.728942e-24 5.065349e-24 
1.234000e+00 3.315386e-24 1.720089e-24 5.035475e-24 
1.236000e+00 3.296206e-24 1.711281e-24 5.007487e-24 
1.238000e+00 3.275586e-24 1.701983e-24 4.977569e-24 
1.240000e+00 3.256252e-24 1.693010e-24 4.949262e-24 
1.242000e+00 3.236705e-24 1.684103e-24 4.920808e-24 
1.244000e+00 3.216779e-24 1.675186e-24 4.891965e-24 
1.246000e+00 3.196279e-24 1.666529e-24 4.862808e-24 
1.248000e+00 3.176129e-24 1.657671e-24 4.833800e-24 
1.250000e+00 3.155937e-24 1.648933e-24 4.804871e-24 
1.252000e+00 3.137484e-24 1.640033e-24 4.777517e-24 
1.254000e+00 3.117435e-24 1.631208e-24 4.748643e-24 
1.256000e+00 3.096531e-24 1.622603e-24 4.719134e-24 
1.258000e+00 3.077703e-24 1.613718e-24 4.691421e-24 
1.260000e+00 3.058040e-24 1.604909e-24 4.662949e-24 
1.262000e+00 3.037554e-24 1.596646e-24 4.634200e-24 
1.264000e+00 3.016737e-24 1.588686e-24 4.605424e-24 
1.266000e+00 2.997313e-24 1.580656e-24 4.577969e-24 
1.268000e+00 2.975484e-24 1.572496e-24 4.547980e-24 
1.270000e+00 2.955244e-24 1.564481e-24 4.519725e-24 
1.272000e+00 2.934365e-24 1.556175e-24 4.490540e-24 
1.274000e+00 2.913064e-24 1.548441e-24 4.461506e-24 
1.276000e+00 2.891553e-24 1.540322e-24 4.431875e-24 
1.278000e+00 2.869639e-24 1.532101e-24 4.401740e-24 
1.280000e+00 2.846685e-24 1.524125e-24 4.370810e-24 
1.282000e+00 2.813369e-24 1.516139e-24 4.329508e-24 
1.284000e+00 2.799033e-24 1.508338e-24 4.307371e-24 
1.286000e+00 2.773463e-24 1.499943e-24 4.273406e-24 
1.288000e+00 2.744800e-24 1.491886e-24 4.236686e-24 
1.290000e+00 2.709225e-24 1.484679e-24 4.193903e-24 
1.292000e+00 2.673844e-24 1.477371e-24 4.151215e-24 
1.294000e+00 2.641790e-24 1.469199e-24 4.110989e-24 
1.296000e+00 2.611045e-24 1.461648e-24 4.072693e-24 
1.298000e+00 2.581469e-24 1.454403e-24 4.035872e-24 
1.300000e+00 2.563599e-24 1.446810e-24 4.010409e-24 
1.302000e+00 2.552184e-24 1.439268e-24 3.991452e-24 
1.304000e+00 2.540605e-24 1.431951e-24 3.972556e-24 
1.306000e+00 2.543921e-24 1.424512e-24 3.968432e-24 
1.308000e+00 2.549588e-24 1.417076e-24 3.966664e-24 
1.310000e+00 2.556336e-24 1.409717e-24 3.966052e-24 
1.312000e+00 2.566622e-24 1.402457e-24 3.969079e-24 
1.314000e+00 2.575848e-24 1.389316e-24 3.965164e-24 
1.316000e+00 2.586260e-24 1.388548e-24 3.974808e-24 
1.318000e+00 2.587353e-24 1.381403e-24 3.968756e-24 
1.320000e+00 2.588996e-24 1.346568e-24 3.935564e-24 
1.322000e+00 2.589586e-24 1.367909e-24 3.957494e-24 
1.324000e+00 2.585168e-24 1.360954e-24 3.946122e-24 
1.326000e+00 2.582302e-24 1.354504e-24 3.936807e-24 
1.328000e+00 2.577730e-24 1.347791e-24 3.925521e-24 
1.330000e+00 2.571815e-24 1.340953e-24 3.912768e-24 
1.332000e+00 2.565912e-24 1.334609e-24 3.900520e-24 
1.334000e+00 2.496045e-24 1.327634e-24 3.823679e-24 
1.336000e+00 2.552838e-24 1.322093e-24 3.874932e-24 
1.338000e+00 2.545491e-24 1.314231e-24 3.859722e-24 
1.340000e+00 2.537801e-24 1.308057e-24 3.845858e-24 
1.342000e+00 2.529530e-24 1.301174e-24 3.830704e-24 
1.344000e+00 2.521990e-24 1.294509e-24 3.816499e-24 
1.346000e+00 2.513923e-24 1.288239e-24 3.802162e-24 
1.348000e+00 2.504814e-24 1.281953e-24 3.786766e-24 
1.350000e+00 2.496274e-24 1.275245e-24 3.771519e-24 
1.352000e+00 2.488058e-24 1.269432e-24 3.757490e-24 
1.354000e+00 2.479140e-24 1.263264e-24 3.742404e-24 
1.356000e+00 2.469770e-24 1.257265e-24 3.727035e-24 
1.358000e+00 2.461989e-24 1.251058e-24 3.713046e-24 
1.360000e+00 2.452385e-24 1.244519e-24 3.696904e-24 
1.362000e+00 2.443734e-24 1.238315e-24 3.682049e-24 
1.364000e+00 2.434651e-24 1.232347e-24 3.666998e-24 
1.366000e+00 2.425783e-24 1.226083e-24 3.651866e-24 
1.368000e+00 2.416028e-24 1.220483e-24 3.636511e-24 
1.370000e+00 2.406928e-24 1.214213e-24 3.621142e-24 
1.372000e+00 2.398564e-24 1.208577e-24 3.607141e-24 
1.374000e+00 2.388601e-24 1.202322e-24 3.590924e-24 
1.376000e+00 2.379019e-24 1.196458e-24 3.575477e-24 
1.378000e+00 2.369868e-24 1.190606e-24 3.560474e-24 
1.380000e+00 2.360812e-24 1.184408e-24 3.545220e-24 
1.382000e+00 2.352232e-24 1.179976e-24 3.532208e-24 
1.384000e+00 2.342677e-24 1.173684e-24 3.516362e-24 
1.386000e+00 2.332523e-24 1.167634e-24 3.500157e-24 
1.388000e+00 2.323068e-24 1.162242e-24 3.485310e-24 
1.390000e+00 2.314138e-24 1.157016e-24 3.471154e-24 
1.392000e+00 2.304174e-24 1.151541e-24 3.455715e-24 
1.394000e+00 2.295549e-24 1.145658e-24 3.441207e-24 
1.396000e+00 2.286059e-24 1.140013e-24 3.426071e-24 
1.398000e+00 2.276734e-24 1.134661e-24 3.411396e-24 
1.400000e+00 2.267459e-24 1.129604e-24 3.397063e-24 
1.402000e+00 2.257379e-24 1.124011e-24 3.381390e-24 
1.404000e+00 2.248572e-24 1.118559e-24 3.367131e-24 
1.406000e+00 2.258162e-24 1.112830e-24 3.370992e-24 
1.408000e+00 2.229877e-24 1.107410e-24 3.337287e-24 
1.410000e+00 2.221368e-24 1.101936e-24 3.323304e-24 
1.412000e+00 2.211056e-24 1.096639e-24 3.307696e-24 
1.414000e+00 2.202546e-24 1.091607e-24 3.294153e-24 
1.416000e+00 2.193568e-24 1.086734e-24 3.280302e-24 
1.418000e+00 2.184228e-24 1.081902e-24 3.266130e-24 
1.420000e+00 2.175196e-24 1.076430e-24 3.251626e-24 
1.422000e+00 2.166201e-24 1.071412e-24 3.237613e-24 
1.424000e+00 2.157435e-24 1.066726e-24 3.224161e-24 
1.426000e+00 2.147975e-24 1.061743e-24 3.209718e-24 
1.428000e+00 2.138473e-24 1.056958e-24 3.195431e-24 
1.430000e+00 2.129253e-24 1.051986e-24 3.181240e-24 
1.432000e+00 2.120115e-24 1.046874e-24 3.166990e-24 
1.434000e+00 2.111534e-24 1.042026e-24 3.153559e-24 
1.436000e+00 2.103406e-24 1.037244e-24 3.140650e-24 
1.438000e+00 2.094716e-24 1.032614e-24 3.127330e-24 
1.440000e+00 2.086182e-24 1.027370e-24 3.113552e-24 
1.442000e+00 2.077173e-24 1.022575e-24 3.099748e-24 
1.444000e+00 2.068553e-24 1.017873e-24 3.086426e-24 
1.446000e+00 2.060020e-24 1.013212e-24 3.073232e-24 
1.448000e+00 2.050945e-24 1.011529e-24 3.062474e-24 
1.450000e+00 2.041987e-24 1.004233e-24 3.046219e-24 
1.452000e+00 2.032709e-24 9.995478e-25 3.032256e-24 
1.454000e+00 2.024273e-24 9.950293e-25 3.019302e-24 
1.456000e+00 2.015761e-24 9.910300e-25 3.006791e-24 
1.458000e+00 2.006978e-24 9.864028e-25 2.993381e-24 
1.460000e+00 1.998783e-24 9.817734e-25 2.980556e-24 
1.462000e+00 1.989978e-24 9.769973e-25 2.966975e-24 
1.464000e+00 1.981910e-24 9.719993e-25 2.953910e-24 
1.466000e+00 1.973309e-24 9.681027e-25 2.941412e-24 
1.468000e+00 1.965009e-24 9.634067e-25 2.928416e-24 
1.470000e+00 1.957051e-24 9.590567e-25 2.916108e-24 
1.472000e+00 1.948214e-24 9.545507e-25 2.902764e-24 
1.474000e+00 1.940555e-24 9.504594e-25 2.891015e-24 
1.476000e+00 1.932203e-24 9.459211e-25 2.878124e-24 
1.478000e+00 1.924227e-24 9.418522e-25 2.866079e-24 
1.480000e+00 1.916689e-24 9.375035e-25 2.854192e-24 
1.482000e+00 1.907948e-24 9.330848e-25 2.841032e-24 
1.484000e+00 1.900550e-24 9.290164e-25 2.829566e-24 
1.486000e+00 1.891775e-24 9.248908e-25 2.816666e-24 
1.488000e+00 1.884130e-24 9.208455e-25 2.804975e-24 
1.490000e+00 1.875963e-24 9.172657e-25 2.793229e-24 
1.492000e+00 1.867276e-24 9.128928e-25 2.780169e-24 
1.494000e+00 1.859838e-24 9.088669e-25 2.768705e-24 
1.496000e+00 1.851572e-24 9.050910e-25 2.756663e-24 
1.498000e+00 1.844030e-24 9.006690e-25 2.744699e-24 
1.500000e+00 1.836316e-24 8.964303e-25 2.732746e-24 
1.502000e+00 1.827885e-24 8.924670e-25 2.720352e-24 
1.504000e+00 1.820607e-24 8.880153e-25 2.708622e-24 
1.506000e+00 1.812832e-24 8.841514e-25 2.696983e-24 
1.508000e+00 1.805686e-24 8.799956e-25 2.685682e-24 
1.510000e+00 1.798006e-24 8.760044e-25 2.674011e-24 
1.512000e+00 1.789469e-24 8.724789e-25 2.661947e-24 
1.514000e+00 1.782079e-24 8.685135e-25 2.650592e-24 
1.516000e+00 1.774784e-24 8.649218e-25 2.639705e-24 
1.518000e+00 1.766930e-24 8.608428e-25 2.627773e-24 
1.520000e+00 1.759624e-24 8.570246e-25 2.616649e-24 
1.522000e+00 1.752235e-24 8.536978e-25 2.605932e-24 
1.524000e+00 1.744440e-24 8.497125e-25 2.594152e-24 
1.526000e+00 1.736804e-24 8.460636e-25 2.582868e-24 
1.528000e+00 1.729856e-24 8.425554e-25 2.572411e-24 
1.530000e+00 1.722023e-24 8.390981e-25 2.561121e-24 
1.532000e+00 1.715534e-24 8.348485e-25 2.550382e-24 
1.534000e+00 1.708457e-24 8.315835e-25 2.540041e-24 
1.536000e+00 1.701567e-24 8.276959e-25 2.529263e-24 
1.538000e+00 1.693861e-24 8.244120e-25 2.518273e-24 
1.540000e+00 1.686709e-24 8.204306e-25 2.507140e-24 
1.542000e+00 1.679711e-24 8.167903e-25 2.496501e-24 
1.544000e+00 1.672833e-24 8.133718e-25 2.486205e-24 
1.546000e+00 1.665518e-24 8.100580e-25 2.475576e-24 
1.548000e+00 1.658743e-24 8.063442e-25 2.465088e-24 
1.550000e+00 1.651326e-24 8.028751e-25 2.454201e-24 
1.552000e+00 1.644711e-24 7.990978e-25 2.443808e-24 
1.554000e+00 1.637163e-24 7.960624e-25 2.433225e-24 
1.556000e+00 1.630753e-24 7.926542e-25 2.423407e-24 
1.558000e+00 1.624074e-24 7.889262e-25 2.413000e-24 
1.560000e+00 1.616800e-24 7.857091e-25 2.402509e-24 
1.562000e+00 1.610377e-24 7.826448e-25 2.393022e-24 
1.564000e+00 1.602786e-24 7.789826e-25 2.381768e-24 
1.566000e+00 1.596454e-24 7.757992e-25 2.372253e-24 
1.568000e+00 1.589211e-24 7.726441e-25 2.361855e-24 
1.570000e+00 1.583083e-24 7.691034e-25 2.352187e-24 
1.572000e+00 1.576503e-24 7.657298e-25 2.342233e-24 
1.574000e+00 1.569670e-24 7.625088e-25 2.332179e-24 
1.576000e+00 1.563325e-24 7.590637e-25 2.322388e-24 
1.578000e+00 1.556121e-24 7.562992e-25 2.312420e-24 
1.580000e+00 1.549360e-24 7.527935e-25 2.302153e-24 
1.582000e+00 1.543004e-24 7.494707e-25 2.292474e-24 
1.584000e+00 1.536384e-24 7.461036e-25 2.282488e-24 
1.586000e+00 1.530119e-24 7.427921e-25 2.272911e-24 
1.588000e+00 1.523276e-24 7.398392e-25 2.263115e-24 
1.590000e+00 1.516869e-24 7.366998e-25 2.253569e-24 
1.592000e+00 1.511139e-24 7.338143e-25 2.244954e-24 
1.594000e+00 1.504908e-24 7.310617e-25 2.235970e-24 
1.596000e+00 1.499044e-24 7.278934e-25 2.226937e-24 
1.598000e+00 1.492539e-24 7.251435e-25 2.217683e-24 
1.600000e+00 1.486015e-24 7.219446e-25 2.207959e-24 
1.602000e+00 1.479908e-24 7.192490e-25 2.199157e-24 
1.604000e+00 1.473353e-24 7.156086e-25 2.188961e-24 
1.606000e+00 1.467515e-24 7.126219e-25 2.180137e-24 
1.608000e+00 1.462038e-24 7.094707e-25 2.171509e-24 
1.610000e+00 1.455045e-24 7.065870e-25 2.161632e-24 
1.612000e+00 1.448562e-24 7.036834e-25 2.152245e-24 
1.614000e+00 1.443009e-24 7.009056e-25 2.143915e-24 
1.616000e+00 1.436121e-24 6.977986e-25 2.133920e-24 
1.618000e+00 1.430302e-24 6.945958e-25 2.124898e-24 
1.620000e+00 1.424203e-24 6.919635e-25 2.116166e-24 
1.622000e+00 1.418693e-24 6.887657e-25 2.107459e-24 
1.624000e+00 1.413277e-24 6.862380e-25 2.099515e-24 
1.626000e+00 1.406533e-24 6.832402e-25 2.089773e-24 
1.628000e+00 1.400506e-24 6.805989e-25 2.081105e-24 
1.630000e+00 1.395041e-24 6.786077e-25 2.073649e-24 
1.632000e+00 1.389420e-24 6.756895e-25 2.065110e-24 
1.634000e+00 1.383745e-24 6.725564e-25 2.056301e-24 
1.636000e+00 1.377553e-24 6.699463e-25 2.047499e-24 
1.638000e+00 1.371846e-24 6.672904e-25 2.039136e-24 
1.640000e+00 1.365700e-24 6.646777e-25 2.030378e-24 
1.642000e+00 1.360539e-24 6.620330e-25 2.022572e-24 
1.644000e+00 1.354507e-24 6.593022e-25 2.013809e-24 
1.646000e+00 1.349229e-24 6.561569e-25 2.005386e-24 
1.648000e+00 1.343514e-24 6.536580e-25 1.997172e-24 
1.650000e+00 1.337794e-24 6.508241e-25 1.988618e-24 
1.652000e+00 1.331722e-24 6.483084e-25 1.980030e-24 
1.654000e+00 1.326251e-24 6.459431e-25 1.972194e-24 
1.656000e+00 1.320407e-24 6.429317e-25 1.963339e-24 
1.658000e+00 1.314992e-24 6.406430e-25 1.955635e-24 
1.660000e+00 1.310024e-24 6.380588e-25 1.948083e-24 
1.662000e+00 1.304617e-24 6.353174e-25 1.939935e-24 
1.664000e+00 1.298624e-24 6.327218e-25 1.931345e-24 
1.666000e+00 1.293315e-24 6.300068e-25 1.923322e-24 
1.668000e+00 1.287407e-24 6.276411e-25 1.915048e-24 
1.670000e+00 1.282348e-24 6.252383e-25 1.907586e-24 
1.672000e+00 1.277128e-24 6.228855e-25 1.900013e-24 
1.674000e+00 1.271379e-24 6.202531e-25 1.891633e-24 
1.676000e+00 1.266348e-24 6.177915e-25 1.884140e-24 
1.678000e+00 1.261028e-24 6.154943e-25 1.876522e-24 
1.680000e+00 1.255283e-24 6.127162e-25 1.867999e-24 
1.682000e+00 1.250476e-24 6.103053e-25 1.860781e-24 
1.684000e+00 1.245151e-24 6.080967e-25 1.853248e-24 
1.686000e+00 1.240369e-24 6.055854e-25 1.845955e-24 
1.688000e+00 1.234511e-24 6.033068e-25 1.837818e-24 
1.690000e+00 1.229475e-24 6.008827e-25 1.830358e-24 
1.692000e+00 1.223989e-24 5.982946e-25 1.822283e-24 
1.694000e+00 1.219101e-24 5.959502e-25 1.815051e-24 
1.696000e+00 1.214273e-24 5.933805e-25 1.807653e-24 
1.698000e+00 1.209053e-24 5.911033e-25 1.800156e-24 
1.700000e+00 1.204207e-24 5.884731e-25 1.792680e-24 
1.702000e+00 1.198648e-24 5.860884e-25 1.784736e-24 
1.704000e+00 1.193716e-24 5.840097e-25 1.777726e-24 
1.706000e+00 1.188880e-24 5.816897e-25 1.770569e-24 
1.708000e+00 1.183503e-24 5.790637e-25 1.762567e-24 
1.710000e+00 1.178957e-24 5.773717e-25 1.756329e-24 
1.712000e+00 1.174110e-24 5.748515e-25 1.748961e-24 
1.714000e+00 1.168647e-24 5.724785e-25 1.741125e-24 
1.716000e+00 1.164059e-24 5.705480e-25 1.734607e-24 
1.718000e+00 1.158791e-24 5.681228e-25 1.726914e-24 
1.720000e+00 1.154101e-24 5.659498e-25 1.720051e-24 
1.722000e+00 1.148541e-24 5.635235e-25 1.712064e-24 
1.724000e+00 1.144091e-24 5.611222e-25 1.705213e-24 
1.726000e+00 1.139421e-24 5.592269e-25 1.698648e-24 
1.728000e+00 1.134679e-24 5.568495e-25 1.691529e-24 
1.730000e+00 1.129462e-24 5.548945e-25 1.684356e-24 
1.732000e+00 1.124821e-24 5.522831e-25 1.677104e-24 
1.734000e+00 1.120131e-24 5.500781e-25 1.670209e-24 
1.736000e+00 1.115151e-24 5.479916e-25 1.663143e-24 
1.738000e+00 1.110652e-24 5.456875e-25 1.656340e-24 
1.740000e+00 1.105978e-24 5.436285e-25 1.649607e-24 
1.742000e+00 1.100669e-24 5.415563e-25 1.642225e-24 
1.744000e+00 1.095579e-24 5.395445e-25 1.635123e-24 
1.746000e+00 1.091223e-24 5.377283e-25 1.628951e-24 
1.748000e+00 1.086324e-24 5.355838e-25 1.621908e-24 
1.750000e+00 1.081724e-24 5.335465e-25 1.615270e-24 
1.752000e+00 1.077025e-24 5.313992e-25 1.608424e-24 
1.754000e+00 1.072205e-24 5.292229e-25 1.601428e-24 
1.756000e+00 1.067808e-24 5.273410e-25 1.595149e-24 
1.758000e+00 1.062894e-24 5.253418e-25 1.588235e-24 
1.760000e+00 1.058351e-24 5.234365e-25 1.581787e-24 
1.762000e+00 1.053357e-24 5.213352e-25 1.574692e-24 
1.764000e+00 1.048934e-24 5.191224e-25 1.568057e-24 
1.766000e+00 1.044183e-24 5.170621e-25 1.561245e-24 
1.768000e+00 1.039731e-24 5.151743e-25 1.554905e-24 
1.770000e+00 1.034785e-24 5.131861e-25 1.547971e-24 
1.772000e+00 1.030286e-24 5.113695e-25 1.541655e-24 
1.774000e+00 1.025579e-24 5.093566e-25 1.534936e-24 
1.776000e+00 1.020387e-24 5.073247e-25 1.527712e-24 
1.778000e+00 1.016102e-24 5.054600e-25 1.521562e-24 
1.780000e+00 1.011053e-24 5.035596e-25 1.514613e-24 
1.782000e+00 1.006905e-24 5.013404e-25 1.508246e-24 
1.784000e+00 1.001535e-24 4.999741e-25 1.501509e-24 
1.786000e+00 9.972349e-25 4.982063e-25 1.495441e-24 
1.788000e+00 9.917266e-25 4.961838e-25 1.487910e-24 
1.790000e+00 9.876725e-25 4.940898e-25 1.481762e-24 
1.792000e+00 9.827783e-25 4.926211e-25 1.475399e-24 
1.794000e+00 9.775715e-25 4.907711e-25 1.468343e-24 
1.796000e+00 9.733331e-25 4.886760e-25 1.462009e-24 
1.798000e+00 9.686803e-25 4.868636e-25 1.455544e-24 
1.800000e+00 9.418133e-25 4.853628e-25 1.427176e-24 
1.802000e+00 9.582659e-25 4.832202e-25 1.441486e-24 
1.804000e+00 9.533408e-25 4.815336e-25 1.434874e-24 
1.806000e+00 9.484157e-25 4.800060e-25 1.428422e-24 
1.808000e+00 9.424692e-25 4.778113e-25 1.420281e-24 
1.810000e+00 9.378252e-25 4.757997e-25 1.413625e-24 
1.812000e+00 9.320592e-25 4.744935e-25 1.406553e-24 
1.814000e+00 9.285747e-25 4.724256e-25 1.401000e-24 
1.816000e+00 9.203673e-25 4.705979e-25 1.390965e-24 
1.818000e+00 9.142148e-25 4.690713e-25 1.383286e-24 
1.820000e+00 9.081217e-25 4.670966e-25 1.375218e-24 
1.822000e+00 9.018569e-25 4.656805e-25 1.367537e-24 
1.824000e+00 8.939599e-25 4.635730e-25 1.357533e-24 
1.826000e+00 8.858641e-25 4.621585e-25 1.348023e-24 
1.828000e+00 8.785399e-25 4.601396e-25 1.338680e-24 
1.830000e+00 8.711184e-25 4.587195e-25 1.329838e-24 
1.832000e+00 8.646779e-25 4.572710e-25 1.321949e-24 
1.834000e+00 8.589426e-25 4.552735e-25 1.314216e-24 
1.836000e+00 8.523328e-25 4.538166e-25 1.306149e-24 
1.838000e+00 8.471243e-25 4.518439e-25 1.298968e-24 
1.840000e+00 8.445848e-25 4.500816e-25 1.294666e-24 
1.842000e+00 8.423243e-25 4.489434e-25 1.291268e-24 
1.844000e+00 8.403462e-25 4.469144e-25 1.287261e-24 
1.846000e+00 8.384534e-25 4.452484e-25 1.283702e-24 
1.848000e+00 8.401745e-25 4.439429e-25 1.284117e-24 
1.850000e+00 8.420724e-25 4.418157e-25 1.283888e-24 
1.852000e+00 8.444350e-25 4.404091e-25 1.284844e-24 
1.854000e+00 8.460364e-25 4.391227e-25 1.285159e-24 
1.856000e+00 8.479103e-25 4.369670e-25 1.284877e-24 
1.858000e+00 8.496430e-25 4.356875e-25 1.285330e-24 
1.860000e+00 8.512733e-25 4.342017e-25 1.285475e-24 
1.862000e+00 8.533373e-25 4.321598e-25 1.285497e-24 
1.864000e+00 8.526503e-25 4.308626e-25 1.283513e-24 
1.866000e+00 8.519095e-25 4.291720e-25 1.281081e-24 
1.868000e+00 8.513678e-25 4.278364e-25 1.279204e-24 
1.870000e+00 8.506014e-25 4.261950e-25 1.276796e-24 
1.872000e+00 8.495998e-25 4.245498e-25 1.274150e-24 
1.874000e+00 8.475229e-25 4.233649e-25 1.270888e-24 
1.876000e+00 8.462394e-25 4.216865e-25 1.267926e-24 
1.878000e+00 8.452828e-25 4.201180e-25 1.265401e-24 
1.880000e+00 8.437089e-25 4.191057e-25 1.262815e-24 
1.882000e+00 8.421955e-25 4.176235e-25 1.259819e-24 
1.884000e+00 8.405605e-25 4.159494e-25 1.256510e-24 
1.886000e+00 8.389574e-25 4.143706e-25 1.253328e-24 
1.888000e+00 8.369826e-25 4.131175e-25 1.250100e-24 
1.890000e+00 8.347205e-25 4.115333e-25 1.246254e-24 
1.892000e+00 8.333219e-25 4.098690e-25 1.243191e-24 
1.894000e+00 8.314320e-25 4.085938e-25 1.240026e-24 
1.896000e+00 8.292920e-25 4.072799e-25 1.236572e-24 
1.898000e+00 8.274090e-25 4.056470e-25 1.233056e-24 
1.900000e+00 8.252922e-25 4.043006e-25 1.229593e-24 
1.902000e+00 8.229641e-25 4.025536e-25 1.225518e-24 
1.904000e+00 8.205209e-25 4.015171e-25 1.222038e-24 
1.906000e+00 8.189123e-25 4.001796e-25 1.219092e-24 
1.908000e+00 8.171048e-25 3.987291e-25 1.215834e-24 
1.910000e+00 8.148361e-25 3.971347e-25 1.211971e-24 
1.912000e+00 8.126276e-25 3.960236e-25 1.208651e-24 
1.914000e+00 8.100060e-25 3.946820e-25 1.204688e-24 
1.916000e+00 8.083074e-25 3.929974e-25 1.201305e-24 
1.918000e+00 8.063088e-25 3.915804e-25 1.197889e-24 
1.920000e+00 8.042060e-25 3.905015e-25 1.194707e-24 
1.922000e+00 8.017466e-25 3.890402e-25 1.190787e-24 
1.924000e+00 7.995914e-25 3.873766e-25 1.186968e-24 
1.926000e+00 8.002252e-25 3.864377e-25 1.186663e-24 
1.928000e+00 7.954524e-25 3.850522e-25 1.180505e-24 
1.930000e+00 7.927099e-25 3.835655e-25 1.176275e-24 
1.932000e+00 7.906215e-25 3.824587e-25 1.173080e-24 
1.934000e+00 7.883362e-25 3.810337e-25 1.169370e-24 
1.936000e+00 7.864499e-25 3.793072e-25 1.165757e-24 
1.938000e+00 7.840559e-25 3.782909e-25 1.162347e-24 
1.940000e+00 7.823033e-25 3.770758e-25 1.159379e-24 
1.942000e+00 7.798185e-25 3.755734e-25 1.155392e-24 
1.944000e+00 7.775774e-25 3.743728e-25 1.151950e-24 
1.946000e+00 7.754078e-25 3.730827e-25 1.148491e-24 
1.948000e+00 7.732899e-25 3.713234e-25 1.144613e-24 
1.950000e+00 7.710902e-25 3.704761e-25 1.141566e-24 
1.952000e+00 7.681302e-25 3.689087e-25 1.137039e-24 
1.954000e+00 7.668146e-25 3.679734e-25 1.134788e-24 
1.956000e+00 7.640259e-25 3.664138e-25 1.130440e-24 
1.958000e+00 7.620917e-25 3.656754e-25 1.127767e-24 
1.960000e+00 7.599049e-25 3.642249e-25 1.124130e-24 
1.962000e+00 7.578334e-25 3.625823e-25 1.120416e-24 
1.964000e+00 7.555583e-25 3.617295e-25 1.117288e-24 
1.966000e+00 7.537110e-25 3.604666e-25 1.114178e-24 
1.968000e+00 7.513025e-25 3.590384e-25 1.110341e-24 
1.970000e+00 7.489515e-25 3.581601e-25 1.107112e-24 
1.972000e+00 7.464646e-25 3.564307e-25 1.102895e-24 
1.974000e+00 7.441133e-25 3.554571e-25 1.099570e-24 
1.976000e+00 7.422091e-25 3.544834e-25 1.096693e-24 
1.978000e+00 7.405117e-25 3.529779e-25 1.093490e-24 
1.980000e+00 7.376698e-25 3.517228e-25 1.089393e-24 
1.982000e+00 7.355897e-25 3.506941e-25 1.086284e-24 
1.984000e+00 7.336645e-25 3.494702e-25 1.083135e-24 
1.986000e+00 7.310013e-25 3.480728e-25 1.079074e-24 
1.988000e+00 7.294918e-25 3.470896e-25 1.076581e-24 
1.990000e+00 7.269918e-25 3.455371e-25 1.072529e-24 
1.992000e+00 7.248959e-25 3.445757e-25 1.069472e-24 
1.994000e+00 7.227346e-25 3.435247e-25 1.066259e-24 
1.996000e+00 7.205117e-25 3.421668e-25 1.062679e-24 
1.998000e+00 7.183974e-25 3.412834e-25 1.059681e-24 
2.000000e+00 7.161313e-25 3.399450e-25 1.056076e-24 
2.002000e+00 7.143130e-25 3.390366e-25 1.053350e-24 
2.004000e+00 7.121306e-25 3.377866e-25 1.049917e-24 
2.006000e+00 7.101328e-25 3.367935e-25 1.046926e-24 
2.008000e+00 7.080095e-25 3.356747e-25 1.043684e-24 
2.010000e+00 7.060747e-25 3.345962e-25 1.040671e-24 
2.012000e+00 7.038214e-25 3.337028e-25 1.037524e-24 
2.014000e+00 7.014962e-25 3.325639e-25 1.034060e-24 
2.016000e+00 6.992256e-25 3.316648e-25 1.030890e-24 
2.018000e+00 6.972660e-25 3.304779e-25 1.027744e-24 
2.020000e+00 6.951204e-25 3.293737e-25 1.024494e-24 
2.022000e+00 6.932355e-25 3.281766e-25 1.021412e-24 
2.024000e+00 6.910127e-25 3.270195e-25 1.018032e-24 
2.026000e+00 6.888061e-25 3.258835e-25 1.014690e-24 
2.028000e+00 6.864685e-25 3.247048e-25 1.011173e-24 
2.030000e+00 6.845323e-25 3.239697e-25 1.008502e-24 
2.032000e+00 6.821556e-25 3.226495e-25 1.004805e-24 
2.034000e+00 6.805330e-25 3.215650e-25 1.002098e-24 
2.036000e+00 6.782512e-25 3.202125e-25 9.984637e-25 
2.038000e+00 6.763224e-25 3.193201e-25 9.956425e-25 
2.040000e+00 6.746855e-25 3.182410e-25 9.929265e-25 
2.042000e+00 6.726550e-25 3.169534e-25 9.896084e-25 
2.044000e+00 6.704476e-25 3.164135e-25 9.868610e-25 
2.046000e+00 6.685061e-25 3.154201e-25 9.839261e-25 
2.048000e+00 6.666668e-25 3.141688e-25 9.808356e-25 
2.050000e+00 6.644638e-25 3.130912e-25 9.775549e-25 
2.052000e+00 6.621111e-25 3.121191e-25 9.742303e-25 
2.054000e+00 6.607506e-25 3.111458e-25 9.718963e-25 
2.056000e+00 6.587796e-25 3.098841e-25 9.686637e-25 
2.058000e+00 6.566029e-25 3.091698e-25 9.657727e-25 
2.060000e+00 6.546394e-25 3.081286e-25 9.627680e-25 
2.062000e+00 6.524887e-25 3.070397e-25 9.595284e-25 
2.064000e+00 6.505478e-25 3.060103e-25 9.565581e-25 
2.066000e+00 6.483814e-25 3.048867e-25 9.532681e-25 
2.068000e+00 6.462526e-25 3.040423e-25 9.502949e-25 
2.070000e+00 6.448940e-25 3.031168e-25 9.480109e-25 
2.072000e+00 6.428862e-25 3.021141e-25 9.450003e-25 
2.074000e+00 6.412254e-25 3.010370e-25 9.422624e-25 
2.076000e+00 6.391027e-25 2.999083e-25 9.390111e-25 
2.078000e+00 6.370009e-25 2.991550e-25 9.361559e-25 
2.080000e+00 6.354392e-25 2.983328e-25 9.337721e-25 
2.082000e+00 6.333318e-25 2.972330e-25 9.305648e-25 
2.084000e+00 6.316467e-25 2.962437e-25 9.278903e-25 
2.086000e+00 6.292717e-25 2.950153e-25 9.242870e-25 
2.088000e+00 6.270454e-25 2.941430e-25 9.211884e-25 
2.090000e+00 6.253731e-25 2.933013e-25 9.186744e-25 
2.092000e+00 6.235805e-25 2.922254e-25 9.158059e-25 
2.094000e+00 6.219919e-25 2.914678e-25 9.134597e-25 
2.096000e+00 6.201985e-25 2.904924e-25 9.106909e-25 
2.098000e+00 6.180024e-25 2.897341e-25 9.077365e-25 
2.100000e+00 6.162054e-25 2.886578e-25 9.048632e-25 
2.102000e+00 6.148019e-25 2.880148e-25 9.028167e-25 
2.104000e+00 6.126367e-25 2.867136e-25 8.993503e-25 
2.106000e+00 6.101543e-25 2.860521e-25 8.962064e-25 
2.108000e+00 6.087723e-25 2.852707e-25 8.940430e-25 
2.110000e+00 6.068786e-25 2.844071e-25 8.912857e-25 
2.112000e+00 6.051302e-25 2.831538e-25 8.882840e-25 
2.114000e+00 6.032782e-25 2.825923e-25 8.858705e-25 
2.116000e+00 6.016376e-25 2.817285e-25 8.833661e-25 
2.118000e+00 5.994950e-25 2.810137e-25 8.805087e-25 
2.120000e+00 5.979648e-25 2.798060e-25 8.777707e-25 
2.122000e+00 5.957435e-25 2.791048e-25 8.748483e-25 
2.124000e+00 5.942215e-25 2.780473e-25 8.722688e-25 
2.126000e+00 5.922710e-25 2.772298e-25 8.695008e-25 
2.128000e+00 5.906398e-25 2.762984e-25 8.669382e-25 
2.130000e+00 5.885418e-25 2.754485e-25 8.639903e-25 
2.132000e+00 5.873582e-25 2.744812e-25 8.618394e-25 
2.134000e+00 5.851241e-25 2.736772e-25 8.588013e-25 
2.136000e+00 5.835028e-25 2.726311e-25 8.561339e-25 
2.138000e+00 5.817830e-25 2.720680e-25 8.538510e-25 
2.140000e+00 5.802811e-25 2.711970e-25 8.514781e-25 
2.142000e+00 5.782905e-25 2.700920e-25 8.483826e-25 
2.144000e+00 5.767488e-25 2.694166e-25 8.461654e-25 
2.146000e+00 5.753026e-25 2.688907e-25 8.441933e-25 
2.148000e+00 5.732195e-25 2.677477e-25 8.409672e-25 
2.150000e+00 5.714754e-25 2.669757e-25 8.384511e-25 
2.152000e+00 5.696330e-25 2.661825e-25 8.358155e-25 
2.154000e+00 5.677548e-25 2.651988e-25 8.329536e-25 
2.156000e+00 5.665292e-25 2.643999e-25 8.309291e-25 
2.158000e+00 5.674874e-25 2.638018e-25 8.312892e-25 
2.160000e+00 5.628697e-25 2.629042e-25 8.257739e-25 
2.162000e+00 5.615114e-25 2.620465e-25 8.235579e-25 
2.164000e+00 5.595650e-25 2.613859e-25 8.209510e-25 
2.166000e+00 5.579544e-25 2.606419e-25 8.185963e-25 
2.168000e+00 5.564356e-25 2.596657e-25 8.161013e-25 
2.170000e+00 5.545379e-25 2.587127e-25 8.132506e-25 
2.172000e+00 5.532854e-25 2.579429e-25 8.112283e-25 
2.174000e+00 5.516586e-25 2.570693e-25 8.087279e-25 
2.176000e+00 5.502409e-25 2.564293e-25 8.066701e-25 
2.178000e+00 5.477866e-25 2.556175e-25 8.034041e-25 
2.180000e+00 5.463624e-25 2.550836e-25 8.014460e-25 
2.182000e+00 5.449983e-25 2.539947e-25 7.989930e-25 
2.184000e+00 5.434411e-25 2.530726e-25 7.965137e-25 
2.186000e+00 5.416155e-25 2.523837e-25 7.939991e-25 
2.188000e+00 5.399960e-25 2.516407e-25 7.916367e-25 
2.190000e+00 5.383272e-25 2.506533e-25 7.889804e-25 
2.192000e+00 5.366357e-25 2.500969e-25 7.867326e-25 
2.194000e+00 5.351381e-25 2.492989e-25 7.844370e-25 
2.196000e+00 5.333653e-25 2.486434e-25 7.820087e-25 
2.198000e+00 5.323334e-25 2.479018e-25 7.802352e-25 
2.200000e+00 5.303693e-25 2.471097e-25 7.774790e-25 
2.202000e+00 5.289457e-25 2.463901e-25 7.753358e-25 
2.204000e+00 5.272308e-25 2.457088e-25 7.729396e-25 
2.206000e+00 5.255570e-25 2.450020e-25 7.705591e-25 
2.208000e+00 5.240299e-25 2.438861e-25 7.679160e-25 
2.210000e+00 5.223925e-25 2.434064e-25 7.657989e-25 
2.212000e+00 5.211196e-25 2.425732e-25 7.636928e-25 
2.214000e+00 5.193835e-25 2.422838e-25 7.616673e-25 
2.216000e+00 5.182182e-25 2.410449e-25 7.592631e-25 
2.218000e+00 5.163857e-25 2.402873e-25 7.566730e-25 
2.220000e+00 5.147899e-25 2.397558e-25 7.545458e-25 
2.222000e+00 5.135701e-25 2.391141e-25 7.526843e-25 
2.224000e+00 5.116616e-25 2.383206e-25 7.499822e-25 
2.226000e+00 5.100356e-25 2.374948e-25 7.475304e-25 
2.228000e+00 5.088096e-25 2.365069e-25 7.453165e-25 
2.230000e+00 5.073624e-25 2.357985e-25 7.431609e-25 
2.232000e+00 5.058072e-25 2.351122e-25 7.409193e-25 
2.234000e+00 5.042873e-25 2.344620e-25 7.387493e-25 
2.236000e+00 5.032574e-25 2.337008e-25 7.369582e-25 
2.238000e+00 5.019574e-25 2.330918e-25 7.350491e-25 
2.240000e+00 5.000319e-25 2.322890e-25 7.323209e-25 
2.242000e+00 4.984721e-25 2.315188e-25 7.299909e-25 
2.244000e+00 4.969349e-25 2.308402e-25 7.277751e-25 
2.246000e+00 4.959297e-25 2.301869e-25 7.261166e-25 
2.248000e+00 4.941468e-25 2.296225e-25 7.237693e-25 
2.250000e+00 4.925391e-25 2.286391e-25 7.211782e-25 
2.252000e+00 4.910494e-25 2.280657e-25 7.191152e-25 
2.254000e+00 4.897477e-25 2.274815e-25 7.172292e-25 
2.256000e+00 4.881842e-25 2.270539e-25 7.152381e-25 
2.258000e+00 4.867073e-25 2.262538e-25 7.129612e-25 
2.260000e+00 4.851328e-25 2.254437e-25 7.105766e-25 
2.262000e+00 4.813656e-25 2.247640e-25 7.061296e-25 
2.264000e+00 4.799389e-25 2.228319e-25 7.027709e-25 
2.266000e+00 4.782110e-25 2.221302e-25 7.003412e-25 
2.268000e+00 4.767508e-25 2.215871e-25 6.983379e-25 
2.270000e+00 4.751255e-25 2.207078e-25 6.958334e-25 
2.272000e+00 4.738082e-25 2.200170e-25 6.938252e-25 
2.274000e+00 4.726187e-25 2.192854e-25 6.919041e-25 
2.276000e+00 4.711257e-25 2.186437e-25 6.897694e-25 
2.278000e+00 4.697852e-25 2.182380e-25 6.880232e-25 
2.280000e+00 4.682108e-25 2.175691e-25 6.857799e-25 
2.282000e+00 4.671440e-25 2.168225e-25 6.839665e-25 
2.284000e+00 4.654165e-25 2.160790e-25 6.814955e-25 
2.286000e+00 4.644826e-25 2.154000e-25 6.798827e-25 
2.288000e+00 4.629231e-25 2.146606e-25 6.775837e-25 
2.290000e+00 4.614894e-25 2.139844e-25 6.754738e-25 
2.292000e+00 4.602630e-25 2.132298e-25 6.734928e-25 
2.294000e+00 4.589826e-25 2.128828e-25 6.718654e-25 
2.296000e+00 4.576175e-25 2.120990e-25 6.697166e-25 
2.298000e+00 4.560721e-25 2.114477e-25 6.675198e-25 
2.300000e+00 4.550112e-25 2.109819e-25 6.659932e-25 
2.302000e+00 4.539554e-25 2.104186e-25 6.643740e-25 
2.304000e+00 4.520666e-25 2.096075e-25 6.616741e-25 
2.306000e+00 4.510778e-25 2.090154e-25 6.600932e-25 
2.308000e+00 4.497248e-25 2.085081e-25 6.582329e-25 
2.310000e+00 4.484527e-25 2.078194e-25 6.562721e-25 
2.312000e+00 4.470014e-25 2.071414e-25 6.541428e-25 
2.314000e+00 4.459008e-25 2.066705e-25 6.525713e-25 
2.316000e+00 4.446292e-25 2.061288e-25 6.507580e-25 
2.318000e+00 4.435021e-25 2.054190e-25 6.489211e-25 
2.320000e+00 4.419184e-25 2.047587e-25 6.466771e-25 
2.322000e+00 4.406485e-25 2.041644e-25 6.448129e-25 
2.324000e+00 4.393462e-25 2.035776e-25 6.429238e-25 
2.326000e+00 4.381848e-25 2.028892e-25 6.410740e-25 
2.328000e+00 4.367352e-25 2.025123e-25 6.392475e-25 
2.330000e+00 4.355572e-25 2.018014e-25 6.373587e-25 
2.332000e+00 4.340744e-25 2.011831e-25 6.352575e-25 
2.334000e+00 4.326882e-25 2.007098e-25 6.333981e-25 
2.336000e+00 4.316220e-25 2.000077e-25 6.316297e-25 
2.338000e+00 4.302679e-25 1.993278e-25 6.295956e-25 
2.340000e+00 4.293211e-25 1.989001e-25 6.282212e-25 
2.342000e+00 4.279346e-25 1.981969e-25 6.261316e-25 
2.344000e+00 4.266271e-25 1.976089e-25 6.242360e-25 
2.346000e+00 4.256402e-25 1.984673e-25 6.241075e-25 
2.348000e+00 4.249404e-25 1.964564e-25 6.213968e-25 
2.350000e+00 4.229766e-25 1.960701e-25 6.190467e-25 
2.352000e+00 4.218436e-25 1.953527e-25 6.171963e-25 
2.354000e+00 4.209550e-25 1.948216e-25 6.157766e-25 
2.356000e+00 4.195380e-25 1.941503e-25 6.136883e-25 
2.358000e+00 4.183392e-25 1.937499e-25 6.120892e-25 
2.360000e+00 4.168636e-25 1.931541e-25 6.100177e-25 
2.362000e+00 4.161277e-25 1.926421e-25 6.087698e-25 
2.364000e+00 4.145513e-25 1.920780e-25 6.066293e-25 
2.366000e+00 4.134283e-25 1.915399e-25 6.049682e-25 
2.368000e+00 4.120456e-25 1.909126e-25 6.029583e-25 
2.370000e+00 4.110219e-25 1.904003e-25 6.014222e-25 
2.372000e+00 4.096085e-25 1.898253e-25 5.994338e-25 
2.374000e+00 4.086654e-25 1.893559e-25 5.980213e-25 
2.376000e+00 4.075204e-25 1.887307e-25 5.962511e-25 
2.378000e+00 4.067141e-25 1.881930e-25 5.949071e-25 
2.380000e+00 4.049235e-25 1.875872e-25 5.925108e-25 
2.382000e+00 4.040163e-25 1.872417e-25 5.912580e-25 
2.384000e+00 4.043795e-25 1.866132e-25 5.909926e-25 
2.386000e+00 4.014497e-25 1.861550e-25 5.876046e-25 
2.388000e+00 4.006983e-25 1.859027e-25 5.866010e-25 
2.390000e+00 3.991481e-25 1.851046e-25 5.842527e-25 
2.392000e+00 3.980052e-25 1.843311e-25 5.823363e-25 
2.394000e+00 3.972258e-25 1.838923e-25 5.811180e-25 
2.396000e+00 3.953962e-25 1.832883e-25 5.786845e-25 
2.398000e+00 3.946835e-25 1.828462e-25 5.775298e-25 
2.400000e+00 3.938357e-25 1.825754e-25 5.764111e-25 
2.402000e+00 3.926918e-25 1.817849e-25 5.744767e-25 
2.404000e+00 3.917273e-25 1.813325e-25 5.730598e-25 
2.406000e+00 3.903893e-25 1.808027e-25 5.711921e-25 
2.408000e+00 3.894668e-25 1.802801e-25 5.697469e-25 
2.410000e+00 3.884043e-25 1.799437e-25 5.683479e-25 
2.412000e+00 3.872393e-25 1.792948e-25 5.665341e-25 
2.414000e+00 3.862290e-25 1.788625e-25 5.650916e-25 
2.416000e+00 3.828047e-25 1.784615e-25 5.612662e-25 
2.418000e+00 3.832714e-25 1.778130e-25 5.610843e-25 
2.420000e+00 3.827541e-25 1.767963e-25 5.595504e-25 
2.422000e+00 3.819133e-25 1.767269e-25 5.586403e-25 
2.424000e+00 3.810487e-25 1.763189e-25 5.573677e-25 
2.426000e+00 3.795400e-25 1.758458e-25 5.553858e-25 
2.428000e+00 3.783507e-25 1.752399e-25 5.535906e-25 
2.430000e+00 3.774071e-25 1.749148e-25 5.523219e-25 
2.432000e+00 3.764194e-25 1.743890e-25 5.508084e-25 
2.434000e+00 3.755189e-25 1.737390e-25 5.492579e-25 
2.436000e+00 3.743437e-25 1.734340e-25 5.477777e-25 
2.438000e+00 3.734016e-25 1.729173e-25 5.463188e-25 
2.440000e+00 3.722855e-25 1.723029e-25 5.445885e-25 
2.442000e+00 3.712346e-25 1.717780e-25 5.430127e-25 
2.444000e+00 3.702242e-25 1.712897e-25 5.415139e-25 
2.446000e+00 3.695239e-25 1.708373e-25 5.403612e-25 
2.448000e+00 3.679641e-25 1.704078e-25 5.383720e-25 
2.450000e+00 3.668792e-25 1.700078e-25 5.368870e-25 
2.452000e+00 3.658561e-25 1.693930e-25 5.352491e-25 
2.454000e+00 3.648752e-25 1.688417e-25 5.337169e-25 
2.456000e+00 3.641231e-25 1.686360e-25 5.327591e-25 
2.458000e+00 3.629917e-25 1.678007e-25 5.307924e-25 
2.460000e+00 3.619886e-25 1.674862e-25 5.294748e-25 
2.462000e+00 3.609669e-25 1.669984e-25 5.279652e-25 
2.464000e+00 3.600736e-25 1.666183e-25 5.266919e-25 
2.466000e+00 3.589115e-25 1.659991e-25 5.249105e-25 
2.468000e+00 3.579767e-25 1.656130e-25 5.235897e-25 
2.470000e+00 3.568322e-25 1.651272e-25 5.219594e-25 
2.472000e+00 3.560135e-25 1.647914e-25 5.208049e-25 
2.474000e+00 3.549206e-25 1.644781e-25 5.193987e-25 
2.476000e+00 3.536912e-25 1.636716e-25 5.173628e-25 
2.478000e+00 3.526703e-25 1.633592e-25 5.160295e-25 
2.480000e+00 3.516870e-25 1.628876e-25 5.145746e-25 
2.482000e+00 3.507375e-25 1.626300e-25 5.133674e-25 
2.484000e+00 3.496945e-25 1.620595e-25 5.117540e-25 
2.486000e+00 3.492027e-25 1.615499e-25 5.107525e-25 
2.488000e+00 3.481464e-25 1.609995e-25 5.091459e-25 
2.490000e+00 3.472654e-25 1.607542e-25 5.080195e-25 
2.492000e+00 3.462651e-25 1.602303e-25 5.064955e-25 
2.494000e+00 3.452236e-25 1.598450e-25 5.050686e-25 
2.496000e+00 3.443494e-25 1.593624e-25 5.037118e-25 
2.498000e+00 3.433125e-25 1.589544e-25 5.022668e-25 
2.500000e+00 3.424125e-25 1.588072e-25 5.012196e-25 
2.502000e+00 3.413177e-25 1.581261e-25 4.994438e-25 
2.504000e+00 3.402314e-25 1.576320e-25 4.978634e-25 
2.506000e+00 3.391641e-25 1.569975e-25 4.961615e-25 
2.508000e+00 3.388499e-25 1.567414e-25 4.955914e-25 
2.510000e+00 3.369508e-25 1.562324e-25 4.931833e-25 
2.512000e+00 3.368356e-25 1.558404e-25 4.926760e-25 
2.514000e+00 3.358562e-25 1.554296e-25 4.912858e-25 
2.516000e+00 3.349983e-25 1.550741e-25 4.900724e-25 
2.518000e+00 3.330928e-25 1.547147e-25 4.878076e-25 
2.520000e+00 3.330409e-25 1.542589e-25 4.872998e-25 
2.522000e+00 3.319745e-25 1.538508e-25 4.858254e-25 
2.524000e+00 3.314673e-25 1.532273e-25 4.846946e-25 
2.526000e+00 3.306166e-25 1.528352e-25 4.834518e-25 
2.528000e+00 3.295428e-25 1.524680e-25 4.820108e-25 
2.530000e+00 3.284030e-25 1.520294e-25 4.804324e-25 
2.532000e+00 3.277331e-25 1.516577e-25 4.793908e-25 
2.534000e+00 3.268136e-25 1.510948e-25 4.779083e-25 
2.536000e+00 3.257456e-25 1.508844e-25 4.766300e-25 
2.538000e+00 3.248677e-25 1.504654e-25 4.753331e-25 
2.540000e+00 3.238610e-25 1.499741e-25 4.738351e-25 
2.542000e+00 3.227686e-25 1.496463e-25 4.724149e-25 
2.544000e+00 3.222722e-25 1.492206e-25 4.714928e-25 
2.546000e+00 3.213672e-25 1.488460e-25 4.702132e-25 
2.548000e+00 3.205511e-25 1.485341e-25 4.690852e-25 
2.550000e+00 3.200233e-25 1.479534e-25 4.679766e-25 
2.552000e+00 3.190047e-25 1.476366e-25 4.666413e-25 
2.554000e+00 3.179513e-25 1.472200e-25 4.651713e-25 
2.556000e+00 3.170976e-25 1.468048e-25 4.639024e-25 
2.558000e+00 3.163535e-25 1.464604e-25 4.628139e-25 
2.560000e+00 3.154925e-25 1.461062e-25 4.615987e-25 
2.562000e+00 3.149025e-25 1.457862e-25 4.606887e-25 
2.564000e+00 3.140175e-25 1.451149e-25 4.591323e-25 
2.566000e+00 3.130449e-25 1.447999e-25 4.578448e-25 
2.568000e+00 3.121354e-25 1.442465e-25 4.563819e-25 
2.570000e+00 3.113122e-25 1.438497e-25 4.551619e-25 
2.572000e+00 3.104055e-25 1.435407e-25 4.539462e-25 
2.574000e+00 3.095327e-25 1.434075e-25 4.529401e-25 
2.576000e+00 3.085774e-25 1.430025e-25 4.515799e-25 
2.578000e+00 3.076693e-25 1.424958e-25 4.501652e-25 
2.580000e+00 3.069105e-25 1.421151e-25 4.490257e-25 
2.582000e+00 3.054571e-25 1.418017e-25 4.472588e-25 
2.584000e+00 3.050514e-25 1.412958e-25 4.463471e-25 
2.586000e+00 3.045735e-25 1.409902e-25 4.455637e-25 
2.588000e+00 3.036114e-25 1.406313e-25 4.442427e-25 
2.590000e+00 3.027962e-25 1.402599e-25 4.430561e-25 
2.592000e+00 3.019142e-25 1.398136e-25 4.417279e-25 
2.594000e+00 3.010604e-25 1.393705e-25 4.404309e-25 
2.596000e+00 3.006456e-25 1.389927e-25 4.396383e-25 
2.598000e+00 2.997886e-25 1.389096e-25 4.386981e-25 
2.600000e+00 2.987358e-25 1.386294e-25 4.373652e-25 
2.602000e+00 2.980802e-25 1.380803e-25 4.361605e-25 
2.604000e+00 2.972546e-25 1.376851e-25 4.349397e-25 
2.606000e+00 2.965761e-25 1.374459e-25 4.340220e-25 
2.608000e+00 2.956847e-25 1.369877e-25 4.326724e-25 
2.610000e+00 2.950177e-25 1.365316e-25 4.315492e-25 
2.612000e+00 2.946425e-25 1.362062e-25 4.308487e-25 
2.614000e+00 2.936135e-25 1.359084e-25 4.295218e-25 
2.616000e+00 2.925696e-25 1.353994e-25 4.279690e-25 
2.618000e+00 2.920822e-25 1.352636e-25 4.273458e-25 
2.620000e+00 2.912231e-25 1.349280e-25 4.261511e-25 
2.622000e+00 2.904686e-25 1.345368e-25 4.250054e-25 
2.624000e+00 2.894861e-25 1.341759e-25 4.236620e-25 
2.626000e+00 2.886482e-25 1.337526e-25 4.224008e-25 
2.628000e+00 2.880920e-25 1.333505e-25 4.214425e-25 
2.630000e+00 2.869926e-25 1.328882e-25 4.198809e-25 
2.632000e+00 2.863848e-25 1.324838e-25 4.188686e-25 
2.634000e+00 2.856669e-25 1.323735e-25 4.180404e-25 
2.636000e+00 2.847176e-25 1.321177e-25 4.168354e-25 
2.638000e+00 2.840877e-25 1.316230e-25 4.157107e-25 
2.640000e+00 2.835367e-25 1.312709e-25 4.148076e-25 
2.642000e+00 2.824193e-25 1.309265e-25 4.133459e-25 
2.644000e+00 2.819924e-25 1.307990e-25 4.127914e-25 
2.646000e+00 2.811178e-25 1.303181e-25 4.114359e-25 
2.648000e+00 2.803529e-25 1.299535e-25 4.103063e-25 
2.650000e+00 2.799355e-25 1.295928e-25 4.095283e-25 
2.652000e+00 2.789827e-25 1.292801e-25 4.082628e-25 
2.654000e+00 2.783754e-25 1.291458e-25 4.075212e-25 
2.656000e+00 2.774151e-25 1.286477e-25 4.060628e-25 
2.658000e+00 2.768992e-25 1.282343e-25 4.051335e-25 
2.660000e+00 2.757882e-25 1.278510e-25 4.036392e-25 
2.662000e+00 2.754638e-25 1.275769e-25 4.030408e-25 
2.664000e+00 2.745557e-25 1.275836e-25 4.021393e-25 
2.666000e+00 2.738989e-25 1.269913e-25 4.008902e-25 
2.668000e+00 2.731194e-25 1.266199e-25 3.997394e-25 
2.670000e+00 2.723180e-25 1.261084e-25 3.984265e-25 
2.672000e+00 2.715651e-25 1.259021e-25 3.974672e-25 
2.674000e+00 2.709774e-25 1.257083e-25 3.966857e-25 
2.676000e+00 2.700519e-25 1.253726e-25 3.954245e-25 
2.678000e+00 2.694429e-25 1.249642e-25 3.944072e-25 
2.680000e+00 2.688702e-25 1.244778e-25 3.933481e-25 
2.682000e+00 2.680663e-25 1.242358e-25 3.923021e-25 
2.684000e+00 2.675202e-25 1.240673e-25 3.915875e-25 
2.686000e+00 2.668346e-25 1.237582e-25 3.905929e-25 
2.688000e+00 2.664273e-25 1.232845e-25 3.897118e-25 
2.690000e+00 2.652937e-25 1.228273e-25 3.881209e-25 
2.692000e+00 2.645493e-25 1.227429e-25 3.872922e-25 
2.694000e+00 2.639112e-25 1.223362e-25 3.862474e-25 
2.696000e+00 2.634403e-25 1.220259e-25 3.854662e-25 
2.698000e+00 2.624874e-25 1.218876e-25 3.843750e-25 
2.700000e+00 2.618351e-25 1.215350e-25 3.833701e-25 
2.702000e+00 2.613001e-25 1.211524e-25 3.824524e-25 
2.704000e+00 2.604488e-25 1.210112e-25 3.814599e-25 
2.706000e+00 2.599622e-25 1.205678e-25 3.805300e-25 
2.708000e+00 2.593167e-25 1.201275e-25 3.794442e-25 
2.710000e+00 2.590381e-25 1.200430e-25 3.790811e-25 
2.712000e+00 2.577342e-25 1.197507e-25 3.774849e-25 
2.714000e+00 2.573552e-25 1.193805e-25 3.767358e-25 
2.716000e+00 2.567401e-25 1.192482e-25 3.759883e-25 
2.718000e+00 2.562755e-25 1.187834e-25 3.750589e-25 
2.720000e+00 2.556216e-25 1.179668e-25 3.735885e-25 
2.722000e+00 2.548611e-25 1.182530e-25 3.731141e-25 
2.724000e+00 2.540247e-25 1.178463e-25 3.718711e-25 
2.726000e+00 2.535506e-25 1.174675e-25 3.710181e-25 
2.728000e+00 2.527018e-25 1.173006e-25 3.700024e-25 
2.730000e+00 2.520399e-25 1.169307e-25 3.689706e-25 
2.732000e+00 2.515406e-25 1.165992e-25 3.681398e-25 
2.734000e+00 2.509853e-25 1.164363e-25 3.674215e-25 
2.736000e+00 2.498765e-25 1.161213e-25 3.659978e-25 
2.738000e+00 2.489467e-25 1.156856e-25 3.646323e-25 
2.740000e+00 2.489908e-25 1.153107e-25 3.643015e-25 
2.742000e+00 2.484937e-25 1.151285e-25 3.636222e-25 
2.744000e+00 2.498207e-25 1.148032e-25 3.646239e-25 
2.746000e+00 2.468707e-25 1.145673e-25 3.614380e-25 
2.748000e+00 2.463548e-25 1.142572e-25 3.606120e-25 
2.750000e+00 2.457144e-25 1.138608e-25 3.595752e-25 
2.752000e+00 2.448400e-25 1.136936e-25 3.585336e-25 
2.754000e+00 2.443875e-25 1.133904e-25 3.577778e-25 
2.756000e+00 2.437510e-25 1.134704e-25 3.572215e-25 
2.758000e+00 2.432525e-25 1.129183e-25 3.561708e-25 
2.760000e+00 2.426356e-25 1.124771e-25 3.551127e-25 
2.762000e+00 2.416737e-25 1.122899e-25 3.539636e-25 
2.764000e+00 2.413030e-25 1.119103e-25 3.532133e-25 
2.766000e+00 2.405888e-25 1.117977e-25 3.523865e-25 
2.768000e+00 2.400532e-25 1.114119e-25 3.514650e-25 
2.770000e+00 2.391751e-25 1.112563e-25 3.504314e-25 
2.772000e+00 2.390501e-25 1.109688e-25 3.500189e-25 
2.774000e+00 2.385020e-25 1.105168e-25 3.490188e-25 
2.776000e+00 2.376098e-25 1.104311e-25 3.480409e-25 
2.778000e+00 2.371697e-25 1.100606e-25 3.472303e-25 
2.780000e+00 2.364983e-25 1.098311e-25 3.463293e-25 
2.782000e+00 2.360367e-25 1.095369e-25 3.455736e-25 
2.784000e+00 2.354620e-25 1.093803e-25 3.448423e-25 
2.786000e+00 2.348318e-25 1.089825e-25 3.438143e-25 
2.788000e+00 2.342096e-25 1.088456e-25 3.430552e-25 
2.790000e+00 2.338505e-25 1.084740e-25 3.423246e-25 
2.792000e+00 2.327487e-25 1.080801e-25 3.408288e-25 
2.794000e+00 2.323492e-25 1.079545e-25 3.403036e-25 
2.796000e+00 2.317796e-25 1.075856e-25 3.393652e-25 
2.798000e+00 2.312323e-25 1.074489e-25 3.386812e-25 
2.800000e+00 2.306804e-25 1.070795e-25 3.377600e-25 
2.802000e+00 2.301826e-25 1.068964e-25 3.370789e-25 
2.804000e+00 2.296136e-25 1.066259e-25 3.362395e-25 
2.806000e+00 2.293455e-25 1.064333e-25 3.357788e-25 
2.808000e+00 2.286521e-25 1.060663e-25 3.347184e-25 
2.810000e+00 2.278132e-25 1.057104e-25 3.335236e-25 
2.812000e+00 2.271961e-25 1.055907e-25 3.327868e-25 
2.814000e+00 2.265635e-25 1.051287e-25 3.316921e-25 
2.816000e+00 2.262128e-25 1.050810e-25 3.312939e-25 
2.818000e+00 2.255672e-25 1.046318e-25 3.301990e-25 
2.820000e+00 2.249094e-25 1.045222e-25 3.294315e-25 
2.822000e+00 2.245280e-25 1.041996e-25 3.287276e-25 
2.824000e+00 2.236226e-25 1.040317e-25 3.276543e-25 
2.826000e+00 2.234222e-25 1.036873e-25 3.271095e-25 
2.828000e+00 2.228331e-25 1.034416e-25 3.262747e-25 
2.830000e+00 2.218082e-25 1.031780e-25 3.249862e-25 
2.832000e+00 2.214087e-25 1.029602e-25 3.243689e-25 
2.834000e+00 2.208781e-25 1.025694e-25 3.234475e-25 
2.836000e+00 2.202917e-25 1.024701e-25 3.227618e-25 
2.838000e+00 2.195930e-25 1.023144e-25 3.219074e-25 
2.840000e+00 2.191986e-25 1.020249e-25 3.212235e-25 
2.842000e+00 2.187082e-25 1.018628e-25 3.205710e-25 
2.844000e+00 2.181172e-25 1.015045e-25 3.196217e-25 
2.846000e+00 2.177667e-25 1.013311e-25 3.190979e-25 
2.848000e+00 2.169750e-25 1.009268e-25 3.179019e-25 
2.850000e+00 2.166187e-25 1.007262e-25 3.173449e-25 
2.852000e+00 2.161699e-25 1.004531e-25 3.166231e-25 
2.854000e+00 2.154749e-25 1.002352e-25 3.157101e-25 
2.856000e+00 2.149193e-25 9.990275e-26 3.148221e-25 
2.858000e+00 2.142913e-25 9.972834e-26 3.140196e-25 
2.860000e+00 2.137683e-25 9.941500e-26 3.131833e-25 
2.862000e+00 2.133926e-25 9.926887e-26 3.126615e-25 
2.864000e+00 2.128084e-25 9.909764e-26 3.119060e-25 
2.866000e+00 2.121328e-25 9.871407e-26 3.108469e-25 
2.868000e+00 2.116372e-25 9.864565e-26 3.102828e-25 
2.870000e+00 2.111603e-25 9.825687e-26 3.094172e-25 
2.872000e+00 2.107098e-25 9.814524e-26 3.088550e-25 
2.874000e+00 2.103675e-25 9.780991e-26 3.081774e-25 
2.876000e+00 2.097833e-25 9.758852e-26 3.073718e-25 
2.878000e+00 2.093115e-25 9.727286e-26 3.065844e-25 
2.880000e+00 2.087773e-25 9.699891e-26 3.057762e-25 
2.882000e+00 2.082228e-25 9.675532e-26 3.049781e-25 
2.884000e+00 2.077077e-25 9.653834e-26 3.042460e-25 
2.886000e+00 2.072157e-25 9.647912e-26 3.036948e-25 
2.888000e+00 2.066150e-25 9.603711e-26 3.026521e-25 
2.890000e+00 2.061448e-25 9.597268e-26 3.021175e-25 
2.892000e+00 2.055111e-25 9.582365e-26 3.013348e-25 
2.894000e+00 2.053619e-25 9.537848e-26 3.007404e-25 
2.896000e+00 2.049822e-25 9.528855e-26 3.002707e-25 
2.898000e+00 2.045082e-25 9.508928e-26 2.995974e-25 
2.900000e+00 2.038153e-25 9.473947e-26 2.985548e-25 
2.902000e+00 2.032651e-25 9.467578e-26 2.979409e-25 
2.904000e+00 2.026924e-25 9.448050e-26 2.971729e-25 
2.906000e+00 2.023689e-25 9.412416e-26 2.964930e-25 
2.908000e+00 2.017546e-25 9.398621e-26 2.957408e-25 
2.910000e+00 2.014571e-25 9.370647e-26 2.951636e-25 
2.912000e+00 2.009688e-25 9.351198e-26 2.944808e-25 
2.914000e+00 2.004738e-25 9.335754e-26 2.938313e-25 
2.916000e+00 1.999627e-25 9.296547e-26 2.929282e-25 
2.918000e+00 1.995825e-25 9.286562e-26 2.924482e-25 
2.920000e+00 1.988228e-25 9.269343e-26 2.915162e-25 
2.922000e+00 1.982446e-25 9.239044e-26 2.906350e-25 
2.924000e+00 1.978049e-25 9.223828e-26 2.900432e-25 
2.926000e+00 1.976318e-25 9.213388e-26 2.897657e-25 
2.928000e+00 1.970476e-25 9.175264e-26 2.888002e-25 
2.930000e+00 1.964984e-25 9.150509e-26 2.880035e-25 
2.932000e+00 1.961685e-25 9.139257e-26 2.875611e-25 
2.934000e+00 1.955506e-25 9.109506e-26 2.866456e-25 
2.936000e+00 1.950120e-25 9.093174e-26 2.859438e-25 
2.938000e+00 1.946456e-25 9.080863e-26 2.854542e-25 
2.940000e+00 1.943630e-25 9.042669e-26 2.847897e-25 
2.942000e+00 1.937446e-25 9.030516e-26 2.840497e-25 
2.944000e+00 1.931201e-25 9.008262e-26 2.832028e-25 
2.946000e+00 1.926211e-25 8.970283e-26 2.823239e-25 
2.948000e+00 1.920914e-25 8.965422e-26 2.817456e-25 
2.950000e+00 1.917990e-25 8.935947e-26 2.811585e-25 
2.952000e+00 1.909975e-25 8.919665e-26 2.801942e-25 
2.954000e+00 1.909940e-25 8.895567e-26 2.799497e-25 
2.956000e+00 1.903925e-25 8.876622e-26 2.791587e-25 
2.958000e+00 1.898922e-25 8.873478e-26 2.786270e-25 
2.960000e+00 1.893787e-25 8.831534e-26 2.776940e-25 
2.962000e+00 1.892010e-25 8.818646e-26 2.773875e-25 
2.964000e+00 1.885812e-25 8.800440e-26 2.765856e-25 
2.966000e+00 1.880744e-25 8.771838e-26 2.757928e-25 
2.968000e+00 1.877625e-25 8.748881e-26 2.752513e-25 
2.970000e+00 1.873928e-25 8.741105e-26 2.748039e-25 
2.972000e+00 1.868454e-25 8.722891e-26 2.740743e-25 
2.974000e+00 1.852665e-25 8.689667e-26 2.721632e-25 
2.976000e+00 1.858022e-25 8.678184e-26 2.725840e-25 
2.978000e+00 1.856106e-25 8.656093e-26 2.721715e-25 
2.980000e+00 1.850584e-25 8.619824e-26 2.712567e-25 
2.982000e+00 1.844361e-25 8.603659e-26 2.704727e-25 
2.984000e+00 1.840173e-25 8.598370e-26 2.700010e-25 
2.986000e+00 1.837631e-25 8.576448e-26 2.695275e-25 
2.988000e+00 1.832683e-25 8.539399e-26 2.686623e-25 
2.990000e+00 1.828362e-25 8.538256e-26 2.682187e-25 
2.992000e+00 1.825841e-25 8.514457e-26 2.677286e-25 
2.994000e+00 1.821708e-25 8.486389e-26 2.670347e-25 
2.996000e+00 1.815503e-25 8.474226e-26 2.662926e-25 
2.998000e+00 1.809916e-25 8.447132e-26 2.654630e-25 
