1.000000e-01 1.222205e-23 8.021833e-24 2.024389e-23 
1.020000e-01 1.164483e-23 9.260448e-24 2.090528e-23 
1.040000e-01 1.104034e-23 8.604167e-24 1.964451e-23 
1.060000e-01 1.042228e-23 8.025260e-24 1.844754e-23 
1.080000e-01 9.791713e-24 7.479288e-24 1.727100e-23 
1.100000e-01 9.133899e-24 6.968588e-24 1.610249e-23 
1.120000e-01 8.425016e-24 6.513253e-24 1.493827e-23 
1.140000e-01 7.576116e-24 6.082344e-24 1.365846e-23 
1.160000e-01 6.268178e-24 5.678301e-24 1.194648e-23 
1.180000e-01 8.056068e-24 5.323326e-24 1.337939e-23 
1.200000e-01 8.257717e-24 4.990859e-24 1.324858e-23 
1.220000e-01 8.192887e-24 4.672638e-24 1.286553e-23 
1.240000e-01 8.034883e-24 4.386654e-24 1.242154e-23 
1.260000e-01 7.838439e-24 4.117840e-24 1.195628e-23 
1.280000e-01 7.618774e-24 3.868947e-24 1.148772e-23 
1.300000e-01 7.386370e-24 3.638665e-24 1.102504e-23 
1.320000e-01 7.149587e-24 3.424160e-24 1.057375e-23 
1.340000e-01 6.912467e-24 3.223668e-24 1.013613e-23 
1.360000e-01 6.675322e-24 3.036972e-24 9.712294e-24 
1.380000e-01 6.441089e-24 2.862310e-24 9.303398e-24 
1.400000e-01 6.212424e-24 2.701185e-24 8.913610e-24 
1.420000e-01 5.712699e-24 2.548863e-24 8.261562e-24 
1.440000e-01 5.458079e-24 2.406753e-24 7.864832e-24 
1.460000e-01 5.213611e-24 2.161101e-24 7.374712e-24 
1.480000e-01 4.979284e-24 2.024657e-24 7.003941e-24 
1.500000e-01 4.756228e-24 1.899678e-24 6.655906e-24 
1.520000e-01 4.543196e-24 1.781743e-24 6.324938e-24 
1.540000e-01 4.712836e-24 1.674441e-24 6.387277e-24 
1.560000e-01 4.518118e-24 1.574428e-24 6.092546e-24 
1.580000e-01 4.377334e-24 1.610704e-24 5.988039e-24 
1.600000e-01 4.152229e-24 1.524321e-24 5.676550e-24 
1.620000e-01 3.971591e-24 1.441042e-24 5.412633e-24 
1.640000e-01 3.786859e-24 1.362673e-24 5.149532e-24 
1.660000e-01 3.583735e-24 1.289975e-24 4.873710e-24 
1.680000e-01 3.359811e-24 1.222957e-24 4.582768e-24 
1.700000e-01 3.427239e-24 1.158671e-24 4.585909e-24 
1.720000e-01 3.379425e-24 1.098701e-24 4.478126e-24 
1.740000e-01 3.294813e-24 1.041740e-24 4.336553e-24 
1.760000e-01 3.201605e-24 9.878761e-25 4.189481e-24 
1.780000e-01 3.106914e-24 9.368341e-25 4.043748e-24 
1.800000e-01 3.012505e-24 8.888049e-25 3.901310e-24 
1.820000e-01 2.919564e-24 8.427724e-25 3.762336e-24 
1.840000e-01 2.830165e-24 7.992679e-25 3.629433e-24 
1.860000e-01 2.742623e-24 7.608766e-25 3.503499e-24 
1.880000e-01 2.655293e-24 7.188695e-25 3.374162e-24 
1.900000e-01 2.573155e-24 6.817023e-25 3.254858e-24 
1.920000e-01 2.495472e-24 6.464205e-25 3.141892e-24 
1.940000e-01 2.424563e-24 6.131735e-25 3.037736e-24 
1.960000e-01 2.360164e-24 5.813977e-25 2.941562e-24 
1.980000e-01 2.323187e-24 5.511994e-25 2.874386e-24 
2.000000e-01 2.225983e-24 5.228854e-25 2.748868e-24 
2.020000e-01 2.095265e-24 4.957042e-25 2.590969e-24 
2.040000e-01 2.005545e-24 4.701702e-25 2.475715e-24 
2.060000e-01 1.924916e-24 4.455393e-25 2.370455e-24 
2.080000e-01 1.834133e-24 4.185658e-25 2.252699e-24 
2.100000e-01 1.764969e-24 3.962956e-25 2.161265e-24 
2.120000e-01 1.713457e-24 3.747843e-25 2.088242e-24 
2.140000e-01 1.636124e-24 3.533947e-25 1.989519e-24 
2.160000e-01 1.576454e-24 3.337715e-25 1.910226e-24 
2.180000e-01 1.520112e-24 3.147080e-25 1.834820e-24 
2.200000e-01 1.466568e-24 2.969818e-25 1.763549e-24 
2.220000e-01 1.413699e-24 2.795894e-25 1.693289e-24 
2.240000e-01 1.363290e-24 2.635952e-25 1.626885e-24 
2.260000e-01 1.314799e-24 2.483721e-25 1.563171e-24 
2.280000e-01 1.269306e-24 2.330682e-25 1.502375e-24 
2.300000e-01 1.223851e-24 2.183769e-25 1.442228e-24 
2.320000e-01 1.181103e-24 2.046121e-25 1.385716e-24 
2.340000e-01 1.140423e-24 1.913160e-25 1.331739e-24 
2.360000e-01 1.101215e-24 1.785997e-25 1.279815e-24 
2.380000e-01 1.062589e-24 1.659351e-25 1.228524e-24 
2.400000e-01 1.025575e-24 1.556590e-25 1.181234e-24 
2.420000e-01 9.909609e-25 1.471601e-25 1.138121e-24 
2.440000e-01 9.577839e-25 1.393763e-25 1.097160e-24 
2.460000e-01 9.517754e-25 1.301883e-25 1.081964e-24 
2.480000e-01 9.216037e-25 1.243015e-25 1.045905e-24 
2.500000e-01 8.919606e-25 1.142354e-25 1.006196e-24 
2.520000e-01 8.640291e-25 1.031254e-25 9.671545e-25 
2.540000e-01 8.368374e-25 9.195186e-26 9.287893e-25 
2.560000e-01 8.110453e-25 8.076655e-26 8.918118e-25 
2.580000e-01 7.867223e-25 6.924060e-26 8.559629e-25 
2.600000e-01 7.618319e-25 5.619666e-26 8.180285e-25 
2.620000e-01 7.380468e-25 4.230541e-26 7.803523e-25 
2.640000e-01 7.157693e-25 2.789334e-26 7.436627e-25 
2.660000e-01 6.945362e-25 1.584286e-26 7.103790e-25 
2.680000e-01 6.734317e-25 6.704913e-27 6.801366e-25 
2.700000e-01 6.534274e-25 1.359203e-27 6.547866e-25 
2.720000e-01 6.342806e-25 1.130847e-27 6.354115e-25 
2.740000e-01 6.156533e-25 7.004074e-27 6.226574e-25 
2.760000e-01 5.981740e-25 2.038705e-26 6.185610e-25 
2.780000e-01 5.804630e-25 4.235087e-26 6.228139e-25 
2.800000e-01 5.636962e-25 1.555497e-25 7.192458e-25 
2.820000e-01 5.473006e-25 2.163471e-25 7.636478e-25 
2.840000e-01 5.316060e-25 1.978104e-25 7.294164e-25 
2.860000e-01 5.163870e-25 1.805083e-25 6.968953e-25 
2.880000e-01 5.013717e-25 1.694201e-25 6.707918e-25 
2.900000e-01 4.869670e-25 1.637520e-25 6.507190e-25 
2.920000e-01 4.730167e-25 1.622550e-25 6.352717e-25 
2.940000e-01 4.596565e-25 1.641583e-25 6.238148e-25 
2.960000e-01 4.469056e-25 1.676187e-25 6.145243e-25 
2.980000e-01 4.342863e-25 1.724768e-25 6.067630e-25 
3.000000e-01 4.219512e-25 1.770312e-25 5.989824e-25 
3.020000e-01 4.100544e-25 1.793869e-25 5.894413e-25 
3.040000e-01 3.985827e-25 1.804523e-25 5.790350e-25 
3.060000e-01 3.877465e-25 1.805685e-25 5.683150e-25 
3.080000e-01 3.770096e-25 1.805412e-25 5.575508e-25 
3.100000e-01 3.664599e-25 1.792567e-25 5.457166e-25 
3.120000e-01 3.563739e-25 1.776574e-25 5.340312e-25 
3.140000e-01 3.465850e-25 1.749616e-25 5.215466e-25 
3.160000e-01 3.372593e-25 1.715951e-25 5.088544e-25 
3.180000e-01 3.282562e-25 1.673335e-25 4.955896e-25 
3.200000e-01 3.192635e-25 1.636314e-25 4.828949e-25 
3.220000e-01 3.106002e-25 1.603679e-25 4.709681e-25 
3.240000e-01 3.023231e-25 1.579384e-25 4.602615e-25 
3.260000e-01 2.941393e-25 1.558633e-25 4.500026e-25 
3.280000e-01 2.864672e-25 1.538165e-25 4.402838e-25 
3.300000e-01 2.790928e-25 1.515011e-25 4.305939e-25 
3.320000e-01 2.715781e-25 1.491006e-25 4.206787e-25 
3.340000e-01 2.643903e-25 1.468008e-25 4.111911e-25 
3.360000e-01 2.574858e-25 1.443165e-25 4.018023e-25 
3.380000e-01 2.507255e-25 1.419042e-25 3.926297e-25 
3.400000e-01 2.443864e-25 1.395679e-25 3.839543e-25 
3.420000e-01 2.382911e-25 1.371938e-25 3.754849e-25 
3.440000e-01 2.320556e-25 1.349287e-25 3.669842e-25 
3.460000e-01 2.263004e-25 1.324364e-25 3.587368e-25 
3.480000e-01 2.342832e-25 1.397458e-25 3.740290e-25 
3.500000e-01 2.293708e-25 1.374239e-25 3.667948e-25 
3.520000e-01 2.243716e-25 1.354760e-25 3.598477e-25 
3.540000e-01 2.191478e-25 1.334045e-25 3.525523e-25 
3.560000e-01 2.144058e-25 1.316798e-25 3.460856e-25 
3.580000e-01 2.101965e-25 1.300690e-25 3.402655e-25 
3.600000e-01 2.058748e-25 1.282121e-25 3.340869e-25 
3.620000e-01 2.015570e-25 1.264132e-25 3.279702e-25 
3.640000e-01 1.974198e-25 1.246390e-25 3.220589e-25 
3.660000e-01 1.934323e-25 1.227016e-25 3.161339e-25 
3.680000e-01 1.883880e-25 1.206928e-25 3.090808e-25 
3.700000e-01 1.847231e-25 1.191085e-25 3.038316e-25 
3.720000e-01 1.810700e-25 1.174677e-25 2.985377e-25 
3.740000e-01 1.753469e-25 1.157602e-25 2.911070e-25 
3.760000e-01 1.734250e-25 1.140882e-25 2.875131e-25 
3.780000e-01 1.697231e-25 1.122654e-25 2.819885e-25 
3.800000e-01 1.655797e-25 1.102147e-25 2.757944e-25 
3.820000e-01 1.617355e-25 1.084400e-25 2.701754e-25 
3.840000e-01 1.587528e-25 1.069821e-25 2.657349e-25 
3.860000e-01 1.554171e-25 1.052981e-25 2.607152e-25 
3.880000e-01 1.519349e-25 1.036181e-25 2.555530e-25 
3.900000e-01 1.487896e-25 1.020348e-25 2.508244e-25 
3.920000e-01 1.455710e-25 1.003037e-25 2.458747e-25 
3.940000e-01 1.419543e-25 9.838956e-26 2.403438e-25 
3.960000e-01 1.386201e-25 9.674901e-26 2.353691e-25 
3.980000e-01 1.360924e-25 9.548153e-26 2.315739e-25 
4.000000e-01 1.332329e-25 9.391241e-26 2.271453e-25 
4.020000e-01 1.301955e-25 9.230513e-26 2.225006e-25 
4.040000e-01 1.274905e-25 9.085653e-26 2.183470e-25 
4.060000e-01 1.253608e-25 8.931143e-26 2.146723e-25 
4.080000e-01 1.216313e-25 8.755162e-26 2.091829e-25 
4.100000e-01 1.185736e-25 8.594213e-26 2.045158e-25 
4.120000e-01 1.163214e-25 8.473819e-26 2.010596e-25 
4.140000e-01 1.139643e-25 8.340788e-26 1.973722e-25 
4.160000e-01 1.114206e-25 8.191707e-26 1.933377e-25 
4.180000e-01 1.088381e-25 8.051730e-26 1.893554e-25 
4.200000e-01 1.066031e-25 7.928338e-26 1.858865e-25 
4.220000e-01 1.040989e-25 7.779208e-26 1.818910e-25 
4.240000e-01 1.012763e-25 7.615581e-26 1.774321e-25 
4.260000e-01 9.900831e-26 7.489632e-26 1.739046e-25 
4.280000e-01 9.714458e-26 7.380123e-26 1.709458e-25 
4.300000e-01 9.509144e-26 7.256738e-26 1.676588e-25 
4.320000e-01 9.242343e-26 7.096037e-26 1.633838e-25 
4.340000e-01 9.062895e-26 6.984194e-26 1.604709e-25 
4.360000e-01 8.872076e-26 6.881126e-26 1.575320e-25 
4.380000e-01 8.674145e-26 6.762674e-26 1.543682e-25 
4.400000e-01 8.466627e-26 6.638839e-26 1.510547e-25 
4.420000e-01 8.281049e-26 6.525676e-26 1.480673e-25 
4.440000e-01 8.103861e-26 6.418347e-26 1.452221e-25 
4.460000e-01 7.928206e-26 6.310115e-26 1.423832e-25 
4.480000e-01 7.748129e-26 6.200708e-26 1.394884e-25 
4.500000e-01 7.584316e-26 6.102031e-26 1.368635e-25 
4.520000e-01 7.389289e-26 6.004580e-26 1.339387e-25 
4.540000e-01 7.269879e-26 5.964251e-26 1.323413e-25 
4.560000e-01 7.089367e-26 5.782491e-26 1.287186e-25 
4.580000e-01 6.917193e-26 5.681416e-26 1.259861e-25 
4.600000e-01 6.755033e-26 5.574118e-26 1.232915e-25 
4.620000e-01 6.607819e-26 5.480670e-26 1.208849e-25 
4.640000e-01 6.461275e-26 5.388466e-26 1.184974e-25 
4.660000e-01 6.311041e-26 5.293112e-26 1.160415e-25 
4.680000e-01 6.170653e-26 5.207369e-26 1.137802e-25 
4.700000e-01 6.034865e-26 5.121240e-26 1.115610e-25 
4.720000e-01 5.878952e-26 5.028285e-26 1.090724e-25 
4.740000e-01 5.743592e-26 4.938069e-26 1.068166e-25 
4.760000e-01 5.600942e-26 4.827810e-26 1.042875e-25 
4.780000e-01 5.451601e-26 4.738971e-26 1.019057e-25 
4.800000e-01 5.333917e-26 4.660407e-26 9.994324e-26 
4.820000e-01 5.203875e-26 4.577063e-26 9.780938e-26 
4.840000e-01 5.074320e-26 4.493153e-26 9.567472e-26 
4.860000e-01 4.953922e-26 4.416181e-26 9.370104e-26 
4.880000e-01 4.837003e-26 4.339938e-26 9.176941e-26 
4.900000e-01 4.717845e-26 4.260409e-26 8.978254e-26 
4.920000e-01 4.587273e-26 4.171557e-26 8.758831e-26 
4.940000e-01 4.449339e-26 4.072971e-26 8.522310e-26 
4.960000e-01 4.336253e-26 4.007719e-26 8.343973e-26 
4.980000e-01 4.239817e-26 3.947641e-26 8.187457e-26 
5.000000e-01 4.140896e-26 3.879272e-26 8.020168e-26 
5.020000e-01 4.018784e-26 3.807279e-26 7.826063e-26 
5.040000e-01 3.915500e-26 3.743689e-26 7.659189e-26 
5.060000e-01 3.820325e-26 3.687583e-26 7.507907e-26 
5.080000e-01 3.722167e-26 3.626862e-26 7.349029e-26 
5.100000e-01 3.608314e-26 3.555862e-26 7.164176e-26 
5.120000e-01 3.436536e-26 3.426553e-26 6.863089e-26 
5.140000e-01 3.356762e-26 3.383016e-26 6.739777e-26 
5.160000e-01 3.262164e-26 3.333962e-26 6.596126e-26 
5.180000e-01 3.202251e-26 3.276069e-26 6.478320e-26 
5.200000e-01 3.051562e-26 3.214516e-26 6.266078e-26 
5.220000e-01 2.987915e-26 3.163336e-26 6.151251e-26 
5.240000e-01 2.894793e-26 3.159595e-26 6.054388e-26 
5.260000e-01 2.796482e-26 3.114260e-26 5.910742e-26 
5.280000e-01 2.687313e-26 2.992081e-26 5.679394e-26 
5.300000e-01 2.506423e-26 2.931985e-26 5.438408e-26 
5.320000e-01 2.399396e-26 2.891858e-26 5.291253e-26 
5.340000e-01 2.283483e-26 2.860487e-26 5.143970e-26 
5.360000e-01 2.142441e-26 2.814365e-26 4.956806e-26 
5.380000e-01 1.957861e-26 2.763427e-26 4.721288e-26 
5.400000e-01 1.733468e-26 2.714920e-26 4.448388e-26 
5.420000e-01 1.535176e-26 2.675919e-26 4.211095e-26 
5.440000e-01 1.470416e-26 2.639112e-26 4.109527e-26 
5.460000e-01 1.583123e-26 2.593119e-26 4.176242e-26 
5.480000e-01 1.844347e-26 2.543434e-26 4.387781e-26 
5.500000e-01 2.060107e-26 2.499755e-26 4.559862e-26 
5.520000e-01 2.204709e-26 2.477684e-26 4.682393e-26 
5.540000e-01 2.288361e-26 2.448709e-26 4.737071e-26 
5.560000e-01 2.342592e-26 2.423290e-26 4.765883e-26 
5.580000e-01 2.377895e-26 2.411934e-26 4.789828e-26 
5.600000e-01 2.403764e-26 2.365461e-26 4.769225e-26 
5.620000e-01 2.427112e-26 2.343147e-26 4.770260e-26 
5.640000e-01 2.474767e-26 2.322349e-26 4.797115e-26 
5.660000e-01 2.459738e-26 2.302139e-26 4.761877e-26 
5.680000e-01 2.476932e-26 2.282943e-26 4.759875e-26 
5.700000e-01 2.489354e-26 2.255395e-26 4.744750e-26 
5.720000e-01 2.507249e-26 2.256653e-26 4.763902e-26 
5.740000e-01 2.507338e-26 2.239047e-26 4.746385e-26 
5.760000e-01 2.504831e-26 2.217085e-26 4.721917e-26 
5.780000e-01 2.502880e-26 2.197725e-26 4.700605e-26 
5.800000e-01 2.512651e-26 2.178687e-26 4.691338e-26 
5.820000e-01 2.495923e-26 2.161336e-26 4.657259e-26 
5.840000e-01 2.487671e-26 2.141021e-26 4.628692e-26 
5.860000e-01 2.480762e-26 2.119064e-26 4.599827e-26 
5.880000e-01 2.469449e-26 2.102431e-26 4.571880e-26 
5.900000e-01 2.467554e-26 2.087961e-26 4.555515e-26 
5.920000e-01 2.459480e-26 2.074499e-26 4.533979e-26 
5.940000e-01 2.452113e-26 2.060031e-26 4.512145e-26 
5.960000e-01 2.435428e-26 2.037699e-26 4.473127e-26 
5.980000e-01 2.421804e-26 2.019152e-26 4.440956e-26 
6.000000e-01 2.406225e-26 1.999548e-26 4.405773e-26 
6.020000e-01 2.390410e-26 1.979568e-26 4.369977e-26 
6.040000e-01 2.372649e-26 1.958280e-26 4.330928e-26 
6.060000e-01 2.347509e-26 1.934751e-26 4.282260e-26 
6.080000e-01 2.330961e-26 1.913068e-26 4.244029e-26 
6.100000e-01 2.315386e-26 1.903391e-26 4.218777e-26 
6.120000e-01 2.300432e-26 1.882492e-26 4.182925e-26 
6.140000e-01 2.286073e-26 1.868278e-26 4.154351e-26 
6.160000e-01 2.268296e-26 1.850568e-26 4.118863e-26 
6.180000e-01 2.245111e-26 1.828748e-26 4.073860e-26 
6.200000e-01 2.224404e-26 1.810402e-26 4.034807e-26 
6.220000e-01 2.204548e-26 1.790908e-26 3.995456e-26 
6.240000e-01 2.181141e-26 1.769879e-26 3.951020e-26 
6.260000e-01 2.157067e-26 1.750216e-26 3.907283e-26 
6.280000e-01 2.131324e-26 1.728294e-26 3.859618e-26 
6.300000e-01 2.106161e-26 1.706916e-26 3.813077e-26 
6.320000e-01 2.089104e-26 1.689087e-26 3.778191e-26 
6.340000e-01 2.066821e-26 1.673079e-26 3.739900e-26 
6.360000e-01 2.046961e-26 1.657722e-26 3.704683e-26 
6.380000e-01 2.026491e-26 1.641181e-26 3.667672e-26 
6.400000e-01 2.001843e-26 1.621982e-26 3.623825e-26 
6.420000e-01 1.975926e-26 1.601661e-26 3.577587e-26 
6.440000e-01 1.952551e-26 1.584794e-26 3.537344e-26 
6.460000e-01 1.928385e-26 1.567793e-26 3.496178e-26 
6.480000e-01 1.902884e-26 1.550517e-26 3.453401e-26 
6.500000e-01 1.875343e-26 1.534647e-26 3.409990e-26 
6.520000e-01 1.847321e-26 1.511670e-26 3.358991e-26 
6.540000e-01 1.820907e-26 1.492436e-26 3.313342e-26 
6.560000e-01 1.799093e-26 1.477639e-26 3.276732e-26 
6.580000e-01 1.777447e-26 1.463124e-26 3.240571e-26 
6.600000e-01 1.754595e-26 1.450245e-26 3.204840e-26 
6.620000e-01 1.728313e-26 1.432228e-26 3.160541e-26 
6.640000e-01 1.701604e-26 1.415506e-26 3.117110e-26 
6.660000e-01 1.673389e-26 1.398615e-26 3.072004e-26 
6.680000e-01 1.647044e-26 1.381985e-26 3.029029e-26 
6.700000e-01 1.619834e-26 1.365494e-26 2.985328e-26 
6.720000e-01 1.591671e-26 1.348465e-26 2.940136e-26 
6.740000e-01 1.561464e-26 1.330392e-26 2.891856e-26 
6.760000e-01 1.526305e-26 1.309072e-26 2.835377e-26 
6.780000e-01 1.500207e-26 1.295415e-26 2.795622e-26 
6.800000e-01 1.473950e-26 1.282349e-26 2.756299e-26 
6.820000e-01 1.448375e-26 1.271327e-26 2.719702e-26 
6.840000e-01 1.424041e-26 1.258195e-26 2.682236e-26 
6.860000e-01 1.387278e-26 1.242159e-26 2.629437e-26 
6.880000e-01 1.353544e-26 1.226681e-26 2.580225e-26 
6.900000e-01 1.316981e-26 1.209455e-26 2.526436e-26 
6.920000e-01 1.281158e-26 1.194930e-26 2.476088e-26 
6.940000e-01 1.242191e-26 1.180863e-26 2.423053e-26 
6.960000e-01 1.201142e-26 1.166759e-26 2.367901e-26 
6.980000e-01 1.151588e-26 1.150683e-26 2.302271e-26 
7.000000e-01 1.088104e-26 1.134962e-26 2.223065e-26 
7.020000e-01 1.017845e-26 1.118257e-26 2.136102e-26 
7.040000e-01 9.523355e-27 1.105138e-26 2.057473e-26 
7.060000e-01 9.238574e-27 1.094862e-26 2.018719e-26 
7.080000e-01 9.245650e-27 1.085939e-26 2.010504e-26 
7.100000e-01 9.808360e-27 1.071573e-26 2.052409e-26 
7.120000e-01 1.054768e-26 1.057346e-26 2.112115e-26 
7.140000e-01 1.147577e-26 1.042765e-26 2.190342e-26 
7.160000e-01 1.202692e-26 1.029659e-26 2.232351e-26 
7.180000e-01 1.244836e-26 1.016771e-26 2.261607e-26 
7.200000e-01 1.267418e-26 1.005642e-26 2.273060e-26 
7.220000e-01 1.281547e-26 9.930265e-27 2.274573e-26 
7.240000e-01 1.288699e-26 9.792691e-27 2.267968e-26 
7.260000e-01 1.292274e-26 9.658405e-27 2.258115e-26 
7.280000e-01 1.294491e-26 9.528086e-27 2.247300e-26 
7.300000e-01 1.296438e-26 9.412648e-27 2.237702e-26 
7.320000e-01 1.301366e-26 9.336294e-27 2.234995e-26 
7.340000e-01 1.305531e-26 9.265591e-27 2.232090e-26 
7.360000e-01 1.302409e-26 9.136737e-27 2.216082e-26 
7.380000e-01 1.295871e-26 9.008270e-27 2.196698e-26 
7.400000e-01 1.291322e-26 8.894681e-27 2.180790e-26 
7.420000e-01 1.285448e-26 8.778940e-27 2.163342e-26 
7.440000e-01 1.279223e-26 8.670894e-27 2.146312e-26 
7.460000e-01 1.275242e-26 8.581319e-27 2.133374e-26 
7.480000e-01 1.269277e-26 8.484205e-27 2.117698e-26 
7.500000e-01 1.259584e-26 8.361612e-27 2.095746e-26 
7.520000e-01 1.250223e-26 8.250417e-27 2.075265e-26 
7.540000e-01 1.241315e-26 8.140196e-27 2.055334e-26 
7.560000e-01 1.232200e-26 8.037375e-27 2.035937e-26 
7.580000e-01 1.226188e-26 7.956380e-27 2.021826e-26 
7.600000e-01 1.221926e-26 7.912705e-27 2.013197e-26 
7.620000e-01 1.217929e-26 7.897145e-27 2.007643e-26 
7.640000e-01 1.210386e-26 7.746826e-27 1.985069e-26 
7.660000e-01 1.203430e-26 7.667419e-27 1.970172e-26 
7.680000e-01 1.196241e-26 7.591341e-27 1.955376e-26 
7.700000e-01 1.187972e-26 7.506421e-27 1.938614e-26 
7.720000e-01 1.181673e-26 7.442693e-27 1.925942e-26 
7.740000e-01 1.176052e-26 7.380913e-27 1.914144e-26 
7.760000e-01 1.168812e-26 7.306401e-27 1.899452e-26 
7.780000e-01 1.159898e-26 7.223208e-27 1.882219e-26 
7.800000e-01 1.151412e-26 7.147246e-27 1.866136e-26 
7.820000e-01 1.142431e-26 7.062103e-27 1.848642e-26 
7.840000e-01 1.134083e-26 6.977888e-27 1.831872e-26 
7.860000e-01 1.120182e-26 6.917131e-27 1.811895e-26 
7.880000e-01 1.120333e-26 6.872810e-27 1.807614e-26 
7.900000e-01 1.114311e-26 6.820534e-27 1.796365e-26 
7.920000e-01 1.105366e-26 6.748842e-27 1.780250e-26 
7.940000e-01 1.097606e-26 6.686572e-27 1.766263e-26 
7.960000e-01 1.087501e-26 6.622192e-27 1.749720e-26 
7.980000e-01 1.076904e-26 6.545827e-27 1.731487e-26 
8.000000e-01 1.068526e-26 6.490034e-27 1.717529e-26 
8.020000e-01 1.061883e-26 6.428617e-27 1.704744e-26 
8.040000e-01 1.054649e-26 6.368468e-27 1.691495e-26 
8.060000e-01 1.045860e-26 6.298812e-27 1.675741e-26 
8.080000e-01 1.037451e-26 6.239338e-27 1.661385e-26 
8.100000e-01 1.028955e-26 6.171301e-27 1.646086e-26 
8.120000e-01 1.019414e-26 6.093341e-27 1.628748e-26 
8.140000e-01 1.010721e-26 6.026569e-27 1.613378e-26 
8.160000e-01 1.005194e-26 5.970265e-27 1.602220e-26 
8.180000e-01 1.001060e-26 5.932682e-27 1.594328e-26 
8.200000e-01 9.945645e-27 5.867360e-27 1.581301e-26 
8.220000e-01 9.880892e-27 5.821525e-27 1.570242e-26 
8.240000e-01 9.812333e-27 5.768172e-27 1.558051e-26 
8.260000e-01 9.741494e-27 5.714250e-27 1.545574e-26 
8.280000e-01 9.661509e-27 5.650557e-27 1.531207e-26 
8.300000e-01 9.592642e-27 5.594402e-27 1.518704e-26 
8.320000e-01 9.294596e-27 5.415865e-27 1.471046e-26 
8.340000e-01 9.251922e-27 5.369241e-27 1.462116e-26 
8.360000e-01 9.183180e-27 5.318806e-27 1.450199e-26 
8.380000e-01 9.116210e-27 5.256249e-27 1.437246e-26 
8.400000e-01 9.067178e-27 5.207562e-27 1.427474e-26 
8.420000e-01 8.989492e-27 5.153852e-27 1.414334e-26 
8.440000e-01 8.924605e-27 5.100332e-27 1.402494e-26 
8.460000e-01 8.900238e-27 5.070068e-27 1.397031e-26 
8.480000e-01 8.922073e-27 5.071925e-27 1.399400e-26 
8.500000e-01 8.903139e-27 5.045171e-27 1.394831e-26 
8.520000e-01 8.848103e-27 4.997855e-27 1.384596e-26 
8.540000e-01 8.790919e-27 4.951931e-27 1.374285e-26 
8.560000e-01 8.723629e-27 4.896260e-27 1.361989e-26 
8.580000e-01 8.638522e-27 4.834236e-27 1.347276e-26 
8.600000e-01 8.554885e-27 4.770577e-27 1.332546e-26 
8.620000e-01 8.518303e-27 4.738185e-27 1.325649e-26 
8.640000e-01 8.496484e-27 4.713355e-27 1.320984e-26 
8.660000e-01 8.446729e-27 4.671178e-27 1.311791e-26 
8.680000e-01 8.382581e-27 4.620998e-27 1.300358e-26 
8.700000e-01 8.320382e-27 4.574523e-27 1.289491e-26 
8.720000e-01 8.250521e-27 4.524238e-27 1.277476e-26 
8.740000e-01 8.171100e-27 4.468491e-27 1.263959e-26 
8.760000e-01 8.098069e-27 4.417282e-27 1.251535e-26 
8.780000e-01 8.080054e-27 4.399154e-27 1.247921e-26 
8.800000e-01 8.072245e-27 4.390842e-27 1.246309e-26 
8.820000e-01 8.040765e-27 4.365130e-27 1.240589e-26 
8.840000e-01 7.972419e-27 4.323373e-27 1.229579e-26 
8.860000e-01 7.905148e-27 4.279154e-27 1.218430e-26 
8.880000e-01 7.826159e-27 4.230569e-27 1.205673e-26 
8.900000e-01 7.732927e-27 4.172772e-27 1.190570e-26 
8.920000e-01 7.660539e-27 4.127483e-27 1.178802e-26 
8.940000e-01 7.605994e-27 4.092411e-27 1.169840e-26 
8.960000e-01 7.568591e-27 4.065904e-27 1.163450e-26 
8.980000e-01 7.520810e-27 4.033106e-27 1.155392e-26 
9.000000e-01 7.452296e-27 3.987539e-27 1.143984e-26 
9.020000e-01 7.381757e-27 3.943622e-27 1.132538e-26 
9.040000e-01 7.303806e-27 3.896378e-27 1.120018e-26 
9.060000e-01 7.253902e-27 3.848271e-27 1.110217e-26 
9.080000e-01 7.158093e-27 3.799850e-27 1.095794e-26 
9.100000e-01 7.103427e-27 3.766861e-27 1.087029e-26 
9.120000e-01 7.086168e-27 3.755376e-27 1.084154e-26 
9.140000e-01 7.073768e-27 3.744591e-27 1.081836e-26 
9.160000e-01 7.023836e-27 3.714519e-27 1.073835e-26 
9.180000e-01 6.955673e-27 3.673072e-27 1.062875e-26 
9.200000e-01 6.881812e-27 3.626973e-27 1.050878e-26 
9.220000e-01 6.805263e-27 3.582978e-27 1.038824e-26 
9.240000e-01 6.733968e-27 3.592886e-27 1.032685e-26 
9.260000e-01 6.662036e-27 3.497198e-27 1.015923e-26 
9.280000e-01 6.607443e-27 3.465133e-27 1.007258e-26 
9.300000e-01 6.567053e-27 3.437717e-27 1.000477e-26 
9.320000e-01 6.509528e-27 3.406169e-27 9.915697e-27 
9.340000e-01 6.463463e-27 3.378103e-27 9.841566e-27 
9.360000e-01 6.398158e-27 3.341390e-27 9.739548e-27 
9.380000e-01 6.328784e-27 3.302718e-27 9.631502e-27 
9.400000e-01 6.266136e-27 3.267613e-27 9.533750e-27 
9.420000e-01 6.205241e-27 3.276450e-27 9.481691e-27 
9.440000e-01 6.209028e-27 3.231600e-27 9.440628e-27 
9.460000e-01 6.161541e-27 3.203324e-27 9.364864e-27 
9.480000e-01 6.101606e-27 3.167870e-27 9.269476e-27 
9.500000e-01 6.081886e-27 3.155465e-27 9.237351e-27 
9.520000e-01 6.024163e-27 3.122822e-27 9.146984e-27 
9.540000e-01 5.959461e-27 3.082110e-27 9.041572e-27 
9.560000e-01 5.897253e-27 3.051215e-27 8.948468e-27 
9.580000e-01 5.937416e-27 3.068887e-27 9.006304e-27 
9.600000e-01 5.922052e-27 3.058402e-27 8.980454e-27 
9.620000e-01 5.904514e-27 3.042108e-27 8.946623e-27 
9.640000e-01 5.865731e-27 3.022891e-27 8.888622e-27 
9.660000e-01 5.816562e-27 2.992428e-27 8.808990e-27 
9.680000e-01 5.754425e-27 2.956211e-27 8.710636e-27 
9.700000e-01 5.689969e-27 2.918700e-27 8.608669e-27 
9.720000e-01 5.652905e-27 2.897207e-27 8.550112e-27 
9.740000e-01 5.624137e-27 2.885493e-27 8.509631e-27 
9.760000e-01 5.581623e-27 2.855114e-27 8.436737e-27 
9.780000e-01 5.526866e-27 2.823175e-27 8.350042e-27 
9.800000e-01 5.467616e-27 2.793103e-27 8.260720e-27 
9.820000e-01 5.428056e-27 2.771284e-27 8.199340e-27 
9.840000e-01 5.364748e-27 2.736921e-27 8.101669e-27 
9.860000e-01 5.231233e-27 2.668350e-27 7.899584e-27 
9.880000e-01 5.171742e-27 2.633963e-27 7.805704e-27 
9.900000e-01 5.121568e-27 2.606157e-27 7.727725e-27 
9.920000e-01 5.073177e-27 2.579560e-27 7.652736e-27 
9.940000e-01 5.024647e-27 2.550602e-27 7.575249e-27 
9.960000e-01 4.967358e-27 2.615051e-27 7.582409e-27 
9.980000e-01 5.116803e-27 2.595294e-27 7.712096e-27 
1.000000e+00 5.087018e-27 2.582638e-27 7.669656e-27 
1.002000e+00 5.043535e-27 2.559098e-27 7.602633e-27 
1.004000e+00 4.830353e-27 2.451641e-27 7.281995e-27 
1.006000e+00 4.784307e-27 2.427435e-27 7.211743e-27 
1.008000e+00 4.738394e-27 2.403195e-27 7.141589e-27 
1.010000e+00 4.692501e-27 2.379562e-27 7.072063e-27 
1.012000e+00 4.647713e-27 2.357234e-27 7.004947e-27 
1.014000e+00 4.597920e-27 2.328122e-27 6.926043e-27 
1.016000e+00 4.553410e-27 2.305165e-27 6.858575e-27 
1.018000e+00 4.548205e-27 2.303183e-27 6.851388e-27 
1.020000e+00 4.547870e-27 2.302546e-27 6.850417e-27 
1.022000e+00 4.530714e-27 2.290983e-27 6.821697e-27 
1.024000e+00 4.500988e-27 2.274790e-27 6.775779e-27 
1.026000e+00 4.467076e-27 2.255926e-27 6.723002e-27 
1.028000e+00 4.428453e-27 2.237270e-27 6.665723e-27 
1.030000e+00 4.393073e-27 2.219204e-27 6.612277e-27 
1.032000e+00 4.359249e-27 2.200885e-27 6.560134e-27 
1.034000e+00 4.311426e-27 2.174311e-27 6.485737e-27 
1.036000e+00 4.280498e-27 2.159760e-27 6.440258e-27 
1.038000e+00 4.262720e-27 2.150453e-27 6.413173e-27 
1.040000e+00 4.239817e-27 2.137502e-27 6.377318e-27 
1.042000e+00 4.211474e-27 2.122992e-27 6.334466e-27 
1.044000e+00 4.173560e-27 2.103682e-27 6.277242e-27 
1.046000e+00 4.137984e-27 2.082947e-27 6.220932e-27 
1.048000e+00 4.102049e-27 2.065618e-27 6.167667e-27 
1.050000e+00 4.073886e-27 2.051254e-27 6.125139e-27 
1.052000e+00 4.027051e-27 2.023001e-27 6.050052e-27 
1.054000e+00 3.986250e-27 2.005928e-27 5.992178e-27 
1.056000e+00 3.982179e-27 2.004460e-27 5.986639e-27 
1.058000e+00 3.983255e-27 2.004577e-27 5.987832e-27 
1.060000e+00 3.977442e-27 2.000998e-27 5.978440e-27 
1.062000e+00 3.968280e-27 1.996633e-27 5.964913e-27 
1.064000e+00 3.940630e-27 1.981675e-27 5.922304e-27 
1.066000e+00 3.907425e-27 1.964671e-27 5.872096e-27 
1.068000e+00 3.893288e-27 1.955716e-27 5.849004e-27 
1.070000e+00 3.845885e-27 1.938228e-27 5.784113e-27 
1.072000e+00 3.818279e-27 1.917809e-27 5.736088e-27 
1.074000e+00 3.788918e-27 1.903229e-27 5.692148e-27 
1.076000e+00 3.772598e-27 1.894920e-27 5.667518e-27 
1.078000e+00 3.757694e-27 1.887725e-27 5.645420e-27 
1.080000e+00 3.736684e-27 1.877055e-27 5.613738e-27 
1.082000e+00 3.731653e-27 1.868679e-27 5.600332e-27 
1.084000e+00 3.691859e-27 1.854687e-27 5.546546e-27 
1.086000e+00 3.666711e-27 1.840977e-27 5.507689e-27 
1.088000e+00 3.719486e-27 1.832584e-27 5.552070e-27 
1.090000e+00 3.614720e-27 1.813473e-27 5.428194e-27 
1.092000e+00 3.570538e-27 1.790907e-27 5.361445e-27 
1.094000e+00 3.556879e-27 1.785747e-27 5.342626e-27 
1.096000e+00 3.556368e-27 1.784188e-27 5.340556e-27 
1.098000e+00 3.561992e-27 1.787297e-27 5.349289e-27 
1.100000e+00 3.569887e-27 1.793846e-27 5.363733e-27 
1.102000e+00 3.568631e-27 1.789911e-27 5.358542e-27 
1.104000e+00 3.550203e-27 1.780680e-27 5.330883e-27 
1.106000e+00 3.532682e-27 1.771702e-27 5.304384e-27 
1.108000e+00 3.514611e-27 1.763502e-27 5.278113e-27 
1.110000e+00 3.488964e-27 1.750075e-27 5.239040e-27 
1.112000e+00 3.459661e-27 1.734868e-27 5.194529e-27 
1.114000e+00 3.437645e-27 1.722904e-27 5.160549e-27 
1.116000e+00 3.424973e-27 1.717709e-27 5.142683e-27 
1.118000e+00 3.412817e-27 1.711269e-27 5.124085e-27 
1.120000e+00 3.397973e-27 1.706738e-27 5.104710e-27 
1.122000e+00 3.380757e-27 1.694813e-27 5.075569e-27 
1.124000e+00 3.364710e-27 1.687542e-27 5.052252e-27 
1.126000e+00 3.341216e-27 1.675574e-27 5.016790e-27 
1.128000e+00 3.323003e-27 1.666955e-27 4.989958e-27 
1.130000e+00 3.293816e-27 1.653090e-27 4.946907e-27 
1.132000e+00 3.260932e-27 1.635827e-27 4.896759e-27 
1.134000e+00 3.242075e-27 1.628434e-27 4.870508e-27 
1.136000e+00 3.236989e-27 1.624717e-27 4.861706e-27 
1.138000e+00 3.213978e-27 1.613199e-27 4.827178e-27 
1.140000e+00 3.194845e-27 1.604112e-27 4.798956e-27 
1.142000e+00 3.173654e-27 1.593644e-27 4.767298e-27 
1.144000e+00 3.157187e-27 1.585762e-27 4.742949e-27 
1.146000e+00 3.129512e-27 1.571786e-27 4.701298e-27 
1.148000e+00 3.100714e-27 1.557821e-27 4.658535e-27 
1.150000e+00 3.072842e-27 1.543570e-27 4.616413e-27 
1.152000e+00 3.040352e-27 1.527679e-27 4.568031e-27 
1.154000e+00 3.027989e-27 1.514402e-27 4.542391e-27 
1.156000e+00 2.993330e-27 1.504803e-27 4.498133e-27 
1.158000e+00 2.973615e-27 1.493235e-27 4.466850e-27 
1.160000e+00 2.938404e-27 1.482898e-27 4.421302e-27 
1.162000e+00 2.923221e-27 1.470522e-27 4.393742e-27 
1.164000e+00 2.904164e-27 1.460894e-27 4.365058e-27 
1.166000e+00 2.882485e-27 1.450429e-27 4.332913e-27 
1.168000e+00 2.856144e-27 1.437594e-27 4.293738e-27 
1.170000e+00 2.832983e-27 1.427077e-27 4.260060e-27 
1.172000e+00 2.803180e-27 1.410946e-27 4.214126e-27 
1.174000e+00 2.770956e-27 1.394495e-27 4.165451e-27 
1.176000e+00 2.751212e-27 1.385939e-27 4.137151e-27 
1.178000e+00 2.737862e-27 1.379248e-27 4.117110e-27 
1.180000e+00 2.724312e-27 1.373055e-27 4.097367e-27 
1.182000e+00 2.709838e-27 1.366904e-27 4.076742e-27 
1.184000e+00 2.689688e-27 1.358283e-27 4.047971e-27 
1.186000e+00 2.679431e-27 1.353807e-27 4.033237e-27 
1.188000e+00 2.652688e-27 1.339016e-27 3.991704e-27 
1.190000e+00 2.625006e-27 1.325939e-27 3.950945e-27 
1.192000e+00 2.600877e-27 1.313807e-27 3.914684e-27 
1.194000e+00 2.573793e-27 1.299761e-27 3.873554e-27 
1.196000e+00 2.544898e-27 1.286705e-27 3.831603e-27 
1.198000e+00 2.525101e-27 1.277194e-27 3.802295e-27 
1.200000e+00 2.504642e-27 1.266890e-27 3.771533e-27 
1.202000e+00 2.488606e-27 1.259706e-27 3.748313e-27 
1.204000e+00 2.466035e-27 1.248487e-27 3.714523e-27 
1.206000e+00 2.444352e-27 1.238827e-27 3.683179e-27 
1.208000e+00 2.428204e-27 1.231202e-27 3.659405e-27 
1.210000e+00 2.407046e-27 1.221203e-27 3.628249e-27 
1.212000e+00 2.383534e-27 1.209426e-27 3.592959e-27 
1.214000e+00 2.370253e-27 1.199846e-27 3.570099e-27 
1.216000e+00 2.337958e-27 1.187671e-27 3.525629e-27 
1.218000e+00 2.308670e-27 1.172964e-27 3.481634e-27 
1.220000e+00 2.292930e-27 1.166021e-27 3.458951e-27 
1.222000e+00 2.280144e-27 1.160684e-27 3.440828e-27 
1.224000e+00 2.274835e-27 1.159343e-27 3.434178e-27 
1.226000e+00 2.262386e-27 1.152768e-27 3.415154e-27 
1.228000e+00 2.250356e-27 1.148120e-27 3.398476e-27 
1.230000e+00 2.239566e-27 1.142537e-27 3.382104e-27 
1.232000e+00 2.219280e-27 1.133251e-27 3.352531e-27 
1.234000e+00 2.194609e-27 1.121393e-27 3.316002e-27 
1.236000e+00 2.174154e-27 1.112014e-27 3.286167e-27 
1.238000e+00 2.151605e-27 1.101381e-27 3.252986e-27 
1.240000e+00 2.127319e-27 1.089860e-27 3.217179e-27 
1.242000e+00 2.108266e-27 1.080984e-27 3.189250e-27 
1.244000e+00 2.091879e-27 1.073683e-27 3.165562e-27 
1.246000e+00 2.075402e-27 1.066527e-27 3.141929e-27 
1.248000e+00 2.060202e-27 1.059954e-27 3.120156e-27 
1.250000e+00 2.043805e-27 1.052952e-27 3.096757e-27 
1.252000e+00 2.029820e-27 1.046510e-27 3.076330e-27 
1.254000e+00 2.016166e-27 1.040687e-27 3.056853e-27 
1.256000e+00 1.996120e-27 1.031171e-27 3.027291e-27 
1.258000e+00 1.977464e-27 1.023087e-27 3.000550e-27 
1.260000e+00 1.958522e-27 1.014058e-27 2.972580e-27 
1.262000e+00 1.932774e-27 1.002038e-27 2.934813e-27 
1.264000e+00 1.912719e-27 9.934778e-28 2.906197e-27 
1.266000e+00 1.899807e-27 9.882040e-28 2.888011e-27 
1.268000e+00 1.890325e-27 9.860906e-28 2.876415e-27 
1.270000e+00 1.888680e-27 9.867998e-28 2.875480e-27 
1.272000e+00 1.879199e-27 9.846034e-28 2.863802e-27 
1.274000e+00 1.867561e-27 9.782910e-28 2.845852e-27 
1.276000e+00 1.857109e-27 9.769739e-28 2.834083e-27 
1.278000e+00 1.837690e-27 9.684125e-28 2.806103e-27 
1.280000e+00 1.814543e-27 9.590492e-28 2.773593e-27 
1.282000e+00 1.794696e-27 9.510817e-28 2.745778e-27 
1.284000e+00 1.772888e-27 9.428842e-28 2.715772e-27 
1.286000e+00 1.746613e-27 9.324359e-28 2.679049e-27 
1.288000e+00 1.723898e-27 9.250292e-28 2.648928e-27 
1.290000e+00 1.694716e-27 9.168451e-28 2.611561e-27 
1.292000e+00 1.672834e-27 9.129084e-28 2.585743e-27 
1.294000e+00 1.655858e-27 9.089466e-28 2.564805e-27 
1.296000e+00 1.636868e-27 9.041058e-28 2.540974e-27 
1.298000e+00 1.710128e-27 9.490686e-28 2.659197e-27 
1.300000e+00 1.688870e-27 9.385119e-28 2.627381e-27 
1.302000e+00 1.602014e-27 8.898339e-28 2.491847e-27 
1.304000e+00 1.591487e-27 8.828946e-28 2.474381e-27 
1.306000e+00 1.591711e-27 8.770974e-28 2.468808e-27 
1.308000e+00 1.587734e-27 8.673991e-28 2.455134e-27 
1.310000e+00 1.584525e-27 8.585312e-28 2.443056e-27 
1.312000e+00 1.587837e-27 8.524012e-28 2.440238e-27 
1.314000e+00 1.596412e-27 8.495114e-28 2.445924e-27 
1.316000e+00 1.613905e-27 8.516031e-28 2.465508e-27 
1.318000e+00 1.626602e-27 8.534251e-28 2.480027e-27 
1.320000e+00 1.629753e-27 8.503493e-28 2.480102e-27 
1.322000e+00 1.634697e-27 8.488532e-28 2.483551e-27 
1.324000e+00 1.634749e-27 8.460266e-28 2.480776e-27 
1.326000e+00 1.629264e-27 8.400926e-28 2.469356e-27 
1.328000e+00 1.625164e-27 8.328896e-28 2.458053e-27 
1.330000e+00 1.612927e-27 8.268393e-28 2.439766e-27 
1.332000e+00 1.601909e-27 8.190666e-28 2.420976e-27 
1.334000e+00 1.598253e-27 8.106677e-28 2.408921e-27 
1.336000e+00 1.576892e-27 8.022221e-28 2.379114e-27 
1.338000e+00 1.569866e-27 7.979777e-28 2.367844e-27 
1.340000e+00 1.568016e-27 7.954444e-28 2.363460e-27 
1.342000e+00 1.568714e-27 7.941219e-28 2.362836e-27 
1.344000e+00 1.562823e-27 7.895668e-28 2.352390e-27 
1.346000e+00 1.559614e-27 7.867221e-28 2.346336e-27 
1.348000e+00 1.555111e-27 7.837069e-28 2.338818e-27 
1.350000e+00 1.549662e-27 7.792357e-28 2.328898e-27 
1.352000e+00 1.540344e-27 7.735209e-28 2.313865e-27 
1.354000e+00 1.532778e-27 7.694048e-28 2.302183e-27 
1.356000e+00 1.520929e-27 7.621913e-28 2.283120e-27 
1.358000e+00 1.506042e-27 7.536881e-28 2.259730e-27 
1.360000e+00 1.494361e-27 7.466716e-28 2.241033e-27 
1.362000e+00 1.489438e-27 7.432439e-28 2.232682e-27 
1.364000e+00 1.493234e-27 7.450063e-28 2.238240e-27 
1.366000e+00 1.506037e-27 7.504475e-28 2.256484e-27 
1.368000e+00 1.501678e-27 7.473972e-28 2.249075e-27 
1.370000e+00 1.499345e-27 7.454123e-28 2.244757e-27 
1.372000e+00 1.496985e-27 7.438322e-28 2.240817e-27 
1.374000e+00 1.492820e-27 7.408608e-28 2.233680e-27 
1.376000e+00 1.482309e-27 7.350635e-28 2.217373e-27 
1.378000e+00 1.472722e-27 7.292761e-28 2.201998e-27 
1.380000e+00 1.461916e-27 7.240764e-28 2.185993e-27 
1.382000e+00 1.449848e-27 7.165427e-28 2.166391e-27 
1.384000e+00 1.433167e-27 7.081036e-28 2.141271e-27 
1.386000e+00 1.422229e-27 7.018865e-28 2.124115e-27 
1.388000e+00 1.415916e-27 6.986044e-28 2.114520e-27 
1.390000e+00 1.415835e-27 6.981536e-28 2.113989e-27 
1.392000e+00 1.412236e-27 6.962863e-28 2.108523e-27 
1.394000e+00 1.407365e-27 6.930215e-28 2.100386e-27 
1.396000e+00 1.401900e-27 6.895621e-28 2.091462e-27 
1.398000e+00 1.395918e-27 6.864075e-28 2.082326e-27 
1.400000e+00 1.389687e-27 6.832577e-28 2.072944e-27 
1.402000e+00 1.381262e-27 6.786669e-28 2.059929e-27 
1.404000e+00 1.372035e-27 6.737136e-28 2.045748e-27 
1.406000e+00 1.361271e-27 6.703931e-28 2.031665e-27 
1.408000e+00 1.345863e-27 6.597006e-28 2.005564e-27 
1.410000e+00 1.333058e-27 6.528944e-28 1.985953e-27 
1.412000e+00 1.323881e-27 6.483540e-28 1.972235e-27 
1.414000e+00 1.324378e-27 6.485437e-28 1.972921e-27 
1.416000e+00 1.332355e-27 6.695180e-28 2.001873e-27 
1.418000e+00 1.332206e-27 6.521307e-28 1.984336e-27 
1.420000e+00 1.326337e-27 6.483233e-28 1.974661e-27 
1.422000e+00 1.316412e-27 6.431692e-28 1.959581e-27 
1.424000e+00 1.318051e-27 6.392482e-28 1.957299e-27 
1.426000e+00 1.302624e-27 6.362313e-28 1.938855e-27 
1.428000e+00 1.292880e-27 6.312131e-28 1.924094e-27 
1.430000e+00 1.279866e-27 6.246557e-28 1.904522e-27 
1.432000e+00 1.267576e-27 6.182440e-28 1.885820e-27 
1.434000e+00 1.251291e-27 6.108217e-28 1.862113e-27 
1.436000e+00 1.241078e-27 6.048709e-28 1.845949e-27 
1.438000e+00 1.232004e-27 6.002101e-28 1.832214e-27 
1.440000e+00 1.228489e-27 5.981534e-28 1.826642e-27 
1.442000e+00 1.227114e-27 5.978139e-28 1.824928e-27 
1.444000e+00 1.223472e-27 5.951696e-28 1.818642e-27 
1.446000e+00 1.221114e-27 5.932504e-28 1.814364e-27 
1.448000e+00 1.212131e-27 5.893590e-28 1.801490e-27 
1.450000e+00 1.206088e-27 5.866517e-28 1.792740e-27 
1.452000e+00 1.200311e-27 5.837445e-28 1.784056e-27 
1.454000e+00 1.192909e-27 5.798527e-28 1.772762e-27 
1.456000e+00 1.184494e-27 5.757635e-28 1.760258e-27 
1.458000e+00 1.174578e-27 5.706897e-28 1.745267e-27 
1.460000e+00 1.161567e-27 5.660453e-28 1.727612e-27 
1.462000e+00 1.150186e-27 5.585078e-28 1.708694e-27 
1.464000e+00 1.141906e-27 5.543543e-28 1.696260e-27 
1.466000e+00 1.141299e-27 5.540300e-28 1.695329e-27 
1.468000e+00 1.147464e-27 5.569284e-28 1.704393e-27 
1.470000e+00 1.149524e-27 5.578062e-28 1.707330e-27 
1.472000e+00 1.149096e-27 5.572403e-28 1.706336e-27 
1.474000e+00 1.143249e-27 5.542718e-28 1.697521e-27 
1.476000e+00 1.137428e-27 5.512426e-28 1.688670e-27 
1.478000e+00 1.132587e-27 5.488583e-28 1.681445e-27 
1.480000e+00 1.126521e-27 5.458106e-28 1.672331e-27 
1.482000e+00 1.115738e-27 5.401363e-28 1.655874e-27 
1.484000e+00 1.104245e-27 5.342695e-28 1.638514e-27 
1.486000e+00 1.092246e-27 5.285186e-28 1.620765e-27 
1.488000e+00 1.081585e-27 5.234630e-28 1.605048e-27 
1.490000e+00 1.072620e-27 5.192414e-28 1.591862e-27 
1.492000e+00 1.065813e-27 5.159621e-28 1.581775e-27 
1.494000e+00 1.064787e-27 5.161863e-28 1.580974e-27 
1.496000e+00 1.062433e-27 5.141145e-28 1.576548e-27 
1.498000e+00 1.059696e-27 5.127157e-28 1.572412e-27 
1.500000e+00 1.058537e-27 5.111283e-28 1.569665e-27 
1.502000e+00 1.054278e-27 5.099268e-28 1.564205e-27 
1.504000e+00 1.048732e-27 5.016011e-28 1.550333e-27 
1.506000e+00 1.044395e-27 5.047990e-28 1.549194e-27 
1.508000e+00 1.038316e-27 5.015326e-28 1.539848e-27 
1.510000e+00 1.031474e-27 4.980231e-28 1.529497e-27 
1.512000e+00 1.022587e-27 4.940912e-28 1.516678e-27 
1.514000e+00 1.013797e-27 4.895910e-28 1.503388e-27 
1.516000e+00 1.003733e-27 4.847221e-28 1.488455e-27 
1.518000e+00 9.953904e-28 4.805101e-28 1.475900e-27 
1.520000e+00 9.946494e-28 4.803763e-28 1.475026e-27 
1.522000e+00 9.986198e-28 4.828404e-28 1.481460e-27 
1.524000e+00 9.998815e-28 4.828532e-28 1.482735e-27 
1.526000e+00 1.001509e-27 4.837283e-28 1.485237e-27 
1.528000e+00 1.003957e-27 4.847849e-28 1.488742e-27 
1.530000e+00 9.995460e-28 4.828896e-28 1.482436e-27 
1.532000e+00 9.951373e-28 4.802490e-28 1.475386e-27 
1.534000e+00 9.899166e-28 4.779554e-28 1.467872e-27 
1.536000e+00 9.837171e-28 4.746145e-28 1.458332e-27 
1.538000e+00 9.729072e-28 4.690413e-28 1.441949e-27 
1.540000e+00 9.632255e-28 4.644713e-28 1.427697e-27 
1.542000e+00 9.544860e-28 4.605599e-28 1.415046e-27 
1.544000e+00 9.511096e-28 4.564956e-28 1.407605e-27 
1.546000e+00 9.389013e-28 4.528729e-28 1.391774e-27 
1.548000e+00 9.375764e-28 4.519577e-28 1.389534e-27 
1.550000e+00 9.361679e-28 4.515947e-28 1.387763e-27 
1.552000e+00 9.336955e-28 4.502247e-28 1.383920e-27 
1.554000e+00 9.328787e-28 4.499584e-28 1.382837e-27 
1.556000e+00 9.340567e-28 4.505093e-28 1.384566e-27 
1.558000e+00 9.310661e-28 4.489993e-28 1.380065e-27 
1.560000e+00 9.332540e-28 4.498920e-28 1.383146e-27 
1.562000e+00 9.219224e-28 4.465570e-28 1.368479e-27 
1.564000e+00 9.167570e-28 4.421434e-28 1.358900e-27 
1.566000e+00 9.110838e-28 4.394952e-28 1.350579e-27 
1.568000e+00 9.047162e-28 4.363665e-28 1.341083e-27 
1.570000e+00 8.972203e-28 4.325824e-28 1.329803e-27 
1.572000e+00 8.884272e-28 4.280323e-28 1.316459e-27 
1.574000e+00 8.805005e-28 4.248694e-28 1.305370e-27 
1.576000e+00 8.779750e-28 4.234095e-28 1.301384e-27 
1.578000e+00 8.806773e-28 4.250035e-28 1.305681e-27 
1.580000e+00 8.797271e-28 4.242441e-28 1.303971e-27 
1.582000e+00 8.827104e-28 4.255773e-28 1.308288e-27 
1.584000e+00 8.874306e-28 4.280799e-28 1.315510e-27 
1.586000e+00 8.875940e-28 4.278203e-28 1.315414e-27 
1.588000e+00 8.842023e-28 4.262785e-28 1.310481e-27 
1.590000e+00 8.782373e-28 4.234605e-28 1.301698e-27 
1.592000e+00 8.734066e-28 4.210920e-28 1.294499e-27 
1.594000e+00 8.661324e-28 4.177575e-28 1.283890e-27 
1.596000e+00 8.578271e-28 4.135475e-28 1.271375e-27 
1.598000e+00 8.493664e-28 4.097507e-28 1.259117e-27 
1.600000e+00 8.424584e-28 4.068272e-28 1.249286e-27 
1.602000e+00 8.365374e-28 4.036275e-28 1.240165e-27 
1.604000e+00 8.300962e-28 4.003468e-28 1.230443e-27 
1.606000e+00 8.277480e-28 3.992171e-28 1.226965e-27 
1.608000e+00 8.255096e-28 3.982418e-28 1.223751e-27 
1.610000e+00 8.256777e-28 3.980544e-28 1.223732e-27 
1.612000e+00 8.231980e-28 3.973856e-28 1.220584e-27 
1.614000e+00 8.243202e-28 3.980918e-28 1.222412e-27 
1.616000e+00 8.220005e-28 3.967059e-28 1.218706e-27 
1.618000e+00 8.176062e-28 3.945953e-28 1.212202e-27 
1.620000e+00 8.130849e-28 3.924078e-28 1.205493e-27 
1.622000e+00 8.092408e-28 3.903150e-28 1.199556e-27 
1.624000e+00 8.035625e-28 3.880882e-28 1.191651e-27 
1.626000e+00 7.988451e-28 3.856332e-28 1.184478e-27 
1.628000e+00 7.940466e-28 3.830424e-28 1.177089e-27 
1.630000e+00 7.861484e-28 3.795891e-28 1.165738e-27 
1.632000e+00 7.777519e-28 3.756228e-28 1.153375e-27 
1.634000e+00 7.731185e-28 3.732011e-28 1.146320e-27 
1.636000e+00 7.722924e-28 3.733355e-28 1.145628e-27 
1.638000e+00 7.723044e-28 3.732383e-28 1.145543e-27 
1.640000e+00 7.727745e-28 3.736671e-28 1.146442e-27 
1.642000e+00 7.755353e-28 3.750489e-28 1.150584e-27 
1.644000e+00 7.787108e-28 3.767770e-28 1.155488e-27 
1.646000e+00 7.783724e-28 3.763968e-28 1.154769e-27 
1.648000e+00 7.734329e-28 3.740909e-28 1.147524e-27 
1.650000e+00 7.673913e-28 3.711106e-28 1.138502e-27 
1.652000e+00 7.606141e-28 3.684920e-28 1.129106e-27 
1.654000e+00 7.544430e-28 3.653769e-28 1.119820e-27 
1.656000e+00 7.463203e-28 3.613608e-28 1.107681e-27 
1.658000e+00 7.414650e-28 3.583476e-28 1.099813e-27 
1.660000e+00 7.333904e-28 3.549751e-28 1.088365e-27 
1.662000e+00 7.253642e-28 3.511722e-28 1.076536e-27 
1.664000e+00 7.185332e-28 3.479717e-28 1.066505e-27 
1.666000e+00 7.141295e-28 3.473002e-28 1.061430e-27 
1.668000e+00 7.111928e-28 3.448490e-28 1.056042e-27 
1.670000e+00 7.075933e-28 3.432735e-28 1.050867e-27 
1.672000e+00 7.057720e-28 3.423910e-28 1.048163e-27 
1.674000e+00 7.043612e-28 3.419333e-28 1.046295e-27 
1.676000e+00 7.021413e-28 3.407835e-28 1.042925e-27 
1.678000e+00 6.986148e-28 3.389818e-28 1.037597e-27 
1.680000e+00 6.948437e-28 3.374459e-28 1.032290e-27 
1.682000e+00 6.896740e-28 3.349509e-28 1.024625e-27 
1.684000e+00 6.846507e-28 3.327716e-28 1.017422e-27 
1.686000e+00 6.795010e-28 3.301026e-28 1.009604e-27 
1.688000e+00 6.744909e-28 3.279219e-28 1.002413e-27 
1.690000e+00 6.681167e-28 3.250393e-28 9.931561e-28 
1.692000e+00 6.584928e-28 3.203579e-28 9.788506e-28 
1.694000e+00 6.489328e-28 3.156604e-28 9.645933e-28 
1.696000e+00 6.439163e-28 3.135220e-28 9.574383e-28 
1.698000e+00 6.442836e-28 3.135104e-28 9.577940e-28 
1.700000e+00 6.418369e-28 3.122395e-28 9.540764e-28 
1.702000e+00 6.401319e-28 3.107943e-28 9.509261e-28 
1.704000e+00 6.358319e-28 3.096595e-28 9.454914e-28 
1.706000e+00 6.337949e-28 3.087034e-28 9.424984e-28 
1.708000e+00 6.315250e-28 3.077126e-28 9.392376e-28 
1.710000e+00 6.299604e-28 3.070771e-28 9.370375e-28 
1.712000e+00 6.267243e-28 3.054097e-28 9.321340e-28 
1.714000e+00 6.235500e-28 3.040143e-28 9.275643e-28 
1.716000e+00 6.206439e-28 3.028590e-28 9.235029e-28 
1.718000e+00 6.168268e-28 3.009451e-28 9.177718e-28 
1.720000e+00 6.105969e-28 2.981104e-28 9.087074e-28 
1.722000e+00 6.040270e-28 2.950662e-28 8.990931e-28 
1.724000e+00 5.978611e-28 2.911192e-28 8.889803e-28 
1.726000e+00 5.919522e-28 2.892187e-28 8.811710e-28 
1.728000e+00 5.888589e-28 2.877654e-28 8.766243e-28 
1.730000e+00 5.870581e-28 2.872615e-28 8.743195e-28 
1.732000e+00 5.846355e-28 2.859354e-28 8.705709e-28 
1.734000e+00 5.825054e-28 2.848013e-28 8.673067e-28 
1.736000e+00 5.807535e-28 2.841495e-28 8.649029e-28 
1.738000e+00 5.790092e-28 2.832710e-28 8.622801e-28 
1.740000e+00 5.777473e-28 2.830033e-28 8.607506e-28 
1.742000e+00 5.753208e-28 2.820430e-28 8.573638e-28 
1.744000e+00 5.724923e-28 2.808447e-28 8.533370e-28 
1.746000e+00 5.706752e-28 2.800227e-28 8.506979e-28 
1.748000e+00 5.690029e-28 2.792671e-28 8.482700e-28 
1.750000e+00 5.661708e-28 2.773897e-28 8.435605e-28 
1.752000e+00 5.602017e-28 2.752342e-28 8.354358e-28 
1.754000e+00 5.546977e-28 2.726690e-28 8.273667e-28 
1.756000e+00 5.465757e-28 2.687707e-28 8.153464e-28 
1.758000e+00 5.511405e-28 2.713310e-28 8.224715e-28 
1.760000e+00 5.395976e-28 2.658805e-28 8.054781e-28 
1.762000e+00 5.396741e-28 2.661504e-28 8.058245e-28 
1.764000e+00 5.385864e-28 2.655234e-28 8.041097e-28 
1.766000e+00 5.368106e-28 2.646808e-28 8.014914e-28 
1.768000e+00 5.346766e-28 2.640625e-28 7.987392e-28 
1.770000e+00 5.335967e-28 2.636180e-28 7.972147e-28 
1.772000e+00 5.335947e-28 2.640056e-28 7.976003e-28 
1.774000e+00 5.334154e-28 2.630326e-28 7.964480e-28 
1.776000e+00 5.287581e-28 2.618667e-28 7.906247e-28 
1.778000e+00 5.289152e-28 2.622284e-28 7.911435e-28 
1.780000e+00 5.264406e-28 2.613189e-28 7.877596e-28 
1.782000e+00 5.224526e-28 2.593068e-28 7.817594e-28 
1.784000e+00 5.171959e-28 2.571578e-28 7.743536e-28 
1.786000e+00 5.126334e-28 2.550341e-28 7.676675e-28 
1.788000e+00 5.451449e-28 2.525472e-28 7.976921e-28 
1.790000e+00 5.027314e-28 2.506541e-28 7.533855e-28 
1.792000e+00 5.244133e-28 2.619178e-28 7.863311e-28 
1.794000e+00 5.239474e-28 2.619844e-28 7.859318e-28 
1.796000e+00 5.233791e-28 2.618248e-28 7.852039e-28 
1.798000e+00 5.206314e-28 2.606664e-28 7.812978e-28 
1.800000e+00 5.178046e-28 2.602790e-28 7.780836e-28 
1.802000e+00 4.905205e-28 2.583520e-28 7.488724e-28 
1.804000e+00 5.084567e-28 2.558458e-28 7.643025e-28 
1.806000e+00 5.041180e-28 2.541276e-28 7.582456e-28 
1.808000e+00 4.860501e-28 2.456411e-28 7.316912e-28 
1.810000e+00 4.853738e-28 2.455664e-28 7.309402e-28 
1.812000e+00 4.822506e-28 2.446509e-28 7.269015e-28 
1.814000e+00 4.794128e-28 2.434562e-28 7.228690e-28 
1.816000e+00 4.746370e-28 2.418937e-28 7.165308e-28 
1.818000e+00 4.780180e-28 2.445445e-28 7.225625e-28 
1.820000e+00 4.725686e-28 2.422064e-28 7.147750e-28 
1.822000e+00 4.663055e-28 2.397363e-28 7.060418e-28 
1.824000e+00 4.610508e-28 2.382046e-28 6.992554e-28 
1.826000e+00 4.483394e-28 2.330961e-28 6.814355e-28 
1.828000e+00 4.455278e-28 2.333540e-28 6.788819e-28 
1.830000e+00 4.444214e-28 2.383717e-28 6.827931e-28 
1.832000e+00 4.526911e-28 2.384736e-28 6.911647e-28 
1.834000e+00 4.392810e-28 2.319947e-28 6.712758e-28 
1.836000e+00 4.408098e-28 2.338141e-28 6.746239e-28 
1.838000e+00 4.367928e-28 2.320091e-28 6.688018e-28 
1.840000e+00 4.359869e-28 2.314061e-28 6.673929e-28 
1.842000e+00 4.358624e-28 2.312318e-28 6.670942e-28 
1.844000e+00 4.355783e-28 2.305353e-28 6.661136e-28 
1.846000e+00 4.350348e-28 2.300428e-28 6.650777e-28 
1.848000e+00 4.355890e-28 2.289500e-28 6.645390e-28 
1.850000e+00 4.349277e-28 2.271388e-28 6.620665e-28 
1.852000e+00 4.341422e-28 2.251720e-28 6.593142e-28 
1.854000e+00 4.327445e-28 2.233654e-28 6.561099e-28 
1.856000e+00 4.324134e-28 2.216767e-28 6.540901e-28 
1.858000e+00 4.319281e-28 2.202477e-28 6.521758e-28 
1.860000e+00 4.326956e-28 2.197430e-28 6.524386e-28 
1.862000e+00 4.342645e-28 2.188052e-28 6.530698e-28 
1.864000e+00 4.349782e-28 2.185545e-28 6.535326e-28 
1.866000e+00 4.351710e-28 2.181107e-28 6.532817e-28 
1.868000e+00 4.358727e-28 2.177999e-28 6.536726e-28 
1.870000e+00 4.365406e-28 2.176373e-28 6.541779e-28 
1.872000e+00 4.373968e-28 2.174563e-28 6.548531e-28 
1.874000e+00 4.367916e-28 2.170049e-28 6.537965e-28 
1.876000e+00 4.360829e-28 2.163821e-28 6.524650e-28 
1.878000e+00 4.359956e-28 2.155899e-28 6.515855e-28 
1.880000e+00 4.350876e-28 2.150264e-28 6.501141e-28 
1.882000e+00 4.338889e-28 2.140827e-28 6.479715e-28 
1.884000e+00 4.309678e-28 2.126528e-28 6.436206e-28 
1.886000e+00 4.290384e-28 2.109687e-28 6.400070e-28 
1.888000e+00 4.259188e-28 2.092417e-28 6.351605e-28 
1.890000e+00 4.224867e-28 2.072289e-28 6.297156e-28 
1.892000e+00 4.190500e-28 2.052968e-28 6.243468e-28 
1.894000e+00 4.174512e-28 2.041543e-28 6.216055e-28 
1.896000e+00 4.179450e-28 2.042636e-28 6.222086e-28 
1.898000e+00 4.217921e-28 2.043757e-28 6.261679e-28 
1.900000e+00 4.190178e-28 2.039871e-28 6.230048e-28 
1.902000e+00 4.170630e-28 2.030645e-28 6.201275e-28 
1.904000e+00 4.173652e-28 2.032921e-28 6.206573e-28 
1.906000e+00 4.182131e-28 2.033233e-28 6.215364e-28 
1.908000e+00 4.172118e-28 2.027056e-28 6.199174e-28 
1.910000e+00 4.158444e-28 2.017755e-28 6.176200e-28 
1.912000e+00 4.153299e-28 2.014775e-28 6.168074e-28 
1.914000e+00 4.139589e-28 2.006185e-28 6.145773e-28 
1.916000e+00 4.132930e-28 1.999654e-28 6.132584e-28 
1.918000e+00 4.112784e-28 1.987909e-28 6.100692e-28 
1.920000e+00 4.082824e-28 1.974358e-28 6.057182e-28 
1.922000e+00 4.049125e-28 1.956093e-28 6.005218e-28 
1.924000e+00 4.022084e-28 1.940624e-28 5.962709e-28 
1.926000e+00 3.995584e-28 1.927646e-28 5.923230e-28 
1.928000e+00 3.966692e-28 1.918673e-28 5.885365e-28 
1.930000e+00 3.973656e-28 1.904334e-28 5.877991e-28 
1.932000e+00 3.946957e-28 1.900208e-28 5.847164e-28 
1.934000e+00 3.938933e-28 1.896091e-28 5.835024e-28 
1.936000e+00 3.937890e-28 1.893370e-28 5.831260e-28 
1.938000e+00 3.933757e-28 1.890720e-28 5.824477e-28 
1.940000e+00 3.933028e-28 1.888348e-28 5.821376e-28 
1.942000e+00 3.927287e-28 1.883009e-28 5.810296e-28 
1.944000e+00 3.912265e-28 1.876656e-28 5.788921e-28 
1.946000e+00 3.898210e-28 1.867327e-28 5.765537e-28 
1.948000e+00 3.880981e-28 1.857420e-28 5.738401e-28 
1.950000e+00 3.869417e-28 1.850925e-28 5.720342e-28 
1.952000e+00 3.846223e-28 1.837411e-28 5.683635e-28 
1.954000e+00 3.823304e-28 1.827794e-28 5.651098e-28 
1.956000e+00 3.792285e-28 1.812308e-28 5.604593e-28 
1.958000e+00 3.778059e-28 1.804646e-28 5.582706e-28 
1.960000e+00 3.759782e-28 1.796602e-28 5.556384e-28 
1.962000e+00 3.725904e-28 1.774631e-28 5.500535e-28 
1.964000e+00 3.690686e-28 1.759351e-28 5.450037e-28 
1.966000e+00 3.678956e-28 1.754117e-28 5.433074e-28 
1.968000e+00 3.685503e-28 1.755372e-28 5.440875e-28 
1.970000e+00 3.680300e-28 1.752492e-28 5.432792e-28 
1.972000e+00 3.665282e-28 1.745077e-28 5.410359e-28 
1.974000e+00 3.665667e-28 1.743458e-28 5.409125e-28 
1.976000e+00 3.622967e-28 1.723966e-28 5.346933e-28 
1.978000e+00 3.651194e-28 1.733441e-28 5.384635e-28 
1.980000e+00 3.642239e-28 1.723555e-28 5.365794e-28 
1.982000e+00 3.614481e-28 1.716174e-28 5.330655e-28 
1.984000e+00 3.599900e-28 1.708851e-28 5.308751e-28 
1.986000e+00 3.588148e-28 1.702814e-28 5.290962e-28 
1.988000e+00 3.571683e-28 1.694490e-28 5.266173e-28 
1.990000e+00 3.556065e-28 1.684913e-28 5.240978e-28 
1.992000e+00 3.542200e-28 1.678741e-28 5.220941e-28 
1.994000e+00 3.534670e-28 1.674368e-28 5.209038e-28 
1.996000e+00 3.522124e-28 1.667082e-28 5.189205e-28 
1.998000e+00 3.505038e-28 1.658046e-28 5.163084e-28 
2.000000e+00 3.481887e-28 1.647472e-28 5.129360e-28 
2.002000e+00 3.467868e-28 1.639443e-28 5.107311e-28 
2.004000e+00 3.461031e-28 1.636194e-28 5.097224e-28 
2.006000e+00 3.462305e-28 1.637310e-28 5.099614e-28 
2.008000e+00 3.463716e-28 1.637393e-28 5.101109e-28 
2.010000e+00 3.464437e-28 1.636769e-28 5.101205e-28 
2.012000e+00 3.462974e-28 1.637309e-28 5.100283e-28 
2.014000e+00 3.457024e-28 1.632926e-28 5.089950e-28 
2.016000e+00 3.441729e-28 1.626037e-28 5.067766e-28 
2.018000e+00 3.429775e-28 1.621726e-28 5.051502e-28 
2.020000e+00 3.414312e-28 1.612169e-28 5.026481e-28 
2.022000e+00 3.400851e-28 1.606060e-28 5.006910e-28 
2.024000e+00 3.384469e-28 1.598198e-28 4.982667e-28 
2.026000e+00 3.359314e-28 1.584960e-28 4.944274e-28 
2.028000e+00 3.350282e-28 1.578262e-28 4.928545e-28 
2.030000e+00 3.342218e-28 1.576791e-28 4.919009e-28 
2.032000e+00 3.341992e-28 1.575287e-28 4.917279e-28 
2.034000e+00 3.326884e-28 1.568721e-28 4.895605e-28 
2.036000e+00 3.295673e-28 1.549617e-28 4.845290e-28 
2.038000e+00 3.259351e-28 1.533179e-28 4.792531e-28 
2.040000e+00 3.253543e-28 1.529789e-28 4.783332e-28 
2.042000e+00 3.258719e-28 1.531524e-28 4.790243e-28 
2.044000e+00 3.257293e-28 1.532529e-28 4.789822e-28 
2.046000e+00 3.250101e-28 1.528324e-28 4.778426e-28 
2.048000e+00 3.248580e-28 1.527921e-28 4.776502e-28 
2.050000e+00 3.242494e-28 1.524353e-28 4.766847e-28 
2.052000e+00 3.219960e-28 1.512566e-28 4.732526e-28 
2.054000e+00 3.204970e-28 1.504869e-28 4.709840e-28 
2.056000e+00 3.194122e-28 1.499459e-28 4.693581e-28 
2.058000e+00 3.176622e-28 1.508656e-28 4.685278e-28 
2.060000e+00 3.167455e-28 1.486842e-28 4.654298e-28 
2.062000e+00 3.154158e-28 1.480517e-28 4.634674e-28 
2.064000e+00 3.146988e-28 1.478411e-28 4.625399e-28 
2.066000e+00 3.140133e-28 1.472912e-28 4.613046e-28 
2.068000e+00 3.135523e-28 1.469790e-28 4.605312e-28 
2.070000e+00 3.134490e-28 1.468272e-28 4.602762e-28 
2.072000e+00 3.120883e-28 1.463136e-28 4.584019e-28 
2.074000e+00 3.098868e-28 1.452806e-28 4.551674e-28 
2.076000e+00 3.072962e-28 1.438483e-28 4.511445e-28 
2.078000e+00 3.066637e-28 1.436463e-28 4.503101e-28 
2.080000e+00 3.068643e-28 1.436860e-28 4.505503e-28 
2.082000e+00 3.069860e-28 1.437675e-28 4.507535e-28 
2.084000e+00 3.070355e-28 1.436895e-28 4.507250e-28 
2.086000e+00 3.073934e-28 1.437348e-28 4.511282e-28 
2.088000e+00 3.065654e-28 1.431807e-28 4.497461e-28 
2.090000e+00 3.045101e-28 1.424574e-28 4.469675e-28 
2.092000e+00 3.031840e-28 1.418090e-28 4.449930e-28 
2.094000e+00 3.019386e-28 1.411595e-28 4.430982e-28 
2.096000e+00 3.004633e-28 1.404016e-28 4.408649e-28 
2.098000e+00 2.989888e-28 1.397423e-28 4.387310e-28 
2.100000e+00 2.977579e-28 1.391347e-28 4.368927e-28 
2.102000e+00 2.962252e-28 1.383881e-28 4.346133e-28 
2.104000e+00 2.955589e-28 1.381290e-28 4.336880e-28 
2.106000e+00 2.954145e-28 1.381397e-28 4.335542e-28 
2.108000e+00 2.948541e-28 1.378550e-28 4.327091e-28 
2.110000e+00 2.941965e-28 1.379641e-28 4.321606e-28 
2.112000e+00 2.917368e-28 1.361706e-28 4.279074e-28 
2.114000e+00 2.872067e-28 1.342217e-28 4.214284e-28 
2.116000e+00 2.856206e-28 1.333791e-28 4.189998e-28 
2.118000e+00 2.858574e-28 1.336196e-28 4.194770e-28 
2.120000e+00 2.857019e-28 1.334532e-28 4.191551e-28 
2.122000e+00 2.853471e-28 1.334330e-28 4.187801e-28 
2.124000e+00 2.855699e-28 1.333002e-28 4.188701e-28 
2.126000e+00 2.838862e-28 1.327415e-28 4.166277e-28 
2.128000e+00 2.813897e-28 1.312532e-28 4.126429e-28 
2.130000e+00 2.793080e-28 1.304396e-28 4.097476e-28 
2.132000e+00 2.782316e-28 1.298107e-28 4.080422e-28 
2.134000e+00 2.765397e-28 1.290563e-28 4.055960e-28 
2.136000e+00 2.762006e-28 1.287553e-28 4.049559e-28 
2.138000e+00 2.754868e-28 1.284295e-28 4.039163e-28 
2.140000e+00 2.752009e-28 1.279279e-28 4.031288e-28 
2.142000e+00 2.735090e-28 1.275354e-28 4.010444e-28 
2.144000e+00 2.729345e-28 1.272319e-28 4.001664e-28 
2.146000e+00 2.723940e-28 1.270661e-28 3.994601e-28 
2.148000e+00 2.716454e-28 1.266131e-28 3.982585e-28 
2.150000e+00 2.705547e-28 1.260997e-28 3.966544e-28 
2.152000e+00 2.683102e-28 1.251083e-28 3.934185e-28 
2.154000e+00 2.662652e-28 1.239811e-28 3.902463e-28 
2.156000e+00 2.657309e-28 1.238857e-28 3.896166e-28 
2.158000e+00 2.649470e-28 1.235934e-28 3.885404e-28 
2.160000e+00 2.650860e-28 1.235259e-28 3.886119e-28 
2.162000e+00 2.658300e-28 1.238730e-28 3.897029e-28 
2.164000e+00 2.697821e-28 1.256857e-28 3.954678e-28 
2.166000e+00 2.635059e-28 1.227764e-28 3.862823e-28 
2.168000e+00 2.615403e-28 1.217754e-28 3.833158e-28 
2.170000e+00 2.602309e-28 1.211769e-28 3.814078e-28 
2.172000e+00 2.588410e-28 1.205215e-28 3.793625e-28 
2.174000e+00 2.576224e-28 1.197743e-28 3.773967e-28 
2.176000e+00 2.565019e-28 1.193149e-28 3.758168e-28 
2.178000e+00 2.550341e-28 1.187960e-28 3.738301e-28 
2.180000e+00 2.535464e-28 1.181721e-28 3.717185e-28 
2.182000e+00 2.533832e-28 1.178432e-28 3.712264e-28 
2.184000e+00 2.530502e-28 1.177435e-28 3.707937e-28 
2.186000e+00 2.525075e-28 1.173487e-28 3.698562e-28 
2.188000e+00 2.523794e-28 1.174223e-28 3.698017e-28 
2.190000e+00 2.507709e-28 1.167301e-28 3.675009e-28 
2.192000e+00 2.474597e-28 1.149836e-28 3.624433e-28 
2.194000e+00 2.442884e-28 1.135946e-28 3.578830e-28 
2.196000e+00 2.433213e-28 1.131591e-28 3.564803e-28 
2.198000e+00 2.423215e-28 1.126707e-28 3.549922e-28 
2.200000e+00 2.428473e-28 1.129597e-28 3.558070e-28 
2.202000e+00 2.428561e-28 1.129153e-28 3.557713e-28 
2.204000e+00 2.417685e-28 1.125065e-28 3.542751e-28 
2.206000e+00 2.394666e-28 1.114263e-28 3.508929e-28 
2.208000e+00 2.366725e-28 1.099830e-28 3.466555e-28 
2.210000e+00 2.355431e-28 1.094986e-28 3.450416e-28 
2.212000e+00 2.345631e-28 1.090152e-28 3.435783e-28 
2.214000e+00 2.335544e-28 1.086148e-28 3.421691e-28 
2.216000e+00 2.325422e-28 1.081726e-28 3.407147e-28 
2.218000e+00 2.317894e-28 1.077807e-28 3.395702e-28 
2.220000e+00 2.309981e-28 1.073539e-28 3.383521e-28 
2.222000e+00 2.304279e-28 1.071281e-28 3.375559e-28 
2.224000e+00 2.299471e-28 1.074694e-28 3.374165e-28 
2.226000e+00 2.290388e-28 1.064267e-28 3.354655e-28 
2.228000e+00 2.290837e-28 1.064137e-28 3.354973e-28 
2.230000e+00 2.281028e-28 1.058994e-28 3.340022e-28 
2.232000e+00 2.275322e-28 1.053813e-28 3.329135e-28 
2.234000e+00 2.279492e-28 1.048983e-28 3.328475e-28 
2.236000e+00 2.251485e-28 1.044575e-28 3.296059e-28 
2.238000e+00 2.239006e-28 1.037853e-28 3.276859e-28 
2.240000e+00 2.241073e-28 1.039984e-28 3.281057e-28 
2.242000e+00 2.243457e-28 1.040685e-28 3.284142e-28 
2.244000e+00 2.239971e-28 1.055873e-28 3.295844e-28 
2.246000e+00 2.270224e-28 1.052677e-28 3.322901e-28 
2.248000e+00 2.208387e-28 1.023901e-28 3.232288e-28 
2.250000e+00 2.192611e-28 1.016809e-28 3.209420e-28 
2.252000e+00 2.181162e-28 1.013693e-28 3.194855e-28 
2.254000e+00 2.175904e-28 1.009157e-28 3.185061e-28 
2.256000e+00 2.165569e-28 1.006055e-28 3.171624e-28 
2.258000e+00 2.154836e-28 1.000030e-28 3.154866e-28 
2.260000e+00 2.142464e-28 9.946766e-29 3.137140e-28 
2.262000e+00 2.140255e-28 9.935024e-29 3.133757e-28 
2.264000e+00 2.140407e-28 9.922626e-29 3.132670e-28 
2.266000e+00 2.135278e-28 9.900821e-29 3.125360e-28 
2.268000e+00 2.131748e-28 9.894350e-29 3.121183e-28 
2.270000e+00 2.138545e-28 9.923481e-29 3.130893e-28 
2.272000e+00 2.140363e-28 9.935506e-29 3.133914e-28 
2.274000e+00 2.135196e-28 9.891869e-29 3.124383e-28 
2.276000e+00 2.124543e-28 9.851470e-29 3.109690e-28 
2.278000e+00 2.119096e-28 9.836730e-29 3.102769e-28 
2.280000e+00 2.122376e-28 9.852781e-29 3.107654e-28 
2.282000e+00 2.132724e-28 9.889493e-29 3.121674e-28 
2.284000e+00 2.185422e-28 1.012939e-28 3.198361e-28 
2.286000e+00 2.185658e-28 1.012396e-28 3.198054e-28 
2.288000e+00 2.121971e-28 9.823663e-29 3.104338e-28 
2.290000e+00 2.047073e-28 9.481673e-29 2.995240e-28 
2.292000e+00 2.082937e-28 9.640688e-29 3.047006e-28 
2.294000e+00 2.077022e-28 9.624047e-29 3.039427e-28 
2.296000e+00 2.067690e-28 9.580723e-29 3.025762e-28 
2.298000e+00 2.060457e-28 9.551575e-29 3.015614e-28 
2.300000e+00 2.053364e-28 9.511524e-29 3.004517e-28 
2.302000e+00 2.047690e-28 9.527963e-29 3.000487e-28 
2.304000e+00 2.044714e-28 9.472913e-29 2.992005e-28 
2.306000e+00 2.039766e-28 9.433845e-29 2.983151e-28 
2.308000e+00 2.032198e-28 9.420609e-29 2.974259e-28 
2.310000e+00 2.027322e-28 9.383574e-29 2.965680e-28 
2.312000e+00 2.027024e-28 9.390637e-29 2.966088e-28 
2.314000e+00 2.025632e-28 9.383001e-29 2.963932e-28 
2.316000e+00 2.017763e-28 9.344820e-29 2.952245e-28 
2.318000e+00 2.009879e-28 9.294562e-29 2.939335e-28 
2.320000e+00 2.002341e-28 9.266898e-29 2.929031e-28 
2.322000e+00 1.996117e-28 9.253608e-29 2.921478e-28 
2.324000e+00 2.000106e-28 9.258288e-29 2.925935e-28 
2.326000e+00 1.995736e-28 9.236641e-29 2.919400e-28 
2.328000e+00 2.030898e-28 9.401279e-29 2.971026e-28 
2.330000e+00 2.020444e-28 9.347909e-29 2.955235e-28 
2.332000e+00 2.009077e-28 9.295973e-29 2.938674e-28 
2.334000e+00 1.954580e-28 9.051205e-29 2.859701e-28 
2.336000e+00 1.946482e-28 9.010933e-29 2.847576e-28 
2.338000e+00 1.937503e-28 8.976000e-29 2.835103e-28 
2.340000e+00 1.929603e-28 8.933146e-29 2.822918e-28 
2.342000e+00 1.920099e-28 8.881147e-29 2.808214e-28 
2.344000e+00 1.912485e-28 8.842145e-29 2.796699e-28 
2.346000e+00 1.909019e-28 8.822013e-29 2.791220e-28 
2.348000e+00 1.905708e-28 8.808134e-29 2.786522e-28 
2.350000e+00 1.897263e-28 8.805676e-29 2.777830e-28 
2.352000e+00 1.903927e-28 8.800826e-29 2.784009e-28 
2.354000e+00 1.899032e-28 8.781084e-29 2.777140e-28 
2.356000e+00 1.904585e-28 8.810919e-29 2.785677e-28 
2.358000e+00 1.906723e-28 8.821588e-29 2.788882e-28 
2.360000e+00 1.890774e-28 8.743738e-29 2.765148e-28 
2.362000e+00 1.876374e-28 8.678983e-29 2.744272e-28 
2.364000e+00 1.876677e-28 8.681366e-29 2.744813e-28 
2.366000e+00 1.885480e-28 9.191771e-29 2.804657e-28 
2.368000e+00 1.884317e-28 8.723729e-29 2.756690e-28 
2.370000e+00 1.891201e-28 8.761535e-29 2.767354e-28 
2.372000e+00 1.890026e-28 8.780055e-29 2.768032e-28 
2.374000e+00 1.873469e-28 8.667425e-29 2.740211e-28 
2.376000e+00 1.849299e-28 8.551787e-29 2.704477e-28 
2.378000e+00 1.838584e-28 8.505494e-29 2.689134e-28 
2.380000e+00 1.828887e-28 8.718549e-29 2.700742e-28 
2.382000e+00 1.822895e-28 8.447308e-29 2.667625e-28 
2.384000e+00 1.819801e-28 8.419583e-29 2.661760e-28 
2.386000e+00 1.806550e-28 8.364664e-29 2.643017e-28 
2.388000e+00 1.802445e-28 8.339509e-29 2.636396e-28 
2.390000e+00 1.793634e-28 8.309277e-29 2.624562e-28 
2.392000e+00 1.792310e-28 8.289506e-29 2.621261e-28 
2.394000e+00 1.787512e-28 8.271858e-29 2.614698e-28 
2.396000e+00 1.778441e-28 8.226558e-29 2.601097e-28 
2.398000e+00 1.770841e-28 8.198776e-29 2.590719e-28 
2.400000e+00 1.772764e-28 8.203460e-29 2.593110e-28 
2.402000e+00 1.766739e-28 8.157936e-29 2.582533e-28 
2.404000e+00 1.753079e-28 8.107382e-29 2.563818e-28 
2.406000e+00 1.738960e-28 8.045933e-29 2.543553e-28 
2.408000e+00 1.736268e-28 8.041934e-29 2.540461e-28 
2.410000e+00 1.734637e-28 8.034000e-29 2.538037e-28 
2.412000e+00 1.733214e-28 8.018736e-29 2.535088e-28 
2.414000e+00 1.732731e-28 8.021339e-29 2.534865e-28 
2.416000e+00 1.724838e-28 7.988338e-29 2.523672e-28 
2.418000e+00 1.715786e-28 7.939714e-29 2.509757e-28 
2.420000e+00 1.700097e-28 7.871247e-29 2.487222e-28 
2.422000e+00 1.691154e-28 7.825856e-29 2.473740e-28 
2.424000e+00 1.683597e-28 7.795260e-29 2.463123e-28 
2.426000e+00 1.674315e-28 7.758942e-29 2.450210e-28 
2.428000e+00 1.670785e-28 7.733153e-29 2.444100e-28 
2.430000e+00 1.654875e-28 7.658104e-29 2.420686e-28 
2.432000e+00 1.652481e-28 7.652964e-29 2.417777e-28 
2.434000e+00 1.649208e-28 7.625985e-29 2.411807e-28 
2.436000e+00 1.644915e-28 7.607551e-29 2.405670e-28 
2.438000e+00 1.643508e-28 7.607157e-29 2.404223e-28 
2.440000e+00 1.638674e-28 7.571262e-29 2.395800e-28 
2.442000e+00 1.637376e-28 7.576358e-29 2.395012e-28 
2.444000e+00 1.640524e-28 7.590995e-29 2.399623e-28 
2.446000e+00 1.640552e-28 7.583601e-29 2.398912e-28 
2.448000e+00 1.625640e-28 7.525165e-29 2.378157e-28 
2.450000e+00 1.612116e-28 7.456535e-29 2.357769e-28 
2.452000e+00 1.609869e-28 7.443852e-29 2.354254e-28 
2.454000e+00 1.616479e-28 7.478303e-29 2.364309e-28 
2.456000e+00 1.626897e-28 7.525833e-29 2.379480e-28 
2.458000e+00 1.624467e-28 7.514161e-29 2.375884e-28 
2.460000e+00 1.631573e-28 7.544090e-29 2.385982e-28 
2.462000e+00 1.620058e-28 7.488072e-29 2.368865e-28 
2.464000e+00 1.599666e-28 7.399762e-29 2.339642e-28 
2.466000e+00 1.582618e-28 7.311506e-29 2.313768e-28 
2.468000e+00 1.575170e-28 7.282990e-29 2.303469e-28 
2.470000e+00 1.567811e-28 7.248646e-29 2.292676e-28 
2.472000e+00 1.563411e-28 7.234326e-29 2.286844e-28 
2.474000e+00 1.554107e-28 7.194543e-29 2.273561e-28 
2.476000e+00 1.544290e-28 7.143130e-29 2.258603e-28 
2.478000e+00 1.539524e-28 7.134715e-29 2.252995e-28 
2.480000e+00 1.532933e-28 7.101694e-29 2.243103e-28 
2.482000e+00 1.528076e-28 7.084976e-29 2.236574e-28 
2.484000e+00 1.523923e-28 7.058633e-29 2.229786e-28 
2.486000e+00 1.516588e-28 7.011842e-29 2.217772e-28 
2.488000e+00 1.511473e-28 6.990321e-29 2.210505e-28 
2.490000e+00 1.504384e-28 6.960132e-29 2.200397e-28 
2.492000e+00 1.498224e-28 6.931075e-29 2.191332e-28 
2.494000e+00 1.491672e-28 6.903062e-29 2.181978e-28 
2.496000e+00 1.484110e-28 6.858939e-29 2.170004e-28 
2.498000e+00 1.481566e-28 6.851067e-29 2.166673e-28 
2.500000e+00 1.478618e-28 6.844927e-29 2.163111e-28 
2.502000e+00 1.476104e-28 6.831339e-29 2.159238e-28 
2.504000e+00 1.473208e-28 6.822240e-29 2.155432e-28 
2.506000e+00 1.479322e-28 7.022248e-29 2.181547e-28 
2.508000e+00 1.474428e-28 6.814204e-29 2.155849e-28 
2.510000e+00 1.465144e-28 6.769388e-29 2.142083e-28 
2.512000e+00 1.458149e-28 6.745750e-29 2.132724e-28 
2.514000e+00 1.447009e-28 6.697788e-29 2.116788e-28 
2.516000e+00 1.440810e-28 6.665001e-29 2.107310e-28 
2.518000e+00 1.432692e-28 6.634497e-29 2.096142e-28 
2.520000e+00 1.423124e-28 6.590115e-29 2.082136e-28 
2.522000e+00 1.415035e-28 6.551115e-29 2.070147e-28 
2.524000e+00 1.415243e-28 6.536365e-29 2.068879e-28 
2.526000e+00 1.411154e-28 6.527003e-29 2.063855e-28 
2.528000e+00 1.410621e-28 6.522708e-29 2.062892e-28 
2.530000e+00 1.418498e-28 6.521652e-29 2.070664e-28 
2.532000e+00 1.408185e-28 6.510721e-29 2.059257e-28 
2.534000e+00 1.401855e-28 6.492374e-29 2.051092e-28 
2.536000e+00 1.403653e-28 6.493335e-29 2.052986e-28 
2.538000e+00 1.408688e-28 6.517866e-29 2.060475e-28 
2.540000e+00 1.400571e-28 6.485395e-29 2.049110e-28 
2.542000e+00 1.402222e-28 6.489969e-29 2.051219e-28 
2.544000e+00 1.458382e-28 6.445108e-29 2.102893e-28 
2.546000e+00 1.399200e-28 6.483503e-29 2.047551e-28 
2.548000e+00 1.402475e-28 6.495436e-29 2.052019e-28 
2.550000e+00 1.447995e-28 6.694358e-29 2.117431e-28 
2.552000e+00 1.414939e-28 6.549972e-29 2.069937e-28 
2.554000e+00 1.412511e-28 6.536574e-29 2.066168e-28 
2.556000e+00 1.401499e-28 6.497863e-29 2.051286e-28 
2.558000e+00 1.394467e-28 6.454407e-29 2.039908e-28 
2.560000e+00 1.385705e-28 6.413176e-29 2.027023e-28 
2.562000e+00 1.386630e-28 6.379669e-29 2.024596e-28 
2.564000e+00 1.372646e-28 6.340560e-29 2.006702e-28 
2.566000e+00 1.365065e-28 6.314045e-29 1.996469e-28 
2.568000e+00 1.351363e-28 6.248506e-29 1.976213e-28 
2.570000e+00 1.346202e-28 6.217254e-29 1.967928e-28 
2.572000e+00 1.339972e-28 6.185663e-29 1.958538e-28 
2.574000e+00 1.331259e-28 6.163355e-29 1.947594e-28 
2.576000e+00 1.323679e-28 6.121845e-29 1.935863e-28 
2.578000e+00 1.314735e-28 6.097871e-29 1.924522e-28 
2.580000e+00 1.297639e-28 6.058698e-29 1.903509e-28 
2.582000e+00 1.302954e-28 6.020030e-29 1.904957e-28 
2.584000e+00 1.303510e-28 6.039805e-29 1.907491e-28 
2.586000e+00 1.302331e-28 6.031782e-29 1.905510e-28 
2.588000e+00 1.296624e-28 5.971155e-29 1.893739e-28 
2.590000e+00 1.289674e-28 5.977392e-29 1.887414e-28 
2.592000e+00 1.285942e-28 5.952898e-29 1.881232e-28 
2.594000e+00 1.280136e-28 5.925102e-29 1.872646e-28 
2.596000e+00 1.279227e-28 5.916798e-29 1.870907e-28 
2.598000e+00 1.281607e-28 5.939901e-29 1.875597e-28 
2.600000e+00 1.288341e-28 5.977309e-29 1.886072e-28 
2.602000e+00 1.282775e-28 5.940958e-29 1.876871e-28 
2.604000e+00 1.273543e-28 5.900643e-29 1.863607e-28 
2.606000e+00 1.265773e-28 5.861818e-29 1.851955e-28 
2.608000e+00 1.260343e-28 5.835811e-29 1.843924e-28 
2.610000e+00 1.253984e-28 5.804161e-29 1.834400e-28 
2.612000e+00 1.248945e-28 5.770028e-29 1.825948e-28 
2.614000e+00 1.233723e-28 5.704567e-29 1.804179e-28 
2.616000e+00 1.224167e-28 5.664074e-29 1.790575e-28 
2.618000e+00 1.225883e-28 5.676987e-29 1.793582e-28 
2.620000e+00 1.222658e-28 5.665898e-29 1.789248e-28 
2.622000e+00 1.218041e-28 5.641033e-29 1.782144e-28 
2.624000e+00 1.216770e-28 5.640587e-29 1.780828e-28 
2.626000e+00 1.214793e-28 5.630338e-29 1.777827e-28 
2.628000e+00 1.212256e-28 5.615364e-29 1.773793e-28 
2.630000e+00 1.204360e-28 5.588462e-29 1.763206e-28 
2.632000e+00 1.211057e-28 5.604715e-29 1.771528e-28 
2.634000e+00 1.228271e-28 5.689806e-29 1.797251e-28 
2.636000e+00 1.228419e-28 5.703178e-29 1.798737e-28 
2.638000e+00 1.231472e-28 5.706176e-29 1.802089e-28 
2.640000e+00 1.232051e-28 5.709194e-29 1.802970e-28 
2.642000e+00 1.234575e-28 5.725600e-29 1.807135e-28 
2.644000e+00 1.245100e-28 5.775946e-29 1.822695e-28 
2.646000e+00 1.246842e-28 5.776789e-29 1.824521e-28 
2.648000e+00 1.232213e-28 5.709929e-29 1.803206e-28 
2.650000e+00 1.216828e-28 5.632437e-29 1.780072e-28 
2.652000e+00 1.208766e-28 5.605570e-29 1.769323e-28 
2.654000e+00 1.194329e-28 5.535841e-29 1.747913e-28 
2.656000e+00 1.187778e-28 5.506720e-29 1.738450e-28 
2.658000e+00 1.178802e-28 5.903294e-29 1.769131e-28 
2.660000e+00 1.171798e-28 5.426599e-29 1.714458e-28 
2.662000e+00 1.159581e-28 5.366837e-29 1.696265e-28 
2.664000e+00 1.150402e-28 5.333452e-29 1.683747e-28 
2.666000e+00 1.146266e-28 5.314033e-29 1.677669e-28 
2.668000e+00 1.136418e-28 5.270580e-29 1.663476e-28 
2.670000e+00 1.129233e-28 5.233781e-29 1.652611e-28 
2.672000e+00 1.125316e-28 5.214737e-29 1.646790e-28 
2.674000e+00 1.122411e-28 5.206008e-29 1.643012e-28 
2.676000e+00 1.115679e-28 5.173875e-29 1.633067e-28 
2.678000e+00 1.107763e-28 5.137159e-29 1.621479e-28 
2.680000e+00 1.107701e-28 5.118618e-29 1.619563e-28 
2.682000e+00 1.109144e-28 5.143815e-29 1.623526e-28 
2.684000e+00 1.110350e-28 5.154633e-29 1.625813e-28 
2.686000e+00 1.104771e-28 5.123493e-29 1.617120e-28 
2.688000e+00 1.091203e-28 5.061434e-29 1.597346e-28 
2.690000e+00 1.086809e-28 5.033862e-29 1.590195e-28 
2.692000e+00 1.084704e-28 5.038098e-29 1.588514e-28 
2.694000e+00 1.083977e-28 5.024793e-29 1.586457e-28 
2.696000e+00 1.088096e-28 5.039145e-29 1.592010e-28 
2.698000e+00 1.090249e-28 5.061757e-29 1.596425e-28 
2.700000e+00 1.087307e-28 5.042314e-29 1.591539e-28 
2.702000e+00 1.081448e-28 5.013663e-29 1.582814e-28 
2.704000e+00 1.073334e-28 5.002181e-29 1.573552e-28 
2.706000e+00 1.069140e-28 4.961791e-29 1.565319e-28 
2.708000e+00 1.062401e-28 4.924630e-29 1.554864e-28 
2.710000e+00 1.054467e-28 4.891827e-29 1.543649e-28 
2.712000e+00 1.042475e-28 4.843342e-29 1.526809e-28 
2.714000e+00 1.038572e-28 4.819389e-29 1.520511e-28 
2.716000e+00 1.038045e-28 4.820835e-29 1.520128e-28 
2.718000e+00 1.038057e-28 4.811888e-29 1.519246e-28 
2.720000e+00 1.037012e-28 4.801539e-29 1.517166e-28 
2.722000e+00 1.035393e-28 4.807518e-29 1.516145e-28 
2.724000e+00 1.035580e-28 4.803458e-29 1.515926e-28 
2.726000e+00 1.031127e-28 4.768597e-29 1.507987e-28 
2.728000e+00 1.024510e-28 4.759292e-29 1.500439e-28 
2.730000e+00 1.029010e-28 4.778385e-29 1.506848e-28 
2.732000e+00 1.038421e-28 4.819627e-29 1.520383e-28 
2.734000e+00 1.042436e-28 4.837686e-29 1.526205e-28 
2.736000e+00 1.037035e-28 4.801502e-29 1.517185e-28 
2.738000e+00 1.024910e-28 4.750099e-29 1.499920e-28 
2.740000e+00 1.064186e-28 4.941849e-29 1.558371e-28 
2.742000e+00 1.066284e-28 4.941024e-29 1.560387e-28 
2.744000e+00 1.073489e-28 4.977273e-29 1.571216e-28 
2.746000e+00 1.069300e-28 4.964691e-29 1.565770e-28 
2.748000e+00 1.059522e-28 4.912047e-29 1.550726e-28 
2.750000e+00 1.041120e-28 4.821542e-29 1.523275e-28 
2.752000e+00 1.030308e-28 4.785298e-29 1.508837e-28 
2.754000e+00 1.027122e-28 4.767011e-29 1.503823e-28 
2.756000e+00 1.020392e-28 4.742502e-29 1.494643e-28 
2.758000e+00 1.011212e-28 4.694510e-29 1.480663e-28 
2.760000e+00 1.002189e-28 4.644159e-29 1.466605e-28 
2.762000e+00 9.931607e-29 4.607194e-29 1.453880e-28 
2.764000e+00 9.832817e-29 4.559301e-29 1.439212e-28 
2.766000e+00 9.806121e-29 4.558194e-29 1.436432e-28 
2.768000e+00 9.766013e-29 4.538778e-29 1.430479e-28 
2.770000e+00 9.755494e-29 4.532507e-29 1.428800e-28 
2.772000e+00 9.732354e-29 4.515712e-29 1.424807e-28 
2.774000e+00 9.711666e-29 4.502189e-29 1.421386e-28 
2.776000e+00 9.651407e-29 4.482551e-29 1.413396e-28 
2.778000e+00 9.620763e-29 4.464831e-29 1.408559e-28 
2.780000e+00 9.655819e-29 4.490210e-29 1.414603e-28 
2.782000e+00 9.671473e-29 4.496204e-29 1.416768e-28 
2.784000e+00 9.689283e-29 4.503796e-29 1.419308e-28 
2.786000e+00 9.657443e-29 4.481034e-29 1.413848e-28 
2.788000e+00 9.575352e-29 4.450398e-29 1.402575e-28 
2.790000e+00 9.533247e-29 4.423610e-29 1.395686e-28 
2.792000e+00 9.506037e-29 4.417370e-29 1.392341e-28 
2.794000e+00 9.507397e-29 4.417380e-29 1.392478e-28 
2.796000e+00 9.503488e-29 4.415074e-29 1.391856e-28 
2.798000e+00 9.540671e-29 4.444092e-29 1.398476e-28 
2.800000e+00 9.558898e-29 4.437597e-29 1.399649e-28 
2.802000e+00 9.521310e-29 4.424987e-29 1.394630e-28 
2.804000e+00 9.471022e-29 4.405206e-29 1.387623e-28 
2.806000e+00 9.429331e-29 4.377028e-29 1.380636e-28 
2.808000e+00 9.357886e-29 4.343916e-29 1.370180e-28 
2.810000e+00 9.287729e-29 4.314136e-29 1.360187e-28 
2.812000e+00 9.200195e-29 4.285529e-29 1.348572e-28 
2.814000e+00 9.160794e-29 4.248962e-29 1.340976e-28 
2.816000e+00 9.164487e-29 4.257055e-29 1.342154e-28 
2.818000e+00 9.176593e-29 4.260030e-29 1.343662e-28 
2.820000e+00 9.186401e-29 4.267763e-29 1.345416e-28 
2.822000e+00 9.201947e-29 4.272392e-29 1.347434e-28 
2.824000e+00 9.219041e-29 4.278323e-29 1.349736e-28 
2.826000e+00 9.212217e-29 4.276609e-29 1.348883e-28 
2.828000e+00 9.175123e-29 4.265115e-29 1.344024e-28 
2.830000e+00 9.182041e-29 4.265586e-29 1.344763e-28 
2.832000e+00 9.256279e-29 4.309217e-29 1.356550e-28 
2.834000e+00 9.326378e-29 4.339066e-29 1.366544e-28 
2.836000e+00 9.405951e-29 4.379018e-29 1.378497e-28 
2.838000e+00 9.425408e-29 4.391211e-29 1.381662e-28 
2.840000e+00 9.662512e-29 4.499260e-29 1.416177e-28 
2.842000e+00 9.683448e-29 4.508841e-29 1.419229e-28 
2.844000e+00 9.713857e-29 4.518414e-29 1.423227e-28 
2.846000e+00 9.693997e-29 4.514571e-29 1.420857e-28 
2.848000e+00 9.667445e-29 4.502189e-29 1.416963e-28 
2.850000e+00 9.581870e-29 4.457234e-29 1.403910e-28 
2.852000e+00 9.306050e-29 4.330023e-29 1.363607e-28 
2.854000e+00 9.235117e-29 4.296294e-29 1.353141e-28 
2.856000e+00 9.120625e-29 4.240248e-29 1.336087e-28 
2.858000e+00 9.022376e-29 4.199060e-29 1.322144e-28 
2.860000e+00 8.924738e-29 4.151031e-29 1.307577e-28 
2.862000e+00 8.820775e-29 4.104409e-29 1.292518e-28 
2.864000e+00 8.712646e-29 4.058939e-29 1.277158e-28 
2.866000e+00 8.648125e-29 4.021342e-29 1.266947e-28 
2.868000e+00 8.593607e-29 4.002506e-29 1.259611e-28 
2.870000e+00 8.555421e-29 3.987233e-29 1.254265e-28 
2.872000e+00 8.509964e-29 3.967350e-29 1.247731e-28 
2.874000e+00 8.513527e-29 3.952969e-29 1.246650e-28 
2.876000e+00 8.469606e-29 3.941556e-29 1.241116e-28 
2.878000e+00 8.434019e-29 3.917871e-29 1.235189e-28 
2.880000e+00 8.389610e-29 3.901262e-29 1.229087e-28 
2.882000e+00 8.375367e-29 3.895203e-29 1.227057e-28 
2.884000e+00 8.508139e-29 3.896097e-29 1.240424e-28 
2.886000e+00 8.390658e-29 3.906841e-29 1.229750e-28 
2.888000e+00 8.413245e-29 3.915373e-29 1.232862e-28 
2.890000e+00 8.379386e-29 3.902738e-29 1.228212e-28 
2.892000e+00 8.322362e-29 3.880835e-29 1.220320e-28 
2.894000e+00 8.307638e-29 3.859644e-29 1.216728e-28 
2.896000e+00 8.294332e-29 3.858019e-29 1.215235e-28 
2.898000e+00 8.268062e-29 3.851777e-29 1.211984e-28 
2.900000e+00 8.223901e-29 3.819888e-29 1.204379e-28 
2.902000e+00 8.213193e-29 3.829587e-29 1.204278e-28 
2.904000e+00 8.266953e-29 3.852198e-29 1.211915e-28 
2.906000e+00 8.214739e-29 3.820651e-29 1.203539e-28 
2.908000e+00 8.157075e-29 3.798862e-29 1.195594e-28 
2.910000e+00 8.104853e-29 3.773008e-29 1.187786e-28 
2.912000e+00 8.042703e-29 3.737274e-29 1.177998e-28 
2.914000e+00 7.975264e-29 3.710111e-29 1.168538e-28 
2.916000e+00 7.919704e-29 3.685719e-29 1.160542e-28 
2.918000e+00 7.871494e-29 3.658557e-29 1.153005e-28 
2.920000e+00 7.911784e-29 3.647227e-29 1.155901e-28 
2.922000e+00 7.795084e-29 3.633105e-29 1.142819e-28 
2.924000e+00 7.817155e-29 3.639630e-29 1.145679e-28 
2.926000e+00 7.832094e-29 3.647479e-29 1.147957e-28 
2.928000e+00 7.825091e-29 3.646771e-29 1.147186e-28 
2.930000e+00 7.820484e-29 3.641922e-29 1.146241e-28 
2.932000e+00 7.800924e-29 3.635390e-29 1.143631e-28 
2.934000e+00 7.815955e-29 3.642840e-29 1.145879e-28 
2.936000e+00 7.829847e-29 3.648112e-29 1.147796e-28 
2.938000e+00 7.843149e-29 3.656688e-29 1.149984e-28 
2.940000e+00 7.930072e-29 3.691746e-29 1.162182e-28 
2.942000e+00 8.005474e-29 3.730505e-29 1.173598e-28 
2.944000e+00 8.036732e-29 3.752319e-29 1.178905e-28 
2.946000e+00 8.023018e-29 3.738242e-29 1.176126e-28 
2.948000e+00 8.289190e-29 3.870784e-29 1.215997e-28 
2.950000e+00 8.274199e-29 3.856590e-29 1.213079e-28 
2.952000e+00 7.969898e-29 3.722722e-29 1.169262e-28 
2.954000e+00 8.275637e-29 3.873330e-29 1.214897e-28 
2.956000e+00 8.198060e-29 3.821157e-29 1.201922e-28 
2.958000e+00 7.956893e-29 3.715866e-29 1.167276e-28 
2.960000e+00 7.877341e-29 3.672672e-29 1.155001e-28 
2.962000e+00 7.779027e-29 3.626358e-29 1.140538e-28 
2.964000e+00 7.694533e-29 3.591309e-29 1.128584e-28 
2.966000e+00 7.585812e-29 3.533987e-29 1.111980e-28 
2.968000e+00 7.507518e-29 3.498369e-29 1.100589e-28 
2.970000e+00 7.439639e-29 3.475190e-29 1.091483e-28 
2.972000e+00 7.360399e-29 3.437947e-29 1.079835e-28 
2.974000e+00 7.309113e-29 3.412750e-29 1.072186e-28 
2.976000e+00 7.265214e-29 3.393577e-29 1.065879e-28 
2.978000e+00 7.254293e-29 3.398348e-29 1.065264e-28 
2.980000e+00 7.227474e-29 3.368001e-29 1.059547e-28 
2.982000e+00 7.196204e-29 3.362340e-29 1.055854e-28 
2.984000e+00 7.164878e-29 3.354788e-29 1.051967e-28 
2.986000e+00 7.131752e-29 3.327741e-29 1.045949e-28 
2.988000e+00 7.116661e-29 3.320094e-29 1.043676e-28 
2.990000e+00 7.122280e-29 3.319198e-29 1.044148e-28 
2.992000e+00 7.119383e-29 3.320075e-29 1.043946e-28 
2.994000e+00 7.121112e-29 3.323208e-29 1.044432e-28 
2.996000e+00 7.120278e-29 3.323763e-29 1.044404e-28 
2.998000e+00 7.125152e-29 3.328237e-29 1.045339e-28 
