1.000000e-01 9.389255e-23 1.096066e-22 2.034991e-22 
1.020000e-01 9.201776e-23 1.057776e-22 1.977954e-22 
1.040000e-01 8.979521e-23 1.017440e-22 1.915392e-22 
1.060000e-01 8.728150e-23 9.798162e-23 1.852631e-22 
1.080000e-01 8.444763e-23 9.417508e-23 1.786227e-22 
1.100000e-01 8.119353e-23 9.037317e-23 1.715667e-22 
1.120000e-01 7.726649e-23 8.680209e-23 1.640686e-22 
1.140000e-01 7.186751e-23 8.322517e-23 1.550927e-22 
1.160000e-01 6.079800e-23 7.965792e-23 1.404559e-22 
1.180000e-01 7.240697e-23 7.641716e-23 1.488241e-22 
1.200000e-01 7.521960e-23 7.321697e-23 1.484366e-22 
1.220000e-01 7.598973e-23 7.002090e-23 1.460106e-22 
1.240000e-01 7.603103e-23 6.704195e-23 1.430730e-22 
1.260000e-01 7.570735e-23 6.414022e-23 1.398476e-22 
1.280000e-01 7.513893e-23 6.134135e-23 1.364803e-22 
1.300000e-01 7.439517e-23 5.867416e-23 1.330693e-22 
1.320000e-01 7.354179e-23 5.610447e-23 1.296463e-22 
1.340000e-01 7.259883e-23 5.361810e-23 1.262169e-22 
1.360000e-01 7.158269e-23 5.125755e-23 1.228402e-22 
1.380000e-01 7.050728e-23 4.896431e-23 1.194716e-22 
1.400000e-01 6.943172e-23 4.681230e-23 1.162440e-22 
1.420000e-01 6.826955e-23 4.470552e-23 1.129751e-22 
1.440000e-01 6.706399e-23 4.270400e-23 1.097680e-22 
1.460000e-01 6.585201e-23 4.078299e-23 1.066350e-22 
1.480000e-01 6.461241e-23 3.896069e-23 1.035731e-22 
1.500000e-01 6.336605e-23 3.721532e-23 1.005814e-22 
1.520000e-01 6.213222e-23 3.552804e-23 9.766025e-23 
1.540000e-01 6.080667e-23 3.394669e-23 9.475336e-23 
1.560000e-01 5.949080e-23 3.242321e-23 9.191401e-23 
1.580000e-01 5.815033e-23 3.094723e-23 8.909756e-23 
1.600000e-01 5.678898e-23 2.957426e-23 8.636324e-23 
1.620000e-01 5.536046e-23 2.823081e-23 8.359127e-23 
1.640000e-01 5.379087e-23 2.694276e-23 8.073363e-23 
1.660000e-01 5.187666e-23 2.573728e-23 7.761394e-23 
1.680000e-01 4.907963e-23 2.459599e-23 7.367562e-23 
1.700000e-01 5.005115e-23 2.351405e-23 7.356520e-23 
1.720000e-01 5.012155e-23 2.247554e-23 7.259709e-23 
1.740000e-01 4.964586e-23 2.147512e-23 7.112098e-23 
1.760000e-01 4.900842e-23 2.052275e-23 6.953117e-23 
1.780000e-01 4.831102e-23 1.961395e-23 6.792496e-23 
1.800000e-01 4.757787e-23 1.874214e-23 6.632002e-23 
1.820000e-01 4.682597e-23 1.790966e-23 6.473563e-23 
1.840000e-01 4.607202e-23 1.711458e-23 6.318660e-23 
1.860000e-01 4.531662e-23 1.635560e-23 6.167222e-23 
1.880000e-01 4.456892e-23 1.561994e-23 6.018886e-23 
1.900000e-01 4.383456e-23 1.492194e-23 5.875650e-23 
1.920000e-01 4.314133e-23 1.425333e-23 5.739466e-23 
1.940000e-01 4.251528e-23 1.361850e-23 5.613378e-23 
1.960000e-01 4.199987e-23 1.300492e-23 5.500478e-23 
1.980000e-01 4.190410e-23 1.242157e-23 5.432567e-23 
2.000000e-01 4.130618e-23 1.186157e-23 5.316775e-23 
2.020000e-01 3.945093e-23 1.133039e-23 5.078132e-23 
2.040000e-01 3.827683e-23 1.082296e-23 4.909979e-23 
2.060000e-01 3.725179e-23 1.032458e-23 4.757637e-23 
2.080000e-01 3.630405e-23 9.848321e-24 4.615237e-23 
2.100000e-01 3.540931e-23 9.390186e-24 4.479950e-23 
2.120000e-01 3.455208e-23 8.942709e-24 4.349478e-23 
2.140000e-01 3.373054e-23 8.510579e-24 4.224112e-23 
2.160000e-01 3.293855e-23 8.094274e-24 4.103282e-23 
2.180000e-01 3.216903e-23 7.685444e-24 3.985447e-23 
2.200000e-01 3.143239e-23 7.306629e-24 3.873902e-23 
2.220000e-01 3.071511e-23 6.944618e-24 3.765973e-23 
2.240000e-01 3.000487e-23 6.592954e-24 3.659783e-23 
2.260000e-01 2.931104e-23 6.252364e-24 3.556340e-23 
2.280000e-01 2.863316e-23 5.914447e-24 3.454761e-23 
2.300000e-01 2.797376e-23 5.596009e-24 3.356977e-23 
2.320000e-01 2.733579e-23 5.280693e-24 3.261648e-23 
2.340000e-01 2.671001e-23 4.972874e-24 3.168288e-23 
2.360000e-01 2.609920e-23 4.679391e-24 3.077859e-23 
2.380000e-01 2.550656e-23 4.388376e-24 2.989494e-23 
2.400000e-01 2.492368e-23 4.149196e-24 2.907287e-23 
2.420000e-01 2.436182e-23 3.953674e-24 2.831549e-23 
2.440000e-01 2.381456e-23 3.770870e-24 2.758543e-23 
2.460000e-01 2.328448e-23 3.558739e-24 2.684322e-23 
2.480000e-01 2.276910e-23 3.328422e-24 2.609752e-23 
2.500000e-01 2.226688e-23 3.078571e-24 2.534545e-23 
2.520000e-01 2.177572e-23 2.797535e-24 2.457325e-23 
2.540000e-01 2.129582e-23 2.508119e-24 2.380394e-23 
2.560000e-01 2.082795e-23 2.215352e-24 2.304330e-23 
2.580000e-01 2.029558e-23 1.909797e-24 2.220537e-23 
2.600000e-01 1.984567e-23 1.558765e-24 2.140444e-23 
2.620000e-01 1.940794e-23 1.179952e-24 2.058790e-23 
2.640000e-01 1.897905e-23 7.820078e-25 1.976106e-23 
2.660000e-01 1.856407e-23 4.455165e-25 1.900959e-23 
2.680000e-01 1.816102e-23 1.893174e-25 1.835034e-23 
2.700000e-01 1.776596e-23 3.837886e-26 1.780434e-23 
2.720000e-01 1.738161e-23 3.201972e-26 1.741363e-23 
2.740000e-01 1.700946e-23 1.989491e-25 1.720841e-23 
2.760000e-01 1.664795e-23 5.816806e-25 1.722963e-23 
2.780000e-01 1.629594e-23 1.193085e-24 1.748902e-23 
2.800000e-01 1.594883e-23 4.063181e-24 2.001201e-23 
2.820000e-01 1.560763e-23 5.522675e-24 2.113030e-23 
2.840000e-01 1.528276e-23 5.098897e-24 2.038166e-23 
2.860000e-01 1.494773e-23 4.701484e-24 1.964922e-23 
2.880000e-01 1.463096e-23 4.460524e-24 1.909149e-23 
2.900000e-01 1.431907e-23 4.351899e-24 1.867097e-23 
2.920000e-01 1.401457e-23 4.353957e-24 1.836853e-23 
2.940000e-01 1.371639e-23 4.446600e-24 1.816299e-23 
2.960000e-01 1.342669e-23 4.585012e-24 1.801170e-23 
2.980000e-01 1.314521e-23 4.763807e-24 1.790902e-23 
3.000000e-01 1.286957e-23 4.929901e-24 1.779947e-23 
3.020000e-01 1.260117e-23 5.047612e-24 1.764878e-23 
3.040000e-01 1.233347e-23 5.119557e-24 1.745303e-23 
3.060000e-01 1.209129e-23 5.167330e-24 1.725862e-23 
3.080000e-01 1.182773e-23 5.213432e-24 1.704116e-23 
3.100000e-01 1.157771e-23 5.221526e-24 1.679924e-23 
3.120000e-01 1.133618e-23 5.218561e-24 1.655474e-23 
3.140000e-01 1.110095e-23 5.180796e-24 1.628174e-23 
3.160000e-01 1.086956e-23 5.120329e-24 1.598989e-23 
3.180000e-01 1.064547e-23 5.032877e-24 1.567835e-23 
3.200000e-01 1.042705e-23 4.962989e-24 1.539003e-23 
3.220000e-01 1.021411e-23 4.902652e-24 1.511676e-23 
3.240000e-01 1.000585e-23 4.868815e-24 1.487467e-23 
3.260000e-01 9.801404e-24 4.843380e-24 1.464478e-23 
3.280000e-01 9.601452e-24 4.808958e-24 1.441041e-23 
3.300000e-01 9.407824e-24 4.775332e-24 1.418316e-23 
3.320000e-01 9.220355e-24 4.740460e-24 1.396082e-23 
3.340000e-01 9.036727e-24 4.703505e-24 1.374023e-23 
3.360000e-01 8.858268e-24 4.660472e-24 1.351874e-23 
3.380000e-01 8.681267e-24 4.616506e-24 1.329777e-23 
3.400000e-01 8.507907e-24 4.569458e-24 1.307737e-23 
3.420000e-01 8.338985e-24 4.524142e-24 1.286313e-23 
3.440000e-01 8.173567e-24 4.482823e-24 1.265639e-23 
3.460000e-01 8.013117e-24 4.441178e-24 1.245430e-23 
3.480000e-01 7.854750e-24 4.396977e-24 1.225173e-23 
3.500000e-01 7.699368e-24 4.352164e-24 1.205153e-23 
3.520000e-01 7.546154e-24 4.305170e-24 1.185132e-23 
3.540000e-01 7.396972e-24 4.259042e-24 1.165601e-23 
3.560000e-01 7.252540e-24 4.213169e-24 1.146571e-23 
3.580000e-01 7.110585e-24 4.167462e-24 1.127805e-23 
3.600000e-01 6.972787e-24 4.119129e-24 1.109192e-23 
3.620000e-01 6.837628e-24 4.071247e-24 1.090888e-23 
3.640000e-01 6.703795e-24 4.025026e-24 1.072882e-23 
3.660000e-01 6.573065e-24 3.979245e-24 1.055231e-23 
3.680000e-01 6.446553e-24 3.931253e-24 1.037781e-23 
3.700000e-01 6.320878e-24 3.884105e-24 1.020498e-23 
3.720000e-01 6.199520e-24 3.839393e-24 1.003891e-23 
3.740000e-01 6.079985e-24 3.794937e-24 9.874922e-24 
3.760000e-01 5.962016e-24 3.749223e-24 9.711239e-24 
3.780000e-01 5.846212e-24 3.703677e-24 9.549889e-24 
3.800000e-01 5.731405e-24 3.656252e-24 9.387657e-24 
3.820000e-01 5.619907e-24 3.609472e-24 9.229379e-24 
3.840000e-01 5.511587e-24 3.563884e-24 9.075471e-24 
3.860000e-01 5.406396e-24 3.519361e-24 8.925757e-24 
3.880000e-01 5.302690e-24 3.474884e-24 8.777575e-24 
3.900000e-01 5.201618e-24 3.431195e-24 8.632813e-24 
3.920000e-01 5.102061e-24 3.389285e-24 8.491346e-24 
3.940000e-01 5.003972e-24 3.344296e-24 8.348268e-24 
3.960000e-01 4.908973e-24 3.301964e-24 8.210937e-24 
3.980000e-01 4.817232e-24 3.260641e-24 8.077873e-24 
4.000000e-01 4.726528e-24 3.219636e-24 7.946164e-24 
4.020000e-01 4.638177e-24 3.178805e-24 7.816982e-24 
4.040000e-01 4.551342e-24 3.137787e-24 7.689129e-24 
4.060000e-01 4.465408e-24 3.096803e-24 7.562211e-24 
4.080000e-01 4.380958e-24 3.057324e-24 7.438281e-24 
4.100000e-01 4.297808e-24 3.018250e-24 7.316058e-24 
4.120000e-01 4.217060e-24 2.980832e-24 7.197892e-24 
4.140000e-01 4.138820e-24 2.941913e-24 7.080733e-24 
4.160000e-01 4.061572e-24 2.904692e-24 6.966263e-24 
4.180000e-01 3.986013e-24 2.868102e-24 6.854114e-24 
4.200000e-01 3.912108e-24 2.831357e-24 6.743464e-24 
4.220000e-01 3.838533e-24 2.794916e-24 6.633449e-24 
4.240000e-01 3.766048e-24 2.758614e-24 6.524663e-24 
4.260000e-01 3.695410e-24 2.722879e-24 6.418289e-24 
4.280000e-01 3.626600e-24 2.687571e-24 6.314171e-24 
4.300000e-01 3.559733e-24 2.652623e-24 6.212356e-24 
4.320000e-01 3.493909e-24 2.618763e-24 6.112672e-24 
4.340000e-01 3.429604e-24 2.585535e-24 6.015139e-24 
4.360000e-01 3.365792e-24 2.552161e-24 5.917953e-24 
4.380000e-01 3.302787e-24 2.519657e-24 5.822443e-24 
4.400000e-01 3.240644e-24 2.487232e-24 5.727877e-24 
4.420000e-01 3.180391e-24 2.454400e-24 5.634791e-24 
4.440000e-01 3.121505e-24 2.422191e-24 5.543696e-24 
4.460000e-01 3.063676e-24 2.391914e-24 5.455590e-24 
4.480000e-01 3.007241e-24 2.360696e-24 5.367937e-24 
4.500000e-01 2.951835e-24 2.330744e-24 5.282579e-24 
4.520000e-01 2.896773e-24 2.299679e-24 5.196451e-24 
4.540000e-01 2.842365e-24 2.268589e-24 5.110954e-24 
4.560000e-01 2.788970e-24 2.237846e-24 5.026816e-24 
4.580000e-01 2.736306e-24 2.208300e-24 4.944605e-24 
4.600000e-01 2.684436e-24 2.179089e-24 4.863526e-24 
4.620000e-01 2.634489e-24 2.151352e-24 4.785841e-24 
4.640000e-01 2.585161e-24 2.123415e-24 4.708576e-24 
4.660000e-01 2.536387e-24 2.095943e-24 4.632330e-24 
4.680000e-01 2.488546e-24 2.069486e-24 4.558031e-24 
4.700000e-01 2.440849e-24 2.043227e-24 4.484076e-24 
4.720000e-01 2.393488e-24 2.016150e-24 4.409638e-24 
4.740000e-01 2.346985e-24 1.989252e-24 4.336236e-24 
4.760000e-01 2.301163e-24 1.962826e-24 4.263989e-24 
4.780000e-01 2.256422e-24 1.936754e-24 4.193176e-24 
4.800000e-01 2.212412e-24 1.911696e-24 4.124108e-24 
4.820000e-01 2.178025e-24 1.886707e-24 4.064732e-24 
4.840000e-01 2.126404e-24 1.862315e-24 3.988719e-24 
4.860000e-01 2.084103e-24 1.837915e-24 3.922018e-24 
4.880000e-01 2.042018e-24 1.813510e-24 3.855529e-24 
4.900000e-01 2.000735e-24 1.789228e-24 3.789963e-24 
4.920000e-01 1.958565e-24 1.765184e-24 3.723749e-24 
4.940000e-01 1.917599e-24 1.741612e-24 3.659211e-24 
4.960000e-01 1.877263e-24 1.719069e-24 3.596331e-24 
4.980000e-01 1.837688e-24 1.696943e-24 3.534631e-24 
5.000000e-01 1.798171e-24 1.675097e-24 3.473269e-24 
5.020000e-01 1.758952e-24 1.653667e-24 3.412619e-24 
5.040000e-01 1.719978e-24 1.632316e-24 3.352294e-24 
5.060000e-01 1.680897e-24 1.611707e-24 3.292604e-24 
5.080000e-01 1.642309e-24 1.581566e-24 3.223875e-24 
5.100000e-01 1.602358e-24 1.561206e-24 3.163564e-24 
5.120000e-01 1.554748e-24 1.541078e-24 3.095825e-24 
5.140000e-01 1.515841e-24 1.521556e-24 3.037397e-24 
5.160000e-01 1.476641e-24 1.502208e-24 2.978849e-24 
5.180000e-01 1.436746e-24 1.483167e-24 2.919913e-24 
5.200000e-01 1.396042e-24 1.343591e-24 2.739634e-24 
5.220000e-01 1.244447e-24 1.324267e-24 2.568713e-24 
5.240000e-01 1.203489e-24 1.305073e-24 2.508562e-24 
5.260000e-01 1.259037e-24 1.286017e-24 2.545054e-24 
5.280000e-01 1.117955e-24 1.267063e-24 2.385018e-24 
5.300000e-01 1.072695e-24 1.248430e-24 2.321126e-24 
5.320000e-01 1.024837e-24 1.230299e-24 2.255136e-24 
5.340000e-01 9.718541e-25 1.213053e-24 2.184907e-24 
5.360000e-01 9.118792e-25 1.194699e-24 2.106579e-24 
5.380000e-01 8.357386e-25 1.177192e-24 2.012931e-24 
5.400000e-01 7.411322e-25 1.159740e-24 1.900872e-24 
5.420000e-01 6.544190e-25 1.142786e-24 1.797205e-24 
5.440000e-01 6.244209e-25 1.126713e-24 1.751134e-24 
5.460000e-01 6.731644e-25 1.110835e-24 1.783999e-24 
5.480000e-01 7.868796e-25 1.094979e-24 1.881859e-24 
5.500000e-01 8.815663e-25 1.079824e-24 1.961390e-24 
5.520000e-01 9.403832e-25 1.063551e-24 2.003934e-24 
5.540000e-01 9.720596e-25 1.048378e-24 2.020438e-24 
5.560000e-01 9.927848e-25 1.033676e-24 2.026460e-24 
5.580000e-01 1.006032e-24 1.019749e-24 2.025781e-24 
5.600000e-01 1.014871e-24 1.005374e-24 2.020245e-24 
5.620000e-01 1.020709e-24 9.915349e-25 2.012244e-24 
5.640000e-01 1.023993e-24 9.775663e-25 2.001559e-24 
5.660000e-01 1.025409e-24 9.639070e-25 1.989316e-24 
5.680000e-01 1.024876e-24 9.505475e-25 1.975424e-24 
5.700000e-01 1.022700e-24 9.372214e-25 1.959921e-24 
5.720000e-01 1.019702e-24 9.240671e-25 1.943769e-24 
5.740000e-01 1.015187e-24 9.110994e-25 1.926286e-24 
5.760000e-01 1.160261e-24 8.986659e-25 2.058927e-24 
5.780000e-01 1.155572e-24 1.018235e-24 2.173807e-24 
5.800000e-01 1.149957e-24 1.005713e-24 2.155670e-24 
5.820000e-01 1.144082e-24 9.937642e-25 2.137846e-24 
5.840000e-01 1.137398e-24 9.819553e-25 2.119353e-24 
5.860000e-01 1.130545e-24 9.704076e-25 2.100952e-24 
5.880000e-01 1.122960e-24 9.589006e-25 2.081860e-24 
5.900000e-01 1.115198e-24 9.474514e-25 2.062650e-24 
5.920000e-01 1.107125e-24 9.362943e-25 2.043420e-24 
5.940000e-01 1.098772e-24 9.251124e-25 2.023884e-24 
5.960000e-01 1.089979e-24 9.143442e-25 2.004323e-24 
5.980000e-01 1.081080e-24 9.036934e-25 1.984773e-24 
6.000000e-01 1.071972e-24 8.929873e-25 1.964959e-24 
6.020000e-01 1.062694e-24 8.821538e-25 1.944848e-24 
6.040000e-01 1.053010e-24 8.696515e-25 1.922661e-24 
6.060000e-01 1.043388e-24 8.605808e-25 1.903969e-24 
6.080000e-01 1.033748e-24 8.503236e-25 1.884072e-24 
6.100000e-01 1.024102e-24 8.409228e-25 1.865025e-24 
6.120000e-01 1.014141e-24 8.314766e-25 1.845617e-24 
6.140000e-01 1.003997e-24 8.221454e-25 1.826143e-24 
6.160000e-01 9.946406e-25 8.125795e-25 1.807220e-24 
6.180000e-01 9.841401e-25 8.034829e-25 1.787623e-24 
6.200000e-01 9.740553e-25 7.937401e-25 1.767795e-24 
6.220000e-01 9.638266e-25 7.843953e-25 1.748222e-24 
6.240000e-01 9.533777e-25 7.753755e-25 1.728753e-24 
6.260000e-01 9.431405e-25 7.653693e-25 1.708510e-24 
6.280000e-01 9.328622e-25 7.576855e-25 1.690548e-24 
6.300000e-01 9.225030e-25 7.489574e-25 1.671460e-24 
6.320000e-01 9.123725e-25 7.402379e-25 1.652610e-24 
6.340000e-01 9.019172e-25 7.314747e-25 1.633392e-24 
6.360000e-01 8.914604e-25 7.235659e-25 1.615026e-24 
6.380000e-01 8.810800e-25 7.146064e-25 1.595686e-24 
6.400000e-01 8.706401e-25 7.064231e-25 1.577063e-24 
6.420000e-01 8.602282e-25 6.984514e-25 1.558680e-24 
6.440000e-01 8.498853e-25 6.907324e-25 1.540618e-24 
6.460000e-01 8.393236e-25 6.838421e-25 1.523166e-24 
6.480000e-01 8.286164e-25 6.761087e-25 1.504725e-24 
6.500000e-01 8.177955e-25 6.682469e-25 1.486042e-24 
6.520000e-01 8.070845e-25 6.613040e-25 1.468388e-24 
6.540000e-01 7.964880e-25 6.536819e-25 1.450170e-24 
6.560000e-01 7.855960e-25 6.459806e-25 1.431577e-24 
6.580000e-01 7.746708e-25 6.403497e-25 1.415020e-24 
6.600000e-01 7.637693e-25 6.314246e-25 1.395194e-24 
6.620000e-01 7.527025e-25 6.246537e-25 1.377356e-24 
6.640000e-01 7.417205e-25 6.177351e-25 1.359456e-24 
6.660000e-01 7.304837e-25 6.109095e-25 1.341393e-24 
6.680000e-01 7.192201e-25 6.041920e-25 1.323412e-24 
6.700000e-01 7.077979e-25 5.956485e-25 1.303446e-24 
6.720000e-01 6.963080e-25 5.905972e-25 1.286905e-24 
6.740000e-01 6.845886e-25 5.848277e-25 1.269416e-24 
6.760000e-01 6.725891e-25 5.776678e-25 1.250257e-24 
6.780000e-01 6.606634e-25 5.712907e-25 1.231954e-24 
6.800000e-01 6.486178e-25 5.650906e-25 1.213708e-24 
6.820000e-01 6.363293e-25 5.589771e-25 1.195306e-24 
6.840000e-01 6.232182e-25 5.530231e-25 1.176241e-24 
6.860000e-01 6.100232e-25 5.470094e-25 1.157033e-24 
6.880000e-01 5.962936e-25 5.411488e-25 1.137442e-24 
6.900000e-01 5.818784e-25 5.354353e-25 1.117314e-24 
6.920000e-01 5.670862e-25 5.297923e-25 1.096878e-24 
6.940000e-01 5.503999e-25 5.248202e-25 1.075220e-24 
6.960000e-01 5.327402e-25 5.186662e-25 1.051406e-24 
6.980000e-01 5.122145e-25 5.128757e-25 1.025090e-24 
7.000000e-01 4.852779e-25 5.073253e-25 9.926031e-25 
7.020000e-01 4.554497e-25 5.015470e-25 9.569967e-25 
7.040000e-01 4.262203e-25 4.964226e-25 9.226429e-25 
7.060000e-01 4.124229e-25 4.911197e-25 9.035427e-25 
7.080000e-01 4.118882e-25 4.860303e-25 8.979185e-25 
7.100000e-01 4.378890e-25 4.807123e-25 9.186013e-25 
7.120000e-01 4.720749e-25 4.755974e-25 9.476722e-25 
7.140000e-01 5.151702e-25 4.705181e-25 9.856884e-25 
7.160000e-01 5.415008e-25 4.656653e-25 1.007166e-24 
7.180000e-01 5.619773e-25 4.608273e-25 1.022805e-24 
7.200000e-01 5.728319e-25 4.560992e-25 1.028931e-24 
7.220000e-01 5.802489e-25 4.513338e-25 1.031583e-24 
7.240000e-01 5.860788e-25 4.468373e-25 1.032916e-24 
7.260000e-01 5.898193e-25 4.419414e-25 1.031761e-24 
7.280000e-01 5.926964e-25 4.432880e-25 1.035984e-24 
7.300000e-01 5.949638e-25 4.329045e-25 1.027868e-24 
7.320000e-01 5.959658e-25 4.284585e-25 1.024424e-24 
7.340000e-01 5.966594e-25 4.239509e-25 1.020610e-24 
7.360000e-01 5.966470e-25 4.194992e-25 1.016146e-24 
7.380000e-01 5.961497e-25 4.148897e-25 1.011039e-24 
7.400000e-01 5.954752e-25 4.105806e-25 1.006056e-24 
7.420000e-01 5.942906e-25 4.063897e-25 1.000680e-24 
7.440000e-01 5.929319e-25 4.022548e-25 9.951867e-25 
7.460000e-01 5.914040e-25 3.981224e-25 9.895264e-25 
7.480000e-01 5.879239e-25 3.941245e-25 9.820484e-25 
7.500000e-01 5.874186e-25 3.900214e-25 9.774400e-25 
7.520000e-01 5.850940e-25 3.861624e-25 9.712564e-25 
7.540000e-01 5.825010e-25 3.820993e-25 9.646003e-25 
7.560000e-01 5.799211e-25 3.782359e-25 9.581570e-25 
7.580000e-01 5.772895e-25 3.745185e-25 9.518080e-25 
7.600000e-01 5.745355e-25 3.711370e-25 9.456725e-25 
7.620000e-01 5.715922e-25 3.673112e-25 9.389034e-25 
7.640000e-01 5.684749e-25 3.635518e-25 9.320267e-25 
7.660000e-01 5.652943e-25 3.599122e-25 9.252066e-25 
7.680000e-01 5.621302e-25 3.564746e-25 9.186048e-25 
7.700000e-01 5.589251e-25 3.527758e-25 9.117009e-25 
7.720000e-01 5.557272e-25 3.496360e-25 9.053633e-25 
7.740000e-01 5.526120e-25 3.462584e-25 8.988704e-25 
7.760000e-01 5.489790e-25 3.427653e-25 8.917443e-25 
7.780000e-01 5.454066e-25 3.393127e-25 8.847192e-25 
7.800000e-01 5.417106e-25 3.358222e-25 8.775328e-25 
7.820000e-01 5.380907e-25 3.323248e-25 8.704155e-25 
7.840000e-01 5.343506e-25 3.290669e-25 8.634175e-25 
7.860000e-01 5.306151e-25 3.258716e-25 8.564867e-25 
7.880000e-01 5.269072e-25 3.226854e-25 8.495926e-25 
7.900000e-01 5.231516e-25 3.195711e-25 8.427227e-25 
7.920000e-01 5.192669e-25 3.164165e-25 8.356834e-25 
7.940000e-01 5.151849e-25 3.133181e-25 8.285030e-25 
7.960000e-01 5.109120e-25 3.102972e-25 8.212092e-25 
7.980000e-01 5.068572e-25 3.073335e-25 8.141907e-25 
8.000000e-01 5.030672e-25 3.044279e-25 8.074951e-25 
8.020000e-01 4.994250e-25 3.016077e-25 8.010327e-25 
8.040000e-01 4.959536e-25 2.988683e-25 7.948219e-25 
8.060000e-01 4.875833e-25 2.959591e-25 7.835424e-25 
8.080000e-01 4.889266e-25 2.931198e-25 7.820464e-25 
8.100000e-01 4.853928e-25 2.902709e-25 7.756637e-25 
8.120000e-01 4.820336e-25 2.874135e-25 7.694471e-25 
8.140000e-01 4.790057e-25 2.845396e-25 7.635453e-25 
8.160000e-01 4.755518e-25 2.822526e-25 7.578044e-25 
8.180000e-01 4.724232e-25 2.790722e-25 7.514954e-25 
8.200000e-01 4.692802e-25 2.764106e-25 7.456908e-25 
8.220000e-01 4.661133e-25 2.738760e-25 7.399893e-25 
8.240000e-01 4.629370e-25 2.713765e-25 7.343135e-25 
8.260000e-01 4.598250e-25 2.689220e-25 7.287471e-25 
8.280000e-01 4.567689e-25 2.664242e-25 7.231931e-25 
8.300000e-01 4.538546e-25 2.640134e-25 7.178679e-25 
8.320000e-01 4.500753e-25 2.616054e-25 7.116808e-25 
8.340000e-01 4.482098e-25 2.592142e-25 7.074240e-25 
8.360000e-01 4.455054e-25 2.567712e-25 7.022766e-25 
8.380000e-01 4.425516e-25 2.543238e-25 6.968754e-25 
8.400000e-01 4.396314e-25 2.519589e-25 6.915903e-25 
8.420000e-01 4.369432e-25 2.496086e-25 6.865518e-25 
8.440000e-01 4.340421e-25 2.472975e-25 6.813396e-25 
8.460000e-01 4.314663e-25 2.450514e-25 6.765177e-25 
8.480000e-01 4.289104e-25 2.428165e-25 6.717269e-25 
8.500000e-01 4.264049e-25 2.406786e-25 6.670835e-25 
8.520000e-01 4.110899e-25 2.385022e-25 6.495921e-25 
8.540000e-01 4.079870e-25 2.291860e-25 6.371729e-25 
8.560000e-01 4.046996e-25 2.267275e-25 6.314271e-25 
8.580000e-01 4.014816e-25 2.242492e-25 6.257308e-25 
8.600000e-01 3.983418e-25 2.217205e-25 6.200623e-25 
8.620000e-01 3.952803e-25 2.193268e-25 6.146071e-25 
8.640000e-01 3.919679e-25 2.169920e-25 6.089599e-25 
8.660000e-01 3.893146e-25 2.146451e-25 6.039597e-25 
8.680000e-01 3.864637e-25 2.124553e-25 5.989190e-25 
8.700000e-01 3.834338e-25 2.101897e-25 5.936236e-25 
8.720000e-01 3.804784e-25 2.079885e-25 5.884669e-25 
8.740000e-01 3.775810e-25 2.059177e-25 5.834987e-25 
8.760000e-01 3.745974e-25 2.037808e-25 5.783782e-25 
8.780000e-01 3.717370e-25 2.018122e-25 5.735492e-25 
8.800000e-01 3.688327e-25 1.998908e-25 5.687235e-25 
8.820000e-01 3.659182e-25 1.980602e-25 5.639784e-25 
8.840000e-01 3.630309e-25 1.961325e-25 5.591634e-25 
8.860000e-01 3.598941e-25 1.941521e-25 5.540462e-25 
8.880000e-01 3.567781e-25 1.922172e-25 5.489953e-25 
8.900000e-01 3.537320e-25 1.902389e-25 5.439710e-25 
8.920000e-01 3.506314e-25 1.882734e-25 5.389048e-25 
8.940000e-01 3.475616e-25 1.863332e-25 5.338948e-25 
8.960000e-01 3.448171e-25 1.845332e-25 5.293503e-25 
8.980000e-01 3.419241e-25 1.826381e-25 5.245623e-25 
9.000000e-01 3.391610e-25 1.808422e-25 5.200031e-25 
9.020000e-01 3.363568e-25 1.789692e-25 5.153259e-25 
9.040000e-01 3.335688e-25 1.771703e-25 5.107391e-25 
9.060000e-01 3.308756e-25 1.753847e-25 5.062604e-25 
9.080000e-01 3.282649e-25 1.736145e-25 5.018793e-25 
9.100000e-01 3.255971e-25 1.719971e-25 4.975943e-25 
9.120000e-01 3.230603e-25 1.704400e-25 4.935003e-25 
9.140000e-01 3.205087e-25 1.688877e-25 4.893965e-25 
9.160000e-01 3.178736e-25 1.689908e-25 4.868644e-25 
9.180000e-01 3.170382e-25 1.657584e-25 4.827967e-25 
9.200000e-01 3.124893e-25 1.641564e-25 4.766457e-25 
9.220000e-01 3.098702e-25 1.624360e-25 4.723062e-25 
9.240000e-01 3.072543e-25 1.607452e-25 4.679995e-25 
9.260000e-01 3.044431e-25 1.592204e-25 4.636634e-25 
9.280000e-01 3.257593e-25 1.574820e-25 4.832413e-25 
9.300000e-01 3.235011e-25 1.683889e-25 4.918900e-25 
9.320000e-01 3.211865e-25 1.670647e-25 4.882512e-25 
9.340000e-01 3.187307e-25 1.657314e-25 4.844621e-25 
9.360000e-01 3.164975e-25 1.644586e-25 4.809561e-25 
9.380000e-01 3.127028e-25 1.630111e-25 4.757139e-25 
9.400000e-01 3.103443e-25 1.597159e-25 4.700602e-25 
9.420000e-01 3.099491e-25 1.595910e-25 4.695401e-25 
9.440000e-01 3.057132e-25 1.582429e-25 4.639561e-25 
9.460000e-01 3.034380e-25 1.568723e-25 4.603103e-25 
9.480000e-01 3.012835e-25 1.555451e-25 4.568286e-25 
9.500000e-01 2.990002e-25 1.542074e-25 4.532076e-25 
9.520000e-01 2.967502e-25 1.529026e-25 4.496528e-25 
9.540000e-01 2.945896e-25 1.516738e-25 4.462634e-25 
9.560000e-01 2.924392e-25 1.504477e-25 4.428869e-25 
9.580000e-01 2.902715e-25 1.491674e-25 4.394389e-25 
9.600000e-01 2.879223e-25 1.479392e-25 4.358615e-25 
9.620000e-01 2.860210e-25 1.467427e-25 4.327637e-25 
9.640000e-01 2.838616e-25 1.454360e-25 4.292977e-25 
9.660000e-01 2.817313e-25 1.441890e-25 4.259203e-25 
9.680000e-01 2.796522e-25 1.428905e-25 4.225427e-25 
9.700000e-01 2.776059e-25 1.416434e-25 4.192493e-25 
9.720000e-01 2.754523e-25 1.404249e-25 4.158772e-25 
9.740000e-01 2.734247e-25 1.391527e-25 4.125774e-25 
9.760000e-01 2.714139e-25 1.380673e-25 4.094812e-25 
9.780000e-01 2.693918e-25 1.369057e-25 4.062975e-25 
9.800000e-01 2.673097e-25 1.358136e-25 4.031233e-25 
9.820000e-01 2.653610e-25 1.347069e-25 4.000679e-25 
9.840000e-01 2.633442e-25 1.336564e-25 3.970006e-25 
9.860000e-01 2.614280e-25 1.325206e-25 3.939486e-25 
9.880000e-01 2.595482e-25 1.313616e-25 3.909098e-25 
9.900000e-01 2.575787e-25 1.302710e-25 3.878497e-25 
9.920000e-01 2.556745e-25 1.291470e-25 3.848215e-25 
9.940000e-01 2.538407e-25 1.280659e-25 3.819066e-25 
9.960000e-01 2.519696e-25 1.270256e-25 3.789952e-25 
9.980000e-01 2.501113e-25 1.261533e-25 3.762647e-25 
1.000000e+00 2.482817e-25 1.253133e-25 3.735950e-25 
1.002000e+00 2.465513e-25 1.239823e-25 3.705336e-25 
1.004000e+00 2.446208e-25 1.233916e-25 3.680124e-25 
1.006000e+00 2.428080e-25 1.224185e-25 3.652265e-25 
1.008000e+00 2.410216e-25 1.214650e-25 3.624866e-25 
1.010000e+00 2.392909e-25 1.205367e-25 3.598275e-25 
1.012000e+00 2.374625e-25 1.196239e-25 3.570864e-25 
1.014000e+00 2.357124e-25 1.187037e-25 3.544161e-25 
1.016000e+00 2.339432e-25 1.177367e-25 3.516799e-25 
1.018000e+00 2.321497e-25 1.168056e-25 3.489553e-25 
1.020000e+00 2.305241e-25 1.158896e-25 3.464137e-25 
1.022000e+00 2.288487e-25 1.149721e-25 3.438208e-25 
1.024000e+00 2.271594e-25 1.140768e-25 3.412362e-25 
1.026000e+00 2.254900e-25 1.132046e-25 3.386946e-25 
1.028000e+00 2.239124e-25 1.123985e-25 3.363109e-25 
1.030000e+00 2.223500e-25 1.115633e-25 3.339134e-25 
1.032000e+00 2.206442e-25 1.107052e-25 3.313494e-25 
1.034000e+00 2.190304e-25 1.098696e-25 3.289000e-25 
1.036000e+00 2.174128e-25 1.090338e-25 3.264466e-25 
1.038000e+00 2.158636e-25 1.081898e-25 3.240534e-25 
1.040000e+00 2.142158e-25 1.073650e-25 3.215808e-25 
1.042000e+00 2.126362e-25 1.065275e-25 3.191636e-25 
1.044000e+00 2.110886e-25 1.057038e-25 3.167924e-25 
1.046000e+00 2.096222e-25 1.049069e-25 3.145290e-25 
1.048000e+00 2.079876e-25 1.041000e-25 3.120876e-25 
1.050000e+00 2.064676e-25 1.033165e-25 3.097841e-25 
1.052000e+00 2.049393e-25 1.024841e-25 3.074234e-25 
1.054000e+00 2.035259e-25 1.017472e-25 3.052731e-25 
1.056000e+00 2.019844e-25 1.010287e-25 3.030130e-25 
1.058000e+00 2.004997e-25 1.002849e-25 3.007846e-25 
1.060000e+00 1.990250e-25 9.951864e-26 2.985437e-25 
1.062000e+00 1.975744e-25 9.878623e-26 2.963606e-25 
1.064000e+00 1.961274e-25 9.805724e-26 2.941846e-25 
1.066000e+00 1.947168e-25 9.731122e-26 2.920280e-25 
1.068000e+00 1.933121e-25 9.658880e-26 2.899009e-25 
1.070000e+00 1.920121e-25 9.587058e-26 2.878827e-25 
1.072000e+00 1.905466e-25 9.519887e-26 2.857455e-25 
1.074000e+00 1.891416e-25 9.446690e-26 2.836085e-25 
1.076000e+00 1.878395e-25 9.377803e-26 2.816176e-25 
1.078000e+00 1.864535e-25 9.311585e-26 2.795693e-25 
1.080000e+00 1.850982e-25 9.241290e-26 2.775111e-25 
1.082000e+00 1.838376e-25 9.173186e-26 2.755694e-25 
1.084000e+00 1.823539e-25 9.110315e-26 2.734571e-25 
1.086000e+00 1.810243e-25 9.036294e-26 2.713873e-25 
1.088000e+00 1.797039e-25 8.970812e-26 2.694121e-25 
1.090000e+00 1.784349e-25 8.904431e-26 2.674792e-25 
1.092000e+00 1.770413e-25 8.837852e-26 2.654198e-25 
1.094000e+00 1.757755e-25 8.771769e-26 2.634932e-25 
1.096000e+00 1.745159e-25 8.706649e-26 2.615824e-25 
1.098000e+00 1.732683e-25 8.643196e-26 2.597002e-25 
1.100000e+00 1.720108e-25 8.567882e-26 2.576897e-25 
1.102000e+00 1.708074e-25 8.521743e-26 2.560248e-25 
1.104000e+00 1.695762e-25 8.459542e-26 2.541716e-25 
1.106000e+00 1.683461e-25 8.398796e-26 2.523341e-25 
1.108000e+00 1.671300e-25 8.339614e-26 2.505262e-25 
1.110000e+00 1.659535e-25 8.281053e-26 2.487640e-25 
1.112000e+00 1.647939e-25 8.201682e-26 2.468107e-25 
1.114000e+00 1.636765e-25 8.160213e-26 2.452786e-25 
1.116000e+00 1.624044e-25 8.106532e-26 2.434697e-25 
1.118000e+00 1.612323e-25 8.041822e-26 2.416505e-25 
1.120000e+00 1.601122e-25 7.984114e-26 2.399534e-25 
1.122000e+00 1.585180e-25 7.927075e-26 2.377888e-25 
1.124000e+00 1.577520e-25 7.870884e-26 2.364609e-25 
1.126000e+00 1.566087e-25 7.813672e-26 2.347455e-25 
1.128000e+00 1.554681e-25 7.758924e-26 2.330574e-25 
1.130000e+00 1.543483e-25 7.706302e-26 2.314113e-25 
1.132000e+00 1.532245e-25 7.655278e-26 2.297773e-25 
1.134000e+00 1.521034e-25 7.596413e-26 2.280675e-25 
1.136000e+00 1.510295e-25 7.541617e-26 2.264457e-25 
1.138000e+00 1.500069e-25 7.489738e-26 2.249043e-25 
1.140000e+00 1.489152e-25 7.462662e-26 2.235418e-25 
1.142000e+00 1.478483e-25 7.383149e-26 2.216797e-25 
1.144000e+00 1.468730e-25 7.333110e-26 2.202041e-25 
1.146000e+00 1.457047e-25 7.271521e-26 2.184200e-25 
1.148000e+00 1.446485e-25 7.229944e-26 2.169480e-25 
1.150000e+00 1.436680e-25 7.186841e-26 2.155364e-25 
1.152000e+00 1.427966e-25 7.131608e-26 2.141127e-25 
1.154000e+00 1.416391e-25 7.082541e-26 2.124645e-25 
1.156000e+00 1.406457e-25 7.035309e-26 2.109988e-25 
1.158000e+00 1.396200e-25 6.984141e-26 2.094614e-25 
1.160000e+00 1.386408e-25 6.935586e-26 2.079966e-25 
1.162000e+00 1.376505e-25 6.889022e-26 2.065407e-25 
1.164000e+00 1.366897e-25 6.840882e-26 2.050985e-25 
1.166000e+00 1.357029e-25 6.792937e-26 2.036323e-25 
1.168000e+00 1.346850e-25 6.744742e-26 2.021325e-25 
1.170000e+00 1.337143e-25 6.697325e-26 2.006876e-25 
1.172000e+00 1.327498e-25 6.649241e-26 1.992422e-25 
1.174000e+00 1.318246e-25 6.600794e-26 1.978325e-25 
1.176000e+00 1.308412e-25 6.556849e-26 1.964097e-25 
1.178000e+00 1.299809e-25 6.508858e-26 1.950695e-25 
1.180000e+00 1.289347e-25 6.466450e-26 1.935992e-25 
1.182000e+00 1.284857e-25 6.426333e-26 1.927490e-25 
1.184000e+00 1.271443e-25 6.381757e-26 1.909619e-25 
1.186000e+00 1.262249e-25 6.339428e-26 1.896192e-25 
1.188000e+00 1.253232e-25 6.294725e-26 1.882705e-25 
1.190000e+00 1.244291e-25 6.252847e-26 1.869576e-25 
1.192000e+00 1.235564e-25 6.209925e-26 1.856557e-25 
1.194000e+00 1.227127e-25 6.170342e-26 1.844161e-25 
1.196000e+00 1.218190e-25 6.127032e-26 1.830893e-25 
1.198000e+00 1.209752e-25 6.099685e-26 1.819720e-25 
1.200000e+00 1.200846e-25 6.042259e-26 1.805072e-25 
1.202000e+00 1.192203e-25 6.002768e-26 1.792480e-25 
1.204000e+00 1.178312e-25 5.966554e-26 1.774967e-25 
1.206000e+00 1.175223e-25 5.924207e-26 1.767644e-25 
1.208000e+00 1.167322e-25 5.884063e-26 1.755728e-25 
1.210000e+00 1.158236e-25 5.843067e-26 1.742542e-25 
1.212000e+00 1.149001e-25 5.800160e-26 1.729017e-25 
1.214000e+00 1.140635e-25 5.762150e-26 1.716850e-25 
1.216000e+00 1.132127e-25 5.723308e-26 1.704458e-25 
1.218000e+00 1.123809e-25 5.679538e-26 1.691763e-25 
1.220000e+00 1.114857e-25 5.640156e-26 1.678873e-25 
1.222000e+00 1.106234e-25 5.601391e-26 1.666373e-25 
1.224000e+00 1.097832e-25 5.563900e-26 1.654222e-25 
1.226000e+00 1.089884e-25 5.528086e-26 1.642692e-25 
1.228000e+00 1.082053e-25 5.491229e-26 1.631176e-25 
1.230000e+00 1.074686e-25 5.453560e-26 1.620042e-25 
1.232000e+00 1.066667e-25 5.417680e-26 1.608435e-25 
1.234000e+00 1.058696e-25 5.382522e-26 1.596949e-25 
1.236000e+00 1.050724e-25 5.346737e-26 1.585398e-25 
1.238000e+00 1.042726e-25 5.308735e-26 1.573599e-25 
1.240000e+00 1.036861e-25 5.272890e-26 1.564150e-25 
1.242000e+00 1.023503e-25 5.237069e-26 1.547210e-25 
1.244000e+00 1.018498e-25 5.200895e-26 1.538587e-25 
1.246000e+00 1.010428e-25 5.165901e-26 1.527018e-25 
1.248000e+00 1.002558e-25 5.131567e-26 1.515714e-25 
1.250000e+00 9.947343e-26 5.098396e-26 1.504574e-25 
1.252000e+00 9.878704e-26 5.066050e-26 1.494475e-25 
1.254000e+00 9.806417e-26 5.035375e-26 1.484179e-25 
1.256000e+00 9.732857e-26 5.002862e-26 1.473572e-25 
1.258000e+00 9.656183e-26 4.969612e-26 1.462580e-25 
1.260000e+00 9.583143e-26 4.937529e-26 1.452067e-25 
1.262000e+00 9.498921e-26 4.901831e-26 1.440075e-25 
1.264000e+00 9.421361e-26 4.869479e-26 1.429084e-25 
1.266000e+00 9.343324e-26 4.836520e-26 1.417984e-25 
1.268000e+00 9.258571e-26 4.804422e-26 1.406299e-25 
1.270000e+00 9.184689e-26 4.772615e-26 1.395730e-25 
1.272000e+00 9.174495e-26 4.749211e-26 1.392371e-25 
1.274000e+00 9.026319e-26 4.711297e-26 1.373762e-25 
1.276000e+00 8.950954e-26 4.680729e-26 1.363168e-25 
1.278000e+00 8.870623e-26 4.651339e-26 1.352196e-25 
1.280000e+00 8.786868e-26 4.622117e-26 1.340898e-25 
1.282000e+00 8.702857e-26 4.589428e-26 1.329229e-25 
1.284000e+00 8.612603e-26 4.557206e-26 1.316981e-25 
1.286000e+00 8.517726e-26 4.526352e-26 1.304408e-25 
1.288000e+00 8.418108e-26 4.495270e-26 1.291338e-25 
1.290000e+00 8.291412e-26 4.464548e-26 1.275596e-25 
1.292000e+00 8.174174e-26 4.437147e-26 1.261132e-25 
1.294000e+00 8.064950e-26 4.405936e-26 1.247089e-25 
1.296000e+00 7.968339e-26 4.380148e-26 1.234849e-25 
1.298000e+00 7.873663e-26 4.351571e-26 1.222523e-25 
1.300000e+00 7.816609e-26 4.325115e-26 1.214172e-25 
1.302000e+00 7.780398e-26 4.299988e-26 1.208039e-25 
1.304000e+00 7.741814e-26 4.272574e-26 1.201439e-25 
1.306000e+00 7.747331e-26 4.246220e-26 1.199355e-25 
1.308000e+00 7.759263e-26 4.217392e-26 1.197665e-25 
1.310000e+00 7.772421e-26 4.189097e-26 1.196152e-25 
1.312000e+00 7.792385e-26 4.161243e-26 1.195363e-25 
1.314000e+00 7.809932e-26 4.135370e-26 1.194530e-25 
1.316000e+00 7.827687e-26 4.105329e-26 1.193302e-25 
1.318000e+00 7.820226e-26 4.078427e-26 1.189865e-25 
1.320000e+00 7.813797e-26 4.052050e-26 1.186585e-25 
1.322000e+00 7.805021e-26 4.029037e-26 1.183406e-25 
1.324000e+00 7.696147e-26 4.004165e-26 1.170031e-25 
1.326000e+00 7.761785e-26 3.979406e-26 1.174119e-25 
1.328000e+00 7.739190e-26 3.955572e-26 1.169476e-25 
1.330000e+00 7.708990e-26 3.929247e-26 1.163824e-25 
1.332000e+00 7.690527e-26 3.904342e-26 1.159487e-25 
1.334000e+00 7.647920e-26 3.878116e-26 1.152604e-25 
1.336000e+00 7.612102e-26 3.851836e-26 1.146394e-25 
1.338000e+00 7.584096e-26 3.825468e-26 1.140956e-25 
1.340000e+00 7.539447e-26 3.801632e-26 1.134108e-25 
1.342000e+00 7.506127e-26 3.786408e-26 1.129253e-25 
1.344000e+00 7.470840e-26 3.752897e-26 1.122374e-25 
1.346000e+00 7.439988e-26 3.731194e-26 1.117118e-25 
1.348000e+00 7.404231e-26 3.708986e-26 1.111322e-25 
1.350000e+00 7.374717e-26 3.687111e-26 1.106183e-25 
1.352000e+00 7.337637e-26 3.664831e-26 1.100247e-25 
1.354000e+00 7.300972e-26 3.642277e-26 1.094325e-25 
1.356000e+00 7.267653e-26 3.620562e-26 1.088822e-25 
1.358000e+00 7.227875e-26 3.597837e-26 1.082571e-25 
1.360000e+00 7.191778e-26 3.574626e-26 1.076640e-25 
1.362000e+00 7.152925e-26 3.549812e-26 1.070274e-25 
1.364000e+00 7.112663e-26 3.528888e-26 1.064155e-25 
1.366000e+00 7.077328e-26 3.505770e-26 1.058310e-25 
1.368000e+00 7.035113e-26 3.481582e-26 1.051670e-25 
1.370000e+00 7.000864e-26 3.460506e-26 1.046137e-25 
1.372000e+00 6.963585e-26 3.440373e-26 1.040396e-25 
1.374000e+00 6.922426e-26 3.418633e-26 1.034106e-25 
1.376000e+00 6.893103e-26 3.399397e-26 1.029250e-25 
1.378000e+00 6.831916e-26 3.376534e-26 1.020845e-25 
1.380000e+00 6.818263e-26 3.354227e-26 1.017249e-25 
1.382000e+00 6.781560e-26 3.331728e-26 1.011329e-25 
1.384000e+00 6.742785e-26 3.313410e-26 1.005619e-25 
1.386000e+00 6.703274e-26 3.286769e-26 9.990043e-26 
1.388000e+00 6.663324e-26 3.270047e-26 9.933371e-26 
1.390000e+00 6.630000e-26 3.250902e-26 9.880902e-26 
1.392000e+00 6.589740e-26 3.157403e-26 9.747144e-26 
1.394000e+00 6.555784e-26 3.210197e-26 9.765982e-26 
1.396000e+00 6.519457e-26 3.190113e-26 9.709570e-26 
1.398000e+00 6.487544e-26 3.172057e-26 9.659601e-26 
1.400000e+00 6.452827e-26 3.154806e-26 9.607633e-26 
1.402000e+00 6.415296e-26 3.140203e-26 9.555499e-26 
1.404000e+00 6.387031e-26 3.116610e-26 9.503641e-26 
1.406000e+00 6.349182e-26 3.097382e-26 9.446564e-26 
1.408000e+00 6.311209e-26 3.079044e-26 9.390254e-26 
1.410000e+00 6.278120e-26 3.058469e-26 9.336589e-26 
1.412000e+00 6.239304e-26 3.042793e-26 9.282097e-26 
1.414000e+00 6.204270e-26 3.020776e-26 9.225046e-26 
1.416000e+00 6.171265e-26 3.050300e-26 9.221565e-26 
1.418000e+00 6.127696e-26 2.982058e-26 9.109754e-26 
1.420000e+00 6.097292e-26 2.965116e-26 9.062407e-26 
1.422000e+00 6.062646e-26 2.946503e-26 9.009150e-26 
1.424000e+00 6.031657e-26 2.930904e-26 8.962561e-26 
1.426000e+00 5.997758e-26 2.912882e-26 8.910640e-26 
1.428000e+00 5.965546e-26 2.897007e-26 8.862553e-26 
1.430000e+00 5.929819e-26 2.879118e-26 8.808937e-26 
1.432000e+00 5.895807e-26 2.860718e-26 8.756524e-26 
1.434000e+00 5.861831e-26 2.843426e-26 8.705258e-26 
1.436000e+00 5.828833e-26 2.825956e-26 8.654789e-26 
1.438000e+00 5.794929e-26 2.809945e-26 8.604874e-26 
1.440000e+00 5.760461e-26 2.789554e-26 8.550014e-26 
1.442000e+00 5.727089e-26 2.771982e-26 8.499071e-26 
1.444000e+00 5.693048e-26 2.754648e-26 8.447697e-26 
1.446000e+00 5.662045e-26 2.738660e-26 8.400704e-26 
1.448000e+00 5.630728e-26 2.723395e-26 8.354123e-26 
1.450000e+00 5.598186e-26 2.707887e-26 8.306073e-26 
1.452000e+00 5.568159e-26 2.692939e-26 8.261098e-26 
1.454000e+00 5.537677e-26 2.676476e-26 8.214153e-26 
1.456000e+00 5.508129e-26 2.662811e-26 8.170940e-26 
1.458000e+00 5.477967e-26 2.647302e-26 8.125269e-26 
1.460000e+00 5.447579e-26 2.633357e-26 8.080937e-26 
1.462000e+00 5.417196e-26 2.615839e-26 8.033036e-26 
1.464000e+00 5.384229e-26 2.600027e-26 7.984257e-26 
1.466000e+00 5.354592e-26 2.585181e-26 7.939773e-26 
1.468000e+00 5.320723e-26 2.569171e-26 7.889894e-26 
1.470000e+00 5.293324e-26 2.553581e-26 7.846905e-26 
1.472000e+00 5.259603e-26 2.536179e-26 7.795781e-26 
1.474000e+00 5.229252e-26 2.521736e-26 7.750989e-26 
1.476000e+00 5.200213e-26 2.507028e-26 7.707242e-26 
1.478000e+00 5.305771e-26 2.493114e-26 7.798885e-26 
1.480000e+00 5.281255e-26 2.543164e-26 7.824419e-26 
1.482000e+00 5.251852e-26 2.527791e-26 7.779643e-26 
1.484000e+00 5.223183e-26 2.513852e-26 7.737034e-26 
1.486000e+00 5.191943e-26 2.499523e-26 7.691465e-26 
1.488000e+00 5.163288e-26 2.486141e-26 7.649429e-26 
1.490000e+00 5.134511e-26 2.472919e-26 7.607430e-26 
1.492000e+00 5.108123e-26 2.459765e-26 7.567888e-26 
1.494000e+00 5.081918e-26 2.446455e-26 7.528373e-26 
1.496000e+00 5.053232e-26 2.433074e-26 7.486305e-26 
1.498000e+00 5.025783e-26 2.418055e-26 7.443838e-26 
1.500000e+00 4.999405e-26 2.405150e-26 7.404556e-26 
1.502000e+00 4.970410e-26 2.391483e-26 7.361892e-26 
1.504000e+00 4.947654e-26 2.379053e-26 7.326707e-26 
1.506000e+00 4.921718e-26 2.365849e-26 7.287567e-26 
1.508000e+00 4.894789e-26 2.352206e-26 7.246994e-26 
1.510000e+00 4.869040e-26 2.339003e-26 7.208044e-26 
1.512000e+00 4.839928e-26 2.326295e-26 7.166223e-26 
1.514000e+00 4.812166e-26 2.312014e-26 7.124181e-26 
1.516000e+00 4.784963e-26 2.300264e-26 7.085228e-26 
1.518000e+00 4.759541e-26 2.286132e-26 7.045674e-26 
1.520000e+00 4.732922e-26 2.273557e-26 7.006480e-26 
1.522000e+00 4.710668e-26 2.263726e-26 6.974394e-26 
1.524000e+00 4.679338e-26 2.247363e-26 6.926700e-26 
1.526000e+00 4.653756e-26 2.235516e-26 6.889272e-26 
1.528000e+00 4.627831e-26 2.223351e-26 6.851181e-26 
1.530000e+00 4.608780e-26 2.212435e-26 6.821215e-26 
1.532000e+00 4.579946e-26 2.199434e-26 6.779379e-26 
1.534000e+00 4.556967e-26 2.187468e-26 6.744436e-26 
1.536000e+00 4.535635e-26 2.175978e-26 6.711612e-26 
1.538000e+00 4.509358e-26 2.164927e-26 6.674285e-26 
1.540000e+00 4.485230e-26 2.152083e-26 6.637313e-26 
1.542000e+00 4.458722e-26 2.140257e-26 6.598979e-26 
1.544000e+00 4.436657e-26 2.127838e-26 6.564495e-26 
1.546000e+00 4.412268e-26 2.117235e-26 6.529503e-26 
1.548000e+00 4.388240e-26 2.103951e-26 6.492191e-26 
1.550000e+00 4.363409e-26 2.094011e-26 6.457419e-26 
1.552000e+00 4.324897e-26 2.083107e-26 6.408004e-26 
1.554000e+00 4.317316e-26 2.071800e-26 6.389116e-26 
1.556000e+00 4.297352e-26 2.061160e-26 6.358512e-26 
1.558000e+00 4.279525e-26 2.051313e-26 6.330838e-26 
1.560000e+00 4.250453e-26 2.039731e-26 6.290184e-26 
1.562000e+00 4.229201e-26 2.029787e-26 6.258989e-26 
1.564000e+00 4.204704e-26 2.018236e-26 6.222940e-26 
1.566000e+00 4.183125e-26 2.007058e-26 6.190182e-26 
1.568000e+00 4.160137e-26 1.997207e-26 6.157344e-26 
1.570000e+00 4.137093e-26 1.985021e-26 6.122114e-26 
1.572000e+00 4.114873e-26 1.973637e-26 6.088510e-26 
1.574000e+00 4.092735e-26 1.965548e-26 6.058283e-26 
1.576000e+00 4.068158e-26 1.951678e-26 6.019836e-26 
1.578000e+00 4.045338e-26 1.942411e-26 5.987749e-26 
1.580000e+00 4.023643e-26 1.930553e-26 5.954196e-26 
1.582000e+00 4.001294e-26 1.919431e-26 5.920725e-26 
1.584000e+00 3.979008e-26 1.909886e-26 5.888893e-26 
1.586000e+00 3.957198e-26 1.898090e-26 5.855287e-26 
1.588000e+00 3.936988e-26 1.889615e-26 5.826603e-26 
1.590000e+00 3.916099e-26 1.879367e-26 5.795465e-26 
1.592000e+00 3.895217e-26 1.869660e-26 5.764877e-26 
1.594000e+00 3.877527e-26 1.861353e-26 5.738879e-26 
1.596000e+00 3.858630e-26 1.854062e-26 5.712692e-26 
1.598000e+00 3.837862e-26 1.842744e-26 5.680606e-26 
1.600000e+00 3.815823e-26 1.832480e-26 5.648303e-26 
1.602000e+00 3.794008e-26 1.822426e-26 5.616434e-26 
1.604000e+00 3.774923e-26 1.812411e-26 5.587334e-26 
1.606000e+00 3.755133e-26 1.802456e-26 5.557589e-26 
1.608000e+00 3.736176e-26 1.793554e-26 5.529731e-26 
1.610000e+00 3.716828e-26 1.784223e-26 5.501051e-26 
1.612000e+00 3.695534e-26 1.774905e-26 5.470439e-26 
1.614000e+00 3.677730e-26 1.765878e-26 5.443608e-26 
1.616000e+00 3.656248e-26 1.756094e-26 5.412342e-26 
1.618000e+00 3.637399e-26 1.746729e-26 5.384128e-26 
1.620000e+00 3.641489e-26 1.738798e-26 5.380287e-26 
1.622000e+00 3.602269e-26 1.729790e-26 5.332059e-26 
1.624000e+00 3.582509e-26 1.721683e-26 5.304192e-26 
1.626000e+00 3.563186e-26 1.713025e-26 5.276211e-26 
1.628000e+00 3.544347e-26 1.704448e-26 5.248795e-26 
1.630000e+00 3.524486e-26 1.693987e-26 5.218473e-26 
1.632000e+00 3.504481e-26 1.684996e-26 5.189477e-26 
1.634000e+00 3.486758e-26 1.676826e-26 5.163584e-26 
1.636000e+00 3.464682e-26 1.667963e-26 5.132645e-26 
1.638000e+00 3.447752e-26 1.658744e-26 5.106496e-26 
1.640000e+00 3.429360e-26 1.650783e-26 5.080143e-26 
1.642000e+00 3.411267e-26 1.642000e-26 5.053267e-26 
1.644000e+00 3.391837e-26 1.632875e-26 5.024712e-26 
1.646000e+00 3.374700e-26 1.624192e-26 4.998892e-26 
1.648000e+00 3.357035e-26 1.616978e-26 4.974012e-26 
1.650000e+00 3.339653e-26 1.608249e-26 4.947903e-26 
1.652000e+00 3.320489e-26 1.600094e-26 4.920583e-26 
1.654000e+00 3.308290e-26 1.593128e-26 4.901418e-26 
1.656000e+00 3.287820e-26 1.585052e-26 4.872872e-26 
1.658000e+00 3.269942e-26 1.580842e-26 4.850784e-26 
1.660000e+00 3.253712e-26 1.569646e-26 4.823358e-26 
1.662000e+00 3.234831e-26 1.559668e-26 4.794499e-26 
1.664000e+00 3.218814e-26 1.552163e-26 4.770977e-26 
1.666000e+00 3.202070e-26 1.545550e-26 4.747619e-26 
1.668000e+00 3.186139e-26 1.537710e-26 4.723848e-26 
1.670000e+00 3.169476e-26 1.530415e-26 4.699891e-26 
1.672000e+00 3.151567e-26 1.522189e-26 4.673756e-26 
1.674000e+00 3.136605e-26 1.515372e-26 4.651977e-26 
1.676000e+00 3.119612e-26 1.507158e-26 4.626770e-26 
1.678000e+00 3.103300e-26 1.500153e-26 4.603453e-26 
1.680000e+00 3.086583e-26 1.492742e-26 4.579326e-26 
1.682000e+00 3.071323e-26 1.485417e-26 4.556740e-26 
1.684000e+00 3.055520e-26 1.478351e-26 4.533871e-26 
1.686000e+00 3.039459e-26 1.470632e-26 4.510091e-26 
1.688000e+00 3.024366e-26 1.463405e-26 4.487771e-26 
1.690000e+00 3.008981e-26 1.455414e-26 4.464395e-26 
1.692000e+00 2.992132e-26 1.447460e-26 4.439592e-26 
1.694000e+00 2.975197e-26 1.440076e-26 4.415273e-26 
1.696000e+00 2.958458e-26 1.431865e-26 4.390322e-26 
1.698000e+00 2.941350e-26 1.423545e-26 4.364895e-26 
1.700000e+00 2.923878e-26 1.416157e-26 4.340035e-26 
1.702000e+00 2.910168e-26 1.409598e-26 4.319766e-26 
1.704000e+00 2.892804e-26 1.402171e-26 4.294975e-26 
1.706000e+00 2.877713e-26 1.395355e-26 4.273067e-26 
1.708000e+00 2.861967e-26 1.389542e-26 4.251509e-26 
1.710000e+00 2.846487e-26 1.381400e-26 4.227888e-26 
1.712000e+00 2.833019e-26 1.375395e-26 4.208414e-26 
1.714000e+00 2.817358e-26 1.367723e-26 4.185081e-26 
1.716000e+00 2.803623e-26 1.362317e-26 4.165940e-26 
1.718000e+00 2.789764e-26 1.355213e-26 4.144977e-26 
1.720000e+00 2.776265e-26 1.349500e-26 4.125765e-26 
1.722000e+00 2.758652e-26 1.341771e-26 4.100422e-26 
1.724000e+00 2.744160e-26 1.334538e-26 4.078698e-26 
1.726000e+00 2.729556e-26 1.331156e-26 4.060711e-26 
1.728000e+00 2.715955e-26 1.321742e-26 4.037698e-26 
1.730000e+00 2.704428e-26 1.315404e-26 4.019832e-26 
1.732000e+00 2.687057e-26 1.308228e-26 3.995285e-26 
1.734000e+00 2.673310e-26 1.301353e-26 3.974663e-26 
1.736000e+00 2.638335e-26 1.295334e-26 3.933670e-26 
1.738000e+00 2.645015e-26 1.277077e-26 3.922092e-26 
1.740000e+00 2.631178e-26 1.282742e-26 3.913921e-26 
1.742000e+00 2.616285e-26 1.276639e-26 3.892924e-26 
1.744000e+00 2.603592e-26 1.271789e-26 3.875381e-26 
1.746000e+00 2.589459e-26 1.265050e-26 3.854509e-26 
1.748000e+00 2.576262e-26 1.259518e-26 3.835780e-26 
1.750000e+00 2.561560e-26 1.253043e-26 3.814603e-26 
1.752000e+00 2.549970e-26 1.247428e-26 3.797398e-26 
1.754000e+00 2.533479e-26 1.240669e-26 3.774148e-26 
1.756000e+00 2.519707e-26 1.234347e-26 3.754054e-26 
1.758000e+00 2.504401e-26 1.227925e-26 3.732326e-26 
1.760000e+00 2.492472e-26 1.222522e-26 3.714994e-26 
1.762000e+00 2.477231e-26 1.216252e-26 3.693482e-26 
1.764000e+00 2.463900e-26 1.205935e-26 3.669835e-26 
1.766000e+00 2.451235e-26 1.203736e-26 3.654971e-26 
1.768000e+00 2.436128e-26 1.198186e-26 3.634314e-26 
1.770000e+00 2.422014e-26 1.191631e-26 3.613646e-26 
1.772000e+00 2.408734e-26 1.185826e-26 3.594560e-26 
1.774000e+00 2.395425e-26 1.180687e-26 3.576112e-26 
1.776000e+00 2.381384e-26 1.175155e-26 3.556539e-26 
1.778000e+00 2.368000e-26 1.168933e-26 3.536933e-26 
1.780000e+00 2.355030e-26 1.163478e-26 3.518509e-26 
1.782000e+00 2.341796e-26 1.157718e-26 3.499514e-26 
1.784000e+00 2.328197e-26 1.152996e-26 3.481192e-26 
1.786000e+00 2.315565e-26 1.147792e-26 3.463357e-26 
1.788000e+00 2.300568e-26 1.141766e-26 3.442334e-26 
1.790000e+00 2.286920e-26 1.135727e-26 3.422647e-26 
1.792000e+00 2.274149e-26 1.131512e-26 3.405661e-26 
1.794000e+00 2.258496e-26 1.125566e-26 3.384062e-26 
1.796000e+00 2.247184e-26 1.120778e-26 3.367962e-26 
1.798000e+00 2.235666e-26 1.114941e-26 3.350607e-26 
1.800000e+00 2.220744e-26 1.109919e-26 3.330662e-26 
1.802000e+00 2.207941e-26 1.104843e-26 3.312784e-26 
1.804000e+00 2.194418e-26 1.100255e-26 3.294673e-26 
1.806000e+00 2.180313e-26 1.095054e-26 3.275366e-26 
1.808000e+00 2.165221e-26 1.089677e-26 3.254898e-26 
1.810000e+00 2.151820e-26 1.084305e-26 3.236125e-26 
1.812000e+00 2.137439e-26 1.080078e-26 3.217517e-26 
1.814000e+00 2.124334e-26 1.074815e-26 3.199149e-26 
1.816000e+00 2.106470e-26 1.069115e-26 3.175585e-26 
1.818000e+00 2.090638e-26 1.064968e-26 3.155606e-26 
1.820000e+00 2.074454e-26 1.059132e-26 3.133586e-26 
1.822000e+00 2.055895e-26 1.054127e-26 3.110022e-26 
1.824000e+00 2.035625e-26 1.048099e-26 3.083724e-26 
1.826000e+00 2.016561e-26 1.044225e-26 3.060787e-26 
1.828000e+00 1.996683e-26 1.038253e-26 3.034936e-26 
1.830000e+00 1.980526e-26 1.035444e-26 3.015970e-26 
1.832000e+00 1.961235e-26 1.029516e-26 2.990751e-26 
1.834000e+00 1.948095e-26 1.025098e-26 2.973192e-26 
1.836000e+00 1.931937e-26 1.020285e-26 2.952222e-26 
1.838000e+00 1.919398e-26 1.013719e-26 2.933117e-26 
1.840000e+00 1.908417e-26 1.010645e-26 2.919062e-26 
1.842000e+00 1.903545e-26 1.004950e-26 2.908495e-26 
1.844000e+00 1.896968e-26 9.999504e-27 2.896918e-26 
1.846000e+00 1.891353e-26 9.952026e-27 2.886556e-26 
1.848000e+00 1.894409e-26 9.916884e-27 2.886098e-26 
1.850000e+00 1.898074e-26 9.868842e-27 2.884959e-26 
1.852000e+00 1.901537e-26 9.824307e-27 2.883968e-26 
1.854000e+00 1.903695e-26 9.779299e-27 2.881625e-26 
1.856000e+00 1.905936e-26 9.727411e-27 2.878677e-26 
1.858000e+00 1.907869e-26 9.688073e-27 2.876676e-26 
1.860000e+00 1.909491e-26 9.639649e-27 2.873455e-26 
1.862000e+00 1.912066e-26 9.589952e-27 2.871061e-26 
1.864000e+00 1.915739e-26 9.546282e-27 2.870367e-26 
1.866000e+00 1.904577e-26 9.502284e-27 2.854806e-26 
1.868000e+00 1.902492e-26 9.463219e-27 2.848814e-26 
1.870000e+00 1.898643e-26 9.417814e-27 2.840425e-26 
1.872000e+00 1.894518e-26 9.376199e-27 2.832138e-26 
1.874000e+00 1.888959e-26 9.309570e-27 2.819916e-26 
1.876000e+00 1.884635e-26 9.302496e-27 2.814885e-26 
1.878000e+00 1.880359e-26 9.260688e-27 2.806428e-26 
1.880000e+00 1.875150e-26 9.223116e-27 2.797461e-26 
1.882000e+00 1.871289e-26 9.183084e-27 2.789597e-26 
1.884000e+00 1.865734e-26 9.144594e-27 2.780193e-26 
1.886000e+00 1.859911e-26 9.104381e-27 2.770349e-26 
1.888000e+00 1.854037e-26 9.063206e-27 2.760358e-26 
1.890000e+00 1.846737e-26 9.021586e-27 2.748896e-26 
1.892000e+00 1.840070e-26 8.972555e-27 2.737325e-26 
1.894000e+00 1.833605e-26 8.932283e-27 2.726833e-26 
1.896000e+00 1.827159e-26 8.888819e-27 2.716040e-26 
1.898000e+00 1.821349e-26 8.844454e-27 2.705795e-26 
1.900000e+00 1.814289e-26 8.802852e-27 2.694574e-26 
1.902000e+00 1.807570e-26 8.764546e-27 2.684025e-26 
1.904000e+00 1.799950e-26 8.728224e-27 2.672772e-26 
1.906000e+00 1.793620e-26 8.705986e-27 2.664218e-26 
1.908000e+00 1.787521e-26 8.644955e-27 2.652017e-26 
1.910000e+00 1.780412e-26 8.600661e-27 2.640478e-26 
1.912000e+00 1.774267e-26 8.568263e-27 2.631094e-26 
1.914000e+00 1.767431e-26 8.618461e-27 2.629277e-26 
1.916000e+00 1.762429e-26 8.491863e-27 2.611616e-26 
1.918000e+00 1.756577e-26 8.457611e-27 2.602338e-26 
1.920000e+00 1.750902e-26 8.428455e-27 2.593747e-26 
1.922000e+00 1.744094e-26 8.387063e-27 2.582800e-26 
1.924000e+00 1.737210e-26 8.346139e-27 2.571823e-26 
1.926000e+00 1.730840e-26 8.317618e-27 2.562602e-26 
1.928000e+00 1.723737e-26 8.271957e-27 2.550933e-26 
1.930000e+00 1.718055e-26 8.237613e-27 2.541816e-26 
1.932000e+00 1.713649e-26 8.201271e-27 2.533776e-26 
1.934000e+00 1.704465e-26 8.161360e-27 2.520601e-26 
1.936000e+00 1.698027e-26 8.125438e-27 2.510571e-26 
1.938000e+00 1.691779e-26 8.092451e-27 2.501024e-26 
1.940000e+00 1.686344e-26 8.031679e-27 2.489512e-26 
1.942000e+00 1.680397e-26 8.022343e-27 2.482632e-26 
1.944000e+00 1.673543e-26 7.988468e-27 2.472390e-26 
1.946000e+00 1.667574e-26 7.953627e-27 2.462937e-26 
1.948000e+00 1.660751e-26 7.912805e-27 2.452031e-26 
1.950000e+00 1.655883e-26 7.889050e-27 2.444788e-26 
1.952000e+00 1.648688e-26 7.850678e-27 2.433755e-26 
1.954000e+00 1.643469e-26 7.818266e-27 2.425295e-26 
1.956000e+00 1.636411e-26 7.786859e-27 2.415097e-26 
1.958000e+00 1.631330e-26 7.754397e-27 2.406770e-26 
1.960000e+00 1.625038e-26 7.722088e-27 2.397246e-26 
1.962000e+00 1.618861e-26 7.683034e-27 2.387165e-26 
1.964000e+00 1.611132e-26 7.645752e-27 2.375707e-26 
1.966000e+00 1.604570e-26 7.614913e-27 2.366061e-26 
1.968000e+00 1.598800e-26 7.579615e-27 2.356761e-26 
1.970000e+00 1.591955e-26 7.549581e-27 2.346913e-26 
1.972000e+00 1.584746e-26 7.508774e-27 2.335623e-26 
1.974000e+00 1.630975e-26 7.495145e-27 2.380489e-26 
1.976000e+00 1.571943e-26 7.448220e-27 2.316765e-26 
1.978000e+00 1.566178e-26 7.427870e-27 2.308965e-26 
1.980000e+00 1.558692e-26 7.375040e-27 2.296196e-26 
1.982000e+00 1.552439e-26 7.342287e-27 2.286668e-26 
1.984000e+00 1.548557e-26 7.314488e-27 2.280006e-26 
1.986000e+00 1.542315e-26 7.288180e-27 2.271133e-26 
1.988000e+00 1.549789e-26 7.254327e-27 2.275222e-26 
1.990000e+00 1.529977e-26 7.219904e-27 2.251967e-26 
1.992000e+00 1.525134e-26 7.195819e-27 2.244716e-26 
1.994000e+00 1.519179e-26 7.165858e-27 2.235765e-26 
1.996000e+00 1.513717e-26 7.131132e-27 2.226830e-26 
1.998000e+00 1.507746e-26 7.101417e-27 2.217887e-26 
2.000000e+00 1.501707e-26 7.073970e-27 2.209104e-26 
2.002000e+00 1.495374e-26 7.043237e-27 2.199697e-26 
2.004000e+00 1.489244e-26 7.009057e-27 2.190150e-26 
2.006000e+00 1.485537e-26 6.981313e-27 2.183668e-26 
2.008000e+00 1.477694e-26 6.956665e-27 2.173361e-26 
2.010000e+00 1.472595e-26 6.924819e-27 2.165077e-26 
2.012000e+00 1.465662e-26 6.896633e-27 2.155325e-26 
2.014000e+00 1.467846e-26 6.846640e-27 2.152510e-26 
2.016000e+00 1.455176e-26 6.841475e-27 2.139323e-26 
2.018000e+00 1.450379e-26 6.820482e-27 2.132427e-26 
2.020000e+00 1.443713e-26 6.788329e-27 2.122546e-26 
2.022000e+00 1.438243e-26 6.761210e-27 2.114364e-26 
2.024000e+00 1.433381e-26 6.736791e-27 2.107060e-26 
2.026000e+00 1.428003e-26 6.711114e-27 2.099114e-26 
2.028000e+00 1.422183e-26 6.679598e-27 2.090142e-26 
2.030000e+00 1.417298e-26 6.656224e-27 2.082921e-26 
2.032000e+00 1.412724e-26 6.631342e-27 2.075858e-26 
2.034000e+00 1.406778e-26 6.601412e-27 2.066919e-26 
2.036000e+00 1.401106e-26 6.565986e-27 2.057704e-26 
2.038000e+00 1.395071e-26 6.537792e-27 2.048850e-26 
2.040000e+00 1.389627e-26 6.504735e-27 2.040101e-26 
2.042000e+00 1.384847e-26 6.471892e-27 2.032036e-26 
2.044000e+00 1.377799e-26 6.453779e-27 2.023177e-26 
2.046000e+00 1.371563e-26 6.422029e-27 2.013766e-26 
2.048000e+00 1.365877e-26 6.399256e-27 2.005803e-26 
2.050000e+00 1.360359e-26 6.367346e-27 1.997094e-26 
2.052000e+00 1.422583e-26 6.655447e-27 2.088128e-26 
2.054000e+00 1.349870e-26 6.310824e-27 1.980952e-26 
2.056000e+00 1.407747e-26 6.582759e-27 2.066023e-26 
2.058000e+00 1.401461e-26 6.552103e-27 2.056672e-26 
2.060000e+00 1.397144e-26 6.530352e-27 2.050179e-26 
2.062000e+00 1.391132e-26 6.503152e-27 2.041447e-26 
2.064000e+00 1.387934e-26 6.485717e-27 2.036506e-26 
2.066000e+00 1.383163e-26 6.459297e-27 2.029093e-26 
2.068000e+00 1.378846e-26 6.436171e-27 2.022463e-26 
2.070000e+00 1.375160e-26 6.421723e-27 2.017332e-26 
2.072000e+00 1.371398e-26 6.401019e-27 2.011500e-26 
2.074000e+00 1.368260e-26 6.383849e-27 2.006645e-26 
2.076000e+00 1.362686e-26 6.353041e-27 1.997990e-26 
2.078000e+00 1.358383e-26 6.332670e-27 1.991650e-26 
2.080000e+00 1.354833e-26 6.314353e-27 1.986268e-26 
2.082000e+00 1.349207e-26 6.291028e-27 1.978309e-26 
2.084000e+00 1.344141e-26 6.263201e-27 1.970461e-26 
2.086000e+00 1.339260e-26 6.236700e-27 1.962930e-26 
2.088000e+00 1.334293e-26 6.219013e-27 1.956194e-26 
2.090000e+00 1.329442e-26 6.195324e-27 1.948974e-26 
2.092000e+00 1.324138e-26 6.164720e-27 1.940610e-26 
2.094000e+00 1.319019e-26 6.142826e-27 1.933302e-26 
2.096000e+00 1.313992e-26 6.116935e-27 1.925686e-26 
2.098000e+00 1.309303e-26 6.095358e-27 1.918839e-26 
2.100000e+00 1.303439e-26 6.067495e-27 1.910189e-26 
2.102000e+00 1.299416e-26 6.047154e-27 1.904132e-26 
2.104000e+00 1.293724e-26 6.020247e-27 1.895749e-26 
2.106000e+00 1.289140e-26 6.002397e-27 1.889380e-26 
2.108000e+00 1.286335e-26 6.096906e-27 1.896026e-26 
2.110000e+00 1.281724e-26 5.972090e-27 1.878933e-26 
2.112000e+00 1.278007e-26 5.944356e-27 1.872442e-26 
2.114000e+00 1.273219e-26 5.928483e-27 1.866067e-26 
2.116000e+00 1.269588e-26 5.904524e-27 1.860040e-26 
2.118000e+00 1.265716e-26 5.889253e-27 1.854641e-26 
2.120000e+00 1.262209e-26 5.871985e-27 1.849408e-26 
2.122000e+00 1.258501e-26 5.856169e-27 1.844118e-26 
2.124000e+00 1.255980e-26 5.838618e-27 1.839842e-26 
2.126000e+00 1.249656e-26 5.813515e-27 1.831007e-26 
2.128000e+00 1.246660e-26 5.788703e-27 1.825530e-26 
2.130000e+00 1.240238e-26 5.769619e-27 1.817200e-26 
2.132000e+00 1.236663e-26 5.748823e-27 1.811545e-26 
2.134000e+00 1.230969e-26 5.721246e-27 1.803093e-26 
2.136000e+00 1.227334e-26 5.697820e-27 1.797116e-26 
2.138000e+00 1.223540e-26 5.681401e-27 1.791681e-26 
2.140000e+00 1.219268e-26 5.663055e-27 1.785573e-26 
2.142000e+00 1.215710e-26 5.648758e-27 1.780586e-26 
2.144000e+00 1.211043e-26 5.625422e-27 1.773585e-26 
2.146000e+00 1.208436e-26 5.613870e-27 1.769823e-26 
2.148000e+00 1.204166e-26 5.589688e-27 1.763135e-26 
2.150000e+00 1.200863e-26 5.575352e-27 1.758398e-26 
2.152000e+00 1.197742e-26 5.565181e-27 1.754260e-26 
2.154000e+00 1.193136e-26 5.536215e-27 1.746757e-26 
2.156000e+00 1.189423e-26 5.521765e-27 1.741600e-26 
2.158000e+00 1.185713e-26 5.510650e-27 1.736778e-26 
2.160000e+00 1.181885e-26 5.486033e-27 1.730489e-26 
2.162000e+00 1.177625e-26 5.465625e-27 1.724187e-26 
2.164000e+00 1.173754e-26 5.448505e-27 1.718604e-26 
2.166000e+00 1.169496e-26 5.428847e-27 1.712381e-26 
2.168000e+00 1.164456e-26 5.402740e-27 1.704730e-26 
2.170000e+00 1.159677e-26 5.389055e-27 1.698583e-26 
2.172000e+00 1.156007e-26 5.362719e-27 1.692279e-26 
2.174000e+00 1.151823e-26 5.333701e-27 1.685193e-26 
2.176000e+00 1.146871e-26 5.314378e-27 1.678309e-26 
2.178000e+00 1.142145e-26 5.298008e-27 1.671946e-26 
2.180000e+00 1.128003e-26 5.288924e-27 1.656895e-26 
2.182000e+00 1.133290e-26 5.250361e-27 1.658327e-26 
2.184000e+00 1.130200e-26 5.238547e-27 1.654055e-26 
2.186000e+00 1.126471e-26 5.217320e-27 1.648203e-26 
2.188000e+00 1.123059e-26 5.203938e-27 1.643453e-26 
2.190000e+00 1.118288e-26 5.182802e-27 1.636568e-26 
2.192000e+00 1.114995e-26 5.163091e-27 1.631304e-26 
2.194000e+00 1.112325e-26 5.153145e-27 1.627640e-26 
2.196000e+00 1.107968e-26 5.134250e-27 1.621392e-26 
2.198000e+00 1.105022e-26 5.116454e-27 1.616668e-26 
2.200000e+00 1.101393e-26 5.100978e-27 1.611491e-26 
2.202000e+00 1.097853e-26 5.084351e-27 1.606288e-26 
2.204000e+00 1.094021e-26 5.071422e-27 1.601163e-26 
2.206000e+00 1.090269e-26 5.054641e-27 1.595733e-26 
2.208000e+00 1.086631e-26 5.031165e-27 1.589747e-26 
2.210000e+00 1.083408e-26 5.017118e-27 1.585120e-26 
2.212000e+00 1.079267e-26 4.996473e-27 1.578915e-26 
2.214000e+00 1.075482e-26 4.983403e-27 1.573822e-26 
2.216000e+00 1.072205e-26 4.962719e-27 1.568477e-26 
2.218000e+00 1.066872e-26 4.947053e-27 1.561577e-26 
2.220000e+00 1.063843e-26 4.927300e-27 1.556573e-26 
2.222000e+00 1.060323e-26 4.910182e-27 1.551341e-26 
2.224000e+00 1.076577e-26 4.891810e-27 1.565758e-26 
2.226000e+00 1.053123e-26 4.879441e-27 1.541067e-26 
2.228000e+00 1.050739e-26 4.861373e-27 1.536877e-26 
2.230000e+00 1.047214e-26 4.843839e-27 1.531598e-26 
2.232000e+00 1.047451e-26 4.843489e-27 1.531800e-26 
2.234000e+00 1.044481e-26 4.829345e-27 1.527415e-26 
2.236000e+00 1.039244e-26 4.813508e-27 1.520595e-26 
2.238000e+00 1.034607e-26 4.780074e-27 1.512614e-26 
2.240000e+00 1.036122e-26 4.769481e-27 1.513070e-26 
2.242000e+00 1.028026e-26 4.750705e-27 1.503097e-26 
2.244000e+00 1.024519e-26 4.734781e-27 1.497997e-26 
2.246000e+00 1.020433e-26 4.715757e-27 1.492009e-26 
2.248000e+00 1.016851e-26 4.697658e-27 1.486617e-26 
2.250000e+00 1.013774e-26 4.680127e-27 1.481787e-26 
2.252000e+00 1.009463e-26 4.665868e-27 1.476050e-26 
2.254000e+00 1.005063e-26 4.645513e-27 1.469614e-26 
2.256000e+00 1.000697e-26 4.630939e-27 1.463791e-26 
2.258000e+00 9.969374e-27 4.610413e-27 1.457979e-26 
2.260000e+00 9.927227e-27 4.590827e-27 1.451805e-26 
2.262000e+00 9.888686e-27 4.575277e-27 1.446396e-26 
2.264000e+00 9.860533e-27 4.552778e-27 1.441331e-26 
2.266000e+00 9.823808e-27 4.538522e-27 1.436233e-26 
2.268000e+00 9.790107e-27 4.526184e-27 1.431629e-26 
2.270000e+00 9.746635e-27 4.504870e-27 1.425151e-26 
2.272000e+00 9.719061e-27 4.493496e-27 1.421256e-26 
2.274000e+00 9.694542e-27 4.475246e-27 1.416979e-26 
2.276000e+00 9.654759e-27 4.455092e-27 1.410985e-26 
2.278000e+00 9.625033e-27 4.450939e-27 1.407597e-26 
2.280000e+00 9.597379e-27 4.438396e-27 1.403578e-26 
2.282000e+00 9.572528e-27 4.421350e-27 1.399388e-26 
2.284000e+00 9.543866e-27 4.410057e-27 1.395392e-26 
2.286000e+00 9.514804e-27 4.393816e-27 1.390862e-26 
2.288000e+00 9.492376e-27 4.379914e-27 1.387229e-26 
2.290000e+00 9.450303e-27 4.360966e-27 1.381127e-26 
2.292000e+00 9.421891e-27 4.343153e-27 1.376504e-26 
2.294000e+00 9.395211e-27 4.338030e-27 1.373324e-26 
2.296000e+00 9.356431e-27 4.317867e-27 1.367430e-26 
2.298000e+00 9.325964e-27 4.305396e-27 1.363136e-26 
2.300000e+00 9.288865e-27 4.286804e-27 1.357567e-26 
2.302000e+00 9.253846e-27 4.273479e-27 1.352733e-26 
2.304000e+00 9.210302e-27 4.255776e-27 1.346608e-26 
2.306000e+00 9.195409e-27 4.238778e-27 1.343419e-26 
2.308000e+00 9.159214e-27 4.230594e-27 1.338981e-26 
2.310000e+00 9.141208e-27 4.215734e-27 1.335694e-26 
2.312000e+00 9.114807e-27 4.205500e-27 1.332031e-26 
2.314000e+00 9.089740e-27 4.231268e-27 1.332101e-26 
2.316000e+00 9.056837e-27 4.180724e-27 1.323756e-26 
2.318000e+00 9.037914e-27 4.165108e-27 1.320302e-26 
2.320000e+00 9.005141e-27 4.152946e-27 1.315809e-26 
2.322000e+00 8.961746e-27 4.135169e-27 1.309692e-26 
2.324000e+00 8.949064e-27 4.127844e-27 1.307691e-26 
2.326000e+00 8.903898e-27 4.106641e-27 1.301054e-26 
2.328000e+00 8.782819e-27 4.053309e-27 1.283613e-26 
2.330000e+00 8.850532e-27 4.081718e-27 1.293225e-26 
2.332000e+00 8.808301e-27 4.060033e-27 1.286833e-26 
2.334000e+00 8.779825e-27 4.052778e-27 1.283260e-26 
2.336000e+00 8.745535e-27 4.035642e-27 1.278118e-26 
2.338000e+00 8.708783e-27 4.018938e-27 1.272772e-26 
2.340000e+00 8.674171e-27 4.002767e-27 1.267694e-26 
2.342000e+00 8.642777e-27 3.984112e-27 1.262689e-26 
2.344000e+00 8.613147e-27 3.968765e-27 1.258191e-26 
2.346000e+00 8.579984e-27 3.953715e-27 1.253370e-26 
2.348000e+00 8.547640e-27 3.937528e-27 1.248517e-26 
2.350000e+00 8.516156e-27 3.928655e-27 1.244481e-26 
2.352000e+00 8.483978e-27 3.910426e-27 1.239440e-26 
2.354000e+00 8.467557e-27 3.902022e-27 1.236958e-26 
2.356000e+00 8.434773e-27 3.887388e-27 1.232216e-26 
2.358000e+00 8.413487e-27 3.879423e-27 1.229291e-26 
2.360000e+00 8.380573e-27 3.863667e-27 1.224424e-26 
2.362000e+00 8.349692e-27 3.849486e-27 1.219918e-26 
2.364000e+00 8.322871e-27 3.838136e-27 1.216101e-26 
2.366000e+00 8.300257e-27 3.828813e-27 1.212907e-26 
2.368000e+00 8.255222e-27 3.812643e-27 1.206787e-26 
2.370000e+00 8.254315e-27 3.810750e-27 1.206506e-26 
2.372000e+00 8.218902e-27 3.794959e-27 1.201386e-26 
2.374000e+00 8.197167e-27 3.781795e-27 1.197896e-26 
2.376000e+00 8.338119e-27 3.766739e-27 1.210486e-26 
2.378000e+00 8.151550e-27 3.759321e-27 1.191087e-26 
2.380000e+00 8.120945e-27 3.747756e-27 1.186870e-26 
2.382000e+00 8.092398e-27 3.737166e-27 1.182956e-26 
2.384000e+00 8.074728e-27 3.723777e-27 1.179850e-26 
2.386000e+00 8.031266e-27 3.706750e-27 1.173802e-26 
2.388000e+00 8.005336e-27 3.691566e-27 1.169690e-26 
2.390000e+00 7.962466e-27 3.676844e-27 1.163931e-26 
2.392000e+00 7.936078e-27 3.658614e-27 1.159469e-26 
2.394000e+00 7.914124e-27 3.650588e-27 1.156471e-26 
2.396000e+00 7.893612e-27 3.639947e-27 1.153356e-26 
2.398000e+00 7.861585e-27 3.627146e-27 1.148873e-26 
2.400000e+00 7.846721e-27 3.622606e-27 1.146933e-26 
2.402000e+00 7.824464e-27 3.606128e-27 1.143059e-26 
2.404000e+00 7.806833e-27 3.602859e-27 1.140969e-26 
2.406000e+00 7.767226e-27 3.583984e-27 1.135121e-26 
2.408000e+00 7.749108e-27 3.578016e-27 1.132712e-26 
2.410000e+00 7.726128e-27 3.566989e-27 1.129312e-26 
2.412000e+00 7.708460e-27 3.554713e-27 1.126317e-26 
2.414000e+00 7.682222e-27 3.544348e-27 1.122657e-26 
2.416000e+00 7.649018e-27 3.531001e-27 1.118002e-26 
2.418000e+00 7.624665e-27 3.517318e-27 1.114198e-26 
2.420000e+00 7.600646e-27 3.505963e-27 1.110661e-26 
2.422000e+00 7.577018e-27 3.496129e-27 1.107315e-26 
2.424000e+00 7.549396e-27 3.481817e-27 1.103121e-26 
2.426000e+00 7.517803e-27 3.473036e-27 1.099084e-26 
2.428000e+00 7.482832e-27 3.453110e-27 1.093594e-26 
2.430000e+00 7.454376e-27 3.438844e-27 1.089322e-26 
2.432000e+00 7.426899e-27 3.428489e-27 1.085539e-26 
2.434000e+00 7.405523e-27 3.414468e-27 1.081999e-26 
2.436000e+00 7.365985e-27 3.396430e-27 1.076242e-26 
2.438000e+00 7.354375e-27 3.389755e-27 1.074413e-26 
2.440000e+00 7.299348e-27 3.366021e-27 1.066537e-26 
2.442000e+00 7.281924e-27 3.358225e-27 1.064015e-26 
2.444000e+00 7.258116e-27 3.346246e-27 1.060436e-26 
2.446000e+00 7.248288e-27 3.340823e-27 1.058911e-26 
2.448000e+00 7.208866e-27 3.326421e-27 1.053529e-26 
2.450000e+00 7.190968e-27 3.316956e-27 1.050792e-26 
2.452000e+00 7.164737e-27 3.302346e-27 1.046708e-26 
2.454000e+00 7.145916e-27 3.295293e-27 1.044121e-26 
2.456000e+00 7.130140e-27 3.289046e-27 1.041919e-26 
2.458000e+00 7.110377e-27 3.277915e-27 1.038829e-26 
2.460000e+00 7.095302e-27 3.269621e-27 1.036492e-26 
2.462000e+00 7.071719e-27 3.260191e-27 1.033191e-26 
2.464000e+00 7.043098e-27 3.248732e-27 1.029183e-26 
2.466000e+00 7.014579e-27 3.231437e-27 1.024602e-26 
2.468000e+00 7.001230e-27 3.227421e-27 1.022865e-26 
2.470000e+00 6.977718e-27 3.216358e-27 1.019408e-26 
2.472000e+00 6.956577e-27 3.209056e-27 1.016563e-26 
2.474000e+00 6.927103e-27 3.197751e-27 1.012485e-26 
2.476000e+00 6.900519e-27 3.182687e-27 1.008321e-26 
2.478000e+00 6.875984e-27 3.176027e-27 1.005201e-26 
2.480000e+00 6.838445e-27 3.159184e-27 9.997630e-27 
2.482000e+00 6.821420e-27 3.151470e-27 9.972890e-27 
2.484000e+00 6.797833e-27 3.139213e-27 9.937047e-27 
2.486000e+00 6.780031e-27 3.126488e-27 9.906518e-27 
2.488000e+00 6.758721e-27 3.116651e-27 9.875371e-27 
2.490000e+00 6.738013e-27 3.108017e-27 9.846030e-27 
2.492000e+00 6.715904e-27 3.098202e-27 9.814105e-27 
2.494000e+00 6.702466e-27 3.091897e-27 9.794362e-27 
2.496000e+00 6.675779e-27 3.075215e-27 9.750994e-27 
2.498000e+00 6.654935e-27 3.067181e-27 9.722116e-27 
2.500000e+00 6.632012e-27 3.061321e-27 9.693332e-27 
2.502000e+00 6.611333e-27 3.050040e-27 9.661373e-27 
2.504000e+00 6.584624e-27 3.039387e-27 9.624010e-27 
2.506000e+00 6.573058e-27 3.031951e-27 9.605009e-27 
2.508000e+00 6.553727e-27 3.018959e-27 9.572686e-27 
2.510000e+00 6.530624e-27 3.011391e-27 9.542014e-27 
2.512000e+00 6.513032e-27 3.004532e-27 9.517563e-27 
2.514000e+00 6.480672e-27 2.989840e-27 9.470512e-27 
2.516000e+00 6.460594e-27 2.978109e-27 9.438703e-27 
2.518000e+00 6.430914e-27 2.967847e-27 9.398762e-27 
2.520000e+00 6.404324e-27 2.956427e-27 9.360751e-27 
2.522000e+00 6.373094e-27 2.940934e-27 9.314028e-27 
2.524000e+00 6.355022e-27 2.927364e-27 9.282387e-27 
2.526000e+00 6.326461e-27 2.920082e-27 9.246542e-27 
2.528000e+00 6.305167e-27 2.906754e-27 9.211922e-27 
2.530000e+00 6.277755e-27 2.895608e-27 9.173364e-27 
2.532000e+00 6.265759e-27 2.888306e-27 9.154066e-27 
2.534000e+00 6.232917e-27 2.876303e-27 9.109220e-27 
2.536000e+00 6.211350e-27 2.868674e-27 9.080024e-27 
2.538000e+00 6.198331e-27 2.860111e-27 9.058441e-27 
2.540000e+00 6.173272e-27 2.851013e-27 9.024285e-27 
2.542000e+00 6.171314e-27 2.850146e-27 9.021460e-27 
2.544000e+00 6.138084e-27 2.831756e-27 8.969840e-27 
2.546000e+00 6.116980e-27 2.821293e-27 8.938273e-27 
2.548000e+00 6.090613e-27 2.812133e-27 8.902746e-27 
2.550000e+00 6.082215e-27 2.805357e-27 8.887573e-27 
2.552000e+00 6.065665e-27 2.799034e-27 8.864699e-27 
2.554000e+00 6.045712e-27 2.790017e-27 8.835730e-27 
2.556000e+00 6.025639e-27 2.779735e-27 8.805374e-27 
2.558000e+00 6.012981e-27 2.775576e-27 8.788556e-27 
2.560000e+00 5.988539e-27 2.764150e-27 8.752689e-27 
2.562000e+00 5.975313e-27 2.755881e-27 8.731194e-27 
2.564000e+00 5.956162e-27 2.743947e-27 8.700109e-27 
2.566000e+00 5.933960e-27 2.737230e-27 8.671190e-27 
2.568000e+00 5.908047e-27 2.723994e-27 8.632041e-27 
2.570000e+00 5.889628e-27 2.713936e-27 8.603564e-27 
2.572000e+00 5.873841e-27 2.706055e-27 8.579896e-27 
2.574000e+00 5.847711e-27 2.700122e-27 8.547834e-27 
2.576000e+00 5.822820e-27 2.686832e-27 8.509652e-27 
2.578000e+00 5.778978e-27 2.682200e-27 8.461178e-27 
2.580000e+00 5.761080e-27 2.659248e-27 8.420328e-27 
2.582000e+00 5.730705e-27 2.648808e-27 8.379513e-27 
2.584000e+00 5.709955e-27 2.638090e-27 8.348045e-27 
2.586000e+00 5.699959e-27 2.631358e-27 8.331317e-27 
2.588000e+00 5.681677e-27 2.623756e-27 8.305433e-27 
2.590000e+00 5.750575e-27 2.657723e-27 8.408297e-27 
2.592000e+00 5.654286e-27 2.609747e-27 8.264033e-27 
2.594000e+00 5.639585e-27 2.603732e-27 8.243317e-27 
2.596000e+00 5.636619e-27 2.599121e-27 8.235740e-27 
2.598000e+00 5.622953e-27 2.597792e-27 8.220745e-27 
2.600000e+00 5.610533e-27 2.596385e-27 8.206918e-27 
2.602000e+00 5.609468e-27 2.590903e-27 8.200371e-27 
2.604000e+00 5.585524e-27 2.580202e-27 8.165726e-27 
2.606000e+00 5.574366e-27 2.575222e-27 8.149588e-27 
2.608000e+00 5.556202e-27 2.565215e-27 8.121416e-27 
2.610000e+00 5.546345e-27 2.560387e-27 8.106732e-27 
2.612000e+00 5.539843e-27 2.554546e-27 8.094389e-27 
2.614000e+00 5.513988e-27 2.547010e-27 8.060998e-27 
2.616000e+00 5.491042e-27 2.534312e-27 8.025354e-27 
2.618000e+00 5.477669e-27 2.529716e-27 8.007385e-27 
2.620000e+00 5.445932e-27 2.515909e-27 7.961841e-27 
2.622000e+00 5.428947e-27 2.508052e-27 7.936999e-27 
2.624000e+00 5.399134e-27 2.496518e-27 7.895652e-27 
2.626000e+00 5.365801e-27 2.479401e-27 7.845201e-27 
2.628000e+00 5.352701e-27 2.471718e-27 7.824419e-27 
2.630000e+00 5.324395e-27 2.460937e-27 7.785332e-27 
2.632000e+00 5.308617e-27 2.449232e-27 7.757849e-27 
2.634000e+00 5.284716e-27 2.441404e-27 7.726120e-27 
2.636000e+00 5.265973e-27 2.437152e-27 7.703125e-27 
2.638000e+00 5.252151e-27 2.427113e-27 7.679264e-27 
2.640000e+00 5.237447e-27 2.420507e-27 7.657954e-27 
2.642000e+00 5.217739e-27 2.412919e-27 7.630657e-27 
2.644000e+00 5.205326e-27 2.407371e-27 7.612697e-27 
2.646000e+00 5.192076e-27 2.400115e-27 7.592191e-27 
2.648000e+00 5.180694e-27 2.395679e-27 7.576373e-27 
2.650000e+00 5.172356e-27 2.389820e-27 7.562176e-27 
2.652000e+00 5.154531e-27 2.381876e-27 7.536407e-27 
2.654000e+00 5.152461e-27 2.384610e-27 7.537071e-27 
2.656000e+00 5.127969e-27 2.371824e-27 7.499794e-27 
2.658000e+00 5.114023e-27 2.362710e-27 7.476733e-27 
2.660000e+00 5.098078e-27 2.356184e-27 7.454262e-27 
2.662000e+00 5.084312e-27 2.348699e-27 7.433011e-27 
2.664000e+00 5.069483e-27 2.345598e-27 7.415081e-27 
2.666000e+00 5.052145e-27 2.337178e-27 7.389323e-27 
2.668000e+00 5.035380e-27 2.329044e-27 7.364425e-27 
2.670000e+00 5.008619e-27 2.313787e-27 7.322406e-27 
2.672000e+00 4.994126e-27 2.310190e-27 7.304316e-27 
2.674000e+00 5.020061e-27 2.323268e-27 7.343328e-27 
2.676000e+00 4.948522e-27 2.291854e-27 7.240376e-27 
2.678000e+00 4.925394e-27 2.277208e-27 7.202602e-27 
2.680000e+00 4.910891e-27 2.267215e-27 7.178106e-27 
2.682000e+00 4.893609e-27 2.262480e-27 7.156089e-27 
2.684000e+00 4.883011e-27 2.260375e-27 7.143385e-27 
2.686000e+00 4.869440e-27 2.252198e-27 7.121638e-27 
2.688000e+00 4.851324e-27 2.241828e-27 7.093152e-27 
2.690000e+00 4.876699e-27 2.239301e-27 7.116000e-27 
2.692000e+00 4.828805e-27 2.235889e-27 7.064695e-27 
2.694000e+00 4.823255e-27 2.230410e-27 7.053665e-27 
2.696000e+00 4.812975e-27 2.223191e-27 7.036166e-27 
2.698000e+00 4.794275e-27 2.219054e-27 7.013329e-27 
2.700000e+00 4.784272e-27 2.214700e-27 6.998971e-27 
2.702000e+00 4.768041e-27 2.205023e-27 6.973064e-27 
2.704000e+00 4.759394e-27 2.205923e-27 6.965317e-27 
2.706000e+00 4.746556e-27 2.196824e-27 6.943380e-27 
2.708000e+00 4.746985e-27 2.193834e-27 6.940819e-27 
2.710000e+00 4.738045e-27 2.193343e-27 6.931388e-27 
2.712000e+00 4.709931e-27 2.181618e-27 6.891549e-27 
2.714000e+00 4.699670e-27 2.174763e-27 6.874433e-27 
2.716000e+00 4.683318e-27 2.169946e-27 6.853264e-27 
2.718000e+00 4.671987e-27 2.160982e-27 6.832969e-27 
2.720000e+00 4.653096e-27 2.150600e-27 6.803696e-27 
2.722000e+00 4.624596e-27 2.140358e-27 6.764953e-27 
2.724000e+00 4.602250e-27 2.131142e-27 6.733392e-27 
2.726000e+00 4.586050e-27 2.119301e-27 6.705351e-27 
2.728000e+00 4.561955e-27 2.112871e-27 6.674826e-27 
2.730000e+00 4.540255e-27 2.100767e-27 6.641021e-27 
2.732000e+00 4.530984e-27 2.095191e-27 6.626174e-27 
2.734000e+00 4.512297e-27 2.088899e-27 6.601196e-27 
2.736000e+00 4.483167e-27 2.077482e-27 6.560649e-27 
2.738000e+00 4.480006e-27 2.071456e-27 6.551462e-27 
2.740000e+00 4.460242e-27 2.065711e-27 6.525952e-27 
2.742000e+00 4.448916e-27 2.056285e-27 6.505201e-27 
2.744000e+00 4.443692e-27 2.055684e-27 6.499376e-27 
2.746000e+00 4.422253e-27 2.048010e-27 6.470262e-27 
2.748000e+00 4.413800e-27 2.041005e-27 6.454805e-27 
2.750000e+00 4.406493e-27 2.038802e-27 6.445295e-27 
2.752000e+00 4.384169e-27 2.031270e-27 6.415439e-27 
2.754000e+00 4.382292e-27 2.030429e-27 6.412721e-27 
2.756000e+00 4.367712e-27 2.023729e-27 6.391441e-27 
2.758000e+00 4.360516e-27 2.019812e-27 6.380328e-27 
2.760000e+00 4.341724e-27 2.007373e-27 6.349097e-27 
2.762000e+00 4.322954e-27 2.003693e-27 6.326646e-27 
2.764000e+00 4.320190e-27 1.999753e-27 6.319942e-27 
2.766000e+00 4.304084e-27 1.997266e-27 6.301350e-27 
2.768000e+00 4.290035e-27 1.986425e-27 6.276460e-27 
2.770000e+00 4.268766e-27 1.978067e-27 6.246833e-27 
2.772000e+00 4.264151e-27 1.975094e-27 6.239245e-27 
2.774000e+00 4.238978e-27 1.959211e-27 6.198189e-27 
2.776000e+00 4.215948e-27 1.954128e-27 6.170076e-27 
2.778000e+00 4.203653e-27 1.946825e-27 6.150478e-27 
2.780000e+00 4.185943e-27 1.940300e-27 6.126243e-27 
2.782000e+00 4.171259e-27 1.931891e-27 6.103151e-27 
2.784000e+00 4.155512e-27 1.926106e-27 6.081619e-27 
2.786000e+00 4.142938e-27 1.917809e-27 6.060747e-27 
2.788000e+00 4.130297e-27 1.915460e-27 6.045757e-27 
2.790000e+00 4.132877e-27 1.913201e-27 6.046078e-27 
2.792000e+00 4.105175e-27 1.901653e-27 6.006828e-27 
2.794000e+00 4.103285e-27 1.903647e-27 6.006932e-27 
2.796000e+00 4.093329e-27 1.896142e-27 5.989471e-27 
2.798000e+00 4.081162e-27 1.894667e-27 5.975828e-27 
2.800000e+00 4.080389e-27 1.890101e-27 5.970490e-27 
2.802000e+00 4.065202e-27 1.884497e-27 5.949698e-27 
2.804000e+00 4.055281e-27 1.877877e-27 5.933158e-27 
2.806000e+00 4.049821e-27 1.875520e-27 5.925341e-27 
2.808000e+00 4.038493e-27 1.869569e-27 5.908063e-27 
2.810000e+00 4.024461e-27 1.862365e-27 5.886826e-27 
2.812000e+00 4.017696e-27 1.862509e-27 5.880205e-27 
2.814000e+00 4.005034e-27 1.854757e-27 5.859791e-27 
2.816000e+00 3.995651e-27 1.853045e-27 5.848696e-27 
2.818000e+00 3.979804e-27 1.842541e-27 5.822345e-27 
2.820000e+00 3.969157e-27 1.842201e-27 5.811359e-27 
2.822000e+00 3.946321e-27 1.826402e-27 5.772722e-27 
2.824000e+00 3.927417e-27 1.820148e-27 5.747565e-27 
2.826000e+00 3.736951e-27 1.809310e-27 5.546261e-27 
2.828000e+00 3.898577e-27 1.806084e-27 5.704661e-27 
2.830000e+00 3.868193e-27 1.796299e-27 5.664492e-27 
2.832000e+00 3.858615e-27 1.790879e-27 5.649494e-27 
2.834000e+00 3.836086e-27 1.779318e-27 5.615404e-27 
2.836000e+00 3.818256e-27 1.771608e-27 5.589864e-27 
2.838000e+00 3.810938e-27 1.773294e-27 5.584232e-27 
2.840000e+00 3.792461e-27 1.761753e-27 5.554214e-27 
2.842000e+00 3.780488e-27 1.757283e-27 5.537772e-27 
2.844000e+00 3.766219e-27 1.748502e-27 5.514721e-27 
2.846000e+00 3.761081e-27 1.747432e-27 5.508513e-27 
2.848000e+00 3.746159e-27 1.740358e-27 5.486517e-27 
2.850000e+00 3.740811e-27 1.737292e-27 5.478103e-27 
2.852000e+00 3.734880e-27 1.733189e-27 5.468068e-27 
2.854000e+00 3.716602e-27 1.725671e-27 5.442273e-27 
2.856000e+00 3.705377e-27 1.718350e-27 5.423727e-27 
2.858000e+00 3.699280e-27 1.718533e-27 5.417813e-27 
2.860000e+00 3.686863e-27 1.711596e-27 5.398459e-27 
2.862000e+00 3.689353e-27 1.711055e-27 5.400407e-27 
2.864000e+00 3.671150e-27 1.706113e-27 5.377263e-27 
2.866000e+00 3.660996e-27 1.700267e-27 5.361264e-27 
2.868000e+00 3.649472e-27 1.697648e-27 5.347120e-27 
2.870000e+00 3.634560e-27 1.688489e-27 5.323049e-27 
2.872000e+00 3.629058e-27 1.687565e-27 5.316623e-27 
2.874000e+00 3.618711e-27 1.679357e-27 5.298068e-27 
2.876000e+00 3.605110e-27 1.675872e-27 5.280982e-27 
2.878000e+00 3.586440e-27 1.663359e-27 5.249799e-27 
2.880000e+00 3.570974e-27 1.656044e-27 5.227017e-27 
2.882000e+00 3.550107e-27 1.645961e-27 5.196068e-27 
2.884000e+00 3.540199e-27 1.641899e-27 5.182098e-27 
2.886000e+00 3.525959e-27 1.639191e-27 5.165150e-27 
2.888000e+00 3.516462e-27 1.632667e-27 5.149129e-27 
2.890000e+00 3.502752e-27 1.628109e-27 5.130861e-27 
2.892000e+00 3.485884e-27 1.622175e-27 5.108059e-27 
2.894000e+00 3.488222e-27 1.616959e-27 5.105181e-27 
2.896000e+00 3.479774e-27 1.615256e-27 5.095030e-27 
2.898000e+00 3.468959e-27 1.610208e-27 5.079167e-27 
2.900000e+00 3.455399e-27 1.603337e-27 5.058737e-27 
2.902000e+00 3.443420e-27 1.600322e-27 5.043742e-27 
2.904000e+00 3.437657e-27 1.599331e-27 5.036988e-27 
2.906000e+00 3.434835e-27 1.593931e-27 5.028766e-27 
2.908000e+00 3.422969e-27 1.591128e-27 5.014097e-27 
2.910000e+00 3.426114e-27 1.592061e-27 5.018175e-27 
2.912000e+00 3.408722e-27 1.582274e-27 4.990995e-27 
2.914000e+00 3.406495e-27 1.583749e-27 4.990245e-27 
2.916000e+00 3.400230e-27 1.578689e-27 4.978919e-27 
2.918000e+00 3.389354e-27 1.573735e-27 4.963089e-27 
2.920000e+00 3.381078e-27 1.573921e-27 4.954999e-27 
2.922000e+00 3.374835e-27 1.569141e-27 4.943976e-27 
2.924000e+00 3.361358e-27 1.564840e-27 4.926198e-27 
2.926000e+00 3.351866e-27 1.558718e-27 4.910584e-27 
2.928000e+00 3.357531e-27 1.561128e-27 4.918659e-27 
2.930000e+00 3.314445e-27 1.540327e-27 4.854772e-27 
2.932000e+00 3.310489e-27 1.540449e-27 4.850939e-27 
2.934000e+00 3.286612e-27 1.528218e-27 4.814830e-27 
2.936000e+00 3.274400e-27 1.524981e-27 4.799381e-27 
2.938000e+00 3.257539e-27 1.516739e-27 4.774278e-27 
2.940000e+00 3.247627e-27 1.508294e-27 4.755921e-27 
2.942000e+00 3.230072e-27 1.503352e-27 4.733424e-27 
2.944000e+00 3.215125e-27 1.497180e-27 4.712305e-27 
2.946000e+00 3.200684e-27 1.487778e-27 4.688463e-27 
2.948000e+00 3.189045e-27 1.486449e-27 4.675494e-27 
2.950000e+00 3.179434e-27 1.479445e-27 4.658879e-27 
2.952000e+00 3.167660e-27 1.475641e-27 4.643301e-27 
2.954000e+00 3.158189e-27 1.467779e-27 4.625968e-27 
2.956000e+00 3.144505e-27 1.462821e-27 4.607326e-27 
2.958000e+00 3.137387e-27 1.461822e-27 4.599209e-27 
2.960000e+00 3.123205e-27 1.455626e-27 4.578831e-27 
2.962000e+00 3.123055e-27 1.452799e-27 4.575853e-27 
2.964000e+00 3.118140e-27 1.452896e-27 4.571036e-27 
2.966000e+00 3.116368e-27 1.450543e-27 4.566911e-27 
2.968000e+00 3.108356e-27 1.446704e-27 4.555060e-27 
2.970000e+00 3.103083e-27 1.446074e-27 4.549157e-27 
2.972000e+00 3.088399e-27 1.439901e-27 4.528300e-27 
2.974000e+00 3.082192e-27 1.435406e-27 4.517598e-27 
2.976000e+00 3.070694e-27 1.432045e-27 4.502740e-27 
2.978000e+00 3.066955e-27 1.427989e-27 4.494945e-27 
2.980000e+00 3.057304e-27 1.401940e-27 4.459244e-27 
2.982000e+00 3.044559e-27 1.418413e-27 4.462972e-27 
2.984000e+00 3.036176e-27 1.416809e-27 4.452985e-27 
2.986000e+00 3.014780e-27 1.404832e-27 4.419612e-27 
2.988000e+00 3.010751e-27 1.400549e-27 4.411300e-27 
2.990000e+00 2.996402e-27 1.400362e-27 4.396764e-27 
2.992000e+00 2.988349e-27 1.391496e-27 4.379845e-27 
2.994000e+00 2.972252e-27 1.382717e-27 4.354969e-27 
2.996000e+00 2.958088e-27 1.378776e-27 4.336863e-27 
2.998000e+00 2.952512e-27 1.376080e-27 4.328592e-27 
