1.000000e-01 8.255021e-23 9.415190e-23 1.767021e-22 
1.020000e-01 8.073741e-23 9.042946e-23 1.711669e-22 
1.040000e-01 7.855775e-23 8.657600e-23 1.651337e-22 
1.060000e-01 7.615144e-23 8.296198e-23 1.591134e-22 
1.080000e-01 7.346748e-23 7.936509e-23 1.528326e-22 
1.100000e-01 7.042123e-23 7.581061e-23 1.462318e-22 
1.120000e-01 6.679468e-23 7.249907e-23 1.392938e-22 
1.140000e-01 6.187766e-23 6.921013e-23 1.310878e-22 
1.160000e-01 5.208568e-23 6.596329e-23 1.180490e-22 
1.180000e-01 6.265831e-23 6.302979e-23 1.256881e-22 
1.200000e-01 6.507300e-23 6.015776e-23 1.252308e-22 
1.220000e-01 6.565855e-23 5.730847e-23 1.229670e-22 
1.240000e-01 6.559043e-23 5.466935e-23 1.202598e-22 
1.260000e-01 6.521397e-23 5.211656e-23 1.173305e-22 
1.280000e-01 6.458521e-23 4.967038e-23 1.142556e-22 
1.300000e-01 6.384905e-23 4.735495e-23 1.112040e-22 
1.320000e-01 6.316136e-23 4.513777e-23 1.082991e-22 
1.340000e-01 6.202468e-23 4.300732e-23 1.050320e-22 
1.360000e-01 6.102513e-23 4.099643e-23 1.020216e-22 
1.380000e-01 5.998126e-23 3.905345e-23 9.903471e-23 
1.400000e-01 5.890695e-23 3.724245e-23 9.614941e-23 
1.420000e-01 5.781343e-23 3.548127e-23 9.329471e-23 
1.440000e-01 5.669478e-23 3.381809e-23 9.051287e-23 
1.460000e-01 5.555510e-23 3.223072e-23 8.778582e-23 
1.480000e-01 5.439977e-23 3.073232e-23 8.513209e-23 
1.500000e-01 5.324144e-23 2.930642e-23 8.254786e-23 
1.520000e-01 5.207192e-23 2.793237e-23 8.000429e-23 
1.540000e-01 5.088340e-23 2.664921e-23 7.753262e-23 
1.560000e-01 4.972456e-23 2.541869e-23 7.514325e-23 
1.580000e-01 4.846387e-23 2.423046e-23 7.269433e-23 
1.600000e-01 4.723468e-23 2.312830e-23 7.036298e-23 
1.620000e-01 4.595267e-23 2.205263e-23 6.800530e-23 
1.640000e-01 4.455617e-23 2.102374e-23 6.557992e-23 
1.660000e-01 4.287481e-23 2.006240e-23 6.293721e-23 
1.680000e-01 4.051114e-23 1.915395e-23 5.966509e-23 
1.700000e-01 4.135790e-23 1.829434e-23 5.965223e-23 
1.720000e-01 4.136166e-23 1.747019e-23 5.883185e-23 
1.740000e-01 4.090564e-23 1.667719e-23 5.758283e-23 
1.760000e-01 4.031651e-23 1.592348e-23 5.623999e-23 
1.780000e-01 3.968063e-23 1.520602e-23 5.488665e-23 
1.800000e-01 3.901751e-23 1.451881e-23 5.353632e-23 
1.820000e-01 3.834178e-23 1.386381e-23 5.220559e-23 
1.840000e-01 3.766770e-23 1.323986e-23 5.090756e-23 
1.860000e-01 3.699609e-23 1.264519e-23 4.964128e-23 
1.880000e-01 3.633410e-23 1.207020e-23 4.840430e-23 
1.900000e-01 3.568420e-23 1.152516e-23 4.720936e-23 
1.920000e-01 3.507416e-23 1.100507e-23 4.607922e-23 
1.940000e-01 3.471148e-23 1.051198e-23 4.522346e-23 
1.960000e-01 3.406292e-23 1.003608e-23 4.409900e-23 
1.980000e-01 3.395085e-23 9.585531e-24 4.353638e-23 
2.000000e-01 3.335493e-23 9.151567e-24 4.250650e-23 
2.020000e-01 3.180004e-23 8.742710e-24 4.054275e-23 
2.040000e-01 3.081163e-23 8.367507e-24 3.917914e-23 
2.060000e-01 2.994681e-23 7.964845e-24 3.791166e-23 
2.080000e-01 2.908158e-23 7.597794e-24 3.667937e-23 
2.100000e-01 2.832252e-23 7.244019e-24 3.556654e-23 
2.120000e-01 2.759572e-23 6.898581e-24 3.449430e-23 
2.140000e-01 2.689961e-23 6.564691e-24 3.346430e-23 
2.160000e-01 2.626785e-23 6.243003e-24 3.251086e-23 
2.180000e-01 2.557645e-23 5.926966e-24 3.150341e-23 
2.200000e-01 2.495291e-23 5.642986e-24 3.059589e-23 
2.220000e-01 2.434692e-23 5.352797e-24 2.969972e-23 
2.240000e-01 2.374857e-23 5.061312e-24 2.880988e-23 
2.260000e-01 2.316371e-23 4.796547e-24 2.796026e-23 
2.280000e-01 2.259480e-23 4.535217e-24 2.713001e-23 
2.300000e-01 2.204297e-23 4.286551e-24 2.632952e-23 
2.320000e-01 2.150966e-23 4.043608e-24 2.555326e-23 
2.340000e-01 2.098773e-23 3.805539e-24 2.479326e-23 
2.360000e-01 2.047978e-23 3.576411e-24 2.405619e-23 
2.380000e-01 1.998914e-23 3.353919e-24 2.334306e-23 
2.400000e-01 1.950687e-23 3.169248e-24 2.267612e-23 
2.420000e-01 1.904360e-23 3.017785e-24 2.206138e-23 
2.440000e-01 1.859163e-23 2.880555e-24 2.147218e-23 
2.460000e-01 1.815539e-23 2.713138e-24 2.086853e-23 
2.480000e-01 1.773348e-23 2.535961e-24 2.026944e-23 
2.500000e-01 1.732170e-23 2.344193e-24 1.966590e-23 
2.520000e-01 1.692009e-23 2.128863e-24 1.904895e-23 
2.540000e-01 1.652862e-23 1.907558e-24 1.843618e-23 
2.560000e-01 1.614772e-23 1.684153e-24 1.783188e-23 
2.580000e-01 1.577780e-23 1.451114e-24 1.722892e-23 
2.600000e-01 1.541560e-23 1.183779e-24 1.659938e-23 
2.620000e-01 1.506315e-23 8.955312e-25 1.595868e-23 
2.640000e-01 1.471845e-23 5.932879e-25 1.531174e-23 
2.660000e-01 1.438636e-23 3.378734e-25 1.472423e-23 
2.680000e-01 1.406232e-23 1.434967e-25 1.420582e-23 
2.700000e-01 1.374784e-23 2.922426e-26 1.377707e-23 
2.720000e-01 1.344064e-23 2.436940e-26 1.346501e-23 
2.740000e-01 1.314352e-23 1.513791e-25 1.329490e-23 
2.760000e-01 1.285517e-23 4.425743e-25 1.329774e-23 
2.780000e-01 1.257496e-23 9.117638e-25 1.348673e-23 
2.800000e-01 1.229892e-23 3.165719e-24 1.546464e-23 
2.820000e-01 1.202739e-23 4.328234e-24 1.635562e-23 
2.840000e-01 1.176201e-23 3.992970e-24 1.575498e-23 
2.860000e-01 1.150493e-23 3.678964e-24 1.518389e-23 
2.880000e-01 1.125336e-23 3.485703e-24 1.473906e-23 
2.900000e-01 1.100673e-23 3.400286e-24 1.440701e-23 
2.920000e-01 1.076893e-23 3.399279e-24 1.416820e-23 
2.940000e-01 1.052967e-23 3.468949e-24 1.399862e-23 
2.960000e-01 1.030222e-23 3.573954e-24 1.387618e-23 
2.980000e-01 1.007928e-23 3.711274e-24 1.379055e-23 
3.000000e-01 9.862204e-24 3.837736e-24 1.369994e-23 
3.020000e-01 9.649008e-24 3.926266e-24 1.357527e-23 
3.040000e-01 9.439649e-24 3.979244e-24 1.341889e-23 
3.060000e-01 9.236411e-24 4.013779e-24 1.325019e-23 
3.080000e-01 9.039206e-24 4.047233e-24 1.308644e-23 
3.100000e-01 8.847633e-24 4.050506e-24 1.289814e-23 
3.120000e-01 8.658632e-24 4.045521e-24 1.270415e-23 
3.140000e-01 8.474848e-24 4.013528e-24 1.248838e-23 
3.160000e-01 8.295031e-24 3.963690e-24 1.225872e-23 
3.180000e-01 8.118884e-24 3.893911e-24 1.201280e-23 
3.200000e-01 7.948735e-24 3.837562e-24 1.178630e-23 
3.220000e-01 7.783366e-24 3.788415e-24 1.157178e-23 
3.240000e-01 7.621091e-24 3.760088e-24 1.138118e-23 
3.260000e-01 7.461920e-24 3.736709e-24 1.119863e-23 
3.280000e-01 7.306588e-24 3.708976e-24 1.101556e-23 
3.300000e-01 7.155684e-24 3.682293e-24 1.083798e-23 
3.320000e-01 7.010356e-24 3.652124e-24 1.066248e-23 
3.340000e-01 6.868950e-24 3.643220e-24 1.051217e-23 
3.360000e-01 6.767306e-24 3.608225e-24 1.037553e-23 
3.380000e-01 6.630317e-24 3.572380e-24 1.020270e-23 
3.400000e-01 6.495640e-24 3.534033e-24 1.002967e-23 
3.420000e-01 6.364678e-24 3.497574e-24 9.862253e-24 
3.440000e-01 6.236736e-24 3.464054e-24 9.700789e-24 
3.460000e-01 6.112855e-24 3.430490e-24 9.543345e-24 
3.480000e-01 5.992197e-24 3.395266e-24 9.387462e-24 
3.500000e-01 5.870676e-24 3.336026e-24 9.206702e-24 
3.520000e-01 5.714547e-24 3.298280e-24 9.012827e-24 
3.540000e-01 5.599593e-24 3.261263e-24 8.860856e-24 
3.560000e-01 5.488920e-24 3.224868e-24 8.713787e-24 
3.580000e-01 5.380178e-24 3.188929e-24 8.569106e-24 
3.600000e-01 5.274572e-24 3.150347e-24 8.424920e-24 
3.620000e-01 5.170956e-24 3.112406e-24 8.283362e-24 
3.640000e-01 5.069730e-24 3.075951e-24 8.145681e-24 
3.660000e-01 4.969923e-24 3.040696e-24 8.010618e-24 
3.680000e-01 4.870859e-24 3.002070e-24 7.872929e-24 
3.700000e-01 4.776316e-24 2.965127e-24 7.741444e-24 
3.720000e-01 4.683725e-24 2.930228e-24 7.613953e-24 
3.740000e-01 4.592961e-24 2.895473e-24 7.488434e-24 
3.760000e-01 4.503260e-24 2.859644e-24 7.362905e-24 
3.780000e-01 4.414169e-24 2.823419e-24 7.237588e-24 
3.800000e-01 4.327159e-24 2.786559e-24 7.113718e-24 
3.820000e-01 4.242546e-24 2.750079e-24 6.992624e-24 
3.840000e-01 4.159710e-24 2.714460e-24 6.874170e-24 
3.860000e-01 4.079588e-24 2.679734e-24 6.759322e-24 
3.880000e-01 4.000746e-24 2.645106e-24 6.645852e-24 
3.900000e-01 3.923860e-24 2.617100e-24 6.540960e-24 
3.920000e-01 3.857635e-24 2.583135e-24 6.440770e-24 
3.940000e-01 3.772875e-24 2.542793e-24 6.315668e-24 
3.960000e-01 3.700383e-24 2.509562e-24 6.209945e-24 
3.980000e-01 3.630182e-24 2.484912e-24 6.115094e-24 
4.000000e-01 3.561590e-24 2.445753e-24 6.007344e-24 
4.020000e-01 3.501799e-24 2.414038e-24 5.915837e-24 
4.040000e-01 3.428715e-24 2.382148e-24 5.810863e-24 
4.060000e-01 3.363298e-24 2.350256e-24 5.713554e-24 
4.080000e-01 3.299023e-24 2.319550e-24 5.618573e-24 
4.100000e-01 3.235426e-24 2.289087e-24 5.524513e-24 
4.120000e-01 3.164085e-24 2.251254e-24 5.415340e-24 
4.140000e-01 3.114716e-24 2.230054e-24 5.344770e-24 
4.160000e-01 3.056235e-24 2.201598e-24 5.257833e-24 
4.180000e-01 3.005618e-24 2.172708e-24 5.178326e-24 
4.200000e-01 2.942691e-24 2.144387e-24 5.087078e-24 
4.220000e-01 2.886701e-24 2.104337e-24 4.991038e-24 
4.240000e-01 2.831182e-24 2.076259e-24 4.907441e-24 
4.260000e-01 2.762786e-24 2.048118e-24 4.810904e-24 
4.280000e-01 2.711208e-24 2.020975e-24 4.732183e-24 
4.300000e-01 2.659208e-24 1.994044e-24 4.653252e-24 
4.320000e-01 2.608583e-24 1.801142e-24 4.409725e-24 
4.340000e-01 2.349604e-24 1.772986e-24 4.122590e-24 
4.360000e-01 2.299661e-24 1.747799e-24 4.047460e-24 
4.380000e-01 2.250288e-24 1.718336e-24 3.968624e-24 
4.400000e-01 2.201684e-24 1.691435e-24 3.893119e-24 
4.420000e-01 2.155044e-24 1.664737e-24 3.819782e-24 
4.440000e-01 2.109414e-24 1.638266e-24 3.747680e-24 
4.460000e-01 2.064256e-24 1.613029e-24 3.677285e-24 
4.480000e-01 2.020558e-24 1.587421e-24 3.607979e-24 
4.500000e-01 1.978285e-24 1.563311e-24 3.541596e-24 
4.520000e-01 1.935543e-24 1.537871e-24 3.473414e-24 
4.540000e-01 1.894033e-24 1.512879e-24 3.406912e-24 
4.560000e-01 1.853303e-24 1.488446e-24 3.341750e-24 
4.580000e-01 1.813669e-24 1.465066e-24 3.278735e-24 
4.600000e-01 1.774917e-24 1.441883e-24 3.216800e-24 
4.620000e-01 1.736999e-24 1.419395e-24 3.156394e-24 
4.640000e-01 1.699537e-24 1.397330e-24 3.096866e-24 
4.660000e-01 1.663279e-24 1.375671e-24 3.038950e-24 
4.680000e-01 1.627779e-24 1.354826e-24 2.982604e-24 
4.700000e-01 1.592564e-24 1.334023e-24 2.926586e-24 
4.720000e-01 1.557808e-24 1.313364e-24 2.871172e-24 
4.740000e-01 1.524015e-24 1.292921e-24 2.816935e-24 
4.760000e-01 1.491017e-24 1.272764e-24 2.763781e-24 
4.780000e-01 1.458419e-24 1.253194e-24 2.711613e-24 
4.800000e-01 1.428581e-24 1.418400e-24 2.846981e-24 
4.820000e-01 1.395268e-24 1.398778e-24 2.794047e-24 
4.840000e-01 1.570314e-24 1.379797e-24 2.950111e-24 
4.860000e-01 1.537364e-24 1.360924e-24 2.898288e-24 
4.880000e-01 1.505679e-24 1.342343e-24 2.848023e-24 
4.900000e-01 1.474227e-24 1.323760e-24 2.797987e-24 
4.920000e-01 1.443372e-24 1.305745e-24 2.749117e-24 
4.940000e-01 1.414965e-24 1.288124e-24 2.703089e-24 
4.960000e-01 1.382893e-24 1.256580e-24 2.639473e-24 
4.980000e-01 1.352829e-24 1.254194e-24 2.607023e-24 
5.000000e-01 1.322769e-24 1.236920e-24 2.559689e-24 
5.020000e-01 1.293150e-24 1.220172e-24 2.513322e-24 
5.040000e-01 1.263867e-24 1.203397e-24 2.467264e-24 
5.060000e-01 1.234558e-24 1.188101e-24 2.422659e-24 
5.080000e-01 1.206099e-24 1.171493e-24 2.377592e-24 
5.100000e-01 1.176291e-24 1.155854e-24 2.332146e-24 
5.120000e-01 1.147216e-24 1.140716e-24 2.287932e-24 
5.140000e-01 1.118241e-24 1.125947e-24 2.244188e-24 
5.160000e-01 1.089012e-24 1.111212e-24 2.200224e-24 
5.180000e-01 1.059249e-24 1.096731e-24 2.155979e-24 
5.200000e-01 1.028978e-24 1.082521e-24 2.111498e-24 
5.220000e-01 9.985008e-25 1.068669e-24 2.067170e-24 
5.240000e-01 9.789936e-25 1.068692e-24 2.047685e-24 
5.260000e-01 9.349212e-25 1.041018e-24 1.975939e-24 
5.280000e-01 9.015513e-25 1.027287e-24 1.928839e-24 
5.300000e-01 8.665131e-25 1.013966e-24 1.880480e-24 
5.320000e-01 8.297445e-25 1.001053e-24 1.830797e-24 
5.340000e-01 7.896981e-25 9.882638e-25 1.777962e-24 
5.360000e-01 7.407114e-25 9.752873e-25 1.715999e-24 
5.380000e-01 6.798212e-25 9.622317e-25 1.642053e-24 
5.400000e-01 6.039367e-25 9.528513e-25 1.556788e-24 
5.420000e-01 5.346617e-25 9.351325e-25 1.469794e-24 
5.440000e-01 5.122015e-25 9.250764e-25 1.437278e-24 
5.460000e-01 5.541572e-25 9.134069e-25 1.467564e-24 
5.480000e-01 6.497767e-25 9.017422e-25 1.551519e-24 
5.500000e-01 7.291951e-25 8.901600e-25 1.619355e-24 
5.520000e-01 7.796383e-25 8.789201e-25 1.658558e-24 
5.540000e-01 8.071126e-25 8.677164e-25 1.674829e-24 
5.560000e-01 8.254056e-25 8.569658e-25 1.682371e-24 
5.580000e-01 8.374129e-25 8.462208e-25 1.683634e-24 
5.600000e-01 8.458959e-25 8.355224e-25 1.681418e-24 
5.620000e-01 8.520125e-25 8.246564e-25 1.676669e-24 
5.640000e-01 8.557200e-25 8.145398e-25 1.670260e-24 
5.660000e-01 8.579376e-25 8.041563e-25 1.662094e-24 
5.680000e-01 8.585022e-25 7.940754e-25 1.652578e-24 
5.700000e-01 8.578224e-25 7.840643e-25 1.641887e-24 
5.720000e-01 8.563594e-25 7.742895e-25 1.630649e-24 
5.740000e-01 8.543854e-25 7.647640e-25 1.619149e-24 
5.760000e-01 8.485479e-25 7.554662e-25 1.604014e-24 
5.780000e-01 8.474624e-25 7.458408e-25 1.593303e-24 
5.800000e-01 8.430564e-25 7.363490e-25 1.579405e-24 
5.820000e-01 8.383065e-25 7.273593e-25 1.565666e-24 
5.840000e-01 8.342419e-25 7.185168e-25 1.552759e-24 
5.860000e-01 8.280448e-25 7.098711e-25 1.537916e-24 
5.880000e-01 8.221467e-25 7.012280e-25 1.523375e-24 
5.900000e-01 8.165041e-25 6.926462e-25 1.509150e-24 
5.920000e-01 8.100296e-25 6.843428e-25 1.494372e-24 
5.940000e-01 8.037401e-25 6.759183e-25 1.479658e-24 
5.960000e-01 7.976473e-25 6.679125e-25 1.465560e-24 
5.980000e-01 7.903678e-25 6.599299e-25 1.450298e-24 
6.000000e-01 7.834322e-25 6.518808e-25 1.435313e-24 
6.020000e-01 7.763828e-25 6.437280e-25 1.420111e-24 
6.040000e-01 7.690186e-25 6.355303e-25 1.404549e-24 
6.060000e-01 7.617494e-25 6.274480e-25 1.389197e-24 
6.080000e-01 7.544404e-25 6.198976e-25 1.374338e-24 
6.100000e-01 7.471519e-25 6.129605e-25 1.360112e-24 
6.120000e-01 7.396200e-25 6.058083e-25 1.345428e-24 
6.140000e-01 7.320452e-25 5.987997e-25 1.330845e-24 
6.160000e-01 7.246244e-25 5.916911e-25 1.316316e-24 
6.180000e-01 7.174367e-25 5.846434e-25 1.302080e-24 
6.200000e-01 7.095533e-25 5.776155e-25 1.287169e-24 
6.220000e-01 7.019201e-25 5.708623e-25 1.272782e-24 
6.240000e-01 6.940986e-25 5.637056e-25 1.257804e-24 
6.260000e-01 6.868179e-25 5.572996e-25 1.244117e-24 
6.280000e-01 6.787085e-25 5.509766e-25 1.229685e-24 
6.300000e-01 6.709498e-25 5.441996e-25 1.215149e-24 
6.320000e-01 6.632842e-25 5.376991e-25 1.200983e-24 
6.340000e-01 6.556232e-25 5.312309e-25 1.186854e-24 
6.360000e-01 6.479089e-25 5.247331e-25 1.172642e-24 
6.380000e-01 6.401120e-25 5.186488e-25 1.158761e-24 
6.400000e-01 6.323830e-25 5.125990e-25 1.144982e-24 
6.420000e-01 6.246369e-25 5.066832e-25 1.131320e-24 
6.440000e-01 6.169340e-25 5.009657e-25 1.117900e-24 
6.460000e-01 6.090912e-25 4.955242e-25 1.104615e-24 
6.480000e-01 6.011171e-25 4.900490e-25 1.091166e-24 
6.500000e-01 5.930689e-25 4.846061e-25 1.077675e-24 
6.520000e-01 5.851837e-25 4.792499e-25 1.064434e-24 
6.540000e-01 5.772058e-25 4.733091e-25 1.050515e-24 
6.560000e-01 5.692214e-25 4.676559e-25 1.036877e-24 
6.580000e-01 5.611299e-25 4.620623e-25 1.023192e-24 
6.600000e-01 5.530634e-25 4.568521e-25 1.009916e-24 
6.620000e-01 5.451951e-25 4.516970e-25 9.968922e-25 
6.640000e-01 5.367989e-25 4.465166e-25 9.833155e-25 
6.660000e-01 5.283925e-25 4.419152e-25 9.703077e-25 
6.680000e-01 5.202934e-25 4.367087e-25 9.570021e-25 
6.700000e-01 5.121336e-25 4.324127e-25 9.445463e-25 
6.720000e-01 5.033712e-25 4.266262e-25 9.299974e-25 
6.740000e-01 4.948204e-25 4.216953e-25 9.165157e-25 
6.760000e-01 4.862764e-25 4.171278e-25 9.034042e-25 
6.780000e-01 4.772299e-25 4.123973e-25 8.896272e-25 
6.800000e-01 4.684466e-25 4.077943e-25 8.762409e-25 
6.820000e-01 4.592751e-25 4.032794e-25 8.625545e-25 
6.840000e-01 4.498580e-25 3.988737e-25 8.487317e-25 
6.860000e-01 4.402242e-25 3.947020e-25 8.349262e-25 
6.880000e-01 4.302091e-25 3.902526e-25 8.204617e-25 
6.900000e-01 4.198021e-25 3.858656e-25 8.056677e-25 
6.920000e-01 4.088384e-25 3.817510e-25 7.905893e-25 
6.940000e-01 3.968674e-25 3.776606e-25 7.745280e-25 
6.960000e-01 3.840358e-25 3.735339e-25 7.575698e-25 
6.980000e-01 3.691270e-25 3.693763e-25 7.385033e-25 
7.000000e-01 3.496263e-25 3.652149e-25 7.148412e-25 
7.020000e-01 3.280599e-25 3.611234e-25 6.891833e-25 
7.040000e-01 3.069979e-25 3.572002e-25 6.641980e-25 
7.060000e-01 2.972685e-25 3.533526e-25 6.506211e-25 
7.080000e-01 2.967985e-25 3.496099e-25 6.464083e-25 
7.100000e-01 3.058172e-25 3.456913e-25 6.515084e-25 
7.120000e-01 3.289129e-25 3.311341e-25 6.600470e-25 
7.140000e-01 3.580237e-25 3.267399e-25 6.847636e-25 
7.160000e-01 3.754751e-25 3.226563e-25 6.981315e-25 
7.180000e-01 3.889485e-25 3.187046e-25 7.076531e-25 
7.200000e-01 3.957610e-25 3.148312e-25 7.105922e-25 
7.220000e-01 4.003312e-25 3.110670e-25 7.113982e-25 
7.240000e-01 4.040988e-25 3.073501e-25 7.114488e-25 
7.260000e-01 4.051028e-25 3.036954e-25 7.087982e-25 
7.280000e-01 4.070382e-25 3.001452e-25 7.071834e-25 
7.300000e-01 4.080817e-25 2.966814e-25 7.047631e-25 
7.320000e-01 4.081502e-25 2.932268e-25 7.013770e-25 
7.340000e-01 4.206264e-25 2.896446e-25 7.102710e-25 
7.360000e-01 4.070950e-25 2.860434e-25 6.931384e-25 
7.380000e-01 4.058547e-25 2.824263e-25 6.882810e-25 
7.400000e-01 4.044952e-25 2.786763e-25 6.831715e-25 
7.420000e-01 4.028218e-25 2.752671e-25 6.780889e-25 
7.440000e-01 4.011591e-25 2.719490e-25 6.731081e-25 
7.460000e-01 3.995262e-25 2.686918e-25 6.682180e-25 
7.480000e-01 3.977115e-25 2.656461e-25 6.633576e-25 
7.500000e-01 3.957383e-25 2.625487e-25 6.582871e-25 
7.520000e-01 3.936804e-25 2.595674e-25 6.532478e-25 
7.540000e-01 3.914588e-25 2.565793e-25 6.480381e-25 
7.560000e-01 3.892318e-25 2.536864e-25 6.429181e-25 
7.580000e-01 3.871231e-25 2.510330e-25 6.381561e-25 
7.600000e-01 3.847539e-25 2.481587e-25 6.329126e-25 
7.620000e-01 3.822445e-25 2.454156e-25 6.276601e-25 
7.640000e-01 3.795563e-25 2.426337e-25 6.221899e-25 
7.660000e-01 3.765336e-25 2.395916e-25 6.161252e-25 
7.680000e-01 3.736257e-25 2.367695e-25 6.103952e-25 
7.700000e-01 3.708381e-25 2.340389e-25 6.048770e-25 
7.720000e-01 3.681019e-25 2.315319e-25 5.996338e-25 
7.740000e-01 3.949917e-25 2.288937e-25 6.238854e-25 
7.760000e-01 3.924563e-25 2.445785e-25 6.370347e-25 
7.780000e-01 3.897518e-25 2.420331e-25 6.317849e-25 
7.800000e-01 3.869817e-25 2.179041e-25 6.048857e-25 
7.820000e-01 3.826631e-25 2.368916e-25 6.195547e-25 
7.840000e-01 3.798546e-25 2.344536e-25 6.143082e-25 
7.860000e-01 3.770161e-25 2.311319e-25 6.081480e-25 
7.880000e-01 3.742134e-25 2.287722e-25 6.029856e-25 
7.900000e-01 3.713462e-25 2.264813e-25 5.978274e-25 
7.920000e-01 3.685709e-25 2.242005e-25 5.927713e-25 
7.940000e-01 3.656967e-25 2.220184e-25 5.877152e-25 
7.960000e-01 3.626189e-25 2.199056e-25 5.825245e-25 
7.980000e-01 3.589423e-25 2.176816e-25 5.766239e-25 
8.000000e-01 3.566986e-25 2.154946e-25 5.721932e-25 
8.020000e-01 3.539511e-25 2.134614e-25 5.674126e-25 
8.040000e-01 3.513197e-25 2.113141e-25 5.626339e-25 
8.060000e-01 3.487507e-25 2.092181e-25 5.579687e-25 
8.080000e-01 3.460646e-25 2.071570e-25 5.532216e-25 
8.100000e-01 3.435103e-25 2.051297e-25 5.486400e-25 
8.120000e-01 3.410389e-25 2.030591e-25 5.440979e-25 
8.140000e-01 3.386055e-25 2.009646e-25 5.395701e-25 
8.160000e-01 3.361876e-25 1.988982e-25 5.350858e-25 
8.180000e-01 3.338279e-25 1.968877e-25 5.307156e-25 
8.200000e-01 3.314407e-25 1.949359e-25 5.263766e-25 
8.220000e-01 3.291908e-25 1.931249e-25 5.223157e-25 
8.240000e-01 3.268804e-25 1.913470e-25 5.182274e-25 
8.260000e-01 3.247699e-25 1.895935e-25 5.143634e-25 
8.280000e-01 3.224394e-25 1.878500e-25 5.102894e-25 
8.300000e-01 3.201880e-25 1.860119e-25 5.062000e-25 
8.320000e-01 3.179908e-25 1.841717e-25 5.021624e-25 
8.340000e-01 3.158286e-25 1.823952e-25 4.982238e-25 
8.360000e-01 3.028757e-25 1.806249e-25 4.835006e-25 
8.380000e-01 3.115876e-25 1.788121e-25 4.903998e-25 
8.400000e-01 3.095856e-25 1.771039e-25 4.866894e-25 
8.420000e-01 3.075058e-25 1.754509e-25 4.829568e-25 
8.440000e-01 3.055069e-25 1.738774e-25 4.793843e-25 
8.460000e-01 3.034602e-25 1.720848e-25 4.755450e-25 
8.480000e-01 3.014801e-25 1.704114e-25 4.718915e-25 
8.500000e-01 2.996416e-25 1.688773e-25 4.685189e-25 
8.520000e-01 2.976674e-25 1.672817e-25 4.649491e-25 
8.540000e-01 2.958207e-25 1.657441e-25 4.615648e-25 
8.560000e-01 2.939894e-25 1.642200e-25 4.582094e-25 
8.580000e-01 2.921279e-25 1.627336e-25 4.548615e-25 
8.600000e-01 2.902693e-25 1.611206e-25 4.513898e-25 
8.620000e-01 2.883278e-25 1.595472e-25 4.478750e-25 
8.640000e-01 2.864100e-25 1.579968e-25 4.444069e-25 
8.660000e-01 2.844501e-25 1.561777e-25 4.406278e-25 
8.680000e-01 2.825676e-25 1.549692e-25 4.375367e-25 
8.700000e-01 2.806528e-25 1.534503e-25 4.341031e-25 
8.720000e-01 2.787373e-25 1.519681e-25 4.307054e-25 
8.740000e-01 2.766080e-25 1.505615e-25 4.271695e-25 
8.760000e-01 2.747747e-25 1.491076e-25 4.238824e-25 
8.780000e-01 2.727495e-25 1.476777e-25 4.204272e-25 
8.800000e-01 2.707689e-25 1.464575e-25 4.172264e-25 
8.820000e-01 2.687095e-25 1.451741e-25 4.138836e-25 
8.840000e-01 2.667957e-25 1.438205e-25 4.106162e-25 
8.860000e-01 2.648912e-25 1.425611e-25 4.074523e-25 
8.880000e-01 2.629571e-25 1.413401e-25 4.042973e-25 
8.900000e-01 2.609884e-25 1.401854e-25 4.011738e-25 
8.920000e-01 2.590586e-25 1.387998e-25 3.978584e-25 
8.940000e-01 2.570761e-25 1.375579e-25 3.946339e-25 
8.960000e-01 2.551799e-25 1.362853e-25 3.914652e-25 
8.980000e-01 2.532685e-25 1.349890e-25 3.882576e-25 
9.000000e-01 2.513328e-25 1.337788e-25 3.851116e-25 
9.020000e-01 2.494539e-25 1.324557e-25 3.819096e-25 
9.040000e-01 2.475468e-25 1.312082e-25 3.787550e-25 
9.060000e-01 2.456749e-25 1.299491e-25 3.756240e-25 
9.080000e-01 2.438757e-25 1.287045e-25 3.725802e-25 
9.100000e-01 2.419339e-25 1.275419e-25 3.694757e-25 
9.120000e-01 2.400386e-25 1.264460e-25 3.664846e-25 
9.140000e-01 2.382705e-25 1.253063e-25 3.635768e-25 
9.160000e-01 2.364580e-25 1.242263e-25 3.606843e-25 
9.180000e-01 2.347582e-25 1.231637e-25 3.579220e-25 
9.200000e-01 2.328777e-25 1.220406e-25 3.549183e-25 
9.220000e-01 2.311768e-25 1.209507e-25 3.521275e-25 
9.240000e-01 2.295046e-25 1.198501e-25 3.493547e-25 
9.260000e-01 2.276694e-25 1.188404e-25 3.465098e-25 
9.280000e-01 2.258970e-25 1.176262e-25 3.435232e-25 
9.300000e-01 2.242000e-25 1.165926e-25 3.407926e-25 
9.320000e-01 2.224760e-25 1.158287e-25 3.383047e-25 
9.340000e-01 2.207248e-25 1.146678e-25 3.353926e-25 
9.360000e-01 2.190440e-25 1.136592e-25 3.327032e-25 
9.380000e-01 2.173721e-25 1.126849e-25 3.300570e-25 
9.400000e-01 2.157387e-25 1.117257e-25 3.274644e-25 
9.420000e-01 2.139607e-25 1.107671e-25 3.247278e-25 
9.440000e-01 2.123153e-25 1.097677e-25 3.220830e-25 
9.460000e-01 2.106697e-25 1.088124e-25 3.194820e-25 
9.480000e-01 2.090764e-25 1.078700e-25 3.169464e-25 
9.500000e-01 2.075936e-25 1.069302e-25 3.145238e-25 
9.520000e-01 2.058840e-25 1.062776e-25 3.121617e-25 
9.540000e-01 2.043780e-25 1.051045e-25 3.094825e-25 
9.560000e-01 2.027786e-25 1.042327e-25 3.070112e-25 
9.580000e-01 2.012195e-25 1.032519e-25 3.044714e-25 
9.600000e-01 1.997336e-25 1.024801e-25 3.022137e-25 
9.620000e-01 1.981774e-25 1.015419e-25 2.997193e-25 
9.640000e-01 1.966280e-25 1.006385e-25 2.972665e-25 
9.660000e-01 1.950706e-25 9.972598e-26 2.947966e-25 
9.680000e-01 1.935444e-25 9.882695e-26 2.923713e-25 
9.700000e-01 1.920558e-25 9.791257e-26 2.899684e-25 
9.720000e-01 1.905937e-25 9.691465e-26 2.875084e-25 
9.740000e-01 1.890861e-25 9.616244e-26 2.852485e-25 
9.760000e-01 1.876669e-25 9.538466e-26 2.830515e-25 
9.780000e-01 1.862084e-25 9.457512e-26 2.807835e-25 
9.800000e-01 1.847137e-25 9.376516e-26 2.784788e-25 
9.820000e-01 1.833399e-25 9.299285e-26 2.763328e-25 
9.840000e-01 1.819512e-25 9.223704e-26 2.741882e-25 
9.860000e-01 1.805145e-25 9.143511e-26 2.719496e-25 
9.880000e-01 1.792346e-25 9.062003e-26 2.698546e-25 
9.900000e-01 1.778250e-25 8.912655e-26 2.669516e-25 
9.920000e-01 1.763741e-25 8.906490e-26 2.654390e-25 
9.940000e-01 1.750961e-25 8.826969e-26 2.633657e-25 
9.960000e-01 1.737667e-25 8.755313e-26 2.613198e-25 
9.980000e-01 1.724444e-25 8.693019e-26 2.593745e-25 
1.000000e+00 1.711140e-25 8.448738e-26 2.556014e-25 
1.002000e+00 1.697926e-25 8.560747e-26 2.554001e-25 
1.004000e+00 1.686082e-25 8.494193e-26 2.535501e-25 
1.006000e+00 1.672196e-25 8.423922e-26 2.514588e-25 
1.008000e+00 1.659303e-25 8.356594e-26 2.494962e-25 
1.010000e+00 1.644770e-25 8.283050e-26 2.473075e-25 
1.012000e+00 1.631725e-25 8.213634e-26 2.453089e-25 
1.014000e+00 1.618722e-25 8.143578e-26 2.433080e-25 
1.016000e+00 1.605775e-25 8.078152e-26 2.413590e-25 
1.018000e+00 1.593337e-25 8.010596e-26 2.394396e-25 
1.020000e+00 1.581396e-25 7.947288e-26 2.376124e-25 
1.022000e+00 1.569456e-25 7.880458e-26 2.357502e-25 
1.024000e+00 1.557313e-25 7.813606e-26 2.338673e-25 
1.026000e+00 1.545033e-25 7.753753e-26 2.320409e-25 
1.028000e+00 1.532880e-25 7.691896e-26 2.302070e-25 
1.030000e+00 1.520494e-25 7.632809e-26 2.283775e-25 
1.032000e+00 1.508526e-25 7.566712e-26 2.265198e-25 
1.034000e+00 1.496689e-25 7.503007e-26 2.246990e-25 
1.036000e+00 1.485272e-25 7.444564e-26 2.229728e-25 
1.038000e+00 1.474230e-25 7.386571e-26 2.212887e-25 
1.040000e+00 1.463239e-25 7.368920e-26 2.200131e-25 
1.042000e+00 1.452821e-25 7.273515e-26 2.180172e-25 
1.044000e+00 1.441674e-25 7.217403e-26 2.163414e-25 
1.046000e+00 1.430466e-25 7.159870e-26 2.146453e-25 
1.048000e+00 1.419407e-25 7.099688e-26 2.129376e-25 
1.050000e+00 1.408217e-25 7.043040e-26 2.112521e-25 
1.052000e+00 1.396693e-25 6.984639e-26 2.095157e-25 
1.054000e+00 1.385449e-25 6.928267e-26 2.078275e-25 
1.056000e+00 1.373239e-25 6.875211e-26 2.060761e-25 
1.058000e+00 1.364541e-25 6.821891e-26 2.046730e-25 
1.060000e+00 1.354470e-25 6.769118e-26 2.031382e-25 
1.062000e+00 1.344123e-25 6.717560e-26 2.015879e-25 
1.064000e+00 1.333455e-25 6.662991e-26 1.999754e-25 
1.066000e+00 1.322912e-25 6.608259e-26 1.983738e-25 
1.068000e+00 1.313062e-25 6.553830e-26 1.968445e-25 
1.070000e+00 1.301857e-25 6.499670e-26 1.951824e-25 
1.072000e+00 1.291636e-25 6.447698e-26 1.936406e-25 
1.074000e+00 1.280195e-25 6.397628e-26 1.919957e-25 
1.076000e+00 1.272236e-25 6.353304e-26 1.907567e-25 
1.078000e+00 1.262744e-25 6.304722e-26 1.893216e-25 
1.080000e+00 1.253729e-25 6.256962e-26 1.879425e-25 
1.082000e+00 1.244289e-25 6.210243e-26 1.865313e-25 
1.084000e+00 1.234709e-25 6.163036e-26 1.851012e-25 
1.086000e+00 1.225440e-25 6.123793e-26 1.837819e-25 
1.088000e+00 1.215740e-25 6.067404e-26 1.822480e-25 
1.090000e+00 1.206292e-25 6.017627e-26 1.808055e-25 
1.092000e+00 1.196443e-25 5.967683e-26 1.793211e-25 
1.094000e+00 1.186864e-25 5.919978e-26 1.778861e-25 
1.096000e+00 1.177703e-25 5.873215e-26 1.765024e-25 
1.098000e+00 1.168946e-25 5.829905e-26 1.751937e-25 
1.100000e+00 1.159763e-25 5.784964e-26 1.738260e-25 
1.102000e+00 1.151797e-25 5.745220e-26 1.726319e-25 
1.104000e+00 1.143417e-25 5.700143e-26 1.713432e-25 
1.106000e+00 1.134821e-25 5.653491e-26 1.700170e-25 
1.108000e+00 1.124968e-25 5.611910e-26 1.686159e-25 
1.110000e+00 1.116121e-25 5.567562e-26 1.672877e-25 
1.112000e+00 1.107199e-25 5.521730e-26 1.659372e-25 
1.114000e+00 1.098611e-25 5.479464e-26 1.646557e-25 
1.116000e+00 1.088622e-25 5.437802e-26 1.632403e-25 
1.118000e+00 1.082294e-25 5.396816e-26 1.621976e-25 
1.120000e+00 1.074433e-25 5.357761e-26 1.610209e-25 
1.122000e+00 1.066645e-25 5.317105e-26 1.598356e-25 
1.124000e+00 1.058824e-25 5.315734e-26 1.590398e-25 
1.126000e+00 1.051160e-25 5.242957e-26 1.575456e-25 
1.128000e+00 1.042660e-25 5.202088e-26 1.562869e-25 
1.130000e+00 1.034419e-25 5.162529e-26 1.550672e-25 
1.132000e+00 1.027885e-25 5.120359e-26 1.539921e-25 
1.134000e+00 1.017708e-25 5.082679e-26 1.525976e-25 
1.136000e+00 1.010105e-25 5.049342e-26 1.515039e-25 
1.138000e+00 1.002435e-25 5.003600e-26 1.502795e-25 
1.140000e+00 9.950713e-26 4.974018e-26 1.492473e-25 
1.142000e+00 9.876634e-26 4.932382e-26 1.480902e-25 
1.144000e+00 9.804455e-26 4.902576e-26 1.470703e-25 
1.146000e+00 9.725178e-26 4.858914e-26 1.458409e-25 
1.148000e+00 9.649612e-26 4.821007e-26 1.447062e-25 
1.150000e+00 9.574779e-26 4.783927e-26 1.435871e-25 
1.152000e+00 9.499149e-26 4.747563e-26 1.424671e-25 
1.154000e+00 9.423383e-26 4.715228e-26 1.413861e-25 
1.156000e+00 9.365364e-26 4.683255e-26 1.404862e-25 
1.158000e+00 9.282664e-26 4.647715e-26 1.393038e-25 
1.160000e+00 9.215523e-26 4.609185e-26 1.382471e-25 
1.162000e+00 9.147527e-26 4.577748e-26 1.372527e-25 
1.164000e+00 9.067067e-26 4.545750e-26 1.361282e-25 
1.166000e+00 9.014215e-26 4.511895e-26 1.352611e-25 
1.168000e+00 8.949532e-26 4.430020e-26 1.337955e-25 
1.170000e+00 8.878363e-26 4.445483e-26 1.332385e-25 
1.172000e+00 8.812882e-26 4.411813e-26 1.322469e-25 
1.174000e+00 8.739582e-26 4.376222e-26 1.311580e-25 
1.176000e+00 8.667257e-26 4.366555e-26 1.303381e-25 
1.178000e+00 8.598957e-26 4.310071e-26 1.290903e-25 
1.180000e+00 8.535340e-26 4.278357e-26 1.281370e-25 
1.182000e+00 8.470721e-26 4.250192e-26 1.272091e-25 
1.184000e+00 8.406900e-26 4.220052e-26 1.262695e-25 
1.186000e+00 8.348680e-26 4.190861e-26 1.253954e-25 
1.188000e+00 8.284720e-26 4.159485e-26 1.244421e-25 
1.190000e+00 8.244517e-26 4.131221e-26 1.237574e-25 
1.192000e+00 8.157736e-26 4.098756e-26 1.225649e-25 
1.194000e+00 8.092747e-26 4.068188e-26 1.216094e-25 
1.196000e+00 8.025601e-26 4.035447e-26 1.206105e-25 
1.198000e+00 7.964783e-26 4.006955e-26 1.197174e-25 
1.200000e+00 7.900932e-26 3.974953e-26 1.187589e-25 
1.202000e+00 7.843177e-26 3.948130e-26 1.179131e-25 
1.204000e+00 7.718137e-26 3.920307e-26 1.163844e-25 
1.206000e+00 7.726726e-26 3.894672e-26 1.162140e-25 
1.208000e+00 7.675932e-26 3.870298e-26 1.154623e-25 
1.210000e+00 7.618238e-26 3.842824e-26 1.146106e-25 
1.212000e+00 7.558290e-26 3.814758e-26 1.137305e-25 
1.214000e+00 7.500481e-26 3.788185e-26 1.128867e-25 
1.216000e+00 7.441253e-26 3.760946e-26 1.120220e-25 
1.218000e+00 7.379137e-26 3.730070e-26 1.110921e-25 
1.220000e+00 7.318955e-26 3.702065e-26 1.102102e-25 
1.222000e+00 7.258623e-26 3.674849e-26 1.093347e-25 
1.224000e+00 7.200590e-26 3.644041e-26 1.084463e-25 
1.226000e+00 7.146048e-26 3.622659e-26 1.076871e-25 
1.228000e+00 7.095383e-26 3.599927e-26 1.069531e-25 
1.230000e+00 7.224526e-26 3.573498e-26 1.079802e-25 
1.232000e+00 7.171077e-26 3.560883e-26 1.073196e-25 
1.234000e+00 7.118281e-26 3.617331e-26 1.073561e-25 
1.236000e+00 7.062495e-26 3.592634e-26 1.065513e-25 
1.238000e+00 7.009288e-26 3.569014e-26 1.057830e-25 
1.240000e+00 6.955600e-26 3.544688e-26 1.050029e-25 
1.242000e+00 6.905474e-26 3.521513e-26 1.042699e-25 
1.244000e+00 6.852874e-26 3.499301e-26 1.035218e-25 
1.246000e+00 6.797956e-26 3.475257e-26 1.027321e-25 
1.248000e+00 6.746196e-26 3.453131e-26 1.019933e-25 
1.250000e+00 6.695770e-26 3.429590e-26 1.012536e-25 
1.252000e+00 6.643781e-26 3.408057e-26 1.005184e-25 
1.254000e+00 6.595142e-26 3.383065e-26 9.978207e-26 
1.256000e+00 6.586383e-26 3.362061e-26 9.948444e-26 
1.258000e+00 6.484029e-26 3.336343e-26 9.820372e-26 
1.260000e+00 6.432248e-26 3.313703e-26 9.745951e-26 
1.262000e+00 6.378561e-26 3.290542e-26 9.669103e-26 
1.264000e+00 6.326264e-26 3.268135e-26 9.594400e-26 
1.266000e+00 6.274449e-26 3.247340e-26 9.521789e-26 
1.268000e+00 6.219521e-26 3.226076e-26 9.445597e-26 
1.270000e+00 6.167668e-26 3.205121e-26 9.372789e-26 
1.272000e+00 6.120118e-26 3.185340e-26 9.305459e-26 
1.274000e+00 6.064127e-26 3.166906e-26 9.231034e-26 
1.276000e+00 5.936963e-26 3.143698e-26 9.080662e-26 
1.278000e+00 5.956678e-26 3.122991e-26 9.079669e-26 
1.280000e+00 5.901320e-26 3.107621e-26 9.008941e-26 
1.282000e+00 5.845319e-26 3.082985e-26 8.928303e-26 
1.284000e+00 5.782696e-26 3.060115e-26 8.842811e-26 
1.286000e+00 5.721517e-26 3.040432e-26 8.761949e-26 
1.288000e+00 5.656433e-26 3.022565e-26 8.678998e-26 
1.290000e+00 5.574745e-26 3.001072e-26 8.575818e-26 
1.292000e+00 5.495012e-26 2.981870e-26 8.476882e-26 
1.294000e+00 5.699850e-26 2.962713e-26 8.662562e-26 
1.296000e+00 5.358815e-26 2.944786e-26 8.303601e-26 
1.298000e+00 5.294938e-26 2.925126e-26 8.220064e-26 
1.300000e+00 5.256420e-26 2.908953e-26 8.165373e-26 
1.302000e+00 5.226243e-26 2.886585e-26 8.112828e-26 
1.304000e+00 5.198732e-26 2.868096e-26 8.066828e-26 
1.306000e+00 5.200589e-26 2.849653e-26 8.050242e-26 
1.308000e+00 5.211211e-26 2.829173e-26 8.040384e-26 
1.310000e+00 5.217127e-26 2.810756e-26 8.027883e-26 
1.312000e+00 5.231577e-26 2.793042e-26 8.024619e-26 
1.314000e+00 5.244265e-26 2.775214e-26 8.019479e-26 
1.316000e+00 5.258234e-26 2.758232e-26 8.016466e-26 
1.318000e+00 5.252863e-26 2.748894e-26 8.001757e-26 
1.320000e+00 5.249119e-26 2.721446e-26 7.970565e-26 
1.322000e+00 5.243015e-26 2.705438e-26 7.948453e-26 
1.324000e+00 5.227385e-26 2.688048e-26 7.915433e-26 
1.326000e+00 5.212255e-26 2.671018e-26 7.883273e-26 
1.328000e+00 5.196610e-26 2.647049e-26 7.843658e-26 
1.330000e+00 5.177367e-26 2.637721e-26 7.815088e-26 
1.332000e+00 5.156773e-26 2.620947e-26 7.777720e-26 
1.334000e+00 5.138736e-26 2.604961e-26 7.743697e-26 
1.336000e+00 5.117719e-26 2.588754e-26 7.706473e-26 
1.338000e+00 5.096339e-26 2.572643e-26 7.668981e-26 
1.340000e+00 5.073085e-26 2.557393e-26 7.630478e-26 
1.342000e+00 5.050154e-26 2.541450e-26 7.591605e-26 
1.344000e+00 5.028223e-26 2.521380e-26 7.549603e-26 
1.346000e+00 5.005859e-26 2.509640e-26 7.515499e-26 
1.348000e+00 4.981441e-26 2.494384e-26 7.475826e-26 
1.350000e+00 4.961832e-26 2.478460e-26 7.440292e-26 
1.352000e+00 4.934242e-26 2.463393e-26 7.397635e-26 
1.354000e+00 4.906585e-26 2.446827e-26 7.353412e-26 
1.356000e+00 4.881202e-26 2.431982e-26 7.313184e-26 
1.358000e+00 4.856360e-26 2.416102e-26 7.272462e-26 
1.360000e+00 4.830892e-26 2.399893e-26 7.230785e-26 
1.362000e+00 4.807545e-26 2.385155e-26 7.192700e-26 
1.364000e+00 4.778548e-26 2.370048e-26 7.148596e-26 
1.366000e+00 4.757631e-26 2.355491e-26 7.113122e-26 
1.368000e+00 4.730402e-26 2.338891e-26 7.069293e-26 
1.370000e+00 4.708639e-26 2.325880e-26 7.034519e-26 
1.372000e+00 4.688410e-26 2.312664e-26 7.001074e-26 
1.374000e+00 4.663219e-26 2.298832e-26 6.962051e-26 
1.376000e+00 4.643133e-26 2.285181e-26 6.928314e-26 
1.378000e+00 4.610732e-26 2.270323e-26 6.881055e-26 
1.380000e+00 4.586798e-26 2.255409e-26 6.842208e-26 
1.382000e+00 4.562702e-26 2.241639e-26 6.804341e-26 
1.384000e+00 4.539178e-26 2.229387e-26 6.768565e-26 
1.386000e+00 4.514991e-26 2.215881e-26 6.730873e-26 
1.388000e+00 4.489705e-26 2.202757e-26 6.692462e-26 
1.390000e+00 4.467206e-26 2.189773e-26 6.656979e-26 
1.392000e+00 4.443636e-26 2.177329e-26 6.620966e-26 
1.394000e+00 4.420261e-26 2.163629e-26 6.583890e-26 
1.396000e+00 4.395797e-26 2.150460e-26 6.546257e-26 
1.398000e+00 4.366962e-26 2.138050e-26 6.505012e-26 
1.400000e+00 4.349116e-26 2.125543e-26 6.474659e-26 
1.402000e+00 4.323749e-26 2.081966e-26 6.405715e-26 
1.404000e+00 4.300348e-26 2.098791e-26 6.399138e-26 
1.406000e+00 4.275180e-26 2.084705e-26 6.359885e-26 
1.408000e+00 4.250057e-26 2.071404e-26 6.321461e-26 
1.410000e+00 4.227006e-26 2.054520e-26 6.281526e-26 
1.412000e+00 4.201301e-26 2.045443e-26 6.246744e-26 
1.414000e+00 4.178605e-26 2.033519e-26 6.212123e-26 
1.416000e+00 4.154979e-26 2.021062e-26 6.176041e-26 
1.418000e+00 4.130676e-26 2.009974e-26 6.140650e-26 
1.420000e+00 4.107828e-26 1.996952e-26 6.104780e-26 
1.422000e+00 4.085733e-26 1.984886e-26 6.070619e-26 
1.424000e+00 4.066486e-26 1.974417e-26 6.040903e-26 
1.426000e+00 4.042516e-26 1.962442e-26 6.004958e-26 
1.428000e+00 4.019295e-26 1.950982e-26 5.970276e-26 
1.430000e+00 3.996398e-26 1.939712e-26 5.936111e-26 
1.432000e+00 3.977405e-26 1.928430e-26 5.905834e-26 
1.434000e+00 3.948328e-26 1.914339e-26 5.862668e-26 
1.436000e+00 3.933490e-26 1.905317e-26 5.838807e-26 
1.438000e+00 3.910573e-26 1.896897e-26 5.807470e-26 
1.440000e+00 3.889168e-26 1.882782e-26 5.771950e-26 
1.442000e+00 3.875249e-26 1.872002e-26 5.747251e-26 
1.444000e+00 3.846069e-26 1.861397e-26 5.707466e-26 
1.446000e+00 3.824927e-26 1.850389e-26 5.675316e-26 
1.448000e+00 3.804533e-26 1.839275e-26 5.643808e-26 
1.450000e+00 3.784363e-26 1.829721e-26 5.614084e-26 
1.452000e+00 3.763010e-26 1.820860e-26 5.583870e-26 
1.454000e+00 3.741169e-26 1.808113e-26 5.549282e-26 
1.456000e+00 3.720037e-26 1.798426e-26 5.518463e-26 
1.458000e+00 3.698372e-26 1.786564e-26 5.484936e-26 
1.460000e+00 3.675850e-26 1.777440e-26 5.453290e-26 
1.462000e+00 3.654262e-26 1.764636e-26 5.418898e-26 
1.464000e+00 3.633860e-26 1.754471e-26 5.388331e-26 
1.466000e+00 3.613485e-26 1.744513e-26 5.357998e-26 
1.468000e+00 3.594369e-26 1.734443e-26 5.328811e-26 
1.470000e+00 3.572775e-26 1.723808e-26 5.296582e-26 
1.472000e+00 3.551221e-26 1.712332e-26 5.263553e-26 
1.474000e+00 3.532386e-26 1.703024e-26 5.235410e-26 
1.476000e+00 3.513345e-26 1.693354e-26 5.206699e-26 
1.478000e+00 3.494183e-26 1.683819e-26 5.178002e-26 
1.480000e+00 3.482293e-26 1.675460e-26 5.157753e-26 
1.482000e+00 3.460326e-26 1.664376e-26 5.124702e-26 
1.484000e+00 3.438850e-26 1.654826e-26 5.093676e-26 
1.486000e+00 3.417449e-26 1.645043e-26 5.062492e-26 
1.488000e+00 3.398275e-26 1.635716e-26 5.033990e-26 
1.490000e+00 3.379554e-26 1.627375e-26 5.006929e-26 
1.492000e+00 3.361177e-26 1.618447e-26 4.979624e-26 
1.494000e+00 3.343923e-26 1.606324e-26 4.950247e-26 
1.496000e+00 3.324581e-26 1.600409e-26 4.924990e-26 
1.498000e+00 3.306262e-26 1.591257e-26 4.897519e-26 
1.500000e+00 3.288735e-26 1.581895e-26 4.870630e-26 
1.502000e+00 3.269877e-26 1.573207e-26 4.843084e-26 
1.504000e+00 3.253773e-26 1.565059e-26 4.818833e-26 
1.506000e+00 3.236742e-26 1.555860e-26 4.792603e-26 
1.508000e+00 3.221088e-26 1.547433e-26 4.768521e-26 
1.510000e+00 3.207592e-26 1.539272e-26 4.746864e-26 
1.512000e+00 3.184278e-26 1.530338e-26 4.714616e-26 
1.514000e+00 3.162745e-26 1.519459e-26 4.682203e-26 
1.516000e+00 3.144455e-26 1.511289e-26 4.655743e-26 
1.518000e+00 3.129477e-26 1.516754e-26 4.646231e-26 
1.520000e+00 3.108872e-26 1.494025e-26 4.602897e-26 
1.522000e+00 3.090621e-26 1.485017e-26 4.575639e-26 
1.524000e+00 3.073072e-26 1.475351e-26 4.548423e-26 
1.526000e+00 3.055627e-26 1.467503e-26 4.523130e-26 
1.528000e+00 3.037494e-26 1.459117e-26 4.496611e-26 
1.530000e+00 3.021883e-26 1.451832e-26 4.473715e-26 
1.532000e+00 3.006384e-26 1.443265e-26 4.449648e-26 
1.534000e+00 2.990430e-26 1.436018e-26 4.426448e-26 
1.536000e+00 2.974975e-26 1.427848e-26 4.402823e-26 
1.538000e+00 2.955855e-26 1.420308e-26 4.376163e-26 
1.540000e+00 2.942059e-26 1.412645e-26 4.354705e-26 
1.542000e+00 2.925369e-26 1.404486e-26 4.329855e-26 
1.544000e+00 2.909030e-26 1.395793e-26 4.304824e-26 
1.546000e+00 2.893271e-26 1.388747e-26 4.282018e-26 
1.548000e+00 2.878080e-26 1.380733e-26 4.258813e-26 
1.550000e+00 2.861810e-26 1.373065e-26 4.234875e-26 
1.552000e+00 2.848168e-26 1.366241e-26 4.214408e-26 
1.554000e+00 2.831236e-26 1.358427e-26 4.189664e-26 
1.556000e+00 2.816487e-26 1.351363e-26 4.167850e-26 
1.558000e+00 2.802294e-26 1.345297e-26 4.147591e-26 
1.560000e+00 2.786933e-26 1.337320e-26 4.124253e-26 
1.562000e+00 2.773073e-26 1.330837e-26 4.103910e-26 
1.564000e+00 2.756812e-26 1.323129e-26 4.079941e-26 
1.566000e+00 2.743336e-26 1.315764e-26 4.059100e-26 
1.568000e+00 2.727322e-26 1.309307e-26 4.036629e-26 
1.570000e+00 2.711817e-26 1.300878e-26 4.012695e-26 
1.572000e+00 2.696390e-26 1.293638e-26 3.990028e-26 
1.574000e+00 2.680498e-26 1.286443e-26 3.966942e-26 
1.576000e+00 2.664723e-26 1.278292e-26 3.943016e-26 
1.578000e+00 2.649679e-26 1.272034e-26 3.921713e-26 
1.580000e+00 2.634180e-26 1.264680e-26 3.898860e-26 
1.582000e+00 2.619254e-26 1.256378e-26 3.875633e-26 
1.584000e+00 2.605155e-26 1.250126e-26 3.855281e-26 
1.586000e+00 2.590154e-26 1.242395e-26 3.832549e-26 
1.588000e+00 2.576741e-26 1.236669e-26 3.813410e-26 
1.590000e+00 2.562581e-26 1.226727e-26 3.789308e-26 
1.592000e+00 2.564252e-26 1.223988e-26 3.788240e-26 
1.594000e+00 2.537689e-26 1.218225e-26 3.755914e-26 
1.596000e+00 2.537695e-26 1.212184e-26 3.749879e-26 
1.598000e+00 2.511615e-26 1.205788e-26 3.717404e-26 
1.600000e+00 2.499443e-26 1.198907e-26 3.698350e-26 
1.602000e+00 2.485913e-26 1.193361e-26 3.679274e-26 
1.604000e+00 2.468605e-26 1.185517e-26 3.654122e-26 
1.606000e+00 2.456296e-26 1.178928e-26 3.635224e-26 
1.608000e+00 2.444137e-26 1.180704e-26 3.624842e-26 
1.610000e+00 2.431369e-26 1.167354e-26 3.598723e-26 
1.612000e+00 2.417279e-26 1.160942e-26 3.578221e-26 
1.614000e+00 2.406986e-26 1.154959e-26 3.561945e-26 
1.616000e+00 2.391656e-26 1.148732e-26 3.540389e-26 
1.618000e+00 2.379043e-26 1.142721e-26 3.521764e-26 
1.620000e+00 2.368059e-26 1.137491e-26 3.505550e-26 
1.622000e+00 2.358430e-26 1.132439e-26 3.490869e-26 
1.624000e+00 2.337367e-26 1.126402e-26 3.463769e-26 
1.626000e+00 2.330957e-26 1.120237e-26 3.451194e-26 
1.628000e+00 2.318558e-26 1.114858e-26 3.433416e-26 
1.630000e+00 2.305698e-26 1.107758e-26 3.413456e-26 
1.632000e+00 2.291413e-26 1.102006e-26 3.393418e-26 
1.634000e+00 2.279814e-26 1.096251e-26 3.376065e-26 
1.636000e+00 2.265138e-26 1.090151e-26 3.355290e-26 
1.638000e+00 2.253423e-26 1.084129e-26 3.337552e-26 
1.640000e+00 2.241221e-26 1.078807e-26 3.320027e-26 
1.642000e+00 2.228773e-26 1.072877e-26 3.301650e-26 
1.644000e+00 2.218157e-26 1.066705e-26 3.284862e-26 
1.646000e+00 2.204318e-26 1.062209e-26 3.266526e-26 
1.648000e+00 2.193102e-26 1.056191e-26 3.249293e-26 
1.650000e+00 2.181476e-26 1.050425e-26 3.231901e-26 
1.652000e+00 2.173255e-26 1.045381e-26 3.218636e-26 
1.654000e+00 2.158822e-26 1.040800e-26 3.199623e-26 
1.656000e+00 2.151375e-26 1.035624e-26 3.186999e-26 
1.658000e+00 2.136832e-26 1.031033e-26 3.167865e-26 
1.660000e+00 2.126292e-26 1.025491e-26 3.151783e-26 
1.662000e+00 2.113242e-26 1.018857e-26 3.132098e-26 
1.664000e+00 2.102511e-26 1.013889e-26 3.116400e-26 
1.666000e+00 2.091205e-26 1.009226e-26 3.100431e-26 
1.668000e+00 2.080401e-26 1.004528e-26 3.084930e-26 
1.670000e+00 2.070335e-26 9.993793e-27 3.069714e-26 
1.672000e+00 2.058901e-26 9.943255e-27 3.053226e-26 
1.674000e+00 2.048069e-26 9.898079e-27 3.037877e-26 
1.676000e+00 2.038328e-26 9.849836e-27 3.023312e-26 
1.678000e+00 2.027560e-26 9.800433e-27 3.007603e-26 
1.680000e+00 2.017135e-26 9.754169e-27 2.992552e-26 
1.682000e+00 2.007789e-26 9.708461e-27 2.978635e-26 
1.684000e+00 1.997324e-26 9.663717e-27 2.963695e-26 
1.686000e+00 1.986674e-26 9.615982e-27 2.948272e-26 
1.688000e+00 1.976244e-26 9.563842e-27 2.932628e-26 
1.690000e+00 1.964161e-26 9.512633e-27 2.915424e-26 
1.692000e+00 1.954233e-26 9.460106e-27 2.900243e-26 
1.694000e+00 2.067036e-26 9.409970e-27 3.008033e-26 
1.696000e+00 1.932410e-26 9.355214e-27 2.867931e-26 
1.698000e+00 1.924099e-26 9.318663e-27 2.855965e-26 
1.700000e+00 1.911479e-26 9.247807e-27 2.836259e-26 
1.702000e+00 1.901164e-26 9.208575e-27 2.822022e-26 
1.704000e+00 1.889766e-26 9.159595e-27 2.805725e-26 
1.706000e+00 1.879955e-26 9.041217e-27 2.784076e-26 
1.708000e+00 1.883126e-26 9.065969e-27 2.789723e-26 
1.710000e+00 1.955122e-26 9.484665e-27 2.903589e-26 
1.712000e+00 1.936648e-26 9.415173e-27 2.878166e-26 
1.714000e+00 1.927928e-26 9.356414e-27 2.863570e-26 
1.716000e+00 1.920455e-26 9.327269e-27 2.853182e-26 
1.718000e+00 1.912341e-26 9.288428e-27 2.841184e-26 
1.720000e+00 1.904011e-26 9.254459e-27 2.829457e-26 
1.722000e+00 1.893819e-26 9.210834e-27 2.814903e-26 
1.724000e+00 1.886168e-26 9.168070e-27 2.802975e-26 
1.726000e+00 1.877560e-26 9.134445e-27 2.791004e-26 
1.728000e+00 1.867963e-26 9.086269e-27 2.776590e-26 
1.730000e+00 1.858581e-26 9.049976e-27 2.763579e-26 
1.732000e+00 1.849662e-26 9.002674e-27 2.749930e-26 
1.734000e+00 1.840733e-26 8.957593e-27 2.736492e-26 
1.736000e+00 1.830885e-26 8.913499e-27 2.722234e-26 
1.738000e+00 1.821608e-26 8.871738e-27 2.708781e-26 
1.740000e+00 1.810764e-26 8.827718e-27 2.693536e-26 
1.742000e+00 1.800315e-26 8.784722e-27 2.678787e-26 
1.744000e+00 1.791164e-26 8.746891e-27 2.665853e-26 
1.746000e+00 1.783275e-26 8.708626e-27 2.654137e-26 
1.748000e+00 1.775404e-26 8.673007e-27 2.642705e-26 
1.750000e+00 1.767147e-26 8.638750e-27 2.631022e-26 
1.752000e+00 1.758665e-26 8.614002e-27 2.620065e-26 
1.754000e+00 1.751334e-26 8.572675e-27 2.608602e-26 
1.756000e+00 1.742821e-26 8.536177e-27 2.596439e-26 
1.758000e+00 1.733831e-26 8.499519e-27 2.583783e-26 
1.760000e+00 1.726576e-26 8.475980e-27 2.574174e-26 
1.762000e+00 1.718647e-26 8.436178e-27 2.562264e-26 
1.764000e+00 1.710453e-26 8.394693e-27 2.549923e-26 
1.766000e+00 1.702860e-26 8.363798e-27 2.539239e-26 
1.768000e+00 1.693703e-26 8.327098e-27 2.526412e-26 
1.770000e+00 1.685863e-26 8.328173e-27 2.518680e-26 
1.772000e+00 1.677004e-26 8.254793e-27 2.502483e-26 
1.774000e+00 1.667990e-26 8.215536e-27 2.489544e-26 
1.776000e+00 1.658782e-26 8.180032e-27 2.476785e-26 
1.778000e+00 1.651385e-26 8.148366e-27 2.466222e-26 
1.780000e+00 1.644102e-26 8.153826e-27 2.459485e-26 
1.782000e+00 1.636713e-26 8.089635e-27 2.445676e-26 
1.784000e+00 1.628303e-26 8.063572e-27 2.434660e-26 
1.786000e+00 1.621487e-26 8.033795e-27 2.424867e-26 
1.788000e+00 1.611672e-26 7.995386e-27 2.411211e-26 
1.790000e+00 1.603561e-26 7.967120e-27 2.400273e-26 
1.792000e+00 1.595382e-26 7.934283e-27 2.388810e-26 
1.794000e+00 1.585375e-26 7.896403e-27 2.375015e-26 
1.796000e+00 1.577184e-26 7.860530e-27 2.363237e-26 
1.798000e+00 1.568910e-26 7.826230e-27 2.351533e-26 
1.800000e+00 1.558961e-26 7.789093e-27 2.337871e-26 
1.802000e+00 1.549089e-26 7.756552e-27 2.324744e-26 
1.804000e+00 1.539142e-26 7.711429e-27 2.310285e-26 
1.806000e+00 1.529164e-26 7.677606e-27 2.296924e-26 
1.808000e+00 1.518377e-26 7.643748e-27 2.282752e-26 
1.810000e+00 1.513012e-26 7.603535e-27 2.273366e-26 
1.812000e+00 1.499422e-26 7.591548e-27 2.258576e-26 
1.814000e+00 1.492416e-26 7.535586e-27 2.245975e-26 
1.816000e+00 1.479384e-26 7.509660e-27 2.230350e-26 
1.818000e+00 1.469669e-26 7.485344e-27 2.218204e-26 
1.820000e+00 1.459262e-26 7.449039e-27 2.204165e-26 
1.822000e+00 1.447596e-26 7.421257e-27 2.189721e-26 
1.824000e+00 1.435523e-26 7.390129e-27 2.174536e-26 
1.826000e+00 1.422291e-26 7.373243e-27 2.159615e-26 
1.828000e+00 1.363181e-26 7.332894e-27 2.096471e-26 
1.830000e+00 1.398480e-26 7.307666e-27 2.129247e-26 
1.832000e+00 1.343040e-26 7.281113e-27 2.071151e-26 
1.834000e+00 1.379671e-26 7.256771e-27 2.105348e-26 
1.836000e+00 1.369683e-26 7.230422e-27 2.092725e-26 
1.838000e+00 1.360458e-26 7.196399e-27 2.080098e-26 
1.840000e+00 1.355320e-26 7.161433e-27 2.071463e-26 
1.842000e+00 1.349533e-26 7.121040e-27 2.061637e-26 
1.844000e+00 1.345616e-26 7.089830e-27 2.054599e-26 
1.846000e+00 1.342046e-26 6.977777e-27 2.039824e-26 
1.848000e+00 1.345956e-26 7.041003e-27 2.050056e-26 
1.850000e+00 1.349364e-26 7.011389e-27 2.050502e-26 
1.852000e+00 1.353130e-26 6.985230e-27 2.051653e-26 
1.854000e+00 1.355568e-26 6.964515e-27 2.052019e-26 
1.856000e+00 1.358131e-26 6.928100e-27 2.050941e-26 
1.858000e+00 1.360565e-26 6.904200e-27 2.050985e-26 
1.860000e+00 1.363129e-26 6.880355e-27 2.051165e-26 
1.862000e+00 1.364728e-26 6.850187e-27 2.049746e-26 
1.864000e+00 1.365190e-26 6.818421e-27 2.047032e-26 
1.866000e+00 1.360438e-26 6.784669e-27 2.038905e-26 
1.868000e+00 1.357790e-26 6.750376e-27 2.032828e-26 
1.870000e+00 1.355076e-26 6.722307e-27 2.027307e-26 
1.872000e+00 1.351877e-26 6.689041e-27 2.020781e-26 
1.874000e+00 1.347077e-26 6.660275e-27 2.013105e-26 
1.876000e+00 1.343538e-26 6.629380e-27 2.006476e-26 
1.878000e+00 1.340756e-26 6.598936e-27 2.000649e-26 
1.880000e+00 1.336083e-26 6.570876e-27 1.993171e-26 
1.882000e+00 1.333778e-26 6.551341e-27 1.988912e-26 
1.884000e+00 1.330846e-26 6.521384e-27 1.982985e-26 
1.886000e+00 1.327240e-26 6.495807e-27 1.976820e-26 
1.888000e+00 1.323337e-26 6.468437e-27 1.970181e-26 
1.890000e+00 1.319767e-26 6.442996e-27 1.964067e-26 
1.892000e+00 1.316822e-26 6.419922e-27 1.958814e-26 
1.894000e+00 1.313139e-26 6.409321e-27 1.954071e-26 
1.896000e+00 1.309464e-26 6.367231e-27 1.946187e-26 
1.898000e+00 1.307007e-26 6.345981e-27 1.941605e-26 
1.900000e+00 1.302380e-26 6.320923e-27 1.934472e-26 
1.902000e+00 1.298244e-26 6.290876e-27 1.927332e-26 
1.904000e+00 1.294457e-26 6.274066e-27 1.921863e-26 
1.906000e+00 1.290569e-26 6.248314e-27 1.915400e-26 
1.908000e+00 1.285587e-26 6.216505e-27 1.907237e-26 
1.910000e+00 1.281589e-26 6.188504e-27 1.900439e-26 
1.912000e+00 1.277592e-26 6.168124e-27 1.894404e-26 
1.914000e+00 1.271339e-26 6.134577e-27 1.884796e-26 
1.916000e+00 1.269160e-26 6.112274e-27 1.880388e-26 
1.918000e+00 1.266278e-26 6.087803e-27 1.875058e-26 
1.920000e+00 1.261688e-26 6.073115e-27 1.868999e-26 
1.922000e+00 1.261574e-26 6.050520e-27 1.866626e-26 
1.924000e+00 1.256863e-26 6.023242e-27 1.859187e-26 
1.926000e+00 1.250616e-26 6.007331e-27 1.851349e-26 
1.928000e+00 1.246005e-26 5.976993e-27 1.843704e-26 
1.930000e+00 1.241934e-26 5.953459e-27 1.837280e-26 
1.932000e+00 1.237471e-26 5.928888e-27 1.830360e-26 
1.934000e+00 1.233522e-26 5.907317e-27 1.824254e-26 
1.936000e+00 1.228667e-26 5.878390e-27 1.816506e-26 
1.938000e+00 1.225670e-26 5.859941e-27 1.811664e-26 
1.940000e+00 1.219424e-26 5.826370e-27 1.802061e-26 
1.942000e+00 1.214947e-26 5.797402e-27 1.794687e-26 
1.944000e+00 1.209142e-26 5.773107e-27 1.786453e-26 
1.946000e+00 1.204384e-26 5.742051e-27 1.778589e-26 
1.948000e+00 1.198458e-26 5.708439e-27 1.769302e-26 
1.950000e+00 1.194374e-26 5.686528e-27 1.763027e-26 
1.952000e+00 1.188781e-26 5.657565e-27 1.754538e-26 
1.954000e+00 1.184700e-26 5.637615e-27 1.748462e-26 
1.956000e+00 1.178472e-26 5.618684e-27 1.740341e-26 
1.958000e+00 1.177513e-26 5.596411e-27 1.737154e-26 
1.960000e+00 1.173406e-26 5.576390e-27 1.731045e-26 
1.962000e+00 1.169937e-26 5.553626e-27 1.725299e-26 
1.964000e+00 1.166611e-26 5.539160e-27 1.720527e-26 
1.966000e+00 1.162857e-26 5.517353e-27 1.714592e-26 
1.968000e+00 1.159565e-26 5.496352e-27 1.709200e-26 
1.970000e+00 1.155841e-26 5.478144e-27 1.703655e-26 
1.972000e+00 1.150624e-26 5.449231e-27 1.695547e-26 
1.974000e+00 1.146375e-26 5.428430e-27 1.689218e-26 
1.976000e+00 1.142082e-26 5.409543e-27 1.683036e-26 
1.978000e+00 1.138698e-26 5.384024e-27 1.677100e-26 
1.980000e+00 1.133426e-26 5.380126e-27 1.671438e-26 
1.982000e+00 1.129079e-26 5.336497e-27 1.662728e-26 
1.984000e+00 1.124273e-26 5.312495e-27 1.655523e-26 
1.986000e+00 1.121577e-26 5.293545e-27 1.650931e-26 
1.988000e+00 1.115966e-26 5.270816e-27 1.643048e-26 
1.990000e+00 1.113038e-26 5.250147e-27 1.638053e-26 
1.992000e+00 1.110577e-26 5.237152e-27 1.634292e-26 
1.994000e+00 1.108621e-26 5.226893e-27 1.631310e-26 
1.996000e+00 1.102241e-26 5.193335e-27 1.621575e-26 
1.998000e+00 1.098839e-26 5.172488e-27 1.616088e-26 
2.000000e+00 1.094808e-26 5.157576e-27 1.610565e-26 
2.002000e+00 1.091080e-26 5.136790e-27 1.604759e-26 
2.004000e+00 1.086771e-26 5.114356e-27 1.598207e-26 
2.006000e+00 1.082915e-26 5.097935e-27 1.592708e-26 
2.008000e+00 1.078476e-26 5.074517e-27 1.585928e-26 
2.010000e+00 1.074517e-26 5.053846e-27 1.579902e-26 
2.012000e+00 1.069994e-26 5.035554e-27 1.573549e-26 
2.014000e+00 1.065048e-26 5.007000e-27 1.565748e-26 
2.016000e+00 1.060462e-26 4.989031e-27 1.559365e-26 
2.018000e+00 1.048731e-26 4.932749e-27 1.542006e-26 
2.020000e+00 1.050110e-26 4.936012e-27 1.543711e-26 
2.022000e+00 1.045719e-26 4.916810e-27 1.537400e-26 
2.024000e+00 1.041103e-26 4.894070e-27 1.530510e-26 
2.026000e+00 1.037358e-26 4.874004e-27 1.524758e-26 
2.028000e+00 1.033193e-26 4.853471e-27 1.518540e-26 
2.030000e+00 1.028875e-26 4.830292e-27 1.511904e-26 
2.032000e+00 1.026098e-26 4.817121e-27 1.507810e-26 
2.034000e+00 1.022632e-26 4.799593e-27 1.502591e-26 
2.036000e+00 1.019369e-26 4.773938e-27 1.496763e-26 
2.038000e+00 1.015303e-26 4.754663e-27 1.490769e-26 
2.040000e+00 1.012666e-26 4.739639e-27 1.486630e-26 
2.042000e+00 1.010608e-26 4.728644e-27 1.483473e-26 
2.044000e+00 1.005779e-26 4.709682e-27 1.476747e-26 
2.046000e+00 1.002628e-26 4.690888e-27 1.471717e-26 
2.048000e+00 9.984325e-27 4.669162e-27 1.465349e-26 
2.050000e+00 9.948098e-27 4.669030e-27 1.461713e-26 
2.052000e+00 9.916857e-27 4.639708e-27 1.455657e-26 
2.054000e+00 9.868732e-27 4.614511e-27 1.448324e-26 
2.056000e+00 9.831011e-27 4.597028e-27 1.442804e-26 
2.058000e+00 9.777524e-27 4.575986e-27 1.435351e-26 
2.060000e+00 9.743214e-27 4.554299e-27 1.429751e-26 
2.062000e+00 9.698731e-27 4.533775e-27 1.423251e-26 
2.064000e+00 9.673563e-27 4.519734e-27 1.419330e-26 
2.066000e+00 9.636645e-27 4.500063e-27 1.413671e-26 
2.068000e+00 9.605432e-27 4.483209e-27 1.408864e-26 
2.070000e+00 9.576362e-27 4.472124e-27 1.404849e-26 
2.072000e+00 9.548809e-27 4.456487e-27 1.400530e-26 
2.074000e+00 9.522124e-27 4.443038e-27 1.396516e-26 
2.076000e+00 9.479162e-27 4.419325e-27 1.389849e-26 
2.078000e+00 9.443626e-27 4.403330e-27 1.384696e-26 
2.080000e+00 9.419316e-27 4.389818e-27 1.380913e-26 
2.082000e+00 9.375829e-27 4.370034e-27 1.374586e-26 
2.084000e+00 9.335461e-27 4.350230e-27 1.368569e-26 
2.086000e+00 9.299711e-27 4.330213e-27 1.362992e-26 
2.088000e+00 9.259424e-27 4.315799e-27 1.357522e-26 
2.090000e+00 9.218354e-27 4.295741e-27 1.351410e-26 
2.092000e+00 9.173684e-27 4.273437e-27 1.344712e-26 
2.094000e+00 9.132394e-27 4.267988e-27 1.340038e-26 
2.096000e+00 9.091534e-27 4.233396e-27 1.332493e-26 
2.098000e+00 9.054523e-27 4.215460e-27 1.326998e-26 
2.100000e+00 9.006578e-27 4.192644e-27 1.319922e-26 
2.102000e+00 8.999639e-27 4.188101e-27 1.318774e-26 
2.104000e+00 8.927594e-27 4.154485e-27 1.308208e-26 
2.106000e+00 8.891772e-27 4.139770e-27 1.303154e-26 
2.108000e+00 8.870711e-27 4.129495e-27 1.300021e-26 
2.110000e+00 8.836878e-27 4.114093e-27 1.295097e-26 
2.112000e+00 8.807159e-27 4.096588e-27 1.290375e-26 
2.114000e+00 8.770556e-27 4.082970e-27 1.285353e-26 
2.116000e+00 8.740468e-27 4.064953e-27 1.280542e-26 
2.118000e+00 8.708283e-27 4.054477e-27 1.276276e-26 
2.120000e+00 8.686121e-27 4.046247e-27 1.273237e-26 
2.122000e+00 8.655870e-27 4.058039e-27 1.271391e-26 
2.124000e+00 8.625230e-27 4.010132e-27 1.263536e-26 
2.126000e+00 8.590648e-27 3.996811e-27 1.258746e-26 
2.128000e+00 8.563161e-27 3.980141e-27 1.254330e-26 
2.130000e+00 8.520769e-27 3.963718e-27 1.248449e-26 
2.132000e+00 8.487542e-27 3.944422e-27 1.243196e-26 
2.134000e+00 8.442434e-27 3.923624e-27 1.236606e-26 
2.136000e+00 8.413218e-27 3.905798e-27 1.231902e-26 
2.138000e+00 8.450187e-27 3.924398e-27 1.237459e-26 
2.140000e+00 8.346805e-27 3.876815e-27 1.222362e-26 
2.142000e+00 8.320028e-27 3.865056e-27 1.218508e-26 
2.144000e+00 8.289622e-27 3.853029e-27 1.214265e-26 
2.146000e+00 8.269859e-27 3.840691e-27 1.211055e-26 
2.148000e+00 8.234767e-27 3.823024e-27 1.205779e-26 
2.150000e+00 8.212037e-27 3.812662e-27 1.202470e-26 
2.152000e+00 8.187267e-27 3.804177e-27 1.199144e-26 
2.154000e+00 8.121709e-27 3.770054e-27 1.189176e-26 
2.156000e+00 8.103973e-27 3.760985e-27 1.186496e-26 
2.158000e+00 8.088220e-27 3.758677e-27 1.184690e-26 
2.160000e+00 8.069239e-27 3.744090e-27 1.181333e-26 
2.162000e+00 8.045565e-27 3.735028e-27 1.178059e-26 
2.164000e+00 8.026135e-27 3.725580e-27 1.175171e-26 
2.166000e+00 8.004893e-27 3.715193e-27 1.172009e-26 
2.168000e+00 7.964641e-27 3.696561e-27 1.166120e-26 
2.170000e+00 7.957974e-27 3.690922e-27 1.164890e-26 
2.172000e+00 7.898754e-27 3.663201e-27 1.156196e-26 
2.174000e+00 7.866582e-27 3.644210e-27 1.151079e-26 
2.176000e+00 7.826168e-27 3.625959e-27 1.145213e-26 
2.178000e+00 7.771673e-27 3.606099e-27 1.137777e-26 
2.180000e+00 7.734365e-27 3.590271e-27 1.132464e-26 
2.182000e+00 7.693457e-27 3.566853e-27 1.126031e-26 
2.184000e+00 7.659327e-27 3.549151e-27 1.120848e-26 
2.186000e+00 7.633336e-27 3.534426e-27 1.116776e-26 
2.188000e+00 7.604453e-27 3.523211e-27 1.112766e-26 
2.190000e+00 7.589285e-27 3.509321e-27 1.109861e-26 
2.192000e+00 7.549540e-27 3.495943e-27 1.104548e-26 
2.194000e+00 7.525423e-27 3.488460e-27 1.101388e-26 
2.196000e+00 7.507851e-27 3.478096e-27 1.098595e-26 
2.198000e+00 7.486520e-27 3.467562e-27 1.095408e-26 
2.200000e+00 7.466223e-27 3.458633e-27 1.092486e-26 
2.202000e+00 7.442556e-27 3.450315e-27 1.089287e-26 
2.204000e+00 7.417032e-27 3.437782e-27 1.085481e-26 
2.206000e+00 7.447177e-27 3.453665e-27 1.090084e-26 
2.208000e+00 7.366609e-27 3.413855e-27 1.078046e-26 
2.210000e+00 7.395788e-27 3.403288e-27 1.079908e-26 
2.212000e+00 7.311651e-27 3.383918e-27 1.069557e-26 
2.214000e+00 7.281579e-27 3.371583e-27 1.065316e-26 
2.216000e+00 7.255865e-27 3.358589e-27 1.061445e-26 
2.218000e+00 7.223046e-27 3.345553e-27 1.056860e-26 
2.220000e+00 7.181443e-27 3.326967e-27 1.050841e-26 
2.222000e+00 7.143494e-27 3.307612e-27 1.045111e-26 
2.224000e+00 7.115714e-27 3.294909e-27 1.041062e-26 
2.226000e+00 7.087813e-27 3.281646e-27 1.036946e-26 
2.228000e+00 7.064780e-27 3.268528e-27 1.033331e-26 
2.230000e+00 7.046585e-27 3.257090e-27 1.030367e-26 
2.232000e+00 7.024070e-27 3.247272e-27 1.027134e-26 
2.234000e+00 7.004689e-27 3.240526e-27 1.024522e-26 
2.236000e+00 6.993380e-27 3.230740e-27 1.022412e-26 
2.238000e+00 6.976679e-27 3.235594e-27 1.021227e-26 
2.240000e+00 6.960949e-27 3.219047e-27 1.018000e-26 
2.242000e+00 6.942357e-27 3.207875e-27 1.015023e-26 
2.244000e+00 6.919310e-27 3.196635e-27 1.011594e-26 
2.246000e+00 6.902993e-27 3.188584e-27 1.009158e-26 
2.248000e+00 6.880708e-27 3.179902e-27 1.006061e-26 
2.250000e+00 6.850415e-27 3.165899e-27 1.001631e-26 
2.252000e+00 6.823144e-27 3.155183e-27 9.978327e-27 
2.254000e+00 6.793356e-27 3.142468e-27 9.935824e-27 
2.256000e+00 6.752457e-27 3.125171e-27 9.877627e-27 
2.258000e+00 6.722583e-27 3.111726e-27 9.834309e-27 
2.260000e+00 6.678626e-27 3.089123e-27 9.767749e-27 
2.262000e+00 6.651458e-27 3.074248e-27 9.725705e-27 
2.264000e+00 6.618124e-27 3.055701e-27 9.673825e-27 
2.266000e+00 6.576324e-27 3.039536e-27 9.615860e-27 
2.268000e+00 6.547138e-27 3.028320e-27 9.575458e-27 
2.270000e+00 6.515637e-27 3.012117e-27 9.527754e-27 
2.272000e+00 6.495926e-27 3.003339e-27 9.499265e-27 
2.274000e+00 6.521678e-27 2.990867e-27 9.512545e-27 
2.276000e+00 6.440889e-27 2.992874e-27 9.433763e-27 
2.278000e+00 6.452908e-27 2.985367e-27 9.438275e-27 
2.280000e+00 6.411756e-27 2.965294e-27 9.377051e-27 
2.282000e+00 6.397348e-27 2.956318e-27 9.353666e-27 
2.284000e+00 6.374876e-27 2.945816e-27 9.320692e-27 
2.286000e+00 6.362369e-27 2.937100e-27 9.299469e-27 
2.288000e+00 6.338809e-27 2.925805e-27 9.264614e-27 
2.290000e+00 6.321532e-27 2.916929e-27 9.238461e-27 
2.292000e+00 6.294057e-27 2.902003e-27 9.196061e-27 
2.294000e+00 6.280760e-27 2.901237e-27 9.181997e-27 
2.296000e+00 6.252292e-27 2.884581e-27 9.136873e-27 
2.298000e+00 6.224114e-27 2.871633e-27 9.095747e-27 
2.300000e+00 6.194631e-27 2.858574e-27 9.053206e-27 
2.302000e+00 6.159398e-27 2.843903e-27 9.003301e-27 
2.304000e+00 6.133998e-27 2.831474e-27 8.965472e-27 
2.306000e+00 6.095002e-27 2.811368e-27 8.906370e-27 
2.308000e+00 6.077993e-27 2.805715e-27 8.883708e-27 
2.310000e+00 6.052992e-27 2.793185e-27 8.846178e-27 
2.312000e+00 6.034356e-27 2.785198e-27 8.819554e-27 
2.314000e+00 6.020646e-27 2.777657e-27 8.798303e-27 
2.316000e+00 5.999464e-27 2.769475e-27 8.768939e-27 
2.318000e+00 5.984417e-27 2.759719e-27 8.744136e-27 
2.320000e+00 5.963922e-27 2.751300e-27 8.715222e-27 
2.322000e+00 5.948568e-27 2.743310e-27 8.691878e-27 
2.324000e+00 5.939471e-27 2.740310e-27 8.679781e-27 
2.326000e+00 5.918458e-27 2.728077e-27 8.646535e-27 
2.328000e+00 5.900996e-27 2.723158e-27 8.624154e-27 
2.330000e+00 5.888266e-27 2.716846e-27 8.605112e-27 
2.332000e+00 5.865403e-27 2.704975e-27 8.570377e-27 
2.334000e+00 5.848300e-27 2.701475e-27 8.549774e-27 
2.336000e+00 5.830247e-27 2.691333e-27 8.521581e-27 
2.338000e+00 5.801594e-27 2.678389e-27 8.479983e-27 
2.340000e+00 5.776275e-27 2.664457e-27 8.440732e-27 
2.342000e+00 5.740135e-27 2.644627e-27 8.384761e-27 
2.344000e+00 5.709869e-27 2.632037e-27 8.341906e-27 
2.346000e+00 5.680151e-27 2.617608e-27 8.297758e-27 
2.348000e+00 5.650495e-27 2.604266e-27 8.254760e-27 
2.350000e+00 5.622886e-27 2.596649e-27 8.219536e-27 
2.352000e+00 5.587347e-27 2.576010e-27 8.163357e-27 
2.354000e+00 5.573876e-27 2.569398e-27 8.143274e-27 
2.356000e+00 5.554242e-27 2.555540e-27 8.109782e-27 
2.358000e+00 5.523262e-27 2.547977e-27 8.071240e-27 
2.360000e+00 5.501192e-27 2.539891e-27 8.041084e-27 
2.362000e+00 5.475312e-27 2.524732e-27 8.000044e-27 
2.364000e+00 5.456959e-27 2.514750e-27 7.971709e-27 
2.366000e+00 5.445652e-27 2.512890e-27 7.958542e-27 
2.368000e+00 5.431377e-27 2.506666e-27 7.938042e-27 
2.370000e+00 5.422828e-27 2.503099e-27 7.925928e-27 
2.372000e+00 5.398797e-27 2.489493e-27 7.888291e-27 
2.374000e+00 5.385045e-27 2.479922e-27 7.864968e-27 
2.376000e+00 5.364043e-27 2.474393e-27 7.838436e-27 
2.378000e+00 5.357671e-27 2.468887e-27 7.826559e-27 
2.380000e+00 5.327785e-27 2.457342e-27 7.785128e-27 
2.382000e+00 5.310563e-27 2.452080e-27 7.762643e-27 
2.384000e+00 5.297431e-27 2.442467e-27 7.739898e-27 
2.386000e+00 5.260997e-27 2.429424e-27 7.690421e-27 
2.388000e+00 5.242589e-27 2.415249e-27 7.657838e-27 
2.390000e+00 5.212473e-27 2.407361e-27 7.619834e-27 
2.392000e+00 5.181819e-27 2.389960e-27 7.571779e-27 
2.394000e+00 5.171088e-27 2.384187e-27 7.555275e-27 
2.396000e+00 5.137852e-27 2.370600e-27 7.508452e-27 
2.398000e+00 5.116017e-27 2.360748e-27 7.476765e-27 
2.400000e+00 5.107310e-27 2.358378e-27 7.465688e-27 
2.402000e+00 5.085197e-27 2.343935e-27 7.429132e-27 
2.404000e+00 5.076428e-27 2.340518e-27 7.416945e-27 
2.406000e+00 5.054136e-27 2.330778e-27 7.384914e-27 
2.408000e+00 5.046149e-27 2.327652e-27 7.373801e-27 
2.410000e+00 5.032754e-27 2.322007e-27 7.354760e-27 
2.412000e+00 5.112529e-27 2.356846e-27 7.469375e-27 
2.414000e+00 5.004433e-27 2.308656e-27 7.313089e-27 
2.416000e+00 4.990904e-27 2.305579e-27 7.296484e-27 
2.418000e+00 4.981721e-27 2.300078e-27 7.281799e-27 
2.420000e+00 4.963415e-27 2.290274e-27 7.253689e-27 
2.422000e+00 4.954897e-27 2.284203e-27 7.239100e-27 
2.424000e+00 4.943028e-27 2.279611e-27 7.222639e-27 
2.426000e+00 4.914993e-27 2.265899e-27 7.180891e-27 
2.428000e+00 4.892894e-27 2.258098e-27 7.150992e-27 
2.430000e+00 4.869276e-27 2.247835e-27 7.117110e-27 
2.432000e+00 4.844545e-27 2.236829e-27 7.081374e-27 
2.434000e+00 4.821483e-27 2.222822e-27 7.044305e-27 
2.436000e+00 4.793617e-27 2.213132e-27 7.006749e-27 
2.438000e+00 4.773528e-27 2.203206e-27 6.976734e-27 
2.440000e+00 4.741073e-27 2.186287e-27 6.927360e-27 
2.442000e+00 4.716232e-27 2.174034e-27 6.890266e-27 
2.444000e+00 4.699016e-27 2.167565e-27 6.866581e-27 
2.446000e+00 4.679206e-27 2.155522e-27 6.834728e-27 
2.448000e+00 4.647813e-27 2.144636e-27 6.792449e-27 
2.450000e+00 4.631728e-27 2.138591e-27 6.770319e-27 
2.452000e+00 4.615224e-27 2.129011e-27 6.744235e-27 
2.454000e+00 4.602896e-27 2.123094e-27 6.725990e-27 
2.456000e+00 4.596775e-27 2.121753e-27 6.718528e-27 
2.458000e+00 4.580746e-27 2.110174e-27 6.690920e-27 
2.460000e+00 4.566002e-27 2.103991e-27 6.669993e-27 
2.462000e+00 4.558000e-27 2.101016e-27 6.659016e-27 
2.464000e+00 4.547426e-27 2.098848e-27 6.646274e-27 
2.466000e+00 4.531029e-27 2.086932e-27 6.617961e-27 
2.468000e+00 4.517171e-27 2.082951e-27 6.600121e-27 
2.470000e+00 4.496901e-27 2.074945e-27 6.571845e-27 
2.472000e+00 4.480373e-27 2.065396e-27 6.545769e-27 
2.474000e+00 4.463588e-27 2.061924e-27 6.525512e-27 
2.476000e+00 4.447268e-27 2.051785e-27 6.499052e-27 
2.478000e+00 4.423194e-27 2.041553e-27 6.464747e-27 
2.480000e+00 4.399806e-27 2.032224e-27 6.432030e-27 
2.482000e+00 4.377137e-27 2.022130e-27 6.399267e-27 
2.484000e+00 4.357628e-27 2.012469e-27 6.370097e-27 
2.486000e+00 4.342769e-27 2.002214e-27 6.344983e-27 
2.488000e+00 4.323358e-27 1.992806e-27 6.316165e-27 
2.490000e+00 4.312038e-27 1.987084e-27 6.299122e-27 
2.492000e+00 4.294065e-27 1.980297e-27 6.274362e-27 
2.494000e+00 4.279100e-27 1.974978e-27 6.254078e-27 
2.496000e+00 4.264360e-27 1.965968e-27 6.230328e-27 
2.498000e+00 4.220885e-27 1.946030e-27 6.166915e-27 
2.500000e+00 4.197638e-27 1.937706e-27 6.135344e-27 
2.502000e+00 4.234124e-27 1.955961e-27 6.190085e-27 
2.504000e+00 4.219985e-27 1.948201e-27 6.168186e-27 
2.506000e+00 4.210400e-27 1.943005e-27 6.153404e-27 
2.508000e+00 4.209050e-27 1.941140e-27 6.150190e-27 
2.510000e+00 4.197911e-27 1.935608e-27 6.133520e-27 
2.512000e+00 4.188112e-27 1.932158e-27 6.120270e-27 
2.514000e+00 4.168361e-27 1.922561e-27 6.090922e-27 
2.516000e+00 4.156110e-27 1.917913e-27 6.074023e-27 
2.518000e+00 4.146683e-27 1.917086e-27 6.063769e-27 
2.520000e+00 4.119783e-27 1.902078e-27 6.021861e-27 
2.522000e+00 4.102590e-27 1.895113e-27 5.997704e-27 
2.524000e+00 4.086339e-27 1.883207e-27 5.969546e-27 
2.526000e+00 4.030406e-27 1.857933e-27 5.888339e-27 
2.528000e+00 4.040855e-27 1.863462e-27 5.904317e-27 
2.530000e+00 4.013232e-27 1.851527e-27 5.864759e-27 
2.532000e+00 3.997275e-27 1.843522e-27 5.840797e-27 
2.534000e+00 3.974443e-27 1.832595e-27 5.807038e-27 
2.536000e+00 3.957089e-27 1.827825e-27 5.784914e-27 
2.538000e+00 3.937491e-27 1.819163e-27 5.756654e-27 
2.540000e+00 3.874794e-27 1.788849e-27 5.663644e-27 
2.542000e+00 3.855054e-27 1.778785e-27 5.633838e-27 
2.544000e+00 3.843520e-27 1.773464e-27 5.616984e-27 
2.546000e+00 3.832198e-27 1.767925e-27 5.600122e-27 
2.548000e+00 3.815522e-27 1.761978e-27 5.577500e-27 
2.550000e+00 3.807937e-27 1.756538e-27 5.564475e-27 
2.552000e+00 3.799218e-27 1.753499e-27 5.552717e-27 
2.554000e+00 3.787030e-27 1.747948e-27 5.534979e-27 
2.556000e+00 3.779769e-27 1.743631e-27 5.523399e-27 
2.558000e+00 3.765904e-27 1.738681e-27 5.504584e-27 
2.560000e+00 3.749938e-27 1.731173e-27 5.481111e-27 
2.562000e+00 3.740223e-27 1.725319e-27 5.465542e-27 
2.564000e+00 3.729859e-27 1.718535e-27 5.448394e-27 
2.566000e+00 3.716710e-27 1.714659e-27 5.431369e-27 
2.568000e+00 3.698091e-27 1.705238e-27 5.403329e-27 
2.570000e+00 3.686216e-27 1.698517e-27 5.384733e-27 
2.572000e+00 3.673436e-27 1.692512e-27 5.365949e-27 
2.574000e+00 3.657818e-27 1.689740e-27 5.347559e-27 
2.576000e+00 3.637676e-27 1.678863e-27 5.316539e-27 
2.578000e+00 3.621196e-27 1.674918e-27 5.296114e-27 
2.580000e+00 3.609653e-27 1.665967e-27 5.275619e-27 
2.582000e+00 3.596434e-27 1.661806e-27 5.258240e-27 
2.584000e+00 3.584358e-27 1.655958e-27 5.240317e-27 
2.586000e+00 3.577431e-27 1.652398e-27 5.229828e-27 
2.588000e+00 3.565379e-27 1.646514e-27 5.211893e-27 
2.590000e+00 3.550389e-27 1.641357e-27 5.191745e-27 
2.592000e+00 3.544154e-27 1.636755e-27 5.180909e-27 
2.594000e+00 3.531439e-27 1.630258e-27 5.161696e-27 
2.596000e+00 3.524331e-27 1.627114e-27 5.151445e-27 
2.598000e+00 3.514865e-27 1.624567e-27 5.139432e-27 
2.600000e+00 3.497358e-27 1.618258e-27 5.115617e-27 
2.602000e+00 3.494660e-27 1.614437e-27 5.109097e-27 
2.604000e+00 3.478737e-27 1.607461e-27 5.086198e-27 
2.606000e+00 3.459169e-27 1.599282e-27 5.058451e-27 
2.608000e+00 3.452503e-27 1.595073e-27 5.047577e-27 
2.610000e+00 3.441628e-27 1.589081e-27 5.030710e-27 
2.612000e+00 3.434160e-27 1.583553e-27 5.017713e-27 
2.614000e+00 3.493587e-27 1.613876e-27 5.107463e-27 
2.616000e+00 3.394922e-27 1.604500e-27 4.999422e-27 
2.618000e+00 3.464318e-27 1.600299e-27 5.064616e-27 
2.620000e+00 3.368907e-27 1.557163e-27 4.926070e-27 
2.622000e+00 3.427733e-27 1.583293e-27 5.011026e-27 
2.624000e+00 3.404748e-27 1.574468e-27 4.979216e-27 
2.626000e+00 3.314614e-27 1.563113e-27 4.877727e-27 
2.628000e+00 3.310184e-27 1.529555e-27 4.839739e-27 
2.630000e+00 3.288643e-27 1.520030e-27 4.808673e-27 
2.632000e+00 3.278454e-27 1.512571e-27 4.791024e-27 
2.634000e+00 3.271691e-27 1.511911e-27 4.783602e-27 
2.636000e+00 3.259167e-27 1.509358e-27 4.768525e-27 
2.638000e+00 3.246806e-27 1.500696e-27 4.747502e-27 
2.640000e+00 3.233502e-27 1.494006e-27 4.727509e-27 
2.642000e+00 3.221390e-27 1.489240e-27 4.710630e-27 
2.644000e+00 3.216704e-27 1.487556e-27 4.704260e-27 
2.646000e+00 3.205218e-27 1.721869e-27 4.927087e-27 
2.648000e+00 3.196486e-27 1.477043e-27 4.673529e-27 
2.650000e+00 3.192534e-27 1.474324e-27 4.666858e-27 
2.652000e+00 3.179423e-27 1.468333e-27 4.647756e-27 
2.654000e+00 3.173683e-27 1.467468e-27 4.641151e-27 
2.656000e+00 3.164625e-27 1.463409e-27 4.628034e-27 
2.658000e+00 3.155595e-27 1.458165e-27 4.613759e-27 
2.660000e+00 3.142158e-27 1.452088e-27 4.594246e-27 
2.662000e+00 3.131743e-27 1.445996e-27 4.577738e-27 
2.664000e+00 3.124937e-27 1.445509e-27 4.570445e-27 
2.666000e+00 3.118763e-27 1.442590e-27 4.561353e-27 
2.668000e+00 3.097623e-27 1.433464e-27 4.531087e-27 
2.670000e+00 3.088848e-27 1.426062e-27 4.514910e-27 
2.672000e+00 3.076158e-27 1.422325e-27 4.498483e-27 
2.674000e+00 3.063893e-27 1.417781e-27 4.481674e-27 
2.676000e+00 3.050382e-27 1.411300e-27 4.461682e-27 
2.678000e+00 3.038100e-27 1.405306e-27 4.443406e-27 
2.680000e+00 3.028924e-27 1.400395e-27 4.429319e-27 
2.682000e+00 3.021156e-27 1.397427e-27 4.418583e-27 
2.684000e+00 3.018505e-27 1.397658e-27 4.416163e-27 
2.686000e+00 3.013453e-27 1.393937e-27 4.407390e-27 
2.688000e+00 2.993191e-27 1.383607e-27 4.376798e-27 
2.690000e+00 2.992900e-27 1.382705e-27 4.375604e-27 
2.692000e+00 2.981563e-27 1.381292e-27 4.362854e-27 
2.694000e+00 2.973095e-27 1.375142e-27 4.348237e-27 
2.696000e+00 2.965863e-27 1.370992e-27 4.336855e-27 
2.698000e+00 2.959429e-27 1.370401e-27 4.329830e-27 
2.700000e+00 2.953857e-27 1.365951e-27 4.319808e-27 
2.702000e+00 2.942814e-27 1.360952e-27 4.303767e-27 
2.704000e+00 2.927776e-27 1.357368e-27 4.285144e-27 
2.706000e+00 2.919195e-27 1.351317e-27 4.270512e-27 
2.708000e+00 2.909368e-27 1.345547e-27 4.254914e-27 
2.710000e+00 2.902649e-27 1.343691e-27 4.246340e-27 
2.712000e+00 2.887736e-27 1.338081e-27 4.225817e-27 
2.714000e+00 2.878797e-27 1.332924e-27 4.211722e-27 
2.716000e+00 2.869013e-27 1.331569e-27 4.200583e-27 
2.718000e+00 2.859304e-27 1.321837e-27 4.181141e-27 
2.720000e+00 2.850531e-27 1.317156e-27 4.167687e-27 
2.722000e+00 2.833301e-27 1.314127e-27 4.147428e-27 
2.724000e+00 2.820200e-27 1.304943e-27 4.125143e-27 
2.726000e+00 2.807511e-27 1.297852e-27 4.105363e-27 
2.728000e+00 2.794735e-27 1.294801e-27 4.089537e-27 
2.730000e+00 2.788564e-27 1.291277e-27 4.079840e-27 
2.732000e+00 2.783458e-27 1.288190e-27 4.071647e-27 
2.734000e+00 2.776978e-27 1.285447e-27 4.062425e-27 
2.736000e+00 2.761005e-27 1.278151e-27 4.039157e-27 
2.738000e+00 2.756409e-27 1.274873e-27 4.031282e-27 
2.740000e+00 2.747192e-27 1.272283e-27 4.019475e-27 
2.742000e+00 2.741317e-27 1.268593e-27 4.009910e-27 
2.744000e+00 2.735810e-27 1.264224e-27 4.000035e-27 
2.746000e+00 2.725400e-27 1.262510e-27 3.987910e-27 
2.748000e+00 2.716820e-27 1.257052e-27 3.973872e-27 
2.750000e+00 2.714351e-27 1.255177e-27 3.969528e-27 
2.752000e+00 2.703271e-27 1.252849e-27 3.956120e-27 
2.754000e+00 2.705362e-27 1.252959e-27 3.958321e-27 
2.756000e+00 2.695199e-27 1.249976e-27 3.945175e-27 
2.758000e+00 2.686925e-27 1.244818e-27 3.931743e-27 
2.760000e+00 2.681176e-27 1.240095e-27 3.921271e-27 
2.762000e+00 2.671672e-27 1.237781e-27 3.909453e-27 
2.764000e+00 2.666470e-27 1.233825e-27 3.900295e-27 
2.766000e+00 2.663833e-27 1.235768e-27 3.899600e-27 
2.768000e+00 2.666077e-27 1.234240e-27 3.900317e-27 
2.770000e+00 2.649238e-27 1.228998e-27 3.878236e-27 
2.772000e+00 2.641782e-27 1.223085e-27 3.864867e-27 
2.774000e+00 2.633884e-27 1.218444e-27 3.852328e-27 
2.776000e+00 2.621857e-27 1.215086e-27 3.836942e-27 
2.778000e+00 2.617326e-27 1.212068e-27 3.829394e-27 
2.780000e+00 2.615912e-27 1.213433e-27 3.829345e-27 
2.782000e+00 2.609498e-27 1.208581e-27 3.818079e-27 
2.784000e+00 2.606902e-27 1.208481e-27 3.815383e-27 
2.786000e+00 2.587951e-27 1.197034e-27 3.784984e-27 
2.788000e+00 2.596736e-27 1.204471e-27 3.801207e-27 
2.790000e+00 2.591161e-27 1.199518e-27 3.790679e-27 
2.792000e+00 2.580975e-27 1.196537e-27 3.777513e-27 
2.794000e+00 2.579870e-27 1.196098e-27 3.775968e-27 
2.796000e+00 2.571878e-27 1.192058e-27 3.763937e-27 
2.798000e+00 2.568635e-27 1.190665e-27 3.759299e-27 
2.800000e+00 2.565565e-27 1.188529e-27 3.754094e-27 
2.802000e+00 2.557933e-27 1.186973e-27 3.744906e-27 
2.804000e+00 2.548869e-27 1.179736e-27 3.728605e-27 
2.806000e+00 2.544779e-27 1.178825e-27 3.723604e-27 
2.808000e+00 2.535177e-27 1.174017e-27 3.709194e-27 
2.810000e+00 2.528525e-27 1.173726e-27 3.702250e-27 
2.812000e+00 2.526289e-27 1.170730e-27 3.697019e-27 
2.814000e+00 2.520081e-27 1.166506e-27 3.686587e-27 
2.816000e+00 2.517403e-27 1.166819e-27 3.684223e-27 
2.818000e+00 2.511919e-27 1.163346e-27 3.675265e-27 
2.820000e+00 2.507186e-27 1.165537e-27 3.672723e-27 
2.822000e+00 2.510661e-27 1.160462e-27 3.671123e-27 
2.824000e+00 2.499059e-27 1.158208e-27 3.657267e-27 
2.826000e+00 2.494472e-27 1.155470e-27 3.649942e-27 
2.828000e+00 2.488338e-27 1.154213e-27 3.642551e-27 
2.830000e+00 2.479365e-27 1.148161e-27 3.627526e-27 
2.832000e+00 2.481505e-27 1.152616e-27 3.634121e-27 
2.834000e+00 2.474632e-27 1.148228e-27 3.622860e-27 
2.836000e+00 2.470988e-27 1.147582e-27 3.618569e-27 
2.838000e+00 2.469210e-27 1.148308e-27 3.617519e-27 
2.840000e+00 2.466737e-27 1.145678e-27 3.612415e-27 
2.842000e+00 2.459114e-27 1.143040e-27 3.602154e-27 
2.844000e+00 2.452896e-27 1.139231e-27 3.592127e-27 
2.846000e+00 2.451384e-27 1.139338e-27 3.590723e-27 
2.848000e+00 2.447338e-27 1.136916e-27 3.584254e-27 
2.850000e+00 2.443878e-27 1.136511e-27 3.580389e-27 
2.852000e+00 2.417321e-27 1.130692e-27 3.548013e-27 
2.854000e+00 2.432295e-27 1.129596e-27 3.561890e-27 
2.856000e+00 2.427282e-27 1.126421e-27 3.553703e-27 
2.858000e+00 2.420160e-27 1.124540e-27 3.544701e-27 
2.860000e+00 2.413721e-27 1.120679e-27 3.534400e-27 
2.862000e+00 2.406165e-27 1.117476e-27 3.523641e-27 
2.864000e+00 2.400169e-27 1.115860e-27 3.516029e-27 
2.866000e+00 2.308772e-27 1.112686e-27 3.421458e-27 
2.868000e+00 2.393644e-27 1.112337e-27 3.505981e-27 
2.870000e+00 2.391299e-27 1.111075e-27 3.502374e-27 
2.872000e+00 2.388493e-27 1.108017e-27 3.496511e-27 
2.874000e+00 2.385097e-27 1.106441e-27 3.491538e-27 
2.876000e+00 2.379554e-27 1.105143e-27 3.484697e-27 
2.878000e+00 2.373455e-27 1.100528e-27 3.473983e-27 
2.880000e+00 2.368147e-27 1.099021e-27 3.467168e-27 
2.882000e+00 2.363285e-27 1.096112e-27 3.459397e-27 
2.884000e+00 2.360455e-27 1.094637e-27 3.455092e-27 
2.886000e+00 2.356010e-27 1.094581e-27 3.450591e-27 
2.888000e+00 2.352996e-27 1.091134e-27 3.444130e-27 
2.890000e+00 2.349399e-27 1.091858e-27 3.441257e-27 
2.892000e+00 2.344665e-27 1.091122e-27 3.435787e-27 
2.894000e+00 2.347365e-27 1.088452e-27 3.435817e-27 
2.896000e+00 2.340481e-27 1.086159e-27 3.426640e-27 
2.898000e+00 2.337122e-27 1.086543e-27 3.423665e-27 
2.900000e+00 2.331909e-27 1.081193e-27 3.413101e-27 
2.902000e+00 2.326256e-27 1.082163e-27 3.408419e-27 
2.904000e+00 2.321337e-27 1.079544e-27 3.400881e-27 
2.906000e+00 2.315356e-27 1.075948e-27 3.391304e-27 
2.908000e+00 2.311697e-27 1.074571e-27 3.386268e-27 
2.910000e+00 2.307427e-27 1.083944e-27 3.391371e-27 
2.912000e+00 2.299046e-27 1.066549e-27 3.365595e-27 
2.914000e+00 2.294090e-27 1.065326e-27 3.359416e-27 
2.916000e+00 2.288415e-27 1.062546e-27 3.350961e-27 
2.918000e+00 2.284871e-27 1.060276e-27 3.345147e-27 
2.920000e+00 2.278012e-27 1.059414e-27 3.337427e-27 
2.922000e+00 2.271162e-27 1.056274e-27 3.327436e-27 
2.924000e+00 2.269680e-27 1.054695e-27 3.324376e-27 
2.926000e+00 2.271258e-27 1.054994e-27 3.326252e-27 
2.928000e+00 2.261948e-27 1.051756e-27 3.313704e-27 
2.930000e+00 2.256738e-27 1.048725e-27 3.305463e-27 
2.932000e+00 2.254875e-27 1.048651e-27 3.303526e-27 
2.934000e+00 2.247535e-27 1.045229e-27 3.292764e-27 
2.936000e+00 2.243587e-27 1.043223e-27 3.286810e-27 
2.938000e+00 2.237811e-27 1.041079e-27 3.278890e-27 
2.940000e+00 2.237939e-27 1.040829e-27 3.278768e-27 
2.942000e+00 2.235898e-27 1.039438e-27 3.275336e-27 
2.944000e+00 2.231251e-27 1.039335e-27 3.270586e-27 
2.946000e+00 2.226817e-27 1.035857e-27 3.262673e-27 
2.948000e+00 2.218604e-27 1.032914e-27 3.251518e-27 
2.950000e+00 2.216804e-27 1.031790e-27 3.248594e-27 
2.952000e+00 2.211951e-27 1.030332e-27 3.242284e-27 
2.954000e+00 2.211679e-27 1.028186e-27 3.239865e-27 
2.956000e+00 2.202978e-27 1.026336e-27 3.229314e-27 
2.958000e+00 2.197755e-27 1.024153e-27 3.221908e-27 
2.960000e+00 2.191091e-27 1.019739e-27 3.210829e-27 
2.962000e+00 2.187917e-27 1.018436e-27 3.206353e-27 
2.964000e+00 2.183183e-27 1.016916e-27 3.200099e-27 
2.966000e+00 2.174024e-27 1.010982e-27 3.185005e-27 
2.968000e+00 2.172804e-27 1.010747e-27 3.183551e-27 
2.970000e+00 2.165547e-27 1.010438e-27 3.175985e-27 
2.972000e+00 2.160017e-27 1.006636e-27 3.166653e-27 
2.974000e+00 2.153621e-27 1.003112e-27 3.156733e-27 
2.976000e+00 2.149252e-27 1.001707e-27 3.150959e-27 
2.978000e+00 2.149825e-27 1.001157e-27 3.150982e-27 
2.980000e+00 2.146526e-27 9.982907e-28 3.144817e-27 
2.982000e+00 2.141932e-27 9.983046e-28 3.140237e-27 
2.984000e+00 2.135591e-27 9.959532e-28 3.131545e-27 
2.986000e+00 2.131897e-27 9.930041e-28 3.124901e-27 
2.988000e+00 2.125426e-27 9.895752e-28 3.115002e-27 
2.990000e+00 2.121407e-27 9.902074e-28 3.111614e-27 
2.992000e+00 2.121629e-27 9.874295e-28 3.109058e-27 
2.994000e+00 2.114840e-27 9.849141e-28 3.099754e-27 
2.996000e+00 2.082242e-27 9.698294e-28 3.052072e-27 
2.998000e+00 2.104462e-27 9.803603e-28 3.084823e-27 
