1.000000e-01 1.792464e-22 2.132454e-22 3.924917e-22 
1.020000e-01 1.787126e-22 2.118118e-22 3.905244e-22 
1.040000e-01 1.776745e-22 2.101319e-22 3.878064e-22 
1.060000e-01 1.761889e-22 2.086423e-22 3.848312e-22 
1.080000e-01 1.741953e-22 2.070432e-22 3.812385e-22 
1.100000e-01 1.715070e-22 2.053335e-22 3.768405e-22 
1.120000e-01 1.676962e-22 2.037504e-22 3.714466e-22 
1.140000e-01 1.614229e-22 2.020371e-22 3.634600e-22 
1.160000e-01 1.440550e-22 2.002067e-22 3.442617e-22 
1.180000e-01 1.612359e-22 1.985695e-22 3.598054e-22 
1.200000e-01 1.674057e-22 1.968466e-22 3.642523e-22 
1.220000e-01 1.704145e-22 1.949764e-22 3.653909e-22 
1.240000e-01 1.723137e-22 1.932148e-22 3.655285e-22 
1.260000e-01 1.736566e-22 1.913828e-22 3.650394e-22 
1.280000e-01 1.746281e-22 1.895148e-22 3.641429e-22 
1.300000e-01 1.753248e-22 1.876363e-22 3.629611e-22 
1.320000e-01 1.758405e-22 1.857240e-22 3.615645e-22 
1.340000e-01 1.762119e-22 1.837575e-22 3.599694e-22 
1.360000e-01 1.764578e-22 1.818110e-22 3.582688e-22 
1.380000e-01 1.765963e-22 1.797685e-22 3.563648e-22 
1.400000e-01 1.766486e-22 1.777778e-22 3.544264e-22 
1.420000e-01 1.766405e-22 1.756710e-22 3.523115e-22 
1.440000e-01 1.765546e-22 1.735671e-22 3.501216e-22 
1.460000e-01 1.763948e-22 1.714227e-22 3.478176e-22 
1.480000e-01 1.761650e-22 1.692917e-22 3.454567e-22 
1.500000e-01 1.758877e-22 1.671148e-22 3.430025e-22 
1.520000e-01 1.755504e-22 1.648684e-22 3.404189e-22 
1.540000e-01 1.751241e-22 1.626948e-22 3.378189e-22 
1.560000e-01 1.746191e-22 1.604517e-22 3.350708e-22 
1.580000e-01 1.740130e-22 1.581226e-22 3.321356e-22 
1.600000e-01 1.733201e-22 1.558878e-22 3.292079e-22 
1.620000e-01 1.724579e-22 1.535458e-22 3.260037e-22 
1.640000e-01 1.712499e-22 1.511598e-22 3.224097e-22 
1.660000e-01 1.692490e-22 1.488356e-22 3.180846e-22 
1.680000e-01 1.641387e-22 1.465351e-22 3.106737e-22 
1.700000e-01 1.664567e-22 1.442519e-22 3.107086e-22 
1.720000e-01 1.684787e-22 1.419283e-22 3.104070e-22 
1.740000e-01 1.693356e-22 1.395682e-22 3.089038e-22 
1.760000e-01 1.698072e-22 1.372114e-22 3.070187e-22 
1.780000e-01 1.701393e-22 1.348476e-22 3.049869e-22 
1.800000e-01 1.703742e-22 1.324672e-22 3.028414e-22 
1.820000e-01 1.705632e-22 1.300802e-22 3.006434e-22 
1.840000e-01 1.707055e-22 1.276885e-22 2.983941e-22 
1.860000e-01 1.708228e-22 1.253016e-22 2.961243e-22 
1.880000e-01 1.709278e-22 1.228656e-22 2.937934e-22 
1.900000e-01 1.710393e-22 1.204541e-22 2.914934e-22 
1.920000e-01 1.712084e-22 1.180337e-22 2.892421e-22 
1.940000e-01 1.715282e-22 1.156471e-22 2.871754e-22 
1.960000e-01 1.721070e-22 1.132304e-22 2.853374e-22 
1.980000e-01 1.737410e-22 1.108369e-22 2.845779e-22 
2.000000e-01 1.766248e-22 1.084397e-22 2.850645e-22 
2.020000e-01 1.736891e-22 1.060802e-22 2.797693e-22 
2.040000e-01 1.723987e-22 1.037359e-22 2.761346e-22 
2.060000e-01 1.714541e-22 1.013120e-22 2.727660e-22 
2.080000e-01 1.706888e-22 9.890533e-23 2.695942e-22 
2.100000e-01 1.699713e-22 9.649390e-23 2.664652e-22 
2.120000e-01 1.692987e-22 9.401924e-23 2.633179e-22 
2.140000e-01 1.686713e-22 9.152520e-23 2.601965e-22 
2.160000e-01 1.680628e-22 8.901482e-23 2.570776e-22 
2.180000e-01 1.674621e-22 8.642744e-23 2.538896e-22 
2.200000e-01 1.668845e-22 8.396232e-23 2.508469e-22 
2.220000e-01 1.663486e-22 8.150377e-23 2.478524e-22 
2.240000e-01 1.657805e-22 7.904280e-23 2.448233e-22 
2.260000e-01 1.652146e-22 7.655794e-23 2.417725e-22 
2.280000e-01 1.646121e-22 7.395529e-23 2.385674e-22 
2.300000e-01 1.640177e-22 7.140197e-23 2.354196e-22 
2.320000e-01 1.634338e-22 6.878555e-23 2.322194e-22 
2.340000e-01 1.628328e-22 6.607836e-23 2.289111e-22 
2.360000e-01 1.622243e-22 6.340471e-23 2.256290e-22 
2.380000e-01 1.616186e-22 6.069047e-23 2.223090e-22 
2.400000e-01 1.610270e-22 5.848525e-23 2.195123e-22 
2.420000e-01 1.604234e-22 5.670842e-23 2.171318e-22 
2.440000e-01 1.598086e-22 5.501279e-23 2.148214e-22 
2.460000e-01 1.592084e-22 5.285798e-23 2.120664e-22 
2.480000e-01 1.586216e-22 5.034838e-23 2.089700e-22 
2.500000e-01 1.580371e-22 4.747201e-23 2.055091e-22 
2.520000e-01 1.574580e-22 4.401383e-23 2.014719e-22 
2.540000e-01 1.568237e-22 4.029573e-23 1.971194e-22 
2.560000e-01 1.562393e-22 3.634511e-23 1.925844e-22 
2.580000e-01 1.556573e-22 3.200716e-23 1.876645e-22 
2.600000e-01 1.550655e-22 2.674068e-23 1.818062e-22 
2.620000e-01 1.544646e-22 2.072677e-23 1.751914e-22 
2.640000e-01 1.538126e-22 1.409016e-23 1.679027e-22 
2.660000e-01 1.532150e-22 8.218156e-24 1.614332e-22 
2.680000e-01 1.526086e-22 3.565606e-24 1.561743e-22 
2.700000e-01 1.520204e-22 7.386645e-25 1.527590e-22 
2.720000e-01 1.514253e-22 6.243015e-25 1.520496e-22 
2.740000e-01 1.508523e-22 3.901014e-24 1.547533e-22 
2.760000e-01 1.502585e-22 1.137238e-23 1.616309e-22 
2.780000e-01 1.497543e-22 2.004693e-23 1.698012e-22 
2.800000e-01 1.491838e-22 4.204698e-23 1.912308e-22 
2.820000e-01 1.485927e-22 5.064165e-23 1.992343e-22 
2.840000e-01 1.479964e-22 4.784981e-23 1.958462e-22 
2.860000e-01 1.474048e-22 4.509949e-23 1.925042e-22 
2.880000e-01 1.467939e-22 4.355399e-23 1.903479e-22 
2.900000e-01 1.461880e-22 4.315856e-23 1.893465e-22 
2.920000e-01 1.455622e-22 4.370363e-23 1.892659e-22 
2.940000e-01 1.449485e-22 4.506307e-23 1.900115e-22 
2.960000e-01 1.443166e-22 4.684317e-23 1.911598e-22 
2.980000e-01 1.436956e-22 4.901618e-23 1.927118e-22 
3.000000e-01 1.430899e-22 5.107689e-23 1.941668e-22 
3.020000e-01 1.423933e-22 5.273003e-23 1.951233e-22 
3.040000e-01 1.417461e-22 5.401900e-23 1.957651e-22 
3.060000e-01 1.410457e-22 5.508657e-23 1.961323e-22 
3.080000e-01 1.403917e-22 5.617228e-23 1.965640e-22 
3.100000e-01 1.397429e-22 5.690984e-23 1.966528e-22 
3.120000e-01 1.390772e-22 5.755940e-23 1.966366e-22 
3.140000e-01 1.384203e-22 5.789026e-23 1.963106e-22 
3.160000e-01 1.377517e-22 5.800151e-23 1.957533e-22 
3.180000e-01 1.370869e-22 5.784129e-23 1.949282e-22 
3.200000e-01 1.364161e-22 5.783348e-23 1.942496e-22 
3.220000e-01 1.357419e-22 5.791501e-23 1.936569e-22 
3.240000e-01 1.350760e-22 5.825047e-23 1.933265e-22 
3.260000e-01 1.344610e-22 5.864658e-23 1.931076e-22 
3.280000e-01 1.337620e-22 5.901956e-23 1.927816e-22 
3.300000e-01 1.330835e-22 5.937241e-23 1.924559e-22 
3.320000e-01 1.324203e-22 5.966381e-23 1.920841e-22 
3.340000e-01 1.317598e-22 5.991585e-23 1.916756e-22 
3.360000e-01 1.311051e-22 6.016641e-23 1.912715e-22 
3.380000e-01 1.304511e-22 6.037975e-23 1.908308e-22 
3.400000e-01 1.297678e-22 6.054432e-23 1.903122e-22 
3.420000e-01 1.291090e-22 6.072231e-23 1.898313e-22 
3.440000e-01 1.284298e-22 6.092280e-23 1.893526e-22 
3.460000e-01 1.277605e-22 6.111897e-23 1.888795e-22 
3.480000e-01 1.270777e-22 6.128807e-23 1.883658e-22 
3.500000e-01 1.263889e-22 6.145097e-23 1.878398e-22 
3.520000e-01 1.257030e-22 6.158163e-23 1.872846e-22 
3.540000e-01 1.250027e-22 6.167179e-23 1.866745e-22 
3.560000e-01 1.242394e-22 6.178051e-23 1.860199e-22 
3.580000e-01 1.235617e-22 6.189608e-23 1.854578e-22 
3.600000e-01 1.228670e-22 6.196406e-23 1.848310e-22 
3.620000e-01 1.221775e-22 6.203481e-23 1.842123e-22 
3.640000e-01 1.214831e-22 6.210634e-23 1.835894e-22 
3.660000e-01 1.207949e-22 6.218107e-23 1.829759e-22 
3.680000e-01 1.200962e-22 6.222520e-23 1.823214e-22 
3.700000e-01 1.194036e-22 6.227235e-23 1.816759e-22 
3.720000e-01 1.187039e-22 6.231452e-23 1.810184e-22 
3.740000e-01 1.179939e-22 6.232848e-23 1.803224e-22 
3.760000e-01 1.172862e-22 6.234688e-23 1.796331e-22 
3.780000e-01 1.165663e-22 6.235833e-23 1.789246e-22 
3.800000e-01 1.157780e-22 6.234608e-23 1.781241e-22 
3.820000e-01 1.150538e-22 6.232141e-23 1.773752e-22 
3.840000e-01 1.143082e-22 6.229556e-23 1.766038e-22 
3.860000e-01 1.135731e-22 6.227015e-23 1.758433e-22 
3.880000e-01 1.128387e-22 6.222938e-23 1.750680e-22 
3.900000e-01 1.120767e-22 6.219592e-23 1.742726e-22 
3.920000e-01 1.113441e-22 6.216285e-23 1.735070e-22 
3.940000e-01 1.106775e-22 6.212916e-23 1.728066e-22 
3.960000e-01 1.099518e-22 6.213186e-23 1.720837e-22 
3.980000e-01 1.092306e-22 6.209028e-23 1.713209e-22 
4.000000e-01 1.085026e-22 6.204034e-23 1.705429e-22 
4.020000e-01 1.077823e-22 6.198231e-23 1.697646e-22 
4.040000e-01 1.070648e-22 6.190537e-23 1.689701e-22 
4.060000e-01 1.063366e-22 6.182968e-23 1.681663e-22 
4.080000e-01 1.056118e-22 6.175866e-23 1.673704e-22 
4.100000e-01 1.048820e-22 6.168623e-23 1.665682e-22 
4.120000e-01 1.041484e-22 6.160780e-23 1.657562e-22 
4.140000e-01 1.034260e-22 6.152642e-23 1.649525e-22 
4.160000e-01 1.026933e-22 6.144413e-23 1.641375e-22 
4.180000e-01 1.019543e-22 6.136272e-23 1.633170e-22 
4.200000e-01 1.012311e-22 6.128088e-23 1.625120e-22 
4.220000e-01 1.004970e-22 6.119277e-23 1.616897e-22 
4.240000e-01 9.975850e-23 6.109197e-23 1.608505e-22 
4.260000e-01 9.902796e-23 6.099631e-23 1.600243e-22 
4.280000e-01 9.829311e-23 6.089556e-23 1.591887e-22 
4.300000e-01 9.753610e-23 6.074912e-23 1.582852e-22 
4.320000e-01 9.673545e-23 6.064355e-23 1.573790e-22 
4.340000e-01 9.599752e-23 6.053633e-23 1.565338e-22 
4.360000e-01 9.526205e-23 6.043407e-23 1.556961e-22 
4.380000e-01 9.452477e-23 6.033558e-23 1.548604e-22 
4.400000e-01 9.380386e-23 6.023388e-23 1.540377e-22 
4.420000e-01 9.306524e-23 6.010890e-23 1.531741e-22 
4.440000e-01 9.233025e-23 5.999744e-23 1.523277e-22 
4.460000e-01 9.158584e-23 5.987427e-23 1.514601e-22 
4.480000e-01 9.084261e-23 5.975101e-23 1.505936e-22 
4.500000e-01 9.010461e-23 5.963031e-23 1.497349e-22 
4.520000e-01 8.936123e-23 5.947607e-23 1.488373e-22 
4.540000e-01 8.861274e-23 5.931778e-23 1.479305e-22 
4.560000e-01 8.786943e-23 5.916066e-23 1.470301e-22 
4.580000e-01 8.712458e-23 5.900731e-23 1.461319e-22 
4.600000e-01 8.637039e-23 5.885353e-23 1.452239e-22 
4.620000e-01 8.562452e-23 5.869875e-23 1.443233e-22 
4.640000e-01 8.487388e-23 5.854711e-23 1.434210e-22 
4.660000e-01 8.411235e-23 5.839258e-23 1.425049e-22 
4.680000e-01 8.335896e-23 5.824280e-23 1.416018e-22 
4.700000e-01 8.260152e-23 5.809244e-23 1.406940e-22 
4.720000e-01 8.183184e-23 5.793499e-23 1.397668e-22 
4.740000e-01 8.106106e-23 5.776345e-23 1.388245e-22 
4.760000e-01 8.029185e-23 5.758985e-23 1.378817e-22 
4.780000e-01 7.951404e-23 5.741326e-23 1.369273e-22 
4.800000e-01 7.872818e-23 5.723444e-23 1.359626e-22 
4.820000e-01 7.791853e-23 5.703569e-23 1.349542e-22 
4.840000e-01 7.712506e-23 5.685552e-23 1.339806e-22 
4.860000e-01 7.632261e-23 5.663872e-23 1.329613e-22 
4.880000e-01 7.551342e-23 5.645613e-23 1.319695e-22 
4.900000e-01 7.469615e-23 5.625599e-23 1.309521e-22 
4.920000e-01 7.383326e-23 5.606047e-23 1.298937e-22 
4.940000e-01 7.300031e-23 5.586395e-23 1.288643e-22 
4.960000e-01 7.219805e-23 5.566940e-23 1.278675e-22 
4.980000e-01 7.133972e-23 5.547398e-23 1.268137e-22 
5.000000e-01 7.046169e-23 5.527562e-23 1.257373e-22 
5.020000e-01 6.957925e-23 5.511622e-23 1.246955e-22 
5.040000e-01 6.867880e-23 5.492455e-23 1.236033e-22 
5.060000e-01 6.776083e-23 5.473180e-23 1.224926e-22 
5.080000e-01 6.682153e-23 5.454246e-23 1.213640e-22 
5.100000e-01 6.585815e-23 5.435125e-23 1.202094e-22 
5.120000e-01 6.486700e-23 5.416502e-23 1.190320e-22 
5.140000e-01 6.384656e-23 5.397730e-23 1.178239e-22 
5.160000e-01 6.279695e-23 5.378925e-23 1.165862e-22 
5.180000e-01 6.170472e-23 5.360883e-23 1.153136e-22 
5.200000e-01 6.055675e-23 5.343149e-23 1.139882e-22 
5.220000e-01 5.935695e-23 5.325267e-23 1.126096e-22 
5.240000e-01 5.809046e-23 5.306701e-23 1.111575e-22 
5.260000e-01 5.673780e-23 5.287571e-23 1.096135e-22 
5.280000e-01 5.528239e-23 5.268108e-23 1.079635e-22 
5.300000e-01 5.370787e-23 5.248851e-23 1.061964e-22 
5.320000e-01 5.197035e-23 5.229996e-23 1.042703e-22 
5.340000e-01 4.993731e-23 5.210657e-23 1.020439e-22 
5.360000e-01 4.750580e-23 5.190720e-23 9.941300e-23 
5.380000e-01 4.420096e-23 5.169663e-23 9.589759e-23 
5.400000e-01 3.957800e-23 5.148637e-23 9.106437e-23 
5.420000e-01 3.453759e-23 5.128370e-23 8.582130e-23 
5.440000e-01 3.147706e-23 5.109812e-23 8.257518e-23 
5.460000e-01 3.226381e-23 5.091196e-23 8.317577e-23 
5.480000e-01 3.593736e-23 5.068556e-23 8.662292e-23 
5.500000e-01 3.972002e-23 5.048211e-23 9.020213e-23 
5.520000e-01 4.257787e-23 5.028104e-23 9.285891e-23 
5.540000e-01 4.430108e-23 5.008209e-23 9.438316e-23 
5.560000e-01 4.558494e-23 4.989968e-23 9.548461e-23 
5.580000e-01 4.655810e-23 4.971310e-23 9.627120e-23 
5.600000e-01 4.736488e-23 4.952674e-23 9.689162e-23 
5.620000e-01 4.804500e-23 4.933571e-23 9.738071e-23 
5.640000e-01 4.861980e-23 4.913821e-23 9.775801e-23 
5.660000e-01 4.910207e-23 4.894298e-23 9.804506e-23 
5.680000e-01 4.951306e-23 4.873830e-23 9.825135e-23 
5.700000e-01 4.986329e-23 4.854303e-23 9.840632e-23 
5.720000e-01 5.015795e-23 4.834629e-23 9.850424e-23 
5.740000e-01 5.041387e-23 4.814726e-23 9.856113e-23 
5.760000e-01 5.063806e-23 4.796124e-23 9.859930e-23 
5.780000e-01 5.082932e-23 4.777134e-23 9.860066e-23 
5.800000e-01 5.097537e-23 4.757470e-23 9.855007e-23 
5.820000e-01 5.109923e-23 4.739100e-23 9.849023e-23 
5.840000e-01 5.120335e-23 4.720466e-23 9.840801e-23 
5.860000e-01 5.128504e-23 4.702122e-23 9.830626e-23 
5.880000e-01 5.133291e-23 4.683293e-23 9.816584e-23 
5.900000e-01 5.136836e-23 4.664434e-23 9.801270e-23 
5.920000e-01 5.138906e-23 4.630018e-23 9.768924e-23 
5.940000e-01 5.139309e-23 4.626330e-23 9.765639e-23 
5.960000e-01 5.137631e-23 4.607894e-23 9.745525e-23 
5.980000e-01 5.134640e-23 4.589476e-23 9.724116e-23 
6.000000e-01 5.130629e-23 4.570452e-23 9.701081e-23 
6.020000e-01 5.125690e-23 4.550484e-23 9.676175e-23 
6.040000e-01 5.118899e-23 4.529720e-23 9.648619e-23 
6.060000e-01 5.111052e-23 4.509230e-23 9.620281e-23 
6.080000e-01 5.102555e-23 4.490233e-23 9.592788e-23 
6.100000e-01 5.093026e-23 4.473685e-23 9.566710e-23 
6.120000e-01 5.082702e-23 4.456902e-23 9.539605e-23 
6.140000e-01 5.070591e-23 4.439882e-23 9.510473e-23 
6.160000e-01 5.058474e-23 4.421010e-23 9.479484e-23 
6.180000e-01 5.045416e-23 4.402130e-23 9.447546e-23 
6.200000e-01 5.031279e-23 4.382885e-23 9.414164e-23 
6.220000e-01 5.016222e-23 4.364050e-23 9.380273e-23 
6.240000e-01 5.000387e-23 4.346414e-23 9.346800e-23 
6.260000e-01 4.984604e-23 4.328602e-23 9.313206e-23 
6.280000e-01 4.967395e-23 4.310776e-23 9.278171e-23 
6.300000e-01 4.949448e-23 4.292391e-23 9.241839e-23 
6.320000e-01 4.930953e-23 4.273154e-23 9.204107e-23 
6.340000e-01 4.911093e-23 4.252891e-23 9.163984e-23 
6.360000e-01 4.891233e-23 4.233617e-23 9.124850e-23 
6.380000e-01 4.870451e-23 4.215788e-23 9.086239e-23 
6.400000e-01 4.848827e-23 4.197420e-23 9.046247e-23 
6.420000e-01 4.826348e-23 4.179316e-23 9.005663e-23 
6.440000e-01 4.803553e-23 4.162198e-23 8.965751e-23 
6.460000e-01 4.779772e-23 4.146772e-23 8.926544e-23 
6.480000e-01 4.754912e-23 4.131083e-23 8.885995e-23 
6.500000e-01 4.728694e-23 4.115526e-23 8.844220e-23 
6.520000e-01 4.701933e-23 4.097774e-23 8.799706e-23 
6.540000e-01 4.674355e-23 4.078750e-23 8.753104e-23 
6.560000e-01 4.645230e-23 4.059438e-23 8.704668e-23 
6.580000e-01 4.615249e-23 4.040324e-23 8.655574e-23 
6.600000e-01 4.584058e-23 4.023352e-23 8.607410e-23 
6.620000e-01 4.551613e-23 4.006355e-23 8.557968e-23 
6.640000e-01 4.517957e-23 3.989512e-23 8.507469e-23 
6.660000e-01 4.482767e-23 3.972348e-23 8.455115e-23 
6.680000e-01 4.445797e-23 3.954940e-23 8.400738e-23 
6.700000e-01 4.407827e-23 3.937283e-23 8.345110e-23 
6.720000e-01 4.368894e-23 3.919456e-23 8.288350e-23 
6.740000e-01 4.327803e-23 3.902214e-23 8.230017e-23 
6.760000e-01 4.284148e-23 3.885528e-23 8.169676e-23 
6.780000e-01 4.239159e-23 3.868920e-23 8.108079e-23 
6.800000e-01 4.192076e-23 3.852332e-23 8.044408e-23 
6.820000e-01 4.141624e-23 3.835981e-23 7.977605e-23 
6.840000e-01 4.088411e-23 3.819914e-23 7.908324e-23 
6.860000e-01 4.032075e-23 3.803669e-23 7.835744e-23 
6.880000e-01 3.970529e-23 3.787564e-23 7.758093e-23 
6.900000e-01 3.905025e-23 3.771150e-23 7.676175e-23 
6.920000e-01 3.832301e-23 3.755256e-23 7.587557e-23 
6.940000e-01 3.749400e-23 3.739124e-23 7.488524e-23 
6.960000e-01 3.658585e-23 3.723238e-23 7.381823e-23 
6.980000e-01 3.547396e-23 3.706755e-23 7.254150e-23 
7.000000e-01 3.392086e-23 3.690380e-23 7.082467e-23 
7.020000e-01 3.209282e-23 3.674016e-23 6.883298e-23 
7.040000e-01 2.990921e-23 3.657783e-23 6.648704e-23 
7.060000e-01 2.848381e-23 3.641423e-23 6.489804e-23 
7.080000e-01 2.776560e-23 3.625705e-23 6.402265e-23 
7.100000e-01 2.874465e-23 3.609560e-23 6.484026e-23 
7.120000e-01 3.028049e-23 3.593483e-23 6.621531e-23 
7.140000e-01 3.241304e-23 3.577734e-23 6.819038e-23 
7.160000e-01 3.409862e-23 3.562396e-23 6.972257e-23 
7.180000e-01 3.551839e-23 3.546858e-23 7.098697e-23 
7.200000e-01 3.638531e-23 3.531461e-23 7.169992e-23 
7.220000e-01 3.705885e-23 3.515925e-23 7.221810e-23 
7.240000e-01 3.764456e-23 3.501409e-23 7.265865e-23 
7.260000e-01 3.810857e-23 3.486656e-23 7.297512e-23 
7.280000e-01 3.852376e-23 3.472137e-23 7.324514e-23 
7.300000e-01 3.889771e-23 3.457049e-23 7.346820e-23 
7.320000e-01 3.919458e-23 3.441829e-23 7.361287e-23 
7.340000e-01 3.947557e-23 3.426092e-23 7.373649e-23 
7.360000e-01 3.971880e-23 3.410536e-23 7.382417e-23 
7.380000e-01 3.993577e-23 3.394916e-23 7.388494e-23 
7.400000e-01 4.013912e-23 3.379610e-23 7.393522e-23 
7.420000e-01 4.030621e-23 3.364479e-23 7.395100e-23 
7.440000e-01 4.046137e-23 3.349651e-23 7.395788e-23 
7.460000e-01 4.059850e-23 3.334406e-23 7.394256e-23 
7.480000e-01 4.072359e-23 3.320179e-23 7.392538e-23 
7.500000e-01 4.083478e-23 3.305675e-23 7.389153e-23 
7.520000e-01 4.090552e-23 3.291841e-23 7.382394e-23 
7.540000e-01 4.098897e-23 3.275423e-23 7.374320e-23 
7.560000e-01 4.105753e-23 3.261370e-23 7.367124e-23 
7.580000e-01 4.112182e-23 3.247720e-23 7.359902e-23 
7.600000e-01 4.118199e-23 3.234102e-23 7.352301e-23 
7.620000e-01 4.122580e-23 3.220541e-23 7.343121e-23 
7.640000e-01 4.126391e-23 3.207012e-23 7.333403e-23 
7.660000e-01 4.129300e-23 3.193559e-23 7.322859e-23 
7.680000e-01 4.131612e-23 3.180804e-23 7.312416e-23 
7.700000e-01 4.133456e-23 3.167550e-23 7.301006e-23 
7.720000e-01 4.134449e-23 3.154548e-23 7.288997e-23 
7.740000e-01 4.134614e-23 3.141031e-23 7.275645e-23 
7.760000e-01 4.134462e-23 3.126834e-23 7.261296e-23 
7.780000e-01 4.133201e-23 3.113044e-23 7.246245e-23 
7.800000e-01 4.131448e-23 3.099092e-23 7.230540e-23 
7.820000e-01 4.129336e-23 3.084522e-23 7.213858e-23 
7.840000e-01 4.126816e-23 3.071352e-23 7.198169e-23 
7.860000e-01 4.122874e-23 3.058248e-23 7.181122e-23 
7.880000e-01 4.118857e-23 3.044935e-23 7.163792e-23 
7.900000e-01 4.114212e-23 3.031853e-23 7.146065e-23 
7.920000e-01 4.108737e-23 3.018714e-23 7.127451e-23 
7.940000e-01 4.102803e-23 3.006130e-23 7.108933e-23 
7.960000e-01 4.093977e-23 2.993841e-23 7.087819e-23 
7.980000e-01 4.085485e-23 2.981057e-23 7.066542e-23 
8.000000e-01 4.076634e-23 2.968384e-23 7.045018e-23 
8.020000e-01 4.069345e-23 2.956253e-23 7.025598e-23 
8.040000e-01 4.062574e-23 2.944321e-23 7.006894e-23 
8.060000e-01 4.056355e-23 2.931648e-23 6.988003e-23 
8.080000e-01 4.049900e-23 2.919519e-23 6.969419e-23 
8.100000e-01 4.043225e-23 2.907154e-23 6.950379e-23 
8.120000e-01 4.037124e-23 2.894442e-23 6.931566e-23 
8.140000e-01 4.031790e-23 2.880939e-23 6.912729e-23 
8.160000e-01 4.026233e-23 2.868022e-23 6.894255e-23 
8.180000e-01 4.020587e-23 2.854614e-23 6.875202e-23 
8.200000e-01 4.015071e-23 2.842731e-23 6.857802e-23 
8.220000e-01 4.009696e-23 2.831725e-23 6.841421e-23 
8.240000e-01 4.004285e-23 2.820462e-23 6.824747e-23 
8.260000e-01 3.999207e-23 2.809621e-23 6.808829e-23 
8.280000e-01 3.993895e-23 2.798371e-23 6.792266e-23 
8.300000e-01 3.988573e-23 2.786855e-23 6.775428e-23 
8.320000e-01 3.983584e-23 2.774961e-23 6.758545e-23 
8.340000e-01 3.978648e-23 2.763243e-23 6.741891e-23 
8.360000e-01 3.974007e-23 2.751158e-23 6.725165e-23 
8.380000e-01 3.969156e-23 2.739215e-23 6.708371e-23 
8.400000e-01 3.965097e-23 2.727786e-23 6.692882e-23 
8.420000e-01 3.960982e-23 2.716706e-23 6.677688e-23 
8.440000e-01 3.956986e-23 2.705451e-23 6.662437e-23 
8.460000e-01 3.952930e-23 2.694108e-23 6.647038e-23 
8.480000e-01 3.949169e-23 2.682560e-23 6.631729e-23 
8.500000e-01 3.945800e-23 2.672120e-23 6.617920e-23 
8.520000e-01 3.942398e-23 2.661115e-23 6.603513e-23 
8.540000e-01 3.939470e-23 2.650648e-23 6.590118e-23 
8.560000e-01 3.936396e-23 2.639893e-23 6.576289e-23 
8.580000e-01 3.933144e-23 2.628987e-23 6.562130e-23 
8.600000e-01 3.930127e-23 2.617295e-23 6.547422e-23 
8.620000e-01 3.926504e-23 2.605962e-23 6.532465e-23 
8.640000e-01 3.923226e-23 2.594409e-23 6.517635e-23 
8.660000e-01 3.919427e-23 2.582939e-23 6.502366e-23 
8.680000e-01 3.916013e-23 2.571803e-23 6.487816e-23 
8.700000e-01 3.911915e-23 2.560344e-23 6.472259e-23 
8.720000e-01 3.907547e-23 2.549230e-23 6.456777e-23 
8.740000e-01 3.902676e-23 2.538561e-23 6.441236e-23 
8.760000e-01 3.897158e-23 2.527479e-23 6.424636e-23 
8.780000e-01 3.891413e-23 2.516539e-23 6.407953e-23 
8.800000e-01 3.885481e-23 2.507251e-23 6.392733e-23 
8.820000e-01 3.879049e-23 2.498234e-23 6.377283e-23 
8.840000e-01 3.873499e-23 2.488862e-23 6.362360e-23 
8.860000e-01 3.867334e-23 2.479204e-23 6.346538e-23 
8.880000e-01 3.860650e-23 2.470144e-23 6.330794e-23 
8.900000e-01 3.853851e-23 2.460058e-23 6.313909e-23 
8.920000e-01 3.846753e-23 2.450118e-23 6.296871e-23 
8.940000e-01 3.839862e-23 2.440424e-23 6.280286e-23 
8.960000e-01 3.833074e-23 2.430405e-23 6.263479e-23 
8.980000e-01 3.826499e-23 2.420402e-23 6.246901e-23 
9.000000e-01 3.819262e-23 2.409813e-23 6.229075e-23 
9.020000e-01 3.842530e-23 2.399220e-23 6.241751e-23 
9.040000e-01 3.804328e-23 2.388594e-23 6.192922e-23 
9.060000e-01 3.796803e-23 2.377981e-23 6.174783e-23 
9.080000e-01 3.789746e-23 2.367164e-23 6.156909e-23 
9.100000e-01 3.782037e-23 2.357889e-23 6.139926e-23 
9.120000e-01 3.774755e-23 2.348923e-23 6.123679e-23 
9.140000e-01 3.766933e-23 2.339685e-23 6.106618e-23 
9.160000e-01 3.759016e-23 2.330659e-23 6.089676e-23 
9.180000e-01 3.751189e-23 2.321971e-23 6.073159e-23 
9.200000e-01 3.743116e-23 2.312424e-23 6.055540e-23 
9.220000e-01 3.735187e-23 2.302364e-23 6.037551e-23 
9.240000e-01 3.727397e-23 2.292498e-23 6.019894e-23 
9.260000e-01 3.718586e-23 2.282807e-23 6.001393e-23 
9.280000e-01 3.710473e-23 2.272634e-23 5.983107e-23 
9.300000e-01 3.702198e-23 2.263044e-23 5.965243e-23 
9.320000e-01 3.693893e-23 2.254701e-23 5.948594e-23 
9.340000e-01 3.685463e-23 2.246788e-23 5.932251e-23 
9.360000e-01 3.677147e-23 2.238833e-23 5.915980e-23 
9.380000e-01 3.669102e-23 2.230274e-23 5.899376e-23 
9.400000e-01 3.660412e-23 2.222310e-23 5.882723e-23 
9.420000e-01 3.652279e-23 2.213542e-23 5.865821e-23 
9.440000e-01 3.643617e-23 2.204983e-23 5.848601e-23 
9.460000e-01 3.635200e-23 2.196087e-23 5.831287e-23 
9.480000e-01 3.626751e-23 2.187472e-23 5.814223e-23 
9.500000e-01 3.618138e-23 2.178517e-23 5.796655e-23 
9.520000e-01 3.609439e-23 2.169678e-23 5.779117e-23 
9.540000e-01 3.600741e-23 2.161493e-23 5.762234e-23 
9.560000e-01 3.592448e-23 2.153346e-23 5.745794e-23 
9.580000e-01 3.583486e-23 2.144615e-23 5.728101e-23 
9.600000e-01 3.574859e-23 2.136195e-23 5.711055e-23 
9.620000e-01 3.566267e-23 2.127893e-23 5.694159e-23 
9.640000e-01 3.557236e-23 2.119023e-23 5.676258e-23 
9.660000e-01 3.548461e-23 2.109640e-23 5.658101e-23 
9.680000e-01 3.539675e-23 2.100652e-23 5.640327e-23 
9.700000e-01 3.530757e-23 2.091199e-23 5.621956e-23 
9.720000e-01 3.522299e-23 2.082029e-23 5.604327e-23 
9.740000e-01 3.513103e-23 2.073442e-23 5.586545e-23 
9.760000e-01 3.504403e-23 2.065928e-23 5.570331e-23 
9.780000e-01 3.495664e-23 2.057943e-23 5.553607e-23 
9.800000e-01 3.487089e-23 2.050397e-23 5.537485e-23 
9.820000e-01 3.478056e-23 2.042762e-23 5.520818e-23 
9.840000e-01 3.468492e-23 2.035191e-23 5.503682e-23 
9.860000e-01 3.459948e-23 2.027005e-23 5.486953e-23 
9.880000e-01 3.451328e-23 2.018362e-23 5.469690e-23 
9.900000e-01 3.441901e-23 2.009972e-23 5.451873e-23 
9.920000e-01 3.433286e-23 2.001170e-23 5.434456e-23 
9.940000e-01 3.424355e-23 1.992775e-23 5.417131e-23 
9.960000e-01 3.415519e-23 1.984745e-23 5.400264e-23 
9.980000e-01 3.406809e-23 1.979941e-23 5.386750e-23 
1.000000e+00 3.398048e-23 1.975169e-23 5.373217e-23 
1.002000e+00 3.389189e-23 1.968056e-23 5.357245e-23 
1.004000e+00 3.380563e-23 1.961325e-23 5.341888e-23 
1.006000e+00 3.371731e-23 1.954449e-23 5.326180e-23 
1.008000e+00 3.362710e-23 1.947448e-23 5.310158e-23 
1.010000e+00 3.353777e-23 1.940860e-23 5.294637e-23 
1.012000e+00 3.344530e-23 1.933786e-23 5.278316e-23 
1.014000e+00 3.336075e-23 1.926572e-23 5.262647e-23 
1.016000e+00 3.326952e-23 1.919830e-23 5.246782e-23 
1.018000e+00 3.318202e-23 1.912572e-23 5.230775e-23 
1.020000e+00 3.309343e-23 1.905925e-23 5.215268e-23 
1.022000e+00 3.300561e-23 1.898478e-23 5.199040e-23 
1.024000e+00 3.291437e-23 1.891659e-23 5.183096e-23 
1.026000e+00 3.282554e-23 1.885047e-23 5.167601e-23 
1.028000e+00 3.273889e-23 1.879009e-23 5.152898e-23 
1.030000e+00 3.264618e-23 1.872402e-23 5.137019e-23 
1.032000e+00 3.256116e-23 1.865582e-23 5.121698e-23 
1.034000e+00 3.247224e-23 1.858923e-23 5.106147e-23 
1.036000e+00 3.238369e-23 1.852615e-23 5.090984e-23 
1.038000e+00 3.229584e-23 1.845815e-23 5.075399e-23 
1.040000e+00 3.220328e-23 1.839401e-23 5.059729e-23 
1.042000e+00 3.211994e-23 1.832533e-23 5.044527e-23 
1.044000e+00 3.202841e-23 1.826080e-23 5.028921e-23 
1.046000e+00 3.194184e-23 1.819844e-23 5.014028e-23 
1.048000e+00 3.185333e-23 1.813212e-23 4.998545e-23 
1.050000e+00 3.176823e-23 1.807058e-23 4.983882e-23 
1.052000e+00 3.167679e-23 1.800850e-23 4.968529e-23 
1.054000e+00 3.159036e-23 1.794444e-23 4.953480e-23 
1.056000e+00 3.150501e-23 1.788724e-23 4.939224e-23 
1.058000e+00 3.141555e-23 1.782429e-23 4.923984e-23 
1.060000e+00 3.132788e-23 1.776044e-23 4.908832e-23 
1.062000e+00 3.123432e-23 1.770219e-23 4.893651e-23 
1.064000e+00 3.114736e-23 1.763648e-23 4.878384e-23 
1.066000e+00 3.106068e-23 1.757671e-23 4.863740e-23 
1.068000e+00 3.097151e-23 1.751128e-23 4.848279e-23 
1.070000e+00 3.088308e-23 1.745092e-23 4.833401e-23 
1.072000e+00 3.079920e-23 1.738991e-23 4.818911e-23 
1.074000e+00 3.070830e-23 1.733318e-23 4.804148e-23 
1.076000e+00 3.062157e-23 1.727425e-23 4.789582e-23 
1.078000e+00 3.053695e-23 1.721754e-23 4.775449e-23 
1.080000e+00 3.044924e-23 1.715824e-23 4.760748e-23 
1.082000e+00 3.036331e-23 1.709964e-23 4.746295e-23 
1.084000e+00 3.026734e-23 1.704131e-23 4.730865e-23 
1.086000e+00 3.018653e-23 1.698079e-23 4.716732e-23 
1.088000e+00 3.009835e-23 1.692695e-23 4.702530e-23 
1.090000e+00 3.001224e-23 1.686566e-23 4.687790e-23 
1.092000e+00 2.992887e-23 1.680474e-23 4.673360e-23 
1.094000e+00 2.983782e-23 1.674679e-23 4.658460e-23 
1.096000e+00 2.975142e-23 1.668709e-23 4.643851e-23 
1.098000e+00 2.966396e-23 1.662935e-23 4.629330e-23 
1.100000e+00 2.957716e-23 1.657777e-23 4.615493e-23 
1.102000e+00 2.949422e-23 1.652478e-23 4.601899e-23 
1.104000e+00 2.940732e-23 1.646667e-23 4.587399e-23 
1.106000e+00 2.932118e-23 1.641258e-23 4.573376e-23 
1.108000e+00 2.923248e-23 1.635685e-23 4.558933e-23 
1.110000e+00 2.914936e-23 1.630359e-23 4.545295e-23 
1.112000e+00 2.906401e-23 1.624417e-23 4.530818e-23 
1.114000e+00 2.897744e-23 1.618908e-23 4.516652e-23 
1.116000e+00 2.889087e-23 1.613288e-23 4.502375e-23 
1.118000e+00 2.880274e-23 1.607808e-23 4.488082e-23 
1.120000e+00 2.871807e-23 1.601996e-23 4.473803e-23 
1.122000e+00 2.863303e-23 1.596536e-23 4.459839e-23 
1.124000e+00 2.854555e-23 1.591983e-23 4.446538e-23 
1.126000e+00 2.846278e-23 1.586374e-23 4.432651e-23 
1.128000e+00 2.837447e-23 1.581251e-23 4.418698e-23 
1.130000e+00 2.828930e-23 1.576333e-23 4.405263e-23 
1.132000e+00 2.820355e-23 1.570991e-23 4.391346e-23 
1.134000e+00 2.811794e-23 1.566052e-23 4.377846e-23 
1.136000e+00 2.803884e-23 1.560667e-23 4.364550e-23 
1.138000e+00 2.795577e-23 1.555615e-23 4.351192e-23 
1.140000e+00 2.787217e-23 1.550649e-23 4.337866e-23 
1.142000e+00 2.778534e-23 1.545116e-23 4.323650e-23 
1.144000e+00 2.770182e-23 1.540112e-23 4.310294e-23 
1.146000e+00 2.761296e-23 1.535060e-23 4.296356e-23 
1.148000e+00 2.752960e-23 1.529792e-23 4.282752e-23 
1.150000e+00 2.744439e-23 1.524712e-23 4.269152e-23 
1.152000e+00 2.736646e-23 1.520072e-23 4.256717e-23 
1.154000e+00 2.728195e-23 1.515340e-23 4.243534e-23 
1.156000e+00 2.720381e-23 1.510534e-23 4.230915e-23 
1.158000e+00 2.711654e-23 1.505031e-23 4.216685e-23 
1.160000e+00 2.703435e-23 1.500266e-23 4.203700e-23 
1.162000e+00 2.695027e-23 1.495451e-23 4.190478e-23 
1.164000e+00 2.686740e-23 1.490519e-23 4.177259e-23 
1.166000e+00 2.677850e-23 1.485723e-23 4.163573e-23 
1.168000e+00 2.669500e-23 1.480667e-23 4.150168e-23 
1.170000e+00 2.661310e-23 1.475607e-23 4.136917e-23 
1.172000e+00 2.652709e-23 1.470747e-23 4.123456e-23 
1.174000e+00 2.645151e-23 1.465727e-23 4.110877e-23 
1.176000e+00 2.636661e-23 1.461047e-23 4.097708e-23 
1.178000e+00 2.628174e-23 1.456457e-23 4.084631e-23 
1.180000e+00 2.620277e-23 1.451830e-23 4.072107e-23 
1.182000e+00 2.611763e-23 1.447641e-23 4.059403e-23 
1.184000e+00 2.602828e-23 1.443010e-23 4.045839e-23 
1.186000e+00 2.594922e-23 1.438164e-23 4.033086e-23 
1.188000e+00 2.586737e-23 1.433495e-23 4.020232e-23 
1.190000e+00 2.578736e-23 1.429070e-23 4.007806e-23 
1.192000e+00 2.570435e-23 1.424351e-23 3.994786e-23 
1.194000e+00 2.562199e-23 1.419974e-23 3.982173e-23 
1.196000e+00 2.553759e-23 1.415272e-23 3.969031e-23 
1.198000e+00 2.545849e-23 1.410679e-23 3.956528e-23 
1.200000e+00 2.537523e-23 1.405876e-23 3.943399e-23 
1.202000e+00 2.529249e-23 1.401417e-23 3.930665e-23 
1.204000e+00 2.520516e-23 1.396842e-23 3.917358e-23 
1.206000e+00 2.511598e-23 1.392311e-23 3.903908e-23 
1.208000e+00 2.503338e-23 1.387602e-23 3.890940e-23 
1.210000e+00 2.494667e-23 1.383736e-23 3.878403e-23 
1.212000e+00 2.486490e-23 1.379085e-23 3.865575e-23 
1.214000e+00 2.478404e-23 1.374885e-23 3.853289e-23 
1.216000e+00 2.470436e-23 1.370775e-23 3.841211e-23 
1.218000e+00 2.462307e-23 1.366054e-23 3.828361e-23 
1.220000e+00 2.453400e-23 1.361885e-23 3.815284e-23 
1.222000e+00 2.444920e-23 1.357486e-23 3.802406e-23 
1.224000e+00 2.436647e-23 1.353555e-23 3.790202e-23 
1.226000e+00 2.428196e-23 1.349207e-23 3.777403e-23 
1.228000e+00 2.420020e-23 1.344808e-23 3.764829e-23 
1.230000e+00 2.411920e-23 1.340112e-23 3.752032e-23 
1.232000e+00 2.403703e-23 1.336392e-23 3.740095e-23 
1.234000e+00 2.394978e-23 1.332285e-23 3.727263e-23 
1.236000e+00 2.386421e-23 1.328369e-23 3.714791e-23 
1.238000e+00 2.377606e-23 1.324013e-23 3.701619e-23 
1.240000e+00 2.369267e-23 1.320036e-23 3.689304e-23 
1.242000e+00 2.360988e-23 1.316137e-23 3.677125e-23 
1.244000e+00 2.352318e-23 1.312167e-23 3.664485e-23 
1.246000e+00 2.342802e-23 1.308073e-23 3.650876e-23 
1.248000e+00 2.333805e-23 1.304118e-23 3.637923e-23 
1.250000e+00 2.325213e-23 1.300032e-23 3.625245e-23 
1.252000e+00 2.316684e-23 1.295986e-23 3.612670e-23 
1.254000e+00 2.307782e-23 1.291720e-23 3.599502e-23 
1.256000e+00 2.297983e-23 1.287722e-23 3.585705e-23 
1.258000e+00 2.289155e-23 1.283654e-23 3.572810e-23 
1.260000e+00 2.280047e-23 1.279440e-23 3.559487e-23 
1.262000e+00 2.270347e-23 1.275674e-23 3.546021e-23 
1.264000e+00 2.260856e-23 1.271883e-23 3.532739e-23 
1.266000e+00 2.251397e-23 1.268181e-23 3.519578e-23 
1.268000e+00 2.240701e-23 1.264541e-23 3.505242e-23 
1.270000e+00 2.230991e-23 1.260773e-23 3.491764e-23 
1.272000e+00 2.220362e-23 1.256813e-23 3.477175e-23 
1.274000e+00 2.209651e-23 1.253003e-23 3.462653e-23 
1.276000e+00 2.198926e-23 1.249117e-23 3.448043e-23 
1.278000e+00 2.187148e-23 1.245198e-23 3.432346e-23 
1.280000e+00 2.175058e-23 1.241441e-23 3.416499e-23 
1.282000e+00 2.163266e-23 1.237449e-23 3.400715e-23 
1.284000e+00 2.149157e-23 1.233638e-23 3.382794e-23 
1.286000e+00 2.134873e-23 1.229544e-23 3.364417e-23 
1.288000e+00 2.118271e-23 1.225608e-23 3.343879e-23 
1.290000e+00 2.096204e-23 1.222342e-23 3.318546e-23 
1.292000e+00 2.074511e-23 1.218800e-23 3.293311e-23 
1.294000e+00 2.052547e-23 1.214528e-23 3.267075e-23 
1.296000e+00 2.040346e-23 1.210981e-23 3.251327e-23 
1.298000e+00 2.008436e-23 1.214079e-23 3.222515e-23 
1.300000e+00 1.995199e-23 1.203834e-23 3.199033e-23 
1.302000e+00 1.986781e-23 1.200327e-23 3.187108e-23 
1.304000e+00 1.977912e-23 1.196712e-23 3.174625e-23 
1.306000e+00 1.980224e-23 1.192974e-23 3.173199e-23 
1.308000e+00 1.984454e-23 1.189393e-23 3.173847e-23 
1.310000e+00 1.989388e-23 1.185545e-23 3.174933e-23 
1.312000e+00 2.000079e-23 1.182059e-23 3.182138e-23 
1.314000e+00 2.010474e-23 1.178691e-23 3.189164e-23 
1.316000e+00 2.021339e-23 1.175127e-23 3.196466e-23 
1.318000e+00 2.026507e-23 1.171499e-23 3.198005e-23 
1.320000e+00 2.032162e-23 1.168032e-23 3.200194e-23 
1.322000e+00 2.037004e-23 1.164849e-23 3.201852e-23 
1.324000e+00 2.037910e-23 1.161325e-23 3.199235e-23 
1.326000e+00 2.039883e-23 1.158146e-23 3.198029e-23 
1.328000e+00 2.040872e-23 1.154776e-23 3.195648e-23 
1.330000e+00 2.040636e-23 1.151475e-23 3.192110e-23 
1.332000e+00 2.040379e-23 1.147917e-23 3.188297e-23 
1.334000e+00 2.040299e-23 1.144597e-23 3.184896e-23 
1.336000e+00 2.038681e-23 1.141295e-23 3.179976e-23 
1.338000e+00 2.037467e-23 1.137800e-23 3.175266e-23 
1.340000e+00 2.035878e-23 1.134826e-23 3.170704e-23 
1.342000e+00 2.033764e-23 1.131271e-23 3.165036e-23 
1.344000e+00 2.032266e-23 1.127715e-23 3.159981e-23 
1.346000e+00 2.030003e-23 1.124276e-23 3.154279e-23 
1.348000e+00 2.027243e-23 1.121228e-23 3.148472e-23 
1.350000e+00 2.025009e-23 1.117691e-23 3.142700e-23 
1.352000e+00 2.022742e-23 1.114833e-23 3.137575e-23 
1.354000e+00 2.019746e-23 1.111663e-23 3.131409e-23 
1.356000e+00 2.017028e-23 1.108592e-23 3.125619e-23 
1.358000e+00 2.014806e-23 1.105406e-23 3.120212e-23 
1.360000e+00 2.011270e-23 1.101804e-23 3.113074e-23 
1.362000e+00 2.008633e-23 1.098725e-23 3.107359e-23 
1.364000e+00 2.005714e-23 1.095452e-23 3.101165e-23 
1.366000e+00 2.002648e-23 1.092322e-23 3.094970e-23 
1.368000e+00 1.998873e-23 1.089285e-23 3.088158e-23 
1.370000e+00 1.995880e-23 1.086009e-23 3.081889e-23 
1.372000e+00 1.991946e-23 1.082774e-23 3.074720e-23 
1.374000e+00 1.988905e-23 1.079530e-23 3.068434e-23 
1.376000e+00 1.985329e-23 1.076371e-23 3.061699e-23 
1.378000e+00 1.981978e-23 1.073156e-23 3.055134e-23 
1.380000e+00 1.978617e-23 1.069628e-23 3.048245e-23 
1.382000e+00 1.975761e-23 1.067078e-23 3.042839e-23 
1.384000e+00 1.971640e-23 1.064143e-23 3.035783e-23 
1.386000e+00 1.967668e-23 1.061092e-23 3.028760e-23 
1.388000e+00 1.963767e-23 1.057980e-23 3.021748e-23 
1.390000e+00 1.960498e-23 1.055171e-23 3.015669e-23 
1.392000e+00 1.956276e-23 1.052386e-23 3.008662e-23 
1.394000e+00 1.953139e-23 1.048865e-23 3.002004e-23 
1.396000e+00 1.949161e-23 1.046099e-23 2.995260e-23 
1.398000e+00 1.945678e-23 1.042957e-23 2.988635e-23 
1.400000e+00 1.941431e-23 1.040280e-23 2.981711e-23 
1.402000e+00 1.937477e-23 1.037261e-23 2.974738e-23 
1.404000e+00 1.933860e-23 1.034378e-23 2.968239e-23 
1.406000e+00 1.929774e-23 1.030818e-23 2.960593e-23 
1.408000e+00 1.925862e-23 1.027954e-23 2.953815e-23 
1.410000e+00 1.922580e-23 1.024899e-23 2.947479e-23 
1.412000e+00 1.917951e-23 1.022037e-23 2.939988e-23 
1.414000e+00 1.914460e-23 1.019371e-23 2.933831e-23 
1.416000e+00 1.910265e-23 1.016499e-23 2.926763e-23 
1.418000e+00 1.906450e-23 1.013979e-23 2.920429e-23 
1.420000e+00 1.902398e-23 1.010937e-23 2.913335e-23 
1.422000e+00 1.898630e-23 1.008309e-23 2.906939e-23 
1.424000e+00 1.894696e-23 1.005565e-23 2.900261e-23 
1.426000e+00 1.890413e-23 1.002616e-23 2.893029e-23 
1.428000e+00 1.886001e-23 1.000141e-23 2.886142e-23 
1.430000e+00 1.881755e-23 9.971735e-24 2.878928e-23 
1.432000e+00 1.877652e-23 9.941527e-24 2.871804e-23 
1.434000e+00 1.873999e-23 9.915088e-24 2.865507e-23 
1.436000e+00 1.870279e-23 9.889012e-24 2.859180e-23 
1.438000e+00 1.866384e-23 9.863506e-24 2.852735e-23 
1.440000e+00 1.862619e-23 9.830519e-24 2.845671e-23 
1.442000e+00 1.858680e-23 9.803094e-24 2.838989e-23 
1.444000e+00 1.853899e-23 9.776784e-24 2.831577e-23 
1.446000e+00 1.850069e-23 9.749731e-24 2.825042e-23 
1.448000e+00 1.846243e-23 9.721062e-24 2.818349e-23 
1.450000e+00 1.842150e-23 9.699478e-24 2.812098e-23 
1.452000e+00 1.837550e-23 9.671704e-24 2.804721e-23 
1.454000e+00 1.833583e-23 9.643437e-24 2.797927e-23 
1.456000e+00 1.829283e-23 9.620523e-24 2.791335e-23 
1.458000e+00 1.825321e-23 9.592346e-24 2.784555e-23 
1.460000e+00 1.821256e-23 9.570228e-24 2.778278e-23 
1.462000e+00 1.817143e-23 9.541808e-24 2.771324e-23 
1.464000e+00 1.813215e-23 9.511381e-24 2.764353e-23 
1.466000e+00 1.809063e-23 9.487463e-24 2.757809e-23 
1.468000e+00 1.805279e-23 9.462160e-24 2.751495e-23 
1.470000e+00 1.801223e-23 9.437706e-24 2.744994e-23 
1.472000e+00 1.797017e-23 9.408191e-24 2.737837e-23 
1.474000e+00 1.793475e-23 9.386528e-24 2.732128e-23 
1.476000e+00 1.789154e-23 9.357477e-24 2.724901e-23 
1.478000e+00 1.794190e-23 9.333649e-24 2.727555e-23 
1.480000e+00 1.781421e-23 9.308807e-24 2.712301e-23 
1.482000e+00 1.777223e-23 9.279375e-24 2.705161e-23 
1.484000e+00 1.773316e-23 9.254205e-24 2.698737e-23 
1.486000e+00 1.769181e-23 9.231297e-24 2.692311e-23 
1.488000e+00 1.764818e-23 9.205704e-24 2.685388e-23 
1.490000e+00 1.761181e-23 9.185724e-24 2.679754e-23 
1.492000e+00 1.756464e-23 9.159928e-24 2.672457e-23 
1.494000e+00 1.752951e-23 9.136072e-24 2.666558e-23 
1.496000e+00 1.748584e-23 9.110369e-24 2.659621e-23 
1.498000e+00 1.744627e-23 9.084687e-24 2.653096e-23 
1.500000e+00 1.740772e-23 9.059118e-24 2.646684e-23 
1.502000e+00 1.736218e-23 9.034438e-24 2.639662e-23 
1.504000e+00 1.732489e-23 9.007793e-24 2.633268e-23 
1.506000e+00 1.728559e-23 8.983334e-24 2.626893e-23 
1.508000e+00 1.724747e-23 8.957594e-24 2.620507e-23 
1.510000e+00 1.720876e-23 8.933163e-24 2.614192e-23 
1.512000e+00 1.716321e-23 8.912125e-24 2.607534e-23 
1.514000e+00 1.712516e-23 8.885865e-24 2.601103e-23 
1.516000e+00 1.708525e-23 8.865385e-24 2.595064e-23 
1.518000e+00 1.704419e-23 8.837839e-24 2.588203e-23 
1.520000e+00 1.700346e-23 8.817001e-24 2.582046e-23 
1.522000e+00 1.696654e-23 8.795295e-24 2.576183e-23 
1.524000e+00 1.692455e-23 8.768572e-24 2.569313e-23 
1.526000e+00 1.688264e-23 8.747231e-24 2.562987e-23 
1.528000e+00 1.684272e-23 8.725843e-24 2.556856e-23 
1.530000e+00 1.680056e-23 8.704884e-24 2.550544e-23 
1.532000e+00 1.676921e-23 8.677196e-24 2.544640e-23 
1.534000e+00 1.672514e-23 8.654714e-24 2.537985e-23 
1.536000e+00 1.669295e-23 8.631621e-24 2.532457e-23 
1.538000e+00 1.664977e-23 8.610444e-24 2.526022e-23 
1.540000e+00 1.660928e-23 8.583100e-24 2.519238e-23 
1.542000e+00 1.656846e-23 8.562438e-24 2.513090e-23 
1.544000e+00 1.653084e-23 8.538653e-24 2.506949e-23 
1.546000e+00 1.648856e-23 8.517690e-24 2.500625e-23 
1.548000e+00 1.645366e-23 8.494920e-24 2.494858e-23 
1.550000e+00 1.641221e-23 8.471412e-24 2.488362e-23 
1.552000e+00 1.637613e-23 8.448254e-24 2.482438e-23 
1.554000e+00 1.633259e-23 8.428192e-24 2.476078e-23 
1.556000e+00 1.629782e-23 8.407451e-24 2.470527e-23 
1.558000e+00 1.626097e-23 8.385905e-24 2.464688e-23 
1.560000e+00 1.621722e-23 8.360894e-24 2.457811e-23 
1.562000e+00 1.618167e-23 8.342432e-24 2.452410e-23 
1.564000e+00 1.613735e-23 8.320313e-24 2.445766e-23 
1.566000e+00 1.610015e-23 8.296471e-24 2.439662e-23 
1.568000e+00 1.606172e-23 8.277723e-24 2.433944e-23 
1.570000e+00 1.602489e-23 8.252864e-24 2.427776e-23 
1.572000e+00 1.598905e-23 8.230320e-24 2.421937e-23 
1.574000e+00 1.594839e-23 8.211195e-24 2.415958e-23 
1.576000e+00 1.591245e-23 8.188139e-24 2.410059e-23 
1.578000e+00 1.586791e-23 8.170358e-24 2.403827e-23 
1.580000e+00 1.582704e-23 8.145527e-24 2.397257e-23 
1.582000e+00 1.579218e-23 8.122455e-24 2.391464e-23 
1.584000e+00 1.575216e-23 8.101293e-24 2.385346e-23 
1.586000e+00 1.571419e-23 8.078257e-24 2.379245e-23 
1.588000e+00 1.567470e-23 8.059520e-24 2.373422e-23 
1.590000e+00 1.563824e-23 8.038379e-24 2.367662e-23 
1.592000e+00 1.560447e-23 8.019975e-24 2.362444e-23 
1.594000e+00 1.556604e-23 8.000206e-24 2.356624e-23 
1.596000e+00 1.553295e-23 7.979247e-24 2.351219e-23 
1.598000e+00 1.549315e-23 7.960540e-24 2.345369e-23 
1.600000e+00 1.545226e-23 7.940393e-24 2.339266e-23 
1.602000e+00 1.541436e-23 7.922063e-24 2.333642e-23 
1.604000e+00 1.537434e-23 7.896250e-24 2.327059e-23 
1.606000e+00 1.534118e-23 7.875126e-24 2.321631e-23 
1.608000e+00 1.530817e-23 7.853613e-24 2.316178e-23 
1.610000e+00 1.526602e-23 7.833969e-24 2.309999e-23 
1.612000e+00 1.522667e-23 7.813389e-24 2.304006e-23 
1.614000e+00 1.519354e-23 7.795986e-24 2.298952e-23 
1.616000e+00 1.515073e-23 7.774669e-24 2.292540e-23 
1.618000e+00 1.510879e-23 7.751732e-24 2.286053e-23 
1.620000e+00 1.507414e-23 7.733168e-24 2.280731e-23 
1.622000e+00 1.504087e-23 7.710324e-24 2.275120e-23 
1.624000e+00 1.500006e-23 7.696723e-24 2.269678e-23 
1.626000e+00 1.496612e-23 7.675422e-24 2.264154e-23 
1.628000e+00 1.493036e-23 7.658212e-24 2.258857e-23 
1.630000e+00 1.489511e-23 7.638982e-24 2.253409e-23 
1.632000e+00 1.486219e-23 7.622681e-24 2.248487e-23 
1.634000e+00 1.482309e-23 7.602612e-24 2.242570e-23 
1.636000e+00 1.478289e-23 7.584806e-24 2.236770e-23 
1.638000e+00 1.474850e-23 7.564418e-24 2.231292e-23 
1.640000e+00 1.471169e-23 7.547637e-24 2.225933e-23 
1.642000e+00 1.467486e-23 7.527935e-24 2.220280e-23 
1.644000e+00 1.463916e-23 7.510333e-24 2.214949e-23 
1.646000e+00 1.460330e-23 7.488003e-24 2.209131e-23 
1.648000e+00 1.456743e-23 7.471485e-24 2.203892e-23 
1.650000e+00 1.452784e-23 7.450196e-24 2.197804e-23 
1.652000e+00 1.448791e-23 7.432800e-24 2.192071e-23 
1.654000e+00 1.445384e-23 7.416184e-24 2.187002e-23 
1.656000e+00 1.441617e-23 7.394709e-24 2.181088e-23 
1.658000e+00 1.437906e-23 7.378303e-24 2.175736e-23 
1.660000e+00 1.434944e-23 7.361606e-24 2.171105e-23 
1.662000e+00 1.431391e-23 7.338746e-24 2.165266e-23 
1.664000e+00 1.427265e-23 7.321056e-24 2.159371e-23 
1.666000e+00 1.423593e-23 7.302244e-24 2.153817e-23 
1.668000e+00 1.419821e-23 7.284928e-24 2.148314e-23 
1.670000e+00 1.416848e-23 7.268744e-24 2.143723e-23 
1.672000e+00 1.413219e-23 7.251322e-24 2.138351e-23 
1.674000e+00 1.409222e-23 7.234083e-24 2.132630e-23 
1.676000e+00 1.406058e-23 7.215641e-24 2.127623e-23 
1.678000e+00 1.402391e-23 7.199323e-24 2.122323e-23 
1.680000e+00 1.398488e-23 7.179592e-24 2.116448e-23 
1.682000e+00 1.395427e-23 7.162730e-24 2.111700e-23 
1.684000e+00 1.391541e-23 7.145278e-24 2.106068e-23 
1.686000e+00 1.388433e-23 7.129111e-24 2.101344e-23 
1.688000e+00 1.384275e-23 7.109336e-24 2.095209e-23 
1.690000e+00 1.381156e-23 7.092313e-24 2.090388e-23 
1.692000e+00 1.377430e-23 7.072981e-24 2.084728e-23 
1.694000e+00 1.374308e-23 7.054502e-24 2.079758e-23 
1.696000e+00 1.371154e-23 7.036685e-24 2.074822e-23 
1.698000e+00 1.366986e-23 7.018163e-24 2.068803e-23 
1.700000e+00 1.363958e-23 7.000497e-24 2.064008e-23 
1.702000e+00 1.359845e-23 6.982959e-24 2.058141e-23 
1.704000e+00 1.356581e-23 6.969521e-24 2.053533e-23 
1.706000e+00 1.353237e-23 6.952392e-24 2.048477e-23 
1.708000e+00 1.349105e-23 6.931219e-24 2.042227e-23 
1.710000e+00 1.346314e-23 6.919103e-24 2.038224e-23 
1.712000e+00 1.342781e-23 6.899644e-24 2.032746e-23 
1.714000e+00 1.338706e-23 6.880904e-24 2.026797e-23 
1.716000e+00 1.335465e-23 6.868137e-24 2.022278e-23 
1.718000e+00 1.331818e-23 6.846865e-24 2.016504e-23 
1.720000e+00 1.328598e-23 6.905140e-24 2.019112e-23 
1.722000e+00 1.324633e-23 6.814528e-24 2.006085e-23 
1.724000e+00 1.320908e-23 6.796171e-24 2.000525e-23 
1.726000e+00 1.317685e-23 6.783324e-24 1.996018e-23 
1.728000e+00 1.314216e-23 6.761766e-24 1.990392e-23 
1.730000e+00 1.310801e-23 6.748828e-24 1.985684e-23 
1.732000e+00 1.307355e-23 6.729323e-24 1.980287e-23 
1.734000e+00 1.303882e-23 6.710413e-24 1.974923e-23 
1.736000e+00 1.300192e-23 6.694535e-24 1.969645e-23 
1.738000e+00 1.297039e-23 6.675885e-24 1.964628e-23 
1.740000e+00 1.293744e-23 6.662312e-24 1.959976e-23 
1.742000e+00 1.289516e-23 6.648009e-24 1.954317e-23 
1.744000e+00 1.285932e-23 6.632404e-24 1.949172e-23 
1.746000e+00 1.282426e-23 6.618563e-24 1.944283e-23 
1.748000e+00 1.278813e-23 6.599638e-24 1.938777e-23 
1.750000e+00 1.275472e-23 6.583138e-24 1.933786e-23 
1.752000e+00 1.271854e-23 6.567926e-24 1.928647e-23 
1.754000e+00 1.268263e-23 6.553835e-24 1.923647e-23 
1.756000e+00 1.264765e-23 6.537369e-24 1.918502e-23 
1.758000e+00 1.261374e-23 6.524275e-24 1.913801e-23 
1.760000e+00 1.257777e-23 6.508635e-24 1.908641e-23 
1.762000e+00 1.254052e-23 6.493033e-24 1.903356e-23 
1.764000e+00 1.250630e-23 6.474500e-24 1.898080e-23 
1.766000e+00 1.247072e-23 6.457747e-24 1.892847e-23 
1.768000e+00 1.243202e-23 6.442478e-24 1.887450e-23 
1.770000e+00 1.239864e-23 6.428343e-24 1.882698e-23 
1.772000e+00 1.235996e-23 6.413471e-24 1.877343e-23 
1.774000e+00 1.232452e-23 6.398366e-24 1.872288e-23 
1.776000e+00 1.228237e-23 6.381248e-24 1.866362e-23 
1.778000e+00 1.224773e-23 6.367386e-24 1.861511e-23 
1.780000e+00 1.220825e-23 6.350247e-24 1.855850e-23 
1.782000e+00 1.217215e-23 6.334104e-24 1.850625e-23 
1.784000e+00 1.212882e-23 6.324902e-24 1.845372e-23 
1.786000e+00 1.209165e-23 6.310708e-24 1.840236e-23 
1.788000e+00 1.204931e-23 6.292552e-24 1.834186e-23 
1.790000e+00 1.201311e-23 6.276744e-24 1.828986e-23 
1.792000e+00 1.197525e-23 6.265338e-24 1.824059e-23 
1.794000e+00 1.193152e-23 6.249055e-24 1.818057e-23 
1.796000e+00 1.189354e-23 6.236070e-24 1.812961e-23 
1.798000e+00 1.185778e-23 6.218946e-24 1.807672e-23 
1.800000e+00 1.181304e-23 6.207723e-24 1.802076e-23 
1.802000e+00 1.176702e-23 6.190529e-24 1.795755e-23 
1.804000e+00 1.172387e-23 6.174833e-24 1.789870e-23 
1.806000e+00 1.168086e-23 6.163782e-24 1.784465e-23 
1.808000e+00 1.162813e-23 6.148093e-24 1.777622e-23 
1.810000e+00 1.158553e-23 6.130043e-24 1.771557e-23 
1.812000e+00 1.153224e-23 6.120509e-24 1.765275e-23 
1.814000e+00 1.148712e-23 6.104717e-24 1.759184e-23 
1.816000e+00 1.142161e-23 6.089346e-24 1.751095e-23 
1.818000e+00 1.136609e-23 6.075784e-24 1.744188e-23 
1.820000e+00 1.130862e-23 6.059845e-24 1.736847e-23 
1.822000e+00 1.124309e-23 6.048427e-24 1.729152e-23 
1.824000e+00 1.116539e-23 6.031839e-24 1.719723e-23 
1.826000e+00 1.107765e-23 6.018509e-24 1.709615e-23 
1.828000e+00 1.100112e-23 6.002557e-24 1.700368e-23 
1.830000e+00 1.092068e-23 5.991255e-24 1.691194e-23 
1.832000e+00 1.084504e-23 5.979996e-24 1.682504e-23 
1.834000e+00 1.077759e-23 5.961948e-24 1.673954e-23 
1.836000e+00 1.070034e-23 5.950708e-24 1.665105e-23 
1.838000e+00 1.063883e-23 5.933465e-24 1.657229e-23 
1.840000e+00 1.060692e-23 5.920160e-24 1.652708e-23 
1.842000e+00 1.058700e-23 5.910970e-24 1.649797e-23 
1.844000e+00 1.056474e-23 5.892939e-24 1.645768e-23 
1.846000e+00 1.054230e-23 5.880183e-24 1.642249e-23 
1.848000e+00 1.056448e-23 5.867211e-24 1.643169e-23 
1.850000e+00 1.059013e-23 5.851025e-24 1.644115e-23 
1.852000e+00 1.062370e-23 5.838146e-24 1.646184e-23 
1.854000e+00 1.064383e-23 5.825738e-24 1.646956e-23 
1.856000e+00 1.068236e-23 5.809546e-24 1.649191e-23 
1.858000e+00 1.071649e-23 5.797614e-24 1.651410e-23 
1.860000e+00 1.075413e-23 5.785640e-24 1.653977e-23 
1.862000e+00 1.079100e-23 5.766589e-24 1.655759e-23 
1.864000e+00 1.079983e-23 5.756823e-24 1.655665e-23 
1.866000e+00 1.080786e-23 5.743569e-24 1.655143e-23 
1.868000e+00 1.081422e-23 5.730149e-24 1.654437e-23 
1.870000e+00 1.082010e-23 5.716990e-24 1.653709e-23 
1.872000e+00 1.081968e-23 5.705165e-24 1.652485e-23 
1.874000e+00 1.081301e-23 5.692563e-24 1.650558e-23 
1.876000e+00 1.081085e-23 5.679080e-24 1.648993e-23 
1.878000e+00 1.081126e-23 5.666203e-24 1.647747e-23 
1.880000e+00 1.080540e-23 5.657856e-24 1.646326e-23 
1.882000e+00 1.080595e-23 5.645168e-24 1.645112e-23 
1.884000e+00 1.079909e-23 5.633324e-24 1.643241e-23 
1.886000e+00 1.079160e-23 5.619131e-24 1.641073e-23 
1.888000e+00 1.078375e-23 5.605696e-24 1.638944e-23 
1.890000e+00 1.076960e-23 5.594680e-24 1.636428e-23 
1.892000e+00 1.076431e-23 5.580721e-24 1.634503e-23 
1.894000e+00 1.075483e-23 5.567305e-24 1.632214e-23 
1.896000e+00 1.074073e-23 5.555177e-24 1.629591e-23 
1.898000e+00 1.073323e-23 5.542324e-24 1.627556e-23 
1.900000e+00 1.071856e-23 5.529302e-24 1.624786e-23 
1.902000e+00 1.070466e-23 5.515183e-24 1.621984e-23 
1.904000e+00 1.068896e-23 5.506935e-24 1.619590e-23 
1.906000e+00 1.067755e-23 5.493450e-24 1.617100e-23 
1.908000e+00 1.066949e-23 5.480584e-24 1.615007e-23 
1.910000e+00 1.065381e-23 5.466871e-24 1.612068e-23 
1.912000e+00 1.063986e-23 5.457273e-24 1.609713e-23 
1.914000e+00 1.062595e-23 5.444674e-24 1.607063e-23 
1.916000e+00 1.061613e-23 5.431581e-24 1.604771e-23 
1.918000e+00 1.060280e-23 5.418709e-24 1.602150e-23 
1.920000e+00 1.059028e-23 5.408897e-24 1.599917e-23 
1.922000e+00 1.057325e-23 5.397338e-24 1.597058e-23 
1.924000e+00 1.055731e-23 5.380094e-24 1.593740e-23 
1.926000e+00 1.054306e-23 5.374410e-24 1.591747e-23 
1.928000e+00 1.053106e-23 5.359554e-24 1.589061e-23 
1.930000e+00 1.051264e-23 5.346845e-24 1.585948e-23 
1.932000e+00 1.049657e-23 5.338242e-24 1.583481e-23 
1.934000e+00 1.048374e-23 5.324267e-24 1.580801e-23 
1.936000e+00 1.046866e-23 5.309443e-24 1.577810e-23 
1.938000e+00 1.045166e-23 5.300754e-24 1.575241e-23 
1.940000e+00 1.043843e-23 5.288451e-24 1.572688e-23 
1.942000e+00 1.042238e-23 5.273804e-24 1.569618e-23 
1.944000e+00 1.040724e-23 5.265191e-24 1.567243e-23 
1.946000e+00 1.039248e-23 5.249372e-24 1.564185e-23 
1.948000e+00 1.037646e-23 5.234926e-24 1.561139e-23 
1.950000e+00 1.035867e-23 5.226808e-24 1.558548e-23 
1.952000e+00 1.033673e-23 5.213300e-24 1.555003e-23 
1.954000e+00 1.032230e-23 5.203484e-24 1.552578e-23 
1.956000e+00 1.030537e-23 5.190393e-24 1.549577e-23 
1.958000e+00 1.029612e-23 5.180292e-24 1.547641e-23 
1.960000e+00 1.028081e-23 5.170715e-24 1.545152e-23 
1.962000e+00 1.026464e-23 5.156300e-24 1.542094e-23 
1.964000e+00 1.024659e-23 5.147777e-24 1.539437e-23 
1.966000e+00 1.023256e-23 5.136925e-24 1.536948e-23 
1.968000e+00 1.021629e-23 5.123142e-24 1.533943e-23 
1.970000e+00 1.019779e-23 5.114696e-24 1.531249e-23 
1.972000e+00 1.017641e-23 5.099532e-24 1.527594e-23 
1.974000e+00 1.015977e-23 5.089268e-24 1.524904e-23 
1.976000e+00 1.014384e-23 5.081441e-24 1.522528e-23 
1.978000e+00 1.012695e-23 5.065289e-24 1.519224e-23 
1.980000e+00 1.010937e-23 5.056380e-24 1.516575e-23 
1.982000e+00 1.009488e-23 5.046251e-24 1.514113e-23 
1.984000e+00 1.007885e-23 5.032496e-24 1.511135e-23 
1.986000e+00 1.006174e-23 5.021842e-24 1.508359e-23 
1.988000e+00 1.004421e-23 5.012750e-24 1.505696e-23 
1.990000e+00 1.002819e-23 4.996522e-24 1.502471e-23 
1.992000e+00 1.001016e-23 4.988402e-24 1.499856e-23 
1.994000e+00 9.992889e-24 4.979411e-24 1.497230e-23 
1.996000e+00 9.977176e-24 4.964713e-24 1.494189e-23 
1.998000e+00 9.961097e-24 4.954962e-24 1.491606e-23 
2.000000e+00 9.940279e-24 4.944633e-24 1.488491e-23 
2.002000e+00 9.925487e-24 4.936110e-24 1.486160e-23 
2.004000e+00 9.908186e-24 4.924002e-24 1.483219e-23 
2.006000e+00 9.892045e-24 4.913806e-24 1.480585e-23 
2.008000e+00 9.873628e-24 4.902925e-24 1.477655e-23 
2.010000e+00 9.857239e-24 4.893463e-24 1.475070e-23 
2.012000e+00 9.841602e-24 4.883914e-24 1.472552e-23 
2.014000e+00 9.823634e-24 4.873240e-24 1.469687e-23 
2.016000e+00 9.804692e-24 4.863253e-24 1.466795e-23 
2.018000e+00 9.787700e-24 4.854297e-24 1.464200e-23 
2.020000e+00 9.768515e-24 4.843795e-24 1.461231e-23 
2.022000e+00 9.752317e-24 4.833080e-24 1.458540e-23 
2.024000e+00 9.733482e-24 4.822537e-24 1.455602e-23 
2.026000e+00 9.715343e-24 4.811471e-24 1.452681e-23 
2.028000e+00 9.699050e-24 4.802107e-24 1.450116e-23 
2.030000e+00 9.680647e-24 4.792360e-24 1.447301e-23 
2.032000e+00 9.662034e-24 4.781700e-24 1.444373e-23 
2.034000e+00 9.653543e-24 4.771367e-24 1.442491e-23 
2.036000e+00 9.631700e-24 4.755681e-24 1.438738e-23 
2.038000e+00 9.615598e-24 4.745317e-24 1.436092e-23 
2.040000e+00 9.604162e-24 4.734742e-24 1.433890e-23 
2.042000e+00 9.586081e-24 4.723235e-24 1.430932e-23 
2.044000e+00 9.567139e-24 4.718948e-24 1.428609e-23 
2.046000e+00 9.548321e-24 4.707269e-24 1.425559e-23 
2.048000e+00 9.533922e-24 4.696429e-24 1.423035e-23 
2.050000e+00 9.512772e-24 4.686296e-24 1.419907e-23 
2.052000e+00 9.493285e-24 4.677140e-24 1.417043e-23 
2.054000e+00 9.483440e-24 4.688502e-24 1.417194e-23 
2.056000e+00 9.465613e-24 4.654357e-24 1.411997e-23 
2.058000e+00 9.447956e-24 4.650151e-24 1.409811e-23 
2.060000e+00 9.429022e-24 4.638326e-24 1.406735e-23 
2.062000e+00 9.409598e-24 4.627628e-24 1.403723e-23 
2.064000e+00 9.396473e-24 4.616330e-24 1.401280e-23 
2.066000e+00 9.379957e-24 4.605467e-24 1.398542e-23 
2.068000e+00 9.358904e-24 4.594940e-24 1.395384e-23 
2.070000e+00 9.351124e-24 4.587042e-24 1.393817e-23 
2.072000e+00 9.329774e-24 4.577240e-24 1.390701e-23 
2.074000e+00 9.314520e-24 4.567698e-24 1.388222e-23 
2.076000e+00 9.296395e-24 4.555863e-24 1.385226e-23 
2.078000e+00 9.278419e-24 4.545989e-24 1.382441e-23 
2.080000e+00 9.266148e-24 4.538763e-24 1.380491e-23 
2.082000e+00 9.247557e-24 4.528502e-24 1.377606e-23 
2.084000e+00 9.228839e-24 4.516154e-24 1.374499e-23 
2.086000e+00 9.209348e-24 4.505266e-24 1.371461e-23 
2.088000e+00 9.188936e-24 4.495397e-24 1.368433e-23 
2.090000e+00 9.176585e-24 4.488157e-24 1.366474e-23 
2.092000e+00 9.158796e-24 4.477434e-24 1.363623e-23 
2.094000e+00 9.147428e-24 4.471713e-24 1.361914e-23 
2.096000e+00 9.127990e-24 4.458976e-24 1.358697e-23 
2.098000e+00 9.114509e-24 4.452832e-24 1.356734e-23 
2.100000e+00 9.093043e-24 4.442543e-24 1.353559e-23 
2.102000e+00 9.082265e-24 4.436322e-24 1.351859e-23 
2.104000e+00 9.059831e-24 4.424016e-24 1.348385e-23 
2.106000e+00 9.041189e-24 4.418894e-24 1.346008e-23 
2.108000e+00 9.028851e-24 4.406528e-24 1.343538e-23 
2.110000e+00 9.008784e-24 4.400167e-24 1.340895e-23 
2.112000e+00 8.996080e-24 4.387171e-24 1.338325e-23 
2.114000e+00 8.978025e-24 4.382171e-24 1.336020e-23 
2.116000e+00 8.962930e-24 4.370045e-24 1.333297e-23 
2.118000e+00 8.942447e-24 4.365681e-24 1.330813e-23 
2.120000e+00 8.929514e-24 4.351435e-24 1.328095e-23 
2.122000e+00 8.907932e-24 4.345486e-24 1.325342e-23 
2.124000e+00 8.895088e-24 4.334557e-24 1.322964e-23 
2.126000e+00 8.876287e-24 4.327846e-24 1.320413e-23 
2.128000e+00 8.862644e-24 4.315868e-24 1.317851e-23 
2.130000e+00 8.841061e-24 4.310567e-24 1.315163e-23 
2.132000e+00 8.828880e-24 4.298237e-24 1.312712e-23 
2.134000e+00 8.809582e-24 4.289520e-24 1.309910e-23 
2.136000e+00 8.796636e-24 4.278506e-24 1.307514e-23 
2.138000e+00 8.781387e-24 4.272206e-24 1.305359e-23 
2.140000e+00 8.768094e-24 4.266402e-24 1.303450e-23 
2.142000e+00 8.747389e-24 4.253618e-24 1.300101e-23 
2.144000e+00 8.735663e-24 4.246810e-24 1.298247e-23 
2.146000e+00 8.720416e-24 4.240319e-24 1.296073e-23 
2.148000e+00 8.700141e-24 4.228098e-24 1.292824e-23 
2.150000e+00 8.687263e-24 4.222703e-24 1.290997e-23 
2.152000e+00 8.665286e-24 4.212678e-24 1.287796e-23 
2.154000e+00 8.649922e-24 4.203706e-24 1.285363e-23 
2.156000e+00 8.639295e-24 4.195517e-24 1.283481e-23 
2.158000e+00 8.616048e-24 4.189188e-24 1.280524e-23 
2.160000e+00 8.604131e-24 4.177355e-24 1.278149e-23 
2.162000e+00 8.591171e-24 4.169402e-24 1.276057e-23 
2.164000e+00 8.573404e-24 4.161433e-24 1.273484e-23 
2.166000e+00 8.559829e-24 4.155731e-24 1.271556e-23 
2.168000e+00 8.540839e-24 4.143484e-24 1.268432e-23 
2.170000e+00 8.526102e-24 4.136775e-24 1.266288e-23 
2.172000e+00 8.511208e-24 4.127552e-24 1.263876e-23 
2.174000e+00 8.496872e-24 4.115789e-24 1.261266e-23 
2.176000e+00 8.483881e-24 4.109091e-24 1.259297e-23 
2.178000e+00 8.460289e-24 4.102192e-24 1.256248e-23 
2.180000e+00 8.446595e-24 4.095063e-24 1.254166e-23 
2.182000e+00 8.433170e-24 4.083416e-24 1.251659e-23 
2.184000e+00 8.419487e-24 4.076044e-24 1.249553e-23 
2.186000e+00 8.404108e-24 4.068055e-24 1.247216e-23 
2.188000e+00 8.389496e-24 4.059240e-24 1.244874e-23 
2.190000e+00 8.367904e-24 4.048257e-24 1.241616e-23 
2.192000e+00 8.354784e-24 4.040707e-24 1.239549e-23 
2.194000e+00 8.341424e-24 4.033182e-24 1.237461e-23 
2.196000e+00 8.324186e-24 4.026172e-24 1.235036e-23 
2.198000e+00 8.311755e-24 4.017490e-24 1.232924e-23 
2.200000e+00 8.295519e-24 4.012063e-24 1.230758e-23 
2.202000e+00 8.281951e-24 4.004884e-24 1.228683e-23 
2.204000e+00 8.259994e-24 3.996571e-24 1.225657e-23 
2.206000e+00 8.243231e-24 3.988576e-24 1.223181e-23 
2.208000e+00 8.230497e-24 3.977524e-24 1.220802e-23 
2.210000e+00 8.214080e-24 3.969943e-24 1.218402e-23 
2.212000e+00 8.198949e-24 3.960111e-24 1.215906e-23 
2.214000e+00 8.185440e-24 3.953845e-24 1.213929e-23 
2.216000e+00 8.172113e-24 3.946178e-24 1.211829e-23 
2.218000e+00 8.154725e-24 3.937577e-24 1.209230e-23 
2.220000e+00 8.139778e-24 3.931534e-24 1.207131e-23 
2.222000e+00 8.123860e-24 3.923339e-24 1.204720e-23 
2.224000e+00 8.109547e-24 3.915741e-24 1.202529e-23 
2.226000e+00 8.092054e-24 3.907819e-24 1.199987e-23 
2.228000e+00 8.078588e-24 3.895699e-24 1.197429e-23 
2.230000e+00 8.062486e-24 3.887872e-24 1.195036e-23 
2.232000e+00 8.048024e-24 3.879398e-24 1.192742e-23 
2.234000e+00 8.032993e-24 3.872301e-24 1.190529e-23 
2.236000e+00 8.025824e-24 3.863944e-24 1.188977e-23 
2.238000e+00 8.008587e-24 3.856144e-24 1.186473e-23 
2.240000e+00 7.992799e-24 3.849274e-24 1.184207e-23 
2.242000e+00 7.977409e-24 3.840451e-24 1.181786e-23 
2.244000e+00 7.960966e-24 3.833356e-24 1.179432e-23 
2.246000e+00 7.948735e-24 3.824965e-24 1.177370e-23 
2.248000e+00 7.931660e-24 3.818046e-24 1.174971e-23 
2.250000e+00 7.916054e-24 3.810076e-24 1.172613e-23 
2.252000e+00 7.899032e-24 3.800457e-24 1.169949e-23 
2.254000e+00 7.883657e-24 3.797485e-24 1.168114e-23 
2.256000e+00 7.868387e-24 3.791452e-24 1.165984e-23 
2.258000e+00 7.852622e-24 3.782425e-24 1.163505e-23 
2.260000e+00 7.839341e-24 3.774062e-24 1.161340e-23 
2.262000e+00 7.827150e-24 3.765781e-24 1.159293e-23 
2.264000e+00 7.809959e-24 3.759396e-24 1.156935e-23 
2.266000e+00 7.797266e-24 3.751845e-24 1.154911e-23 
2.268000e+00 7.779748e-24 3.743198e-24 1.152295e-23 
2.270000e+00 7.764511e-24 3.733346e-24 1.149786e-23 
2.272000e+00 7.752056e-24 3.726169e-24 1.147823e-23 
2.274000e+00 7.741593e-24 3.803206e-24 1.154480e-23 
2.276000e+00 7.723487e-24 3.709291e-24 1.143278e-23 
2.278000e+00 7.708308e-24 3.705532e-24 1.141384e-23 
2.280000e+00 7.692551e-24 3.698625e-24 1.139118e-23 
2.282000e+00 7.681197e-24 3.689473e-24 1.137067e-23 
2.284000e+00 7.666405e-24 3.681221e-24 1.134763e-23 
2.286000e+00 7.656194e-24 3.673982e-24 1.133018e-23 
2.288000e+00 7.638298e-24 3.665396e-24 1.130369e-23 
2.290000e+00 7.624807e-24 3.656523e-24 1.128133e-23 
2.292000e+00 7.614000e-24 3.649920e-24 1.126392e-23 
2.294000e+00 7.599096e-24 3.644813e-24 1.124391e-23 
2.296000e+00 7.581393e-24 3.635030e-24 1.121642e-23 
2.298000e+00 7.564845e-24 3.628280e-24 1.119313e-23 
2.300000e+00 7.555576e-24 3.625861e-24 1.118144e-23 
2.302000e+00 7.538918e-24 3.617058e-24 1.115598e-23 
2.304000e+00 7.522683e-24 3.609032e-24 1.113171e-23 
2.306000e+00 7.516636e-24 3.600571e-24 1.111721e-23 
2.308000e+00 7.498666e-24 3.596245e-24 1.109491e-23 
2.310000e+00 7.488519e-24 3.587111e-24 1.107563e-23 
2.312000e+00 7.473675e-24 3.579278e-24 1.105295e-23 
2.314000e+00 7.461211e-24 3.575946e-24 1.103716e-23 
2.316000e+00 7.445595e-24 3.568660e-24 1.101425e-23 
2.318000e+00 7.435297e-24 3.559294e-24 1.099459e-23 
2.320000e+00 7.418893e-24 3.549351e-24 1.096824e-23 
2.322000e+00 7.400499e-24 3.546305e-24 1.094680e-23 
2.324000e+00 7.391631e-24 3.538609e-24 1.093024e-23 
2.326000e+00 7.376313e-24 3.528713e-24 1.090503e-23 
2.328000e+00 7.357553e-24 3.527468e-24 1.088502e-23 
2.330000e+00 7.350525e-24 3.517849e-24 1.086837e-23 
2.332000e+00 7.330840e-24 3.508054e-24 1.083889e-23 
2.334000e+00 7.312856e-24 3.505813e-24 1.081867e-23 
2.336000e+00 7.304673e-24 3.497051e-24 1.080172e-23 
2.338000e+00 7.289391e-24 3.487452e-24 1.077684e-23 
2.340000e+00 7.276067e-24 3.484869e-24 1.076094e-23 
2.342000e+00 7.267056e-24 3.475179e-24 1.074224e-23 
2.344000e+00 7.250302e-24 3.466737e-24 1.071704e-23 
2.346000e+00 7.241694e-24 3.462328e-24 1.070402e-23 
2.348000e+00 7.230223e-24 3.456171e-24 1.068639e-23 
2.350000e+00 7.215598e-24 3.450716e-24 1.066631e-23 
2.352000e+00 7.202820e-24 3.441231e-24 1.064405e-23 
2.354000e+00 7.192782e-24 3.438398e-24 1.063118e-23 
2.356000e+00 7.176081e-24 3.429455e-24 1.060554e-23 
2.358000e+00 7.166707e-24 3.424148e-24 1.059085e-23 
2.360000e+00 7.147484e-24 3.416077e-24 1.056356e-23 
2.362000e+00 7.136317e-24 3.411679e-24 1.054800e-23 
2.364000e+00 7.119968e-24 3.403016e-24 1.052298e-23 
2.366000e+00 7.110525e-24 3.398079e-24 1.050860e-23 
2.368000e+00 7.091503e-24 3.391395e-24 1.048290e-23 
2.370000e+00 7.082387e-24 3.383086e-24 1.046547e-23 
2.372000e+00 7.062203e-24 3.377112e-24 1.043932e-23 
2.374000e+00 7.052415e-24 3.372976e-24 1.042539e-23 
2.376000e+00 7.043565e-24 3.363567e-24 1.040713e-23 
2.378000e+00 7.031505e-24 3.359571e-24 1.039108e-23 
2.380000e+00 7.014650e-24 3.351797e-24 1.036645e-23 
2.382000e+00 7.005243e-24 3.348199e-24 1.035344e-23 
2.384000e+00 6.991630e-24 3.337900e-24 1.032953e-23 
2.386000e+00 6.976333e-24 3.334079e-24 1.031041e-23 
2.388000e+00 6.964006e-24 3.324723e-24 1.028873e-23 
2.390000e+00 6.947661e-24 3.322435e-24 1.027010e-23 
2.392000e+00 6.936823e-24 3.310935e-24 1.024776e-23 
2.394000e+00 6.924717e-24 3.307387e-24 1.023210e-23 
2.396000e+00 6.907235e-24 3.298666e-24 1.020590e-23 
2.398000e+00 6.898532e-24 3.294761e-24 1.019329e-23 
2.400000e+00 6.886929e-24 3.289265e-24 1.017619e-23 
2.402000e+00 6.873426e-24 3.279200e-24 1.015263e-23 
2.404000e+00 6.865474e-24 3.277135e-24 1.014261e-23 
2.406000e+00 6.846062e-24 3.268178e-24 1.011424e-23 
2.408000e+00 6.834081e-24 3.262683e-24 1.009676e-23 
2.410000e+00 6.825652e-24 3.258413e-24 1.008407e-23 
2.412000e+00 6.812549e-24 3.248840e-24 1.006139e-23 
2.414000e+00 6.800716e-24 3.245178e-24 1.004589e-23 
2.416000e+00 6.782802e-24 3.239136e-24 1.002194e-23 
2.418000e+00 6.773669e-24 3.230500e-24 1.000417e-23 
2.420000e+00 6.761767e-24 3.227673e-24 9.989440e-24 
2.422000e+00 6.748654e-24 3.218565e-24 9.967219e-24 
2.424000e+00 6.739438e-24 3.213795e-24 9.953233e-24 
2.426000e+00 6.721790e-24 3.209491e-24 9.931281e-24 
2.428000e+00 6.709047e-24 3.200231e-24 9.909278e-24 
2.430000e+00 6.700309e-24 3.194786e-24 9.895095e-24 
2.432000e+00 6.688232e-24 3.191649e-24 9.879881e-24 
2.434000e+00 6.674443e-24 3.181024e-24 9.855467e-24 
2.436000e+00 6.665421e-24 3.177646e-24 9.843067e-24 
2.438000e+00 6.652525e-24 3.172794e-24 9.825319e-24 
2.440000e+00 6.640665e-24 3.164238e-24 9.804903e-24 
2.442000e+00 6.629220e-24 3.158573e-24 9.787793e-24 
2.444000e+00 6.620544e-24 3.154276e-24 9.774820e-24 
2.446000e+00 6.608657e-24 3.145428e-24 9.754084e-24 
2.448000e+00 6.588974e-24 3.140289e-24 9.729263e-24 
2.450000e+00 6.577945e-24 3.135938e-24 9.713883e-24 
2.452000e+00 6.566615e-24 3.126861e-24 9.693476e-24 
2.454000e+00 6.554104e-24 3.123447e-24 9.677551e-24 
2.456000e+00 6.544501e-24 3.117836e-24 9.662337e-24 
2.458000e+00 6.532632e-24 3.108572e-24 9.641204e-24 
2.460000e+00 6.518583e-24 3.102632e-24 9.621215e-24 
2.462000e+00 6.506861e-24 3.099739e-24 9.606601e-24 
2.464000e+00 6.496284e-24 3.094971e-24 9.591255e-24 
2.466000e+00 6.484617e-24 3.085172e-24 9.569789e-24 
2.468000e+00 6.475059e-24 3.080410e-24 9.555469e-24 
2.470000e+00 6.460513e-24 3.075101e-24 9.535614e-24 
2.472000e+00 6.448092e-24 3.070845e-24 9.518937e-24 
2.474000e+00 6.437195e-24 3.066251e-24 9.503447e-24 
2.476000e+00 6.420034e-24 3.057585e-24 9.477619e-24 
2.478000e+00 6.408111e-24 3.052287e-24 9.460398e-24 
2.480000e+00 6.396639e-24 3.047276e-24 9.443915e-24 
2.482000e+00 6.384441e-24 3.042376e-24 9.426817e-24 
2.484000e+00 6.372966e-24 3.038490e-24 9.411456e-24 
2.486000e+00 6.367528e-24 3.027447e-24 9.394975e-24 
2.488000e+00 6.355040e-24 3.023799e-24 9.378839e-24 
2.490000e+00 6.342796e-24 3.018267e-24 9.361064e-24 
2.492000e+00 6.329717e-24 3.013127e-24 9.342844e-24 
2.494000e+00 6.318705e-24 3.007927e-24 9.326633e-24 
2.496000e+00 6.306477e-24 2.999930e-24 9.306407e-24 
2.498000e+00 6.294989e-24 2.993853e-24 9.288843e-24 
2.500000e+00 6.282135e-24 2.989461e-24 9.271596e-24 
2.502000e+00 6.270866e-24 2.984748e-24 9.255614e-24 
2.504000e+00 6.259052e-24 2.980085e-24 9.239137e-24 
2.506000e+00 6.245793e-24 2.970744e-24 9.216537e-24 
2.508000e+00 6.240277e-24 2.965860e-24 9.206137e-24 
2.510000e+00 6.229786e-24 2.960721e-24 9.190507e-24 
2.512000e+00 6.217484e-24 2.956008e-24 9.173492e-24 
2.514000e+00 6.202715e-24 2.949754e-24 9.152469e-24 
2.516000e+00 6.191460e-24 2.946424e-24 9.137884e-24 
2.518000e+00 6.178879e-24 2.939361e-24 9.118241e-24 
2.520000e+00 6.169204e-24 2.936883e-24 9.106087e-24 
2.522000e+00 6.157067e-24 2.929566e-24 9.086633e-24 
2.524000e+00 6.149508e-24 2.920949e-24 9.070456e-24 
2.526000e+00 6.140067e-24 2.916262e-24 9.056329e-24 
2.528000e+00 6.126187e-24 2.911013e-24 9.037200e-24 
2.530000e+00 6.114878e-24 2.906953e-24 9.021830e-24 
2.532000e+00 6.108946e-24 2.901045e-24 9.009991e-24 
2.534000e+00 6.094891e-24 2.895242e-24 8.990132e-24 
2.536000e+00 6.084662e-24 2.890390e-24 8.975052e-24 
2.538000e+00 6.070688e-24 2.885269e-24 8.955956e-24 
2.540000e+00 6.057967e-24 2.881279e-24 8.939247e-24 
2.542000e+00 6.044141e-24 2.873868e-24 8.918009e-24 
2.544000e+00 6.041440e-24 2.870144e-24 8.911584e-24 
2.546000e+00 6.028250e-24 2.864516e-24 8.892767e-24 
2.548000e+00 6.014107e-24 2.887051e-24 8.901158e-24 
2.550000e+00 6.008647e-24 2.854932e-24 8.863578e-24 
2.552000e+00 5.996840e-24 2.849359e-24 8.846198e-24 
2.554000e+00 5.985717e-24 2.844136e-24 8.829853e-24 
2.556000e+00 5.978870e-24 2.840381e-24 8.819251e-24 
2.558000e+00 5.965269e-24 2.833910e-24 8.799178e-24 
2.560000e+00 5.951454e-24 2.828944e-24 8.780397e-24 
2.562000e+00 5.946930e-24 2.824083e-24 8.771013e-24 
2.564000e+00 5.935360e-24 2.814423e-24 8.749782e-24 
2.566000e+00 5.921270e-24 2.808748e-24 8.730018e-24 
2.568000e+00 5.910871e-24 2.803962e-24 8.714832e-24 
2.570000e+00 5.902551e-24 2.798348e-24 8.700899e-24 
2.572000e+00 5.890694e-24 2.794006e-24 8.684700e-24 
2.574000e+00 5.877119e-24 2.791780e-24 8.668900e-24 
2.576000e+00 5.866455e-24 2.786228e-24 8.652683e-24 
2.578000e+00 5.852609e-24 2.782414e-24 8.635023e-24 
2.580000e+00 5.846427e-24 2.776977e-24 8.623404e-24 
2.582000e+00 5.834001e-24 2.770877e-24 8.604878e-24 
2.584000e+00 5.819105e-24 2.766296e-24 8.585401e-24 
2.586000e+00 5.814486e-24 2.759831e-24 8.574317e-24 
2.588000e+00 5.801363e-24 2.754466e-24 8.555829e-24 
2.590000e+00 5.788297e-24 2.749506e-24 8.537803e-24 
2.592000e+00 5.783218e-24 2.745722e-24 8.528940e-24 
2.594000e+00 5.770047e-24 2.739838e-24 8.509884e-24 
2.596000e+00 5.763342e-24 2.734435e-24 8.497778e-24 
2.598000e+00 5.750726e-24 2.734588e-24 8.485314e-24 
2.600000e+00 5.736631e-24 2.727440e-24 8.464070e-24 
2.602000e+00 5.731512e-24 2.721935e-24 8.453447e-24 
2.604000e+00 5.721702e-24 2.717830e-24 8.439532e-24 
2.606000e+00 5.710822e-24 2.711397e-24 8.422219e-24 
2.608000e+00 5.698017e-24 2.706382e-24 8.404399e-24 
2.610000e+00 5.692281e-24 2.700793e-24 8.393074e-24 
2.612000e+00 5.684947e-24 2.694610e-24 8.379556e-24 
2.614000e+00 5.673711e-24 2.689653e-24 8.363364e-24 
2.616000e+00 5.658939e-24 2.683958e-24 8.342897e-24 
2.618000e+00 5.653296e-24 2.682790e-24 8.336086e-24 
2.620000e+00 5.641465e-24 2.678390e-24 8.319854e-24 
2.622000e+00 5.635179e-24 2.673413e-24 8.308592e-24 
2.624000e+00 5.620342e-24 2.667030e-24 8.287372e-24 
2.626000e+00 5.608899e-24 2.661896e-24 8.270795e-24 
2.628000e+00 5.601205e-24 2.656151e-24 8.257357e-24 
2.630000e+00 5.587819e-24 2.650318e-24 8.238137e-24 
2.632000e+00 5.582394e-24 2.645042e-24 8.227436e-24 
2.634000e+00 5.567892e-24 2.644300e-24 8.212193e-24 
2.636000e+00 5.555219e-24 2.639311e-24 8.194530e-24 
2.638000e+00 5.550935e-24 2.633945e-24 8.184880e-24 
2.640000e+00 5.540737e-24 2.628867e-24 8.169604e-24 
2.642000e+00 5.527770e-24 2.602703e-24 8.130473e-24 
2.644000e+00 5.522416e-24 2.621817e-24 8.144233e-24 
2.646000e+00 5.508873e-24 2.616445e-24 8.125318e-24 
2.648000e+00 5.500552e-24 2.608707e-24 8.109259e-24 
2.650000e+00 5.496217e-24 2.604861e-24 8.101079e-24 
2.652000e+00 5.481891e-24 2.599434e-24 8.081325e-24 
2.654000e+00 5.477345e-24 2.597755e-24 8.075101e-24 
2.656000e+00 5.462721e-24 2.592868e-24 8.055589e-24 
2.658000e+00 5.454606e-24 2.586972e-24 8.041578e-24 
2.660000e+00 5.440329e-24 2.580765e-24 8.021094e-24 
2.662000e+00 5.434690e-24 2.575363e-24 8.010053e-24 
2.664000e+00 5.422809e-24 2.575577e-24 7.998386e-24 
2.666000e+00 5.415453e-24 2.568159e-24 7.983612e-24 
2.668000e+00 5.401896e-24 2.563416e-24 7.965312e-24 
2.670000e+00 5.396037e-24 2.558862e-24 7.954899e-24 
2.672000e+00 5.382757e-24 2.572428e-24 7.955185e-24 
2.674000e+00 5.374723e-24 2.551845e-24 7.926568e-24 
2.676000e+00 5.359976e-24 2.545439e-24 7.905415e-24 
2.678000e+00 5.355477e-24 2.539815e-24 7.895292e-24 
2.680000e+00 5.346911e-24 2.532681e-24 7.879592e-24 
2.682000e+00 5.331932e-24 2.528823e-24 7.860755e-24 
2.684000e+00 5.327371e-24 2.526841e-24 7.854212e-24 
2.686000e+00 5.318976e-24 2.523315e-24 7.842290e-24 
2.688000e+00 5.305519e-24 2.515990e-24 7.821509e-24 
2.690000e+00 5.299897e-24 2.510002e-24 7.809899e-24 
2.692000e+00 5.285804e-24 2.508052e-24 7.793856e-24 
2.694000e+00 5.278393e-24 2.503602e-24 7.781995e-24 
2.696000e+00 5.272122e-24 2.498800e-24 7.770922e-24 
2.698000e+00 5.259329e-24 2.496928e-24 7.756257e-24 
2.700000e+00 5.250614e-24 2.490141e-24 7.740755e-24 
2.702000e+00 5.242097e-24 2.484583e-24 7.726680e-24 
2.704000e+00 5.232055e-24 2.483803e-24 7.715858e-24 
2.706000e+00 5.222420e-24 2.477311e-24 7.699731e-24 
2.708000e+00 5.215926e-24 2.472930e-24 7.688856e-24 
2.710000e+00 5.209288e-24 2.470675e-24 7.679964e-24 
2.712000e+00 5.196932e-24 2.465197e-24 7.662129e-24 
2.714000e+00 5.187653e-24 2.460096e-24 7.647749e-24 
2.716000e+00 5.180235e-24 2.459225e-24 7.639461e-24 
2.718000e+00 5.173512e-24 2.452766e-24 7.626278e-24 
2.720000e+00 5.165338e-24 2.446129e-24 7.611467e-24 
2.722000e+00 5.153432e-24 2.444940e-24 7.598372e-24 
2.724000e+00 5.146704e-24 2.439713e-24 7.586417e-24 
2.726000e+00 5.140163e-24 2.434219e-24 7.574381e-24 
2.728000e+00 5.125392e-24 2.431722e-24 7.557114e-24 
2.730000e+00 5.117594e-24 2.426635e-24 7.544229e-24 
2.732000e+00 5.110131e-24 2.420163e-24 7.530294e-24 
2.734000e+00 5.103913e-24 2.418880e-24 7.522793e-24 
2.736000e+00 5.089732e-24 2.414048e-24 7.503780e-24 
2.738000e+00 5.080746e-24 2.407936e-24 7.488682e-24 
2.740000e+00 5.073085e-24 2.406612e-24 7.479697e-24 
2.742000e+00 5.068313e-24 2.400167e-24 7.468479e-24 
2.744000e+00 5.060350e-24 2.395376e-24 7.455726e-24 
2.746000e+00 5.046156e-24 2.393849e-24 7.440006e-24 
2.748000e+00 5.038516e-24 2.387723e-24 7.426239e-24 
2.750000e+00 5.031517e-24 2.380983e-24 7.412500e-24 
2.752000e+00 5.017430e-24 2.379408e-24 7.396838e-24 
2.754000e+00 5.009588e-24 2.374189e-24 7.383777e-24 
2.756000e+00 5.001250e-24 2.372916e-24 7.374166e-24 
2.758000e+00 4.994999e-24 2.367680e-24 7.362679e-24 
2.760000e+00 4.988784e-24 2.360693e-24 7.349477e-24 
2.762000e+00 4.973255e-24 2.359643e-24 7.332898e-24 
2.764000e+00 4.965737e-24 2.354889e-24 7.320626e-24 
2.766000e+00 4.957612e-24 2.351121e-24 7.308733e-24 
2.768000e+00 4.952193e-24 2.346331e-24 7.298524e-24 
2.770000e+00 4.942675e-24 2.344051e-24 7.286726e-24 
2.772000e+00 4.934953e-24 2.339017e-24 7.273970e-24 
2.774000e+00 4.927104e-24 2.331579e-24 7.258683e-24 
2.776000e+00 4.912971e-24 2.331259e-24 7.244230e-24 
2.778000e+00 4.906063e-24 2.324989e-24 7.231053e-24 
2.780000e+00 4.900633e-24 2.323448e-24 7.224081e-24 
2.782000e+00 4.893026e-24 2.316643e-24 7.209669e-24 
2.784000e+00 4.883354e-24 2.316734e-24 7.200088e-24 
2.786000e+00 4.876289e-24 2.309914e-24 7.186203e-24 
2.788000e+00 4.867305e-24 2.308951e-24 7.176256e-24 
2.790000e+00 4.860683e-24 2.303233e-24 7.163915e-24 
2.792000e+00 4.846290e-24 2.295413e-24 7.141703e-24 
2.794000e+00 4.841620e-24 2.293972e-24 7.135592e-24 
2.796000e+00 4.831629e-24 2.289594e-24 7.121223e-24 
2.798000e+00 4.824171e-24 2.288472e-24 7.112643e-24 
2.800000e+00 4.815472e-24 2.281427e-24 7.096899e-24 
2.802000e+00 4.809231e-24 2.280397e-24 7.089629e-24 
2.804000e+00 4.801097e-24 2.273823e-24 7.074920e-24 
2.806000e+00 4.793562e-24 2.272297e-24 7.065860e-24 
2.808000e+00 4.786020e-24 2.266712e-24 7.052732e-24 
2.810000e+00 4.770783e-24 2.258667e-24 7.029450e-24 
2.812000e+00 4.765041e-24 2.258812e-24 7.023853e-24 
2.814000e+00 4.755410e-24 2.251586e-24 7.006996e-24 
2.816000e+00 4.748827e-24 2.251855e-24 7.000681e-24 
2.818000e+00 4.739505e-24 2.244457e-24 6.983962e-24 
2.820000e+00 4.733612e-24 2.241981e-24 6.975592e-24 
2.822000e+00 4.724563e-24 2.237935e-24 6.962498e-24 
2.824000e+00 4.716845e-24 2.235047e-24 6.951893e-24 
2.826000e+00 4.710920e-24 2.230167e-24 6.941087e-24 
2.828000e+00 4.698918e-24 2.228638e-24 6.927557e-24 
2.830000e+00 4.687287e-24 2.222926e-24 6.910213e-24 
2.832000e+00 4.678754e-24 2.220338e-24 6.899092e-24 
2.834000e+00 4.671874e-24 2.214800e-24 6.886673e-24 
2.836000e+00 4.663193e-24 2.212398e-24 6.875591e-24 
2.838000e+00 4.656676e-24 2.210901e-24 6.867577e-24 
2.840000e+00 4.646011e-24 2.204534e-24 6.850545e-24 
2.842000e+00 4.641912e-24 2.203457e-24 6.845370e-24 
2.844000e+00 4.631217e-24 2.196105e-24 6.827322e-24 
2.846000e+00 4.623048e-24 2.194950e-24 6.817998e-24 
2.848000e+00 4.617042e-24 2.188573e-24 6.805614e-24 
2.850000e+00 4.608492e-24 2.187197e-24 6.795689e-24 
2.852000e+00 4.606934e-24 2.181548e-24 6.788483e-24 
2.854000e+00 4.590988e-24 2.178292e-24 6.769280e-24 
2.856000e+00 4.583853e-24 2.172927e-24 6.756781e-24 
2.858000e+00 4.576152e-24 2.171151e-24 6.747303e-24 
2.860000e+00 4.567672e-24 2.165062e-24 6.732734e-24 
2.862000e+00 4.561583e-24 2.163315e-24 6.724899e-24 
2.864000e+00 4.550097e-24 2.161701e-24 6.711799e-24 
2.866000e+00 4.542814e-24 2.155512e-24 6.698326e-24 
2.868000e+00 4.534509e-24 2.152164e-24 6.686673e-24 
2.870000e+00 4.527323e-24 2.146550e-24 6.673873e-24 
2.872000e+00 4.518371e-24 2.145426e-24 6.663797e-24 
2.874000e+00 4.516116e-24 2.138903e-24 6.655019e-24 
2.876000e+00 4.508528e-24 2.136251e-24 6.644779e-24 
2.878000e+00 4.500631e-24 2.131225e-24 6.631857e-24 
2.880000e+00 4.492879e-24 2.129479e-24 6.622359e-24 
2.882000e+00 4.486720e-24 2.122127e-24 6.608847e-24 
2.884000e+00 4.476958e-24 2.120882e-24 6.597840e-24 
2.886000e+00 4.469035e-24 2.119449e-24 6.588484e-24 
2.888000e+00 4.462150e-24 2.113285e-24 6.575435e-24 
2.890000e+00 4.451439e-24 2.112947e-24 6.564386e-24 
2.892000e+00 4.445409e-24 2.110024e-24 6.555432e-24 
2.894000e+00 4.442071e-24 2.103532e-24 6.545603e-24 
2.896000e+00 4.436048e-24 2.101440e-24 6.537487e-24 
2.898000e+00 4.426634e-24 2.099660e-24 6.526293e-24 
2.900000e+00 4.419969e-24 2.093050e-24 6.513019e-24 
2.902000e+00 4.410338e-24 2.091628e-24 6.501967e-24 
2.904000e+00 4.401320e-24 2.089268e-24 6.490588e-24 
2.906000e+00 4.393730e-24 2.083697e-24 6.477427e-24 
2.908000e+00 4.385059e-24 2.081161e-24 6.466221e-24 
2.910000e+00 4.381981e-24 2.075391e-24 6.457371e-24 
2.912000e+00 4.374713e-24 2.072520e-24 6.447233e-24 
2.914000e+00 4.367655e-24 2.071333e-24 6.438988e-24 
2.916000e+00 4.359844e-24 2.065003e-24 6.424847e-24 
2.918000e+00 4.351600e-24 2.062899e-24 6.414499e-24 
2.920000e+00 4.344036e-24 2.061851e-24 6.405887e-24 
2.922000e+00 4.332497e-24 2.054085e-24 6.386582e-24 
2.924000e+00 4.325965e-24 2.052309e-24 6.378274e-24 
2.926000e+00 4.322388e-24 2.050461e-24 6.372848e-24 
2.928000e+00 4.315804e-24 2.045059e-24 6.360864e-24 
2.930000e+00 4.305602e-24 2.042677e-24 6.348279e-24 
2.932000e+00 4.299758e-24 2.039993e-24 6.339751e-24 
2.934000e+00 4.291242e-24 2.033793e-24 6.325035e-24 
2.936000e+00 4.284777e-24 2.031727e-24 6.316504e-24 
2.938000e+00 4.274670e-24 2.030086e-24 6.304756e-24 
2.940000e+00 4.273284e-24 2.022332e-24 6.295617e-24 
2.942000e+00 4.259823e-24 2.020954e-24 6.280777e-24 
2.944000e+00 4.257007e-24 2.021132e-24 6.278139e-24 
2.946000e+00 4.245586e-24 2.013493e-24 6.259079e-24 
2.948000e+00 4.237628e-24 2.012179e-24 6.249807e-24 
2.950000e+00 4.231533e-24 2.009846e-24 6.241380e-24 
2.952000e+00 4.222793e-24 2.002672e-24 6.225466e-24 
2.954000e+00 4.220040e-24 2.002652e-24 6.222692e-24 
2.956000e+00 4.211913e-24 1.999316e-24 6.211228e-24 
2.958000e+00 4.203705e-24 1.997496e-24 6.201201e-24 
2.960000e+00 4.195488e-24 1.991236e-24 6.186724e-24 
2.962000e+00 4.194468e-24 1.987883e-24 6.182351e-24 
2.964000e+00 4.183482e-24 1.986790e-24 6.170272e-24 
2.966000e+00 4.177235e-24 1.980834e-24 6.158069e-24 
2.968000e+00 4.174440e-24 1.979246e-24 6.153687e-24 
2.970000e+00 4.165656e-24 1.977537e-24 6.143193e-24 
2.972000e+00 4.156743e-24 1.974118e-24 6.130861e-24 
2.974000e+00 4.146593e-24 1.967008e-24 6.113601e-24 
2.976000e+00 4.140222e-24 1.965182e-24 6.105404e-24 
2.978000e+00 4.137258e-24 1.963463e-24 6.100721e-24 
2.980000e+00 4.128875e-24 1.958340e-24 6.087214e-24 
2.982000e+00 4.118427e-24 1.955940e-24 6.074367e-24 
2.984000e+00 4.110696e-24 1.952017e-24 6.062713e-24 
2.986000e+00 4.109083e-24 1.950784e-24 6.059867e-24 
2.988000e+00 4.101850e-24 1.944763e-24 6.046613e-24 
2.990000e+00 4.092282e-24 1.943442e-24 6.035724e-24 
2.992000e+00 4.088995e-24 1.939492e-24 6.028486e-24 
2.994000e+00 4.081497e-24 1.933824e-24 6.015321e-24 
2.996000e+00 4.072242e-24 1.931649e-24 6.003891e-24 
2.998000e+00 4.063400e-24 1.928840e-24 5.992239e-24 
