1.000000e-01 1.782482e-22 2.121631e-22 3.904113e-22 
1.020000e-01 1.776716e-22 2.106691e-22 3.883407e-22 
1.040000e-01 1.765889e-22 2.089268e-22 3.855157e-22 
1.060000e-01 1.750642e-22 2.073710e-22 3.824352e-22 
1.080000e-01 1.730279e-22 2.057060e-22 3.787339e-22 
1.100000e-01 1.702968e-22 2.039265e-22 3.742233e-22 
1.120000e-01 1.664423e-22 2.022679e-22 3.687101e-22 
1.140000e-01 1.601365e-22 2.004795e-22 3.606160e-22 
1.160000e-01 1.427931e-22 1.985724e-22 3.413655e-22 
1.180000e-01 1.594198e-22 1.968575e-22 3.562774e-22 
1.200000e-01 1.659994e-22 1.950556e-22 3.610549e-22 
1.220000e-01 1.689479e-22 1.931035e-22 3.620514e-22 
1.240000e-01 1.707877e-22 1.912587e-22 3.620464e-22 
1.260000e-01 1.720733e-22 1.893413e-22 3.614146e-22 
1.280000e-01 1.729872e-22 1.873865e-22 3.603737e-22 
1.300000e-01 1.736257e-22 1.854222e-22 3.590479e-22 
1.320000e-01 1.740826e-22 1.834233e-22 3.575059e-22 
1.340000e-01 1.743961e-22 1.813709e-22 3.557669e-22 
1.360000e-01 1.745821e-22 1.793371e-22 3.539191e-22 
1.380000e-01 1.746615e-22 1.772075e-22 3.518690e-22 
1.400000e-01 1.746514e-22 1.751301e-22 3.497815e-22 
1.420000e-01 1.745811e-22 1.729348e-22 3.475158e-22 
1.440000e-01 1.744246e-22 1.707450e-22 3.451696e-22 
1.460000e-01 1.741972e-22 1.685105e-22 3.427077e-22 
1.480000e-01 1.738999e-22 1.662936e-22 3.401935e-22 
1.500000e-01 1.735546e-22 1.640319e-22 3.375865e-22 
1.520000e-01 1.731475e-22 1.617028e-22 3.348503e-22 
1.540000e-01 1.726510e-22 1.594464e-22 3.320974e-22 
1.560000e-01 1.720754e-22 1.571232e-22 3.291986e-22 
1.580000e-01 1.713982e-22 1.547157e-22 3.261139e-22 
1.600000e-01 1.706333e-22 1.524038e-22 3.230371e-22 
1.620000e-01 1.696984e-22 1.499863e-22 3.196847e-22 
1.640000e-01 1.684313e-22 1.475280e-22 3.159593e-22 
1.660000e-01 1.663623e-22 1.451370e-22 3.114993e-22 
1.680000e-01 1.612222e-22 1.427671e-22 3.039893e-22 
1.700000e-01 1.634708e-22 1.404170e-22 3.038878e-22 
1.720000e-01 1.653977e-22 1.380294e-22 3.034271e-22 
1.740000e-01 1.661655e-22 1.356074e-22 3.017729e-22 
1.760000e-01 1.665668e-22 1.331921e-22 2.997589e-22 
1.780000e-01 1.668120e-22 1.307714e-22 2.975834e-22 
1.800000e-01 1.669593e-22 1.283384e-22 2.952977e-22 
1.820000e-01 1.670418e-22 1.259021e-22 2.929439e-22 
1.840000e-01 1.670940e-22 1.234642e-22 2.905582e-22 
1.860000e-01 1.671194e-22 1.210340e-22 2.881535e-22 
1.880000e-01 1.671381e-22 1.185591e-22 2.856972e-22 
1.900000e-01 1.671549e-22 1.161115e-22 2.832665e-22 
1.920000e-01 1.672285e-22 1.136581e-22 2.808865e-22 
1.940000e-01 1.674319e-22 1.112386e-22 2.786705e-22 
1.960000e-01 1.679076e-22 1.087957e-22 2.767033e-22 
1.980000e-01 1.694258e-22 1.063794e-22 2.758052e-22 
2.000000e-01 1.721229e-22 1.039631e-22 2.760860e-22 
2.020000e-01 1.691022e-22 1.015877e-22 2.706899e-22 
2.040000e-01 1.677382e-22 9.923074e-23 2.669690e-22 
2.060000e-01 1.666985e-22 9.680054e-23 2.634990e-22 
2.080000e-01 1.658061e-22 9.439116e-23 2.601972e-22 
2.100000e-01 1.649841e-22 9.198168e-23 2.569658e-22 
2.120000e-01 1.642049e-22 8.951566e-23 2.537205e-22 
2.140000e-01 1.634694e-22 8.703528e-23 2.505047e-22 
2.160000e-01 1.627522e-22 8.454427e-23 2.472964e-22 
2.180000e-01 1.620415e-22 8.199249e-23 2.440340e-22 
2.200000e-01 1.613805e-22 7.955451e-23 2.409350e-22 
2.220000e-01 1.607318e-22 7.712784e-23 2.378596e-22 
2.240000e-01 1.600499e-22 7.470383e-23 2.347538e-22 
2.260000e-01 1.593627e-22 7.225277e-23 2.316154e-22 
2.280000e-01 1.586454e-22 6.970437e-23 2.283498e-22 
2.300000e-01 1.579350e-22 6.720852e-23 2.251435e-22 
2.320000e-01 1.572343e-22 6.465849e-23 2.218928e-22 
2.340000e-01 1.565154e-22 6.206247e-23 2.185779e-22 
2.360000e-01 1.558002e-22 5.946992e-23 2.152701e-22 
2.380000e-01 1.550762e-22 5.684532e-23 2.119215e-22 
2.400000e-01 1.543288e-22 5.467358e-23 2.090024e-22 
2.420000e-01 1.536033e-22 5.294194e-23 2.065452e-22 
2.440000e-01 1.528678e-22 5.129003e-23 2.041578e-22 
2.460000e-01 1.521527e-22 4.921214e-23 2.013648e-22 
2.480000e-01 1.514428e-22 4.681439e-23 1.982572e-22 
2.500000e-01 1.507343e-22 4.407370e-23 1.948080e-22 
2.520000e-01 1.500303e-22 4.080692e-23 1.908372e-22 
2.540000e-01 1.493140e-22 3.729176e-23 1.866058e-22 
2.560000e-01 1.486044e-22 3.357963e-23 1.821840e-22 
2.580000e-01 1.478822e-22 2.952112e-23 1.774033e-22 
2.600000e-01 1.471632e-22 2.461841e-23 1.717816e-22 
2.620000e-01 1.464356e-22 1.906000e-23 1.654956e-22 
2.640000e-01 1.457051e-22 1.293138e-23 1.586364e-22 
2.660000e-01 1.449814e-22 7.527819e-24 1.525092e-22 
2.680000e-01 1.442487e-22 3.260131e-24 1.475089e-22 
2.700000e-01 1.435323e-22 6.742596e-25 1.442065e-22 
2.720000e-01 1.428100e-22 5.690579e-25 1.433791e-22 
2.740000e-01 1.421084e-22 3.551931e-24 1.456603e-22 
2.760000e-01 1.414071e-22 1.034812e-23 1.517552e-22 
2.780000e-01 1.407175e-22 1.830979e-23 1.590273e-22 
2.800000e-01 1.400160e-22 3.900945e-23 1.790255e-22 
2.820000e-01 1.393120e-22 4.717404e-23 1.864861e-22 
2.840000e-01 1.385851e-22 4.448107e-23 1.830662e-22 
2.860000e-01 1.378619e-22 4.185655e-23 1.797184e-22 
2.880000e-01 1.371213e-22 4.036512e-23 1.774865e-22 
2.900000e-01 1.363845e-22 3.995018e-23 1.763347e-22 
2.920000e-01 1.356301e-22 4.041257e-23 1.760427e-22 
2.940000e-01 1.348860e-22 4.163225e-23 1.765182e-22 
2.960000e-01 1.341249e-22 4.324132e-23 1.773662e-22 
2.980000e-01 1.333740e-22 4.521378e-23 1.785878e-22 
3.000000e-01 1.326130e-22 4.709376e-23 1.797067e-22 
3.020000e-01 1.318532e-22 4.859732e-23 1.804505e-22 
3.040000e-01 1.310776e-22 4.973892e-23 1.808166e-22 
3.060000e-01 1.303099e-22 5.068260e-23 1.809925e-22 
3.080000e-01 1.295303e-22 5.162017e-23 1.811505e-22 
3.100000e-01 1.287561e-22 5.224214e-23 1.809982e-22 
3.120000e-01 1.279663e-22 5.278035e-23 1.807467e-22 
3.140000e-01 1.271853e-22 5.302114e-23 1.802065e-22 
3.160000e-01 1.263936e-22 5.305699e-23 1.794506e-22 
3.180000e-01 1.256063e-22 5.284066e-23 1.784470e-22 
3.200000e-01 1.248136e-22 5.276521e-23 1.775788e-22 
3.220000e-01 1.240188e-22 5.277164e-23 1.767904e-22 
3.240000e-01 1.232314e-22 5.301221e-23 1.762436e-22 
3.260000e-01 1.224301e-22 5.332001e-23 1.757502e-22 
3.280000e-01 1.216423e-22 5.356596e-23 1.752083e-22 
3.300000e-01 1.208459e-22 5.381872e-23 1.746646e-22 
3.320000e-01 1.200641e-22 5.401392e-23 1.740780e-22 
3.340000e-01 1.192860e-22 5.420889e-23 1.734949e-22 
3.360000e-01 1.185134e-22 5.433549e-23 1.728489e-22 
3.380000e-01 1.177418e-22 5.445596e-23 1.721977e-22 
3.400000e-01 1.169626e-22 5.453101e-23 1.714937e-22 
3.420000e-01 1.161877e-22 5.461704e-23 1.708048e-22 
3.440000e-01 1.153953e-22 5.472355e-23 1.701189e-22 
3.460000e-01 1.146117e-22 5.482508e-23 1.694368e-22 
3.480000e-01 1.138178e-22 5.490100e-23 1.687188e-22 
3.500000e-01 1.130195e-22 5.497013e-23 1.679897e-22 
3.520000e-01 1.122241e-22 5.500897e-23 1.672330e-22 
3.540000e-01 1.114173e-22 5.504359e-23 1.664609e-22 
3.560000e-01 1.106248e-22 5.506236e-23 1.656872e-22 
3.580000e-01 1.098204e-22 5.507619e-23 1.648966e-22 
3.600000e-01 1.090227e-22 5.505558e-23 1.640782e-22 
3.620000e-01 1.082308e-22 5.503716e-23 1.632679e-22 
3.640000e-01 1.074350e-22 5.501988e-23 1.624549e-22 
3.660000e-01 1.066451e-22 5.500445e-23 1.616495e-22 
3.680000e-01 1.058479e-22 5.496030e-23 1.608082e-22 
3.700000e-01 1.050578e-22 5.491790e-23 1.599757e-22 
3.720000e-01 1.042618e-22 5.487177e-23 1.591336e-22 
3.740000e-01 1.034584e-22 5.482778e-23 1.582862e-22 
3.760000e-01 1.026582e-22 5.475970e-23 1.574179e-22 
3.780000e-01 1.018483e-22 5.468467e-23 1.565330e-22 
3.800000e-01 1.010348e-22 5.458814e-23 1.556229e-22 
3.820000e-01 1.002244e-22 5.448010e-23 1.547045e-22 
3.840000e-01 9.939721e-23 5.437073e-23 1.537679e-22 
3.860000e-01 9.858121e-23 5.426159e-23 1.528428e-22 
3.880000e-01 9.776707e-23 5.414982e-23 1.519169e-22 
3.900000e-01 9.695284e-23 5.403322e-23 1.509861e-22 
3.920000e-01 9.614432e-23 5.391630e-23 1.500606e-22 
3.940000e-01 9.533879e-23 5.379860e-23 1.491374e-22 
3.960000e-01 9.453927e-23 5.368112e-23 1.482204e-22 
3.980000e-01 9.374513e-23 5.355580e-23 1.473009e-22 
4.000000e-01 9.294675e-23 5.342273e-23 1.463695e-22 
4.020000e-01 9.215650e-23 5.328259e-23 1.454391e-22 
4.040000e-01 9.137057e-23 5.312610e-23 1.444967e-22 
4.060000e-01 9.057703e-23 5.297039e-23 1.435474e-22 
4.080000e-01 8.978797e-23 5.281932e-23 1.426073e-22 
4.100000e-01 8.899641e-23 5.266646e-23 1.416629e-22 
4.120000e-01 8.820408e-23 5.250844e-23 1.407125e-22 
4.140000e-01 8.742288e-23 5.234749e-23 1.397704e-22 
4.160000e-01 8.663422e-23 5.218553e-23 1.388198e-22 
4.180000e-01 8.584271e-23 5.202409e-23 1.378668e-22 
4.200000e-01 8.506612e-23 5.186203e-23 1.369282e-22 
4.220000e-01 8.428225e-23 5.169493e-23 1.359772e-22 
4.240000e-01 8.349679e-23 5.152854e-23 1.350253e-22 
4.260000e-01 8.271990e-23 5.135414e-23 1.340740e-22 
4.280000e-01 8.194085e-23 5.117537e-23 1.331162e-22 
4.300000e-01 8.116500e-23 5.099263e-23 1.321576e-22 
4.320000e-01 8.039170e-23 5.081068e-23 1.312024e-22 
4.340000e-01 7.961653e-23 5.062698e-23 1.302435e-22 
4.360000e-01 7.884612e-23 5.044776e-23 1.292939e-22 
4.380000e-01 7.807582e-23 5.027186e-23 1.283477e-22 
4.400000e-01 7.730221e-23 5.009287e-23 1.273951e-22 
4.420000e-01 7.653533e-23 4.989400e-23 1.264293e-22 
4.440000e-01 7.577325e-23 4.969381e-23 1.254671e-22 
4.460000e-01 7.500510e-23 4.949661e-23 1.245017e-22 
4.480000e-01 7.424087e-23 4.929992e-23 1.235408e-22 
4.500000e-01 7.348277e-23 4.910496e-23 1.225877e-22 
4.520000e-01 7.272206e-23 4.888279e-23 1.216048e-22 
4.540000e-01 7.195993e-23 4.865689e-23 1.206168e-22 
4.560000e-01 7.120378e-23 4.843235e-23 1.196361e-22 
4.580000e-01 7.044856e-23 4.821167e-23 1.186602e-22 
4.600000e-01 6.968860e-23 4.799025e-23 1.176789e-22 
4.620000e-01 6.893710e-23 4.776896e-23 1.167061e-22 
4.640000e-01 6.818308e-23 4.755063e-23 1.157337e-22 
4.660000e-01 6.742375e-23 4.732991e-23 1.147537e-22 
4.680000e-01 6.667319e-23 4.711436e-23 1.137875e-22 
4.700000e-01 6.592157e-23 4.689810e-23 1.128197e-22 
4.720000e-01 6.516211e-23 4.667622e-23 1.118383e-22 
4.740000e-01 6.440488e-23 4.644277e-23 1.108477e-22 
4.760000e-01 6.365098e-23 4.620781e-23 1.098588e-22 
4.780000e-01 6.289250e-23 4.597072e-23 1.088632e-22 
4.800000e-01 6.212957e-23 4.573297e-23 1.078625e-22 
4.820000e-01 6.136817e-23 4.549238e-23 1.068606e-22 
4.840000e-01 6.060500e-23 4.525432e-23 1.058593e-22 
4.860000e-01 5.983658e-23 4.501181e-23 1.048484e-22 
4.880000e-01 5.906608e-23 4.477229e-23 1.038384e-22 
4.900000e-01 5.829119e-23 4.451960e-23 1.028108e-22 
4.920000e-01 5.751427e-23 4.427097e-23 1.017852e-22 
4.940000e-01 5.673243e-23 4.402199e-23 1.007544e-22 
4.960000e-01 5.594609e-23 4.377585e-23 9.972194e-23 
4.980000e-01 5.514977e-23 4.352917e-23 9.867894e-23 
5.000000e-01 5.434109e-23 4.328058e-23 9.762166e-23 
5.020000e-01 5.353173e-23 4.303806e-23 9.656980e-23 
5.040000e-01 5.271112e-23 4.279562e-23 9.550673e-23 
5.060000e-01 5.188011e-23 4.255258e-23 9.443269e-23 
5.080000e-01 5.103542e-23 4.231310e-23 9.334851e-23 
5.100000e-01 5.017537e-23 4.207230e-23 9.224768e-23 
5.120000e-01 4.929733e-23 4.183654e-23 9.113387e-23 
5.140000e-01 4.839987e-23 4.159987e-23 8.999974e-23 
5.160000e-01 4.748381e-23 4.136319e-23 8.884700e-23 
5.180000e-01 4.653815e-23 4.113365e-23 8.767180e-23 
5.200000e-01 4.555409e-23 4.090720e-23 8.646129e-23 
5.220000e-01 4.453451e-23 4.067972e-23 8.521423e-23 
5.240000e-01 4.346795e-23 4.044728e-23 8.391523e-23 
5.260000e-01 4.234096e-23 4.021110e-23 8.255206e-23 
5.280000e-01 4.114083e-23 3.997249e-23 8.111332e-23 
5.300000e-01 3.985632e-23 3.973668e-23 7.959300e-23 
5.320000e-01 3.845516e-23 3.950448e-23 7.795964e-23 
5.340000e-01 3.683869e-23 3.926896e-23 7.610765e-23 
5.360000e-01 3.493226e-23 3.902921e-23 7.396148e-23 
5.380000e-01 3.238598e-23 3.878187e-23 7.116785e-23 
5.400000e-01 2.890383e-23 3.853495e-23 6.743878e-23 
5.420000e-01 2.519384e-23 3.829467e-23 6.348851e-23 
5.440000e-01 2.302873e-23 3.806858e-23 6.109731e-23 
5.460000e-01 2.370603e-23 3.784207e-23 6.154810e-23 
5.480000e-01 2.655080e-23 3.761206e-23 6.416286e-23 
5.500000e-01 2.938135e-23 3.737438e-23 6.675573e-23 
5.520000e-01 3.146912e-23 3.713883e-23 6.860795e-23 
5.540000e-01 3.269721e-23 3.690570e-23 6.960290e-23 
5.560000e-01 3.359096e-23 3.668615e-23 7.027711e-23 
5.580000e-01 3.424804e-23 3.646354e-23 7.071158e-23 
5.600000e-01 3.477751e-23 3.624137e-23 7.101888e-23 
5.620000e-01 3.521001e-23 3.601679e-23 7.122681e-23 
5.640000e-01 3.556134e-23 3.578728e-23 7.134862e-23 
5.660000e-01 3.584892e-23 3.556024e-23 7.140916e-23 
5.680000e-01 3.607503e-23 3.533343e-23 7.140846e-23 
5.700000e-01 3.625489e-23 3.510822e-23 7.136311e-23 
5.720000e-01 3.639277e-23 3.488204e-23 7.127481e-23 
5.740000e-01 3.650046e-23 3.465537e-23 7.115583e-23 
5.760000e-01 3.658403e-23 3.443282e-23 7.101685e-23 
5.780000e-01 3.663527e-23 3.421381e-23 7.084908e-23 
5.800000e-01 3.666000e-23 3.399081e-23 7.065081e-23 
5.820000e-01 3.666746e-23 3.377832e-23 7.044578e-23 
5.840000e-01 3.666022e-23 3.356439e-23 7.022461e-23 
5.860000e-01 3.663606e-23 3.335294e-23 6.998899e-23 
5.880000e-01 3.658710e-23 3.313898e-23 6.972607e-23 
5.900000e-01 3.652908e-23 3.292502e-23 6.945409e-23 
5.920000e-01 3.646019e-23 3.271165e-23 6.917184e-23 
5.940000e-01 3.637887e-23 3.249668e-23 6.887555e-23 
5.960000e-01 3.628222e-23 3.228815e-23 6.857038e-23 
5.980000e-01 3.617686e-23 3.208044e-23 6.825730e-23 
6.000000e-01 3.606409e-23 3.186891e-23 6.793300e-23 
6.020000e-01 3.594466e-23 3.165084e-23 6.759550e-23 
6.040000e-01 3.581162e-23 3.142827e-23 6.723989e-23 
6.060000e-01 3.567239e-23 3.120793e-23 6.688032e-23 
6.080000e-01 3.552825e-23 3.099902e-23 6.652727e-23 
6.100000e-01 3.537655e-23 3.080875e-23 6.618530e-23 
6.120000e-01 3.521997e-23 3.061727e-23 6.583724e-23 
6.140000e-01 3.505112e-23 3.042433e-23 6.547545e-23 
6.160000e-01 3.488216e-23 3.021910e-23 6.510126e-23 
6.180000e-01 3.470749e-23 3.001434e-23 6.472183e-23 
6.200000e-01 3.452504e-23 2.980759e-23 6.433262e-23 
6.220000e-01 3.433731e-23 2.960466e-23 6.394197e-23 
6.240000e-01 3.414426e-23 2.941112e-23 6.355539e-23 
6.260000e-01 3.395235e-23 2.921635e-23 6.316870e-23 
6.280000e-01 3.375107e-23 2.902257e-23 6.277364e-23 
6.300000e-01 3.354513e-23 2.882556e-23 6.237069e-23 
6.320000e-01 3.333606e-23 2.862299e-23 6.195905e-23 
6.340000e-01 3.312551e-23 2.842017e-23 6.154569e-23 
6.360000e-01 3.290816e-23 2.821858e-23 6.112674e-23 
6.380000e-01 3.268523e-23 2.802853e-23 6.071376e-23 
6.400000e-01 3.245688e-23 2.783453e-23 6.029141e-23 
6.420000e-01 3.222367e-23 2.764340e-23 5.986708e-23 
6.440000e-01 3.198908e-23 2.746001e-23 5.944909e-23 
6.460000e-01 3.174840e-23 2.728927e-23 5.903767e-23 
6.480000e-01 3.150144e-23 2.711700e-23 5.861844e-23 
6.500000e-01 3.124614e-23 2.694586e-23 5.819200e-23 
6.520000e-01 3.098773e-23 2.676062e-23 5.774835e-23 
6.540000e-01 3.072514e-23 2.656723e-23 5.729237e-23 
6.560000e-01 3.045313e-23 2.637230e-23 5.682543e-23 
6.580000e-01 3.017584e-23 2.617942e-23 5.635526e-23 
6.600000e-01 2.989238e-23 2.600226e-23 5.589465e-23 
6.620000e-01 2.960113e-23 2.582525e-23 5.542638e-23 
6.640000e-01 2.930277e-23 2.564964e-23 5.495241e-23 
6.660000e-01 2.899589e-23 2.547286e-23 5.446876e-23 
6.680000e-01 2.867902e-23 2.529536e-23 5.397437e-23 
6.700000e-01 2.835654e-23 2.511662e-23 5.347316e-23 
6.720000e-01 2.802911e-23 2.493723e-23 5.296634e-23 
6.740000e-01 2.768882e-23 2.476239e-23 5.245121e-23 
6.760000e-01 2.733347e-23 2.459221e-23 5.192568e-23 
6.780000e-01 2.697166e-23 2.442265e-23 5.139430e-23 
6.800000e-01 2.659715e-23 2.425409e-23 5.085124e-23 
6.820000e-01 2.620241e-23 2.408795e-23 5.029036e-23 
6.840000e-01 2.579227e-23 2.392426e-23 4.971653e-23 
6.860000e-01 2.536334e-23 2.375999e-23 4.912333e-23 
6.880000e-01 2.490325e-23 2.359624e-23 4.849949e-23 
6.900000e-01 2.442020e-23 2.343252e-23 4.785272e-23 
6.920000e-01 2.389319e-23 2.327221e-23 4.716540e-23 
6.940000e-01 2.330414e-23 2.311118e-23 4.641531e-23 
6.960000e-01 2.266829e-23 2.295208e-23 4.562036e-23 
6.980000e-01 2.190656e-23 2.278981e-23 4.469636e-23 
7.000000e-01 2.087185e-23 2.262890e-23 4.350075e-23 
7.020000e-01 1.967700e-23 2.246869e-23 4.214569e-23 
7.040000e-01 1.830875e-23 2.230956e-23 4.061831e-23 
7.060000e-01 1.744888e-23 2.215045e-23 3.959933e-23 
7.080000e-01 1.705089e-23 2.199641e-23 3.904730e-23 
7.100000e-01 1.771627e-23 2.184012e-23 3.955640e-23 
7.120000e-01 1.872438e-23 2.168449e-23 4.040887e-23 
7.140000e-01 2.010139e-23 2.153157e-23 4.163296e-23 
7.160000e-01 2.113031e-23 2.138233e-23 4.251264e-23 
7.180000e-01 2.197975e-23 2.123212e-23 4.321187e-23 
7.200000e-01 2.247536e-23 2.108307e-23 4.355843e-23 
7.220000e-01 2.284578e-23 2.093412e-23 4.377989e-23 
7.240000e-01 2.315923e-23 2.079222e-23 4.395144e-23 
7.260000e-01 2.339494e-23 2.064904e-23 4.404398e-23 
7.280000e-01 2.359808e-23 2.050796e-23 4.410604e-23 
7.300000e-01 2.377441e-23 2.036432e-23 4.413873e-23 
7.320000e-01 2.390066e-23 2.022002e-23 4.412068e-23 
7.340000e-01 2.401703e-23 2.007310e-23 4.409013e-23 
7.360000e-01 2.410933e-23 1.992765e-23 4.403698e-23 
7.380000e-01 2.418422e-23 1.978265e-23 4.396688e-23 
7.400000e-01 2.425018e-23 1.964034e-23 4.389052e-23 
7.420000e-01 2.429265e-23 1.949966e-23 4.379231e-23 
7.440000e-01 2.432759e-23 1.936098e-23 4.368857e-23 
7.460000e-01 2.435133e-23 1.922124e-23 4.357258e-23 
7.480000e-01 2.436704e-23 1.908768e-23 4.345472e-23 
7.500000e-01 2.437432e-23 1.895266e-23 4.332698e-23 
7.520000e-01 2.437193e-23 1.882235e-23 4.319428e-23 
7.540000e-01 2.436195e-23 1.868845e-23 4.305040e-23 
7.560000e-01 2.434240e-23 1.855821e-23 4.290061e-23 
7.580000e-01 2.432011e-23 1.843037e-23 4.275048e-23 
7.600000e-01 2.429514e-23 1.830356e-23 4.259870e-23 
7.620000e-01 2.426054e-23 1.817813e-23 4.243867e-23 
7.640000e-01 2.422216e-23 1.805289e-23 4.227506e-23 
7.660000e-01 2.417788e-23 1.792853e-23 4.210641e-23 
7.680000e-01 2.413094e-23 1.780864e-23 4.193958e-23 
7.700000e-01 2.408064e-23 1.768644e-23 4.176708e-23 
7.720000e-01 2.402544e-23 1.756637e-23 4.159181e-23 
7.740000e-01 2.396546e-23 1.744379e-23 4.140925e-23 
7.760000e-01 2.390346e-23 1.731775e-23 4.122121e-23 
7.780000e-01 2.383514e-23 1.719438e-23 4.102952e-23 
7.800000e-01 2.376432e-23 1.707089e-23 4.083521e-23 
7.820000e-01 2.369118e-23 1.694385e-23 4.063503e-23 
7.840000e-01 2.361615e-23 1.682596e-23 4.044210e-23 
7.860000e-01 2.353244e-23 1.670820e-23 4.024064e-23 
7.880000e-01 2.344919e-23 1.659079e-23 4.003998e-23 
7.900000e-01 2.336257e-23 1.647429e-23 3.983687e-23 
7.920000e-01 2.327071e-23 1.635855e-23 3.962926e-23 
7.940000e-01 2.317675e-23 1.624582e-23 3.942257e-23 
7.960000e-01 2.306606e-23 1.613576e-23 3.920182e-23 
7.980000e-01 2.295878e-23 1.602325e-23 3.898203e-23 
8.000000e-01 2.285174e-23 1.591163e-23 3.876337e-23 
8.020000e-01 2.275400e-23 1.580386e-23 3.855786e-23 
8.040000e-01 2.265898e-23 1.569761e-23 3.835660e-23 
8.060000e-01 2.256809e-23 1.558807e-23 3.815616e-23 
8.080000e-01 2.247563e-23 1.548126e-23 3.795689e-23 
8.100000e-01 2.238251e-23 1.537382e-23 3.775633e-23 
8.120000e-01 2.229410e-23 1.526472e-23 3.755882e-23 
8.140000e-01 2.220958e-23 1.515278e-23 3.736236e-23 
8.160000e-01 2.212382e-23 1.504333e-23 3.716714e-23 
8.180000e-01 2.203811e-23 1.493242e-23 3.697053e-23 
8.200000e-01 2.195294e-23 1.482967e-23 3.678261e-23 
8.220000e-01 2.186952e-23 1.473215e-23 3.660167e-23 
8.240000e-01 2.178606e-23 1.463416e-23 3.642022e-23 
8.260000e-01 2.170414e-23 1.453863e-23 3.624277e-23 
8.280000e-01 2.162213e-23 1.444178e-23 3.606392e-23 
8.300000e-01 2.153972e-23 1.434322e-23 3.588294e-23 
8.320000e-01 2.145988e-23 1.424332e-23 3.570320e-23 
8.340000e-01 2.138030e-23 1.414470e-23 3.552500e-23 
8.360000e-01 2.130258e-23 1.404477e-23 3.534735e-23 
8.380000e-01 2.122442e-23 1.394566e-23 3.517008e-23 
8.400000e-01 2.115037e-23 1.385003e-23 3.500040e-23 
8.420000e-01 2.107609e-23 1.375702e-23 3.483312e-23 
8.440000e-01 2.100333e-23 1.366314e-23 3.466647e-23 
8.460000e-01 2.092952e-23 1.356845e-23 3.449797e-23 
8.480000e-01 2.085798e-23 1.347382e-23 3.433180e-23 
8.500000e-01 2.078916e-23 1.338538e-23 3.417454e-23 
8.520000e-01 2.071961e-23 1.329465e-23 3.401426e-23 
8.540000e-01 2.065270e-23 1.320654e-23 3.385924e-23 
8.560000e-01 2.058482e-23 1.311738e-23 3.370220e-23 
8.580000e-01 2.051651e-23 1.302821e-23 3.354472e-23 
8.600000e-01 2.044889e-23 1.293521e-23 3.338410e-23 
8.620000e-01 2.037928e-23 1.284436e-23 3.322364e-23 
8.640000e-01 2.031022e-23 1.275239e-23 3.306261e-23 
8.660000e-01 2.023935e-23 1.266186e-23 3.290121e-23 
8.680000e-01 2.017003e-23 1.257300e-23 3.274303e-23 
8.700000e-01 2.009697e-23 1.248346e-23 3.258043e-23 
8.720000e-01 2.002301e-23 1.239565e-23 3.241866e-23 
8.740000e-01 1.994669e-23 1.231085e-23 3.225753e-23 
8.760000e-01 1.986702e-23 1.222409e-23 3.209111e-23 
8.780000e-01 1.978628e-23 1.213862e-23 3.192491e-23 
8.800000e-01 1.970538e-23 1.206151e-23 3.176689e-23 
8.820000e-01 1.962179e-23 1.198631e-23 3.160811e-23 
8.840000e-01 1.954336e-23 1.190973e-23 3.145309e-23 
8.860000e-01 1.946070e-23 1.183193e-23 3.129263e-23 
8.880000e-01 1.937745e-23 1.175723e-23 3.113468e-23 
8.900000e-01 1.929287e-23 1.167821e-23 3.097108e-23 
8.920000e-01 1.920721e-23 1.159983e-23 3.080704e-23 
8.940000e-01 1.912333e-23 1.152356e-23 3.064689e-23 
8.960000e-01 1.904057e-23 1.144543e-23 3.048600e-23 
8.980000e-01 1.895858e-23 1.136834e-23 3.032692e-23 
9.000000e-01 1.887373e-23 1.128783e-23 3.016157e-23 
9.020000e-01 1.878764e-23 1.120814e-23 2.999578e-23 
9.040000e-01 1.870177e-23 1.112868e-23 2.983045e-23 
9.060000e-01 1.861692e-23 1.105002e-23 2.966693e-23 
9.080000e-01 1.853419e-23 1.097023e-23 2.950442e-23 
9.100000e-01 1.844885e-23 1.089844e-23 2.934728e-23 
9.120000e-01 1.836566e-23 1.082827e-23 2.919393e-23 
9.140000e-01 1.827934e-23 1.075759e-23 2.903693e-23 
9.160000e-01 1.819408e-23 1.068770e-23 2.888179e-23 
9.180000e-01 1.810953e-23 1.062008e-23 2.872961e-23 
9.200000e-01 1.802361e-23 1.054837e-23 2.857199e-23 
9.220000e-01 1.793899e-23 1.047408e-23 2.841306e-23 
9.240000e-01 1.785534e-23 1.040258e-23 2.825792e-23 
9.260000e-01 1.777087e-23 1.033089e-23 2.810176e-23 
9.280000e-01 1.768635e-23 1.025982e-23 2.794617e-23 
9.300000e-01 1.760151e-23 1.018966e-23 2.779116e-23 
9.320000e-01 1.751675e-23 1.012579e-23 2.764254e-23 
9.340000e-01 1.743202e-23 1.006458e-23 2.749660e-23 
9.360000e-01 1.734819e-23 1.000238e-23 2.735057e-23 
9.380000e-01 1.726567e-23 9.938662e-24 2.720433e-23 
9.400000e-01 1.718004e-23 9.877452e-24 2.705750e-23 
9.420000e-01 1.709767e-23 9.812725e-24 2.691039e-23 
9.440000e-01 1.701368e-23 9.749565e-24 2.676324e-23 
9.460000e-01 1.693093e-23 9.684912e-24 2.661584e-23 
9.480000e-01 1.684875e-23 9.622244e-24 2.647099e-23 
9.500000e-01 1.676526e-23 9.558245e-24 2.632351e-23 
9.520000e-01 1.668134e-23 9.494373e-24 2.617571e-23 
9.540000e-01 1.659955e-23 9.434470e-24 2.603402e-23 
9.560000e-01 1.651926e-23 9.374384e-24 2.589364e-23 
9.580000e-01 1.643602e-23 9.312899e-24 2.574892e-23 
9.600000e-01 1.635388e-23 9.252255e-24 2.560613e-23 
9.620000e-01 1.627273e-23 9.192412e-24 2.546514e-23 
9.640000e-01 1.619000e-23 9.130347e-24 2.532035e-23 
9.660000e-01 1.610892e-23 9.066720e-24 2.517564e-23 
9.680000e-01 1.602896e-23 9.004732e-24 2.503370e-23 
9.700000e-01 1.594751e-23 8.940875e-24 2.488838e-23 
9.720000e-01 1.586922e-23 8.878744e-24 2.474796e-23 
9.740000e-01 1.578786e-23 8.819635e-24 2.460749e-23 
9.760000e-01 1.570879e-23 8.765504e-24 2.447429e-23 
9.780000e-01 1.562950e-23 8.709555e-24 2.433905e-23 
9.800000e-01 1.555177e-23 8.655699e-24 2.420747e-23 
9.820000e-01 1.547235e-23 8.601293e-24 2.407364e-23 
9.840000e-01 1.539078e-23 8.547891e-24 2.393867e-23 
9.860000e-01 1.531411e-23 8.492160e-24 2.380627e-23 
9.880000e-01 1.523823e-23 8.434379e-24 2.367261e-23 
9.900000e-01 1.515777e-23 8.378656e-24 2.353642e-23 
9.920000e-01 1.508166e-23 8.320608e-24 2.340227e-23 
9.940000e-01 1.500476e-23 8.264459e-24 2.326922e-23 
9.960000e-01 1.492923e-23 8.210475e-24 2.313970e-23 
9.980000e-01 1.485331e-23 8.170265e-24 2.302358e-23 
1.000000e+00 1.477831e-23 8.130576e-24 2.290888e-23 
1.002000e+00 1.470322e-23 8.081141e-24 2.278436e-23 
1.004000e+00 1.462827e-23 8.033663e-24 2.266193e-23 
1.006000e+00 1.455437e-23 7.985101e-24 2.253947e-23 
1.008000e+00 1.447883e-23 7.937213e-24 2.241604e-23 
1.010000e+00 1.440470e-23 7.891061e-24 2.229576e-23 
1.012000e+00 1.432935e-23 7.842775e-24 2.217212e-23 
1.014000e+00 1.425786e-23 7.794155e-24 2.205202e-23 
1.016000e+00 1.418330e-23 7.748067e-24 2.193137e-23 
1.018000e+00 1.411088e-23 7.699048e-24 2.180993e-23 
1.020000e+00 1.403820e-23 7.653769e-24 2.169197e-23 
1.022000e+00 1.396656e-23 7.605135e-24 2.157170e-23 
1.024000e+00 1.389371e-23 7.559195e-24 2.145290e-23 
1.026000e+00 1.382233e-23 7.514825e-24 2.133716e-23 
1.028000e+00 1.375155e-23 7.472028e-24 2.122358e-23 
1.030000e+00 1.367838e-23 7.428182e-24 2.110656e-23 
1.032000e+00 1.360948e-23 7.383309e-24 2.099279e-23 
1.034000e+00 1.353901e-23 7.338660e-24 2.087767e-23 
1.036000e+00 1.346919e-23 7.296267e-24 2.076546e-23 
1.038000e+00 1.339967e-23 7.251736e-24 2.065140e-23 
1.040000e+00 1.332910e-23 7.209467e-24 2.053856e-23 
1.042000e+00 1.326189e-23 7.165226e-24 2.042711e-23 
1.044000e+00 1.319144e-23 7.122673e-24 2.031411e-23 
1.046000e+00 1.312314e-23 7.081143e-24 2.020428e-23 
1.048000e+00 1.305614e-23 7.038146e-24 2.009429e-23 
1.050000e+00 1.298935e-23 6.997844e-24 1.998719e-23 
1.052000e+00 1.292075e-23 6.957207e-24 1.987796e-23 
1.054000e+00 1.285399e-23 6.915797e-24 1.976978e-23 
1.056000e+00 1.278816e-23 6.877318e-24 1.966548e-23 
1.058000e+00 1.272165e-23 6.837349e-24 1.955900e-23 
1.060000e+00 1.265582e-23 6.796925e-24 1.945275e-23 
1.062000e+00 1.258692e-23 6.758369e-24 1.934529e-23 
1.064000e+00 1.252166e-23 6.717666e-24 1.923932e-23 
1.066000e+00 1.245736e-23 6.678839e-24 1.913620e-23 
1.068000e+00 1.239138e-23 6.638293e-24 1.902967e-23 
1.070000e+00 1.232678e-23 6.599735e-24 1.892652e-23 
1.072000e+00 1.226351e-23 6.561496e-24 1.882500e-23 
1.074000e+00 1.219840e-23 6.524213e-24 1.872261e-23 
1.076000e+00 1.213523e-23 6.487390e-24 1.862262e-23 
1.078000e+00 1.207254e-23 6.450835e-24 1.852338e-23 
1.080000e+00 1.200917e-23 6.413654e-24 1.842282e-23 
1.082000e+00 1.194648e-23 6.377013e-24 1.832350e-23 
1.084000e+00 1.188144e-23 6.340836e-24 1.822228e-23 
1.086000e+00 1.182170e-23 6.303688e-24 1.812539e-23 
1.088000e+00 1.175877e-23 6.269291e-24 1.802806e-23 
1.090000e+00 1.169781e-23 6.231995e-24 1.792980e-23 
1.092000e+00 1.163779e-23 6.195036e-24 1.783283e-23 
1.094000e+00 1.157517e-23 6.159910e-24 1.773508e-23 
1.096000e+00 1.151548e-23 6.123514e-24 1.763899e-23 
1.098000e+00 1.145358e-23 6.088648e-24 1.754223e-23 
1.100000e+00 1.139403e-23 6.055749e-24 1.744978e-23 
1.102000e+00 1.133551e-23 6.022988e-24 1.735850e-23 
1.104000e+00 1.127558e-23 5.988607e-24 1.726419e-23 
1.106000e+00 1.121624e-23 5.954760e-24 1.717100e-23 
1.108000e+00 1.115730e-23 5.921386e-24 1.707868e-23 
1.110000e+00 1.109890e-23 5.888738e-24 1.698764e-23 
1.112000e+00 1.104095e-23 5.854179e-24 1.689513e-23 
1.114000e+00 1.098254e-23 5.821091e-24 1.680363e-23 
1.116000e+00 1.092483e-23 5.787863e-24 1.671270e-23 
1.118000e+00 1.086641e-23 5.755364e-24 1.662178e-23 
1.120000e+00 1.080950e-23 5.721700e-24 1.653120e-23 
1.122000e+00 1.075314e-23 5.689509e-24 1.644264e-23 
1.124000e+00 1.069581e-23 5.660456e-24 1.635626e-23 
1.126000e+00 1.064059e-23 5.628175e-24 1.626876e-23 
1.128000e+00 1.058279e-23 5.597386e-24 1.618018e-23 
1.130000e+00 1.052672e-23 5.568147e-24 1.609487e-23 
1.132000e+00 1.047106e-23 5.537266e-24 1.600833e-23 
1.134000e+00 1.041604e-23 5.507622e-24 1.592366e-23 
1.136000e+00 1.036302e-23 5.476294e-24 1.583931e-23 
1.138000e+00 1.030906e-23 5.446959e-24 1.575602e-23 
1.140000e+00 1.025475e-23 5.417691e-24 1.567245e-23 
1.142000e+00 1.019995e-23 5.386542e-24 1.558649e-23 
1.144000e+00 1.014582e-23 5.357590e-24 1.550341e-23 
1.146000e+00 1.009146e-23 5.328178e-24 1.541964e-23 
1.148000e+00 1.003829e-23 5.298367e-24 1.533665e-23 
1.150000e+00 9.985367e-24 5.269290e-24 1.525466e-23 
1.152000e+00 9.934719e-24 5.241903e-24 1.517662e-23 
1.154000e+00 9.881452e-24 5.214204e-24 1.509566e-23 
1.156000e+00 9.831300e-24 5.186611e-24 1.501791e-23 
1.158000e+00 9.778403e-24 5.157227e-24 1.493563e-23 
1.160000e+00 9.727334e-24 5.129563e-24 1.485690e-23 
1.162000e+00 9.675302e-24 5.101942e-24 1.477724e-23 
1.164000e+00 9.624033e-24 5.074419e-24 1.469845e-23 
1.166000e+00 9.571346e-24 5.047417e-24 1.461876e-23 
1.168000e+00 9.520218e-24 5.019534e-24 1.453975e-23 
1.170000e+00 9.470197e-24 4.991762e-24 1.446196e-23 
1.172000e+00 9.418717e-24 4.964449e-24 1.438317e-23 
1.174000e+00 9.371286e-24 4.937361e-24 1.430865e-23 
1.176000e+00 9.321122e-24 4.911660e-24 1.423278e-23 
1.178000e+00 9.270289e-24 4.885866e-24 1.415616e-23 
1.180000e+00 9.222797e-24 4.860162e-24 1.408296e-23 
1.182000e+00 9.173077e-24 4.835906e-24 1.400898e-23 
1.184000e+00 9.121266e-24 4.810477e-24 1.393174e-23 
1.186000e+00 9.074572e-24 4.784285e-24 1.385886e-23 
1.188000e+00 9.026113e-24 4.758570e-24 1.378468e-23 
1.190000e+00 8.979183e-24 4.734205e-24 1.371339e-23 
1.192000e+00 8.931307e-24 4.708932e-24 1.364024e-23 
1.194000e+00 8.882748e-24 4.685125e-24 1.356787e-23 
1.196000e+00 8.834561e-24 4.659507e-24 1.349407e-23 
1.198000e+00 8.788682e-24 4.634976e-24 1.342366e-23 
1.200000e+00 8.740919e-24 4.609972e-24 1.335089e-23 
1.202000e+00 8.694274e-24 4.585480e-24 1.327975e-23 
1.204000e+00 8.645398e-24 4.561109e-24 1.320651e-23 
1.206000e+00 8.600991e-24 4.539263e-24 1.314025e-23 
1.208000e+00 8.554386e-24 4.515115e-24 1.306950e-23 
1.210000e+00 8.506823e-24 4.493148e-24 1.299997e-23 
1.212000e+00 8.461136e-24 4.468892e-24 1.293003e-23 
1.214000e+00 8.415554e-24 4.446607e-24 1.286216e-23 
1.216000e+00 8.370170e-24 4.424196e-24 1.279437e-23 
1.218000e+00 8.325437e-24 4.400916e-24 1.272635e-23 
1.220000e+00 8.277716e-24 4.378204e-24 1.265592e-23 
1.222000e+00 8.232641e-24 4.355585e-24 1.258823e-23 
1.224000e+00 8.186786e-24 4.333986e-24 1.252077e-23 
1.226000e+00 8.141874e-24 4.311568e-24 1.245344e-23 
1.228000e+00 8.097928e-24 4.289389e-24 1.238732e-23 
1.230000e+00 8.053818e-24 4.265673e-24 1.231949e-23 
1.232000e+00 8.009772e-24 4.244854e-24 1.225463e-23 
1.234000e+00 7.963321e-24 4.223979e-24 1.218730e-23 
1.236000e+00 7.919436e-24 4.203437e-24 1.212287e-23 
1.238000e+00 7.873354e-24 4.181734e-24 1.205509e-23 
1.240000e+00 7.829685e-24 4.160632e-24 1.199032e-23 
1.242000e+00 7.786115e-24 4.140400e-24 1.192652e-23 
1.244000e+00 7.741289e-24 4.119545e-24 1.186083e-23 
1.246000e+00 7.694608e-24 4.098979e-24 1.179359e-23 
1.248000e+00 7.649498e-24 4.078603e-24 1.172810e-23 
1.250000e+00 7.604562e-24 4.058087e-24 1.166265e-23 
1.252000e+00 7.562255e-24 4.037372e-24 1.159963e-23 
1.254000e+00 7.517216e-24 4.016526e-24 1.153374e-23 
1.256000e+00 7.469679e-24 3.996481e-24 1.146616e-23 
1.258000e+00 7.426171e-24 3.975937e-24 1.140211e-23 
1.260000e+00 7.381516e-24 3.955121e-24 1.133664e-23 
1.262000e+00 7.335052e-24 3.935942e-24 1.127099e-23 
1.264000e+00 7.289026e-24 3.917064e-24 1.120609e-23 
1.266000e+00 7.244439e-24 3.898323e-24 1.114276e-23 
1.268000e+00 7.194885e-24 3.879591e-24 1.107448e-23 
1.270000e+00 7.148805e-24 3.860850e-24 1.100966e-23 
1.272000e+00 7.100932e-24 3.841191e-24 1.094212e-23 
1.274000e+00 7.051921e-24 3.822444e-24 1.087436e-23 
1.276000e+00 7.002885e-24 3.803494e-24 1.080638e-23 
1.278000e+00 6.951966e-24 3.784733e-24 1.073670e-23 
1.280000e+00 6.899363e-24 3.766079e-24 1.066544e-23 
1.282000e+00 6.847533e-24 3.747264e-24 1.059480e-23 
1.284000e+00 6.789323e-24 3.728733e-24 1.051806e-23 
1.286000e+00 6.730218e-24 3.709358e-24 1.043958e-23 
1.288000e+00 6.663385e-24 3.690476e-24 1.035386e-23 
1.290000e+00 6.579691e-24 3.673792e-24 1.025348e-23 
1.292000e+00 6.496546e-24 3.656509e-24 1.015305e-23 
1.294000e+00 6.418678e-24 3.637237e-24 1.005591e-23 
1.296000e+00 6.342446e-24 3.619765e-24 9.962211e-24 
1.298000e+00 6.269063e-24 3.602845e-24 9.871908e-24 
1.300000e+00 6.223526e-24 3.585091e-24 9.808617e-24 
1.302000e+00 6.193759e-24 3.568160e-24 9.761919e-24 
1.304000e+00 6.164276e-24 3.550486e-24 9.714762e-24 
1.306000e+00 6.168794e-24 3.533035e-24 9.701829e-24 
1.308000e+00 6.179830e-24 3.515641e-24 9.695471e-24 
1.310000e+00 6.193694e-24 3.498331e-24 9.692026e-24 
1.312000e+00 6.219402e-24 3.481445e-24 9.700848e-24 
1.314000e+00 6.243436e-24 3.465893e-24 9.709329e-24 
1.316000e+00 6.269613e-24 3.448966e-24 9.718578e-24 
1.318000e+00 6.274810e-24 3.431936e-24 9.706745e-24 
1.320000e+00 6.281391e-24 3.415600e-24 9.696991e-24 
1.322000e+00 6.285048e-24 3.400351e-24 9.685399e-24 
1.324000e+00 6.276841e-24 3.383942e-24 9.660783e-24 
1.326000e+00 6.272071e-24 3.368620e-24 9.640691e-24 
1.328000e+00 6.263416e-24 3.352899e-24 9.616315e-24 
1.330000e+00 6.251783e-24 3.337248e-24 9.589031e-24 
1.332000e+00 6.239563e-24 3.321152e-24 9.560716e-24 
1.334000e+00 6.228432e-24 3.305765e-24 9.534197e-24 
1.336000e+00 6.212439e-24 3.290326e-24 9.502766e-24 
1.338000e+00 6.197309e-24 3.274491e-24 9.471800e-24 
1.340000e+00 6.181346e-24 3.260346e-24 9.441692e-24 
1.342000e+00 6.163327e-24 3.243965e-24 9.407293e-24 
1.344000e+00 6.149375e-24 3.228318e-24 9.377693e-24 
1.346000e+00 6.131873e-24 3.213291e-24 9.345164e-24 
1.348000e+00 6.110566e-24 3.198641e-24 9.309207e-24 
1.350000e+00 6.092202e-24 3.183143e-24 9.275345e-24 
1.352000e+00 6.074463e-24 3.169192e-24 9.243655e-24 
1.354000e+00 6.054980e-24 3.154737e-24 9.209717e-24 
1.356000e+00 6.035414e-24 3.140712e-24 9.176126e-24 
1.358000e+00 6.018185e-24 3.125953e-24 9.144138e-24 
1.360000e+00 5.996966e-24 3.110739e-24 9.107705e-24 
1.362000e+00 5.978131e-24 3.096364e-24 9.074495e-24 
1.364000e+00 5.959040e-24 3.081965e-24 9.041006e-24 
1.366000e+00 5.939035e-24 3.067962e-24 9.006997e-24 
1.368000e+00 5.917413e-24 3.054099e-24 8.971513e-24 
1.370000e+00 5.898015e-24 3.039746e-24 8.937760e-24 
1.372000e+00 5.875594e-24 3.025775e-24 8.901369e-24 
1.374000e+00 5.856737e-24 3.011276e-24 8.868013e-24 
1.376000e+00 5.835596e-24 2.997640e-24 8.833236e-24 
1.378000e+00 5.815226e-24 2.983535e-24 8.798761e-24 
1.380000e+00 5.795149e-24 2.968850e-24 8.763999e-24 
1.382000e+00 5.776120e-24 2.957608e-24 8.733728e-24 
1.384000e+00 5.754425e-24 2.943610e-24 8.698035e-24 
1.386000e+00 5.732067e-24 2.929583e-24 8.661650e-24 
1.388000e+00 5.710809e-24 2.916570e-24 8.627379e-24 
1.390000e+00 5.691631e-24 2.904276e-24 8.595907e-24 
1.392000e+00 5.668871e-24 2.891486e-24 8.560357e-24 
1.394000e+00 5.649812e-24 2.877246e-24 8.527057e-24 
1.396000e+00 5.628480e-24 2.864544e-24 8.493024e-24 
1.398000e+00 5.608404e-24 2.851418e-24 8.459821e-24 
1.400000e+00 5.586894e-24 2.839323e-24 8.426218e-24 
1.402000e+00 5.564970e-24 2.826563e-24 8.391533e-24 
1.404000e+00 5.545125e-24 2.813427e-24 8.358552e-24 
1.406000e+00 5.523819e-24 2.799602e-24 8.323421e-24 
1.408000e+00 5.502968e-24 2.786740e-24 8.289708e-24 
1.410000e+00 5.483906e-24 2.774013e-24 8.257918e-24 
1.412000e+00 5.460527e-24 2.761412e-24 8.221940e-24 
1.414000e+00 5.441591e-24 2.749780e-24 8.191371e-24 
1.416000e+00 5.420705e-24 2.737951e-24 8.158656e-24 
1.418000e+00 5.400201e-24 2.726515e-24 8.126716e-24 
1.420000e+00 5.379692e-24 2.713763e-24 8.093455e-24 
1.422000e+00 5.359584e-24 2.701859e-24 8.061443e-24 
1.424000e+00 5.339270e-24 2.690473e-24 8.029743e-24 
1.426000e+00 5.317881e-24 2.678373e-24 7.996254e-24 
1.428000e+00 5.296437e-24 2.667300e-24 7.963737e-24 
1.430000e+00 5.275425e-24 2.655294e-24 7.930719e-24 
1.432000e+00 5.254535e-24 2.643036e-24 7.897572e-24 
1.434000e+00 5.235397e-24 2.631636e-24 7.867033e-24 
1.436000e+00 5.216587e-24 2.620441e-24 7.837028e-24 
1.438000e+00 5.196864e-24 2.609254e-24 7.806118e-24 
1.440000e+00 5.176957e-24 2.596792e-24 7.773749e-24 
1.442000e+00 5.157127e-24 2.585155e-24 7.742282e-24 
1.444000e+00 5.135224e-24 2.574176e-24 7.709401e-24 
1.446000e+00 5.115952e-24 2.563039e-24 7.678990e-24 
1.448000e+00 5.096985e-24 2.551704e-24 7.648689e-24 
1.450000e+00 5.076984e-24 2.541555e-24 7.618540e-24 
1.452000e+00 5.055415e-24 2.530527e-24 7.585942e-24 
1.454000e+00 5.036036e-24 2.519252e-24 7.555288e-24 
1.456000e+00 5.015914e-24 2.508936e-24 7.524850e-24 
1.458000e+00 4.996279e-24 2.497625e-24 7.493904e-24 
1.460000e+00 4.977144e-24 2.487914e-24 7.465058e-24 
1.462000e+00 4.957150e-24 2.476387e-24 7.433537e-24 
1.464000e+00 4.938365e-24 2.464531e-24 7.402896e-24 
1.466000e+00 4.918893e-24 2.454863e-24 7.373756e-24 
1.468000e+00 4.900018e-24 2.444019e-24 7.344038e-24 
1.470000e+00 4.881129e-24 2.433796e-24 7.314924e-24 
1.472000e+00 4.861034e-24 2.422644e-24 7.283678e-24 
1.474000e+00 4.843655e-24 2.413130e-24 7.256785e-24 
1.476000e+00 4.824191e-24 2.401936e-24 7.226128e-24 
1.478000e+00 4.805323e-24 2.392132e-24 7.197455e-24 
1.480000e+00 4.787782e-24 2.381908e-24 7.169690e-24 
1.482000e+00 4.768058e-24 2.370675e-24 7.138733e-24 
1.484000e+00 4.750243e-24 2.360918e-24 7.111161e-24 
1.486000e+00 4.730580e-24 2.351235e-24 7.081814e-24 
1.488000e+00 4.712039e-24 2.341248e-24 7.053287e-24 
1.490000e+00 4.693893e-24 2.332772e-24 7.026664e-24 
1.492000e+00 4.673445e-24 2.322136e-24 6.995582e-24 
1.494000e+00 4.656659e-24 2.312338e-24 6.968997e-24 
1.496000e+00 4.636991e-24 2.302660e-24 6.939650e-24 
1.498000e+00 4.619452e-24 2.292676e-24 6.912127e-24 
1.500000e+00 4.601501e-24 2.282632e-24 6.884134e-24 
1.502000e+00 4.581713e-24 2.272757e-24 6.854470e-24 
1.504000e+00 4.564575e-24 2.262231e-24 6.826806e-24 
1.506000e+00 4.546671e-24 2.253026e-24 6.799697e-24 
1.508000e+00 4.529467e-24 2.242990e-24 6.772457e-24 
1.510000e+00 4.511857e-24 2.233382e-24 6.745239e-24 
1.512000e+00 4.492019e-24 2.224749e-24 6.716768e-24 
1.514000e+00 4.475067e-24 2.214959e-24 6.690026e-24 
1.516000e+00 4.457619e-24 2.206579e-24 6.664198e-24 
1.518000e+00 4.439621e-24 2.196355e-24 6.635976e-24 
1.520000e+00 4.421826e-24 2.187450e-24 6.609276e-24 
1.522000e+00 4.405242e-24 2.179116e-24 6.584358e-24 
1.524000e+00 4.386476e-24 2.169364e-24 6.555840e-24 
1.526000e+00 4.368839e-24 2.160620e-24 6.529459e-24 
1.528000e+00 4.352026e-24 2.152081e-24 6.504107e-24 
1.530000e+00 4.333736e-24 2.143468e-24 6.477204e-24 
1.532000e+00 4.318606e-24 2.133430e-24 6.452035e-24 
1.534000e+00 4.301182e-24 2.125121e-24 6.426303e-24 
1.536000e+00 4.285141e-24 2.115897e-24 6.401038e-24 
1.538000e+00 4.267051e-24 2.107937e-24 6.374988e-24 
1.540000e+00 4.250355e-24 2.097759e-24 6.348113e-24 
1.542000e+00 4.233473e-24 2.089254e-24 6.322727e-24 
1.544000e+00 4.217258e-24 2.080872e-24 6.298130e-24 
1.546000e+00 4.200010e-24 2.072555e-24 6.272565e-24 
1.548000e+00 4.183851e-24 2.063554e-24 6.247405e-24 
1.550000e+00 4.166546e-24 2.055537e-24 6.222083e-24 
1.552000e+00 4.151002e-24 2.046115e-24 6.197117e-24 
1.554000e+00 4.133009e-24 2.038579e-24 6.171588e-24 
1.556000e+00 4.117458e-24 2.030437e-24 6.147895e-24 
1.558000e+00 4.101711e-24 2.021587e-24 6.123298e-24 
1.560000e+00 4.084549e-24 2.013477e-24 6.098026e-24 
1.562000e+00 4.069197e-24 2.006099e-24 6.075296e-24 
1.564000e+00 4.051657e-24 1.997359e-24 6.049016e-24 
1.566000e+00 4.035925e-24 1.989036e-24 6.024961e-24 
1.568000e+00 4.019334e-24 1.981583e-24 6.000917e-24 
1.570000e+00 4.004505e-24 1.972726e-24 5.977232e-24 
1.572000e+00 3.989138e-24 1.964239e-24 5.953377e-24 
1.574000e+00 3.972857e-24 1.956691e-24 5.929548e-24 
1.576000e+00 3.957563e-24 1.948194e-24 5.905757e-24 
1.578000e+00 3.940547e-24 1.941486e-24 5.882033e-24 
1.580000e+00 3.923900e-24 1.932632e-24 5.856532e-24 
1.582000e+00 3.909027e-24 1.924261e-24 5.833289e-24 
1.584000e+00 3.893008e-24 1.916512e-24 5.809520e-24 
1.586000e+00 3.878123e-24 1.908218e-24 5.786341e-24 
1.588000e+00 3.861910e-24 1.900881e-24 5.762790e-24 
1.590000e+00 3.846818e-24 1.893399e-24 5.740216e-24 
1.592000e+00 3.832775e-24 1.886071e-24 5.718846e-24 
1.594000e+00 3.817700e-24 1.878974e-24 5.696674e-24 
1.596000e+00 3.803501e-24 1.871053e-24 5.674553e-24 
1.598000e+00 3.788006e-24 1.864586e-24 5.652592e-24 
1.600000e+00 3.772161e-24 1.856869e-24 5.629030e-24 
1.602000e+00 3.757177e-24 1.850032e-24 5.607209e-24 
1.604000e+00 3.741347e-24 1.841255e-24 5.582602e-24 
1.606000e+00 3.727579e-24 1.833491e-24 5.561069e-24 
1.608000e+00 3.714216e-24 1.825923e-24 5.540139e-24 
1.610000e+00 3.698031e-24 1.819658e-24 5.517688e-24 
1.612000e+00 3.682443e-24 1.811430e-24 5.493873e-24 
1.614000e+00 3.669147e-24 1.804961e-24 5.474108e-24 
1.616000e+00 3.652535e-24 1.797024e-24 5.449559e-24 
1.618000e+00 3.637593e-24 1.789150e-24 5.426743e-24 
1.620000e+00 3.623309e-24 1.782496e-24 5.405805e-24 
1.622000e+00 3.610120e-24 1.774773e-24 5.384893e-24 
1.624000e+00 3.594599e-24 1.768843e-24 5.363442e-24 
1.626000e+00 3.580928e-24 1.761465e-24 5.342393e-24 
1.628000e+00 3.566845e-24 1.754908e-24 5.321754e-24 
1.630000e+00 3.553159e-24 1.748512e-24 5.301671e-24 
1.632000e+00 3.539869e-24 1.742400e-24 5.282269e-24 
1.634000e+00 3.525529e-24 1.734924e-24 5.260453e-24 
1.636000e+00 3.510076e-24 1.728328e-24 5.238404e-24 
1.638000e+00 3.497276e-24 1.721728e-24 5.219004e-24 
1.640000e+00 3.482740e-24 1.715189e-24 5.197929e-24 
1.642000e+00 3.469393e-24 1.708370e-24 5.177763e-24 
1.644000e+00 3.455171e-24 1.701851e-24 5.157022e-24 
1.646000e+00 3.441888e-24 1.694175e-24 5.136062e-24 
1.648000e+00 3.428251e-24 1.687877e-24 5.116128e-24 
1.650000e+00 3.414154e-24 1.680985e-24 5.095139e-24 
1.652000e+00 3.398991e-24 1.674491e-24 5.073482e-24 
1.654000e+00 3.385806e-24 1.668488e-24 5.054295e-24 
1.656000e+00 3.372481e-24 1.661248e-24 5.033730e-24 
1.658000e+00 3.358551e-24 1.655388e-24 5.013939e-24 
1.660000e+00 3.346651e-24 1.649217e-24 4.995868e-24 
1.662000e+00 3.333708e-24 1.642177e-24 4.975885e-24 
1.664000e+00 3.318640e-24 1.635736e-24 4.954376e-24 
1.666000e+00 3.305943e-24 1.628898e-24 4.934841e-24 
1.668000e+00 3.291580e-24 1.623275e-24 4.914855e-24 
1.670000e+00 3.279860e-24 1.617403e-24 4.897263e-24 
1.672000e+00 3.266662e-24 1.611144e-24 4.877806e-24 
1.674000e+00 3.252814e-24 1.604914e-24 4.857728e-24 
1.676000e+00 3.240534e-24 1.598621e-24 4.839155e-24 
1.678000e+00 3.227210e-24 1.592954e-24 4.820164e-24 
1.680000e+00 3.213388e-24 1.586158e-24 4.799546e-24 
1.682000e+00 3.202024e-24 1.580207e-24 4.782231e-24 
1.684000e+00 3.188316e-24 1.574424e-24 4.762740e-24 
1.686000e+00 3.176311e-24 1.568464e-24 4.744775e-24 
1.688000e+00 3.162185e-24 1.562468e-24 4.724653e-24 
1.690000e+00 3.150046e-24 1.556238e-24 4.706285e-24 
1.692000e+00 3.137000e-24 1.549925e-24 4.686925e-24 
1.694000e+00 3.125222e-24 1.543987e-24 4.669209e-24 
1.696000e+00 3.113441e-24 1.537808e-24 4.651248e-24 
1.698000e+00 3.099866e-24 1.531916e-24 4.631781e-24 
1.700000e+00 3.088578e-24 1.525432e-24 4.614010e-24 
1.702000e+00 3.074656e-24 1.519625e-24 4.594281e-24 
1.704000e+00 3.062746e-24 1.514410e-24 4.577156e-24 
1.706000e+00 3.050570e-24 1.508658e-24 4.559228e-24 
1.708000e+00 3.037235e-24 1.502156e-24 4.539390e-24 
1.710000e+00 3.026384e-24 1.497706e-24 4.524089e-24 
1.712000e+00 3.014208e-24 1.491465e-24 4.505674e-24 
1.714000e+00 3.000912e-24 1.485177e-24 4.486089e-24 
1.716000e+00 2.988980e-24 1.480464e-24 4.469444e-24 
1.718000e+00 2.976219e-24 1.474304e-24 4.450523e-24 
1.720000e+00 2.964848e-24 1.469397e-24 4.434246e-24 
1.722000e+00 2.951669e-24 1.462953e-24 4.414622e-24 
1.724000e+00 2.939878e-24 1.456837e-24 4.396715e-24 
1.726000e+00 2.928724e-24 1.452236e-24 4.380960e-24 
1.728000e+00 2.917092e-24 1.446001e-24 4.363093e-24 
1.730000e+00 2.904592e-24 1.440982e-24 4.345574e-24 
1.732000e+00 2.892670e-24 1.434961e-24 4.327631e-24 
1.734000e+00 2.881205e-24 1.429242e-24 4.310446e-24 
1.736000e+00 2.868440e-24 1.423754e-24 4.292193e-24 
1.738000e+00 2.857726e-24 1.418124e-24 4.275850e-24 
1.740000e+00 2.846331e-24 1.412913e-24 4.259243e-24 
1.742000e+00 2.833523e-24 1.407944e-24 4.241467e-24 
1.744000e+00 2.820445e-24 1.403003e-24 4.223448e-24 
1.746000e+00 2.809555e-24 1.398239e-24 4.207794e-24 
1.748000e+00 2.797316e-24 1.392701e-24 4.190018e-24 
1.750000e+00 2.786311e-24 1.387338e-24 4.173649e-24 
1.752000e+00 2.774172e-24 1.381933e-24 4.156105e-24 
1.754000e+00 2.762382e-24 1.377013e-24 4.139395e-24 
1.756000e+00 2.751136e-24 1.371907e-24 4.123043e-24 
1.758000e+00 2.739520e-24 1.367009e-24 4.106529e-24 
1.760000e+00 2.727754e-24 1.362097e-24 4.089851e-24 
1.762000e+00 2.715985e-24 1.357038e-24 4.073023e-24 
1.764000e+00 2.704517e-24 1.351177e-24 4.055694e-24 
1.766000e+00 2.693162e-24 1.346131e-24 4.039293e-24 
1.768000e+00 2.681437e-24 1.341235e-24 4.022672e-24 
1.770000e+00 2.670035e-24 1.336328e-24 4.006363e-24 
1.772000e+00 2.657915e-24 1.331764e-24 3.989679e-24 
1.774000e+00 2.646684e-24 1.326748e-24 3.973432e-24 
1.776000e+00 2.633508e-24 1.321454e-24 3.954962e-24 
1.778000e+00 2.622966e-24 1.316801e-24 3.939767e-24 
1.780000e+00 2.610381e-24 1.311832e-24 3.922213e-24 
1.782000e+00 2.599912e-24 1.306448e-24 3.906360e-24 
1.784000e+00 2.586444e-24 1.302856e-24 3.889300e-24 
1.786000e+00 2.575102e-24 1.298349e-24 3.873451e-24 
1.788000e+00 2.562059e-24 1.293042e-24 3.855101e-24 
1.790000e+00 2.551085e-24 1.287747e-24 3.838832e-24 
1.792000e+00 2.539140e-24 1.284160e-24 3.823300e-24 
1.794000e+00 2.526445e-24 1.279508e-24 3.805953e-24 
1.796000e+00 2.515088e-24 1.274357e-24 3.789445e-24 
1.798000e+00 2.503946e-24 1.269534e-24 3.773480e-24 
1.800000e+00 2.490519e-24 1.265665e-24 3.756184e-24 
1.802000e+00 2.477729e-24 1.260522e-24 3.738252e-24 
1.804000e+00 2.465371e-24 1.255856e-24 3.721227e-24 
1.806000e+00 2.452645e-24 1.252021e-24 3.704666e-24 
1.808000e+00 2.438213e-24 1.246885e-24 3.685098e-24 
1.810000e+00 2.426305e-24 1.241851e-24 3.668155e-24 
1.812000e+00 2.411693e-24 1.238250e-24 3.649943e-24 
1.814000e+00 2.399305e-24 1.233389e-24 3.632694e-24 
1.816000e+00 2.381610e-24 1.228335e-24 3.609945e-24 
1.818000e+00 2.366730e-24 1.224402e-24 3.591132e-24 
1.820000e+00 2.351128e-24 1.219763e-24 3.570891e-24 
1.822000e+00 2.334772e-24 1.215929e-24 3.550701e-24 
1.824000e+00 2.315086e-24 1.210797e-24 3.525883e-24 
1.826000e+00 2.294010e-24 1.207043e-24 3.501053e-24 
1.828000e+00 2.275136e-24 1.201961e-24 3.477096e-24 
1.830000e+00 2.255717e-24 1.198194e-24 3.453911e-24 
1.832000e+00 2.239240e-24 1.194673e-24 3.433912e-24 
1.834000e+00 2.224219e-24 1.189476e-24 3.413695e-24 
1.836000e+00 2.206370e-24 1.185652e-24 3.392021e-24 
1.838000e+00 2.192725e-24 1.180558e-24 3.373283e-24 
1.840000e+00 2.185643e-24 1.176327e-24 3.361970e-24 
1.842000e+00 2.179851e-24 1.173375e-24 3.353226e-24 
1.844000e+00 2.174483e-24 1.168236e-24 3.342720e-24 
1.846000e+00 2.169047e-24 1.163888e-24 3.332935e-24 
1.848000e+00 2.173051e-24 1.160351e-24 3.333402e-24 
1.850000e+00 2.177205e-24 1.155070e-24 3.332275e-24 
1.852000e+00 2.183055e-24 1.151413e-24 3.334468e-24 
1.854000e+00 2.186458e-24 1.148012e-24 3.334470e-24 
1.856000e+00 2.192049e-24 1.142806e-24 3.334855e-24 
1.858000e+00 2.196385e-24 1.139286e-24 3.335671e-24 
1.860000e+00 2.201091e-24 1.135555e-24 3.336647e-24 
1.862000e+00 2.206428e-24 1.130251e-24 3.336679e-24 
1.864000e+00 2.205057e-24 1.126921e-24 3.331978e-24 
1.866000e+00 2.203538e-24 1.122880e-24 3.326418e-24 
1.868000e+00 2.202441e-24 1.119237e-24 3.321678e-24 
1.870000e+00 2.200714e-24 1.115167e-24 3.315881e-24 
1.872000e+00 2.198234e-24 1.111180e-24 3.309414e-24 
1.874000e+00 2.193256e-24 1.107691e-24 3.300947e-24 
1.876000e+00 2.190237e-24 1.103449e-24 3.293686e-24 
1.878000e+00 2.187865e-24 1.099708e-24 3.287573e-24 
1.880000e+00 2.183977e-24 1.096752e-24 3.280729e-24 
1.882000e+00 2.180752e-24 1.093004e-24 3.273756e-24 
1.884000e+00 2.176520e-24 1.089033e-24 3.265553e-24 
1.886000e+00 2.172518e-24 1.084833e-24 3.257351e-24 
1.888000e+00 2.168030e-24 1.081506e-24 3.249536e-24 
1.890000e+00 2.162360e-24 1.077552e-24 3.239912e-24 
1.892000e+00 2.158613e-24 1.073454e-24 3.232068e-24 
1.894000e+00 2.154067e-24 1.070069e-24 3.224136e-24 
1.896000e+00 2.148627e-24 1.066345e-24 3.214972e-24 
1.898000e+00 2.143987e-24 1.062557e-24 3.206544e-24 
1.900000e+00 2.138701e-24 1.058904e-24 3.197605e-24 
1.902000e+00 2.133227e-24 1.054602e-24 3.187828e-24 
1.904000e+00 2.126631e-24 1.051767e-24 3.178398e-24 
1.906000e+00 2.122748e-24 1.048392e-24 3.171140e-24 
1.908000e+00 2.118239e-24 1.044966e-24 3.163205e-24 
1.910000e+00 2.112727e-24 1.040422e-24 3.153150e-24 
1.912000e+00 2.107089e-24 1.037372e-24 3.144460e-24 
1.914000e+00 2.101159e-24 1.033810e-24 3.134968e-24 
1.916000e+00 2.096615e-24 1.029831e-24 3.126447e-24 
1.918000e+00 2.091267e-24 1.026215e-24 3.117482e-24 
1.920000e+00 2.086303e-24 1.023567e-24 3.109870e-24 
1.922000e+00 2.079951e-24 1.019751e-24 3.099702e-24 
1.924000e+00 2.074659e-24 1.015472e-24 3.090132e-24 
1.926000e+00 2.069048e-24 1.013037e-24 3.082085e-24 
1.928000e+00 2.064077e-24 1.009198e-24 3.073275e-24 
1.930000e+00 2.057687e-24 1.005615e-24 3.063303e-24 
1.932000e+00 2.052261e-24 1.002617e-24 3.054878e-24 
1.934000e+00 2.046854e-24 9.989892e-25 3.045843e-24 
1.936000e+00 2.041576e-24 9.945675e-25 3.036143e-24 
1.938000e+00 2.035872e-24 9.920211e-25 3.027893e-24 
1.940000e+00 2.030954e-24 9.887762e-25 3.019731e-24 
1.942000e+00 2.024763e-24 9.847760e-25 3.009539e-24 
1.944000e+00 2.019543e-24 9.818419e-25 3.001385e-24 
1.946000e+00 2.014189e-24 9.782565e-25 2.992446e-24 
1.948000e+00 2.008329e-24 9.739135e-25 2.982242e-24 
1.950000e+00 2.002956e-24 9.717696e-25 2.974726e-24 
1.952000e+00 1.995873e-24 9.679074e-25 2.963780e-24 
1.954000e+00 1.990310e-24 9.649657e-25 2.955276e-24 
1.956000e+00 1.985411e-24 9.613813e-25 2.946793e-24 
1.958000e+00 1.980647e-24 9.583130e-25 2.938960e-24 
1.960000e+00 1.975281e-24 9.555173e-25 2.930798e-24 
1.962000e+00 1.969771e-24 9.514287e-25 2.921200e-24 
1.964000e+00 1.964053e-24 9.505576e-25 2.914611e-24 
1.966000e+00 1.959032e-24 9.461041e-25 2.905136e-24 
1.968000e+00 1.953176e-24 9.423859e-25 2.895562e-24 
1.970000e+00 1.947330e-24 9.398890e-25 2.887219e-24 
1.972000e+00 1.940886e-24 9.354986e-25 2.876385e-24 
1.974000e+00 1.935103e-24 9.329415e-25 2.868044e-24 
1.976000e+00 1.930562e-24 9.304230e-25 2.860985e-24 
1.978000e+00 1.924173e-24 9.264115e-25 2.850585e-24 
1.980000e+00 1.919082e-24 9.234586e-25 2.842541e-24 
1.982000e+00 1.913636e-24 9.206901e-25 2.834326e-24 
1.984000e+00 1.908713e-24 9.171871e-25 2.825900e-24 
1.986000e+00 1.902598e-24 9.140711e-25 2.816670e-24 
1.988000e+00 1.898031e-24 9.114497e-25 2.809481e-24 
1.990000e+00 1.892241e-24 9.074312e-25 2.799672e-24 
1.992000e+00 1.886646e-24 9.049013e-25 2.791548e-24 
1.994000e+00 1.881079e-24 9.023130e-25 2.783392e-24 
1.996000e+00 1.875386e-24 8.987642e-25 2.774151e-24 
1.998000e+00 1.870222e-24 8.961628e-25 2.766384e-24 
2.000000e+00 1.864374e-24 8.930789e-25 2.757452e-24 
2.002000e+00 1.859351e-24 8.904100e-25 2.749761e-24 
2.004000e+00 1.854096e-24 8.873346e-25 2.741431e-24 
2.006000e+00 1.849080e-24 8.845920e-25 2.733671e-24 
2.008000e+00 1.842693e-24 8.816152e-25 2.724308e-24 
2.010000e+00 1.837826e-24 8.788842e-25 2.716710e-24 
2.012000e+00 1.832777e-24 8.764242e-25 2.709201e-24 
2.014000e+00 1.827062e-24 8.731968e-25 2.700259e-24 
2.016000e+00 1.821398e-24 8.705437e-25 2.691942e-24 
2.018000e+00 1.816380e-24 8.678250e-25 2.684205e-24 
2.020000e+00 1.810922e-24 8.652925e-25 2.676215e-24 
2.022000e+00 1.806005e-24 8.623198e-25 2.668325e-24 
2.024000e+00 1.800473e-24 8.594491e-25 2.659922e-24 
2.026000e+00 1.794875e-24 8.564736e-25 2.651349e-24 
2.028000e+00 1.789149e-24 8.536602e-25 2.642809e-24 
2.030000e+00 1.784093e-24 8.513183e-25 2.635411e-24 
2.032000e+00 1.778364e-24 8.481480e-25 2.626512e-24 
2.034000e+00 1.774144e-24 8.454217e-25 2.619565e-24 
2.036000e+00 1.768459e-24 8.418644e-25 2.610323e-24 
2.038000e+00 1.763506e-24 8.396113e-25 2.603117e-24 
2.040000e+00 1.759356e-24 8.363962e-25 2.595752e-24 
2.042000e+00 1.754152e-24 8.332724e-25 2.587424e-24 
2.044000e+00 1.748602e-24 8.318807e-25 2.580483e-24 
2.046000e+00 1.743546e-24 8.292651e-25 2.572811e-24 
2.048000e+00 1.738861e-24 8.262344e-25 2.565095e-24 
2.050000e+00 1.733099e-24 8.234693e-25 2.556568e-24 
2.052000e+00 1.727274e-24 8.210009e-25 2.548274e-24 
2.054000e+00 1.723512e-24 8.182785e-25 2.541790e-24 
2.056000e+00 1.718608e-24 8.151911e-25 2.533799e-24 
2.058000e+00 1.713127e-24 8.131860e-25 2.526313e-24 
2.060000e+00 1.708155e-24 8.106084e-25 2.518763e-24 
2.062000e+00 1.702597e-24 8.077289e-25 2.510326e-24 
2.064000e+00 1.698148e-24 8.050091e-25 2.503157e-24 
2.066000e+00 1.692648e-24 8.023714e-25 2.495019e-24 
2.068000e+00 1.687271e-24 7.999621e-25 2.487233e-24 
2.070000e+00 1.683721e-24 7.974699e-25 2.481190e-24 
2.072000e+00 1.678280e-24 7.947680e-25 2.473048e-24 
2.074000e+00 1.673955e-24 7.922111e-25 2.466166e-24 
2.076000e+00 1.668807e-24 7.893505e-25 2.458157e-24 
2.078000e+00 1.641624e-24 7.871598e-25 2.428784e-24 
2.080000e+00 1.659602e-24 7.849824e-25 2.444585e-24 
2.082000e+00 1.654308e-24 7.821177e-25 2.436425e-24 
2.084000e+00 1.649298e-24 7.796654e-25 2.428964e-24 
2.086000e+00 1.643832e-24 7.766519e-25 2.420484e-24 
2.088000e+00 1.638432e-24 7.742839e-25 2.412715e-24 
2.090000e+00 1.634227e-24 7.720341e-25 2.406261e-24 
2.092000e+00 1.629342e-24 7.692902e-25 2.398632e-24 
2.094000e+00 1.625462e-24 7.673300e-25 2.392792e-24 
2.096000e+00 1.620651e-24 7.645667e-25 2.385218e-24 
2.098000e+00 1.615855e-24 7.631772e-25 2.379032e-24 
2.100000e+00 1.610457e-24 7.601398e-25 2.370596e-24 
2.102000e+00 1.607207e-24 7.585581e-25 2.365765e-24 
2.104000e+00 1.601459e-24 7.553939e-25 2.356853e-24 
2.106000e+00 1.595990e-24 7.537674e-25 2.349757e-24 
2.108000e+00 1.592210e-24 7.512755e-25 2.343485e-24 
2.110000e+00 1.587078e-24 7.491417e-25 2.336220e-24 
2.112000e+00 1.582969e-24 7.459414e-25 2.328910e-24 
2.114000e+00 1.577360e-24 7.442659e-25 2.321626e-24 
2.116000e+00 1.573792e-24 7.419931e-25 2.315785e-24 
2.118000e+00 1.568288e-24 7.403741e-25 2.308662e-24 
2.120000e+00 1.564311e-24 7.370859e-25 2.301397e-24 
2.122000e+00 1.558875e-24 7.354407e-25 2.294315e-24 
2.124000e+00 1.555041e-24 7.328872e-25 2.287928e-24 
2.126000e+00 1.550007e-24 7.307755e-25 2.280782e-24 
2.128000e+00 1.546089e-24 7.282320e-25 2.274321e-24 
2.130000e+00 1.540454e-24 7.262442e-25 2.266698e-24 
2.132000e+00 1.537414e-24 7.235990e-25 2.261013e-24 
2.134000e+00 1.531986e-24 7.215195e-25 2.253506e-24 
2.136000e+00 1.527637e-24 7.188704e-25 2.246508e-24 
2.138000e+00 1.523422e-24 7.172755e-25 2.240697e-24 
2.140000e+00 1.519530e-24 7.154866e-25 2.235017e-24 
2.142000e+00 1.514621e-24 7.123296e-25 2.226951e-24 
2.144000e+00 1.509710e-24 7.106659e-25 2.220375e-24 
2.146000e+00 1.506829e-24 7.090918e-25 2.215921e-24 
2.148000e+00 1.501873e-24 7.061982e-25 2.208071e-24 
2.150000e+00 1.497660e-24 7.044015e-25 2.202061e-24 
2.152000e+00 1.492370e-24 7.021565e-25 2.194527e-24 
2.154000e+00 1.487891e-24 6.997463e-25 2.187637e-24 
2.156000e+00 1.484604e-24 6.976328e-25 2.182236e-24 
2.158000e+00 1.479375e-24 6.960871e-25 2.175462e-24 
2.160000e+00 1.475533e-24 6.935742e-25 2.169107e-24 
2.162000e+00 1.471959e-24 6.916051e-25 2.163564e-24 
2.164000e+00 1.467236e-24 6.897614e-25 2.156998e-24 
2.166000e+00 1.463299e-24 6.879393e-25 2.151238e-24 
2.168000e+00 1.459219e-24 6.853195e-25 2.144538e-24 
2.170000e+00 1.454752e-24 6.830992e-25 2.137852e-24 
2.172000e+00 1.451167e-24 6.810425e-25 2.132209e-24 
2.174000e+00 1.447118e-24 6.787363e-25 2.125854e-24 
2.176000e+00 1.443501e-24 6.768885e-25 2.120390e-24 
2.178000e+00 1.437478e-24 6.750590e-25 2.112537e-24 
2.180000e+00 1.433515e-24 6.733955e-25 2.106910e-24 
2.182000e+00 1.430163e-24 6.707958e-25 2.100959e-24 
2.184000e+00 1.426303e-24 6.685897e-25 2.094893e-24 
2.186000e+00 1.421872e-24 6.666754e-25 2.088547e-24 
2.188000e+00 1.417935e-24 6.646338e-25 2.082569e-24 
2.190000e+00 1.413227e-24 6.622688e-25 2.075496e-24 
2.192000e+00 1.409263e-24 6.605523e-25 2.069816e-24 
2.194000e+00 1.405408e-24 6.587644e-25 2.064173e-24 
2.196000e+00 1.401008e-24 6.570203e-25 2.058028e-24 
2.198000e+00 1.402406e-24 6.549124e-25 2.057318e-24 
2.200000e+00 1.393369e-24 6.531676e-25 2.046536e-24 
2.202000e+00 1.389874e-24 6.511691e-25 2.041043e-24 
2.204000e+00 1.384970e-24 6.495984e-25 2.034568e-24 
2.206000e+00 1.381002e-24 6.476820e-25 2.028683e-24 
2.208000e+00 1.377157e-24 6.449386e-25 2.022096e-24 
2.210000e+00 1.373134e-24 6.435262e-25 2.016660e-24 
2.212000e+00 1.369559e-24 6.413538e-25 2.010913e-24 
2.214000e+00 1.365513e-24 6.394026e-25 2.004915e-24 
2.216000e+00 1.362018e-24 6.375332e-25 1.999551e-24 
2.218000e+00 1.357392e-24 6.354818e-25 1.992874e-24 
2.220000e+00 1.353903e-24 6.342205e-25 1.988123e-24 
2.222000e+00 1.350275e-24 6.324450e-25 1.982720e-24 
2.224000e+00 1.346047e-24 6.304392e-25 1.976486e-24 
2.226000e+00 1.341525e-24 6.283952e-25 1.969921e-24 
2.228000e+00 1.338026e-24 6.258708e-25 1.963896e-24 
2.230000e+00 1.334500e-24 6.240452e-25 1.958545e-24 
2.232000e+00 1.330562e-24 6.221240e-25 1.952686e-24 
2.234000e+00 1.326776e-24 6.204919e-25 1.947268e-24 
2.236000e+00 1.324344e-24 6.186649e-25 1.943009e-24 
2.238000e+00 1.320888e-24 6.168915e-25 1.937780e-24 
2.240000e+00 1.316044e-24 6.150531e-25 1.931098e-24 
2.242000e+00 1.312271e-24 6.130879e-25 1.925359e-24 
2.244000e+00 1.308266e-24 6.112498e-25 1.919516e-24 
2.246000e+00 1.305530e-24 6.095524e-25 1.915083e-24 
2.248000e+00 1.301195e-24 6.079426e-25 1.909138e-24 
2.250000e+00 1.297237e-24 6.057985e-25 1.903035e-24 
2.252000e+00 1.293257e-24 6.040371e-25 1.897295e-24 
2.254000e+00 1.289609e-24 6.025872e-25 1.892196e-24 
2.256000e+00 1.285791e-24 6.014611e-25 1.887252e-24 
2.258000e+00 1.281954e-24 5.995810e-25 1.881535e-24 
2.260000e+00 1.278156e-24 5.974634e-25 1.875620e-24 
2.262000e+00 1.275582e-24 5.956474e-25 1.871229e-24 
2.264000e+00 1.271336e-24 5.941407e-25 1.865477e-24 
2.266000e+00 1.267963e-24 5.922623e-25 1.860226e-24 
2.268000e+00 1.263840e-24 5.906288e-25 1.854469e-24 
2.270000e+00 1.259902e-24 5.881296e-25 1.848032e-24 
2.272000e+00 1.256786e-24 5.868430e-25 1.843629e-24 
2.274000e+00 1.254025e-24 5.846166e-25 1.838642e-24 
2.276000e+00 1.249925e-24 5.830786e-25 1.833004e-24 
2.278000e+00 1.246105e-24 5.817277e-25 1.827833e-24 
2.280000e+00 1.242151e-24 5.803697e-25 1.822521e-24 
2.282000e+00 1.239316e-24 5.786651e-25 1.817981e-24 
2.284000e+00 1.235720e-24 5.764488e-25 1.812169e-24 
2.286000e+00 1.232727e-24 5.749383e-25 1.807666e-24 
2.288000e+00 1.228999e-24 5.730175e-25 1.802017e-24 
2.290000e+00 1.225468e-24 5.713121e-25 1.796780e-24 
2.292000e+00 1.222910e-24 5.691985e-25 1.792109e-24 
2.294000e+00 1.219132e-24 5.682127e-25 1.787345e-24 
2.296000e+00 1.215106e-24 5.663250e-25 1.781431e-24 
2.298000e+00 1.211871e-24 5.648945e-25 1.776766e-24 
2.300000e+00 1.208798e-24 5.636958e-25 1.772494e-24 
2.302000e+00 1.205273e-24 5.620848e-25 1.767358e-24 
2.304000e+00 1.201330e-24 5.601846e-25 1.761515e-24 
2.306000e+00 1.199010e-24 5.586038e-25 1.757614e-24 
2.308000e+00 1.195005e-24 5.569840e-25 1.751989e-24 
2.310000e+00 1.192277e-24 5.551368e-25 1.747414e-24 
2.312000e+00 1.189056e-24 5.538211e-25 1.742877e-24 
2.314000e+00 1.186147e-24 5.526446e-25 1.738792e-24 
2.316000e+00 1.182992e-24 5.507622e-25 1.733754e-24 
2.318000e+00 1.179558e-24 5.490956e-25 1.728654e-24 
2.320000e+00 1.175954e-24 5.472061e-25 1.723160e-24 
2.322000e+00 1.172088e-24 5.461626e-25 1.718251e-24 
2.324000e+00 1.169371e-24 5.445974e-25 1.713968e-24 
2.326000e+00 1.165876e-24 5.427800e-25 1.708656e-24 
2.328000e+00 1.161516e-24 5.417866e-25 1.703302e-24 
2.330000e+00 1.159285e-24 5.397602e-25 1.699045e-24 
2.332000e+00 1.155212e-24 5.380737e-25 1.693285e-24 
2.334000e+00 1.151676e-24 5.369077e-25 1.688584e-24 
2.336000e+00 1.148913e-24 5.352991e-25 1.684212e-24 
2.338000e+00 1.145767e-24 5.331545e-25 1.678922e-24 
2.340000e+00 1.142647e-24 5.325035e-25 1.675150e-24 
2.342000e+00 1.140378e-24 5.307637e-25 1.671142e-24 
2.344000e+00 1.136604e-24 5.287318e-25 1.665336e-24 
2.346000e+00 1.133881e-24 5.279407e-25 1.661822e-24 
2.348000e+00 1.130920e-24 5.262151e-25 1.657135e-24 
2.350000e+00 1.127986e-24 5.251081e-25 1.653094e-24 
2.352000e+00 1.125091e-24 5.231217e-25 1.648212e-24 
2.354000e+00 1.122264e-24 5.223694e-25 1.644633e-24 
2.356000e+00 1.118854e-24 5.201994e-25 1.639054e-24 
2.358000e+00 1.116288e-24 5.191344e-25 1.635422e-24 
2.360000e+00 1.112247e-24 5.174785e-25 1.629726e-24 
2.362000e+00 1.109089e-24 5.160779e-25 1.625167e-24 
2.364000e+00 1.106165e-24 5.148209e-25 1.620986e-24 
2.366000e+00 1.103598e-24 5.132005e-25 1.616798e-24 
2.368000e+00 1.099458e-24 5.117987e-25 1.611256e-24 
2.370000e+00 1.097093e-24 5.104449e-25 1.607538e-24 
2.372000e+00 1.093051e-24 5.090987e-25 1.602149e-24 
2.374000e+00 1.090600e-24 5.078594e-25 1.598459e-24 
2.376000e+00 1.087982e-24 5.058637e-25 1.593846e-24 
2.378000e+00 1.085608e-24 5.051814e-25 1.590790e-24 
2.380000e+00 1.081838e-24 5.035459e-25 1.585384e-24 
2.382000e+00 1.079060e-24 5.025871e-25 1.581647e-24 
2.384000e+00 1.076289e-24 5.005180e-25 1.576807e-24 
2.386000e+00 1.072965e-24 4.995234e-25 1.572489e-24 
2.388000e+00 1.069994e-24 4.976466e-25 1.567641e-24 
2.390000e+00 1.067048e-24 4.969627e-25 1.564010e-24 
2.392000e+00 1.064190e-24 4.946528e-25 1.558843e-24 
2.394000e+00 1.061020e-24 4.940874e-25 1.555107e-24 
2.396000e+00 1.057775e-24 4.921779e-25 1.549953e-24 
2.398000e+00 1.055283e-24 4.909666e-25 1.546249e-24 
2.400000e+00 1.052644e-24 4.900192e-25 1.542663e-24 
2.402000e+00 1.049875e-24 4.883471e-25 1.538222e-24 
2.404000e+00 1.047385e-24 4.872417e-25 1.534627e-24 
2.406000e+00 1.043573e-24 4.853505e-25 1.528923e-24 
2.408000e+00 1.040762e-24 4.843216e-25 1.525083e-24 
2.410000e+00 1.038656e-24 4.833757e-25 1.522031e-24 
2.412000e+00 1.036073e-24 4.814060e-25 1.517479e-24 
2.414000e+00 1.033385e-24 4.805853e-25 1.513970e-24 
2.416000e+00 1.029753e-24 4.795037e-25 1.509257e-24 
2.418000e+00 1.026975e-24 4.777354e-25 1.504711e-24 
2.420000e+00 1.024803e-24 4.769372e-25 1.501740e-24 
2.422000e+00 1.021755e-24 4.750393e-25 1.496795e-24 
2.424000e+00 1.019779e-24 4.739861e-25 1.493765e-24 
2.426000e+00 1.015658e-24 4.731003e-25 1.488759e-24 
2.428000e+00 1.013240e-24 4.715219e-25 1.484762e-24 
2.430000e+00 1.011086e-24 4.702607e-25 1.481347e-24 
2.432000e+00 1.008020e-24 4.692970e-25 1.477317e-24 
2.434000e+00 1.005297e-24 4.672116e-25 1.472508e-24 
2.436000e+00 1.002886e-24 4.664836e-25 1.469370e-24 
2.438000e+00 1.000055e-24 4.651160e-25 1.465171e-24 
2.440000e+00 9.972764e-25 4.635332e-25 1.460810e-24 
2.442000e+00 9.950186e-25 4.622739e-25 1.457293e-24 
2.444000e+00 9.928915e-25 4.610287e-25 1.453920e-24 
2.446000e+00 9.902689e-25 4.598570e-25 1.450126e-24 
2.448000e+00 9.865027e-25 4.587921e-25 1.445295e-24 
2.450000e+00 9.833537e-25 4.575817e-25 1.440935e-24 
2.452000e+00 9.812528e-25 4.558820e-25 1.437135e-24 
2.454000e+00 9.787031e-25 4.547756e-25 1.433479e-24 
2.456000e+00 9.763594e-25 4.540027e-25 1.430362e-24 
2.458000e+00 9.738411e-25 4.523211e-25 1.426162e-24 
2.460000e+00 9.707023e-25 4.508606e-25 1.421563e-24 
2.462000e+00 9.682071e-25 4.502833e-25 1.418490e-24 
2.464000e+00 9.657714e-25 4.488407e-25 1.414612e-24 
2.466000e+00 9.631450e-25 4.475088e-25 1.410654e-24 
2.468000e+00 9.608636e-25 4.465115e-25 1.407375e-24 
2.470000e+00 9.576314e-25 4.449873e-25 1.402619e-24 
2.472000e+00 9.558373e-25 4.442884e-25 1.400126e-24 
2.474000e+00 9.530594e-25 4.431150e-25 1.396174e-24 
2.476000e+00 9.500167e-25 4.413957e-25 1.391412e-24 
2.478000e+00 9.470835e-25 4.405347e-25 1.387618e-24 
2.480000e+00 9.447515e-25 4.393874e-25 1.384139e-24 
2.482000e+00 9.418706e-25 4.383729e-25 1.380244e-24 
2.484000e+00 9.393038e-25 4.371030e-25 1.376407e-24 
2.486000e+00 9.377808e-25 4.351644e-25 1.372945e-24 
2.488000e+00 9.348986e-25 4.343610e-25 1.369260e-24 
2.490000e+00 9.327191e-25 4.335334e-25 1.366252e-24 
2.492000e+00 9.301178e-25 4.322307e-25 1.362349e-24 
2.494000e+00 9.276667e-25 4.313369e-25 1.359004e-24 
2.496000e+00 9.246611e-25 4.298100e-25 1.354471e-24 
2.498000e+00 9.228524e-25 4.287141e-25 1.351567e-24 
2.500000e+00 9.274271e-25 4.276685e-25 1.355096e-24 
2.502000e+00 9.173146e-25 4.266776e-25 1.343992e-24 
2.504000e+00 9.146801e-25 4.256771e-25 1.340357e-24 
2.506000e+00 9.123582e-25 4.238304e-25 1.336189e-24 
2.508000e+00 9.105928e-25 4.230518e-25 1.333645e-24 
2.510000e+00 9.081573e-25 4.216906e-25 1.329848e-24 
2.512000e+00 9.062300e-25 4.209213e-25 1.327151e-24 
2.514000e+00 9.031374e-25 4.195327e-25 1.322670e-24 
2.516000e+00 9.007840e-25 4.187155e-25 1.319499e-24 
2.518000e+00 8.980058e-25 4.175633e-25 1.315569e-24 
2.520000e+00 8.960076e-25 4.167488e-25 1.312756e-24 
2.522000e+00 8.933911e-25 4.154243e-25 1.308815e-24 
2.524000e+00 8.922667e-25 4.137141e-25 1.305981e-24 
2.526000e+00 8.895100e-25 4.129326e-25 1.302443e-24 
2.528000e+00 8.866274e-25 4.116170e-25 1.298244e-24 
2.530000e+00 8.844769e-25 4.108143e-25 1.295291e-24 
2.532000e+00 8.830414e-25 4.099079e-25 1.292949e-24 
2.534000e+00 8.801449e-25 4.086270e-25 1.288772e-24 
2.536000e+00 8.778650e-25 4.077885e-25 1.285654e-24 
2.538000e+00 8.750640e-25 4.066429e-25 1.281707e-24 
2.540000e+00 8.725703e-25 4.058354e-25 1.278406e-24 
2.542000e+00 8.700954e-25 4.044927e-25 1.274588e-24 
2.544000e+00 8.683448e-25 4.035935e-25 1.271938e-24 
2.546000e+00 8.664710e-25 4.024234e-25 1.268894e-24 
2.548000e+00 8.638144e-25 4.015979e-25 1.265412e-24 
2.550000e+00 8.625121e-25 4.003337e-25 1.262846e-24 
2.552000e+00 8.597425e-25 3.996393e-25 1.259382e-24 
2.554000e+00 8.573318e-25 3.982971e-25 1.255629e-24 
2.556000e+00 8.558322e-25 3.975660e-25 1.253398e-24 
2.558000e+00 8.530322e-25 3.964337e-25 1.249466e-24 
2.560000e+00 8.503627e-25 3.951645e-25 1.245527e-24 
2.562000e+00 8.494741e-25 3.942550e-25 1.243729e-24 
2.564000e+00 8.467810e-25 3.926122e-25 1.239393e-24 
2.566000e+00 8.443162e-25 3.918848e-25 1.236201e-24 
2.568000e+00 8.417621e-25 3.905909e-25 1.232353e-24 
2.570000e+00 8.401079e-25 3.897456e-25 1.229853e-24 
2.572000e+00 8.373682e-25 3.886676e-25 1.226036e-24 
2.574000e+00 8.352212e-25 3.880185e-25 1.223240e-24 
2.576000e+00 8.326925e-25 3.868519e-25 1.219544e-24 
2.578000e+00 8.301091e-25 3.861042e-25 1.216213e-24 
2.580000e+00 8.283239e-25 3.849450e-25 1.213269e-24 
2.582000e+00 8.261584e-25 3.839970e-25 1.210155e-24 
2.584000e+00 8.232915e-25 3.829527e-25 1.206244e-24 
2.586000e+00 8.222856e-25 3.820440e-25 1.204330e-24 
2.588000e+00 8.196289e-25 3.806870e-25 1.200316e-24 
2.590000e+00 8.170962e-25 3.800363e-25 1.197133e-24 
2.592000e+00 8.155793e-25 3.771051e-25 1.192684e-24 
2.594000e+00 8.132648e-25 3.780130e-25 1.191278e-24 
2.596000e+00 8.120917e-25 3.769793e-25 1.189071e-24 
2.598000e+00 8.094349e-25 3.766272e-25 1.186062e-24 
2.600000e+00 8.068667e-25 3.756374e-25 1.182504e-24 
2.602000e+00 8.050919e-25 3.743310e-25 1.179423e-24 
2.604000e+00 8.032040e-25 3.734600e-25 1.176664e-24 
2.606000e+00 8.008662e-25 3.725262e-25 1.173392e-24 
2.608000e+00 7.985711e-25 3.712153e-25 1.169786e-24 
2.610000e+00 7.974615e-25 3.703247e-25 1.167786e-24 
2.612000e+00 7.960084e-25 3.692447e-25 1.165253e-24 
2.614000e+00 7.934347e-25 3.683434e-25 1.161778e-24 
2.616000e+00 7.909651e-25 3.671223e-25 1.158087e-24 
2.618000e+00 7.892301e-25 3.665148e-25 1.155745e-24 
2.620000e+00 7.876498e-25 3.660935e-25 1.153743e-24 
2.622000e+00 7.854877e-25 3.649212e-25 1.150409e-24 
2.624000e+00 7.829318e-25 3.639475e-25 1.146879e-24 
2.626000e+00 7.806004e-25 3.627997e-25 1.143400e-24 
2.628000e+00 7.789359e-25 3.617125e-25 1.140648e-24 
2.630000e+00 7.765960e-25 3.608562e-25 1.137452e-24 
2.632000e+00 7.752870e-25 3.595113e-25 1.134798e-24 
2.634000e+00 7.730787e-25 3.593881e-25 1.132467e-24 
2.636000e+00 7.685456e-25 3.586607e-25 1.127206e-24 
2.638000e+00 7.686718e-25 3.574064e-25 1.126078e-24 
2.640000e+00 7.669552e-25 3.565296e-25 1.123485e-24 
2.642000e+00 7.647434e-25 3.556010e-25 1.120344e-24 
2.644000e+00 7.635266e-25 3.548894e-25 1.118416e-24 
2.646000e+00 7.609060e-25 3.538003e-25 1.114706e-24 
2.648000e+00 7.591863e-25 3.528387e-25 1.112025e-24 
2.650000e+00 7.579875e-25 3.517965e-25 1.109784e-24 
2.652000e+00 7.551950e-25 3.511930e-25 1.106388e-24 
2.654000e+00 7.542137e-25 3.506762e-25 1.104890e-24 
2.656000e+00 7.515941e-25 3.496553e-25 1.101249e-24 
2.658000e+00 7.497086e-25 3.482929e-25 1.098001e-24 
2.660000e+00 7.474004e-25 3.473494e-25 1.094750e-24 
2.662000e+00 7.460618e-25 3.464123e-25 1.092474e-24 
2.664000e+00 7.436437e-25 3.461742e-25 1.089818e-24 
2.666000e+00 7.427709e-25 3.451873e-25 1.087958e-24 
2.668000e+00 7.402644e-25 3.439875e-25 1.084252e-24 
2.670000e+00 7.385250e-25 3.429864e-25 1.081511e-24 
2.672000e+00 7.361644e-25 3.423951e-25 1.078559e-24 
2.674000e+00 7.346935e-25 3.418328e-25 1.076526e-24 
2.676000e+00 7.320765e-25 3.407969e-25 1.072873e-24 
2.678000e+00 7.305893e-25 3.397865e-25 1.070376e-24 
2.680000e+00 7.289413e-25 3.384781e-25 1.067419e-24 
2.682000e+00 7.266959e-25 3.378274e-25 1.064523e-24 
2.684000e+00 7.250379e-25 3.371959e-25 1.062234e-24 
2.686000e+00 7.236684e-25 3.367184e-25 1.060387e-24 
2.688000e+00 7.208956e-25 3.353072e-25 1.056203e-24 
2.690000e+00 7.201215e-25 3.345650e-25 1.054686e-24 
2.692000e+00 7.174490e-25 3.338567e-25 1.051306e-24 
2.694000e+00 7.157854e-25 3.328327e-25 1.048618e-24 
2.696000e+00 7.147391e-25 3.319322e-25 1.046671e-24 
2.698000e+00 7.120210e-25 3.314382e-25 1.043459e-24 
2.700000e+00 7.102928e-25 3.307194e-25 1.041012e-24 
2.702000e+00 7.091054e-25 3.296968e-25 1.038802e-24 
2.704000e+00 7.067153e-25 3.293499e-25 1.036065e-24 
2.706000e+00 7.054828e-25 3.281334e-25 1.033616e-24 
2.708000e+00 7.037866e-25 3.272887e-25 1.031075e-24 
2.710000e+00 7.024445e-25 3.268614e-25 1.029306e-24 
2.712000e+00 7.001221e-25 3.258142e-25 1.025936e-24 
2.714000e+00 6.982992e-25 3.247721e-25 1.023071e-24 
2.716000e+00 6.973190e-25 3.244235e-25 1.021742e-24 
2.718000e+00 6.954740e-25 3.234893e-25 1.018963e-24 
2.720000e+00 6.941288e-25 3.224411e-25 1.016570e-24 
2.722000e+00 6.917904e-25 3.220214e-25 1.013812e-24 
2.724000e+00 6.902253e-25 3.210880e-25 1.011313e-24 
2.726000e+00 6.889244e-25 3.202273e-25 1.009152e-24 
2.728000e+00 6.866471e-25 3.195936e-25 1.006241e-24 
2.730000e+00 6.846330e-25 3.186205e-25 1.003253e-24 
2.732000e+00 6.835168e-25 3.174721e-25 1.000989e-24 
2.734000e+00 6.816828e-25 3.172204e-25 9.989032e-25 
2.736000e+00 6.795608e-25 3.166163e-25 9.961771e-25 
2.738000e+00 6.782394e-25 3.155573e-25 9.937967e-25 
2.740000e+00 6.765789e-25 3.142605e-25 9.908394e-25 
2.742000e+00 6.752943e-25 3.139197e-25 9.892140e-25 
2.744000e+00 6.733558e-25 3.131163e-25 9.864722e-25 
2.746000e+00 6.711564e-25 3.123778e-25 9.835343e-25 
2.748000e+00 6.700851e-25 3.115015e-25 9.815866e-25 
2.750000e+00 6.684703e-25 3.105111e-25 9.789814e-25 
2.752000e+00 6.662017e-25 3.101424e-25 9.763441e-25 
2.754000e+00 6.647151e-25 3.090359e-25 9.737511e-25 
2.756000e+00 6.627860e-25 3.087296e-25 9.715156e-25 
2.758000e+00 6.618422e-25 3.079107e-25 9.697529e-25 
2.760000e+00 6.600434e-25 3.069257e-25 9.669691e-25 
2.762000e+00 6.577307e-25 3.064432e-25 9.641739e-25 
2.764000e+00 6.566650e-25 3.057121e-25 9.623770e-25 
2.766000e+00 6.550168e-25 3.049312e-25 9.599480e-25 
2.768000e+00 6.536745e-25 3.039084e-25 9.575830e-25 
2.770000e+00 6.523762e-25 3.034316e-25 9.558077e-25 
2.772000e+00 6.508657e-25 3.029002e-25 9.537659e-25 
2.774000e+00 6.489815e-25 3.017072e-25 9.506887e-25 
2.776000e+00 6.468837e-25 3.015016e-25 9.483853e-25 
2.778000e+00 6.455730e-25 3.001690e-25 9.457420e-25 
2.780000e+00 6.439831e-25 2.999580e-25 9.439412e-25 
2.782000e+00 6.428399e-25 2.987447e-25 9.415846e-25 
2.784000e+00 6.412048e-25 2.987286e-25 9.399334e-25 
2.786000e+00 6.397684e-25 2.979095e-25 9.376779e-25 
2.788000e+00 6.382685e-25 2.971253e-25 9.353938e-25 
2.790000e+00 6.368140e-25 2.963456e-25 9.331596e-25 
2.792000e+00 6.344314e-25 2.952780e-25 9.297094e-25 
2.794000e+00 6.331945e-25 2.948538e-25 9.280483e-25 
2.796000e+00 6.311958e-25 2.938765e-25 9.250723e-25 
2.798000e+00 6.300978e-25 2.936930e-25 9.237908e-25 
2.800000e+00 6.284475e-25 2.923770e-25 9.208246e-25 
2.802000e+00 6.271315e-25 2.921624e-25 9.192939e-25 
2.804000e+00 6.258788e-25 2.915105e-25 9.173893e-25 
2.806000e+00 6.244149e-25 2.909370e-25 9.153519e-25 
2.808000e+00 6.228800e-25 2.897185e-25 9.125986e-25 
2.810000e+00 6.204017e-25 2.887062e-25 9.091079e-25 
2.812000e+00 6.195463e-25 2.884677e-25 9.080140e-25 
2.814000e+00 6.177617e-25 2.873995e-25 9.051612e-25 
2.816000e+00 6.163657e-25 2.872549e-25 9.036206e-25 
2.818000e+00 6.147230e-25 2.859167e-25 9.006397e-25 
2.820000e+00 6.135206e-25 2.855290e-25 8.990497e-25 
2.822000e+00 6.122933e-25 2.848657e-25 8.971590e-25 
2.824000e+00 6.106036e-25 2.844297e-25 8.950333e-25 
2.826000e+00 6.097205e-25 2.835391e-25 8.932596e-25 
2.828000e+00 6.077237e-25 2.832154e-25 8.909390e-25 
2.830000e+00 6.106334e-25 2.823202e-25 8.929536e-25 
2.832000e+00 6.039978e-25 2.843539e-25 8.883517e-25 
2.834000e+00 6.027412e-25 2.806968e-25 8.834381e-25 
2.836000e+00 6.011141e-25 2.804037e-25 8.815178e-25 
2.838000e+00 5.999912e-25 2.798261e-25 8.798173e-25 
2.840000e+00 5.982723e-25 2.788965e-25 8.771688e-25 
2.842000e+00 5.969685e-25 2.787294e-25 8.756979e-25 
2.844000e+00 5.957395e-25 2.776179e-25 8.733574e-25 
2.846000e+00 5.944103e-25 2.772398e-25 8.716501e-25 
2.848000e+00 5.928342e-25 2.762143e-25 8.690485e-25 
2.850000e+00 5.911056e-25 2.757826e-25 8.668882e-25 
2.852000e+00 5.906093e-25 2.746227e-25 8.652320e-25 
2.854000e+00 5.883486e-25 2.745418e-25 8.628904e-25 
2.856000e+00 5.870181e-25 2.735480e-25 8.605661e-25 
2.858000e+00 5.856519e-25 2.730188e-25 8.586707e-25 
2.860000e+00 5.841558e-25 2.723537e-25 8.565094e-25 
2.862000e+00 5.827332e-25 2.720238e-25 8.547569e-25 
2.864000e+00 5.809865e-25 2.714205e-25 8.524069e-25 
2.866000e+00 5.798461e-25 2.704491e-25 8.502952e-25 
2.868000e+00 5.782954e-25 2.700722e-25 8.483676e-25 
2.870000e+00 5.773152e-25 2.690574e-25 8.463726e-25 
2.872000e+00 5.756285e-25 2.689118e-25 8.445403e-25 
2.874000e+00 5.749463e-25 2.678131e-25 8.427594e-25 
2.876000e+00 5.734822e-25 2.674182e-25 8.409004e-25 
2.878000e+00 5.735790e-25 2.664758e-25 8.400548e-25 
2.880000e+00 5.707903e-25 2.660428e-25 8.368331e-25 
2.882000e+00 5.696385e-25 2.650870e-25 8.347255e-25 
2.884000e+00 5.680751e-25 2.647506e-25 8.328258e-25 
2.886000e+00 5.664844e-25 2.644355e-25 8.309198e-25 
2.888000e+00 5.654890e-25 2.634655e-25 8.289546e-25 
2.890000e+00 5.632806e-25 2.631359e-25 8.264165e-25 
2.892000e+00 5.627620e-25 2.625280e-25 8.252900e-25 
2.894000e+00 5.619874e-25 2.615437e-25 8.235311e-25 
2.896000e+00 5.606312e-25 2.612503e-25 8.218815e-25 
2.898000e+00 5.589202e-25 2.609807e-25 8.199009e-25 
2.900000e+00 5.576069e-25 2.598286e-25 8.174355e-25 
2.902000e+00 5.559593e-25 2.597257e-25 8.156851e-25 
2.904000e+00 5.548180e-25 2.589859e-25 8.138039e-25 
2.906000e+00 5.536515e-25 2.585129e-25 8.121645e-25 
2.908000e+00 5.521412e-25 2.578156e-25 8.099569e-25 
2.910000e+00 5.512039e-25 2.569317e-25 8.081356e-25 
2.912000e+00 5.500908e-25 2.564987e-25 8.065896e-25 
2.914000e+00 5.488158e-25 2.558108e-25 8.046266e-25 
2.916000e+00 5.472050e-25 2.552216e-25 8.024266e-25 
2.918000e+00 5.464006e-25 2.546269e-25 8.010275e-25 
2.920000e+00 5.447029e-25 2.543828e-25 7.990857e-25 
2.922000e+00 5.428816e-25 2.532988e-25 7.961803e-25 
2.924000e+00 5.419249e-25 2.528839e-25 7.948088e-25 
2.926000e+00 5.412522e-25 2.526840e-25 7.939362e-25 
2.928000e+00 5.400255e-25 2.514914e-25 7.915169e-25 
2.930000e+00 5.379215e-25 2.512335e-25 7.891550e-25 
2.932000e+00 5.372515e-25 2.510087e-25 7.882602e-25 
2.934000e+00 5.355068e-25 2.499539e-25 7.854607e-25 
2.936000e+00 5.346141e-25 2.495222e-25 7.841363e-25 
2.938000e+00 5.329251e-25 2.491894e-25 7.821144e-25 
2.940000e+00 5.325886e-25 2.482305e-25 7.808191e-25 
2.942000e+00 5.305370e-25 2.477706e-25 7.783076e-25 
2.944000e+00 5.297831e-25 2.477863e-25 7.775694e-25 
2.946000e+00 5.280337e-25 2.464649e-25 7.744986e-25 
2.948000e+00 5.265735e-25 2.463479e-25 7.729214e-25 
2.950000e+00 5.256508e-25 2.455269e-25 7.711776e-25 
2.952000e+00 5.240937e-25 2.448529e-25 7.689466e-25 
2.954000e+00 5.236414e-25 2.444099e-25 7.680513e-25 
2.956000e+00 5.221944e-25 2.439296e-25 7.661240e-25 
2.958000e+00 5.209656e-25 2.436457e-25 7.646113e-25 
2.960000e+00 5.191910e-25 2.427229e-25 7.619140e-25 
2.962000e+00 5.191656e-25 2.422304e-25 7.613961e-25 
2.964000e+00 5.174349e-25 2.418640e-25 7.592989e-25 
2.966000e+00 5.163132e-25 2.411641e-25 7.574772e-25 
2.968000e+00 5.151343e-25 2.408340e-25 7.559684e-25 
2.970000e+00 5.140901e-25 2.403552e-25 7.544453e-25 
2.972000e+00 5.128958e-25 2.397239e-25 7.526197e-25 
2.974000e+00 5.111356e-25 2.390869e-25 7.502224e-25 
2.976000e+00 5.103042e-25 2.384492e-25 7.487534e-25 
2.978000e+00 5.096430e-25 2.380537e-25 7.476967e-25 
2.980000e+00 5.079851e-25 2.372040e-25 7.451891e-25 
2.982000e+00 5.062845e-25 2.367333e-25 7.430177e-25 
2.984000e+00 5.056033e-25 2.363973e-25 7.420006e-25 
2.986000e+00 5.049055e-25 2.361405e-25 7.410459e-25 
2.988000e+00 5.035094e-25 2.351032e-25 7.386127e-25 
2.990000e+00 5.021321e-25 2.349503e-25 7.370825e-25 
2.992000e+00 5.010879e-25 2.342277e-25 7.353156e-25 
2.994000e+00 5.005550e-25 2.335043e-25 7.340592e-25 
2.996000e+00 4.988579e-25 2.329394e-25 7.317972e-25 
2.998000e+00 4.974379e-25 2.325530e-25 7.299909e-25 
