1.000000e-01 1.790017e-22 2.129834e-22 3.919851e-22 
1.020000e-01 1.784594e-22 2.115343e-22 3.899936e-22 
1.040000e-01 1.774112e-22 2.098393e-22 3.872505e-22 
1.060000e-01 1.759085e-22 2.083263e-22 3.842348e-22 
1.080000e-01 1.739024e-22 2.067096e-22 3.806121e-22 
1.100000e-01 1.712018e-22 2.049805e-22 3.761823e-22 
1.120000e-01 1.673811e-22 2.033792e-22 3.707603e-22 
1.140000e-01 1.610987e-22 2.016468e-22 3.627455e-22 
1.160000e-01 1.437363e-22 1.997957e-22 3.435321e-22 
1.180000e-01 1.608989e-22 1.981389e-22 3.590379e-22 
1.200000e-01 1.670519e-22 1.963952e-22 3.634472e-22 
1.220000e-01 1.700473e-22 1.945041e-22 3.645514e-22 
1.240000e-01 1.719303e-22 1.927199e-22 3.646503e-22 
1.260000e-01 1.732574e-22 1.908673e-22 3.641248e-22 
1.280000e-01 1.742139e-22 1.889756e-22 3.631894e-22 
1.300000e-01 1.748941e-22 1.870721e-22 3.619662e-22 
1.320000e-01 1.753949e-22 1.851374e-22 3.605324e-22 
1.340000e-01 1.757522e-22 1.831491e-22 3.589013e-22 
1.360000e-01 1.759825e-22 1.811797e-22 3.571622e-22 
1.380000e-01 1.761041e-22 1.791140e-22 3.552181e-22 
1.400000e-01 1.761408e-22 1.771008e-22 3.532416e-22 
1.420000e-01 1.761170e-22 1.749706e-22 3.510875e-22 
1.440000e-01 1.760156e-22 1.728440e-22 3.488595e-22 
1.460000e-01 1.758385e-22 1.706772e-22 3.465157e-22 
1.480000e-01 1.755901e-22 1.685235e-22 3.441136e-22 
1.500000e-01 1.752930e-22 1.663223e-22 3.416153e-22 
1.520000e-01 1.749377e-22 1.640549e-22 3.389926e-22 
1.540000e-01 1.744922e-22 1.618592e-22 3.363515e-22 
1.560000e-01 1.739681e-22 1.595936e-22 3.335617e-22 
1.580000e-01 1.733428e-22 1.572435e-22 3.305863e-22 
1.600000e-01 1.726309e-22 1.549882e-22 3.276191e-22 
1.620000e-01 1.717490e-22 1.526263e-22 3.243752e-22 
1.640000e-01 1.705250e-22 1.502201e-22 3.207451e-22 
1.660000e-01 1.685064e-22 1.478773e-22 3.163837e-22 
1.680000e-01 1.633880e-22 1.455585e-22 3.089465e-22 
1.700000e-01 1.656856e-22 1.432574e-22 3.089430e-22 
1.720000e-01 1.676830e-22 1.409167e-22 3.085997e-22 
1.740000e-01 1.685153e-22 1.385401e-22 3.070554e-22 
1.760000e-01 1.689800e-22 1.361664e-22 3.051464e-22 
1.780000e-01 1.692895e-22 1.337865e-22 3.030760e-22 
1.800000e-01 1.695015e-22 1.313918e-22 3.008934e-22 
1.820000e-01 1.696494e-22 1.289915e-22 2.986408e-22 
1.840000e-01 1.697675e-22 1.265872e-22 2.963547e-22 
1.860000e-01 1.698606e-22 1.241882e-22 2.940488e-22 
1.880000e-01 1.699475e-22 1.217415e-22 2.916890e-22 
1.900000e-01 1.700343e-22 1.193200e-22 2.893543e-22 
1.920000e-01 1.701779e-22 1.168906e-22 2.870685e-22 
1.940000e-01 1.704644e-22 1.144957e-22 2.849600e-22 
1.960000e-01 1.710161e-22 1.120711e-22 2.830872e-22 
1.980000e-01 1.726205e-22 1.096707e-22 2.822912e-22 
2.000000e-01 1.754554e-22 1.072680e-22 2.827234e-22 
2.020000e-01 1.724957e-22 1.049033e-22 2.773990e-22 
2.040000e-01 1.712025e-22 1.025551e-22 2.737576e-22 
2.060000e-01 1.702367e-22 1.001287e-22 2.703654e-22 
2.080000e-01 1.694198e-22 9.772077e-23 2.671406e-22 
2.100000e-01 1.686743e-22 9.530922e-23 2.639836e-22 
2.120000e-01 1.679730e-22 9.283589e-23 2.608089e-22 
2.140000e-01 1.673129e-22 9.034406e-23 2.576569e-22 
2.160000e-01 1.666752e-22 8.783792e-23 2.545131e-22 
2.180000e-01 1.660446e-22 8.526555e-23 2.513102e-22 
2.200000e-01 1.654662e-22 8.280679e-23 2.482730e-22 
2.220000e-01 1.649037e-22 8.035666e-23 2.452604e-22 
2.240000e-01 1.643054e-22 7.790472e-23 2.422101e-22 
2.260000e-01 1.637024e-22 7.542198e-23 2.391244e-22 
2.280000e-01 1.630687e-22 7.283263e-23 2.359014e-22 
2.300000e-01 1.624433e-22 7.029374e-23 2.327370e-22 
2.320000e-01 1.618282e-22 6.769415e-23 2.295223e-22 
2.340000e-01 1.611956e-22 6.504209e-23 2.262377e-22 
2.360000e-01 1.605673e-22 6.238885e-23 2.229562e-22 
2.380000e-01 1.599299e-22 5.969726e-23 2.196272e-22 
2.400000e-01 1.592697e-22 5.747474e-23 2.167444e-22 
2.420000e-01 1.586323e-22 5.570908e-23 2.143414e-22 
2.440000e-01 1.579848e-22 5.402426e-23 2.120090e-22 
2.460000e-01 1.573597e-22 5.188928e-23 2.092490e-22 
2.480000e-01 1.567387e-22 4.941430e-23 2.061530e-22 
2.500000e-01 1.561201e-22 4.657315e-23 2.026933e-22 
2.520000e-01 1.555071e-22 4.317152e-23 1.986786e-22 
2.540000e-01 1.548818e-22 3.933539e-23 1.942172e-22 
2.560000e-01 1.542639e-22 3.561234e-23 1.898763e-22 
2.580000e-01 1.536332e-22 3.134797e-23 1.849811e-22 
2.600000e-01 1.530042e-22 2.617740e-23 1.791816e-22 
2.620000e-01 1.523691e-22 2.029601e-23 1.726651e-22 
2.640000e-01 1.517310e-22 1.379056e-23 1.655216e-22 
2.660000e-01 1.511000e-22 8.039588e-24 1.591396e-22 
2.680000e-01 1.504601e-22 3.486548e-24 1.539466e-22 
2.700000e-01 1.498379e-22 7.219864e-25 1.505599e-22 
2.720000e-01 1.492082e-22 6.099854e-25 1.498182e-22 
2.740000e-01 1.486009e-22 3.810473e-24 1.524114e-22 
2.760000e-01 1.479933e-22 1.110642e-23 1.590997e-22 
2.780000e-01 1.474002e-22 1.959468e-23 1.669948e-22 
2.800000e-01 1.467933e-22 4.126297e-23 1.880563e-22 
2.820000e-01 1.461857e-22 4.976145e-23 1.959472e-22 
2.840000e-01 1.455543e-22 4.697826e-23 1.925325e-22 
2.860000e-01 1.449269e-22 4.426001e-23 1.891869e-22 
2.880000e-01 1.442807e-22 4.272801e-23 1.870087e-22 
2.900000e-01 1.436393e-22 4.232701e-23 1.859663e-22 
2.920000e-01 1.429789e-22 4.285007e-23 1.858290e-22 
2.940000e-01 1.423297e-22 4.417256e-23 1.865022e-22 
2.960000e-01 1.416627e-22 4.590761e-23 1.875703e-22 
2.980000e-01 1.410059e-22 4.802777e-23 1.890336e-22 
3.000000e-01 1.403385e-22 5.005233e-23 1.903909e-22 
3.020000e-01 1.396725e-22 5.168255e-23 1.913550e-22 
3.040000e-01 1.389909e-22 5.293333e-23 1.919242e-22 
3.060000e-01 1.383161e-22 5.397692e-23 1.922930e-22 
3.080000e-01 1.376283e-22 5.501582e-23 1.926442e-22 
3.100000e-01 1.369459e-22 5.572313e-23 1.926691e-22 
3.120000e-01 1.362470e-22 5.634348e-23 1.925905e-22 
3.140000e-01 1.355568e-22 5.665052e-23 1.922073e-22 
3.160000e-01 1.348551e-22 5.674146e-23 1.915965e-22 
3.180000e-01 1.341571e-22 5.656602e-23 1.907231e-22 
3.200000e-01 1.334534e-22 5.654005e-23 1.899934e-22 
3.220000e-01 1.327464e-22 5.660146e-23 1.893479e-22 
3.240000e-01 1.320477e-22 5.691187e-23 1.889596e-22 
3.260000e-01 1.313324e-22 5.729450e-23 1.886269e-22 
3.280000e-01 1.306315e-22 5.761208e-23 1.882436e-22 
3.300000e-01 1.299204e-22 5.793800e-23 1.878584e-22 
3.320000e-01 1.292245e-22 5.820347e-23 1.874280e-22 
3.340000e-01 1.285319e-22 5.846968e-23 1.870016e-22 
3.360000e-01 1.278445e-22 5.866374e-23 1.865083e-22 
3.380000e-01 1.271579e-22 5.885198e-23 1.860098e-22 
3.400000e-01 1.264631e-22 5.899227e-23 1.854553e-22 
3.420000e-01 1.257720e-22 5.914528e-23 1.849173e-22 
3.440000e-01 1.250613e-22 5.932001e-23 1.843813e-22 
3.460000e-01 1.243603e-22 5.949043e-23 1.838507e-22 
3.480000e-01 1.236463e-22 5.963413e-23 1.832805e-22 
3.500000e-01 1.229262e-22 5.977134e-23 1.826975e-22 
3.520000e-01 1.222090e-22 5.987701e-23 1.820860e-22 
3.540000e-01 1.214788e-22 5.997865e-23 1.814574e-22 
3.560000e-01 1.207626e-22 6.006301e-23 1.808256e-22 
3.580000e-01 1.200327e-22 6.014285e-23 1.801755e-22 
3.600000e-01 1.193088e-22 6.018672e-23 1.794956e-22 
3.620000e-01 1.185905e-22 6.023307e-23 1.788235e-22 
3.640000e-01 1.178674e-22 6.028024e-23 1.781477e-22 
3.660000e-01 1.171505e-22 6.033022e-23 1.774807e-22 
3.680000e-01 1.164236e-22 6.034999e-23 1.767736e-22 
3.700000e-01 1.157030e-22 6.037246e-23 1.760754e-22 
3.720000e-01 1.149751e-22 6.038997e-23 1.753651e-22 
3.740000e-01 1.142381e-22 6.041069e-23 1.746488e-22 
3.760000e-01 1.135035e-22 6.040535e-23 1.739088e-22 
3.780000e-01 1.127571e-22 6.039299e-23 1.731501e-22 
3.800000e-01 1.120051e-22 6.035745e-23 1.723626e-22 
3.820000e-01 1.112557e-22 6.030967e-23 1.715654e-22 
3.840000e-01 1.104860e-22 6.026062e-23 1.707466e-22 
3.860000e-01 1.097269e-22 6.021181e-23 1.699387e-22 
3.880000e-01 1.089682e-22 6.016083e-23 1.691290e-22 
3.900000e-01 1.082084e-22 6.010424e-23 1.683126e-22 
3.920000e-01 1.074534e-22 6.004781e-23 1.675012e-22 
3.940000e-01 1.066999e-22 5.999065e-23 1.666905e-22 
3.960000e-01 1.059516e-22 5.993421e-23 1.658858e-22 
3.980000e-01 1.052080e-22 5.986859e-23 1.650766e-22 
4.000000e-01 1.044580e-22 5.979497e-23 1.642530e-22 
4.020000e-01 1.037161e-22 5.971352e-23 1.634296e-22 
4.040000e-01 1.029770e-22 5.961397e-23 1.625909e-22 
4.060000e-01 1.022278e-22 5.951529e-23 1.617430e-22 
4.080000e-01 1.014826e-22 5.942124e-23 1.609038e-22 
4.100000e-01 1.007330e-22 5.932563e-23 1.600586e-22 
4.120000e-01 9.998056e-23 5.922419e-23 1.592047e-22 
4.140000e-01 9.923906e-23 5.911974e-23 1.583588e-22 
4.160000e-01 9.848786e-23 5.901418e-23 1.575020e-22 
4.180000e-01 9.773117e-23 5.890952e-23 1.566407e-22 
4.200000e-01 9.698995e-23 5.880430e-23 1.557943e-22 
4.220000e-01 9.623882e-23 5.869310e-23 1.549319e-22 
4.240000e-01 9.548401e-23 5.858292e-23 1.540669e-22 
4.260000e-01 9.473725e-23 5.846426e-23 1.532015e-22 
4.280000e-01 9.398681e-23 5.834057e-23 1.523274e-22 
4.300000e-01 9.323747e-23 5.821247e-23 1.514499e-22 
4.320000e-01 9.248928e-23 5.808444e-23 1.505737e-22 
4.340000e-01 9.173742e-23 5.795483e-23 1.496922e-22 
4.360000e-01 9.098858e-23 5.782993e-23 1.488185e-22 
4.380000e-01 9.023837e-23 5.770855e-23 1.479469e-22 
4.400000e-01 8.948246e-23 5.758402e-23 1.470665e-22 
4.420000e-01 8.873202e-23 5.743704e-23 1.461691e-22 
4.440000e-01 8.798552e-23 5.728866e-23 1.452742e-22 
4.460000e-01 8.723045e-23 5.714328e-23 1.443737e-22 
4.480000e-01 8.647723e-23 5.699791e-23 1.434751e-22 
4.500000e-01 8.572943e-23 5.685482e-23 1.425843e-22 
4.520000e-01 8.497697e-23 5.667981e-23 1.416568e-22 
4.540000e-01 8.422032e-23 5.650077e-23 1.407211e-22 
4.560000e-01 8.346903e-23 5.632291e-23 1.397919e-22 
4.580000e-01 8.271682e-23 5.614879e-23 1.388656e-22 
4.600000e-01 8.195644e-23 5.597422e-23 1.379307e-22 
4.620000e-01 8.120439e-23 5.579878e-23 1.370032e-22 
4.640000e-01 8.044832e-23 5.562638e-23 1.360747e-22 
4.660000e-01 7.968264e-23 5.545117e-23 1.351338e-22 
4.680000e-01 7.892525e-23 5.528095e-23 1.342062e-22 
4.700000e-01 7.816459e-23 5.510989e-23 1.332745e-22 
4.720000e-01 7.739282e-23 5.493206e-23 1.323249e-22 
4.740000e-01 7.662111e-23 5.474081e-23 1.313619e-22 
4.760000e-01 7.585146e-23 5.454756e-23 1.303990e-22 
4.780000e-01 7.507367e-23 5.435139e-23 1.294251e-22 
4.800000e-01 7.428892e-23 5.415342e-23 1.284423e-22 
4.820000e-01 7.350356e-23 5.395221e-23 1.274558e-22 
4.840000e-01 7.271326e-23 5.375316e-23 1.264664e-22 
4.860000e-01 7.191493e-23 5.354856e-23 1.254635e-22 
4.880000e-01 7.111107e-23 5.334736e-23 1.244584e-22 
4.900000e-01 7.030011e-23 5.312971e-23 1.234298e-22 
4.920000e-01 6.948419e-23 5.291648e-23 1.224007e-22 
4.940000e-01 6.865983e-23 5.270238e-23 1.213622e-22 
4.960000e-01 6.782811e-23 5.249047e-23 1.203186e-22 
4.980000e-01 6.698143e-23 5.227749e-23 1.192589e-22 
5.000000e-01 6.611705e-23 5.206199e-23 1.181790e-22 
5.020000e-01 6.524906e-23 5.185334e-23 1.171024e-22 
5.040000e-01 6.436513e-23 5.164404e-23 1.160092e-22 
5.060000e-01 6.346544e-23 5.143389e-23 1.148993e-22 
5.080000e-01 6.254671e-23 5.122724e-23 1.137740e-22 
5.100000e-01 6.160631e-23 5.101875e-23 1.126251e-22 
5.120000e-01 6.064093e-23 5.081520e-23 1.114561e-22 
5.140000e-01 5.964887e-23 5.061008e-23 1.102590e-22 
5.160000e-01 5.863060e-23 5.040485e-23 1.090354e-22 
5.180000e-01 5.757328e-23 5.020707e-23 1.077804e-22 
5.200000e-01 5.646481e-23 5.001226e-23 1.064771e-22 
5.220000e-01 5.530924e-23 4.981608e-23 1.051253e-22 
5.240000e-01 5.409242e-23 4.961356e-23 1.037060e-22 
5.260000e-01 5.279665e-23 4.940584e-23 1.022025e-22 
5.280000e-01 5.140638e-23 4.919501e-23 1.006014e-22 
5.300000e-01 4.990666e-23 4.898647e-23 9.889314e-23 
5.320000e-01 4.825691e-23 4.878172e-23 9.703863e-23 
5.340000e-01 4.633384e-23 4.857254e-23 9.490638e-23 
5.360000e-01 4.404250e-23 4.835784e-23 9.240034e-23 
5.380000e-01 4.094243e-23 4.813283e-23 8.907526e-23 
5.400000e-01 3.663013e-23 4.790811e-23 8.453823e-23 
5.420000e-01 3.195329e-23 4.769067e-23 7.964396e-23 
5.440000e-01 2.913649e-23 4.748927e-23 7.662576e-23 
5.460000e-01 2.988928e-23 4.728755e-23 7.717683e-23 
5.480000e-01 3.334649e-23 4.708035e-23 8.042684e-23 
5.500000e-01 3.686312e-23 4.686295e-23 8.372607e-23 
5.520000e-01 3.950480e-23 4.664775e-23 8.615255e-23 
5.540000e-01 4.108716e-23 4.643486e-23 8.752203e-23 
5.560000e-01 4.225898e-23 4.623762e-23 8.849660e-23 
5.580000e-01 4.314034e-23 4.603643e-23 8.917677e-23 
5.600000e-01 4.386582e-23 4.583545e-23 8.970128e-23 
5.620000e-01 4.447272e-23 4.563041e-23 9.010313e-23 
5.640000e-01 4.498079e-23 4.541926e-23 9.040005e-23 
5.660000e-01 4.541048e-23 4.521041e-23 9.062090e-23 
5.680000e-01 4.576526e-23 4.500092e-23 9.076618e-23 
5.700000e-01 4.606319e-23 4.479248e-23 9.085567e-23 
5.720000e-01 4.630913e-23 4.458265e-23 9.089178e-23 
5.740000e-01 4.651866e-23 4.437096e-23 9.088961e-23 
5.760000e-01 4.669828e-23 4.416359e-23 9.086187e-23 
5.780000e-01 4.683837e-23 4.396040e-23 9.079877e-23 
5.800000e-01 4.694516e-23 4.375134e-23 9.069650e-23 
5.820000e-01 4.703102e-23 4.355455e-23 9.058558e-23 
5.840000e-01 4.709845e-23 4.335540e-23 9.045385e-23 
5.860000e-01 4.714491e-23 4.315901e-23 9.030392e-23 
5.880000e-01 4.715996e-23 4.295837e-23 9.011833e-23 
5.900000e-01 4.716367e-23 4.275745e-23 8.992112e-23 
5.920000e-01 4.715326e-23 4.255645e-23 8.970970e-23 
5.940000e-01 4.712747e-23 4.235269e-23 8.948016e-23 
5.960000e-01 4.708236e-23 4.215626e-23 8.923862e-23 
5.980000e-01 4.702528e-23 4.196015e-23 8.898543e-23 
6.000000e-01 4.695873e-23 4.175859e-23 8.871732e-23 
6.020000e-01 4.688372e-23 4.154835e-23 8.843208e-23 
6.040000e-01 4.679136e-23 4.133129e-23 8.812265e-23 
6.060000e-01 4.668962e-23 4.111663e-23 8.780625e-23 
6.080000e-01 4.658183e-23 4.091586e-23 8.749769e-23 
6.100000e-01 4.646435e-23 4.073792e-23 8.720228e-23 
6.120000e-01 4.633979e-23 4.055789e-23 8.689768e-23 
6.140000e-01 4.619888e-23 4.037568e-23 8.657456e-23 
6.160000e-01 4.605780e-23 4.017671e-23 8.623450e-23 
6.180000e-01 4.590837e-23 3.997782e-23 8.588619e-23 
6.200000e-01 4.574891e-23 3.977568e-23 8.552459e-23 
6.220000e-01 4.558136e-23 3.957756e-23 8.515892e-23 
6.240000e-01 4.540666e-23 3.939062e-23 8.479729e-23 
6.260000e-01 4.523263e-23 3.920206e-23 8.443469e-23 
6.280000e-01 4.504569e-23 3.901363e-23 8.405931e-23 
6.300000e-01 4.485212e-23 3.882027e-23 8.367239e-23 
6.320000e-01 4.465379e-23 3.861924e-23 8.327303e-23 
6.340000e-01 4.445287e-23 3.841734e-23 8.287021e-23 
6.360000e-01 4.424232e-23 3.821627e-23 8.245859e-23 
6.380000e-01 4.402352e-23 3.802875e-23 8.205227e-23 
6.400000e-01 4.379718e-23 3.783625e-23 8.163343e-23 
6.420000e-01 4.356327e-23 3.764644e-23 8.120971e-23 
6.440000e-01 4.332674e-23 3.746576e-23 8.079251e-23 
6.460000e-01 4.308139e-23 3.730081e-23 8.038220e-23 
6.480000e-01 4.282661e-23 3.713345e-23 7.996006e-23 
6.500000e-01 4.255975e-23 3.696736e-23 7.952711e-23 
6.520000e-01 4.228812e-23 3.678161e-23 7.906973e-23 
6.540000e-01 4.200949e-23 3.658447e-23 7.859396e-23 
6.560000e-01 4.171718e-23 3.638482e-23 7.810200e-23 
6.580000e-01 4.141726e-23 3.618713e-23 7.760439e-23 
6.600000e-01 4.110700e-23 3.600918e-23 7.711618e-23 
6.620000e-01 4.078560e-23 3.583107e-23 7.661667e-23 
6.640000e-01 4.045356e-23 3.565441e-23 7.610797e-23 
6.660000e-01 4.010826e-23 3.547515e-23 7.558340e-23 
6.680000e-01 3.974741e-23 3.529385e-23 7.504125e-23 
6.700000e-01 3.937792e-23 3.511046e-23 7.448837e-23 
6.720000e-01 3.900029e-23 3.492566e-23 7.392595e-23 
6.740000e-01 3.860383e-23 3.474633e-23 7.335016e-23 
6.760000e-01 3.818480e-23 3.457242e-23 7.275722e-23 
6.780000e-01 3.775457e-23 3.439903e-23 7.215360e-23 
6.800000e-01 3.730586e-23 3.422609e-23 7.153195e-23 
6.820000e-01 3.682778e-23 3.405552e-23 7.088330e-23 
6.840000e-01 3.632571e-23 3.388781e-23 7.021352e-23 
6.860000e-01 3.579616e-23 3.371849e-23 6.951465e-23 
6.880000e-01 3.522086e-23 3.355014e-23 6.877101e-23 
6.900000e-01 3.461128e-23 3.337976e-23 6.799104e-23 
6.920000e-01 3.393815e-23 3.321398e-23 6.715213e-23 
6.940000e-01 3.317550e-23 3.304636e-23 6.622186e-23 
6.960000e-01 3.234381e-23 3.288104e-23 6.522485e-23 
6.980000e-01 3.133222e-23 3.271050e-23 6.404272e-23 
7.000000e-01 2.993086e-23 3.254110e-23 6.247196e-23 
7.020000e-01 2.829038e-23 3.237189e-23 6.066227e-23 
7.040000e-01 2.635081e-23 3.220401e-23 5.855483e-23 
7.060000e-01 2.509380e-23 3.203524e-23 5.712904e-23 
7.080000e-01 2.446925e-23 3.187250e-23 5.634175e-23 
7.100000e-01 2.534740e-23 3.170610e-23 5.705350e-23 
7.120000e-01 2.671618e-23 3.154030e-23 5.825648e-23 
7.140000e-01 2.861108e-23 3.137762e-23 5.998870e-23 
7.160000e-01 3.008851e-23 3.121893e-23 6.130744e-23 
7.180000e-01 3.132618e-23 3.105854e-23 6.238472e-23 
7.200000e-01 3.207204e-23 3.089936e-23 6.297140e-23 
7.220000e-01 3.264529e-23 3.073933e-23 6.338462e-23 
7.240000e-01 3.313995e-23 3.058849e-23 6.372844e-23 
7.260000e-01 3.352619e-23 3.043561e-23 6.396180e-23 
7.280000e-01 3.386859e-23 3.028497e-23 6.415356e-23 
7.300000e-01 3.417398e-23 3.012961e-23 6.430358e-23 
7.320000e-01 3.441066e-23 2.997313e-23 6.438379e-23 
7.340000e-01 3.463293e-23 2.981232e-23 6.444524e-23 
7.360000e-01 3.482165e-23 2.965294e-23 6.447459e-23 
7.380000e-01 3.498669e-23 2.949336e-23 6.448005e-23 
7.400000e-01 3.513946e-23 2.933690e-23 6.447636e-23 
7.420000e-01 3.525982e-23 2.918213e-23 6.444196e-23 
7.440000e-01 3.536948e-23 2.902999e-23 6.439947e-23 
7.460000e-01 3.546314e-23 2.887471e-23 6.433785e-23 
7.480000e-01 3.554590e-23 2.872836e-23 6.427426e-23 
7.500000e-01 3.561635e-23 2.857956e-23 6.419591e-23 
7.520000e-01 3.567346e-23 2.843688e-23 6.411034e-23 
7.540000e-01 3.571944e-23 2.828818e-23 6.400762e-23 
7.560000e-01 3.575204e-23 2.814403e-23 6.389607e-23 
7.580000e-01 3.578070e-23 2.800332e-23 6.378402e-23 
7.600000e-01 3.580562e-23 2.786317e-23 6.366878e-23 
7.620000e-01 3.581625e-23 2.772389e-23 6.354014e-23 
7.640000e-01 3.582163e-23 2.758484e-23 6.340647e-23 
7.660000e-01 3.581881e-23 2.744655e-23 6.326537e-23 
7.680000e-01 3.581115e-23 2.731443e-23 6.312558e-23 
7.700000e-01 3.579904e-23 2.717818e-23 6.297721e-23 
7.720000e-01 3.577953e-23 2.704430e-23 6.282384e-23 
7.740000e-01 3.575275e-23 2.690615e-23 6.265890e-23 
7.760000e-01 3.572314e-23 2.676223e-23 6.248537e-23 
7.780000e-01 3.568383e-23 2.662195e-23 6.230578e-23 
7.800000e-01 3.564033e-23 2.648051e-23 6.212084e-23 
7.820000e-01 3.559353e-23 2.633377e-23 6.192730e-23 
7.840000e-01 3.554341e-23 2.619952e-23 6.174293e-23 
7.860000e-01 3.548067e-23 2.606565e-23 6.154632e-23 
7.880000e-01 3.541751e-23 2.593046e-23 6.134797e-23 
7.900000e-01 3.534899e-23 2.579712e-23 6.114611e-23 
7.920000e-01 3.527306e-23 2.566373e-23 6.093679e-23 
7.940000e-01 3.519333e-23 2.553498e-23 6.072831e-23 
7.960000e-01 3.508856e-23 2.540911e-23 6.049767e-23 
7.980000e-01 3.498709e-23 2.527913e-23 6.026622e-23 
8.000000e-01 3.488355e-23 2.515021e-23 6.003375e-23 
8.020000e-01 3.479324e-23 2.502609e-23 5.981933e-23 
8.040000e-01 3.470721e-23 2.490388e-23 5.961109e-23 
8.060000e-01 3.462631e-23 2.477579e-23 5.940210e-23 
8.080000e-01 3.454320e-23 2.465200e-23 5.919520e-23 
8.100000e-01 3.445833e-23 2.452648e-23 5.898481e-23 
8.120000e-01 3.437891e-23 2.439803e-23 5.877694e-23 
8.140000e-01 3.430581e-23 2.426349e-23 5.856930e-23 
8.160000e-01 3.423070e-23 2.413358e-23 5.836428e-23 
8.180000e-01 3.415499e-23 2.399994e-23 5.815493e-23 
8.200000e-01 3.408027e-23 2.387917e-23 5.795943e-23 
8.220000e-01 3.400703e-23 2.376601e-23 5.777304e-23 
8.240000e-01 3.393342e-23 2.365093e-23 5.758436e-23 
8.260000e-01 3.386256e-23 2.353961e-23 5.740216e-23 
8.280000e-01 3.379024e-23 2.342508e-23 5.721531e-23 
8.300000e-01 3.371750e-23 2.330805e-23 5.702556e-23 
8.320000e-01 3.364776e-23 2.318837e-23 5.683613e-23 
8.340000e-01 3.357844e-23 2.307015e-23 5.664859e-23 
8.360000e-01 3.351156e-23 2.294900e-23 5.646056e-23 
8.380000e-01 3.344312e-23 2.282906e-23 5.627218e-23 
8.400000e-01 3.338112e-23 2.271372e-23 5.609484e-23 
8.420000e-01 3.331873e-23 2.260164e-23 5.592037e-23 
8.440000e-01 3.325771e-23 2.248811e-23 5.574581e-23 
8.460000e-01 3.319569e-23 2.237363e-23 5.556932e-23 
8.480000e-01 3.313636e-23 2.225770e-23 5.539406e-23 
8.500000e-01 3.308045e-23 2.215137e-23 5.523182e-23 
8.520000e-01 3.302406e-23 2.204056e-23 5.506461e-23 
8.540000e-01 3.297164e-23 2.193402e-23 5.490566e-23 
8.560000e-01 3.291787e-23 2.182531e-23 5.474318e-23 
8.580000e-01 3.286293e-23 2.171573e-23 5.457866e-23 
8.600000e-01 3.280940e-23 2.159955e-23 5.440895e-23 
8.620000e-01 3.275135e-23 2.148667e-23 5.423803e-23 
8.640000e-01 3.269547e-23 2.137179e-23 5.406726e-23 
8.660000e-01 3.263568e-23 2.125803e-23 5.389371e-23 
8.680000e-01 3.257878e-23 2.114702e-23 5.372580e-23 
8.700000e-01 3.251603e-23 2.103371e-23 5.354975e-23 
8.720000e-01 3.245120e-23 2.092320e-23 5.337440e-23 
8.740000e-01 3.238221e-23 2.081673e-23 5.319894e-23 
8.760000e-01 3.230782e-23 2.070685e-23 5.301467e-23 
8.780000e-01 3.223147e-23 2.059839e-23 5.282985e-23 
8.800000e-01 3.215389e-23 2.050352e-23 5.265741e-23 
8.820000e-01 3.207192e-23 2.041104e-23 5.248296e-23 
8.840000e-01 3.199751e-23 2.031594e-23 5.231345e-23 
8.860000e-01 3.191750e-23 2.021849e-23 5.213599e-23 
8.880000e-01 3.183403e-23 2.012603e-23 5.196005e-23 
8.900000e-01 3.174920e-23 2.002546e-23 5.177466e-23 
8.920000e-01 3.166197e-23 1.992591e-23 5.158788e-23 
8.940000e-01 3.157676e-23 1.982885e-23 5.140561e-23 
8.960000e-01 3.149265e-23 1.972900e-23 5.122165e-23 
8.980000e-01 3.140998e-23 1.962964e-23 5.103962e-23 
9.000000e-01 3.132206e-23 1.952527e-23 5.084734e-23 
9.020000e-01 3.123271e-23 1.942123e-23 5.065394e-23 
9.040000e-01 3.114216e-23 1.931699e-23 5.045916e-23 
9.060000e-01 3.105237e-23 1.921323e-23 5.026560e-23 
9.080000e-01 3.096618e-23 1.910765e-23 5.007384e-23 
9.100000e-01 3.087482e-23 1.901502e-23 4.988984e-23 
9.120000e-01 3.078690e-23 1.892489e-23 4.971179e-23 
9.140000e-01 3.069429e-23 1.883277e-23 4.952707e-23 
9.160000e-01 3.060161e-23 1.874236e-23 4.934397e-23 
9.180000e-01 3.050970e-23 1.865486e-23 4.916456e-23 
9.200000e-01 3.041554e-23 1.856047e-23 4.897601e-23 
9.220000e-01 3.032293e-23 1.846183e-23 4.878476e-23 
9.240000e-01 3.023148e-23 1.836561e-23 4.859709e-23 
9.260000e-01 3.013853e-23 1.827035e-23 4.840888e-23 
9.280000e-01 3.004464e-23 1.817533e-23 4.821997e-23 
9.300000e-01 2.994966e-23 1.808132e-23 4.803099e-23 
9.320000e-01 2.985440e-23 1.799754e-23 4.785194e-23 
9.340000e-01 2.975839e-23 1.791754e-23 4.767593e-23 
9.360000e-01 2.966331e-23 1.783679e-23 4.750011e-23 
9.380000e-01 2.957054e-23 1.775174e-23 4.732227e-23 
9.400000e-01 2.947244e-23 1.767129e-23 4.714373e-23 
9.420000e-01 2.937905e-23 1.758443e-23 4.696348e-23 
9.440000e-01 2.928171e-23 1.749971e-23 4.678142e-23 
9.460000e-01 2.918641e-23 1.741224e-23 4.659865e-23 
9.480000e-01 2.909101e-23 1.732731e-23 4.641832e-23 
9.500000e-01 2.899402e-23 1.723972e-23 4.623374e-23 
9.520000e-01 2.889631e-23 1.715292e-23 4.604923e-23 
9.540000e-01 2.879967e-23 1.707169e-23 4.587136e-23 
9.560000e-01 2.870593e-23 1.699081e-23 4.569673e-23 
9.580000e-01 2.860686e-23 1.690561e-23 4.551246e-23 
9.600000e-01 2.851022e-23 1.682273e-23 4.533295e-23 
9.620000e-01 2.841417e-23 1.674084e-23 4.515501e-23 
9.640000e-01 2.831476e-23 1.665467e-23 4.496942e-23 
9.660000e-01 2.821765e-23 1.656473e-23 4.478238e-23 
9.680000e-01 2.812096e-23 1.647790e-23 4.459886e-23 
9.700000e-01 2.802273e-23 1.638739e-23 4.441012e-23 
9.720000e-01 2.792861e-23 1.629929e-23 4.422790e-23 
9.740000e-01 2.782852e-23 1.621617e-23 4.404469e-23 
9.760000e-01 2.773267e-23 1.614146e-23 4.387413e-23 
9.780000e-01 2.763648e-23 1.606335e-23 4.369982e-23 
9.800000e-01 2.754176e-23 1.598863e-23 4.353040e-23 
9.820000e-01 2.744351e-23 1.591320e-23 4.335671e-23 
9.840000e-01 2.734125e-23 1.583849e-23 4.317974e-23 
9.860000e-01 2.724697e-23 1.575930e-23 4.300626e-23 
9.880000e-01 2.715274e-23 1.567626e-23 4.282900e-23 
9.900000e-01 2.705168e-23 1.559580e-23 4.264749e-23 
9.920000e-01 2.695731e-23 1.551190e-23 4.246921e-23 
9.940000e-01 2.686033e-23 1.543113e-23 4.229146e-23 
9.960000e-01 2.676501e-23 1.535363e-23 4.211864e-23 
9.980000e-01 2.667006e-23 1.530120e-23 4.197126e-23 
1.000000e+00 2.657519e-23 1.524909e-23 4.182428e-23 
1.002000e+00 2.647967e-23 1.517886e-23 4.165854e-23 
1.004000e+00 2.638562e-23 1.511195e-23 4.149756e-23 
1.006000e+00 2.629088e-23 1.504357e-23 4.133445e-23 
1.008000e+00 2.619408e-23 1.497469e-23 4.116877e-23 
1.010000e+00 2.609857e-23 1.490921e-23 4.100778e-23 
1.012000e+00 2.600049e-23 1.483970e-23 4.084019e-23 
1.014000e+00 2.590887e-23 1.476942e-23 4.067830e-23 
1.016000e+00 2.581199e-23 1.470302e-23 4.051500e-23 
1.018000e+00 2.571813e-23 1.463219e-23 4.035032e-23 
1.020000e+00 2.562357e-23 1.456671e-23 4.019028e-23 
1.022000e+00 2.553011e-23 1.449506e-23 4.002516e-23 
1.024000e+00 2.543384e-23 1.442830e-23 3.986213e-23 
1.026000e+00 2.533957e-23 1.436338e-23 3.970296e-23 
1.028000e+00 2.524695e-23 1.430262e-23 3.954957e-23 
1.030000e+00 2.514973e-23 1.423802e-23 3.938776e-23 
1.032000e+00 2.505898e-23 1.417182e-23 3.923080e-23 
1.034000e+00 2.496507e-23 1.410655e-23 3.907162e-23 
1.036000e+00 2.487180e-23 1.404434e-23 3.891615e-23 
1.038000e+00 2.477899e-23 1.397843e-23 3.875742e-23 
1.040000e+00 2.468305e-23 1.391573e-23 3.859878e-23 
1.042000e+00 2.459375e-23 1.384945e-23 3.844320e-23 
1.044000e+00 2.449847e-23 1.378644e-23 3.828491e-23 
1.046000e+00 2.440683e-23 1.372504e-23 3.813187e-23 
1.048000e+00 2.431489e-23 1.366084e-23 3.797572e-23 
1.050000e+00 2.422479e-23 1.360047e-23 3.782526e-23 
1.052000e+00 2.413020e-23 1.353977e-23 3.766997e-23 
1.054000e+00 2.403953e-23 1.347751e-23 3.751704e-23 
1.056000e+00 2.394975e-23 1.342066e-23 3.737041e-23 
1.058000e+00 2.385740e-23 1.335988e-23 3.721728e-23 
1.060000e+00 2.376633e-23 1.329827e-23 3.706460e-23 
1.062000e+00 2.367031e-23 1.324073e-23 3.691104e-23 
1.064000e+00 2.358000e-23 1.317790e-23 3.675791e-23 
1.066000e+00 2.349026e-23 1.311947e-23 3.660974e-23 
1.068000e+00 2.339821e-23 1.305698e-23 3.645519e-23 
1.070000e+00 2.330730e-23 1.299828e-23 3.630559e-23 
1.072000e+00 2.321958e-23 1.293951e-23 3.615909e-23 
1.074000e+00 2.312670e-23 1.288337e-23 3.601007e-23 
1.076000e+00 2.303762e-23 1.282644e-23 3.586406e-23 
1.078000e+00 2.294966e-23 1.277082e-23 3.572048e-23 
1.080000e+00 2.285974e-23 1.271343e-23 3.557317e-23 
1.082000e+00 2.277114e-23 1.265677e-23 3.542791e-23 
1.084000e+00 2.267582e-23 1.260047e-23 3.527629e-23 
1.086000e+00 2.259144e-23 1.254234e-23 3.513378e-23 
1.088000e+00 2.250142e-23 1.248935e-23 3.499077e-23 
1.090000e+00 2.241348e-23 1.243090e-23 3.484438e-23 
1.092000e+00 2.232748e-23 1.237284e-23 3.470032e-23 
1.094000e+00 2.223611e-23 1.231726e-23 3.455337e-23 
1.096000e+00 2.214895e-23 1.226017e-23 3.440912e-23 
1.098000e+00 2.205974e-23 1.220481e-23 3.426455e-23 
1.100000e+00 2.197225e-23 1.215396e-23 3.412621e-23 
1.102000e+00 2.188724e-23 1.210253e-23 3.398978e-23 
1.104000e+00 2.179940e-23 1.204735e-23 3.384675e-23 
1.106000e+00 2.171234e-23 1.199455e-23 3.370688e-23 
1.108000e+00 2.162405e-23 1.194114e-23 3.356519e-23 
1.110000e+00 2.153913e-23 1.188947e-23 3.342859e-23 
1.112000e+00 2.145336e-23 1.183371e-23 3.328707e-23 
1.114000e+00 2.136646e-23 1.178078e-23 3.314724e-23 
1.116000e+00 2.127996e-23 1.172726e-23 3.300722e-23 
1.118000e+00 2.119249e-23 1.167507e-23 3.286756e-23 
1.120000e+00 2.110747e-23 1.162032e-23 3.272779e-23 
1.122000e+00 2.102265e-23 1.156834e-23 3.259098e-23 
1.124000e+00 2.093614e-23 1.152295e-23 3.245909e-23 
1.126000e+00 2.085292e-23 1.146991e-23 3.232282e-23 
1.128000e+00 2.076547e-23 1.142053e-23 3.218600e-23 
1.130000e+00 2.068083e-23 1.137298e-23 3.205380e-23 
1.132000e+00 2.059594e-23 1.132234e-23 3.191828e-23 
1.134000e+00 2.051144e-23 1.127454e-23 3.178598e-23 
1.136000e+00 2.043149e-23 1.122349e-23 3.165497e-23 
1.138000e+00 2.034900e-23 1.117509e-23 3.152409e-23 
1.140000e+00 2.026611e-23 1.112739e-23 3.139350e-23 
1.142000e+00 2.018106e-23 1.107568e-23 3.125675e-23 
1.144000e+00 2.009828e-23 1.102782e-23 3.112611e-23 
1.146000e+00 2.001270e-23 1.097972e-23 3.099242e-23 
1.148000e+00 1.993028e-23 1.093014e-23 3.086042e-23 
1.150000e+00 1.984728e-23 1.088194e-23 3.072922e-23 
1.152000e+00 1.976939e-23 1.104028e-23 3.080966e-23 
1.154000e+00 1.968657e-23 1.079129e-23 3.047786e-23 
1.156000e+00 1.960864e-23 1.074544e-23 3.035409e-23 
1.158000e+00 1.952475e-23 1.069487e-23 3.021962e-23 
1.160000e+00 1.944451e-23 1.064937e-23 3.009387e-23 
1.162000e+00 1.936260e-23 1.060344e-23 2.996604e-23 
1.164000e+00 1.928172e-23 1.055690e-23 2.983862e-23 
1.166000e+00 1.919706e-23 1.051154e-23 2.970860e-23 
1.168000e+00 1.911603e-23 1.046421e-23 2.958024e-23 
1.170000e+00 1.903657e-23 1.041701e-23 2.945359e-23 
1.172000e+00 1.895395e-23 1.037106e-23 2.932501e-23 
1.174000e+00 1.887923e-23 1.032452e-23 2.920374e-23 
1.176000e+00 1.879795e-23 1.028031e-23 2.907826e-23 
1.178000e+00 1.871639e-23 1.025002e-23 2.896641e-23 
1.180000e+00 1.863996e-23 1.019299e-23 2.883295e-23 
1.182000e+00 1.855893e-23 1.015242e-23 2.871135e-23 
1.184000e+00 1.847460e-23 1.010868e-23 2.858328e-23 
1.186000e+00 1.839858e-23 1.006353e-23 2.846211e-23 
1.188000e+00 1.832011e-23 1.001967e-23 2.833979e-23 
1.190000e+00 1.824335e-23 9.977750e-24 2.822110e-23 
1.192000e+00 1.816456e-23 9.933753e-24 2.809832e-23 
1.194000e+00 1.808582e-23 9.892519e-24 2.797834e-23 
1.196000e+00 1.800624e-23 9.848583e-24 2.785482e-23 
1.198000e+00 1.793079e-23 9.805767e-24 2.773656e-23 
1.200000e+00 1.785192e-23 9.761790e-24 2.761371e-23 
1.202000e+00 1.777417e-23 9.719552e-24 2.749372e-23 
1.204000e+00 1.769258e-23 9.676931e-24 2.736951e-23 
1.206000e+00 1.761897e-23 9.639267e-24 2.725824e-23 
1.208000e+00 1.754119e-23 9.596116e-24 2.713731e-23 
1.210000e+00 1.746120e-23 9.558668e-24 2.701986e-23 
1.212000e+00 1.738432e-23 9.515870e-24 2.690019e-23 
1.214000e+00 1.730817e-23 9.476229e-24 2.678440e-23 
1.216000e+00 1.723294e-23 9.437464e-24 2.667040e-23 
1.218000e+00 1.715692e-23 9.394710e-24 2.655163e-23 
1.220000e+00 1.707551e-23 9.355397e-24 2.643090e-23 
1.222000e+00 1.699784e-23 9.314948e-24 2.631279e-23 
1.224000e+00 1.692093e-23 9.277308e-24 2.619823e-23 
1.226000e+00 1.684368e-23 9.237204e-24 2.608089e-23 
1.228000e+00 1.676816e-23 9.197088e-24 2.596525e-23 
1.230000e+00 1.669326e-23 9.154363e-24 2.584762e-23 
1.232000e+00 1.661722e-23 9.118248e-24 2.573546e-23 
1.234000e+00 1.653782e-23 9.080325e-24 2.561815e-23 
1.236000e+00 1.646062e-23 9.043607e-24 2.550423e-23 
1.238000e+00 1.638102e-23 9.004121e-24 2.538514e-23 
1.240000e+00 1.630515e-23 8.966655e-24 2.527180e-23 
1.242000e+00 1.622973e-23 8.930375e-24 2.516011e-23 
1.244000e+00 1.615158e-23 8.893065e-24 2.504465e-23 
1.246000e+00 1.606828e-23 8.855413e-24 2.492370e-23 
1.248000e+00 1.598831e-23 8.818750e-24 2.480705e-23 
1.250000e+00 1.591065e-23 8.781311e-24 2.469196e-23 
1.252000e+00 1.583496e-23 8.743768e-24 2.457872e-23 
1.254000e+00 1.575583e-23 8.705406e-24 2.446124e-23 
1.256000e+00 1.567058e-23 8.668658e-24 2.433924e-23 
1.258000e+00 1.559281e-23 8.631299e-24 2.422411e-23 
1.260000e+00 1.551270e-23 8.593119e-24 2.410581e-23 
1.262000e+00 1.542907e-23 8.558105e-24 2.398718e-23 
1.264000e+00 1.534669e-23 8.523026e-24 2.386971e-23 
1.266000e+00 1.526518e-23 8.488747e-24 2.375393e-23 
1.268000e+00 1.517495e-23 8.454545e-24 2.362950e-23 
1.270000e+00 1.509158e-23 8.419928e-24 2.351151e-23 
1.272000e+00 1.500261e-23 8.383832e-24 2.338645e-23 
1.274000e+00 1.491254e-23 8.348954e-24 2.326150e-23 
1.276000e+00 1.482245e-23 8.313718e-24 2.313617e-23 
1.278000e+00 1.472649e-23 8.278260e-24 2.300475e-23 
1.280000e+00 1.462796e-23 8.243708e-24 2.287167e-23 
1.282000e+00 1.453135e-23 8.208047e-24 2.273939e-23 
1.284000e+00 1.441989e-23 8.173326e-24 2.259322e-23 
1.286000e+00 1.430733e-23 8.137126e-24 2.244446e-23 
1.288000e+00 1.417843e-23 8.101587e-24 2.228002e-23 
1.290000e+00 1.401386e-23 8.070771e-24 2.208463e-23 
1.292000e+00 1.385143e-23 8.038206e-24 2.188963e-23 
1.294000e+00 1.369071e-23 8.001102e-24 2.169181e-23 
1.296000e+00 1.352908e-23 7.968465e-24 2.149754e-23 
1.298000e+00 1.337285e-23 7.936784e-24 2.130963e-23 
1.300000e+00 1.327433e-23 7.903328e-24 2.117766e-23 
1.302000e+00 1.320784e-23 7.870962e-24 2.107880e-23 
1.304000e+00 1.313915e-23 7.838200e-24 2.097735e-23 
1.306000e+00 1.314581e-23 7.804871e-24 2.095068e-23 
1.308000e+00 1.316469e-23 7.772403e-24 2.093709e-23 
1.310000e+00 1.318847e-23 7.738414e-24 2.092688e-23 
1.312000e+00 1.324723e-23 7.706740e-24 2.095397e-23 
1.314000e+00 1.330295e-23 7.676209e-24 2.097916e-23 
1.316000e+00 1.336230e-23 7.644153e-24 2.100645e-23 
1.318000e+00 1.338193e-23 7.611706e-24 2.099363e-23 
1.320000e+00 1.340453e-23 7.580392e-24 2.098492e-23 
1.322000e+00 1.342134e-23 7.551043e-24 2.097238e-23 
1.324000e+00 1.341256e-23 7.519789e-24 2.093235e-23 
1.326000e+00 1.341084e-23 7.490331e-24 2.090117e-23 
1.328000e+00 1.340196e-23 7.460052e-24 2.086201e-23 
1.330000e+00 1.338564e-23 7.430015e-24 2.081565e-23 
1.332000e+00 1.336870e-23 7.398804e-24 2.076750e-23 
1.334000e+00 1.335329e-23 7.368789e-24 2.072208e-23 
1.336000e+00 1.332787e-23 7.338822e-24 2.066669e-23 
1.338000e+00 1.330458e-23 7.308218e-24 2.061280e-23 
1.340000e+00 1.327927e-23 7.280681e-24 2.055995e-23 
1.342000e+00 1.325002e-23 7.249100e-24 2.049912e-23 
1.344000e+00 1.322533e-23 7.218206e-24 2.044353e-23 
1.346000e+00 1.319576e-23 7.188050e-24 2.038381e-23 
1.348000e+00 1.316256e-23 7.159925e-24 2.032249e-23 
1.350000e+00 1.313254e-23 7.129433e-24 2.026197e-23 
1.352000e+00 1.310316e-23 7.102626e-24 2.020579e-23 
1.354000e+00 1.306890e-23 7.074170e-24 2.014307e-23 
1.356000e+00 1.303610e-23 7.046534e-24 2.008264e-23 
1.358000e+00 1.300684e-23 7.017884e-24 2.002473e-23 
1.360000e+00 1.296903e-23 6.987279e-24 1.995631e-23 
1.362000e+00 1.293723e-23 6.959464e-24 1.989669e-23 
1.364000e+00 1.290379e-23 6.930545e-24 1.983434e-23 
1.366000e+00 1.286897e-23 6.903121e-24 1.977209e-23 
1.368000e+00 1.283015e-23 6.875612e-24 1.970576e-23 
1.370000e+00 1.279635e-23 6.847052e-24 1.964340e-23 
1.372000e+00 1.275595e-23 6.818919e-24 1.957487e-23 
1.374000e+00 1.272235e-23 6.790415e-24 1.951276e-23 
1.376000e+00 1.268448e-23 6.762721e-24 1.944720e-23 
1.378000e+00 1.264840e-23 6.734789e-24 1.938319e-23 
1.380000e+00 1.261241e-23 6.704921e-24 1.931733e-23 
1.382000e+00 1.257923e-23 6.680999e-24 1.926023e-23 
1.384000e+00 1.253869e-23 6.654830e-24 1.919352e-23 
1.386000e+00 1.249886e-23 6.627734e-24 1.912659e-23 
1.388000e+00 1.245948e-23 6.600821e-24 1.906030e-23 
1.390000e+00 1.242438e-23 6.575869e-24 1.900025e-23 
1.392000e+00 1.238343e-23 6.550697e-24 1.893413e-23 
1.394000e+00 1.234925e-23 6.521212e-24 1.887046e-23 
1.396000e+00 1.230946e-23 6.496281e-24 1.880574e-23 
1.398000e+00 1.227353e-23 6.469479e-24 1.874301e-23 
1.400000e+00 1.223251e-23 6.445344e-24 1.867786e-23 
1.402000e+00 1.219290e-23 6.419236e-24 1.861214e-23 
1.404000e+00 1.215618e-23 6.393378e-24 1.854956e-23 
1.406000e+00 1.211642e-23 6.364231e-24 1.848065e-23 
1.408000e+00 1.207802e-23 6.338799e-24 1.841682e-23 
1.410000e+00 1.204321e-23 6.312838e-24 1.835605e-23 
1.412000e+00 1.199938e-23 6.287578e-24 1.828695e-23 
1.414000e+00 1.196429e-23 6.263864e-24 1.822816e-23 
1.416000e+00 1.192436e-23 6.239107e-24 1.816346e-23 
1.418000e+00 1.188650e-23 6.216323e-24 1.810282e-23 
1.420000e+00 1.184752e-23 6.190346e-24 1.803787e-23 
1.422000e+00 1.181026e-23 6.166598e-24 1.797686e-23 
1.424000e+00 1.177176e-23 6.142841e-24 1.791460e-23 
1.426000e+00 1.173141e-23 6.117896e-24 1.784930e-23 
1.428000e+00 1.169054e-23 6.095593e-24 1.778613e-23 
1.430000e+00 1.165068e-23 6.070484e-24 1.772116e-23 
1.432000e+00 1.161141e-23 6.045167e-24 1.765657e-23 
1.434000e+00 1.157522e-23 6.021819e-24 1.759704e-23 
1.436000e+00 1.153906e-23 5.998930e-24 1.753798e-23 
1.438000e+00 1.150135e-23 5.976180e-24 1.747753e-23 
1.440000e+00 1.146431e-23 5.949548e-24 1.741386e-23 
1.442000e+00 1.142665e-23 5.925750e-24 1.735240e-23 
1.444000e+00 1.138436e-23 5.903249e-24 1.728761e-23 
1.446000e+00 1.134730e-23 5.880074e-24 1.722738e-23 
1.448000e+00 1.131075e-23 5.856147e-24 1.716690e-23 
1.450000e+00 1.127265e-23 5.835809e-24 1.710846e-23 
1.452000e+00 1.123111e-23 5.812723e-24 1.704383e-23 
1.454000e+00 1.119371e-23 5.788900e-24 1.698261e-23 
1.456000e+00 1.115448e-23 5.768228e-24 1.692271e-23 
1.458000e+00 1.111707e-23 5.744300e-24 1.686137e-23 
1.460000e+00 1.107934e-23 5.724311e-24 1.680365e-23 
1.462000e+00 1.104132e-23 5.700633e-24 1.674195e-23 
1.464000e+00 1.100455e-23 5.675709e-24 1.668026e-23 
1.466000e+00 1.096671e-23 5.655273e-24 1.662199e-23 
1.468000e+00 1.093071e-23 5.632990e-24 1.656370e-23 
1.470000e+00 1.089332e-23 5.611940e-24 1.650526e-23 
1.472000e+00 1.085469e-23 5.587815e-24 1.644251e-23 
1.474000e+00 1.082082e-23 5.568450e-24 1.638927e-23 
1.476000e+00 1.078235e-23 5.544622e-24 1.632697e-23 
1.478000e+00 1.074505e-23 5.523989e-24 1.626904e-23 
1.480000e+00 1.071070e-23 5.502943e-24 1.621364e-23 
1.482000e+00 1.067255e-23 5.478939e-24 1.615149e-23 
1.484000e+00 1.063708e-23 5.458072e-24 1.609515e-23 
1.486000e+00 1.059916e-23 5.437972e-24 1.603713e-23 
1.488000e+00 1.056068e-23 5.416533e-24 1.597721e-23 
1.490000e+00 1.052662e-23 5.398474e-24 1.592510e-23 
1.492000e+00 1.048559e-23 5.376607e-24 1.586219e-23 
1.494000e+00 1.045318e-23 5.356241e-24 1.580942e-23 
1.496000e+00 1.041415e-23 5.335434e-24 1.574958e-23 
1.498000e+00 1.037858e-23 5.313921e-24 1.569250e-23 
1.500000e+00 1.034344e-23 5.292746e-24 1.563619e-23 
1.502000e+00 1.030397e-23 5.272008e-24 1.557598e-23 
1.504000e+00 1.027004e-23 5.249901e-24 1.551994e-23 
1.506000e+00 1.023458e-23 5.229962e-24 1.546454e-23 
1.508000e+00 1.019981e-23 5.208771e-24 1.540858e-23 
1.510000e+00 1.016519e-23 5.188399e-24 1.535359e-23 
1.512000e+00 1.012587e-23 5.170186e-24 1.529606e-23 
1.514000e+00 1.009192e-23 5.149100e-24 1.524103e-23 
1.516000e+00 1.005664e-23 5.130861e-24 1.518750e-23 
1.518000e+00 1.002058e-23 5.109024e-24 1.512960e-23 
1.520000e+00 9.984699e-24 5.090612e-24 1.507531e-23 
1.522000e+00 9.951759e-24 5.072551e-24 1.502431e-23 
1.524000e+00 9.914679e-24 5.051389e-24 1.496607e-23 
1.526000e+00 9.878571e-24 5.032963e-24 1.491153e-23 
1.528000e+00 9.844065e-24 5.014750e-24 1.485881e-23 
1.530000e+00 9.807410e-24 4.996258e-24 1.480367e-23 
1.532000e+00 9.777232e-24 4.974661e-24 1.475189e-23 
1.534000e+00 9.741061e-24 4.956487e-24 1.469755e-23 
1.536000e+00 9.710279e-24 4.937093e-24 1.464737e-23 
1.538000e+00 9.673367e-24 4.919679e-24 1.459305e-23 
1.540000e+00 9.638653e-24 4.897740e-24 1.453639e-23 
1.542000e+00 9.604172e-24 4.880147e-24 1.448432e-23 
1.544000e+00 9.571013e-24 4.861251e-24 1.443226e-23 
1.546000e+00 9.535621e-24 4.843343e-24 1.437896e-23 
1.548000e+00 9.503514e-24 4.824628e-24 1.432814e-23 
1.550000e+00 9.468615e-24 4.806364e-24 1.427498e-23 
1.552000e+00 9.436444e-24 4.786851e-24 1.422329e-23 
1.554000e+00 9.400214e-24 4.770027e-24 1.417024e-23 
1.556000e+00 9.368648e-24 4.752563e-24 1.412121e-23 
1.558000e+00 9.336715e-24 4.734437e-24 1.407115e-23 
1.560000e+00 9.301020e-24 4.715501e-24 1.401652e-23 
1.562000e+00 9.269749e-24 4.699649e-24 1.396940e-23 
1.564000e+00 9.233406e-24 4.681499e-24 1.391491e-23 
1.566000e+00 9.201324e-24 4.662572e-24 1.386390e-23 
1.568000e+00 9.167966e-24 4.646626e-24 1.381459e-23 
1.570000e+00 9.136817e-24 4.627153e-24 1.376397e-23 
1.572000e+00 9.105460e-24 4.609053e-24 1.371451e-23 
1.574000e+00 9.071920e-24 4.592973e-24 1.366489e-23 
1.576000e+00 9.040740e-24 4.574428e-24 1.361517e-23 
1.578000e+00 9.004840e-24 4.559240e-24 1.356408e-23 
1.580000e+00 8.970637e-24 4.540351e-24 1.351099e-23 
1.582000e+00 8.940254e-24 4.521757e-24 1.346201e-23 
1.584000e+00 8.907431e-24 4.505186e-24 1.341262e-23 
1.586000e+00 8.875506e-24 4.486903e-24 1.336241e-23 
1.588000e+00 8.842480e-24 4.470955e-24 1.331344e-23 
1.590000e+00 8.811903e-24 4.454326e-24 1.326623e-23 
1.592000e+00 8.782204e-24 4.438763e-24 1.322097e-23 
1.594000e+00 8.750713e-24 4.422752e-24 1.317346e-23 
1.596000e+00 8.721193e-24 4.405834e-24 1.312703e-23 
1.598000e+00 8.689299e-24 4.391079e-24 1.308038e-23 
1.600000e+00 8.656326e-24 4.374563e-24 1.303089e-23 
1.602000e+00 8.624458e-24 4.359310e-24 1.298377e-23 
1.604000e+00 8.591462e-24 4.339898e-24 1.293136e-23 
1.606000e+00 8.563269e-24 4.323170e-24 1.288644e-23 
1.608000e+00 8.535303e-24 4.306399e-24 1.284170e-23 
1.610000e+00 8.501612e-24 4.290920e-24 1.279253e-23 
1.612000e+00 8.469505e-24 4.274394e-24 1.274390e-23 
1.614000e+00 8.441332e-24 4.260197e-24 1.270153e-23 
1.616000e+00 8.407292e-24 4.243011e-24 1.265030e-23 
1.618000e+00 8.374418e-24 4.225669e-24 1.260009e-23 
1.620000e+00 8.345095e-24 4.210805e-24 1.255590e-23 
1.622000e+00 8.317550e-24 4.193644e-24 1.251119e-23 
1.624000e+00 8.284845e-24 4.181094e-24 1.246594e-23 
1.626000e+00 8.256458e-24 4.164504e-24 1.242096e-23 
1.628000e+00 8.227083e-24 4.150423e-24 1.237751e-23 
1.630000e+00 8.198161e-24 4.135478e-24 1.233364e-23 
1.632000e+00 8.170315e-24 4.121835e-24 1.229215e-23 
1.634000e+00 8.138919e-24 4.105695e-24 1.224461e-23 
1.636000e+00 8.107507e-24 4.091554e-24 1.219906e-23 
1.638000e+00 8.079907e-24 4.076287e-24 1.215619e-23 
1.640000e+00 8.049705e-24 4.062203e-24 1.211191e-23 
1.642000e+00 8.020326e-24 4.046988e-24 1.206731e-23 
1.644000e+00 7.991101e-24 4.032841e-24 1.202394e-23 
1.646000e+00 7.962399e-24 4.015807e-24 1.197821e-23 
1.648000e+00 7.933924e-24 4.001955e-24 1.193588e-23 
1.650000e+00 7.903040e-24 3.986463e-24 1.188950e-23 
1.652000e+00 7.871725e-24 3.972262e-24 1.184399e-23 
1.654000e+00 7.843776e-24 3.958786e-24 1.180256e-23 
1.656000e+00 7.814983e-24 3.942750e-24 1.175773e-23 
1.658000e+00 7.785288e-24 3.929410e-24 1.171470e-23 
1.660000e+00 7.760248e-24 3.915906e-24 1.167615e-23 
1.662000e+00 7.732385e-24 3.899652e-24 1.163204e-23 
1.664000e+00 7.700567e-24 3.885273e-24 1.158584e-23 
1.666000e+00 7.672362e-24 3.870632e-24 1.154299e-23 
1.668000e+00 7.642787e-24 3.857828e-24 1.150062e-23 
1.670000e+00 7.617848e-24 3.844300e-24 1.146215e-23 
1.672000e+00 7.589398e-24 3.830755e-24 1.142015e-23 
1.674000e+00 7.559756e-24 3.817215e-24 1.137697e-23 
1.676000e+00 7.533499e-24 3.802944e-24 1.133644e-23 
1.678000e+00 7.505050e-24 3.790145e-24 1.129520e-23 
1.680000e+00 7.475275e-24 3.775370e-24 1.125065e-23 
1.682000e+00 7.450875e-24 3.762203e-24 1.121308e-23 
1.684000e+00 7.421389e-24 3.748750e-24 1.117014e-23 
1.686000e+00 7.396141e-24 3.735831e-24 1.113197e-23 
1.688000e+00 7.365197e-24 3.721664e-24 1.108686e-23 
1.690000e+00 7.340075e-24 3.708020e-24 1.104809e-23 
1.692000e+00 7.312018e-24 3.693881e-24 1.100590e-23 
1.694000e+00 7.286649e-24 3.680091e-24 1.096674e-23 
1.696000e+00 7.261615e-24 3.666408e-24 1.092802e-23 
1.698000e+00 7.231221e-24 3.652905e-24 1.088413e-23 
1.700000e+00 7.206871e-24 3.638984e-24 1.084585e-23 
1.702000e+00 7.176764e-24 3.625798e-24 1.080256e-23 
1.704000e+00 7.151494e-24 3.614402e-24 1.076590e-23 
1.706000e+00 7.125075e-24 3.601247e-24 1.072632e-23 
1.708000e+00 7.095531e-24 3.586507e-24 1.068204e-23 
1.710000e+00 7.072144e-24 3.576309e-24 1.064845e-23 
1.712000e+00 7.045885e-24 3.561975e-24 1.060786e-23 
1.714000e+00 7.016529e-24 3.548007e-24 1.056454e-23 
1.716000e+00 6.991249e-24 3.537628e-24 1.052888e-23 
1.718000e+00 6.963843e-24 3.523050e-24 1.048689e-23 
1.720000e+00 6.938766e-24 3.512565e-24 1.045133e-23 
1.722000e+00 6.911163e-24 3.498322e-24 1.040949e-23 
1.724000e+00 6.884373e-24 3.484833e-24 1.036921e-23 
1.726000e+00 6.859650e-24 3.474180e-24 1.033383e-23 
1.728000e+00 6.833564e-24 3.459479e-24 1.029304e-23 
1.730000e+00 6.807947e-24 3.448672e-24 1.025662e-23 
1.732000e+00 6.782144e-24 3.434888e-24 1.021703e-23 
1.734000e+00 6.756753e-24 3.421814e-24 1.017857e-23 
1.736000e+00 6.728743e-24 3.409346e-24 1.013809e-23 
1.738000e+00 6.705225e-24 3.396360e-24 1.010158e-23 
1.740000e+00 6.680779e-24 3.385165e-24 1.006594e-23 
1.742000e+00 6.651611e-24 3.374107e-24 1.002572e-23 
1.744000e+00 6.624799e-24 3.362713e-24 9.987512e-24 
1.746000e+00 6.599665e-24 3.351680e-24 9.951345e-24 
1.748000e+00 6.573191e-24 3.338425e-24 9.911617e-24 
1.750000e+00 6.548683e-24 3.326579e-24 9.875262e-24 
1.752000e+00 6.522493e-24 3.314534e-24 9.837027e-24 
1.754000e+00 6.496684e-24 3.303724e-24 9.800408e-24 
1.756000e+00 6.471400e-24 3.292140e-24 9.763540e-24 
1.758000e+00 6.446607e-24 3.281035e-24 9.727641e-24 
1.760000e+00 6.420563e-24 3.269896e-24 9.690460e-24 
1.762000e+00 6.394684e-24 3.258230e-24 9.652915e-24 
1.764000e+00 6.369488e-24 3.244976e-24 9.614464e-24 
1.766000e+00 6.344104e-24 3.233472e-24 9.577576e-24 
1.768000e+00 6.317458e-24 3.221860e-24 9.539318e-24 
1.770000e+00 6.293421e-24 3.211314e-24 9.504735e-24 
1.772000e+00 6.265991e-24 3.200479e-24 9.466470e-24 
1.774000e+00 6.241249e-24 3.189113e-24 9.430362e-24 
1.776000e+00 6.212407e-24 3.177373e-24 9.389780e-24 
1.778000e+00 6.188661e-24 3.166723e-24 9.355384e-24 
1.780000e+00 6.160829e-24 3.154806e-24 9.315635e-24 
1.782000e+00 6.136948e-24 3.142941e-24 9.279888e-24 
1.784000e+00 6.107239e-24 3.134942e-24 9.242181e-24 
1.786000e+00 6.081774e-24 3.124570e-24 9.206344e-24 
1.788000e+00 6.053315e-24 3.111795e-24 9.165109e-24 
1.790000e+00 6.028453e-24 3.100469e-24 9.128922e-24 
1.792000e+00 6.002051e-24 3.091934e-24 9.093985e-24 
1.794000e+00 5.973550e-24 3.080704e-24 9.054254e-24 
1.796000e+00 5.947706e-24 3.069949e-24 9.017655e-24 
1.798000e+00 5.923268e-24 3.058207e-24 8.981475e-24 
1.800000e+00 5.893713e-24 3.049430e-24 8.943143e-24 
1.802000e+00 5.864668e-24 3.037832e-24 8.902500e-24 
1.804000e+00 5.836756e-24 3.026683e-24 8.863440e-24 
1.806000e+00 5.808053e-24 3.018003e-24 8.826055e-24 
1.808000e+00 5.775393e-24 3.006548e-24 8.781941e-24 
1.810000e+00 5.747983e-24 2.994957e-24 8.742941e-24 
1.812000e+00 5.714932e-24 2.986825e-24 8.701757e-24 
1.814000e+00 5.686753e-24 2.975575e-24 8.662328e-24 
1.816000e+00 5.646869e-24 2.964478e-24 8.611347e-24 
1.818000e+00 5.613285e-24 2.954816e-24 8.568101e-24 
1.820000e+00 5.578229e-24 2.944114e-24 8.522343e-24 
1.822000e+00 5.539849e-24 2.935347e-24 8.475196e-24 
1.824000e+00 5.494729e-24 2.923841e-24 8.418570e-24 
1.826000e+00 5.445736e-24 2.914493e-24 8.360229e-24 
1.828000e+00 5.401839e-24 2.903183e-24 8.305022e-24 
1.830000e+00 5.356969e-24 2.894542e-24 8.251511e-24 
1.832000e+00 5.316067e-24 2.886249e-24 8.202315e-24 
1.834000e+00 5.279001e-24 2.874108e-24 8.153109e-24 
1.836000e+00 5.236225e-24 2.865547e-24 8.101772e-24 
1.838000e+00 5.202782e-24 2.854371e-24 8.057153e-24 
1.840000e+00 5.183627e-24 2.844350e-24 8.027977e-24 
1.842000e+00 5.169490e-24 2.837052e-24 8.006541e-24 
1.844000e+00 5.155510e-24 2.825317e-24 7.980828e-24 
1.846000e+00 5.140859e-24 2.881184e-24 8.022043e-24 
1.848000e+00 5.148706e-24 2.807037e-24 7.955743e-24 
1.850000e+00 5.157400e-24 2.795334e-24 7.952734e-24 
1.852000e+00 5.169886e-24 2.786830e-24 7.956715e-24 
1.854000e+00 5.176306e-24 2.778290e-24 7.954597e-24 
1.856000e+00 5.190226e-24 2.766874e-24 7.957100e-24 
1.858000e+00 5.201587e-24 2.758352e-24 7.959938e-24 
1.860000e+00 5.213684e-24 2.749892e-24 7.963576e-24 
1.862000e+00 5.227004e-24 2.737737e-24 7.964741e-24 
1.864000e+00 5.224977e-24 2.729924e-24 7.954901e-24 
1.866000e+00 5.223033e-24 2.720916e-24 7.943948e-24 
1.868000e+00 5.221427e-24 2.711899e-24 7.933326e-24 
1.870000e+00 5.218073e-24 2.702487e-24 7.920560e-24 
1.872000e+00 5.213009e-24 2.693827e-24 7.906836e-24 
1.874000e+00 5.203287e-24 2.685214e-24 7.888501e-24 
1.876000e+00 5.196927e-24 2.675412e-24 7.872338e-24 
1.878000e+00 5.192038e-24 2.666883e-24 7.858922e-24 
1.880000e+00 5.183319e-24 2.659931e-24 7.843251e-24 
1.882000e+00 5.177743e-24 2.651278e-24 7.829021e-24 
1.884000e+00 5.168655e-24 2.642500e-24 7.811155e-24 
1.886000e+00 5.160248e-24 2.632772e-24 7.793020e-24 
1.888000e+00 5.150788e-24 2.624476e-24 7.775264e-24 
1.890000e+00 5.138109e-24 2.615825e-24 7.753935e-24 
1.892000e+00 5.130391e-24 2.606489e-24 7.736880e-24 
1.894000e+00 5.120904e-24 2.598011e-24 7.718915e-24 
1.896000e+00 5.108442e-24 2.589243e-24 7.697686e-24 
1.898000e+00 5.099177e-24 2.580902e-24 7.680079e-24 
1.900000e+00 5.086888e-24 2.571737e-24 7.658626e-24 
1.902000e+00 5.074912e-24 2.562146e-24 7.637057e-24 
1.904000e+00 5.061030e-24 2.555424e-24 7.616454e-24 
1.906000e+00 5.051685e-24 2.547494e-24 7.599179e-24 
1.908000e+00 5.042426e-24 2.538225e-24 7.580652e-24 
1.910000e+00 5.029883e-24 2.529201e-24 7.559084e-24 
1.912000e+00 5.017887e-24 2.521846e-24 7.539734e-24 
1.914000e+00 5.005361e-24 2.513401e-24 7.518762e-24 
1.916000e+00 4.995483e-24 2.504661e-24 7.500145e-24 
1.918000e+00 4.983910e-24 2.496191e-24 7.480101e-24 
1.920000e+00 4.972869e-24 2.489365e-24 7.462233e-24 
1.922000e+00 4.959350e-24 2.481025e-24 7.440375e-24 
1.924000e+00 4.946774e-24 2.470606e-24 7.417380e-24 
1.926000e+00 4.934599e-24 2.465290e-24 7.399890e-24 
1.928000e+00 4.923553e-24 2.455760e-24 7.379313e-24 
1.930000e+00 4.909832e-24 2.447837e-24 7.357670e-24 
1.932000e+00 4.897558e-24 2.440815e-24 7.338373e-24 
1.934000e+00 4.885917e-24 2.432256e-24 7.318173e-24 
1.936000e+00 4.874459e-24 2.422390e-24 7.296849e-24 
1.938000e+00 4.861350e-24 2.416127e-24 7.277477e-24 
1.940000e+00 4.850152e-24 2.408319e-24 7.258471e-24 
1.942000e+00 4.836853e-24 2.398735e-24 7.235589e-24 
1.944000e+00 4.825479e-24 2.392236e-24 7.217715e-24 
1.946000e+00 4.813642e-24 2.383263e-24 7.196905e-24 
1.948000e+00 4.800189e-24 2.373430e-24 7.173619e-24 
1.950000e+00 4.787605e-24 2.368004e-24 7.155609e-24 
1.952000e+00 4.772391e-24 2.359339e-24 7.131730e-24 
1.954000e+00 4.760438e-24 2.352318e-24 7.112756e-24 
1.956000e+00 4.748345e-24 2.343727e-24 7.092072e-24 
1.958000e+00 4.738513e-24 2.336963e-24 7.075476e-24 
1.960000e+00 4.726556e-24 2.330133e-24 7.056689e-24 
1.962000e+00 4.714478e-24 2.321071e-24 7.035549e-24 
1.964000e+00 4.701206e-24 2.315113e-24 7.016319e-24 
1.966000e+00 4.690097e-24 2.307868e-24 6.997965e-24 
1.968000e+00 4.677191e-24 2.299395e-24 6.976586e-24 
1.970000e+00 4.663800e-24 2.293294e-24 6.957095e-24 
1.972000e+00 4.649422e-24 2.283523e-24 6.932944e-24 
1.974000e+00 4.636926e-24 2.277036e-24 6.913963e-24 
1.976000e+00 4.625286e-24 2.270883e-24 6.896169e-24 
1.978000e+00 4.612176e-24 2.261712e-24 6.873889e-24 
1.980000e+00 4.599859e-24 2.255183e-24 6.855042e-24 
1.982000e+00 4.587933e-24 2.248361e-24 6.836294e-24 
1.984000e+00 4.576839e-24 2.240019e-24 6.816858e-24 
1.986000e+00 4.563923e-24 2.232804e-24 6.796727e-24 
1.988000e+00 4.551860e-24 2.226449e-24 6.778310e-24 
1.990000e+00 4.539645e-24 2.216738e-24 6.756383e-24 
1.992000e+00 4.526650e-24 2.210865e-24 6.737515e-24 
1.994000e+00 4.514044e-24 2.204807e-24 6.718850e-24 
1.996000e+00 4.501826e-24 2.196406e-24 6.698232e-24 
1.998000e+00 4.490187e-24 2.189965e-24 6.680152e-24 
2.000000e+00 4.476667e-24 2.183198e-24 6.659865e-24 
2.002000e+00 4.465136e-24 2.176760e-24 6.641896e-24 
2.004000e+00 4.453002e-24 2.169604e-24 6.622605e-24 
2.006000e+00 4.441821e-24 2.162877e-24 6.604698e-24 
2.008000e+00 4.428031e-24 2.155965e-24 6.583996e-24 
2.010000e+00 4.416313e-24 2.149361e-24 6.565673e-24 
2.012000e+00 4.404741e-24 2.143166e-24 6.547908e-24 
2.014000e+00 4.392458e-24 2.136172e-24 6.528630e-24 
2.016000e+00 4.379668e-24 2.129612e-24 6.509280e-24 
2.018000e+00 4.367515e-24 2.123289e-24 6.490804e-24 
2.020000e+00 4.355118e-24 2.117075e-24 6.472193e-24 
2.022000e+00 4.343518e-24 2.110277e-24 6.453794e-24 
2.024000e+00 4.330167e-24 2.103451e-24 6.433618e-24 
2.026000e+00 4.317956e-24 2.096550e-24 6.414506e-24 
2.028000e+00 4.305931e-24 2.090318e-24 6.396250e-24 
2.030000e+00 4.293996e-24 2.083969e-24 6.377965e-24 
2.032000e+00 4.281432e-24 2.076852e-24 6.358284e-24 
2.034000e+00 4.272371e-24 2.070548e-24 6.342919e-24 
2.036000e+00 4.258895e-24 2.061834e-24 6.320729e-24 
2.038000e+00 4.247346e-24 2.055941e-24 6.303288e-24 
2.040000e+00 4.238255e-24 2.048679e-24 6.286933e-24 
2.042000e+00 4.226039e-24 2.041409e-24 6.267448e-24 
2.044000e+00 4.213615e-24 2.038173e-24 6.251787e-24 
2.046000e+00 4.201106e-24 2.031368e-24 6.232474e-24 
2.048000e+00 4.190603e-24 2.024551e-24 6.215154e-24 
2.050000e+00 4.177713e-24 2.017914e-24 6.195627e-24 
2.052000e+00 4.164502e-24 2.012217e-24 6.176718e-24 
2.054000e+00 4.155765e-24 2.005273e-24 6.161038e-24 
2.056000e+00 4.144156e-24 1.998364e-24 6.142519e-24 
2.058000e+00 4.132081e-24 1.993897e-24 6.125978e-24 
2.060000e+00 4.119901e-24 1.987516e-24 6.107416e-24 
2.062000e+00 4.107745e-24 1.980883e-24 6.088628e-24 
2.064000e+00 4.097604e-24 1.974175e-24 6.071778e-24 
2.066000e+00 4.085894e-24 1.967759e-24 6.053653e-24 
2.068000e+00 4.073099e-24 1.961424e-24 6.034523e-24 
2.070000e+00 4.065431e-24 1.955900e-24 6.021331e-24 
2.072000e+00 4.052437e-24 1.949623e-24 6.002060e-24 
2.074000e+00 4.042049e-24 1.943623e-24 5.985671e-24 
2.076000e+00 4.030131e-24 1.936795e-24 5.966926e-24 
2.078000e+00 4.018308e-24 1.931274e-24 5.949582e-24 
2.080000e+00 4.009237e-24 1.926150e-24 5.935388e-24 
2.082000e+00 3.996717e-24 1.919404e-24 5.916121e-24 
2.084000e+00 3.985483e-24 1.913298e-24 5.898781e-24 
2.086000e+00 3.972692e-24 1.906421e-24 5.879113e-24 
2.088000e+00 3.960487e-24 1.900463e-24 5.860950e-24 
2.090000e+00 3.951090e-24 1.895158e-24 5.846248e-24 
2.092000e+00 3.939493e-24 1.888786e-24 5.828279e-24 
2.094000e+00 3.930814e-24 1.884582e-24 5.815396e-24 
2.096000e+00 3.918725e-24 1.877340e-24 5.796065e-24 
2.098000e+00 3.908753e-24 1.873501e-24 5.782254e-24 
2.100000e+00 3.895899e-24 1.867127e-24 5.763026e-24 
2.102000e+00 3.888250e-24 1.863085e-24 5.751335e-24 
2.104000e+00 3.874760e-24 1.855875e-24 5.730635e-24 
2.106000e+00 3.862831e-24 1.852051e-24 5.714882e-24 
2.108000e+00 3.853879e-24 1.845296e-24 5.699175e-24 
2.110000e+00 3.841437e-24 1.840697e-24 5.682134e-24 
2.112000e+00 3.832962e-24 1.832998e-24 5.665960e-24 
2.114000e+00 3.820133e-24 1.829366e-24 5.649499e-24 
2.116000e+00 3.810589e-24 1.822951e-24 5.633540e-24 
2.118000e+00 3.799037e-24 1.819485e-24 5.618522e-24 
2.120000e+00 3.789724e-24 1.811717e-24 5.601442e-24 
2.122000e+00 3.776503e-24 1.807650e-24 5.584152e-24 
2.124000e+00 3.767488e-24 1.801307e-24 5.568795e-24 
2.126000e+00 3.756105e-24 1.797083e-24 5.553188e-24 
2.128000e+00 3.746957e-24 1.790163e-24 5.537120e-24 
2.130000e+00 3.733993e-24 1.786199e-24 5.520192e-24 
2.132000e+00 3.725820e-24 1.779363e-24 5.505183e-24 
2.134000e+00 3.714207e-24 1.774184e-24 5.488391e-24 
2.136000e+00 3.704099e-24 1.767927e-24 5.472026e-24 
2.138000e+00 3.694854e-24 1.763925e-24 5.458779e-24 
2.140000e+00 3.685765e-24 1.760201e-24 5.445965e-24 
2.142000e+00 3.674201e-24 1.752527e-24 5.426728e-24 
2.144000e+00 3.665386e-24 1.748546e-24 5.413932e-24 
2.146000e+00 3.655647e-24 1.744369e-24 5.400016e-24 
2.148000e+00 3.643715e-24 1.737543e-24 5.381258e-24 
2.150000e+00 3.634669e-24 1.733663e-24 5.368332e-24 
2.152000e+00 3.622220e-24 1.728102e-24 5.350322e-24 
2.154000e+00 3.612263e-24 1.722392e-24 5.334654e-24 
2.156000e+00 3.604416e-24 1.717513e-24 5.321929e-24 
2.158000e+00 3.591707e-24 1.713574e-24 5.305282e-24 
2.160000e+00 3.583351e-24 1.707394e-24 5.290745e-24 
2.162000e+00 3.574641e-24 1.702570e-24 5.277210e-24 
2.164000e+00 3.563681e-24 1.697880e-24 5.261562e-24 
2.166000e+00 3.554822e-24 1.693868e-24 5.248690e-24 
2.168000e+00 3.544221e-24 1.687456e-24 5.231678e-24 
2.170000e+00 3.534772e-24 1.682743e-24 5.217515e-24 
2.172000e+00 3.525632e-24 1.677516e-24 5.203148e-24 
2.174000e+00 3.516214e-24 1.671605e-24 5.187819e-24 
2.176000e+00 3.507861e-24 1.667118e-24 5.174979e-24 
2.178000e+00 3.494324e-24 1.662747e-24 5.157071e-24 
2.180000e+00 3.485234e-24 1.658502e-24 5.143737e-24 
2.182000e+00 3.476703e-24 1.652484e-24 5.129187e-24 
2.184000e+00 3.467960e-24 1.647545e-24 5.115505e-24 
2.186000e+00 3.458117e-24 1.642693e-24 5.100810e-24 
2.188000e+00 3.449303e-24 1.637689e-24 5.086992e-24 
2.190000e+00 3.437347e-24 1.632272e-24 5.069619e-24 
2.192000e+00 3.428316e-24 1.627780e-24 5.056095e-24 
2.194000e+00 3.419408e-24 1.623461e-24 5.042869e-24 
2.196000e+00 3.409591e-24 1.619239e-24 5.028831e-24 
2.198000e+00 3.402328e-24 1.614201e-24 5.016529e-24 
2.200000e+00 3.391838e-24 1.610426e-24 5.002264e-24 
2.202000e+00 3.383284e-24 1.605881e-24 4.989165e-24 
2.204000e+00 3.371509e-24 1.601736e-24 4.973246e-24 
2.206000e+00 3.362056e-24 1.596969e-24 4.959025e-24 
2.208000e+00 3.353303e-24 1.590798e-24 4.944101e-24 
2.210000e+00 3.343909e-24 1.586947e-24 4.930856e-24 
2.212000e+00 3.334971e-24 1.581260e-24 4.916231e-24 
2.214000e+00 3.326036e-24 1.577245e-24 4.903281e-24 
2.216000e+00 3.317882e-24 1.572655e-24 4.890537e-24 
2.218000e+00 3.307429e-24 1.567701e-24 4.875130e-24 
2.220000e+00 3.298544e-24 1.564092e-24 4.862636e-24 
2.222000e+00 3.289514e-24 1.560085e-24 4.849599e-24 
2.224000e+00 3.280584e-24 1.555302e-24 4.835885e-24 
2.226000e+00 3.270294e-24 1.550964e-24 4.821258e-24 
2.228000e+00 3.262012e-24 1.544624e-24 4.806636e-24 
2.230000e+00 3.253387e-24 1.539937e-24 4.793324e-24 
2.232000e+00 3.244017e-24 1.535121e-24 4.779138e-24 
2.234000e+00 3.235395e-24 1.531246e-24 4.766640e-24 
2.236000e+00 3.229512e-24 1.526945e-24 4.756457e-24 
2.238000e+00 3.220819e-24 1.522364e-24 4.743182e-24 
2.240000e+00 3.210305e-24 1.518289e-24 4.728594e-24 
2.242000e+00 3.201830e-24 1.513591e-24 4.715421e-24 
2.244000e+00 3.192469e-24 1.509387e-24 4.701856e-24 
2.246000e+00 3.184979e-24 1.505025e-24 4.690003e-24 
2.248000e+00 3.175136e-24 1.501097e-24 4.676233e-24 
2.250000e+00 3.166046e-24 1.496132e-24 4.662177e-24 
2.252000e+00 3.156482e-24 1.491549e-24 4.648031e-24 
2.254000e+00 3.147889e-24 1.488612e-24 4.636501e-24 
2.256000e+00 3.138942e-24 1.485604e-24 4.624546e-24 
2.258000e+00 3.129786e-24 1.480937e-24 4.610724e-24 
2.260000e+00 3.121317e-24 1.476001e-24 4.597318e-24 
2.262000e+00 3.114348e-24 1.471609e-24 4.585957e-24 
2.264000e+00 3.104914e-24 1.467426e-24 4.572340e-24 
2.266000e+00 3.097438e-24 1.463305e-24 4.560743e-24 
2.268000e+00 3.087068e-24 1.459101e-24 4.546169e-24 
2.270000e+00 3.077922e-24 1.453669e-24 4.531590e-24 
2.272000e+00 3.070900e-24 1.450013e-24 4.520913e-24 
2.274000e+00 3.064424e-24 1.444881e-24 4.509305e-24 
2.276000e+00 3.054758e-24 1.440851e-24 4.495609e-24 
2.278000e+00 3.045500e-24 1.438109e-24 4.483609e-24 
2.280000e+00 3.036794e-24 1.434848e-24 4.471642e-24 
2.282000e+00 3.029897e-24 1.430046e-24 4.459943e-24 
2.284000e+00 3.021627e-24 1.425344e-24 4.446971e-24 
2.286000e+00 3.014524e-24 1.421422e-24 4.435946e-24 
2.288000e+00 3.005269e-24 1.416927e-24 4.422196e-24 
2.290000e+00 2.997400e-24 1.412355e-24 4.409755e-24 
2.292000e+00 2.991051e-24 1.407998e-24 4.399049e-24 
2.294000e+00 2.982319e-24 1.405331e-24 4.387650e-24 
2.296000e+00 2.972628e-24 1.400665e-24 4.373293e-24 
2.298000e+00 2.964480e-24 1.397014e-24 4.361494e-24 
2.300000e+00 2.957581e-24 1.394716e-24 4.352297e-24 
2.302000e+00 2.949067e-24 1.390389e-24 4.339456e-24 
2.304000e+00 2.940008e-24 1.385839e-24 4.325847e-24 
2.306000e+00 2.934803e-24 1.381893e-24 4.316696e-24 
2.308000e+00 2.925933e-24 1.378453e-24 4.304386e-24 
2.310000e+00 2.919036e-24 1.373898e-24 4.292934e-24 
2.312000e+00 2.911383e-24 1.370228e-24 4.281612e-24 
2.314000e+00 2.904325e-24 1.367528e-24 4.271853e-24 
2.316000e+00 2.895030e-24 1.363359e-24 4.258390e-24 
2.318000e+00 2.888906e-24 1.359074e-24 4.247981e-24 
2.320000e+00 2.879904e-24 1.354220e-24 4.234124e-24 
2.322000e+00 2.871144e-24 1.351834e-24 4.222978e-24 
2.324000e+00 2.865145e-24 1.347980e-24 4.213125e-24 
2.326000e+00 2.856725e-24 1.343021e-24 4.199746e-24 
2.328000e+00 2.846961e-24 1.341524e-24 4.188484e-24 
2.330000e+00 2.841859e-24 1.336841e-24 4.178699e-24 
2.332000e+00 2.832131e-24 1.332242e-24 4.164373e-24 
2.334000e+00 2.822950e-24 1.329675e-24 4.152625e-24 
2.336000e+00 2.816985e-24 1.325712e-24 4.142696e-24 
2.338000e+00 2.809616e-24 1.321003e-24 4.130619e-24 
2.340000e+00 2.801948e-24 1.318945e-24 4.120893e-24 
2.342000e+00 2.796209e-24 1.314452e-24 4.110661e-24 
2.344000e+00 2.787690e-24 1.309877e-24 4.097567e-24 
2.346000e+00 2.781611e-24 1.307512e-24 4.089123e-24 
2.348000e+00 2.774949e-24 1.304084e-24 4.079033e-24 
2.350000e+00 2.767892e-24 1.301039e-24 4.068931e-24 
2.352000e+00 2.760676e-24 1.296383e-24 4.057059e-24 
2.354000e+00 2.754012e-24 1.294566e-24 4.048579e-24 
2.356000e+00 2.745620e-24 1.289642e-24 4.035262e-24 
2.358000e+00 2.739720e-24 1.286849e-24 4.026568e-24 
2.360000e+00 2.730133e-24 1.282753e-24 4.012886e-24 
2.362000e+00 2.723323e-24 1.279746e-24 4.003069e-24 
2.364000e+00 2.715750e-24 1.276284e-24 3.992034e-24 
2.366000e+00 2.710126e-24 1.272738e-24 3.982864e-24 
2.368000e+00 2.700233e-24 1.269131e-24 3.969363e-24 
2.370000e+00 2.694532e-24 1.265569e-24 3.960101e-24 
2.372000e+00 2.685162e-24 1.262543e-24 3.947705e-24 
2.374000e+00 2.678981e-24 1.259652e-24 3.938633e-24 
2.376000e+00 2.673778e-24 1.255021e-24 3.928799e-24 
2.378000e+00 2.667265e-24 1.252966e-24 3.920231e-24 
2.380000e+00 2.658612e-24 1.248972e-24 3.907584e-24 
2.382000e+00 2.652660e-24 1.246867e-24 3.899527e-24 
2.384000e+00 2.645681e-24 1.241631e-24 3.887312e-24 
2.386000e+00 2.637533e-24 1.239582e-24 3.877115e-24 
2.388000e+00 2.630518e-24 1.234877e-24 3.865394e-24 
2.390000e+00 2.623400e-24 1.233354e-24 3.856754e-24 
2.392000e+00 2.616871e-24 1.227790e-24 3.844660e-24 
2.394000e+00 2.609623e-24 1.226043e-24 3.835666e-24 
2.396000e+00 2.601544e-24 1.221597e-24 3.823141e-24 
2.398000e+00 2.595940e-24 1.218914e-24 3.814853e-24 
2.400000e+00 2.589855e-24 1.216474e-24 3.806329e-24 
2.402000e+00 2.582735e-24 1.212110e-24 3.794845e-24 
2.404000e+00 2.577410e-24 1.209824e-24 3.787234e-24 
2.406000e+00 2.568266e-24 1.205472e-24 3.773739e-24 
2.408000e+00 2.561563e-24 1.202667e-24 3.764230e-24 
2.410000e+00 2.556859e-24 1.200271e-24 3.757130e-24 
2.412000e+00 2.550486e-24 1.195774e-24 3.746260e-24 
2.414000e+00 2.543731e-24 1.193872e-24 3.737603e-24 
2.416000e+00 2.534956e-24 1.190930e-24 3.725885e-24 
2.418000e+00 2.529733e-24 1.186550e-24 3.716283e-24 
2.420000e+00 2.523712e-24 1.184878e-24 3.708591e-24 
2.422000e+00 2.516371e-24 1.180449e-24 3.696821e-24 
2.424000e+00 2.511310e-24 1.177939e-24 3.689248e-24 
2.426000e+00 2.502486e-24 1.175424e-24 3.677910e-24 
2.428000e+00 2.496467e-24 1.171313e-24 3.667780e-24 
2.430000e+00 2.491082e-24 1.168374e-24 3.659456e-24 
2.432000e+00 2.484611e-24 1.166731e-24 3.651342e-24 
2.434000e+00 2.477678e-24 1.161470e-24 3.639148e-24 
2.436000e+00 2.472380e-24 1.159458e-24 3.631838e-24 
2.438000e+00 2.465726e-24 1.156549e-24 3.622274e-24 
2.440000e+00 2.459412e-24 1.152486e-24 3.611898e-24 
2.442000e+00 2.454010e-24 1.150102e-24 3.604112e-24 
2.444000e+00 2.448372e-24 1.147052e-24 3.595425e-24 
2.446000e+00 2.442476e-24 1.143874e-24 3.586350e-24 
2.448000e+00 2.433291e-24 1.141105e-24 3.574397e-24 
2.450000e+00 2.426880e-24 1.138377e-24 3.565257e-24 
2.452000e+00 2.421186e-24 1.134301e-24 3.555487e-24 
2.454000e+00 2.415225e-24 1.132153e-24 3.547378e-24 
2.456000e+00 2.409529e-24 1.129612e-24 3.539140e-24 
2.458000e+00 2.403762e-24 1.125562e-24 3.529324e-24 
2.460000e+00 2.396655e-24 1.122242e-24 3.518897e-24 
2.462000e+00 2.390399e-24 1.120476e-24 3.510875e-24 
2.464000e+00 2.384779e-24 1.117579e-24 3.502358e-24 
2.466000e+00 2.378459e-24 1.113852e-24 3.492311e-24 
2.468000e+00 2.373580e-24 1.111712e-24 3.485293e-24 
2.470000e+00 2.365819e-24 1.108128e-24 3.473947e-24 
2.472000e+00 2.361013e-24 1.106397e-24 3.467409e-24 
2.474000e+00 2.354412e-24 1.103530e-24 3.457942e-24 
2.476000e+00 2.346915e-24 1.099678e-24 3.446593e-24 
2.478000e+00 2.340195e-24 1.097301e-24 3.437496e-24 
2.480000e+00 2.334378e-24 1.094480e-24 3.428858e-24 
2.482000e+00 2.328392e-24 1.092322e-24 3.420715e-24 
2.484000e+00 2.322286e-24 1.089559e-24 3.411845e-24 
2.486000e+00 2.318549e-24 1.084754e-24 3.403303e-24 
2.488000e+00 2.312295e-24 1.082725e-24 3.395020e-24 
2.490000e+00 2.306289e-24 1.080263e-24 3.386552e-24 
2.492000e+00 2.300061e-24 1.077582e-24 3.377644e-24 
2.494000e+00 2.294926e-24 1.075262e-24 3.370188e-24 
2.496000e+00 2.288056e-24 1.071760e-24 3.359815e-24 
2.498000e+00 2.282849e-24 1.068562e-24 3.351410e-24 
2.500000e+00 2.276099e-24 1.066554e-24 3.342653e-24 
2.502000e+00 2.270619e-24 1.063895e-24 3.334514e-24 
2.504000e+00 2.264224e-24 1.061655e-24 3.325878e-24 
2.506000e+00 2.258155e-24 1.057207e-24 3.315363e-24 
2.508000e+00 2.254657e-24 1.054949e-24 3.309607e-24 
2.510000e+00 2.249251e-24 1.052251e-24 3.301502e-24 
2.512000e+00 2.243337e-24 1.050025e-24 3.293362e-24 
2.514000e+00 2.236282e-24 1.047052e-24 3.283335e-24 
2.516000e+00 2.230917e-24 1.044925e-24 3.275842e-24 
2.518000e+00 2.225005e-24 1.042271e-24 3.267276e-24 
2.520000e+00 2.219500e-24 1.040138e-24 3.259639e-24 
2.522000e+00 2.213548e-24 1.036994e-24 3.250542e-24 
2.524000e+00 2.210284e-24 1.033117e-24 3.243401e-24 
2.526000e+00 2.204368e-24 1.031027e-24 3.235395e-24 
2.528000e+00 2.197724e-24 1.028107e-24 3.225831e-24 
2.530000e+00 2.192501e-24 1.026065e-24 3.218567e-24 
2.532000e+00 2.188911e-24 1.023496e-24 3.212408e-24 
2.534000e+00 2.182473e-24 1.020742e-24 3.203215e-24 
2.536000e+00 2.177303e-24 1.018480e-24 3.195782e-24 
2.538000e+00 2.170913e-24 1.016224e-24 3.187136e-24 
2.540000e+00 2.164522e-24 1.013730e-24 3.178252e-24 
2.542000e+00 2.158306e-24 1.010828e-24 3.169134e-24 
2.544000e+00 2.155315e-24 1.008522e-24 3.163836e-24 
2.546000e+00 2.149683e-24 1.005857e-24 3.155540e-24 
2.548000e+00 2.143369e-24 1.003631e-24 3.147000e-24 
2.550000e+00 2.140233e-24 1.001132e-24 3.141364e-24 
2.552000e+00 2.134138e-24 9.990412e-25 3.133179e-24 
2.554000e+00 2.128601e-24 9.961826e-25 3.124783e-24 
2.556000e+00 2.124908e-24 9.940785e-25 3.118986e-24 
2.558000e+00 2.118173e-24 9.915501e-25 3.109723e-24 
2.560000e+00 2.112144e-24 9.883105e-25 3.100454e-24 
2.562000e+00 2.109777e-24 9.864460e-25 3.096223e-24 
2.564000e+00 2.103776e-24 9.823814e-25 3.086158e-24 
2.566000e+00 2.097567e-24 9.802453e-25 3.077812e-24 
2.568000e+00 2.092089e-24 9.776174e-25 3.069706e-24 
2.570000e+00 2.088001e-24 9.751258e-25 3.063127e-24 
2.572000e+00 2.081406e-24 9.729384e-25 3.054345e-24 
2.574000e+00 2.075659e-24 9.715284e-25 3.047187e-24 
2.576000e+00 2.070590e-24 9.687130e-25 3.039303e-24 
2.578000e+00 2.064432e-24 9.668840e-25 3.031316e-24 
2.580000e+00 2.060405e-24 9.641543e-25 3.024560e-24 
2.582000e+00 2.055052e-24 9.614412e-25 3.016493e-24 
2.584000e+00 2.048446e-24 9.594141e-25 3.007861e-24 
2.586000e+00 2.045694e-24 9.567181e-25 3.002412e-24 
2.588000e+00 2.039622e-24 9.539624e-25 2.993584e-24 
2.590000e+00 2.033983e-24 9.519368e-25 2.985920e-24 
2.592000e+00 2.030091e-24 9.499288e-25 2.980019e-24 
2.594000e+00 2.024187e-24 9.470974e-25 2.971284e-24 
2.596000e+00 2.021460e-24 9.447929e-25 2.966253e-24 
2.598000e+00 2.015189e-24 9.443029e-25 2.959492e-24 
2.600000e+00 2.009168e-24 9.411876e-25 2.950356e-24 
2.602000e+00 2.005212e-24 9.387664e-25 2.943979e-24 
2.604000e+00 2.000691e-24 9.363831e-25 2.937074e-24 
2.606000e+00 1.995952e-24 9.341313e-25 2.930083e-24 
2.608000e+00 1.990330e-24 9.313499e-25 2.921680e-24 
2.610000e+00 1.986836e-24 9.288872e-25 2.915723e-24 
2.612000e+00 1.983488e-24 9.265226e-25 2.910011e-24 
2.614000e+00 1.977538e-24 9.238718e-25 2.901410e-24 
2.616000e+00 1.971777e-24 9.214356e-25 2.893212e-24 
2.618000e+00 1.968104e-24 9.200709e-25 2.888174e-24 
2.620000e+00 1.963484e-24 9.185943e-25 2.882078e-24 
2.622000e+00 1.959476e-24 9.161716e-25 2.875648e-24 
2.624000e+00 1.953143e-24 9.134419e-25 2.866585e-24 
2.626000e+00 1.947676e-24 9.110315e-25 2.858707e-24 
2.628000e+00 1.943765e-24 9.087201e-25 2.852486e-24 
2.630000e+00 1.937841e-24 9.060749e-25 2.843916e-24 
2.632000e+00 1.934797e-24 9.032887e-25 2.838086e-24 
2.634000e+00 1.928938e-24 9.029362e-25 2.831874e-24 
2.636000e+00 1.922665e-24 9.006920e-25 2.823357e-24 
2.638000e+00 1.919812e-24 8.982318e-25 2.818044e-24 
2.640000e+00 1.929269e-24 8.957478e-25 2.825017e-24 
2.642000e+00 1.909874e-24 8.937378e-25 2.803612e-24 
2.644000e+00 1.907046e-24 8.919739e-25 2.799020e-24 
2.646000e+00 1.900930e-24 8.899054e-25 2.790835e-24 
2.648000e+00 1.896918e-24 8.868404e-25 2.783759e-24 
2.650000e+00 1.894135e-24 8.847818e-25 2.778917e-24 
2.652000e+00 1.887876e-24 8.829428e-25 2.770819e-24 
2.654000e+00 1.885049e-24 8.816084e-25 2.766658e-24 
2.656000e+00 1.878951e-24 8.794891e-25 2.758440e-24 
2.658000e+00 1.875026e-24 8.764945e-25 2.751520e-24 
2.660000e+00 1.869038e-24 8.738422e-25 2.742881e-24 
2.662000e+00 1.865929e-24 8.717602e-25 2.737689e-24 
2.664000e+00 1.860294e-24 8.713413e-25 2.731636e-24 
2.666000e+00 1.857599e-24 8.684022e-25 2.726001e-24 
2.668000e+00 1.851915e-24 8.662818e-25 2.718197e-24 
2.670000e+00 1.848223e-24 8.638319e-25 2.712055e-24 
2.672000e+00 1.842531e-24 8.615753e-25 2.704106e-24 
2.674000e+00 1.838680e-24 8.605277e-25 2.699208e-24 
2.676000e+00 1.832530e-24 8.583602e-25 2.690890e-24 
2.678000e+00 1.829828e-24 8.557806e-25 2.685608e-24 
2.680000e+00 1.825580e-24 8.526186e-25 2.678199e-24 
2.682000e+00 1.819637e-24 8.509968e-25 2.670633e-24 
2.684000e+00 1.816370e-24 8.495160e-25 2.665886e-24 
2.686000e+00 1.812675e-24 8.482131e-25 2.660888e-24 
2.688000e+00 1.806388e-24 8.453279e-25 2.651716e-24 
2.690000e+00 1.804118e-24 8.430735e-25 2.647192e-24 
2.692000e+00 1.798134e-24 8.417439e-25 2.639878e-24 
2.694000e+00 1.794495e-24 8.390673e-25 2.633562e-24 
2.696000e+00 1.791426e-24 8.371680e-25 2.628594e-24 
2.698000e+00 1.785520e-24 8.361287e-25 2.621649e-24 
2.700000e+00 1.781603e-24 8.336713e-25 2.615275e-24 
2.702000e+00 1.778178e-24 8.313234e-25 2.609501e-24 
2.704000e+00 1.772469e-24 8.305305e-25 2.603000e-24 
2.706000e+00 1.769246e-24 8.277950e-25 2.597041e-24 
2.708000e+00 1.765806e-24 8.258444e-25 2.591651e-24 
2.710000e+00 1.762438e-24 8.247403e-25 2.587179e-24 
2.712000e+00 1.757200e-24 8.223411e-25 2.579541e-24 
2.714000e+00 1.752896e-24 8.200878e-25 2.572984e-24 
2.716000e+00 1.749960e-24 8.192534e-25 2.569214e-24 
2.718000e+00 1.745977e-24 8.167309e-25 2.562708e-24 
2.720000e+00 1.742859e-24 8.140890e-25 2.556948e-24 
2.722000e+00 1.737418e-24 8.131947e-25 2.550612e-24 
2.724000e+00 1.734085e-24 8.110225e-25 2.545107e-24 
2.726000e+00 1.730555e-24 8.086983e-25 2.539254e-24 
2.728000e+00 1.724923e-24 8.072046e-25 2.532127e-24 
2.730000e+00 1.720924e-24 8.049446e-25 2.525868e-24 
2.732000e+00 1.717703e-24 8.024807e-25 2.520183e-24 
2.734000e+00 1.713952e-24 8.019249e-25 2.515876e-24 
2.736000e+00 1.708638e-24 8.000022e-25 2.508640e-24 
2.738000e+00 1.704936e-24 7.974297e-25 2.502366e-24 
2.740000e+00 1.701877e-24 7.961285e-25 2.498006e-24 
2.742000e+00 1.698421e-24 7.938774e-25 2.492299e-24 
2.744000e+00 1.694509e-24 7.914920e-25 2.486001e-24 
2.746000e+00 1.688906e-24 7.904436e-25 2.479349e-24 
2.748000e+00 1.685563e-24 7.880006e-25 2.473564e-24 
2.750000e+00 1.682577e-24 7.856979e-25 2.468275e-24 
2.752000e+00 1.677151e-24 7.844900e-25 2.461641e-24 
2.754000e+00 1.672861e-24 7.821904e-25 2.455052e-24 
2.756000e+00 1.669057e-24 7.816459e-25 2.450703e-24 
2.758000e+00 1.666367e-24 7.794372e-25 2.445804e-24 
2.760000e+00 1.662939e-24 7.767282e-25 2.439667e-24 
2.762000e+00 1.657084e-24 7.756677e-25 2.432752e-24 
2.764000e+00 1.653724e-24 7.741065e-25 2.427831e-24 
2.766000e+00 1.650149e-24 7.719803e-25 2.422129e-24 
2.768000e+00 1.647003e-24 7.700958e-25 2.417099e-24 
2.770000e+00 1.643220e-24 7.688233e-25 2.412043e-24 
2.772000e+00 1.640232e-24 7.671630e-25 2.407395e-24 
2.774000e+00 1.635731e-24 7.643286e-25 2.400060e-24 
2.776000e+00 1.630262e-24 7.638262e-25 2.394088e-24 
2.778000e+00 1.627512e-24 7.609511e-25 2.388464e-24 
2.780000e+00 1.624112e-24 7.601972e-25 2.384309e-24 
2.782000e+00 1.621093e-24 7.576029e-25 2.378696e-24 
2.784000e+00 1.617275e-24 7.575244e-25 2.374799e-24 
2.786000e+00 1.613566e-24 7.549053e-25 2.368471e-24 
2.788000e+00 1.609928e-24 7.537428e-25 2.363671e-24 
2.790000e+00 1.606628e-24 7.516406e-25 2.358269e-24 
2.792000e+00 1.601654e-24 7.488381e-25 2.350492e-24 
2.794000e+00 1.598259e-24 7.478801e-25 2.346140e-24 
2.796000e+00 1.593933e-24 7.457958e-25 2.339729e-24 
2.798000e+00 1.591013e-24 7.453776e-25 2.336390e-24 
2.800000e+00 1.587172e-24 7.421779e-25 2.329350e-24 
2.802000e+00 1.583928e-24 7.417555e-25 2.325683e-24 
2.804000e+00 1.580665e-24 7.394484e-25 2.320114e-24 
2.806000e+00 1.577214e-24 7.383175e-25 2.315532e-24 
2.808000e+00 1.573783e-24 7.356235e-25 2.309406e-24 
2.810000e+00 1.567614e-24 7.330481e-25 2.300662e-24 
2.812000e+00 1.565456e-24 7.325681e-25 2.298024e-24 
2.814000e+00 1.561365e-24 7.300876e-25 2.291453e-24 
2.816000e+00 1.558276e-24 7.296065e-25 2.287882e-24 
2.818000e+00 1.554123e-24 7.267122e-25 2.280836e-24 
2.820000e+00 1.551611e-24 7.256105e-25 2.277222e-24 
2.822000e+00 1.548046e-24 7.239435e-25 2.271989e-24 
2.824000e+00 1.544414e-24 7.228302e-25 2.267244e-24 
2.826000e+00 1.541992e-24 7.208119e-25 2.262804e-24 
2.828000e+00 1.537248e-24 7.200076e-25 2.257255e-24 
2.830000e+00 1.532069e-24 7.176116e-25 2.249680e-24 
2.832000e+00 1.528685e-24 7.164163e-25 2.245102e-24 
2.834000e+00 1.525572e-24 7.140027e-25 2.239574e-24 
2.836000e+00 1.522124e-24 7.130184e-25 2.235143e-24 
2.838000e+00 1.518916e-24 7.117323e-25 2.230649e-24 
2.840000e+00 1.514952e-24 7.095165e-25 2.224469e-24 
2.842000e+00 1.511768e-24 7.090665e-25 2.220834e-24 
2.844000e+00 1.508672e-24 7.065632e-25 2.215235e-24 
2.846000e+00 1.505380e-24 7.055186e-25 2.210899e-24 
2.848000e+00 1.502164e-24 7.033430e-25 2.205507e-24 
2.850000e+00 1.498103e-24 7.023108e-25 2.200413e-24 
2.852000e+00 1.496919e-24 6.998370e-25 2.196756e-24 
2.854000e+00 1.491041e-24 6.990922e-25 2.190133e-24 
2.856000e+00 1.487929e-24 6.966820e-25 2.184611e-24 
2.858000e+00 1.484490e-24 6.956674e-25 2.180157e-24 
2.860000e+00 1.481275e-24 6.934150e-25 2.174690e-24 
2.862000e+00 1.477838e-24 6.926935e-25 2.170532e-24 
2.864000e+00 1.473419e-24 6.917980e-25 2.165217e-24 
2.866000e+00 1.470799e-24 6.893093e-25 2.160108e-24 
2.868000e+00 1.467258e-24 6.881180e-25 2.155376e-24 
2.870000e+00 1.464553e-24 6.858693e-25 2.150423e-24 
2.872000e+00 1.460578e-24 6.852781e-25 2.145856e-24 
2.874000e+00 1.459261e-24 6.826336e-25 2.141895e-24 
2.876000e+00 1.455660e-24 6.814733e-25 2.137134e-24 
2.878000e+00 1.452366e-24 6.794654e-25 2.131832e-24 
2.880000e+00 1.448999e-24 6.783784e-25 2.127377e-24 
2.882000e+00 1.446298e-24 6.760479e-25 2.122345e-24 
2.884000e+00 1.442503e-24 6.751406e-25 2.117644e-24 
2.886000e+00 1.439039e-24 6.744309e-25 2.113470e-24 
2.888000e+00 1.436231e-24 6.721384e-25 2.108369e-24 
2.890000e+00 1.431198e-24 6.715631e-25 2.102761e-24 
2.892000e+00 1.429568e-24 6.700666e-25 2.099635e-24 
2.894000e+00 1.427637e-24 6.674696e-25 2.095106e-24 
2.896000e+00 1.424864e-24 6.669206e-25 2.091785e-24 
2.898000e+00 1.420809e-24 6.665597e-25 2.087369e-24 
2.900000e+00 1.417518e-24 6.633766e-25 2.080894e-24 
2.902000e+00 1.413924e-24 6.631902e-25 2.077114e-24 
2.904000e+00 1.410996e-24 6.617124e-25 2.072708e-24 
2.906000e+00 1.407784e-24 6.600020e-25 2.067786e-24 
2.908000e+00 1.404203e-24 6.584231e-25 2.062626e-24 
2.910000e+00 1.401949e-24 6.562829e-25 2.058231e-24 
2.912000e+00 1.399459e-24 6.552960e-25 2.054755e-24 
2.914000e+00 1.396125e-24 6.541578e-25 2.050283e-24 
2.916000e+00 1.392837e-24 6.523315e-25 2.045168e-24 
2.918000e+00 1.390346e-24 6.509976e-25 2.041344e-24 
2.920000e+00 1.386483e-24 6.504014e-25 2.036884e-24 
2.922000e+00 1.381915e-24 6.477312e-25 2.029647e-24 
2.924000e+00 1.379630e-24 6.467800e-25 2.026410e-24 
2.926000e+00 1.377817e-24 6.458188e-25 2.023636e-24 
2.928000e+00 1.374980e-24 6.435630e-25 2.018543e-24 
2.930000e+00 1.370562e-24 6.424533e-25 2.013015e-24 
2.932000e+00 1.368298e-24 6.418997e-25 2.010198e-24 
2.934000e+00 1.364474e-24 6.392245e-25 2.003699e-24 
2.936000e+00 1.362340e-24 6.383143e-25 2.000654e-24 
2.938000e+00 1.358125e-24 6.374404e-25 1.995566e-24 
2.940000e+00 1.357502e-24 6.350650e-25 1.992567e-24 
2.942000e+00 1.352428e-24 6.340955e-25 1.986524e-24 
2.944000e+00 1.350220e-24 6.340205e-25 1.984240e-24 
2.946000e+00 1.346232e-24 6.307759e-25 1.977008e-24 
2.948000e+00 1.342757e-24 6.305404e-25 1.973297e-24 
2.950000e+00 1.340537e-24 6.290495e-25 1.969587e-24 
2.952000e+00 1.336926e-24 6.267939e-25 1.963720e-24 
2.954000e+00 1.335508e-24 6.262107e-25 1.961719e-24 
2.956000e+00 1.332337e-24 6.264725e-25 1.958809e-24 
2.958000e+00 1.329266e-24 6.242535e-25 1.953520e-24 
2.960000e+00 1.325175e-24 6.218887e-25 1.947064e-24 
2.962000e+00 1.324350e-24 6.205866e-25 1.944937e-24 
2.964000e+00 1.320343e-24 6.199120e-25 1.940255e-24 
2.966000e+00 1.317856e-24 6.178209e-25 1.935677e-24 
2.968000e+00 1.315980e-24 6.171951e-25 1.933175e-24 
2.970000e+00 1.312533e-24 6.160524e-25 1.928585e-24 
2.972000e+00 1.309571e-24 6.148955e-25 1.924466e-24 
2.974000e+00 1.305302e-24 6.127247e-25 1.918026e-24 
2.976000e+00 1.303064e-24 6.114968e-25 1.914560e-24 
2.978000e+00 1.301680e-24 6.106128e-25 1.912293e-24 
2.980000e+00 1.297677e-24 6.086420e-25 1.906319e-24 
2.982000e+00 1.293534e-24 6.075564e-25 1.901091e-24 
2.984000e+00 1.291561e-24 6.062997e-25 1.897861e-24 
2.986000e+00 1.290055e-24 6.057446e-25 1.895800e-24 
2.988000e+00 1.286963e-24 6.034167e-25 1.890380e-24 
2.990000e+00 1.283330e-24 6.029776e-25 1.886308e-24 
2.992000e+00 1.281016e-24 6.013470e-25 1.882363e-24 
2.994000e+00 1.279346e-24 5.995046e-25 1.878850e-24 
2.996000e+00 1.275537e-24 5.983712e-25 1.873909e-24 
2.998000e+00 1.272387e-24 5.969481e-25 1.869335e-24 
