1.000000e-01 1.792388e-22 2.132370e-22 3.924759e-22 
1.020000e-01 1.787045e-22 2.118027e-22 3.905072e-22 
1.040000e-01 1.776648e-22 2.101209e-22 3.877858e-22 
1.060000e-01 1.761792e-22 2.086307e-22 3.848099e-22 
1.080000e-01 1.741852e-22 2.070309e-22 3.812160e-22 
1.100000e-01 1.714963e-22 2.053206e-22 3.768169e-22 
1.120000e-01 1.676846e-22 2.037363e-22 3.714209e-22 
1.140000e-01 1.614109e-22 2.020233e-22 3.634342e-22 
1.160000e-01 1.440438e-22 2.001920e-22 3.442358e-22 
1.180000e-01 1.612246e-22 1.985547e-22 3.597793e-22 
1.200000e-01 1.673939e-22 1.968311e-22 3.642251e-22 
1.220000e-01 1.704037e-22 1.949592e-22 3.653629e-22 
1.240000e-01 1.723007e-22 1.931973e-22 3.654980e-22 
1.260000e-01 1.736428e-22 1.913644e-22 3.650072e-22 
1.280000e-01 1.746136e-22 1.894953e-22 3.641089e-22 
1.300000e-01 1.753096e-22 1.876159e-22 3.629255e-22 
1.320000e-01 1.758248e-22 1.857028e-22 3.615275e-22 
1.340000e-01 1.761973e-22 1.837362e-22 3.599335e-22 
1.360000e-01 1.764409e-22 1.817881e-22 3.582290e-22 
1.380000e-01 1.765790e-22 1.797450e-22 3.563239e-22 
1.400000e-01 1.766307e-22 1.777534e-22 3.543840e-22 
1.420000e-01 1.766220e-22 1.756459e-22 3.522679e-22 
1.440000e-01 1.765361e-22 1.735415e-22 3.500776e-22 
1.460000e-01 1.763755e-22 1.713960e-22 3.477715e-22 
1.480000e-01 1.761444e-22 1.692641e-22 3.454085e-22 
1.500000e-01 1.758656e-22 1.670860e-22 3.429515e-22 
1.520000e-01 1.755276e-22 1.648388e-22 3.403664e-22 
1.540000e-01 1.751012e-22 1.626644e-22 3.377656e-22 
1.560000e-01 1.745956e-22 1.604209e-22 3.350165e-22 
1.580000e-01 1.739888e-22 1.580911e-22 3.320799e-22 
1.600000e-01 1.732953e-22 1.558556e-22 3.291508e-22 
1.620000e-01 1.724318e-22 1.535128e-22 3.259447e-22 
1.640000e-01 1.712263e-22 1.511259e-22 3.223522e-22 
1.660000e-01 1.692257e-22 1.488012e-22 3.180269e-22 
1.680000e-01 1.641152e-22 1.465003e-22 3.106155e-22 
1.700000e-01 1.664294e-22 1.442167e-22 3.106461e-22 
1.720000e-01 1.684516e-22 1.418925e-22 3.103441e-22 
1.740000e-01 1.693077e-22 1.395321e-22 3.088398e-22 
1.760000e-01 1.697951e-22 1.371748e-22 3.069699e-22 
1.780000e-01 1.701268e-22 1.348105e-22 3.049372e-22 
1.800000e-01 1.703613e-22 1.324295e-22 3.027908e-22 
1.820000e-01 1.705318e-22 1.300421e-22 3.005739e-22 
1.840000e-01 1.706733e-22 1.276500e-22 2.983232e-22 
1.860000e-01 1.707896e-22 1.252625e-22 2.960521e-22 
1.880000e-01 1.709000e-22 1.228261e-22 2.937262e-22 
1.900000e-01 1.710107e-22 1.204143e-22 2.914250e-22 
1.920000e-01 1.711790e-22 1.179933e-22 2.891723e-22 
1.940000e-01 1.714903e-22 1.156065e-22 2.870967e-22 
1.960000e-01 1.720681e-22 1.131896e-22 2.852576e-22 
1.980000e-01 1.737010e-22 1.107958e-22 2.844968e-22 
2.000000e-01 1.765832e-22 1.083984e-22 2.849816e-22 
2.020000e-01 1.736466e-22 1.060388e-22 2.796855e-22 
2.040000e-01 1.723789e-22 1.036944e-22 2.760733e-22 
2.060000e-01 1.714393e-22 1.012704e-22 2.727097e-22 
2.080000e-01 1.706490e-22 9.886377e-23 2.695128e-22 
2.100000e-01 1.699307e-22 9.645238e-23 2.663831e-22 
2.120000e-01 1.692572e-22 9.397781e-23 2.632350e-22 
2.140000e-01 1.686290e-22 9.148390e-23 2.601129e-22 
2.160000e-01 1.680196e-22 8.897368e-23 2.569933e-22 
2.180000e-01 1.674180e-22 8.639512e-23 2.538131e-22 
2.200000e-01 1.668687e-22 8.393027e-23 2.507990e-22 
2.220000e-01 1.663326e-22 8.147202e-23 2.478046e-22 
2.240000e-01 1.657643e-22 7.901138e-23 2.447757e-22 
2.260000e-01 1.651916e-22 7.651824e-23 2.417099e-22 
2.280000e-01 1.645888e-22 7.391608e-23 2.385049e-22 
2.300000e-01 1.639940e-22 7.136329e-23 2.353573e-22 
2.320000e-01 1.634099e-22 6.874746e-23 2.321574e-22 
2.340000e-01 1.628085e-22 6.607687e-23 2.288854e-22 
2.360000e-01 1.622117e-22 6.340345e-23 2.256151e-22 
2.380000e-01 1.616061e-22 6.068946e-23 2.222955e-22 
2.400000e-01 1.609781e-22 5.845018e-23 2.194282e-22 
2.420000e-01 1.603737e-22 5.667378e-23 2.170475e-22 
2.440000e-01 1.597581e-22 5.497857e-23 2.147367e-22 
2.460000e-01 1.591655e-22 5.282448e-23 2.119900e-22 
2.480000e-01 1.585779e-22 5.032349e-23 2.089014e-22 
2.500000e-01 1.579926e-22 4.744810e-23 2.054407e-22 
2.520000e-01 1.574127e-22 4.399996e-23 2.014127e-22 
2.540000e-01 1.568203e-22 4.027462e-23 1.970949e-22 
2.560000e-01 1.562361e-22 3.632574e-23 1.925618e-22 
2.580000e-01 1.556391e-22 3.198980e-23 1.876289e-22 
2.600000e-01 1.550473e-22 2.672592e-23 1.817732e-22 
2.620000e-01 1.544463e-22 2.073133e-23 1.751777e-22 
2.640000e-01 1.538426e-22 1.409347e-23 1.679361e-22 
2.660000e-01 1.532461e-22 8.220201e-24 1.614663e-22 
2.680000e-01 1.526410e-22 3.566537e-24 1.562076e-22 
2.700000e-01 1.520538e-22 7.388648e-25 1.527926e-22 
2.720000e-01 1.514598e-22 6.244750e-25 1.520843e-22 
2.740000e-01 1.508879e-22 3.902096e-24 1.547900e-22 
2.760000e-01 1.503169e-22 1.137544e-23 1.616923e-22 
2.780000e-01 1.497596e-22 2.005080e-23 1.698104e-22 
2.800000e-01 1.491898e-22 4.206258e-23 1.912524e-22 
2.820000e-01 1.486186e-22 5.067978e-23 1.992983e-22 
2.840000e-01 1.480232e-22 4.786550e-23 1.958887e-22 
2.860000e-01 1.474325e-22 4.511495e-23 1.925474e-22 
2.880000e-01 1.468226e-22 4.356943e-23 1.903920e-22 
2.900000e-01 1.462177e-22 4.223874e-23 1.884564e-22 
2.920000e-01 1.455933e-22 4.371982e-23 1.893131e-22 
2.940000e-01 1.449808e-22 4.507988e-23 1.900607e-22 
2.960000e-01 1.443500e-22 4.686070e-23 1.912107e-22 
2.980000e-01 1.437300e-22 4.903450e-23 1.927645e-22 
3.000000e-01 1.430990e-22 5.111190e-23 1.942110e-22 
3.020000e-01 1.424695e-22 5.278852e-23 1.952580e-22 
3.040000e-01 1.418240e-22 5.407951e-23 1.959035e-22 
3.060000e-01 1.411855e-22 5.516012e-23 1.963456e-22 
3.080000e-01 1.405340e-22 5.623662e-23 1.967706e-22 
3.100000e-01 1.398877e-22 5.697587e-23 1.968636e-22 
3.120000e-01 1.392246e-22 5.762708e-23 1.968517e-22 
3.140000e-01 1.385703e-22 5.795935e-23 1.965296e-22 
3.160000e-01 1.379043e-22 5.807184e-23 1.959761e-22 
3.180000e-01 1.372419e-22 5.791265e-23 1.951546e-22 
3.200000e-01 1.365737e-22 5.790601e-23 1.944797e-22 
3.220000e-01 1.359020e-22 5.798881e-23 1.938908e-22 
3.240000e-01 1.352387e-22 5.832589e-23 1.935646e-22 
3.260000e-01 1.345587e-22 5.873722e-23 1.932959e-22 
3.280000e-01 1.338931e-22 5.908244e-23 1.929755e-22 
3.300000e-01 1.332167e-22 5.943658e-23 1.926533e-22 
3.320000e-01 1.325556e-22 5.972929e-23 1.922849e-22 
3.340000e-01 1.318978e-22 6.002314e-23 1.919210e-22 
3.360000e-01 1.312454e-22 6.024387e-23 1.914893e-22 
3.380000e-01 1.305937e-22 6.045866e-23 1.910524e-22 
3.400000e-01 1.299343e-22 6.062465e-23 1.905590e-22 
3.420000e-01 1.292779e-22 6.080403e-23 1.900820e-22 
3.440000e-01 1.286013e-22 6.100600e-23 1.896073e-22 
3.460000e-01 1.279344e-22 6.120367e-23 1.891381e-22 
3.480000e-01 1.272541e-22 6.137391e-23 1.886280e-22 
3.500000e-01 1.265676e-22 6.153831e-23 1.881059e-22 
3.520000e-01 1.258842e-22 6.167057e-23 1.875547e-22 
3.540000e-01 1.251863e-22 6.179895e-23 1.869853e-22 
3.560000e-01 1.245023e-22 6.190970e-23 1.864120e-22 
3.580000e-01 1.238045e-22 6.201615e-23 1.858206e-22 
3.600000e-01 1.231126e-22 6.208600e-23 1.851986e-22 
3.620000e-01 1.224262e-22 6.215866e-23 1.845848e-22 
3.640000e-01 1.217346e-22 6.223208e-23 1.839667e-22 
3.660000e-01 1.210493e-22 6.230839e-23 1.833577e-22 
3.680000e-01 1.203534e-22 6.235445e-23 1.827079e-22 
3.700000e-01 1.196637e-22 6.240355e-23 1.820672e-22 
3.720000e-01 1.189667e-22 6.244762e-23 1.814144e-22 
3.740000e-01 1.182588e-22 6.249494e-23 1.807538e-22 
3.760000e-01 1.175539e-22 6.251566e-23 1.800696e-22 
3.780000e-01 1.168367e-22 6.252943e-23 1.793661e-22 
3.800000e-01 1.161131e-22 6.251946e-23 1.786326e-22 
3.820000e-01 1.153915e-22 6.249705e-23 1.778886e-22 
3.840000e-01 1.146488e-22 6.247352e-23 1.771224e-22 
3.860000e-01 1.139166e-22 6.245067e-23 1.763673e-22 
3.880000e-01 1.131850e-22 6.242565e-23 1.756107e-22 
3.900000e-01 1.124512e-22 6.239462e-23 1.748458e-22 
3.920000e-01 1.117219e-22 6.236406e-23 1.740860e-22 
3.940000e-01 1.109943e-22 6.233270e-23 1.733270e-22 
3.960000e-01 1.102712e-22 6.230243e-23 1.725736e-22 
3.980000e-01 1.095526e-22 6.226286e-23 1.718154e-22 
4.000000e-01 1.088270e-22 6.221506e-23 1.710421e-22 
4.020000e-01 1.081090e-22 6.215916e-23 1.702682e-22 
4.040000e-01 1.073940e-22 6.208406e-23 1.694780e-22 
4.060000e-01 1.066680e-22 6.201047e-23 1.686785e-22 
4.080000e-01 1.059456e-22 6.194156e-23 1.678871e-22 
4.100000e-01 1.052182e-22 6.187128e-23 1.670895e-22 
4.120000e-01 1.044865e-22 6.179500e-23 1.662815e-22 
4.140000e-01 1.037665e-22 6.171576e-23 1.654822e-22 
4.160000e-01 1.030360e-22 6.163562e-23 1.646717e-22 
4.180000e-01 1.022992e-22 6.155638e-23 1.638556e-22 
4.200000e-01 1.015782e-22 6.147674e-23 1.630550e-22 
4.220000e-01 1.008462e-22 6.139079e-23 1.622370e-22 
4.240000e-01 1.001099e-22 6.130613e-23 1.614160e-22 
4.260000e-01 9.938141e-23 6.121232e-23 1.605937e-22 
4.280000e-01 9.864859e-23 6.111382e-23 1.597624e-22 
4.300000e-01 9.791630e-23 6.101089e-23 1.589272e-22 
4.320000e-01 9.718393e-23 6.090792e-23 1.580919e-22 
4.340000e-01 9.644801e-23 6.080340e-23 1.572514e-22 
4.360000e-01 9.571441e-23 6.070378e-23 1.564182e-22 
4.380000e-01 9.497904e-23 6.060795e-23 1.555870e-22 
4.400000e-01 9.423728e-23 6.050871e-23 1.547460e-22 
4.420000e-01 9.350057e-23 6.038632e-23 1.538869e-22 
4.440000e-01 9.276733e-23 6.026259e-23 1.530299e-22 
4.460000e-01 9.202424e-23 6.014193e-23 1.521662e-22 
4.480000e-01 9.128259e-23 6.002118e-23 1.513038e-22 
4.500000e-01 9.054615e-23 5.990301e-23 1.504492e-22 
4.520000e-01 8.980426e-23 5.975114e-23 1.495554e-22 
4.540000e-01 8.905716e-23 5.959524e-23 1.486524e-22 
4.560000e-01 8.831522e-23 5.944050e-23 1.477557e-22 
4.580000e-01 8.757171e-23 5.928957e-23 1.468613e-22 
4.600000e-01 8.681871e-23 5.913818e-23 1.459569e-22 
4.620000e-01 8.607403e-23 5.898562e-23 1.450596e-22 
4.640000e-01 8.532452e-23 5.883618e-23 1.441607e-22 
4.660000e-01 8.456396e-23 5.868405e-23 1.432480e-22 
4.680000e-01 8.381124e-23 5.853690e-23 1.423481e-22 
4.700000e-01 8.305442e-23 5.838895e-23 1.414434e-22 
4.720000e-01 8.228552e-23 5.823415e-23 1.405197e-22 
4.740000e-01 8.151580e-23 5.806493e-23 1.395807e-22 
4.760000e-01 8.074762e-23 5.789365e-23 1.386413e-22 
4.780000e-01 7.997034e-23 5.771936e-23 1.376897e-22 
4.800000e-01 7.918489e-23 5.754281e-23 1.367277e-22 
4.820000e-01 7.839783e-23 5.736238e-23 1.357602e-22 
4.840000e-01 7.760450e-23 5.718454e-23 1.347890e-22 
4.860000e-01 7.680138e-23 5.700083e-23 1.338022e-22 
4.880000e-01 7.599211e-23 5.682070e-23 1.328128e-22 
4.900000e-01 7.517464e-23 5.662290e-23 1.317975e-22 
4.920000e-01 7.435093e-23 5.642974e-23 1.307807e-22 
4.940000e-01 7.351734e-23 5.623556e-23 1.297529e-22 
4.960000e-01 7.267516e-23 5.604331e-23 1.287185e-22 
4.980000e-01 7.181604e-23 5.585021e-23 1.276662e-22 
5.000000e-01 7.093701e-23 5.565414e-23 1.265911e-22 
5.020000e-01 7.005345e-23 5.546525e-23 1.255187e-22 
5.040000e-01 6.915168e-23 5.527580e-23 1.244275e-22 
5.060000e-01 6.823218e-23 5.508480e-23 1.233170e-22 
5.080000e-01 6.729103e-23 5.489778e-23 1.221888e-22 
5.100000e-01 6.632504e-23 5.470877e-23 1.210338e-22 
5.120000e-01 6.533170e-23 5.452474e-23 1.198564e-22 
5.140000e-01 6.430863e-23 5.433922e-23 1.186479e-22 
5.160000e-01 6.325607e-23 5.415337e-23 1.174094e-22 
5.180000e-01 6.216048e-23 5.397517e-23 1.161357e-22 
5.200000e-01 6.100863e-23 5.380004e-23 1.148087e-22 
5.220000e-01 5.980445e-23 5.362343e-23 1.134279e-22 
5.240000e-01 5.853297e-23 5.343994e-23 1.119729e-22 
5.260000e-01 5.717451e-23 5.325076e-23 1.104253e-22 
5.280000e-01 5.571241e-23 5.305824e-23 1.087706e-22 
5.300000e-01 5.413012e-23 5.286786e-23 1.069980e-22 
5.320000e-01 5.238350e-23 5.268126e-23 1.050648e-22 
5.340000e-01 5.033864e-23 5.248994e-23 1.028286e-22 
5.360000e-01 4.789212e-23 5.229259e-23 1.001847e-22 
5.380000e-01 4.456512e-23 5.208396e-23 9.664907e-23 
5.400000e-01 3.990790e-23 5.187564e-23 9.178354e-23 
5.420000e-01 3.482648e-23 5.167494e-23 8.650142e-23 
5.440000e-01 3.173721e-23 5.149141e-23 8.322862e-23 
5.460000e-01 3.252589e-23 5.130730e-23 8.383319e-23 
5.480000e-01 3.624777e-23 5.111685e-23 8.736462e-23 
5.500000e-01 4.006180e-23 5.091536e-23 9.097715e-23 
5.520000e-01 4.294567e-23 5.071628e-23 9.366195e-23 
5.540000e-01 4.468580e-23 5.051957e-23 9.520536e-23 
5.560000e-01 4.598305e-23 5.033929e-23 9.632234e-23 
5.580000e-01 4.696736e-23 5.015464e-23 9.712199e-23 
5.600000e-01 4.778404e-23 4.997033e-23 9.775438e-23 
5.620000e-01 4.847314e-23 4.978130e-23 9.825444e-23 
5.640000e-01 4.905614e-23 4.958575e-23 9.864189e-23 
5.660000e-01 4.955471e-23 4.939248e-23 9.894720e-23 
5.680000e-01 4.997283e-23 4.919826e-23 9.917108e-23 
5.700000e-01 5.032973e-23 4.900490e-23 9.933463e-23 
5.720000e-01 5.063061e-23 4.881008e-23 9.944069e-23 
5.740000e-01 5.089250e-23 4.861290e-23 9.950540e-23 
5.760000e-01 5.112242e-23 4.842014e-23 9.954256e-23 
5.780000e-01 5.130971e-23 4.823214e-23 9.954185e-23 
5.800000e-01 5.146080e-23 4.803733e-23 9.949813e-23 
5.820000e-01 5.158954e-23 4.785552e-23 9.944506e-23 
5.840000e-01 5.169840e-23 4.767105e-23 9.936945e-23 
5.860000e-01 5.178465e-23 4.748951e-23 9.927416e-23 
5.880000e-01 5.183634e-23 4.730304e-23 9.913937e-23 
5.900000e-01 5.187625e-23 4.711583e-23 9.899208e-23 
5.920000e-01 5.190102e-23 4.692868e-23 9.882970e-23 
5.940000e-01 5.190899e-23 4.673859e-23 9.864758e-23 
5.960000e-01 5.189598e-23 4.655602e-23 9.845200e-23 
5.980000e-01 5.186971e-23 4.637362e-23 9.824333e-23 
6.000000e-01 5.183315e-23 4.618508e-23 9.801823e-23 
6.020000e-01 5.178742e-23 4.598703e-23 9.777445e-23 
6.040000e-01 5.172284e-23 4.578105e-23 9.750389e-23 
6.060000e-01 5.164755e-23 4.557767e-23 9.722523e-23 
6.080000e-01 5.156581e-23 4.538937e-23 9.695518e-23 
6.100000e-01 5.147360e-23 4.522581e-23 9.669941e-23 
6.120000e-01 5.137334e-23 4.505981e-23 9.643315e-23 
6.140000e-01 5.125501e-23 4.489142e-23 9.614643e-23 
6.160000e-01 5.113665e-23 4.470429e-23 9.584094e-23 
6.180000e-01 5.031660e-23 4.451706e-23 9.483366e-23 
6.200000e-01 5.086954e-23 4.432576e-23 9.519530e-23 
6.220000e-01 5.072143e-23 4.413895e-23 9.486038e-23 
6.240000e-01 5.056545e-23 4.396422e-23 9.452967e-23 
6.260000e-01 5.041000e-23 4.378772e-23 9.419772e-23 
6.280000e-01 5.024010e-23 4.361103e-23 9.385113e-23 
6.300000e-01 5.006276e-23 4.342869e-23 9.349145e-23 
6.320000e-01 4.987995e-23 4.323774e-23 9.311769e-23 
6.340000e-01 4.969398e-23 4.304558e-23 9.273956e-23 
6.360000e-01 4.949726e-23 4.285422e-23 9.235148e-23 
6.380000e-01 4.929121e-23 4.267741e-23 9.196862e-23 
6.400000e-01 4.907664e-23 4.249519e-23 9.157183e-23 
6.420000e-01 4.885337e-23 4.231558e-23 9.116896e-23 
6.440000e-01 4.862690e-23 4.214593e-23 9.077283e-23 
6.460000e-01 4.839044e-23 4.199334e-23 9.038378e-23 
6.480000e-01 4.814301e-23 4.183809e-23 8.998111e-23 
6.500000e-01 4.788183e-23 4.168419e-23 8.956602e-23 
6.520000e-01 4.761513e-23 4.150805e-23 8.912318e-23 
6.540000e-01 4.734012e-23 4.131903e-23 8.865915e-23 
6.560000e-01 4.704942e-23 4.112709e-23 8.817652e-23 
6.580000e-01 4.675005e-23 4.093713e-23 8.768719e-23 
6.600000e-01 4.643835e-23 4.076879e-23 8.720714e-23 
6.620000e-01 4.611376e-23 4.060006e-23 8.671382e-23 
6.640000e-01 4.577706e-23 4.043302e-23 8.621008e-23 
6.660000e-01 4.542474e-23 4.026270e-23 8.568744e-23 
6.680000e-01 4.505420e-23 4.008989e-23 8.514409e-23 
6.700000e-01 4.467363e-23 3.991441e-23 8.458804e-23 
6.720000e-01 4.428324e-23 3.973732e-23 8.402056e-23 
6.740000e-01 4.387120e-23 3.956616e-23 8.343737e-23 
6.760000e-01 4.343285e-23 3.940078e-23 8.283362e-23 
6.780000e-01 4.298089e-23 3.923598e-23 8.221687e-23 
6.800000e-01 4.250767e-23 3.907136e-23 8.157903e-23 
6.820000e-01 4.200050e-23 3.890910e-23 8.090961e-23 
6.840000e-01 4.146496e-23 3.874995e-23 8.021492e-23 
6.860000e-01 4.089772e-23 3.858875e-23 7.948647e-23 
6.880000e-01 4.027756e-23 3.842898e-23 7.870654e-23 
6.900000e-01 3.961714e-23 3.826599e-23 7.788314e-23 
6.920000e-01 3.888343e-23 3.810829e-23 7.699172e-23 
6.940000e-01 3.804624e-23 3.794801e-23 7.599425e-23 
6.960000e-01 3.712875e-23 3.779034e-23 7.491909e-23 
6.980000e-01 3.600453e-23 3.762661e-23 7.363114e-23 
7.000000e-01 3.443244e-23 3.746401e-23 7.189645e-23 
7.020000e-01 3.258078e-23 3.730144e-23 6.988223e-23 
7.040000e-01 3.036598e-23 3.714019e-23 6.750617e-23 
7.060000e-01 2.891876e-23 3.697764e-23 6.589640e-23 
7.080000e-01 2.818812e-23 3.682154e-23 6.500966e-23 
7.100000e-01 2.917951e-23 3.666111e-23 6.584063e-23 
7.120000e-01 3.073616e-23 3.650136e-23 6.723753e-23 
7.140000e-01 3.289857e-23 3.634492e-23 6.924349e-23 
7.160000e-01 3.461080e-23 3.619261e-23 7.080341e-23 
7.180000e-01 3.605403e-23 3.603825e-23 7.209228e-23 
7.200000e-01 3.693670e-23 3.588534e-23 7.282204e-23 
7.220000e-01 3.762337e-23 3.573098e-23 7.335434e-23 
7.240000e-01 3.822105e-23 3.558693e-23 7.380798e-23 
7.260000e-01 3.869534e-23 3.544048e-23 7.413581e-23 
7.280000e-01 3.912022e-23 3.529638e-23 7.441660e-23 
7.300000e-01 3.950333e-23 3.514647e-23 7.464980e-23 
7.320000e-01 3.980842e-23 3.499521e-23 7.480363e-23 
7.340000e-01 4.009733e-23 3.483868e-23 7.493601e-23 
7.360000e-01 4.034797e-23 3.468400e-23 7.503197e-23 
7.380000e-01 4.057203e-23 3.452861e-23 7.510064e-23 
7.400000e-01 4.078230e-23 3.437649e-23 7.515879e-23 
7.420000e-01 4.095584e-23 3.422602e-23 7.518186e-23 
7.440000e-01 4.111730e-23 3.407864e-23 7.519594e-23 
7.460000e-01 4.126043e-23 3.392694e-23 7.518737e-23 
7.480000e-01 4.139143e-23 3.378560e-23 7.517703e-23 
7.500000e-01 4.150796e-23 3.364146e-23 7.514942e-23 
7.520000e-01 4.160991e-23 3.350404e-23 7.511395e-23 
7.540000e-01 4.169895e-23 3.335914e-23 7.505810e-23 
7.560000e-01 4.177282e-23 3.321949e-23 7.499231e-23 
7.580000e-01 4.184238e-23 3.308403e-23 7.492641e-23 
7.600000e-01 4.190779e-23 3.294878e-23 7.485657e-23 
7.620000e-01 4.195656e-23 3.281406e-23 7.477061e-23 
7.640000e-01 4.199956e-23 3.267967e-23 7.467923e-23 
7.660000e-01 4.203343e-23 3.254605e-23 7.457948e-23 
7.680000e-01 4.206120e-23 3.241951e-23 7.448071e-23 
7.700000e-01 4.208428e-23 3.228787e-23 7.437215e-23 
7.720000e-01 4.209868e-23 3.215876e-23 7.425745e-23 
7.740000e-01 4.210469e-23 3.202440e-23 7.412909e-23 
7.760000e-01 4.210754e-23 3.188310e-23 7.399064e-23 
7.780000e-01 4.209907e-23 3.174593e-23 7.384500e-23 
7.800000e-01 4.208558e-23 3.160707e-23 7.369265e-23 
7.820000e-01 4.206846e-23 3.146197e-23 7.353044e-23 
7.840000e-01 4.204718e-23 3.133103e-23 7.337821e-23 
7.860000e-01 4.201113e-23 3.120078e-23 7.321191e-23 
7.880000e-01 4.197461e-23 3.106834e-23 7.304296e-23 
7.900000e-01 4.193171e-23 3.093803e-23 7.286974e-23 
7.920000e-01 4.188039e-23 3.080733e-23 7.268772e-23 
7.940000e-01 4.182438e-23 3.068230e-23 7.250669e-23 
7.960000e-01 4.173893e-23 3.056024e-23 7.229917e-23 
7.980000e-01 4.165681e-23 3.043311e-23 7.208992e-23 
8.000000e-01 4.157118e-23 3.030710e-23 7.187828e-23 
8.020000e-01 4.150121e-23 3.018660e-23 7.168781e-23 
8.040000e-01 4.143656e-23 3.006809e-23 7.150465e-23 
8.060000e-01 4.137749e-23 2.994218e-23 7.131967e-23 
8.080000e-01 4.131604e-23 2.982166e-23 7.113770e-23 
8.100000e-01 4.125234e-23 2.969869e-23 7.095103e-23 
8.120000e-01 4.119440e-23 2.957218e-23 7.076658e-23 
8.140000e-01 4.114434e-23 2.943751e-23 7.058185e-23 
8.160000e-01 4.109202e-23 2.930886e-23 7.040089e-23 
8.180000e-01 4.103878e-23 2.917516e-23 7.021394e-23 
8.200000e-01 4.098689e-23 2.905703e-23 7.004392e-23 
8.220000e-01 4.093638e-23 2.894783e-23 6.988421e-23 
8.240000e-01 4.088554e-23 2.883598e-23 6.972152e-23 
8.260000e-01 4.083813e-23 2.872840e-23 6.956653e-23 
8.280000e-01 4.078849e-23 2.861661e-23 6.940510e-23 
8.300000e-01 4.073876e-23 2.850215e-23 6.924091e-23 
8.320000e-01 4.069220e-23 2.838406e-23 6.907627e-23 
8.340000e-01 4.064620e-23 2.826747e-23 6.891367e-23 
8.360000e-01 4.060322e-23 2.814711e-23 6.875032e-23 
8.380000e-01 4.055808e-23 2.802820e-23 6.858627e-23 
8.400000e-01 4.052103e-23 2.791449e-23 6.843553e-23 
8.420000e-01 4.048344e-23 2.780432e-23 6.828776e-23 
8.440000e-01 4.044702e-23 2.769235e-23 6.813937e-23 
8.460000e-01 4.041007e-23 2.757951e-23 6.798958e-23 
8.480000e-01 4.037610e-23 2.746453e-23 6.784063e-23 
8.500000e-01 4.034611e-23 2.736085e-23 6.770696e-23 
8.520000e-01 4.031570e-23 2.725135e-23 6.756705e-23 
8.540000e-01 4.029029e-23 2.714738e-23 6.743767e-23 
8.560000e-01 4.026340e-23 2.704037e-23 6.730377e-23 
8.580000e-01 4.023487e-23 2.693183e-23 6.716670e-23 
8.600000e-01 4.020862e-23 2.681528e-23 6.702389e-23 
8.620000e-01 4.017607e-23 2.670247e-23 6.687855e-23 
8.640000e-01 4.014719e-23 2.658732e-23 6.673451e-23 
8.660000e-01 4.011291e-23 2.647294e-23 6.658585e-23 
8.680000e-01 4.008263e-23 2.636199e-23 6.644463e-23 
8.700000e-01 4.004532e-23 2.624769e-23 6.629301e-23 
8.720000e-01 4.000518e-23 2.613692e-23 6.614210e-23 
8.740000e-01 3.996000e-23 2.603066e-23 6.599066e-23 
8.760000e-01 3.990820e-23 2.592011e-23 6.582831e-23 
8.780000e-01 3.985411e-23 2.581105e-23 6.566516e-23 
8.800000e-01 3.979814e-23 2.571892e-23 6.551707e-23 
8.820000e-01 3.973701e-23 2.562950e-23 6.536651e-23 
8.840000e-01 3.968487e-23 2.553650e-23 6.522137e-23 
8.860000e-01 3.962662e-23 2.544052e-23 6.506714e-23 
8.880000e-01 3.956283e-23 2.535065e-23 6.491348e-23 
8.900000e-01 3.949793e-23 2.525028e-23 6.474821e-23 
8.920000e-01 3.942997e-23 2.515138e-23 6.458135e-23 
8.940000e-01 3.936408e-23 2.505494e-23 6.441902e-23 
8.960000e-01 3.929923e-23 2.495517e-23 6.425440e-23 
8.980000e-01 3.923660e-23 2.485553e-23 6.409213e-23 
9.000000e-01 3.916716e-23 2.474991e-23 6.391707e-23 
9.020000e-01 3.909641e-23 2.464419e-23 6.374061e-23 
9.040000e-01 3.902365e-23 2.453812e-23 6.356178e-23 
9.060000e-01 3.895120e-23 2.443214e-23 6.338334e-23 
9.080000e-01 3.888360e-23 2.432409e-23 6.320769e-23 
9.100000e-01 3.880928e-23 2.423180e-23 6.304108e-23 
9.120000e-01 3.873938e-23 2.414270e-23 6.288208e-23 
9.140000e-01 3.866387e-23 2.405077e-23 6.271464e-23 
9.160000e-01 3.858739e-23 2.396097e-23 6.254835e-23 
9.180000e-01 3.851182e-23 2.387466e-23 6.238648e-23 
9.200000e-01 3.843378e-23 2.377953e-23 6.221332e-23 
9.220000e-01 3.835716e-23 2.367915e-23 6.203631e-23 
9.240000e-01 3.828197e-23 2.358062e-23 6.186259e-23 
9.260000e-01 3.820534e-23 2.348397e-23 6.168931e-23 
9.280000e-01 3.812683e-23 2.338733e-23 6.151416e-23 
9.300000e-01 3.804637e-23 2.329165e-23 6.133802e-23 
9.320000e-01 3.796587e-23 2.320878e-23 6.117464e-23 
9.340000e-01 3.788405e-23 2.313026e-23 6.101431e-23 
9.360000e-01 3.780341e-23 2.305139e-23 6.085480e-23 
9.380000e-01 3.772554e-23 2.296622e-23 6.069176e-23 
9.400000e-01 3.764107e-23 2.288701e-23 6.052808e-23 
9.420000e-01 3.756229e-23 2.279972e-23 6.036201e-23 
9.440000e-01 3.747804e-23 2.271451e-23 6.019255e-23 
9.460000e-01 3.739629e-23 2.262583e-23 6.002212e-23 
9.480000e-01 3.731420e-23 2.254001e-23 5.985421e-23 
9.500000e-01 3.723047e-23 2.245069e-23 5.968116e-23 
9.520000e-01 3.714587e-23 2.236258e-23 5.950845e-23 
9.540000e-01 3.706134e-23 2.228115e-23 5.934249e-23 
9.560000e-01 3.698082e-23 2.220026e-23 5.918108e-23 
9.580000e-01 3.689340e-23 2.211316e-23 5.900656e-23 
9.600000e-01 3.680949e-23 2.202928e-23 5.883877e-23 
9.620000e-01 3.672589e-23 2.194661e-23 5.867250e-23 
9.640000e-01 3.663775e-23 2.185805e-23 5.849580e-23 
9.660000e-01 3.655332e-23 2.176417e-23 5.831749e-23 
9.680000e-01 3.646759e-23 2.167436e-23 5.814196e-23 
9.700000e-01 3.638061e-23 2.157976e-23 5.796037e-23 
9.720000e-01 3.629828e-23 2.148806e-23 5.778634e-23 
9.740000e-01 3.620837e-23 2.140230e-23 5.761067e-23 
9.760000e-01 3.612377e-23 2.132763e-23 5.745140e-23 
9.780000e-01 3.603854e-23 2.124803e-23 5.728657e-23 
9.800000e-01 3.595498e-23 2.117389e-23 5.712887e-23 
9.820000e-01 3.586670e-23 2.109793e-23 5.696463e-23 
9.840000e-01 3.577290e-23 2.102260e-23 5.679550e-23 
9.860000e-01 3.568965e-23 2.094088e-23 5.663053e-23 
9.880000e-01 3.560548e-23 2.085448e-23 5.645996e-23 
9.900000e-01 3.551309e-23 2.077058e-23 5.628367e-23 
9.920000e-01 3.542904e-23 2.068248e-23 5.611152e-23 
9.940000e-01 3.534174e-23 2.059860e-23 5.594034e-23 
9.960000e-01 3.525528e-23 2.051841e-23 5.577369e-23 
9.980000e-01 3.517022e-23 2.047156e-23 5.564178e-23 
1.000000e+00 3.508458e-23 2.042506e-23 5.550965e-23 
1.002000e+00 3.499792e-23 2.035434e-23 5.535226e-23 
1.004000e+00 3.491374e-23 2.028750e-23 5.520124e-23 
1.006000e+00 3.482726e-23 2.021924e-23 5.504650e-23 
1.008000e+00 3.473895e-23 2.014955e-23 5.488849e-23 
1.010000e+00 3.465145e-23 2.008415e-23 5.473559e-23 
1.012000e+00 3.456074e-23 2.001377e-23 5.457451e-23 
1.014000e+00 3.447814e-23 1.994190e-23 5.442004e-23 
1.016000e+00 3.438867e-23 1.987486e-23 5.426354e-23 
1.018000e+00 3.430305e-23 1.980258e-23 5.410563e-23 
1.020000e+00 3.421629e-23 1.973651e-23 5.395280e-23 
1.022000e+00 3.413029e-23 1.966216e-23 5.379245e-23 
1.024000e+00 3.404072e-23 1.959434e-23 5.363506e-23 
1.026000e+00 3.395244e-23 1.952859e-23 5.348103e-23 
1.028000e+00 3.386762e-23 1.946883e-23 5.333645e-23 
1.030000e+00 3.377661e-23 1.940309e-23 5.317970e-23 
1.032000e+00 3.369338e-23 1.933520e-23 5.302859e-23 
1.034000e+00 3.334473e-23 1.926898e-23 5.261370e-23 
1.036000e+00 3.352434e-23 1.920632e-23 5.273066e-23 
1.038000e+00 3.343793e-23 1.913778e-23 5.257571e-23 
1.040000e+00 3.334684e-23 1.907384e-23 5.242068e-23 
1.042000e+00 3.326538e-23 1.900536e-23 5.227075e-23 
1.044000e+00 3.317539e-23 1.894116e-23 5.211656e-23 
1.046000e+00 3.309057e-23 1.888241e-23 5.197298e-23 
1.048000e+00 3.300354e-23 1.881634e-23 5.181988e-23 
1.050000e+00 3.292018e-23 1.875520e-23 5.167537e-23 
1.052000e+00 3.283021e-23 1.869348e-23 5.152369e-23 
1.054000e+00 3.274543e-23 1.862973e-23 5.137516e-23 
1.056000e+00 3.266174e-23 1.857306e-23 5.123480e-23 
1.058000e+00 3.257370e-23 1.851035e-23 5.108405e-23 
1.060000e+00 3.248754e-23 1.844673e-23 5.093427e-23 
1.062000e+00 3.239536e-23 1.838896e-23 5.078432e-23 
1.064000e+00 3.230991e-23 1.832339e-23 5.063330e-23 
1.066000e+00 3.222469e-23 1.826400e-23 5.048869e-23 
1.068000e+00 3.213697e-23 1.819870e-23 5.033567e-23 
1.070000e+00 3.204992e-23 1.813868e-23 5.018860e-23 
1.072000e+00 3.196764e-23 1.807789e-23 5.004553e-23 
1.074000e+00 3.187804e-23 1.802168e-23 4.989972e-23 
1.076000e+00 3.179267e-23 1.796301e-23 4.975568e-23 
1.078000e+00 3.170935e-23 1.790674e-23 4.961608e-23 
1.080000e+00 3.162300e-23 1.784773e-23 4.947073e-23 
1.082000e+00 3.153850e-23 1.778943e-23 4.932793e-23 
1.084000e+00 3.144345e-23 1.773123e-23 4.917467e-23 
1.086000e+00 3.136419e-23 1.767092e-23 4.903512e-23 
1.088000e+00 3.099576e-23 1.761754e-23 4.861330e-23 
1.090000e+00 3.119233e-23 1.755630e-23 4.874863e-23 
1.092000e+00 3.111040e-23 1.749552e-23 4.860592e-23 
1.094000e+00 3.102043e-23 1.743781e-23 4.845824e-23 
1.096000e+00 3.092976e-23 1.737830e-23 4.830805e-23 
1.098000e+00 3.084361e-23 1.732083e-23 4.816445e-23 
1.100000e+00 3.075794e-23 1.726975e-23 4.802770e-23 
1.102000e+00 3.067636e-23 1.721710e-23 4.789346e-23 
1.104000e+00 3.059064e-23 1.715914e-23 4.774978e-23 
1.106000e+00 3.050568e-23 1.710546e-23 4.761115e-23 
1.108000e+00 3.041797e-23 1.704662e-23 4.746459e-23 
1.110000e+00 3.033774e-23 1.699373e-23 4.733147e-23 
1.112000e+00 3.025349e-23 1.693432e-23 4.718781e-23 
1.114000e+00 3.016804e-23 1.687951e-23 4.704755e-23 
1.116000e+00 3.008250e-23 1.682350e-23 4.690600e-23 
1.118000e+00 2.999532e-23 1.676888e-23 4.676420e-23 
1.120000e+00 2.991176e-23 1.671178e-23 4.662355e-23 
1.122000e+00 2.982806e-23 1.665738e-23 4.648545e-23 
1.124000e+00 2.974147e-23 1.661262e-23 4.635410e-23 
1.126000e+00 2.965987e-23 1.655667e-23 4.621653e-23 
1.128000e+00 2.957249e-23 1.650576e-23 4.607825e-23 
1.130000e+00 2.948831e-23 1.645694e-23 4.594525e-23 
1.132000e+00 2.940349e-23 1.640369e-23 4.580718e-23 
1.134000e+00 2.931879e-23 1.635466e-23 4.567345e-23 
1.136000e+00 2.924090e-23 1.630099e-23 4.554189e-23 
1.138000e+00 2.915882e-23 1.625076e-23 4.540958e-23 
1.140000e+00 2.907618e-23 1.620141e-23 4.527759e-23 
1.142000e+00 2.899017e-23 1.614613e-23 4.513630e-23 
1.144000e+00 2.890763e-23 1.609637e-23 4.500400e-23 
1.146000e+00 2.881931e-23 1.604607e-23 4.486538e-23 
1.148000e+00 2.873691e-23 1.599353e-23 4.473045e-23 
1.150000e+00 2.865244e-23 1.594295e-23 4.459539e-23 
1.152000e+00 2.857560e-23 1.589694e-23 4.447254e-23 
1.154000e+00 2.849193e-23 1.585001e-23 4.434194e-23 
1.156000e+00 2.841487e-23 1.580222e-23 4.421709e-23 
1.158000e+00 2.832815e-23 1.574710e-23 4.407525e-23 
1.160000e+00 2.824677e-23 1.569975e-23 4.394653e-23 
1.162000e+00 2.816346e-23 1.565188e-23 4.381534e-23 
1.164000e+00 2.808138e-23 1.560276e-23 4.368414e-23 
1.166000e+00 2.799291e-23 1.555501e-23 4.354792e-23 
1.168000e+00 2.791005e-23 1.550458e-23 4.341463e-23 
1.170000e+00 2.782886e-23 1.545406e-23 4.328292e-23 
1.172000e+00 2.774344e-23 1.540569e-23 4.314912e-23 
1.174000e+00 2.766884e-23 1.535546e-23 4.302430e-23 
1.176000e+00 2.758441e-23 1.530890e-23 4.289332e-23 
1.178000e+00 2.749847e-23 1.526325e-23 4.276172e-23 
1.180000e+00 2.742020e-23 1.521718e-23 4.263738e-23 
1.182000e+00 2.733552e-23 1.517571e-23 4.251124e-23 
1.184000e+00 2.724651e-23 1.512965e-23 4.237616e-23 
1.186000e+00 2.716819e-23 1.508129e-23 4.224949e-23 
1.188000e+00 2.708694e-23 1.503388e-23 4.212082e-23 
1.190000e+00 2.700753e-23 1.498990e-23 4.199743e-23 
1.192000e+00 2.692497e-23 1.494284e-23 4.186782e-23 
1.194000e+00 2.684304e-23 1.489931e-23 4.174235e-23 
1.196000e+00 2.675901e-23 1.485244e-23 4.161145e-23 
1.198000e+00 2.668461e-23 1.480658e-23 4.149118e-23 
1.200000e+00 2.660183e-23 1.475852e-23 4.136035e-23 
1.202000e+00 2.651942e-23 1.471424e-23 4.123366e-23 
1.204000e+00 2.643235e-23 1.466865e-23 4.110099e-23 
1.206000e+00 2.635547e-23 1.463221e-23 4.098768e-23 
1.208000e+00 2.627326e-23 1.458514e-23 4.085840e-23 
1.210000e+00 2.618658e-23 1.454695e-23 4.073353e-23 
1.212000e+00 2.610515e-23 1.450048e-23 4.060563e-23 
1.214000e+00 2.602470e-23 1.445878e-23 4.048348e-23 
1.216000e+00 2.594544e-23 1.441793e-23 4.036337e-23 
1.218000e+00 2.586447e-23 1.437067e-23 4.023514e-23 
1.220000e+00 2.577530e-23 1.432924e-23 4.010454e-23 
1.222000e+00 2.569048e-23 1.428533e-23 3.997581e-23 
1.224000e+00 2.560796e-23 1.424641e-23 3.985437e-23 
1.226000e+00 2.552339e-23 1.420305e-23 3.972644e-23 
1.228000e+00 2.544179e-23 1.415908e-23 3.960087e-23 
1.230000e+00 2.536099e-23 1.411209e-23 3.947309e-23 
1.232000e+00 2.527903e-23 1.407544e-23 3.935447e-23 
1.234000e+00 2.519164e-23 1.403452e-23 3.922616e-23 
1.236000e+00 2.510585e-23 1.399562e-23 3.910147e-23 
1.238000e+00 2.437020e-23 1.395204e-23 3.832225e-23 
1.240000e+00 2.493401e-23 1.391259e-23 3.884660e-23 
1.242000e+00 2.485115e-23 1.387382e-23 3.872497e-23 
1.244000e+00 2.476422e-23 1.383441e-23 3.859863e-23 
1.246000e+00 2.466841e-23 1.379361e-23 3.846202e-23 
1.248000e+00 2.457796e-23 1.375433e-23 3.833230e-23 
1.250000e+00 2.449185e-23 1.371358e-23 3.820542e-23 
1.252000e+00 2.440611e-23 1.367333e-23 3.807945e-23 
1.254000e+00 2.431662e-23 1.363062e-23 3.794724e-23 
1.256000e+00 2.421769e-23 1.359078e-23 3.780847e-23 
1.258000e+00 2.412883e-23 1.355024e-23 3.767907e-23 
1.260000e+00 2.403712e-23 1.350811e-23 3.754523e-23 
1.262000e+00 2.393902e-23 1.347070e-23 3.740972e-23 
1.264000e+00 2.384319e-23 1.343301e-23 3.727620e-23 
1.266000e+00 2.374758e-23 1.339621e-23 3.714378e-23 
1.268000e+00 2.363897e-23 1.336014e-23 3.699911e-23 
1.270000e+00 2.335924e-23 1.332263e-23 3.668187e-23 
1.272000e+00 2.342786e-23 1.328312e-23 3.671098e-23 
1.274000e+00 2.331889e-23 1.324487e-23 3.656376e-23 
1.276000e+00 2.320994e-23 1.320608e-23 3.641602e-23 
1.278000e+00 2.308962e-23 1.316433e-23 3.625395e-23 
1.280000e+00 2.296605e-23 1.312692e-23 3.609297e-23 
1.282000e+00 2.284568e-23 1.308696e-23 3.593264e-23 
1.284000e+00 2.270071e-23 1.304897e-23 3.574969e-23 
1.286000e+00 2.255385e-23 1.300790e-23 3.556175e-23 
1.288000e+00 2.238272e-23 1.296861e-23 3.535133e-23 
1.290000e+00 2.215369e-23 1.293632e-23 3.509001e-23 
1.292000e+00 2.192858e-23 1.290118e-23 3.482976e-23 
1.294000e+00 2.170001e-23 1.285819e-23 3.455819e-23 
1.296000e+00 2.146583e-23 1.282294e-23 3.428877e-23 
1.298000e+00 2.124138e-23 1.278896e-23 3.403034e-23 
1.300000e+00 2.110427e-23 1.275178e-23 3.385605e-23 
1.302000e+00 2.101819e-23 1.271696e-23 3.373515e-23 
1.304000e+00 2.092716e-23 1.268095e-23 3.360811e-23 
1.306000e+00 2.095422e-23 1.264443e-23 3.359865e-23 
1.308000e+00 2.100168e-23 1.260873e-23 3.361041e-23 
1.310000e+00 2.105658e-23 1.257020e-23 3.362679e-23 
1.312000e+00 2.117295e-23 1.253550e-23 3.370845e-23 
1.314000e+00 2.128645e-23 1.250199e-23 3.378844e-23 
1.316000e+00 2.140484e-23 1.246643e-23 3.387127e-23 
1.318000e+00 2.146326e-23 1.243020e-23 3.389346e-23 
1.320000e+00 2.152693e-23 1.239567e-23 3.392260e-23 
1.322000e+00 2.158207e-23 1.236413e-23 3.394620e-23 
1.324000e+00 2.159544e-23 1.232889e-23 3.392433e-23 
1.326000e+00 2.162015e-23 1.229742e-23 3.391757e-23 
1.328000e+00 2.163455e-23 1.226384e-23 3.389839e-23 
1.330000e+00 2.163585e-23 1.223103e-23 3.386688e-23 
1.332000e+00 2.163712e-23 1.219543e-23 3.383255e-23 
1.334000e+00 2.164016e-23 1.216244e-23 3.380260e-23 
1.336000e+00 2.162684e-23 1.212962e-23 3.375645e-23 
1.338000e+00 2.161791e-23 1.209459e-23 3.371250e-23 
1.340000e+00 2.160487e-23 1.206521e-23 3.367008e-23 
1.342000e+00 2.158643e-23 1.202967e-23 3.361609e-23 
1.344000e+00 2.157441e-23 1.199400e-23 3.356841e-23 
1.346000e+00 2.155428e-23 1.195961e-23 3.351389e-23 
1.348000e+00 2.152895e-23 1.192945e-23 3.345840e-23 
1.350000e+00 2.150926e-23 1.189391e-23 3.340317e-23 
1.352000e+00 2.148903e-23 1.186577e-23 3.335480e-23 
1.354000e+00 2.146112e-23 1.183423e-23 3.329535e-23 
1.356000e+00 2.143622e-23 1.180371e-23 3.323992e-23 
1.358000e+00 2.141657e-23 1.177203e-23 3.318860e-23 
1.360000e+00 2.138280e-23 1.173576e-23 3.311855e-23 
1.362000e+00 2.135880e-23 1.170507e-23 3.306387e-23 
1.364000e+00 2.133166e-23 1.167250e-23 3.300416e-23 
1.366000e+00 2.130305e-23 1.164121e-23 3.294426e-23 
1.368000e+00 2.126679e-23 1.161108e-23 3.287787e-23 
1.370000e+00 2.123886e-23 1.157831e-23 3.281717e-23 
1.372000e+00 2.120106e-23 1.154594e-23 3.274699e-23 
1.374000e+00 2.117090e-23 1.151353e-23 3.268443e-23 
1.376000e+00 2.113688e-23 1.148201e-23 3.261889e-23 
1.378000e+00 2.110514e-23 1.144982e-23 3.255496e-23 
1.380000e+00 2.107327e-23 1.141431e-23 3.248758e-23 
1.382000e+00 2.104690e-23 1.138839e-23 3.243529e-23 
1.384000e+00 2.100693e-23 1.135923e-23 3.236616e-23 
1.386000e+00 2.096853e-23 1.132882e-23 3.229735e-23 
1.388000e+00 2.093096e-23 1.129771e-23 3.222867e-23 
1.390000e+00 2.090004e-23 1.126980e-23 3.216984e-23 
1.392000e+00 2.085890e-23 1.124220e-23 3.210109e-23 
1.394000e+00 2.082941e-23 1.120672e-23 3.203613e-23 
1.396000e+00 2.079103e-23 1.117933e-23 3.197036e-23 
1.398000e+00 2.075766e-23 1.114780e-23 3.190546e-23 
1.400000e+00 2.071632e-23 1.112131e-23 3.183763e-23 
1.402000e+00 2.067815e-23 1.109110e-23 3.176925e-23 
1.404000e+00 2.064345e-23 1.106249e-23 3.170594e-23 
1.406000e+00 2.060375e-23 1.102647e-23 3.163023e-23 
1.408000e+00 2.056584e-23 1.099801e-23 3.156385e-23 
1.410000e+00 2.053475e-23 1.096735e-23 3.150210e-23 
1.412000e+00 2.048945e-23 1.093890e-23 3.142836e-23 
1.414000e+00 2.045901e-23 1.091246e-23 3.137147e-23 
1.416000e+00 2.041808e-23 1.088377e-23 3.130185e-23 
1.418000e+00 2.038128e-23 1.085887e-23 3.124015e-23 
1.420000e+00 2.034187e-23 1.082841e-23 3.117028e-23 
1.422000e+00 2.030549e-23 1.080413e-23 3.110962e-23 
1.424000e+00 2.026743e-23 1.077677e-23 3.104420e-23 
1.426000e+00 2.022553e-23 1.074717e-23 3.097270e-23 
1.428000e+00 2.018219e-23 1.072275e-23 3.090493e-23 
1.430000e+00 2.014068e-23 1.069301e-23 3.083369e-23 
1.432000e+00 2.010070e-23 1.066264e-23 3.076334e-23 
1.434000e+00 2.006554e-23 1.063641e-23 3.070195e-23 
1.436000e+00 2.002956e-23 1.061051e-23 3.064006e-23 
1.438000e+00 1.999182e-23 1.058529e-23 3.057711e-23 
1.440000e+00 1.995548e-23 1.055189e-23 3.050737e-23 
1.442000e+00 1.991719e-23 1.052458e-23 3.044177e-23 
1.444000e+00 1.986977e-23 1.049831e-23 3.036808e-23 
1.446000e+00 1.983271e-23 1.047131e-23 3.030402e-23 
1.448000e+00 1.979553e-23 1.044252e-23 3.023805e-23 
1.450000e+00 1.975549e-23 1.042150e-23 3.017699e-23 
1.452000e+00 1.971009e-23 1.039360e-23 3.010368e-23 
1.454000e+00 1.967143e-23 1.036528e-23 3.003672e-23 
1.456000e+00 1.962915e-23 1.034272e-23 2.997186e-23 
1.458000e+00 1.959056e-23 1.031456e-23 2.990512e-23 
1.460000e+00 1.955045e-23 1.029284e-23 2.984329e-23 
1.462000e+00 1.951014e-23 1.026406e-23 2.977420e-23 
1.464000e+00 1.947185e-23 1.023338e-23 2.970523e-23 
1.466000e+00 1.943106e-23 1.020956e-23 2.964062e-23 
1.468000e+00 1.939433e-23 1.018451e-23 2.957885e-23 
1.470000e+00 1.935465e-23 1.016019e-23 2.951484e-23 
1.472000e+00 1.931342e-23 1.013046e-23 2.944388e-23 
1.474000e+00 1.927915e-23 1.010912e-23 2.938827e-23 
1.476000e+00 1.923648e-23 1.007988e-23 2.931636e-23 
1.478000e+00 1.919631e-23 1.005624e-23 2.925255e-23 
1.480000e+00 1.916101e-23 1.003144e-23 2.919245e-23 
1.482000e+00 1.911978e-23 1.000177e-23 2.912156e-23 
1.484000e+00 1.908146e-23 9.976561e-24 2.905802e-23 
1.486000e+00 1.904094e-23 9.953905e-24 2.899484e-23 
1.488000e+00 1.899782e-23 9.928328e-24 2.892614e-23 
1.490000e+00 1.896247e-23 9.908747e-24 2.887122e-23 
1.492000e+00 1.891565e-23 9.883033e-24 2.879868e-23 
1.494000e+00 1.888139e-23 9.859282e-24 2.874067e-23 
1.496000e+00 1.883834e-23 9.833394e-24 2.867174e-23 
1.498000e+00 1.879952e-23 9.807747e-24 2.860726e-23 
1.500000e+00 1.875846e-23 9.782133e-24 2.854059e-23 
1.502000e+00 1.871325e-23 9.757484e-24 2.847074e-23 
1.504000e+00 1.867678e-23 9.730785e-24 2.840757e-23 
1.506000e+00 1.863824e-23 9.704467e-24 2.834270e-23 
1.508000e+00 1.860102e-23 9.678645e-24 2.827966e-23 
1.510000e+00 1.856297e-23 9.654231e-24 2.821720e-23 
1.512000e+00 1.851772e-23 9.633442e-24 2.815117e-23 
1.514000e+00 1.848036e-23 9.606955e-24 2.808732e-23 
1.516000e+00 1.844113e-23 9.586917e-24 2.802805e-23 
1.518000e+00 1.840062e-23 9.559074e-24 2.795970e-23 
1.520000e+00 1.836046e-23 9.538595e-24 2.789906e-23 
1.522000e+00 1.832420e-23 9.516939e-24 2.784114e-23 
1.524000e+00 1.828283e-23 9.489932e-24 2.777276e-23 
1.526000e+00 1.824135e-23 9.468861e-24 2.771021e-23 
1.528000e+00 1.820186e-23 9.447656e-24 2.764951e-23 
1.530000e+00 1.816018e-23 9.427075e-24 2.758725e-23 
1.532000e+00 1.813017e-23 9.398989e-24 2.752916e-23 
1.534000e+00 1.808597e-23 9.376416e-24 2.746238e-23 
1.536000e+00 1.805501e-23 9.353419e-24 2.740843e-23 
1.538000e+00 1.801218e-23 9.332295e-24 2.734447e-23 
1.540000e+00 1.797214e-23 9.304754e-24 2.727690e-23 
1.542000e+00 1.793152e-23 9.284255e-24 2.721577e-23 
1.544000e+00 1.789455e-23 9.260324e-24 2.715487e-23 
1.546000e+00 1.785242e-23 9.239584e-24 2.709200e-23 
1.548000e+00 1.781853e-23 9.216801e-24 2.703534e-23 
1.550000e+00 1.777712e-23 9.193041e-24 2.697016e-23 
1.552000e+00 1.774187e-23 9.170023e-24 2.691190e-23 
1.554000e+00 1.769837e-23 9.150052e-24 2.684842e-23 
1.556000e+00 1.766547e-23 9.129488e-24 2.679496e-23 
1.558000e+00 1.762914e-23 9.108073e-24 2.673721e-23 
1.560000e+00 1.758532e-23 9.082658e-24 2.666798e-23 
1.562000e+00 1.755048e-23 9.064954e-24 2.661544e-23 
1.564000e+00 1.750612e-23 9.042844e-24 2.654896e-23 
1.566000e+00 1.746942e-23 9.018862e-24 2.648828e-23 
1.568000e+00 1.743154e-23 9.000359e-24 2.643190e-23 
1.570000e+00 1.739512e-23 8.975257e-24 2.637038e-23 
1.572000e+00 1.735998e-23 8.952629e-24 2.631261e-23 
1.574000e+00 1.731940e-23 8.933698e-24 2.625310e-23 
1.576000e+00 1.728408e-23 8.910598e-24 2.619468e-23 
1.578000e+00 1.723938e-23 8.893166e-24 2.613255e-23 
1.580000e+00 1.719858e-23 8.867904e-24 2.606649e-23 
1.582000e+00 1.716439e-23 8.844697e-24 2.600909e-23 
1.584000e+00 1.712443e-23 8.823386e-24 2.594782e-23 
1.586000e+00 1.708687e-23 8.800241e-24 2.588711e-23 
1.588000e+00 1.704763e-23 8.781795e-24 2.582943e-23 
1.590000e+00 1.701149e-23 8.760537e-24 2.577202e-23 
1.592000e+00 1.697855e-23 8.742409e-24 2.572096e-23 
1.594000e+00 1.694026e-23 8.722702e-24 2.566296e-23 
1.596000e+00 1.664550e-23 8.701744e-24 2.534724e-23 
1.598000e+00 1.686816e-23 8.683026e-24 2.555118e-23 
1.600000e+00 1.682721e-23 8.662963e-24 2.549017e-23 
1.602000e+00 1.678975e-23 8.644875e-24 2.543462e-23 
1.604000e+00 1.674990e-23 8.618598e-24 2.536850e-23 
1.606000e+00 1.671739e-23 8.597422e-24 2.531482e-23 
1.608000e+00 1.668486e-23 8.575742e-24 2.526061e-23 
1.610000e+00 1.664260e-23 8.556079e-24 2.519867e-23 
1.612000e+00 1.660334e-23 8.535546e-24 2.513889e-23 
1.614000e+00 1.657077e-23 8.518292e-24 2.508906e-23 
1.616000e+00 1.652773e-23 8.496998e-24 2.502473e-23 
1.618000e+00 1.648558e-23 8.473742e-24 2.495932e-23 
1.620000e+00 1.645145e-23 8.455233e-24 2.490669e-23 
1.622000e+00 1.641851e-23 8.432038e-24 2.485055e-23 
1.624000e+00 1.637769e-23 8.419089e-24 2.479678e-23 
1.626000e+00 1.634418e-23 8.397698e-24 2.474188e-23 
1.628000e+00 1.630867e-23 8.380625e-24 2.468930e-23 
1.630000e+00 1.627371e-23 8.361364e-24 2.463507e-23 
1.632000e+00 1.624135e-23 8.345338e-24 2.458669e-23 
1.634000e+00 1.620237e-23 8.325354e-24 2.452772e-23 
1.636000e+00 1.616185e-23 8.307592e-24 2.446944e-23 
1.638000e+00 1.612760e-23 8.286930e-24 2.441453e-23 
1.640000e+00 1.609111e-23 8.270464e-24 2.436157e-23 
1.642000e+00 1.605433e-23 8.250653e-24 2.430499e-23 
1.644000e+00 1.601887e-23 8.233147e-24 2.425202e-23 
1.646000e+00 1.598315e-23 8.210603e-24 2.419375e-23 
1.648000e+00 1.594642e-23 8.194430e-24 2.414085e-23 
1.650000e+00 1.590665e-23 8.172711e-24 2.407936e-23 
1.652000e+00 1.586648e-23 8.155019e-24 2.402150e-23 
1.654000e+00 1.583278e-23 8.138591e-24 2.397137e-23 
1.656000e+00 1.579481e-23 8.116824e-24 2.391163e-23 
1.658000e+00 1.575783e-23 8.100660e-24 2.385849e-23 
1.660000e+00 1.572889e-23 8.084144e-24 2.381304e-23 
1.662000e+00 1.569332e-23 8.060731e-24 2.375405e-23 
1.664000e+00 1.565172e-23 8.043226e-24 2.369495e-23 
1.666000e+00 1.561478e-23 8.024342e-24 2.363913e-23 
1.668000e+00 1.557688e-23 8.006816e-24 2.358370e-23 
1.670000e+00 1.554783e-23 7.991049e-24 2.353888e-23 
1.672000e+00 1.551147e-23 7.973581e-24 2.348505e-23 
1.674000e+00 1.547086e-23 7.956400e-24 2.342726e-23 
1.676000e+00 1.543978e-23 7.937972e-24 2.337775e-23 
1.678000e+00 1.540302e-23 7.921751e-24 2.332477e-23 
1.680000e+00 1.536365e-23 7.901789e-24 2.326544e-23 
1.682000e+00 1.533319e-23 7.884972e-24 2.321816e-23 
1.684000e+00 1.529399e-23 7.867560e-24 2.316155e-23 
1.686000e+00 1.526325e-23 7.851483e-24 2.311474e-23 
1.688000e+00 1.522106e-23 7.831333e-24 2.305239e-23 
1.690000e+00 1.519021e-23 7.814492e-24 2.300470e-23 
1.692000e+00 1.515251e-23 7.794842e-24 2.294735e-23 
1.694000e+00 1.512175e-23 7.776239e-24 2.289799e-23 
1.696000e+00 1.509046e-23 7.758418e-24 2.284888e-23 
1.698000e+00 1.504800e-23 7.739663e-24 2.278766e-23 
1.700000e+00 1.501808e-23 7.722032e-24 2.274012e-23 
1.702000e+00 1.497621e-23 7.704401e-24 2.268061e-23 
1.704000e+00 1.494358e-23 7.691426e-24 2.263500e-23 
1.706000e+00 1.491037e-23 7.674316e-24 2.258469e-23 
1.708000e+00 1.486811e-23 7.652581e-24 2.252069e-23 
1.710000e+00 1.484096e-23 7.640937e-24 2.248190e-23 
1.712000e+00 1.480525e-23 7.621253e-24 2.242650e-23 
1.714000e+00 1.476371e-23 7.602339e-24 2.236605e-23 
1.716000e+00 1.473135e-23 7.589885e-24 2.232124e-23 
1.718000e+00 1.469459e-23 7.568004e-24 2.226259e-23 
1.720000e+00 1.466237e-23 7.556120e-24 2.221849e-23 
1.722000e+00 1.462373e-23 7.536660e-24 2.216039e-23 
1.724000e+00 1.458792e-23 7.518101e-24 2.210602e-23 
1.726000e+00 1.455575e-23 7.505653e-24 2.206141e-23 
1.728000e+00 1.452083e-23 7.483477e-24 2.200430e-23 
1.730000e+00 1.448645e-23 7.472035e-24 2.195848e-23 
1.732000e+00 1.445172e-23 7.452109e-24 2.190383e-23 
1.734000e+00 1.441667e-23 7.432822e-24 2.184949e-23 
1.736000e+00 1.437961e-23 7.417078e-24 2.179668e-23 
1.738000e+00 1.434785e-23 7.397992e-24 2.174584e-23 
1.740000e+00 1.431464e-23 7.384783e-24 2.169943e-23 
1.742000e+00 1.427110e-23 7.370637e-24 2.164173e-23 
1.744000e+00 1.423486e-23 7.354897e-24 2.158976e-23 
1.746000e+00 1.419927e-23 7.341356e-24 2.154062e-23 
1.748000e+00 1.416269e-23 7.322004e-24 2.148469e-23 
1.750000e+00 1.412897e-23 7.305327e-24 2.143429e-23 
1.752000e+00 1.409223e-23 7.290325e-24 2.138256e-23 
1.754000e+00 1.405570e-23 7.276370e-24 2.133207e-23 
1.756000e+00 1.402021e-23 7.259644e-24 2.127985e-23 
1.758000e+00 1.398595e-23 7.247087e-24 2.123303e-23 
1.760000e+00 1.394941e-23 7.231240e-24 2.118065e-23 
1.762000e+00 1.391128e-23 7.215666e-24 2.112694e-23 
1.764000e+00 1.387676e-23 7.196870e-24 2.107363e-23 
1.766000e+00 1.384052e-23 7.179722e-24 2.102025e-23 
1.768000e+00 1.380088e-23 7.164615e-24 2.096549e-23 
1.770000e+00 1.376696e-23 7.150475e-24 2.091744e-23 
1.772000e+00 1.372755e-23 7.135613e-24 2.086316e-23 
1.774000e+00 1.369128e-23 7.120525e-24 2.081180e-23 
1.776000e+00 1.364779e-23 7.102997e-24 2.075079e-23 
1.778000e+00 1.361225e-23 7.089321e-24 2.070157e-23 
1.780000e+00 1.357196e-23 7.071878e-24 2.064384e-23 
1.782000e+00 1.353460e-23 7.055669e-24 2.059027e-23 
1.784000e+00 1.349000e-23 7.047079e-24 2.053707e-23 
1.786000e+00 1.345177e-23 7.032850e-24 2.048462e-23 
1.788000e+00 1.340793e-23 7.014436e-24 2.042237e-23 
1.790000e+00 1.337080e-23 6.998471e-24 2.036927e-23 
1.792000e+00 1.333208e-23 6.987248e-24 2.031932e-23 
1.794000e+00 1.328653e-23 6.970702e-24 2.025723e-23 
1.796000e+00 1.324748e-23 6.958139e-24 2.020562e-23 
1.798000e+00 1.321071e-23 6.940660e-24 2.015137e-23 
1.800000e+00 1.316418e-23 6.929767e-24 2.009395e-23 
1.802000e+00 1.311583e-23 6.912125e-24 2.002796e-23 
1.804000e+00 1.307088e-23 6.896277e-24 1.996715e-23 
1.806000e+00 1.302634e-23 6.885586e-24 1.991193e-23 
1.808000e+00 1.297063e-23 6.869811e-24 1.984044e-23 
1.810000e+00 1.292617e-23 6.851099e-24 1.977727e-23 
1.812000e+00 1.286992e-23 6.842135e-24 1.971205e-23 
1.814000e+00 1.282241e-23 6.826218e-24 1.964863e-23 
1.816000e+00 1.275280e-23 6.810758e-24 1.956356e-23 
1.818000e+00 1.269372e-23 6.797164e-24 1.949088e-23 
1.820000e+00 1.263274e-23 6.780893e-24 1.941363e-23 
1.822000e+00 1.256256e-23 6.769743e-24 1.933231e-23 
1.824000e+00 1.247900e-23 6.752859e-24 1.923186e-23 
1.826000e+00 1.238179e-23 6.739529e-24 1.912131e-23 
1.828000e+00 1.229937e-23 6.723384e-24 1.902276e-23 
1.830000e+00 1.221230e-23 6.711236e-24 1.892354e-23 
1.832000e+00 1.213005e-23 6.700166e-24 1.883022e-23 
1.834000e+00 1.205709e-23 6.681602e-24 1.873870e-23 
1.836000e+00 1.197349e-23 6.670677e-24 1.864416e-23 
1.838000e+00 1.190685e-23 6.652799e-24 1.855965e-23 
1.840000e+00 1.187360e-23 6.639729e-24 1.851333e-23 
1.842000e+00 1.185387e-23 6.630993e-24 1.848486e-23 
1.844000e+00 1.183113e-23 6.612382e-24 1.844351e-23 
1.846000e+00 1.180841e-23 6.599773e-24 1.840818e-23 
1.848000e+00 1.183548e-23 6.586620e-24 1.842210e-23 
1.850000e+00 1.186662e-23 6.570335e-24 1.843696e-23 
1.852000e+00 1.190679e-23 6.557264e-24 1.846405e-23 
1.854000e+00 1.193160e-23 6.544825e-24 1.847643e-23 
1.856000e+00 1.197750e-23 6.528436e-24 1.850593e-23 
1.858000e+00 1.201856e-23 6.516613e-24 1.853517e-23 
1.860000e+00 1.206395e-23 6.504658e-24 1.856861e-23 
1.862000e+00 1.210791e-23 6.484860e-24 1.859277e-23 
1.864000e+00 1.212103e-23 6.475563e-24 1.859659e-23 
1.866000e+00 1.213305e-23 6.462136e-24 1.859519e-23 
1.868000e+00 1.214274e-23 6.448551e-24 1.859129e-23 
1.870000e+00 1.215265e-23 6.435475e-24 1.858812e-23 
1.872000e+00 1.215491e-23 6.423738e-24 1.857865e-23 
1.874000e+00 1.215066e-23 6.411073e-24 1.856174e-23 
1.876000e+00 1.215116e-23 6.397687e-24 1.854885e-23 
1.878000e+00 1.215439e-23 6.384549e-24 1.853894e-23 
1.880000e+00 1.215098e-23 6.376827e-24 1.852781e-23 
1.882000e+00 1.215469e-23 6.364053e-24 1.851874e-23 
1.884000e+00 1.215007e-23 6.352405e-24 1.850247e-23 
1.886000e+00 1.214425e-23 6.337977e-24 1.848223e-23 
1.888000e+00 1.213849e-23 6.324115e-24 1.846260e-23 
1.890000e+00 1.212568e-23 6.313466e-24 1.843915e-23 
1.892000e+00 1.212266e-23 6.299284e-24 1.842195e-23 
1.894000e+00 1.211480e-23 6.285549e-24 1.840035e-23 
1.896000e+00 1.210204e-23 6.273520e-24 1.837556e-23 
1.898000e+00 1.209666e-23 6.260396e-24 1.835706e-23 
1.900000e+00 1.208327e-23 6.247479e-24 1.833075e-23 
1.902000e+00 1.207054e-23 6.233198e-24 1.830374e-23 
1.904000e+00 1.205622e-23 6.225477e-24 1.828169e-23 
1.906000e+00 1.204582e-23 6.211352e-24 1.825718e-23 
1.908000e+00 1.203975e-23 6.198607e-24 1.823835e-23 
1.910000e+00 1.202510e-23 6.184675e-24 1.820978e-23 
1.912000e+00 1.201234e-23 6.175481e-24 1.818782e-23 
1.914000e+00 1.199993e-23 6.162765e-24 1.816269e-23 
1.916000e+00 1.199175e-23 6.149468e-24 1.814122e-23 
1.918000e+00 1.197970e-23 6.136346e-24 1.811604e-23 
1.920000e+00 1.196856e-23 6.126737e-24 1.809530e-23 
1.922000e+00 1.195237e-23 6.115298e-24 1.806767e-23 
1.924000e+00 1.193740e-23 6.097248e-24 1.803465e-23 
1.926000e+00 1.192440e-23 6.092444e-24 1.801685e-23 
1.928000e+00 1.191389e-23 6.077188e-24 1.799107e-23 
1.930000e+00 1.189601e-23 6.064113e-24 1.796012e-23 
1.932000e+00 1.188077e-23 6.056101e-24 1.793687e-23 
1.934000e+00 1.186994e-23 6.041545e-24 1.791149e-23 
1.936000e+00 1.185556e-23 6.026467e-24 1.788202e-23 
1.938000e+00 1.183940e-23 6.018409e-24 1.785781e-23 
1.940000e+00 1.182741e-23 6.005837e-24 1.783325e-23 
1.942000e+00 1.181239e-23 5.990861e-24 1.780325e-23 
1.944000e+00 1.179808e-23 5.982693e-24 1.778077e-23 
1.946000e+00 1.178426e-23 5.965943e-24 1.775021e-23 
1.948000e+00 1.176957e-23 5.951365e-24 1.772093e-23 
1.950000e+00 1.175218e-23 5.943416e-24 1.769560e-23 
1.952000e+00 1.173024e-23 5.929605e-24 1.765984e-23 
1.954000e+00 1.171693e-23 5.919930e-24 1.763686e-23 
1.956000e+00 1.170052e-23 5.906676e-24 1.760719e-23 
1.958000e+00 1.169325e-23 5.896655e-24 1.758991e-23 
1.960000e+00 1.167879e-23 5.887288e-24 1.756608e-23 
1.962000e+00 1.166329e-23 5.872347e-24 1.753564e-23 
1.964000e+00 1.164592e-23 5.864159e-24 1.751008e-23 
1.966000e+00 1.163294e-23 5.772371e-24 1.740531e-23 
1.968000e+00 1.161744e-23 5.838945e-24 1.745639e-23 
1.970000e+00 1.159950e-23 5.830834e-24 1.743033e-23 
1.972000e+00 1.157811e-23 5.815293e-24 1.739340e-23 
1.974000e+00 1.156204e-23 5.804925e-24 1.736697e-23 
1.976000e+00 1.154682e-23 5.797656e-24 1.734447e-23 
1.978000e+00 1.153069e-23 5.780477e-24 1.731117e-23 
1.980000e+00 1.151367e-23 5.771904e-24 1.728557e-23 
1.982000e+00 1.150035e-23 5.761877e-24 1.726223e-23 
1.984000e+00 1.148464e-23 5.747548e-24 1.723219e-23 
1.986000e+00 1.146829e-23 5.737003e-24 1.720529e-23 
1.988000e+00 1.145123e-23 5.728156e-24 1.717939e-23 
1.990000e+00 1.143599e-23 5.711223e-24 1.714721e-23 
1.992000e+00 1.141838e-23 5.703326e-24 1.712170e-23 
1.994000e+00 1.140175e-23 5.694567e-24 1.709632e-23 
1.996000e+00 1.138692e-23 5.679035e-24 1.706596e-23 
1.998000e+00 1.137154e-23 5.669384e-24 1.704093e-23 
2.000000e+00 1.135060e-23 5.659036e-24 1.700964e-23 
2.002000e+00 1.133680e-23 5.650928e-24 1.698772e-23 
2.004000e+00 1.132000e-23 5.638344e-24 1.695834e-23 
2.006000e+00 1.130426e-23 5.628187e-24 1.693245e-23 
2.008000e+00 1.128645e-23 5.617194e-24 1.690365e-23 
2.010000e+00 1.127070e-23 5.607979e-24 1.687868e-23 
2.012000e+00 1.125579e-23 5.598410e-24 1.685420e-23 
2.014000e+00 1.123799e-23 5.587647e-24 1.682564e-23 
2.016000e+00 1.121928e-23 5.577749e-24 1.679703e-23 
2.018000e+00 1.120299e-23 5.569074e-24 1.677206e-23 
2.020000e+00 1.118362e-23 5.558213e-24 1.674183e-23 
2.022000e+00 1.116809e-23 5.547385e-24 1.671548e-23 
2.024000e+00 1.114983e-23 5.536822e-24 1.668666e-23 
2.026000e+00 1.113179e-23 5.525596e-24 1.665739e-23 
2.028000e+00 1.111621e-23 5.516330e-24 1.663254e-23 
2.030000e+00 1.109789e-23 5.506629e-24 1.660452e-23 
2.032000e+00 1.107942e-23 5.454094e-24 1.653351e-23 
2.034000e+00 1.107296e-23 5.485370e-24 1.655833e-23 
2.036000e+00 1.105065e-23 5.468809e-24 1.651946e-23 
2.038000e+00 1.103518e-23 5.458054e-24 1.649323e-23 
2.040000e+00 1.102495e-23 5.447619e-24 1.647257e-23 
2.042000e+00 1.100716e-23 5.435863e-24 1.644303e-23 
2.044000e+00 1.098816e-23 5.432108e-24 1.642027e-23 
2.046000e+00 1.096896e-23 5.420125e-24 1.638909e-23 
2.048000e+00 1.095524e-23 5.409071e-24 1.636431e-23 
2.050000e+00 1.093368e-23 5.399058e-24 1.633274e-23 
2.052000e+00 1.091441e-23 5.389454e-24 1.630386e-23 
2.054000e+00 1.090600e-23 5.376901e-24 1.628290e-23 
2.056000e+00 1.088836e-23 5.366041e-24 1.625440e-23 
2.058000e+00 1.087096e-23 5.362902e-24 1.623386e-23 
2.060000e+00 1.085207e-23 5.350476e-24 1.620255e-23 
2.062000e+00 1.083249e-23 5.339603e-24 1.617210e-23 
2.064000e+00 1.082044e-23 5.328029e-24 1.614847e-23 
2.066000e+00 1.080446e-23 5.316909e-24 1.612137e-23 
2.068000e+00 1.078287e-23 5.306158e-24 1.608903e-23 
2.070000e+00 1.077702e-23 5.298553e-24 1.607558e-23 
2.072000e+00 1.075521e-23 5.288661e-24 1.604387e-23 
2.074000e+00 1.074042e-23 5.279093e-24 1.601951e-23 
2.076000e+00 1.072253e-23 5.266791e-24 1.598933e-23 
2.078000e+00 1.070465e-23 5.256626e-24 1.596127e-23 
2.080000e+00 1.069322e-23 5.249690e-24 1.594291e-23 
2.082000e+00 1.067503e-23 5.239524e-24 1.591455e-23 
2.084000e+00 1.065588e-23 5.226233e-24 1.588211e-23 
2.086000e+00 1.063653e-23 5.215172e-24 1.585170e-23 
2.088000e+00 1.061540e-23 5.205132e-24 1.582053e-23 
2.090000e+00 1.060411e-23 5.198322e-24 1.580243e-23 
2.092000e+00 1.058648e-23 5.187255e-24 1.577373e-23 
2.094000e+00 1.057621e-23 5.182022e-24 1.575823e-23 
2.096000e+00 1.055663e-23 5.168712e-24 1.572534e-23 
2.098000e+00 1.054409e-23 5.162863e-24 1.570695e-23 
2.100000e+00 1.052194e-23 5.152280e-24 1.567422e-23 
2.102000e+00 1.051209e-23 5.146413e-24 1.565850e-23 
2.104000e+00 1.048916e-23 5.133671e-24 1.562283e-23 
2.106000e+00 1.047031e-23 5.128997e-24 1.559931e-23 
2.108000e+00 1.045898e-23 5.116091e-24 1.557507e-23 
2.110000e+00 1.043869e-23 5.110153e-24 1.554885e-23 
2.112000e+00 1.042652e-23 5.096767e-24 1.552329e-23 
2.114000e+00 1.040906e-23 5.092145e-24 1.550121e-23 
2.116000e+00 1.039420e-23 5.079290e-24 1.547349e-23 
2.118000e+00 1.037284e-23 5.075596e-24 1.544844e-23 
2.120000e+00 1.036077e-23 5.060382e-24 1.542115e-23 
2.122000e+00 1.033890e-23 5.054911e-24 1.539381e-23 
2.124000e+00 1.032677e-23 5.043579e-24 1.537035e-23 
2.126000e+00 1.030779e-23 5.036951e-24 1.534474e-23 
2.128000e+00 1.029476e-23 5.024705e-24 1.531946e-23 
2.130000e+00 1.027251e-23 5.019842e-24 1.529235e-23 
2.132000e+00 1.026094e-23 5.006833e-24 1.526778e-23 
2.134000e+00 1.024138e-23 4.998133e-24 1.523952e-23 
2.136000e+00 1.022959e-23 4.986716e-24 1.521630e-23 
2.138000e+00 1.021457e-23 4.980682e-24 1.519525e-23 
2.140000e+00 1.020184e-23 4.975063e-24 1.517691e-23 
2.142000e+00 1.018020e-23 4.961853e-24 1.514206e-23 
2.144000e+00 1.016962e-23 4.955106e-24 1.512473e-23 
2.146000e+00 1.015472e-23 4.948884e-24 1.510360e-23 
2.148000e+00 1.013396e-23 4.936135e-24 1.507010e-23 
2.150000e+00 1.012178e-23 4.931094e-24 1.505287e-23 
2.152000e+00 1.009892e-23 4.920746e-24 1.501967e-23 
2.154000e+00 1.008387e-23 4.911865e-24 1.499574e-23 
2.156000e+00 1.007438e-23 4.903571e-24 1.497795e-23 
2.158000e+00 1.005004e-23 4.897374e-24 1.494742e-23 
2.160000e+00 1.003880e-23 4.884862e-24 1.492366e-23 
2.162000e+00 1.002664e-23 4.877026e-24 1.490366e-23 
2.164000e+00 1.000872e-23 4.868963e-24 1.487768e-23 
2.166000e+00 9.995622e-24 4.863698e-24 1.485932e-23 
2.168000e+00 9.976026e-24 4.850693e-24 1.482672e-23 
2.170000e+00 9.961612e-24 4.844377e-24 1.480599e-23 
2.172000e+00 9.946948e-24 4.834897e-24 1.478185e-23 
2.174000e+00 9.933018e-24 4.822285e-24 1.475530e-23 
2.176000e+00 9.920462e-24 4.815917e-24 1.473638e-23 
2.178000e+00 9.895844e-24 4.809220e-24 1.470506e-23 
2.180000e+00 9.882643e-24 4.802150e-24 1.468479e-23 
2.182000e+00 9.869759e-24 4.789732e-24 1.465949e-23 
2.184000e+00 9.856490e-24 4.782646e-24 1.463914e-23 
2.186000e+00 9.841378e-24 4.774723e-24 1.461610e-23 
2.188000e+00 9.826949e-24 4.765737e-24 1.459269e-23 
2.190000e+00 9.804472e-24 4.753856e-24 1.455833e-23 
2.192000e+00 9.791940e-24 4.746317e-24 1.453826e-23 
2.194000e+00 9.779262e-24 4.738797e-24 1.451806e-23 
2.196000e+00 9.761594e-24 4.731907e-24 1.449350e-23 
2.198000e+00 9.749494e-24 4.723127e-24 1.447262e-23 
2.200000e+00 9.734613e-24 4.718106e-24 1.445272e-23 
2.202000e+00 9.721443e-24 4.711618e-24 1.443306e-23 
2.204000e+00 9.698415e-24 4.702941e-24 1.440136e-23 
2.206000e+00 9.681255e-24 4.694936e-24 1.437619e-23 
2.208000e+00 9.669410e-24 4.683437e-24 1.435285e-23 
2.210000e+00 9.652578e-24 4.675548e-24 1.432813e-23 
2.212000e+00 9.637558e-24 4.665524e-24 1.430308e-23 
2.214000e+00 9.624645e-24 4.659469e-24 1.428411e-23 
2.216000e+00 9.611656e-24 4.651884e-24 1.426354e-23 
2.218000e+00 9.594082e-24 4.643039e-24 1.423712e-23 
2.220000e+00 9.579254e-24 4.637284e-24 1.421654e-23 
2.222000e+00 9.563049e-24 4.628644e-24 1.419169e-23 
2.224000e+00 9.548849e-24 4.621085e-24 1.416993e-23 
2.226000e+00 9.531216e-24 4.612883e-24 1.414410e-23 
2.228000e+00 9.517973e-24 4.600090e-24 1.411806e-23 
2.230000e+00 9.501438e-24 4.592257e-24 1.409370e-23 
2.232000e+00 9.487443e-24 4.583722e-24 1.407117e-23 
2.234000e+00 9.472186e-24 4.576461e-24 1.404865e-23 
2.236000e+00 9.466702e-24 4.567769e-24 1.403447e-23 
2.238000e+00 9.448641e-24 4.559982e-24 1.400862e-23 
2.240000e+00 9.433293e-24 4.553079e-24 1.398637e-23 
2.242000e+00 9.417344e-24 4.543999e-24 1.396134e-23 
2.244000e+00 9.400806e-24 4.536854e-24 1.393766e-23 
2.246000e+00 9.389080e-24 4.528203e-24 1.391728e-23 
2.248000e+00 9.371518e-24 4.521165e-24 1.389268e-23 
2.250000e+00 9.355940e-24 4.513344e-24 1.386928e-23 
2.252000e+00 9.338585e-24 4.503154e-24 1.384174e-23 
2.254000e+00 9.322900e-24 4.501112e-24 1.382401e-23 
2.256000e+00 9.307568e-24 4.494984e-24 1.380255e-23 
2.258000e+00 9.291540e-24 4.485453e-24 1.377699e-23 
2.260000e+00 9.278925e-24 4.477075e-24 1.375600e-23 
2.262000e+00 9.267059e-24 4.468493e-24 1.373555e-23 
2.264000e+00 9.249259e-24 4.462409e-24 1.371167e-23 
2.266000e+00 9.236554e-24 4.454648e-24 1.369120e-23 
2.268000e+00 9.218894e-24 4.445542e-24 1.366444e-23 
2.270000e+00 9.203755e-24 4.435183e-24 1.363894e-23 
2.272000e+00 9.191354e-24 4.427965e-24 1.361932e-23 
2.274000e+00 9.181623e-24 4.418541e-24 1.360016e-23 
2.276000e+00 9.162772e-24 4.410548e-24 1.357332e-23 
2.278000e+00 9.147705e-24 4.407256e-24 1.355496e-23 
2.280000e+00 9.131430e-24 4.400040e-24 1.353147e-23 
2.282000e+00 9.120847e-24 4.390646e-24 1.351149e-23 
2.284000e+00 9.105671e-24 4.382044e-24 1.348772e-23 
2.286000e+00 9.096609e-24 4.374704e-24 1.347131e-23 
2.288000e+00 9.077801e-24 4.365794e-24 1.344359e-23 
2.290000e+00 9.064199e-24 4.356412e-24 1.342061e-23 
2.292000e+00 9.053777e-24 4.350007e-24 1.340378e-23 
2.294000e+00 9.039066e-24 4.345047e-24 1.338411e-23 
2.296000e+00 9.020703e-24 4.334536e-24 1.335524e-23 
2.298000e+00 9.003359e-24 4.327722e-24 1.333108e-23 
2.300000e+00 8.995150e-24 4.326152e-24 1.332130e-23 
2.302000e+00 8.977980e-24 4.316986e-24 1.329497e-23 
2.304000e+00 8.961099e-24 4.308764e-24 1.326986e-23 
2.306000e+00 8.956818e-24 4.299752e-24 1.325657e-23 
2.308000e+00 8.937850e-24 4.296136e-24 1.323399e-23 
2.310000e+00 8.928434e-24 4.286313e-24 1.321475e-23 
2.312000e+00 8.913342e-24 4.278258e-24 1.319160e-23 
2.314000e+00 8.900874e-24 4.275494e-24 1.317637e-23 
2.316000e+00 8.885454e-24 4.268246e-24 1.315370e-23 
2.318000e+00 8.875430e-24 4.258079e-24 1.313351e-23 
2.320000e+00 8.858826e-24 4.247416e-24 1.310624e-23 
2.322000e+00 8.838884e-24 4.245128e-24 1.308401e-23 
2.324000e+00 8.831088e-24 4.237008e-24 1.306810e-23 
2.326000e+00 8.815454e-24 4.226446e-24 1.304190e-23 
2.328000e+00 8.794306e-24 4.226231e-24 1.302054e-23 
2.330000e+00 8.788478e-24 4.215924e-24 1.300440e-23 
2.332000e+00 8.767605e-24 4.204791e-24 1.297240e-23 
2.334000e+00 8.748737e-24 4.203593e-24 1.295233e-23 
2.336000e+00 8.741707e-24 4.194111e-24 1.293582e-23 
2.338000e+00 8.725408e-24 4.183819e-24 1.290923e-23 
2.340000e+00 8.712336e-24 4.182026e-24 1.289436e-23 
2.342000e+00 8.704279e-24 4.171543e-24 1.287582e-23 
2.344000e+00 8.686534e-24 4.162787e-24 1.284932e-23 
2.346000e+00 8.678944e-24 4.158680e-24 1.283762e-23 
2.348000e+00 8.667956e-24 4.152461e-24 1.282042e-23 
2.350000e+00 8.652352e-24 4.147006e-24 1.279936e-23 
2.352000e+00 8.639927e-24 4.137025e-24 1.277695e-23 
2.354000e+00 8.630720e-24 4.134709e-24 1.276543e-23 
2.356000e+00 8.613258e-24 4.125436e-24 1.273869e-23 
2.358000e+00 8.604418e-24 4.120145e-24 1.272456e-23 
2.360000e+00 8.584029e-24 4.111811e-24 1.269584e-23 
2.362000e+00 8.573577e-24 4.107952e-24 1.268153e-23 
2.364000e+00 8.555857e-24 4.098225e-24 1.265408e-23 
2.366000e+00 8.546997e-24 4.093735e-24 1.264073e-23 
2.368000e+00 8.527077e-24 4.087154e-24 1.261423e-23 
2.370000e+00 8.518695e-24 4.078109e-24 1.259680e-23 
2.372000e+00 8.496666e-24 4.071984e-24 1.256865e-23 
2.374000e+00 8.487555e-24 4.068418e-24 1.255597e-23 
2.376000e+00 8.479323e-24 4.058295e-24 1.253762e-23 
2.378000e+00 8.467437e-24 4.054563e-24 1.252200e-23 
2.380000e+00 8.449566e-24 4.046358e-24 1.249592e-23 
2.382000e+00 8.440901e-24 4.043113e-24 1.248401e-23 
2.384000e+00 8.427075e-24 4.032220e-24 1.245929e-23 
2.386000e+00 8.411409e-24 4.028654e-24 1.244006e-23 
2.388000e+00 8.399237e-24 4.018686e-24 1.241792e-23 
2.390000e+00 8.381342e-24 4.017104e-24 1.239845e-23 
2.392000e+00 8.370998e-24 4.004459e-24 1.237546e-23 
2.394000e+00 8.359316e-24 4.001192e-24 1.236051e-23 
2.396000e+00 8.340457e-24 3.991993e-24 1.233245e-23 
2.398000e+00 8.332869e-24 3.988634e-24 1.232150e-23 
2.400000e+00 8.321100e-24 3.982997e-24 1.230410e-23 
2.402000e+00 8.307307e-24 3.971739e-24 1.227905e-23 
2.404000e+00 8.300319e-24 3.970818e-24 1.227114e-23 
2.406000e+00 8.279462e-24 3.961283e-24 1.224074e-23 
2.408000e+00 8.267450e-24 3.955752e-24 1.222320e-23 
2.410000e+00 8.259398e-24 3.951624e-24 1.221102e-23 
2.412000e+00 8.245892e-24 3.941263e-24 1.218715e-23 
2.414000e+00 8.234303e-24 3.937912e-24 1.217221e-23 
2.416000e+00 8.215315e-24 3.931735e-24 1.214705e-23 
2.418000e+00 8.206407e-24 3.922647e-24 1.212905e-23 
2.420000e+00 8.194598e-24 3.920191e-24 1.211479e-23 
2.422000e+00 8.181497e-24 3.910470e-24 1.209197e-23 
2.424000e+00 8.172497e-24 3.905668e-24 1.207816e-23 
2.426000e+00 8.153745e-24 3.901896e-24 1.205564e-23 
2.428000e+00 8.140652e-24 3.891838e-24 1.203249e-23 
2.430000e+00 8.132550e-24 3.886183e-24 1.201873e-23 
2.432000e+00 8.120329e-24 3.883335e-24 1.200366e-23 
2.434000e+00 8.106104e-24 3.871955e-24 1.197806e-23 
2.436000e+00 8.097805e-24 3.869100e-24 1.196690e-23 
2.438000e+00 8.084765e-24 3.864407e-24 1.194917e-23 
2.440000e+00 8.072617e-24 3.855326e-24 1.192794e-23 
2.442000e+00 8.060959e-24 3.849224e-24 1.191018e-23 
2.444000e+00 8.053158e-24 3.845474e-24 1.189863e-23 
2.446000e+00 8.040902e-24 3.835395e-24 1.187630e-23 
2.448000e+00 8.019572e-24 3.830433e-24 1.185001e-23 
2.450000e+00 8.008893e-24 3.826568e-24 1.183546e-23 
2.452000e+00 7.997314e-24 3.816505e-24 1.181382e-23 
2.454000e+00 7.984403e-24 3.813477e-24 1.179788e-23 
2.456000e+00 7.975309e-24 3.807613e-24 1.178292e-23 
2.458000e+00 7.963046e-24 3.797645e-24 1.176069e-23 
2.460000e+00 7.948311e-24 3.791587e-24 1.173990e-23 
2.462000e+00 7.936723e-24 3.789202e-24 1.172593e-23 
2.464000e+00 7.926332e-24 3.784834e-24 1.171117e-23 
2.466000e+00 7.914805e-24 3.773764e-24 1.168857e-23 
2.468000e+00 7.905272e-24 3.768806e-24 1.167408e-23 
2.470000e+00 7.890367e-24 3.763979e-24 1.165435e-23 
2.472000e+00 7.876806e-24 3.759526e-24 1.163633e-23 
2.474000e+00 7.866689e-24 3.755499e-24 1.162219e-23 
2.476000e+00 7.847560e-24 3.745708e-24 1.159327e-23 
2.478000e+00 7.835908e-24 3.740405e-24 1.157631e-23 
2.480000e+00 7.824474e-24 3.735503e-24 1.155998e-23 
2.482000e+00 7.811682e-24 3.730476e-24 1.154216e-23 
2.484000e+00 7.800104e-24 3.727109e-24 1.152721e-23 
2.486000e+00 7.796095e-24 3.714615e-24 1.151071e-23 
2.488000e+00 7.783173e-24 3.711488e-24 1.149466e-23 
2.490000e+00 7.770747e-24 3.705734e-24 1.147648e-23 
2.492000e+00 7.756915e-24 3.700527e-24 1.145744e-23 
2.494000e+00 7.745502e-24 3.695218e-24 1.144072e-23 
2.496000e+00 7.733434e-24 3.686461e-24 1.141989e-23 
2.498000e+00 7.721469e-24 3.680550e-24 1.140202e-23 
2.500000e+00 7.708425e-24 3.676020e-24 1.138444e-23 
2.502000e+00 7.696747e-24 3.671287e-24 1.136803e-23 
2.504000e+00 7.685009e-24 3.666841e-24 1.135185e-23 
2.506000e+00 7.670960e-24 3.656571e-24 1.132753e-23 
2.508000e+00 7.666230e-24 3.651549e-24 1.131778e-23 
2.510000e+00 7.655991e-24 3.646539e-24 1.130253e-23 
2.512000e+00 7.643375e-24 3.641773e-24 1.128515e-23 
2.514000e+00 7.627670e-24 3.635310e-24 1.126298e-23 
2.516000e+00 7.615966e-24 3.632354e-24 1.124832e-23 
2.518000e+00 7.602360e-24 3.624489e-24 1.122685e-23 
2.520000e+00 7.593439e-24 3.623037e-24 1.121648e-23 
2.522000e+00 7.580656e-24 3.614992e-24 1.119565e-23 
2.524000e+00 7.573523e-24 3.605225e-24 1.117875e-23 
2.526000e+00 7.564694e-24 3.600550e-24 1.116524e-23 
2.528000e+00 7.550251e-24 3.595317e-24 1.114557e-23 
2.530000e+00 7.538507e-24 3.591354e-24 1.112986e-23 
2.532000e+00 7.533623e-24 3.585439e-24 1.111906e-23 
2.534000e+00 7.518461e-24 3.579391e-24 1.109785e-23 
2.536000e+00 7.508263e-24 3.574309e-24 1.108257e-23 
2.538000e+00 7.493240e-24 3.569181e-24 1.106242e-23 
2.540000e+00 7.480150e-24 3.565408e-24 1.104556e-23 
2.542000e+00 7.465446e-24 3.557225e-24 1.102267e-23 
2.544000e+00 7.464529e-24 3.553821e-24 1.101835e-23 
2.546000e+00 7.450919e-24 3.548199e-24 1.099912e-23 
2.548000e+00 7.435607e-24 3.542911e-24 1.097852e-23 
2.550000e+00 7.431123e-24 3.538369e-24 1.096949e-23 
2.552000e+00 7.419505e-24 3.532475e-24 1.095198e-23 
2.554000e+00 7.407906e-24 3.514075e-24 1.092198e-23 
2.556000e+00 7.401661e-24 3.523827e-24 1.092549e-23 
2.558000e+00 7.387545e-24 3.516795e-24 1.090434e-23 
2.560000e+00 7.372829e-24 3.512563e-24 1.088539e-23 
2.562000e+00 7.369143e-24 3.507226e-24 1.087637e-23 
2.564000e+00 7.357220e-24 3.496361e-24 1.085358e-23 
2.566000e+00 7.342007e-24 3.490104e-24 1.083211e-23 
2.568000e+00 7.331718e-24 3.485484e-24 1.081720e-23 
2.570000e+00 7.323611e-24 3.479524e-24 1.080314e-23 
2.572000e+00 7.311693e-24 3.475055e-24 1.078675e-23 
2.574000e+00 7.297309e-24 3.473541e-24 1.077085e-23 
2.576000e+00 7.286183e-24 3.468052e-24 1.075424e-23 
2.578000e+00 7.271065e-24 3.464119e-24 1.073518e-23 
2.580000e+00 7.265923e-24 3.458705e-24 1.072463e-23 
2.582000e+00 7.252908e-24 3.452301e-24 1.070521e-23 
2.584000e+00 7.236321e-24 3.447348e-24 1.068367e-23 
2.586000e+00 7.233077e-24 3.440419e-24 1.067350e-23 
2.588000e+00 7.219175e-24 3.434952e-24 1.065413e-23 
2.590000e+00 7.205017e-24 3.429828e-24 1.063485e-23 
2.592000e+00 7.201455e-24 3.426058e-24 1.062751e-23 
2.594000e+00 7.187255e-24 3.420111e-24 1.060737e-23 
2.596000e+00 7.180431e-24 3.414227e-24 1.059466e-23 
2.598000e+00 7.167698e-24 3.415513e-24 1.058321e-23 
2.600000e+00 7.151454e-24 3.407794e-24 1.055925e-23 
2.602000e+00 7.148297e-24 3.401894e-24 1.055019e-23 
2.604000e+00 7.138115e-24 3.398204e-24 1.053632e-23 
2.606000e+00 7.126165e-24 3.390677e-24 1.051684e-23 
2.608000e+00 7.112715e-24 3.385717e-24 1.049843e-23 
2.610000e+00 7.107989e-24 3.379820e-24 1.048781e-23 
2.612000e+00 7.101075e-24 3.373017e-24 1.047409e-23 
2.614000e+00 7.089437e-24 3.368174e-24 1.045761e-23 
2.616000e+00 7.073111e-24 3.361948e-24 1.043506e-23 
2.618000e+00 7.068451e-24 3.361735e-24 1.043019e-23 
2.620000e+00 7.055925e-24 3.357074e-24 1.041300e-23 
2.622000e+00 7.050227e-24 3.351796e-24 1.040202e-23 
2.624000e+00 7.034056e-24 3.344899e-24 1.037896e-23 
2.626000e+00 7.021976e-24 3.339744e-24 1.036172e-23 
2.628000e+00 7.014906e-24 3.333379e-24 1.034828e-23 
2.630000e+00 7.000351e-24 3.327047e-24 1.032740e-23 
2.632000e+00 6.995907e-24 3.321942e-24 1.031785e-23 
2.634000e+00 6.979657e-24 3.321782e-24 1.030144e-23 
2.636000e+00 6.966399e-24 3.316709e-24 1.028311e-23 
2.638000e+00 6.963271e-24 3.311013e-24 1.027428e-23 
2.640000e+00 6.952756e-24 3.305943e-24 1.025870e-23 
2.642000e+00 6.938496e-24 3.300769e-24 1.023926e-23 
2.644000e+00 6.934052e-24 3.299252e-24 1.023330e-23 
2.646000e+00 6.919454e-24 3.293421e-24 1.021288e-23 
2.648000e+00 6.910951e-24 3.284458e-24 1.019541e-23 
2.650000e+00 6.907969e-24 3.280732e-24 1.018870e-23 
2.652000e+00 6.892037e-24 3.274980e-24 1.016702e-23 
2.654000e+00 6.889210e-24 3.274089e-24 1.016330e-23 
2.656000e+00 6.872442e-24 3.268833e-24 1.014128e-23 
2.658000e+00 6.864376e-24 3.262819e-24 1.012719e-23 
2.660000e+00 6.848793e-24 3.256134e-24 1.010493e-23 
2.662000e+00 6.843978e-24 3.250041e-24 1.009402e-23 
2.664000e+00 6.831146e-24 3.251209e-24 1.008235e-23 
2.666000e+00 6.823959e-24 3.243136e-24 1.006710e-23 
2.668000e+00 6.808825e-24 3.238005e-24 1.004683e-23 
2.670000e+00 6.804175e-24 3.233501e-24 1.003768e-23 
2.672000e+00 6.789402e-24 3.226968e-24 1.001637e-23 
2.674000e+00 6.781816e-24 3.226880e-24 1.000870e-23 
2.676000e+00 6.765266e-24 3.219441e-24 9.984707e-24 
2.678000e+00 6.761483e-24 3.213492e-24 9.974975e-24 
2.680000e+00 6.753486e-24 3.205782e-24 9.959268e-24 
2.682000e+00 6.736459e-24 3.201765e-24 9.938224e-24 
2.684000e+00 6.731990e-24 3.200586e-24 9.932576e-24 
2.686000e+00 6.723428e-24 3.196794e-24 9.920222e-24 
2.688000e+00 6.708769e-24 3.188521e-24 9.897290e-24 
2.690000e+00 6.703567e-24 3.181065e-24 9.884633e-24 
2.692000e+00 6.689673e-24 3.180000e-24 9.869673e-24 
2.694000e+00 6.682006e-24 3.175635e-24 9.857641e-24 
2.696000e+00 6.676900e-24 3.170613e-24 9.847513e-24 
2.698000e+00 6.662238e-24 3.169866e-24 9.832104e-24 
2.700000e+00 6.653710e-24 3.161927e-24 9.815638e-24 
2.702000e+00 6.644655e-24 3.155938e-24 9.800593e-24 
2.704000e+00 6.634818e-24 3.155897e-24 9.790715e-24 
2.706000e+00 6.624402e-24 3.148934e-24 9.773336e-24 
2.708000e+00 6.618018e-24 3.144388e-24 9.762406e-24 
2.710000e+00 6.612280e-24 3.142489e-24 9.754769e-24 
2.712000e+00 6.598452e-24 3.136510e-24 9.734962e-24 
2.714000e+00 6.588762e-24 3.131027e-24 9.719789e-24 
2.716000e+00 6.581502e-24 3.131228e-24 9.712729e-24 
2.718000e+00 6.575371e-24 3.123805e-24 9.699176e-24 
2.720000e+00 6.566659e-24 3.116650e-24 9.683309e-24 
2.722000e+00 6.556069e-24 3.116000e-24 9.672070e-24 
2.724000e+00 6.549043e-24 3.110221e-24 9.659264e-24 
2.726000e+00 6.543692e-24 3.104277e-24 9.647968e-24 
2.728000e+00 6.526819e-24 3.103245e-24 9.630063e-24 
2.730000e+00 6.518850e-24 3.097880e-24 9.616730e-24 
2.732000e+00 6.511622e-24 3.090501e-24 9.602123e-24 
2.734000e+00 6.506402e-24 3.089920e-24 9.596322e-24 
2.736000e+00 6.490093e-24 3.084463e-24 9.574556e-24 
2.738000e+00 6.480882e-24 3.077834e-24 9.558716e-24 
2.740000e+00 6.472538e-24 3.077499e-24 9.550037e-24 
2.742000e+00 6.469369e-24 3.070072e-24 9.539441e-24 
2.744000e+00 6.461438e-24 3.064907e-24 9.526345e-24 
2.746000e+00 6.445260e-24 3.063992e-24 9.509252e-24 
2.748000e+00 6.437748e-24 3.057236e-24 9.494984e-24 
2.750000e+00 6.430716e-24 3.049547e-24 9.480264e-24 
2.752000e+00 6.414740e-24 3.048758e-24 9.463498e-24 
2.754000e+00 6.407473e-24 3.043144e-24 9.450616e-24 
2.756000e+00 6.398594e-24 3.042096e-24 9.440689e-24 
2.758000e+00 6.392765e-24 3.036646e-24 9.429412e-24 
2.760000e+00 6.387271e-24 3.028819e-24 9.416089e-24 
2.762000e+00 6.369213e-24 3.028671e-24 9.397883e-24 
2.764000e+00 6.361932e-24 3.023298e-24 9.385230e-24 
2.766000e+00 6.353967e-24 3.019906e-24 9.373873e-24 
2.768000e+00 6.349140e-24 3.014543e-24 9.363683e-24 
2.770000e+00 6.338823e-24 3.012554e-24 9.351377e-24 
2.772000e+00 6.328519e-24 3.006784e-24 9.335303e-24 
2.774000e+00 6.321404e-24 2.998309e-24 9.319714e-24 
2.776000e+00 6.305191e-24 2.998832e-24 9.304023e-24 
2.778000e+00 6.298047e-24 2.991815e-24 9.289862e-24 
2.780000e+00 6.293846e-24 2.990112e-24 9.283958e-24 
2.782000e+00 6.286197e-24 2.982533e-24 9.268730e-24 
2.784000e+00 6.275105e-24 2.983030e-24 9.258136e-24 
2.786000e+00 6.268586e-24 2.975441e-24 9.244027e-24 
2.788000e+00 6.259491e-24 2.975352e-24 9.234844e-24 
2.790000e+00 6.252959e-24 2.969224e-24 9.222183e-24 
2.792000e+00 6.236189e-24 2.960037e-24 9.196226e-24 
2.794000e+00 6.232696e-24 2.959018e-24 9.191714e-24 
2.796000e+00 6.221862e-24 2.954540e-24 9.176402e-24 
2.798000e+00 6.214266e-24 2.953899e-24 9.168165e-24 
2.800000e+00 6.205433e-24 2.946189e-24 9.151622e-24 
2.802000e+00 6.199179e-24 2.945500e-24 9.144679e-24 
2.804000e+00 6.191192e-24 2.938010e-24 9.129202e-24 
2.806000e+00 6.183589e-24 2.937033e-24 9.120621e-24 
2.808000e+00 6.175507e-24 2.931217e-24 9.106724e-24 
2.810000e+00 6.158576e-24 2.921399e-24 9.079976e-24 
2.812000e+00 6.152697e-24 2.922736e-24 9.075433e-24 
2.814000e+00 6.142359e-24 2.914306e-24 9.056665e-24 
2.816000e+00 6.135823e-24 2.915760e-24 9.051583e-24 
2.818000e+00 6.126216e-24 2.907283e-24 9.033500e-24 
2.820000e+00 6.120423e-24 2.904977e-24 9.025400e-24 
2.822000e+00 6.110849e-24 2.900754e-24 9.011602e-24 
2.824000e+00 6.103170e-24 2.897869e-24 9.001039e-24 
2.826000e+00 6.097291e-24 2.892312e-24 8.989602e-24 
2.828000e+00 6.083532e-24 2.891425e-24 8.974958e-24 
2.830000e+00 6.070907e-24 2.884913e-24 8.955820e-24 
2.832000e+00 6.061887e-24 2.882816e-24 8.944704e-24 
2.834000e+00 6.054962e-24 2.876515e-24 8.931477e-24 
2.836000e+00 6.045683e-24 2.874363e-24 8.920046e-24 
2.838000e+00 6.039294e-24 2.873556e-24 8.912850e-24 
2.840000e+00 6.027666e-24 2.866209e-24 8.893874e-24 
2.842000e+00 6.025070e-24 2.865551e-24 8.890621e-24 
2.844000e+00 6.012527e-24 2.856837e-24 8.869364e-24 
2.846000e+00 6.003442e-24 2.856656e-24 8.860098e-24 
2.848000e+00 5.998045e-24 2.849195e-24 8.847240e-24 
2.850000e+00 5.989388e-24 2.848312e-24 8.837700e-24 
2.852000e+00 5.989054e-24 2.841915e-24 8.830969e-24 
2.854000e+00 5.970543e-24 2.838532e-24 8.809074e-24 
2.856000e+00 5.963698e-24 2.832753e-24 8.796452e-24 
2.858000e+00 5.955317e-24 2.831326e-24 8.786643e-24 
2.860000e+00 5.946221e-24 2.824556e-24 8.770776e-24 
2.862000e+00 5.940902e-24 2.823226e-24 8.764128e-24 
2.864000e+00 5.928179e-24 2.821889e-24 8.750067e-24 
2.866000e+00 5.920225e-24 2.814840e-24 8.735065e-24 
2.868000e+00 5.911342e-24 2.811222e-24 8.722564e-24 
2.870000e+00 5.903808e-24 2.805222e-24 8.709030e-24 
2.872000e+00 5.893935e-24 2.804358e-24 8.698293e-24 
2.874000e+00 5.892855e-24 2.796945e-24 8.689800e-24 
2.876000e+00 5.885597e-24 2.794765e-24 8.680362e-24 
2.878000e+00 5.877125e-24 2.788681e-24 8.665806e-24 
2.880000e+00 5.869054e-24 2.787532e-24 8.656586e-24 
2.882000e+00 5.863370e-24 2.778412e-24 8.641782e-24 
2.884000e+00 5.852992e-24 2.778193e-24 8.631185e-24 
2.886000e+00 5.843633e-24 2.777011e-24 8.620644e-24 
2.888000e+00 5.837043e-24 2.770089e-24 8.607131e-24 
2.890000e+00 5.825633e-24 2.770895e-24 8.596529e-24 
2.892000e+00 5.819153e-24 2.767933e-24 8.587086e-24 
2.894000e+00 5.816959e-24 2.760719e-24 8.577677e-24 
2.896000e+00 5.810921e-24 2.758364e-24 8.569285e-24 
2.898000e+00 5.801204e-24 2.757096e-24 8.558300e-24 
2.900000e+00 5.794328e-24 2.749697e-24 8.544025e-24 
2.902000e+00 5.783884e-24 2.748210e-24 8.532094e-24 
2.904000e+00 5.773564e-24 2.746019e-24 8.519582e-24 
2.906000e+00 5.765620e-24 2.739889e-24 8.505509e-24 
2.908000e+00 5.756333e-24 2.737688e-24 8.494022e-24 
2.910000e+00 5.754828e-24 2.731244e-24 8.486072e-24 
2.912000e+00 5.746137e-24 2.727781e-24 8.473918e-24 
2.914000e+00 5.739897e-24 2.727718e-24 8.467615e-24 
2.916000e+00 5.732048e-24 2.720046e-24 8.452094e-24 
2.918000e+00 5.722242e-24 2.718552e-24 8.440794e-24 
2.920000e+00 5.715013e-24 2.718423e-24 8.433436e-24 
2.922000e+00 5.701840e-24 2.708490e-24 8.410329e-24 
2.924000e+00 5.694754e-24 2.707258e-24 8.402013e-24 
2.926000e+00 5.692661e-24 2.706109e-24 8.398770e-24 
2.928000e+00 5.685310e-24 2.699919e-24 8.385229e-24 
2.930000e+00 5.674159e-24 2.697674e-24 8.371833e-24 
2.932000e+00 5.668143e-24 2.694654e-24 8.362797e-24 
2.934000e+00 5.659257e-24 2.687786e-24 8.347043e-24 
2.936000e+00 5.652248e-24 2.686060e-24 8.338308e-24 
2.938000e+00 5.641393e-24 2.684906e-24 8.326298e-24 
2.940000e+00 5.640867e-24 2.675055e-24 8.315922e-24 
2.942000e+00 5.625605e-24 2.674423e-24 8.300028e-24 
2.944000e+00 5.624393e-24 2.675463e-24 8.299856e-24 
2.946000e+00 5.610726e-24 2.666689e-24 8.277415e-24 
2.948000e+00 5.602376e-24 2.665394e-24 8.267771e-24 
2.950000e+00 5.596307e-24 2.663636e-24 8.259943e-24 
2.952000e+00 5.586217e-24 2.654870e-24 8.241087e-24 
2.954000e+00 5.584451e-24 2.656035e-24 8.240486e-24 
2.956000e+00 5.573281e-24 2.652031e-24 8.225312e-24 
2.958000e+00 5.564910e-24 2.650822e-24 8.215732e-24 
2.960000e+00 5.558424e-24 2.642239e-24 8.200663e-24 
2.962000e+00 5.559002e-24 2.638637e-24 8.197639e-24 
2.964000e+00 5.546650e-24 2.639336e-24 8.185986e-24 
2.966000e+00 5.540313e-24 2.632644e-24 8.172957e-24 
2.968000e+00 5.537582e-24 2.631055e-24 8.168637e-24 
2.970000e+00 5.528235e-24 2.629782e-24 8.158017e-24 
2.972000e+00 5.517752e-24 2.625905e-24 8.143657e-24 
2.974000e+00 5.506733e-24 2.617049e-24 8.123782e-24 
2.976000e+00 5.500353e-24 2.616121e-24 8.116474e-24 
2.978000e+00 5.497943e-24 2.614674e-24 8.112617e-24 
2.980000e+00 5.488933e-24 2.608480e-24 8.097413e-24 
2.982000e+00 5.477436e-24 2.606421e-24 8.083858e-24 
2.984000e+00 5.468076e-24 2.602157e-24 8.070233e-24 
2.986000e+00 5.468318e-24 2.601022e-24 8.069340e-24 
2.988000e+00 5.460566e-24 2.594101e-24 8.054668e-24 
2.990000e+00 5.450019e-24 2.593299e-24 8.043317e-24 
2.992000e+00 5.447835e-24 2.588865e-24 8.036700e-24 
2.994000e+00 5.438428e-24 2.581821e-24 8.020250e-24 
2.996000e+00 5.428338e-24 2.580174e-24 8.008512e-24 
2.998000e+00 5.418287e-24 2.577734e-24 7.996021e-24 
