1.000000e-01 1.648976e-22 1.975391e-22 3.624367e-22 
1.020000e-01 1.638260e-22 1.953288e-22 3.591548e-22 
1.040000e-01 1.622733e-22 1.928019e-22 3.550752e-22 
1.060000e-01 1.602558e-22 1.904893e-22 3.507451e-22 
1.080000e-01 1.577415e-22 1.880281e-22 3.457696e-22 
1.100000e-01 1.545560e-22 1.854506e-22 3.400066e-22 
1.120000e-01 1.502935e-22 1.829715e-22 3.332650e-22 
1.140000e-01 1.436851e-22 1.803412e-22 3.240263e-22 
1.160000e-01 1.267888e-22 1.775572e-22 3.043460e-22 
1.180000e-01 1.429559e-22 1.749877e-22 3.179436e-22 
1.200000e-01 1.482610e-22 1.723131e-22 3.205741e-22 
1.220000e-01 1.505487e-22 1.694725e-22 3.200211e-22 
1.240000e-01 1.517647e-22 1.667432e-22 3.185078e-22 
1.260000e-01 1.525255e-22 1.639897e-22 3.165152e-22 
1.280000e-01 1.528492e-22 1.611572e-22 3.140064e-22 
1.300000e-01 1.527826e-22 1.582628e-22 3.110455e-22 
1.320000e-01 1.526401e-22 1.553935e-22 3.080336e-22 
1.340000e-01 1.523533e-22 1.524792e-22 3.048325e-22 
1.360000e-01 1.519377e-22 1.495925e-22 3.015302e-22 
1.380000e-01 1.514126e-22 1.466302e-22 2.980428e-22 
1.400000e-01 1.507983e-22 1.437364e-22 2.945347e-22 
1.420000e-01 1.501204e-22 1.407479e-22 2.908683e-22 
1.440000e-01 1.493630e-22 1.377836e-22 2.871466e-22 
1.460000e-01 1.485286e-22 1.348037e-22 2.833322e-22 
1.480000e-01 1.476200e-22 1.321342e-22 2.797543e-22 
1.500000e-01 1.466628e-22 1.289008e-22 2.755636e-22 
1.520000e-01 1.456413e-22 1.259060e-22 2.715473e-22 
1.540000e-01 1.445362e-22 1.230030e-22 2.675392e-22 
1.560000e-01 1.433539e-22 1.200735e-22 2.634274e-22 
1.580000e-01 1.420764e-22 1.171007e-22 2.591771e-22 
1.600000e-01 1.407155e-22 1.142449e-22 2.549604e-22 
1.620000e-01 1.391927e-22 1.113259e-22 2.505186e-22 
1.640000e-01 1.373523e-22 1.084082e-22 2.457605e-22 
1.660000e-01 1.347817e-22 1.055818e-22 2.403635e-22 
1.680000e-01 1.295990e-22 1.028130e-22 2.324120e-22 
1.700000e-01 1.313260e-22 1.000971e-22 2.314230e-22 
1.720000e-01 1.324603e-22 9.738245e-23 2.298427e-22 
1.740000e-01 1.325233e-22 9.467855e-23 2.272018e-22 
1.760000e-01 1.322465e-22 9.201675e-23 2.242632e-22 
1.780000e-01 1.318245e-22 8.938983e-23 2.212143e-22 
1.800000e-01 1.313092e-22 8.678971e-23 2.180989e-22 
1.820000e-01 1.307304e-22 8.422594e-23 2.149564e-22 
1.840000e-01 1.301228e-22 8.169878e-23 2.118216e-22 
1.860000e-01 1.294887e-22 7.921699e-23 2.087057e-22 
1.880000e-01 1.288457e-22 7.673823e-23 2.055840e-22 
1.900000e-01 1.282006e-22 7.432059e-23 2.025212e-22 
1.920000e-01 1.276085e-22 7.193927e-23 1.995478e-22 
1.940000e-01 1.271423e-22 6.962338e-23 1.967657e-22 
1.960000e-01 1.269090e-22 6.732699e-23 1.942360e-22 
1.980000e-01 1.276152e-22 6.508788e-23 1.927031e-22 
2.000000e-01 1.288086e-22 6.288777e-23 1.916963e-22 
2.020000e-01 1.253945e-22 6.075397e-23 1.861484e-22 
2.040000e-01 1.234876e-22 5.866982e-23 1.821574e-22 
2.060000e-01 1.218772e-22 5.657294e-23 1.784502e-22 
2.080000e-01 1.204020e-22 5.452665e-23 1.749286e-22 
2.100000e-01 1.189989e-22 5.251829e-23 1.715172e-22 
2.120000e-01 1.176395e-22 5.050957e-23 1.681491e-22 
2.140000e-01 1.163181e-22 4.852969e-23 1.648478e-22 
2.160000e-01 1.150250e-22 4.658180e-23 1.616068e-22 
2.180000e-01 1.145079e-22 4.463313e-23 1.591410e-22 
2.200000e-01 1.125081e-22 4.279322e-23 1.553013e-22 
2.220000e-01 1.112860e-22 4.099564e-23 1.522817e-22 
2.240000e-01 1.100402e-22 3.923512e-23 1.492753e-22 
2.260000e-01 1.087959e-22 3.749402e-23 1.462899e-22 
2.280000e-01 1.075390e-22 3.573221e-23 1.432712e-22 
2.300000e-01 1.062943e-22 3.403705e-23 1.403314e-22 
2.320000e-01 1.050662e-22 3.234695e-23 1.374132e-22 
2.340000e-01 1.038323e-22 3.066718e-23 1.344995e-22 
2.360000e-01 1.026068e-22 2.902553e-23 1.316323e-22 
2.380000e-01 1.013840e-22 2.740165e-23 1.287856e-22 
2.400000e-01 1.001545e-22 2.604733e-23 1.262018e-22 
2.420000e-01 9.895275e-23 2.494366e-23 1.238964e-22 
2.440000e-01 9.775352e-23 2.390132e-23 1.216548e-22 
2.460000e-01 9.657848e-23 2.266806e-23 1.192465e-22 
2.480000e-01 9.541720e-23 2.130459e-23 1.167218e-22 
2.500000e-01 9.426444e-23 1.980559e-23 1.140700e-22 
2.520000e-01 9.312305e-23 1.809296e-23 1.112160e-22 
2.540000e-01 9.198195e-23 1.630728e-23 1.082892e-22 
2.560000e-01 9.085411e-23 1.447796e-23 1.053321e-22 
2.580000e-01 8.972974e-23 1.254323e-23 1.022730e-22 
2.600000e-01 8.861499e-23 1.029441e-23 9.890940e-23 
2.620000e-01 8.750738e-23 7.835566e-24 9.534295e-23 
2.640000e-01 8.640509e-23 5.221700e-24 9.162679e-23 
2.660000e-01 8.531973e-23 2.989254e-24 8.830898e-23 
2.680000e-01 8.423859e-23 1.275107e-24 8.551370e-23 
2.700000e-01 8.317933e-23 2.604276e-25 8.343976e-23 
2.720000e-01 8.212599e-23 2.178668e-25 8.234386e-23 
2.740000e-01 8.109550e-23 1.354566e-24 8.245007e-23 
2.760000e-01 8.007501e-23 3.955453e-24 8.403047e-23 
2.780000e-01 7.907000e-23 7.490616e-24 8.656061e-23 
2.800000e-01 7.806448e-23 1.956134e-23 9.762582e-23 
2.820000e-01 7.706469e-23 2.478593e-23 1.018506e-22 
2.840000e-01 7.606174e-23 2.310566e-23 9.916741e-23 
2.860000e-01 7.506972e-23 2.150042e-23 9.657014e-23 
2.880000e-01 7.408126e-23 2.054867e-23 9.462993e-23 
2.900000e-01 7.309993e-23 2.019779e-23 9.329771e-23 
2.920000e-01 7.212212e-23 2.032733e-23 9.244945e-23 
2.940000e-01 7.115862e-23 2.086635e-23 9.202497e-23 
2.960000e-01 7.019878e-23 2.161398e-23 9.181276e-23 
2.980000e-01 6.925379e-23 2.255467e-23 9.180847e-23 
3.000000e-01 6.831466e-23 2.344329e-23 9.175796e-23 
3.020000e-01 6.738435e-23 2.412093e-23 9.150528e-23 
3.040000e-01 6.645524e-23 2.459638e-23 9.105162e-23 
3.060000e-01 6.554176e-23 2.496335e-23 9.050511e-23 
3.080000e-01 6.463305e-23 2.532061e-23 8.995366e-23 
3.100000e-01 6.373844e-23 2.550480e-23 8.924324e-23 
3.120000e-01 6.284493e-23 2.564068e-23 8.848561e-23 
3.140000e-01 6.196804e-23 2.561465e-23 8.758269e-23 
3.160000e-01 6.109414e-23 2.547753e-23 8.657168e-23 
3.180000e-01 6.023546e-23 2.520686e-23 8.544232e-23 
3.200000e-01 5.938335e-23 2.501333e-23 8.439668e-23 
3.220000e-01 5.854211e-23 2.486355e-23 8.340566e-23 
3.240000e-01 5.785215e-23 2.483905e-23 8.269120e-23 
3.260000e-01 5.688945e-23 2.484865e-23 8.173809e-23 
3.280000e-01 5.608015e-23 2.482536e-23 8.090551e-23 
3.300000e-01 5.527743e-23 2.480568e-23 8.008311e-23 
3.320000e-01 5.449255e-23 2.475652e-23 7.924906e-23 
3.340000e-01 5.371920e-23 2.470610e-23 7.842529e-23 
3.360000e-01 5.295721e-23 2.462160e-23 7.757881e-23 
3.380000e-01 5.220340e-23 2.453331e-23 7.673671e-23 
3.400000e-01 5.145499e-23 2.448661e-23 7.594160e-23 
3.420000e-01 5.071620e-23 2.431990e-23 7.503610e-23 
3.440000e-01 4.997941e-23 2.422854e-23 7.420795e-23 
3.460000e-01 4.925626e-23 2.413420e-23 7.339045e-23 
3.480000e-01 4.853634e-23 2.402710e-23 7.256344e-23 
3.500000e-01 4.782444e-23 2.391616e-23 7.174060e-23 
3.520000e-01 4.711947e-23 2.379127e-23 7.091073e-23 
3.540000e-01 4.642289e-23 2.366529e-23 7.008818e-23 
3.560000e-01 4.574013e-23 2.353476e-23 6.927489e-23 
3.580000e-01 4.506035e-23 2.340169e-23 6.846203e-23 
3.600000e-01 4.439323e-23 2.325204e-23 6.764527e-23 
3.620000e-01 4.373647e-23 2.310397e-23 6.684044e-23 
3.640000e-01 4.308674e-23 2.296147e-23 6.604820e-23 
3.660000e-01 4.244599e-23 2.281905e-23 6.526504e-23 
3.680000e-01 4.181022e-23 2.266223e-23 6.447245e-23 
3.700000e-01 4.118729e-23 2.250604e-23 6.369333e-23 
3.720000e-01 4.056694e-23 2.235393e-23 6.292087e-23 
3.740000e-01 3.995240e-23 2.220281e-23 6.215521e-23 
3.760000e-01 3.934642e-23 2.204274e-23 6.138917e-23 
3.780000e-01 3.874396e-23 2.188007e-23 6.062403e-23 
3.800000e-01 3.814896e-23 2.170952e-23 5.985848e-23 
3.820000e-01 3.756133e-23 2.153495e-23 5.909628e-23 
3.840000e-01 3.697717e-23 2.136149e-23 5.833866e-23 
3.860000e-01 3.640567e-23 2.118957e-23 5.759524e-23 
3.880000e-01 3.584101e-23 2.101782e-23 5.685882e-23 
3.900000e-01 3.528652e-23 2.084658e-23 5.613310e-23 
3.920000e-01 3.473934e-23 2.067565e-23 5.541499e-23 
3.940000e-01 3.420026e-23 2.050582e-23 5.470607e-23 
3.960000e-01 3.367189e-23 2.033733e-23 5.400922e-23 
3.980000e-01 3.315132e-23 2.016825e-23 5.331958e-23 
4.000000e-01 3.263576e-23 1.999715e-23 5.263292e-23 
4.020000e-01 3.213104e-23 1.982609e-23 5.195713e-23 
4.040000e-01 3.163267e-23 1.964988e-23 5.128255e-23 
4.060000e-01 3.113782e-23 1.947492e-23 5.061274e-23 
4.080000e-01 3.065096e-23 1.930564e-23 4.995660e-23 
4.100000e-01 3.016858e-23 1.913599e-23 4.930457e-23 
4.120000e-01 2.969293e-23 1.896600e-23 4.865894e-23 
4.140000e-01 2.922697e-23 1.879590e-23 4.802287e-23 
4.160000e-01 2.876276e-23 1.862639e-23 4.738915e-23 
4.180000e-01 2.830598e-23 1.846734e-23 4.677333e-23 
4.200000e-01 2.785931e-23 1.829208e-23 4.615140e-23 
4.220000e-01 2.741546e-23 1.812596e-23 4.554142e-23 
4.240000e-01 2.697690e-23 1.796091e-23 4.493781e-23 
4.260000e-01 2.654594e-23 1.779343e-23 4.433937e-23 
4.280000e-01 2.612082e-23 1.762594e-23 4.374677e-23 
4.300000e-01 2.570223e-23 1.745791e-23 4.316014e-23 
4.320000e-01 2.528952e-23 1.729396e-23 4.258348e-23 
4.340000e-01 2.488080e-23 1.712999e-23 4.201079e-23 
4.360000e-01 2.447961e-23 1.696999e-23 4.144960e-23 
4.380000e-01 2.408281e-23 1.681261e-23 4.089543e-23 
4.400000e-01 2.368956e-23 1.665494e-23 4.034450e-23 
4.420000e-01 2.330485e-23 1.649189e-23 3.979673e-23 
4.440000e-01 2.292537e-23 1.632869e-23 3.925406e-23 
4.460000e-01 2.254834e-23 1.616912e-23 3.871746e-23 
4.480000e-01 2.217818e-23 1.601233e-23 3.819051e-23 
4.500000e-01 2.181409e-23 1.585672e-23 3.767081e-23 
4.520000e-01 2.145300e-23 1.569470e-23 3.714770e-23 
4.540000e-01 2.109675e-23 1.553173e-23 3.662848e-23 
4.560000e-01 2.074550e-23 1.537131e-23 3.611681e-23 
4.580000e-01 2.039894e-23 1.521519e-23 3.561413e-23 
4.600000e-01 2.005645e-23 1.505994e-23 3.511639e-23 
4.620000e-01 1.971933e-23 1.490624e-23 3.462556e-23 
4.640000e-01 1.938518e-23 1.475820e-23 3.414338e-23 
4.660000e-01 1.905421e-23 1.460538e-23 3.365958e-23 
4.680000e-01 1.872986e-23 1.445995e-23 3.318982e-23 
4.700000e-01 1.844150e-23 1.431535e-23 3.275686e-23 
4.720000e-01 1.808844e-23 1.416943e-23 3.225787e-23 
4.740000e-01 1.777276e-23 1.402173e-23 3.179449e-23 
4.760000e-01 1.746702e-23 1.387445e-23 3.134147e-23 
4.780000e-01 1.715376e-23 1.372872e-23 3.088248e-23 
4.800000e-01 1.684801e-23 1.358489e-23 3.043290e-23 
4.820000e-01 1.654548e-23 1.344122e-23 2.998670e-23 
4.840000e-01 1.624640e-23 1.330004e-23 2.954644e-23 
4.860000e-01 1.594899e-23 1.315847e-23 2.910746e-23 
4.880000e-01 1.565444e-23 1.301896e-23 2.867340e-23 
4.900000e-01 1.536173e-23 1.287781e-23 2.823954e-23 
4.920000e-01 1.507207e-23 1.273967e-23 2.781174e-23 
4.940000e-01 1.478428e-23 1.260256e-23 2.738683e-23 
4.960000e-01 1.449784e-23 1.246920e-23 2.696704e-23 
4.980000e-01 1.421221e-23 1.233642e-23 2.654863e-23 
5.000000e-01 1.392666e-23 1.220417e-23 2.613084e-23 
5.020000e-01 1.364366e-23 1.207472e-23 2.571838e-23 
5.040000e-01 1.336168e-23 1.194791e-23 2.530959e-23 
5.060000e-01 1.307900e-23 1.182074e-23 2.489974e-23 
5.080000e-01 1.279550e-23 1.169650e-23 2.449200e-23 
5.100000e-01 1.251115e-23 1.157261e-23 2.408376e-23 
5.120000e-01 1.222473e-23 1.145206e-23 2.367678e-23 
5.140000e-01 1.193667e-23 1.133273e-23 2.326940e-23 
5.160000e-01 1.164650e-23 1.121386e-23 2.286036e-23 
5.180000e-01 1.135065e-23 1.109847e-23 2.244912e-23 
5.200000e-01 1.104917e-23 1.098596e-23 2.203512e-23 
5.220000e-01 1.079054e-23 1.087399e-23 2.166453e-23 
5.240000e-01 1.042483e-23 1.076210e-23 2.118693e-23 
5.260000e-01 1.009652e-23 1.064919e-23 2.074570e-23 
5.280000e-01 9.752645e-24 1.053661e-23 2.028925e-23 
5.300000e-01 9.391545e-24 1.042677e-23 1.981831e-23 
5.320000e-01 9.005277e-24 1.031905e-23 1.932433e-23 
5.340000e-01 8.569888e-24 1.021229e-23 1.878218e-23 
5.360000e-01 8.068509e-24 1.010373e-23 1.817224e-23 
5.380000e-01 7.418031e-24 9.995101e-24 1.741313e-23 
5.400000e-01 6.585412e-24 9.886920e-24 1.647233e-23 
5.420000e-01 5.783331e-24 9.782003e-24 1.556533e-23 
5.440000e-01 5.441317e-24 9.682688e-24 1.512400e-23 
5.460000e-01 5.785764e-24 9.583965e-24 1.536973e-23 
5.480000e-01 6.675233e-24 9.484886e-24 1.616012e-23 
5.500000e-01 7.482807e-24 9.385593e-24 1.686840e-23 
5.520000e-01 8.020374e-24 9.286949e-24 1.730732e-23 
5.540000e-01 8.323987e-24 9.190271e-24 1.751426e-23 
5.560000e-01 8.535924e-24 9.099876e-24 1.763580e-23 
5.580000e-01 8.683542e-24 9.006513e-24 1.769006e-23 
5.600000e-01 8.795539e-24 8.914498e-24 1.771004e-23 
5.620000e-01 8.880637e-24 8.823757e-24 1.770439e-23 
5.640000e-01 8.943427e-24 8.731600e-24 1.767503e-23 
5.660000e-01 8.989541e-24 8.641061e-24 1.763060e-23 
5.680000e-01 9.018365e-24 8.551649e-24 1.757001e-23 
5.700000e-01 9.034754e-24 8.463442e-24 1.749820e-23 
5.720000e-01 9.040279e-24 8.375763e-24 1.741604e-23 
5.740000e-01 9.037490e-24 8.288433e-24 1.732592e-23 
5.760000e-01 9.028733e-24 8.203881e-24 1.723261e-23 
5.780000e-01 9.011140e-24 8.123800e-24 1.713494e-23 
5.800000e-01 8.987535e-24 8.036704e-24 1.702424e-23 
5.820000e-01 8.958818e-24 7.955943e-24 1.691476e-23 
5.840000e-01 8.927174e-24 7.877060e-24 1.680423e-23 
5.860000e-01 8.905785e-24 7.798371e-24 1.670416e-23 
5.880000e-01 8.849185e-24 7.720064e-24 1.656925e-23 
5.900000e-01 8.805355e-24 7.642272e-24 1.644763e-23 
5.920000e-01 8.758565e-24 7.564924e-24 1.632349e-23 
5.940000e-01 8.709113e-24 7.488344e-24 1.619746e-23 
5.960000e-01 8.655529e-24 7.413063e-24 1.606859e-23 
5.980000e-01 8.601328e-24 7.339385e-24 1.594071e-23 
6.000000e-01 8.545578e-24 7.265225e-24 1.581080e-23 
6.020000e-01 8.488146e-24 7.190101e-24 1.567825e-23 
6.040000e-01 8.427798e-24 7.114140e-24 1.554194e-23 
6.060000e-01 8.367272e-24 7.039218e-24 1.540649e-23 
6.080000e-01 8.305235e-24 6.968089e-24 1.527332e-23 
6.100000e-01 8.242039e-24 6.902169e-24 1.514421e-23 
6.120000e-01 8.177572e-24 6.836301e-24 1.501387e-23 
6.140000e-01 8.111179e-24 6.770720e-24 1.488190e-23 
6.160000e-01 8.044850e-24 6.702323e-24 1.474717e-23 
6.180000e-01 7.977918e-24 6.634495e-24 1.461241e-23 
6.200000e-01 7.909469e-24 6.566939e-24 1.447641e-23 
6.220000e-01 7.840269e-24 6.500423e-24 1.434069e-23 
6.240000e-01 7.770197e-24 6.437270e-24 1.420747e-23 
6.260000e-01 7.701080e-24 6.373955e-24 1.407504e-23 
6.280000e-01 7.630272e-24 6.311356e-24 1.394163e-23 
6.300000e-01 7.558980e-24 6.248617e-24 1.380760e-23 
6.320000e-01 7.486928e-24 6.184711e-24 1.367164e-23 
6.340000e-01 7.415883e-24 6.121395e-24 1.353728e-23 
6.360000e-01 7.342984e-24 6.058428e-24 1.340141e-23 
6.380000e-01 7.269242e-24 6.000152e-24 1.326939e-23 
6.400000e-01 7.194473e-24 5.938876e-24 1.313335e-23 
6.420000e-01 7.119435e-24 5.879886e-24 1.299932e-23 
6.440000e-01 7.044695e-24 5.823610e-24 1.286830e-23 
6.460000e-01 6.969079e-24 5.770947e-24 1.274003e-23 
6.480000e-01 6.892375e-24 5.718018e-24 1.261039e-23 
6.500000e-01 6.814701e-24 5.665579e-24 1.248028e-23 
6.520000e-01 6.736378e-24 5.610062e-24 1.234644e-23 
6.540000e-01 6.657816e-24 5.553055e-24 1.221087e-23 
6.560000e-01 6.577648e-24 5.495911e-24 1.207356e-23 
6.580000e-01 6.496331e-24 5.439524e-24 1.193586e-23 
6.600000e-01 6.414876e-24 5.387349e-24 1.180223e-23 
6.620000e-01 6.331734e-24 5.335574e-24 1.166731e-23 
6.640000e-01 6.247704e-24 5.284240e-24 1.153194e-23 
6.660000e-01 6.162353e-24 5.233076e-24 1.139543e-23 
6.680000e-01 6.076049e-24 5.182543e-24 1.125859e-23 
6.700000e-01 5.988697e-24 5.131636e-24 1.112033e-23 
6.720000e-01 5.901034e-24 5.081115e-24 1.098215e-23 
6.740000e-01 5.810972e-24 5.031819e-24 1.084279e-23 
6.760000e-01 5.721873e-24 4.983666e-24 1.070554e-23 
6.780000e-01 5.625277e-24 4.936278e-24 1.056156e-23 
6.800000e-01 5.531102e-24 4.889449e-24 1.042055e-23 
6.820000e-01 5.430947e-24 4.844247e-24 1.027519e-23 
6.840000e-01 5.329125e-24 4.799129e-24 1.012825e-23 
6.860000e-01 5.224037e-24 4.752992e-24 9.977029e-24 
6.880000e-01 5.112702e-24 4.707990e-24 9.820692e-24 
6.900000e-01 4.997615e-24 4.663795e-24 9.661410e-24 
6.920000e-01 4.873721e-24 4.620223e-24 9.493944e-24 
6.940000e-01 4.737555e-24 4.577117e-24 9.314672e-24 
6.960000e-01 4.592383e-24 4.534476e-24 9.126860e-24 
6.980000e-01 4.421715e-24 4.491449e-24 8.913163e-24 
7.000000e-01 4.195477e-24 4.449072e-24 8.644550e-24 
7.020000e-01 3.940895e-24 4.406757e-24 8.347652e-24 
7.040000e-01 3.680018e-24 4.365082e-24 8.045100e-24 
7.060000e-01 3.543770e-24 4.323802e-24 7.867572e-24 
7.080000e-01 3.516331e-24 4.284048e-24 7.800379e-24 
7.100000e-01 3.715520e-24 4.243613e-24 7.959132e-24 
7.120000e-01 3.985636e-24 4.203549e-24 8.189185e-24 
7.140000e-01 4.332755e-24 4.166309e-24 8.499064e-24 
7.160000e-01 4.559152e-24 4.126198e-24 8.685350e-24 
7.180000e-01 4.739067e-24 4.087814e-24 8.826880e-24 
7.200000e-01 4.839335e-24 4.050178e-24 8.889513e-24 
7.220000e-01 4.910891e-24 4.012828e-24 8.923719e-24 
7.240000e-01 4.969605e-24 3.977106e-24 8.946711e-24 
7.260000e-01 5.010908e-24 3.941414e-24 8.952322e-24 
7.280000e-01 5.044548e-24 3.905973e-24 8.950521e-24 
7.300000e-01 5.072261e-24 3.870771e-24 8.943032e-24 
7.320000e-01 5.089859e-24 3.835316e-24 8.925175e-24 
7.340000e-01 5.102673e-24 3.799462e-24 8.902135e-24 
7.360000e-01 5.111846e-24 3.764243e-24 8.876090e-24 
7.380000e-01 5.116957e-24 3.728856e-24 8.845813e-24 
7.400000e-01 5.119826e-24 3.694571e-24 8.814398e-24 
7.420000e-01 5.117459e-24 3.660818e-24 8.778277e-24 
7.440000e-01 5.113861e-24 3.627676e-24 8.741537e-24 
7.460000e-01 5.107863e-24 3.594523e-24 8.702386e-24 
7.480000e-01 5.100277e-24 3.562516e-24 8.662793e-24 
7.500000e-01 5.090642e-24 3.530651e-24 8.621293e-24 
7.520000e-01 5.079299e-24 3.499788e-24 8.579087e-24 
7.540000e-01 5.066170e-24 3.468196e-24 8.534366e-24 
7.560000e-01 5.051163e-24 3.437649e-24 8.488812e-24 
7.580000e-01 5.036059e-24 3.407822e-24 8.443881e-24 
7.600000e-01 5.020011e-24 3.378351e-24 8.398362e-24 
7.620000e-01 5.002158e-24 3.349166e-24 8.351324e-24 
7.640000e-01 4.983443e-24 3.320266e-24 8.303709e-24 
7.660000e-01 4.963560e-24 3.291561e-24 8.255121e-24 
7.680000e-01 4.943486e-24 3.263777e-24 8.207264e-24 
7.700000e-01 4.922798e-24 3.235675e-24 8.158473e-24 
7.720000e-01 4.900973e-24 3.208262e-24 8.109235e-24 
7.740000e-01 4.878758e-24 3.180479e-24 8.059237e-24 
7.760000e-01 4.856173e-24 3.152043e-24 8.008216e-24 
7.780000e-01 4.831853e-24 3.124417e-24 7.956270e-24 
7.800000e-01 4.807814e-24 3.096847e-24 7.904661e-24 
7.820000e-01 4.783284e-24 3.068707e-24 7.851991e-24 
7.840000e-01 4.757886e-24 3.042280e-24 7.800166e-24 
7.860000e-01 4.731376e-24 3.016091e-24 7.747467e-24 
7.880000e-01 4.705249e-24 2.990149e-24 7.695399e-24 
7.900000e-01 4.678654e-24 2.964739e-24 7.643393e-24 
7.920000e-01 4.650910e-24 2.938996e-24 7.589906e-24 
7.940000e-01 4.622628e-24 2.914416e-24 7.537045e-24 
7.960000e-01 4.591170e-24 2.890337e-24 7.481507e-24 
7.980000e-01 4.560891e-24 2.865673e-24 7.426565e-24 
8.000000e-01 4.534665e-24 2.841250e-24 7.375915e-24 
8.020000e-01 4.504794e-24 2.817985e-24 7.322779e-24 
8.040000e-01 4.478431e-24 2.794651e-24 7.273082e-24 
8.060000e-01 4.452846e-24 2.771054e-24 7.223900e-24 
8.080000e-01 4.427225e-24 2.750252e-24 7.177478e-24 
8.100000e-01 4.401585e-24 2.724930e-24 7.126515e-24 
8.120000e-01 4.377240e-24 2.701474e-24 7.078714e-24 
8.140000e-01 4.353777e-24 2.685208e-24 7.038984e-24 
8.160000e-01 4.330267e-24 2.654911e-24 6.985178e-24 
8.180000e-01 4.307046e-24 2.631653e-24 6.938699e-24 
8.200000e-01 4.283116e-24 2.609829e-24 6.892945e-24 
8.220000e-01 4.260432e-24 2.589121e-24 6.849553e-24 
8.240000e-01 4.237638e-24 2.568638e-24 6.806276e-24 
8.260000e-01 4.215153e-24 2.548345e-24 6.763498e-24 
8.280000e-01 4.192576e-24 2.527913e-24 6.720489e-24 
8.300000e-01 4.170865e-24 2.507202e-24 6.678067e-24 
8.320000e-01 4.148434e-24 2.486406e-24 6.634840e-24 
8.340000e-01 4.126598e-24 2.465777e-24 6.592375e-24 
8.360000e-01 4.105770e-24 2.445344e-24 6.551114e-24 
8.380000e-01 4.084675e-24 2.425417e-24 6.510092e-24 
8.400000e-01 4.067572e-24 2.405275e-24 6.472847e-24 
8.420000e-01 4.044068e-24 2.386199e-24 6.430267e-24 
8.440000e-01 4.024369e-24 2.367040e-24 6.391409e-24 
8.460000e-01 4.004317e-24 2.347365e-24 6.351682e-24 
8.480000e-01 3.985288e-24 2.328336e-24 6.313624e-24 
8.500000e-01 3.966151e-24 2.309997e-24 6.276148e-24 
8.520000e-01 3.947243e-24 2.291754e-24 6.238997e-24 
8.540000e-01 3.928790e-24 2.273904e-24 6.202693e-24 
8.560000e-01 3.909665e-24 2.255712e-24 6.165377e-24 
8.580000e-01 3.890805e-24 2.237916e-24 6.128721e-24 
8.600000e-01 3.871942e-24 2.218957e-24 6.090899e-24 
8.620000e-01 3.853152e-24 2.200932e-24 6.054084e-24 
8.640000e-01 3.834262e-24 2.182425e-24 6.016687e-24 
8.660000e-01 3.814738e-24 2.164449e-24 5.979187e-24 
8.680000e-01 3.795722e-24 2.146519e-24 5.942241e-24 
8.700000e-01 3.776160e-24 2.129011e-24 5.905170e-24 
8.720000e-01 3.756437e-24 2.111558e-24 5.867995e-24 
8.740000e-01 3.736241e-24 2.094904e-24 5.831145e-24 
8.760000e-01 3.715227e-24 2.077575e-24 5.792802e-24 
8.780000e-01 3.694566e-24 2.061179e-24 5.755745e-24 
8.800000e-01 3.673649e-24 2.045858e-24 5.719507e-24 
8.820000e-01 3.653729e-24 2.031033e-24 5.684762e-24 
8.840000e-01 3.632727e-24 2.016009e-24 5.648736e-24 
8.860000e-01 3.611498e-24 2.000802e-24 5.612299e-24 
8.880000e-01 3.590757e-24 1.985928e-24 5.576685e-24 
8.900000e-01 3.569399e-24 1.971137e-24 5.540536e-24 
8.920000e-01 3.548416e-24 1.955269e-24 5.503686e-24 
8.940000e-01 3.460974e-24 1.940478e-24 5.401452e-24 
8.960000e-01 3.507090e-24 1.925304e-24 5.432394e-24 
8.980000e-01 3.486834e-24 1.910578e-24 5.397411e-24 
9.000000e-01 3.466269e-24 1.894989e-24 5.361257e-24 
9.020000e-01 3.445447e-24 1.879695e-24 5.325142e-24 
9.040000e-01 3.424801e-24 1.864650e-24 5.289451e-24 
9.060000e-01 3.404711e-24 1.849460e-24 5.254171e-24 
9.080000e-01 3.384667e-24 1.834547e-24 5.219214e-24 
9.100000e-01 3.364207e-24 1.814601e-24 5.178808e-24 
9.120000e-01 3.344428e-24 1.807217e-24 5.151646e-24 
9.140000e-01 3.324187e-24 1.768712e-24 5.092899e-24 
9.160000e-01 3.304104e-24 1.780772e-24 5.084876e-24 
9.180000e-01 3.284563e-24 1.767987e-24 5.052550e-24 
9.200000e-01 3.264626e-24 1.754541e-24 5.019166e-24 
9.220000e-01 3.245150e-24 1.740438e-24 4.985588e-24 
9.240000e-01 3.109824e-24 1.725530e-24 4.835354e-24 
9.260000e-01 3.205939e-24 1.713591e-24 4.919530e-24 
9.280000e-01 3.186814e-24 1.700261e-24 4.887075e-24 
9.300000e-01 3.166845e-24 1.687256e-24 4.854101e-24 
9.320000e-01 3.147715e-24 1.675394e-24 4.823109e-24 
9.340000e-01 3.128555e-24 1.663797e-24 4.792352e-24 
9.360000e-01 3.109382e-24 1.652222e-24 4.761604e-24 
9.380000e-01 3.090698e-24 1.640427e-24 4.731125e-24 
9.400000e-01 3.071363e-24 1.628958e-24 4.700322e-24 
9.420000e-01 3.052681e-24 1.617259e-24 4.669940e-24 
9.440000e-01 3.034038e-24 1.605530e-24 4.639568e-24 
9.460000e-01 3.015702e-24 1.593801e-24 4.609503e-24 
9.480000e-01 2.997726e-24 1.582144e-24 4.579870e-24 
9.500000e-01 2.979221e-24 1.570456e-24 4.549677e-24 
9.520000e-01 2.960702e-24 1.558676e-24 4.519377e-24 
9.540000e-01 2.942693e-24 1.547914e-24 4.490607e-24 
9.560000e-01 2.925034e-24 1.536463e-24 4.461497e-24 
9.580000e-01 2.906835e-24 1.525564e-24 4.432399e-24 
9.600000e-01 2.888891e-24 1.514441e-24 4.403331e-24 
9.620000e-01 2.871290e-24 1.503613e-24 4.374903e-24 
9.640000e-01 2.853369e-24 1.492270e-24 4.345639e-24 
9.660000e-01 2.835882e-24 1.480803e-24 4.316685e-24 
9.680000e-01 2.818714e-24 1.469642e-24 4.288356e-24 
9.700000e-01 2.801691e-24 1.458386e-24 4.260076e-24 
9.720000e-01 2.784407e-24 1.447040e-24 4.231447e-24 
9.740000e-01 2.767577e-24 1.436484e-24 4.204061e-24 
9.760000e-01 2.750396e-24 1.426875e-24 4.177271e-24 
9.780000e-01 2.733607e-24 1.416503e-24 4.150110e-24 
9.800000e-01 2.717070e-24 1.407168e-24 4.124238e-24 
9.820000e-01 2.703001e-24 1.397363e-24 4.100364e-24 
9.840000e-01 2.683326e-24 1.387913e-24 4.071239e-24 
9.860000e-01 2.667565e-24 1.377790e-24 4.045355e-24 
9.880000e-01 2.651438e-24 1.367842e-24 4.019281e-24 
9.900000e-01 2.634674e-24 1.357938e-24 3.992612e-24 
9.920000e-01 2.618811e-24 1.347616e-24 3.966427e-24 
9.940000e-01 2.602749e-24 1.337619e-24 3.940368e-24 
9.960000e-01 2.588817e-24 1.327974e-24 3.916791e-24 
9.980000e-01 2.571148e-24 1.320635e-24 3.891783e-24 
1.000000e+00 2.555690e-24 1.313294e-24 3.868983e-24 
1.002000e+00 2.540268e-24 1.304866e-24 3.845134e-24 
1.004000e+00 2.524716e-24 1.297205e-24 3.821921e-24 
1.006000e+00 2.509409e-24 1.287700e-24 3.797109e-24 
1.008000e+00 2.494121e-24 1.279457e-24 3.773577e-24 
1.010000e+00 2.479071e-24 1.271192e-24 3.750263e-24 
1.012000e+00 2.463880e-24 1.262618e-24 3.726498e-24 
1.014000e+00 2.449016e-24 1.254169e-24 3.703185e-24 
1.016000e+00 2.433900e-24 1.246016e-24 3.679916e-24 
1.018000e+00 2.419537e-24 1.237385e-24 3.656922e-24 
1.020000e+00 2.404641e-24 1.229586e-24 3.634226e-24 
1.022000e+00 2.389899e-24 1.221167e-24 3.611067e-24 
1.024000e+00 2.384013e-24 1.212859e-24 3.596872e-24 
1.026000e+00 2.361372e-24 1.205244e-24 3.566616e-24 
1.028000e+00 2.347030e-24 1.197820e-24 3.544850e-24 
1.030000e+00 2.332267e-24 1.190120e-24 3.522387e-24 
1.032000e+00 2.318496e-24 1.182328e-24 3.500824e-24 
1.034000e+00 2.304272e-24 1.174391e-24 3.478663e-24 
1.036000e+00 2.290169e-24 1.167143e-24 3.457313e-24 
1.038000e+00 2.276617e-24 1.159240e-24 3.435857e-24 
1.040000e+00 2.262386e-24 1.151982e-24 3.414368e-24 
1.042000e+00 2.248840e-24 1.144357e-24 3.393198e-24 
1.044000e+00 2.234914e-24 1.136853e-24 3.371766e-24 
1.046000e+00 2.221442e-24 1.129617e-24 3.351059e-24 
1.048000e+00 2.208298e-24 1.122225e-24 3.330522e-24 
1.050000e+00 2.195055e-24 1.115302e-24 3.310357e-24 
1.052000e+00 2.181789e-24 1.108055e-24 3.289844e-24 
1.054000e+00 2.168452e-24 1.100956e-24 3.269407e-24 
1.056000e+00 2.155575e-24 1.094258e-24 3.249834e-24 
1.058000e+00 2.142447e-24 1.087566e-24 3.230013e-24 
1.060000e+00 2.129608e-24 1.080637e-24 3.210246e-24 
1.062000e+00 2.116462e-24 1.073937e-24 3.190399e-24 
1.064000e+00 2.103515e-24 1.067108e-24 3.170624e-24 
1.066000e+00 2.091129e-24 1.060248e-24 3.151378e-24 
1.068000e+00 2.078382e-24 1.053301e-24 3.131683e-24 
1.070000e+00 2.065583e-24 1.046590e-24 3.112172e-24 
1.072000e+00 2.053099e-24 1.039837e-24 3.092936e-24 
1.074000e+00 2.040645e-24 1.033453e-24 3.074097e-24 
1.076000e+00 2.028280e-24 1.027178e-24 3.055459e-24 
1.078000e+00 2.016108e-24 1.020715e-24 3.036822e-24 
1.080000e+00 2.003946e-24 1.014463e-24 3.018408e-24 
1.082000e+00 1.991696e-24 1.008159e-24 2.999855e-24 
1.084000e+00 1.979485e-24 1.002020e-24 2.981506e-24 
1.086000e+00 1.967710e-24 9.958229e-25 2.963533e-24 
1.088000e+00 1.955851e-24 9.897541e-25 2.945605e-24 
1.090000e+00 1.943962e-24 9.833610e-25 2.927323e-24 
1.092000e+00 1.932453e-24 9.769400e-25 2.909393e-24 
1.094000e+00 1.920875e-24 9.710916e-25 2.891967e-24 
1.096000e+00 1.909169e-24 9.648263e-25 2.873995e-24 
1.098000e+00 1.897345e-24 9.590253e-25 2.856370e-24 
1.100000e+00 1.886319e-24 9.533411e-25 2.839660e-24 
1.102000e+00 1.875021e-24 9.476588e-25 2.822679e-24 
1.104000e+00 1.863803e-24 9.417713e-25 2.805575e-24 
1.106000e+00 1.852442e-24 9.360393e-25 2.788481e-24 
1.108000e+00 1.841468e-24 9.303764e-25 2.771845e-24 
1.110000e+00 1.830074e-24 9.253099e-25 2.755384e-24 
1.112000e+00 1.819144e-24 9.188738e-25 2.738018e-24 
1.114000e+00 1.808156e-24 9.131983e-25 2.721355e-24 
1.116000e+00 1.797116e-24 9.076715e-25 2.704788e-24 
1.118000e+00 1.786226e-24 9.020193e-25 2.688245e-24 
1.120000e+00 1.775430e-24 8.963828e-25 2.671813e-24 
1.122000e+00 1.755342e-24 8.907737e-25 2.646116e-24 
1.124000e+00 1.744548e-24 8.859243e-25 2.630472e-24 
1.126000e+00 1.735020e-24 8.804474e-25 2.615468e-24 
1.128000e+00 1.723474e-24 8.753587e-25 2.598833e-24 
1.130000e+00 1.712661e-24 8.652143e-25 2.577875e-24 
1.132000e+00 1.702331e-24 8.601627e-25 2.562494e-24 
1.134000e+00 1.692101e-24 8.551744e-25 2.547275e-24 
1.136000e+00 1.682085e-24 8.496924e-25 2.531778e-24 
1.138000e+00 1.672216e-24 8.447870e-25 2.517003e-24 
1.140000e+00 1.662016e-24 8.397273e-25 2.501743e-24 
1.142000e+00 1.651600e-24 8.344927e-25 2.486093e-24 
1.144000e+00 1.641792e-24 8.296934e-25 2.471485e-24 
1.146000e+00 1.631883e-24 8.247971e-25 2.456680e-24 
1.148000e+00 1.621865e-24 8.197463e-25 2.441611e-24 
1.150000e+00 1.612147e-24 8.148354e-25 2.426983e-24 
1.152000e+00 1.602639e-24 8.101049e-25 2.412743e-24 
1.154000e+00 1.592888e-24 8.053716e-25 2.398259e-24 
1.156000e+00 1.583269e-24 8.006012e-25 2.383871e-24 
1.158000e+00 1.573583e-24 7.955543e-25 2.369137e-24 
1.160000e+00 1.564081e-24 7.909239e-25 2.355005e-24 
1.162000e+00 1.554365e-24 7.862324e-25 2.340598e-24 
1.164000e+00 1.545222e-24 7.816381e-25 2.326860e-24 
1.166000e+00 1.535620e-24 7.770634e-25 2.312683e-24 
1.168000e+00 1.526399e-24 7.724379e-25 2.298837e-24 
1.170000e+00 1.517393e-24 7.677756e-25 2.285168e-24 
1.172000e+00 1.507851e-24 7.631912e-25 2.271043e-24 
1.174000e+00 1.499215e-24 7.586734e-25 2.257889e-24 
1.176000e+00 1.489872e-24 7.543972e-25 2.244269e-24 
1.178000e+00 1.481595e-24 7.499252e-25 2.231520e-24 
1.180000e+00 1.472799e-24 7.456980e-25 2.218497e-24 
1.182000e+00 1.463076e-24 7.421282e-25 2.205204e-24 
1.184000e+00 1.453991e-24 7.374075e-25 2.191399e-24 
1.186000e+00 1.445499e-24 7.331064e-25 2.178605e-24 
1.188000e+00 1.436757e-24 7.288248e-25 2.165581e-24 
1.190000e+00 1.428274e-24 7.248965e-25 2.153170e-24 
1.192000e+00 1.419711e-24 7.204568e-25 2.140167e-24 
1.194000e+00 1.411155e-24 7.165646e-25 2.127720e-24 
1.196000e+00 1.411818e-24 7.121296e-25 2.123948e-24 
1.198000e+00 1.393885e-24 7.081549e-25 2.102040e-24 
1.200000e+00 1.385182e-24 7.038367e-25 2.089019e-24 
1.202000e+00 1.376759e-24 6.998020e-25 2.076561e-24 
1.204000e+00 1.368232e-24 6.957842e-25 2.064016e-24 
1.206000e+00 1.360120e-24 6.920658e-25 2.052186e-24 
1.208000e+00 1.351759e-24 6.880692e-25 2.039828e-24 
1.210000e+00 1.343372e-24 6.843037e-25 2.027676e-24 
1.212000e+00 1.335247e-24 6.802994e-25 2.015546e-24 
1.214000e+00 1.327166e-24 6.766494e-25 2.003816e-24 
1.216000e+00 1.319112e-24 6.729357e-25 1.992048e-24 
1.218000e+00 1.310516e-24 6.689451e-25 1.979461e-24 
1.220000e+00 1.302872e-24 6.651631e-25 1.968035e-24 
1.222000e+00 1.294744e-24 6.614876e-25 1.956232e-24 
1.224000e+00 1.286922e-24 6.579016e-25 1.944824e-24 
1.226000e+00 1.278909e-24 6.542001e-25 1.933109e-24 
1.228000e+00 1.271074e-24 6.506309e-25 1.921704e-24 
1.230000e+00 1.263399e-24 6.467007e-25 1.910100e-24 
1.232000e+00 1.255659e-24 6.432463e-25 1.898905e-24 
1.234000e+00 1.247876e-24 6.398397e-25 1.887716e-24 
1.236000e+00 1.240125e-24 6.363622e-25 1.876487e-24 
1.238000e+00 1.231998e-24 6.328293e-25 1.864827e-24 
1.240000e+00 1.224117e-24 6.293848e-25 1.853502e-24 
1.242000e+00 1.216592e-24 6.259516e-25 1.842543e-24 
1.244000e+00 1.208585e-24 6.225161e-25 1.831101e-24 
1.246000e+00 1.200537e-24 6.189928e-25 1.819529e-24 
1.248000e+00 1.192525e-24 6.078197e-25 1.800345e-24 
1.250000e+00 1.184824e-24 6.121751e-25 1.796999e-24 
1.252000e+00 1.177358e-24 6.086843e-25 1.786043e-24 
1.254000e+00 1.169693e-24 6.054453e-25 1.775138e-24 
1.256000e+00 1.161598e-24 6.021071e-25 1.763705e-24 
1.258000e+00 1.153893e-24 5.986056e-25 1.752499e-24 
1.260000e+00 1.146551e-24 5.953271e-25 1.741878e-24 
1.262000e+00 1.138166e-24 5.920675e-25 1.730233e-24 
1.264000e+00 1.130664e-24 5.889905e-25 1.719654e-24 
1.266000e+00 1.122917e-24 5.858693e-25 1.708787e-24 
1.268000e+00 1.114497e-24 5.827845e-25 1.697281e-24 
1.270000e+00 1.106618e-24 5.797067e-25 1.686325e-24 
1.272000e+00 1.098519e-24 5.765347e-25 1.675053e-24 
1.274000e+00 1.090256e-24 5.733694e-25 1.663625e-24 
1.276000e+00 1.081569e-24 5.703888e-25 1.651958e-24 
1.278000e+00 1.073436e-24 5.673135e-25 1.640749e-24 
1.280000e+00 1.064916e-24 5.643749e-25 1.629291e-24 
1.282000e+00 1.054964e-24 5.612311e-25 1.616195e-24 
1.284000e+00 1.046321e-24 5.581610e-25 1.604482e-24 
1.286000e+00 1.036404e-24 5.550111e-25 1.591415e-24 
1.288000e+00 1.025487e-24 5.512385e-25 1.576725e-24 
1.290000e+00 1.010871e-24 5.490137e-25 1.559884e-24 
1.292000e+00 9.987093e-25 5.461565e-25 1.544866e-24 
1.294000e+00 9.865522e-25 5.430461e-25 1.529598e-24 
1.296000e+00 9.750605e-25 5.401984e-25 1.515259e-24 
1.298000e+00 9.642748e-25 5.373403e-25 1.501615e-24 
1.300000e+00 9.578316e-25 5.350027e-25 1.492834e-24 
1.302000e+00 9.535325e-25 5.316592e-25 1.485192e-24 
1.304000e+00 9.496397e-25 5.287995e-25 1.478439e-24 
1.306000e+00 9.509828e-25 5.260255e-25 1.477008e-24 
1.308000e+00 9.533880e-25 5.232289e-25 1.476617e-24 
1.310000e+00 9.559897e-25 5.203748e-25 1.476364e-24 
1.312000e+00 9.595296e-25 5.176599e-25 1.477190e-24 
1.314000e+00 9.630695e-25 5.150283e-25 1.478098e-24 
1.316000e+00 9.667942e-25 5.121992e-25 1.478993e-24 
1.318000e+00 9.670483e-25 5.094399e-25 1.476488e-24 
1.320000e+00 9.673387e-25 5.068491e-25 1.474188e-24 
1.322000e+00 9.675008e-25 5.042358e-25 1.471737e-24 
1.324000e+00 9.656883e-25 5.017185e-25 1.467407e-24 
1.326000e+00 9.643258e-25 4.991528e-25 1.463479e-24 
1.328000e+00 9.625369e-25 4.966651e-25 1.459202e-24 
1.330000e+00 9.600946e-25 4.941102e-25 1.454205e-24 
1.332000e+00 9.575879e-25 4.915393e-25 1.449127e-24 
1.334000e+00 9.552470e-25 4.890355e-25 1.444283e-24 
1.336000e+00 9.520977e-25 4.864859e-25 1.438584e-24 
1.338000e+00 9.491159e-25 4.839201e-25 1.433036e-24 
1.340000e+00 9.460733e-25 4.815860e-25 1.427659e-24 
1.342000e+00 9.425517e-25 4.789069e-25 1.421459e-24 
1.344000e+00 9.395525e-25 4.764371e-25 1.415990e-24 
1.346000e+00 9.361753e-25 4.737712e-25 1.409947e-24 
1.348000e+00 9.325375e-25 4.715629e-25 1.404100e-24 
1.350000e+00 9.291467e-25 4.689550e-25 1.398102e-24 
1.352000e+00 9.261195e-25 4.667507e-25 1.392870e-24 
1.354000e+00 9.224288e-25 4.643727e-25 1.386802e-24 
1.356000e+00 9.188294e-25 4.621369e-25 1.380966e-24 
1.358000e+00 9.154210e-25 4.596963e-25 1.375117e-24 
1.360000e+00 9.118849e-25 4.586366e-25 1.370522e-24 
1.362000e+00 9.083816e-25 4.548154e-25 1.363197e-24 
1.364000e+00 9.048222e-25 4.526849e-25 1.357507e-24 
1.366000e+00 9.013620e-25 4.503147e-25 1.351677e-24 
1.368000e+00 8.975620e-25 4.481148e-25 1.345677e-24 
1.370000e+00 8.939624e-25 4.458048e-25 1.339767e-24 
1.372000e+00 8.902012e-25 4.436598e-25 1.333861e-24 
1.374000e+00 8.866757e-25 4.412077e-25 1.327883e-24 
1.376000e+00 8.830766e-25 4.390920e-25 1.322169e-24 
1.378000e+00 8.784102e-25 4.367588e-25 1.315169e-24 
1.380000e+00 8.760785e-25 4.345764e-25 1.310655e-24 
1.382000e+00 8.726591e-25 4.325289e-25 1.305188e-24 
1.384000e+00 8.688373e-25 4.304518e-25 1.299289e-24 
1.386000e+00 8.650395e-25 4.281223e-25 1.293162e-24 
1.388000e+00 8.612114e-25 4.260774e-25 1.287289e-24 
1.390000e+00 8.577409e-25 4.239734e-25 1.281714e-24 
1.392000e+00 8.537904e-25 4.219022e-25 1.275693e-24 
1.394000e+00 8.503334e-25 4.197833e-25 1.270117e-24 
1.396000e+00 8.466263e-25 4.176171e-25 1.264243e-24 
1.398000e+00 8.429107e-25 4.155469e-25 1.258458e-24 
1.400000e+00 8.396831e-25 4.134873e-25 1.253170e-24 
1.402000e+00 8.359263e-25 4.114868e-25 1.247413e-24 
1.404000e+00 8.320333e-25 4.097067e-25 1.241740e-24 
1.406000e+00 8.284117e-25 4.074412e-25 1.235853e-24 
1.408000e+00 8.246177e-25 4.051727e-25 1.229790e-24 
1.410000e+00 8.214254e-25 4.032426e-25 1.224668e-24 
1.412000e+00 8.174047e-25 4.012086e-25 1.218613e-24 
1.414000e+00 8.141260e-25 3.993848e-25 1.213511e-24 
1.416000e+00 8.105028e-25 3.974945e-25 1.207997e-24 
1.418000e+00 8.070834e-25 3.955796e-25 1.202663e-24 
1.420000e+00 8.034279e-25 3.936179e-25 1.197046e-24 
1.422000e+00 7.999126e-25 3.917647e-25 1.191677e-24 
1.424000e+00 7.965219e-25 3.899180e-25 1.186440e-24 
1.426000e+00 7.930846e-25 3.885623e-25 1.181647e-24 
1.428000e+00 7.895204e-25 3.861809e-25 1.175701e-24 
1.430000e+00 7.857422e-25 3.844345e-25 1.170177e-24 
1.432000e+00 7.825109e-25 3.825289e-25 1.165040e-24 
1.434000e+00 7.790328e-25 3.806845e-25 1.159717e-24 
1.436000e+00 7.758134e-25 3.789062e-25 1.154720e-24 
1.438000e+00 7.724066e-25 3.770161e-25 1.149423e-24 
1.440000e+00 7.691014e-25 3.751642e-25 1.144266e-24 
1.442000e+00 7.656467e-25 3.733642e-25 1.139011e-24 
1.444000e+00 7.609020e-25 3.714832e-25 1.132385e-24 
1.446000e+00 7.586021e-25 3.696930e-25 1.128295e-24 
1.448000e+00 7.553662e-25 3.678612e-25 1.123227e-24 
1.450000e+00 7.518652e-25 3.662136e-25 1.118079e-24 
1.452000e+00 7.483662e-25 3.646125e-25 1.112979e-24 
1.454000e+00 7.450948e-25 3.627684e-25 1.107863e-24 
1.456000e+00 7.417812e-25 3.610080e-25 1.102789e-24 
1.458000e+00 7.384306e-25 3.592773e-25 1.097708e-24 
1.460000e+00 7.351795e-25 3.577546e-25 1.092934e-24 
1.462000e+00 7.319510e-25 3.560244e-25 1.087975e-24 
1.464000e+00 7.287169e-25 3.543072e-25 1.083024e-24 
1.466000e+00 7.253709e-25 3.525441e-25 1.077915e-24 
1.468000e+00 7.222992e-25 3.508869e-25 1.073186e-24 
1.470000e+00 7.192060e-25 3.493119e-25 1.068518e-24 
1.472000e+00 7.158871e-25 3.474680e-25 1.063355e-24 
1.474000e+00 7.126649e-25 3.460495e-25 1.058714e-24 
1.476000e+00 7.096601e-25 3.443486e-25 1.054009e-24 
1.478000e+00 7.064720e-25 3.426103e-25 1.049082e-24 
1.480000e+00 7.035587e-25 3.412289e-25 1.044788e-24 
1.482000e+00 7.002854e-25 3.394975e-25 1.039783e-24 
1.484000e+00 6.974152e-25 3.379180e-25 1.035333e-24 
1.486000e+00 6.943196e-25 3.363891e-25 1.030709e-24 
1.488000e+00 6.899626e-25 3.347630e-25 1.024726e-24 
1.490000e+00 6.880857e-25 3.334862e-25 1.021572e-24 
1.492000e+00 6.848998e-25 3.319875e-25 1.016887e-24 
1.494000e+00 6.818434e-25 3.303623e-25 1.012206e-24 
1.496000e+00 6.786904e-25 3.287967e-25 1.007487e-24 
1.498000e+00 6.757305e-25 3.272771e-25 1.003008e-24 
1.500000e+00 6.751323e-25 3.257472e-25 1.000880e-24 
1.502000e+00 6.694739e-25 3.241203e-25 9.935942e-25 
1.504000e+00 6.665770e-25 3.227885e-25 9.893656e-25 
1.506000e+00 6.635631e-25 3.209271e-25 9.844902e-25 
1.508000e+00 6.606719e-25 3.194377e-25 9.801095e-25 
1.510000e+00 6.578375e-25 3.178948e-25 9.757323e-25 
1.512000e+00 6.546502e-25 3.165506e-25 9.712008e-25 
1.514000e+00 6.516690e-25 3.150409e-25 9.667099e-25 
1.516000e+00 6.488789e-25 3.136844e-25 9.625632e-25 
1.518000e+00 6.459404e-25 3.121616e-25 9.581020e-25 
1.520000e+00 6.431637e-25 3.107224e-25 9.538862e-25 
1.522000e+00 6.394345e-25 3.094682e-25 9.489028e-25 
1.524000e+00 6.366093e-25 3.079800e-25 9.445894e-25 
1.526000e+00 6.337222e-25 3.065670e-25 9.402892e-25 
1.528000e+00 6.317381e-25 3.053629e-25 9.371010e-25 
1.530000e+00 6.288661e-25 3.038980e-25 9.327642e-25 
1.532000e+00 6.263715e-25 3.024833e-25 9.288548e-25 
1.534000e+00 6.234628e-25 3.011079e-25 9.245708e-25 
1.536000e+00 6.209662e-25 2.997892e-25 9.207554e-25 
1.538000e+00 6.181325e-25 2.984361e-25 9.165687e-25 
1.540000e+00 6.153923e-25 2.969364e-25 9.123287e-25 
1.542000e+00 6.125334e-25 2.957362e-25 9.082696e-25 
1.544000e+00 6.099237e-25 2.943433e-25 9.042670e-25 
1.546000e+00 6.072193e-25 2.930146e-25 9.002339e-25 
1.548000e+00 6.046300e-25 2.916604e-25 8.962903e-25 
1.550000e+00 6.018268e-25 2.904181e-25 8.922450e-25 
1.552000e+00 5.991367e-25 2.890212e-25 8.881578e-25 
1.554000e+00 5.963696e-25 2.877702e-25 8.841399e-25 
1.556000e+00 5.937631e-25 2.865021e-25 8.802652e-25 
1.558000e+00 5.911850e-25 2.851823e-25 8.763673e-25 
1.560000e+00 5.883410e-25 2.838926e-25 8.722336e-25 
1.562000e+00 5.859006e-25 2.826607e-25 8.685613e-25 
1.564000e+00 5.829502e-25 2.813981e-25 8.643483e-25 
1.566000e+00 5.804282e-25 2.801802e-25 8.606083e-25 
1.568000e+00 5.779757e-25 2.788898e-25 8.568656e-25 
1.570000e+00 5.753497e-25 2.775501e-25 8.528998e-25 
1.572000e+00 5.728423e-25 2.762917e-25 8.491340e-25 
1.574000e+00 5.703807e-25 2.753242e-25 8.457050e-25 
1.576000e+00 5.679568e-25 2.737975e-25 8.417543e-25 
1.578000e+00 5.651809e-25 2.727722e-25 8.379531e-25 
1.580000e+00 5.626396e-25 2.714351e-25 8.340748e-25 
1.582000e+00 5.600658e-25 2.701488e-25 8.302146e-25 
1.584000e+00 5.576368e-25 2.690616e-25 8.266984e-25 
1.586000e+00 5.552492e-25 2.677460e-25 8.229952e-25 
1.588000e+00 5.534011e-25 2.667183e-25 8.201194e-25 
1.590000e+00 5.502494e-25 2.654473e-25 8.156967e-25 
1.592000e+00 5.481227e-25 2.644226e-25 8.125453e-25 
1.594000e+00 5.457097e-25 2.632625e-25 8.089722e-25 
1.596000e+00 5.435548e-25 2.621817e-25 8.057365e-25 
1.598000e+00 5.411052e-25 2.610972e-25 8.022024e-25 
1.600000e+00 5.387237e-25 2.598762e-25 7.985999e-25 
1.602000e+00 5.361738e-25 2.588612e-25 7.950350e-25 
1.604000e+00 5.339050e-25 2.575579e-25 7.914629e-25 
1.606000e+00 5.316820e-25 2.564182e-25 7.881003e-25 
1.608000e+00 5.293514e-25 2.552947e-25 7.846461e-25 
1.610000e+00 5.269285e-25 2.542947e-25 7.812232e-25 
1.612000e+00 5.244603e-25 2.531734e-25 7.776337e-25 
1.614000e+00 5.223309e-25 2.519411e-25 7.742721e-25 
1.616000e+00 5.198579e-25 2.508791e-25 7.707371e-25 
1.618000e+00 5.173519e-25 2.498349e-25 7.671868e-25 
1.620000e+00 5.150734e-25 2.486867e-25 7.637601e-25 
1.622000e+00 5.131020e-25 2.474145e-25 7.605165e-25 
1.624000e+00 5.104816e-25 2.465642e-25 7.570457e-25 
1.626000e+00 5.083558e-25 2.454964e-25 7.538522e-25 
1.628000e+00 5.060662e-25 2.443986e-25 7.504649e-25 
1.630000e+00 5.039612e-25 2.433998e-25 7.473610e-25 
1.632000e+00 5.018434e-25 2.424949e-25 7.443383e-25 
1.634000e+00 4.996259e-25 2.413239e-25 7.409498e-25 
1.636000e+00 4.972213e-25 2.403619e-25 7.375832e-25 
1.638000e+00 4.951610e-25 2.393243e-25 7.344852e-25 
1.640000e+00 4.931978e-25 2.384059e-25 7.316037e-25 
1.642000e+00 4.908826e-25 2.370981e-25 7.279806e-25 
1.644000e+00 4.888208e-25 2.364461e-25 7.252669e-25 
1.646000e+00 4.867054e-25 2.353132e-25 7.220185e-25 
1.648000e+00 4.845024e-25 2.344183e-25 7.189207e-25 
1.650000e+00 4.823823e-25 2.333096e-25 7.156919e-25 
1.652000e+00 4.800996e-25 2.323704e-25 7.124700e-25 
1.654000e+00 4.781097e-25 2.314774e-25 7.095871e-25 
1.656000e+00 4.759445e-25 2.303640e-25 7.063085e-25 
1.658000e+00 4.738268e-25 2.295612e-25 7.033879e-25 
1.660000e+00 4.720036e-25 2.286124e-25 7.006160e-25 
1.662000e+00 4.699883e-25 2.275763e-25 6.975646e-25 
1.664000e+00 4.679354e-25 2.268183e-25 6.947537e-25 
1.666000e+00 4.657338e-25 2.256731e-25 6.914069e-25 
1.668000e+00 4.636316e-25 2.247359e-25 6.883675e-25 
1.670000e+00 4.616731e-25 2.238325e-25 6.855055e-25 
1.672000e+00 4.597933e-25 2.232561e-25 6.830494e-25 
1.674000e+00 4.576542e-25 2.219446e-25 6.795988e-25 
1.676000e+00 4.549467e-25 2.210394e-25 6.759861e-25 
1.678000e+00 4.536224e-25 2.202245e-25 6.738469e-25 
1.680000e+00 4.514185e-25 2.192107e-25 6.706292e-25 
1.682000e+00 4.495044e-25 2.182182e-25 6.677226e-25 
1.684000e+00 4.474990e-25 2.174070e-25 6.649060e-25 
1.686000e+00 4.455721e-25 2.164513e-25 6.620234e-25 
1.688000e+00 4.361425e-25 2.155951e-25 6.517376e-25 
1.690000e+00 4.417119e-25 2.144313e-25 6.561433e-25 
1.692000e+00 4.396463e-25 2.137269e-25 6.533732e-25 
1.694000e+00 4.378832e-25 2.128022e-25 6.506853e-25 
1.696000e+00 4.359120e-25 2.118590e-25 6.477710e-25 
1.698000e+00 4.339673e-25 2.110468e-25 6.450142e-25 
1.700000e+00 4.319270e-25 2.100998e-25 6.420268e-25 
1.702000e+00 4.302402e-25 2.091831e-25 6.394233e-25 
1.704000e+00 4.280539e-25 2.084986e-25 6.365525e-25 
1.706000e+00 4.264313e-25 2.075188e-25 6.339502e-25 
1.708000e+00 4.244194e-25 2.066741e-25 6.310935e-25 
1.710000e+00 4.226472e-25 2.058898e-25 6.285370e-25 
1.712000e+00 4.210085e-25 2.050349e-25 6.260434e-25 
1.714000e+00 4.189201e-25 2.041861e-25 6.231061e-25 
1.716000e+00 4.171574e-25 2.033472e-25 6.205045e-25 
1.718000e+00 4.153785e-25 2.025774e-25 6.179559e-25 
1.720000e+00 4.136213e-25 2.017779e-25 6.153992e-25 
1.722000e+00 4.114873e-25 2.009037e-25 6.123909e-25 
1.724000e+00 4.098792e-25 2.000057e-25 6.098849e-25 
1.726000e+00 4.081481e-25 1.993460e-25 6.074940e-25 
1.728000e+00 4.069524e-25 1.984223e-25 6.053747e-25 
1.730000e+00 4.045802e-25 1.979886e-25 6.025689e-25 
1.732000e+00 4.027979e-25 1.967695e-25 5.995674e-25 
1.734000e+00 4.010372e-25 1.960471e-25 5.970843e-25 
1.736000e+00 3.991128e-25 1.951934e-25 5.943062e-25 
1.738000e+00 3.975248e-25 1.942928e-25 5.918176e-25 
1.740000e+00 3.956229e-25 1.936131e-25 5.892360e-25 
1.742000e+00 3.935551e-25 1.927402e-25 5.862953e-25 
1.744000e+00 3.917773e-25 1.920806e-25 5.838579e-25 
1.746000e+00 3.901525e-25 1.908898e-25 5.810423e-25 
1.748000e+00 3.882056e-25 1.904663e-25 5.786719e-25 
1.750000e+00 3.865873e-25 1.896393e-25 5.762266e-25 
1.752000e+00 3.848489e-25 1.889159e-25 5.737648e-25 
1.754000e+00 3.830659e-25 1.881493e-25 5.712151e-25 
1.756000e+00 3.812810e-25 1.874632e-25 5.687443e-25 
1.758000e+00 3.795070e-25 1.867570e-25 5.662640e-25 
1.760000e+00 3.778877e-25 1.860051e-25 5.638929e-25 
1.762000e+00 3.760509e-25 1.852691e-25 5.613200e-25 
1.764000e+00 3.744419e-25 1.844248e-25 5.588667e-25 
1.766000e+00 3.719391e-25 1.837090e-25 5.556481e-25 
1.768000e+00 3.709794e-25 1.829968e-25 5.539763e-25 
1.770000e+00 3.691349e-25 1.822705e-25 5.514054e-25 
1.772000e+00 3.675824e-25 1.815042e-25 5.490866e-25 
1.774000e+00 3.657893e-25 1.808546e-25 5.466440e-25 
1.776000e+00 3.473933e-25 1.799748e-25 5.273681e-25 
1.778000e+00 3.623046e-25 1.793379e-25 5.416425e-25 
1.780000e+00 3.603269e-25 1.786471e-25 5.389740e-25 
1.782000e+00 3.588924e-25 1.779369e-25 5.368293e-25 
1.784000e+00 3.569792e-25 1.774566e-25 5.344358e-25 
1.786000e+00 3.553956e-25 1.767109e-25 5.321065e-25 
1.788000e+00 3.535069e-25 1.760181e-25 5.295250e-25 
1.790000e+00 3.517823e-25 1.752952e-25 5.270775e-25 
1.792000e+00 3.501408e-25 1.747086e-25 5.248495e-25 
1.794000e+00 3.482758e-25 1.741958e-25 5.224716e-25 
1.796000e+00 3.466427e-25 1.733159e-25 5.199585e-25 
1.798000e+00 3.450418e-25 1.726617e-25 5.177035e-25 
1.800000e+00 3.430083e-25 1.722337e-25 5.152420e-25 
1.802000e+00 3.412969e-25 1.713522e-25 5.126491e-25 
1.804000e+00 3.394071e-25 1.705776e-25 5.099847e-25 
1.806000e+00 3.375001e-25 1.700404e-25 5.075404e-25 
1.808000e+00 3.353646e-25 1.692694e-25 5.046340e-25 
1.810000e+00 3.336519e-25 1.685450e-25 5.021970e-25 
1.812000e+00 3.315396e-25 1.679673e-25 4.995068e-25 
1.814000e+00 3.296157e-25 1.673255e-25 4.969412e-25 
1.816000e+00 3.270931e-25 1.665654e-25 4.936584e-25 
1.818000e+00 3.248149e-25 1.660276e-25 4.908425e-25 
1.820000e+00 3.227720e-25 1.653200e-25 4.880919e-25 
1.822000e+00 3.203967e-25 1.647184e-25 4.851151e-25 
1.824000e+00 3.177094e-25 1.640726e-25 4.817820e-25 
1.826000e+00 3.146487e-25 1.635056e-25 4.781543e-25 
1.828000e+00 3.117958e-25 1.626747e-25 4.744704e-25 
1.830000e+00 3.093756e-25 1.623428e-25 4.717184e-25 
1.832000e+00 3.075104e-25 1.616615e-25 4.691719e-25 
1.834000e+00 3.049529e-25 1.609468e-25 4.658998e-25 
1.836000e+00 3.026706e-25 1.604674e-25 4.631380e-25 
1.838000e+00 3.009258e-25 1.597176e-25 4.606434e-25 
1.840000e+00 2.998568e-25 1.591590e-25 4.590157e-25 
1.842000e+00 2.994079e-25 1.586253e-25 4.580332e-25 
1.844000e+00 2.985758e-25 1.578673e-25 4.564431e-25 
1.846000e+00 2.978586e-25 1.573885e-25 4.552472e-25 
1.848000e+00 2.985007e-25 1.568745e-25 4.553751e-25 
1.850000e+00 2.991192e-25 1.560923e-25 4.552114e-25 
1.852000e+00 2.997056e-25 1.556021e-25 4.553077e-25 
1.854000e+00 3.006228e-25 1.549361e-25 4.555589e-25 
1.856000e+00 3.013053e-25 1.544274e-25 4.557327e-25 
1.858000e+00 3.017132e-25 1.538062e-25 4.555194e-25 
1.860000e+00 3.023442e-25 1.533169e-25 4.556611e-25 
1.862000e+00 3.029970e-25 1.525624e-25 4.555593e-25 
1.864000e+00 3.028696e-25 1.520880e-25 4.549576e-25 
1.866000e+00 3.023887e-25 1.514973e-25 4.538859e-25 
1.868000e+00 3.022270e-25 1.509236e-25 4.531507e-25 
1.870000e+00 3.018459e-25 1.503465e-25 4.521924e-25 
1.872000e+00 3.013230e-25 1.498053e-25 4.511283e-25 
1.874000e+00 3.007294e-25 1.492545e-25 4.499839e-25 
1.876000e+00 3.001056e-25 1.486910e-25 4.487966e-25 
1.878000e+00 2.996567e-25 1.480971e-25 4.477538e-25 
1.880000e+00 2.989563e-25 1.477321e-25 4.466884e-25 
1.882000e+00 2.985697e-25 1.477305e-25 4.463002e-25 
1.884000e+00 2.978081e-25 1.465836e-25 4.443917e-25 
1.886000e+00 2.971015e-25 1.460299e-25 4.431314e-25 
1.888000e+00 2.964362e-25 1.455401e-25 4.419763e-25 
1.890000e+00 2.955795e-25 1.449847e-25 4.405642e-25 
1.892000e+00 2.948954e-25 1.443329e-25 4.392283e-25 
1.894000e+00 2.942843e-25 1.438275e-25 4.381118e-25 
1.896000e+00 2.934073e-25 1.433490e-25 4.367563e-25 
1.898000e+00 2.928136e-25 1.427549e-25 4.355684e-25 
1.900000e+00 2.920499e-25 1.424031e-25 4.344530e-25 
1.902000e+00 2.907021e-25 1.416323e-25 4.323343e-25 
1.904000e+00 2.904715e-25 1.413623e-25 4.318338e-25 
1.906000e+00 2.895619e-25 1.408559e-25 4.304178e-25 
1.908000e+00 2.889744e-25 1.401768e-25 4.291512e-25 
1.910000e+00 2.879728e-25 1.396857e-25 4.276585e-25 
1.912000e+00 2.872185e-25 1.392323e-25 4.264508e-25 
1.914000e+00 2.863411e-25 1.387593e-25 4.251004e-25 
1.916000e+00 2.856592e-25 1.381772e-25 4.238364e-25 
1.918000e+00 2.845550e-25 1.376704e-25 4.222254e-25 
1.920000e+00 2.840519e-25 1.373138e-25 4.213656e-25 
1.922000e+00 2.832327e-25 1.367617e-25 4.199944e-25 
1.924000e+00 2.824530e-25 1.361251e-25 4.185781e-25 
1.926000e+00 2.815289e-25 1.357781e-25 4.173070e-25 
1.928000e+00 2.808793e-25 1.353078e-25 4.161871e-25 
1.930000e+00 2.799327e-25 1.346054e-25 4.145381e-25 
1.932000e+00 2.792108e-25 1.343378e-25 4.135486e-25 
1.934000e+00 2.784108e-25 1.337830e-25 4.121938e-25 
1.936000e+00 2.775756e-25 1.332665e-25 4.108421e-25 
1.938000e+00 2.766767e-25 1.328434e-25 4.095201e-25 
1.940000e+00 2.759376e-25 1.323263e-25 4.082638e-25 
1.942000e+00 2.751040e-25 1.318428e-25 4.069468e-25 
1.944000e+00 2.741613e-25 1.313924e-25 4.055537e-25 
1.946000e+00 2.733556e-25 1.308480e-25 4.042036e-25 
1.948000e+00 2.724485e-25 1.299907e-25 4.024392e-25 
1.950000e+00 2.716765e-25 1.298180e-25 4.014945e-25 
1.952000e+00 2.706197e-25 1.293122e-25 3.999319e-25 
1.954000e+00 2.698604e-25 1.289626e-25 3.988230e-25 
1.956000e+00 2.689357e-25 1.283852e-25 3.973209e-25 
1.958000e+00 2.683785e-25 1.279113e-25 3.962898e-25 
1.960000e+00 2.675333e-25 1.275892e-25 3.951225e-25 
1.962000e+00 2.666793e-25 1.270249e-25 3.937042e-25 
1.964000e+00 2.657856e-25 1.265877e-25 3.923733e-25 
1.966000e+00 2.650779e-25 1.261628e-25 3.912407e-25 
1.968000e+00 2.643351e-25 1.256817e-25 3.900168e-25 
1.970000e+00 2.634709e-25 1.253085e-25 3.887794e-25 
1.972000e+00 2.624239e-25 1.247349e-25 3.871587e-25 
1.974000e+00 2.617698e-25 1.243416e-25 3.861114e-25 
1.976000e+00 2.609299e-25 1.239599e-25 3.848899e-25 
1.978000e+00 2.599870e-25 1.233950e-25 3.833820e-25 
1.980000e+00 2.592408e-25 1.230586e-25 3.822994e-25 
1.982000e+00 2.583854e-25 1.226198e-25 3.810051e-25 
1.984000e+00 2.575989e-25 1.221173e-25 3.797163e-25 
1.986000e+00 2.565320e-25 1.217576e-25 3.782896e-25 
1.988000e+00 2.568919e-25 1.213034e-25 3.781953e-25 
1.990000e+00 2.551899e-25 1.207510e-25 3.759409e-25 
1.992000e+00 2.544720e-25 1.204483e-25 3.749203e-25 
1.994000e+00 2.537071e-25 1.199616e-25 3.736686e-25 
1.996000e+00 2.528458e-25 1.194997e-25 3.723456e-25 
1.998000e+00 2.521023e-25 1.191114e-25 3.712137e-25 
2.000000e+00 2.513689e-25 1.186867e-25 3.700556e-25 
2.002000e+00 2.504400e-25 1.178920e-25 3.683320e-25 
2.004000e+00 2.496719e-25 1.178566e-25 3.675285e-25 
2.006000e+00 2.488468e-25 1.175191e-25 3.663659e-25 
2.008000e+00 2.480701e-25 1.171535e-25 3.652236e-25 
2.010000e+00 2.473713e-25 1.168387e-25 3.642101e-25 
2.012000e+00 2.465539e-25 1.164669e-25 3.630208e-25 
2.014000e+00 2.457847e-25 1.160449e-25 3.618296e-25 
2.016000e+00 2.449678e-25 1.155983e-25 3.605662e-25 
2.018000e+00 2.442200e-25 1.152143e-25 3.594343e-25 
2.020000e+00 2.432939e-25 1.148170e-25 3.581109e-25 
2.022000e+00 2.424928e-25 1.143864e-25 3.568792e-25 
2.024000e+00 2.417158e-25 1.139646e-25 3.556804e-25 
2.026000e+00 2.409002e-25 1.135745e-25 3.544747e-25 
2.028000e+00 2.401250e-25 1.131282e-25 3.532531e-25 
2.030000e+00 2.393312e-25 1.128173e-25 3.521485e-25 
2.032000e+00 2.384489e-25 1.123863e-25 3.508352e-25 
2.034000e+00 2.390862e-25 1.119667e-25 3.510529e-25 
2.036000e+00 2.371402e-25 1.114191e-25 3.485593e-25 
2.038000e+00 2.363216e-25 1.110434e-25 3.473650e-25 
2.040000e+00 2.357498e-25 1.106623e-25 3.464122e-25 
2.042000e+00 2.350006e-25 1.102684e-25 3.452690e-25 
2.044000e+00 2.341029e-25 1.100653e-25 3.441682e-25 
2.046000e+00 2.333777e-25 1.095655e-25 3.429431e-25 
2.048000e+00 2.326519e-25 1.091914e-25 3.418433e-25 
2.050000e+00 2.319122e-25 1.079299e-25 3.398420e-25 
2.052000e+00 2.309967e-25 1.084539e-25 3.394506e-25 
2.054000e+00 2.304963e-25 1.080823e-25 3.385787e-25 
2.056000e+00 2.298103e-25 1.076463e-25 3.374565e-25 
2.058000e+00 2.289259e-25 1.074570e-25 3.363829e-25 
2.060000e+00 2.282183e-25 1.070892e-25 3.353074e-25 
2.062000e+00 2.260905e-25 1.067367e-25 3.328271e-25 
2.064000e+00 2.267726e-25 1.063419e-25 3.331145e-25 
2.066000e+00 2.260901e-25 1.058331e-25 3.319232e-25 
2.068000e+00 2.252816e-25 1.054949e-25 3.307765e-25 
2.070000e+00 2.246987e-25 1.052115e-25 3.299101e-25 
2.072000e+00 2.240538e-25 1.048973e-25 3.289511e-25 
2.074000e+00 2.234154e-25 1.045494e-25 3.279648e-25 
2.076000e+00 2.227089e-25 1.041568e-25 3.268657e-25 
2.078000e+00 2.217855e-25 1.037244e-25 3.255099e-25 
2.080000e+00 2.213629e-25 1.035212e-25 3.248841e-25 
2.082000e+00 2.205601e-25 1.030911e-25 3.236512e-25 
2.084000e+00 2.197851e-25 1.027194e-25 3.225044e-25 
2.086000e+00 2.190717e-25 1.023494e-25 3.214211e-25 
2.088000e+00 2.182284e-25 1.019178e-25 3.201463e-25 
2.090000e+00 2.177536e-25 1.016849e-25 3.194385e-25 
2.092000e+00 2.168427e-25 1.013274e-25 3.181701e-25 
2.094000e+00 2.162520e-25 1.010297e-25 3.172817e-25 
2.096000e+00 2.155497e-25 1.006377e-25 3.161873e-25 
2.098000e+00 2.148631e-25 1.003069e-25 3.151699e-25 
2.100000e+00 2.141343e-25 9.993441e-26 3.140687e-25 
2.102000e+00 2.134677e-25 9.969882e-26 3.131665e-25 
2.104000e+00 2.127378e-25 9.922528e-26 3.119631e-25 
2.106000e+00 2.120672e-25 9.898606e-26 3.110533e-25 
2.108000e+00 2.114317e-25 9.866877e-26 3.101005e-25 
2.110000e+00 2.106126e-25 9.835540e-26 3.089680e-25 
2.112000e+00 2.099090e-25 9.797697e-26 3.078859e-25 
2.114000e+00 2.092207e-25 9.767785e-26 3.068986e-25 
2.116000e+00 2.086566e-25 9.733200e-26 3.059886e-25 
2.118000e+00 2.079745e-25 9.706966e-26 3.050441e-25 
2.120000e+00 2.073553e-25 9.664939e-26 3.040047e-25 
2.122000e+00 2.066665e-25 9.645812e-26 3.031246e-25 
2.124000e+00 2.060562e-25 9.604220e-26 3.020984e-25 
2.126000e+00 2.052347e-25 9.577924e-26 3.010140e-25 
2.128000e+00 2.048326e-25 9.545044e-26 3.002831e-25 
2.130000e+00 2.039938e-25 9.515310e-26 2.991469e-25 
2.132000e+00 2.034121e-25 9.479518e-26 2.982073e-25 
2.134000e+00 2.026929e-25 9.445753e-26 2.971504e-25 
2.136000e+00 2.020966e-25 9.413696e-26 2.962335e-25 
2.138000e+00 2.014608e-25 9.386615e-26 2.953270e-25 
2.140000e+00 2.008954e-25 9.356016e-26 2.944556e-25 
2.142000e+00 1.991859e-25 9.273497e-26 2.919209e-25 
2.144000e+00 1.985465e-25 9.243670e-26 2.909832e-25 
2.146000e+00 1.981521e-25 9.214788e-26 2.903000e-25 
2.148000e+00 1.972125e-25 9.179896e-26 2.890115e-25 
2.150000e+00 1.965926e-25 9.152443e-26 2.881171e-25 
2.152000e+00 1.959607e-25 9.126381e-26 2.872245e-25 
2.154000e+00 1.953265e-25 9.086364e-26 2.861902e-25 
2.156000e+00 1.947516e-25 9.064085e-26 2.853924e-25 
2.158000e+00 1.940336e-25 9.038089e-26 2.844145e-25 
2.160000e+00 1.934237e-25 8.999371e-26 2.834175e-25 
2.162000e+00 1.928618e-25 8.972333e-26 2.825851e-25 
2.164000e+00 1.923105e-25 8.946316e-26 2.817736e-25 
2.166000e+00 1.916839e-25 8.920946e-26 2.808934e-25 
2.168000e+00 1.909535e-25 8.881719e-26 2.797707e-25 
2.170000e+00 1.904400e-25 8.852601e-26 2.789660e-25 
2.172000e+00 1.898563e-25 8.827646e-26 2.781327e-25 
2.174000e+00 1.893428e-25 8.790392e-26 2.772467e-25 
2.176000e+00 1.737817e-25 8.764467e-26 2.614264e-25 
2.178000e+00 1.729098e-25 8.047262e-26 2.533824e-25 
2.180000e+00 1.723108e-25 8.024731e-26 2.525581e-25 
2.182000e+00 1.717101e-25 7.979804e-26 2.515082e-25 
2.184000e+00 1.711564e-25 7.948801e-26 2.506444e-25 
2.186000e+00 1.704953e-25 7.921467e-26 2.497100e-25 
2.188000e+00 1.698773e-25 7.894192e-26 2.488192e-25 
2.190000e+00 1.692092e-25 7.857598e-26 2.477852e-25 
2.192000e+00 1.685487e-25 7.835369e-26 2.469024e-25 
2.194000e+00 1.679583e-25 7.806012e-26 2.460184e-25 
2.196000e+00 1.672468e-25 7.775465e-26 2.450014e-25 
2.198000e+00 1.668720e-25 7.752879e-26 2.444008e-25 
2.200000e+00 1.661737e-25 7.723145e-26 2.434051e-25 
2.202000e+00 1.655441e-25 7.692027e-26 2.424644e-25 
2.204000e+00 1.649517e-25 7.666104e-26 2.416127e-25 
2.206000e+00 1.642837e-25 7.638703e-26 2.406708e-25 
2.208000e+00 1.637576e-25 7.600281e-26 2.397604e-25 
2.210000e+00 1.630814e-25 7.578404e-26 2.388654e-25 
2.212000e+00 1.625768e-25 7.549180e-26 2.380686e-25 
2.214000e+00 1.618920e-25 7.517545e-26 2.370674e-25 
2.216000e+00 1.615101e-25 7.493345e-26 2.364435e-25 
2.218000e+00 1.607222e-25 7.467806e-26 2.354003e-25 
2.220000e+00 1.601457e-25 7.440293e-26 2.345486e-25 
2.222000e+00 1.596220e-25 7.409876e-26 2.337207e-25 
2.224000e+00 1.590229e-25 7.387987e-26 2.329028e-25 
2.226000e+00 1.584149e-25 7.356740e-26 2.319823e-25 
2.228000e+00 1.579252e-25 7.324609e-26 2.311713e-25 
2.230000e+00 1.573289e-25 7.296528e-26 2.302942e-25 
2.232000e+00 1.567797e-25 7.272619e-26 2.295059e-25 
2.234000e+00 1.561844e-25 7.242712e-26 2.286116e-25 
2.236000e+00 1.558466e-25 7.219549e-26 2.280421e-25 
2.238000e+00 1.553233e-25 7.197169e-26 2.272950e-25 
2.240000e+00 1.545748e-25 7.161864e-26 2.261934e-25 
2.242000e+00 1.540134e-25 7.136690e-26 2.253803e-25 
2.244000e+00 1.534419e-25 7.108044e-26 2.245224e-25 
2.246000e+00 1.529826e-25 7.084949e-26 2.238321e-25 
2.248000e+00 1.523685e-25 7.060911e-26 2.229776e-25 
2.250000e+00 1.518603e-25 7.030244e-26 2.221627e-25 
2.252000e+00 1.513776e-25 7.011640e-26 2.214940e-25 
2.254000e+00 1.507064e-25 6.984808e-26 2.205545e-25 
2.256000e+00 1.501022e-25 6.963943e-26 2.197416e-25 
2.258000e+00 1.495224e-25 6.933645e-26 2.188588e-25 
2.260000e+00 1.489638e-25 6.903865e-26 2.180025e-25 
2.262000e+00 1.485743e-25 6.881931e-26 2.173936e-25 
2.264000e+00 1.479654e-25 6.857498e-26 2.165404e-25 
2.266000e+00 1.474156e-25 6.830907e-26 2.157247e-25 
2.268000e+00 1.468763e-25 6.810146e-26 2.149778e-25 
2.270000e+00 1.462917e-25 6.775018e-26 2.140418e-25 
2.272000e+00 1.458189e-25 6.755517e-26 2.133741e-25 
2.274000e+00 1.453890e-25 6.721472e-26 2.126037e-25 
2.276000e+00 1.447696e-25 6.703386e-26 2.118035e-25 
2.278000e+00 1.442084e-25 6.685237e-26 2.110608e-25 
2.280000e+00 1.436541e-25 6.659422e-26 2.102483e-25 
2.282000e+00 1.432377e-25 6.639850e-26 2.096362e-25 
2.284000e+00 1.426910e-25 6.605463e-26 2.087456e-25 
2.286000e+00 1.422657e-25 6.584833e-26 2.081141e-25 
2.288000e+00 1.421558e-25 6.557437e-26 2.077301e-25 
2.290000e+00 1.412491e-25 6.533943e-26 2.065885e-25 
2.292000e+00 1.408585e-25 6.506042e-26 2.059190e-25 
2.294000e+00 1.402667e-25 6.488384e-26 2.051505e-25 
2.296000e+00 1.397510e-25 6.463023e-26 2.043813e-25 
2.298000e+00 1.392274e-25 6.439845e-26 2.036258e-25 
2.300000e+00 1.387781e-25 6.418395e-26 2.029621e-25 
2.302000e+00 1.382932e-25 6.402842e-26 2.023216e-25 
2.304000e+00 1.377424e-25 6.373824e-26 2.014807e-25 
2.306000e+00 1.373086e-25 6.350170e-26 2.008104e-25 
2.308000e+00 1.368746e-25 6.329375e-26 2.001683e-25 
2.310000e+00 1.363531e-25 6.300702e-26 1.993601e-25 
2.312000e+00 1.359292e-25 6.281424e-26 1.987434e-25 
2.314000e+00 1.356191e-25 6.272740e-26 1.983465e-25 
2.316000e+00 1.351058e-25 6.246408e-26 1.975699e-25 
2.318000e+00 1.345746e-25 6.217820e-26 1.967528e-25 
2.320000e+00 1.341092e-25 6.198074e-26 1.960899e-25 
2.322000e+00 1.335518e-25 6.176935e-26 1.953211e-25 
2.324000e+00 1.330589e-25 6.153675e-26 1.945957e-25 
2.326000e+00 1.325973e-25 6.123490e-26 1.938322e-25 
2.328000e+00 1.320144e-25 6.136506e-26 1.933794e-25 
2.330000e+00 1.316057e-25 6.082927e-26 1.924349e-25 
2.332000e+00 1.311370e-25 6.061051e-26 1.917475e-25 
2.334000e+00 1.306901e-25 6.049530e-26 1.911854e-25 
2.336000e+00 1.302192e-25 6.023382e-26 1.904530e-25 
2.338000e+00 1.298384e-25 6.001193e-26 1.898503e-25 
2.340000e+00 1.293115e-25 5.982112e-26 1.891326e-25 
2.342000e+00 1.289360e-25 5.957871e-26 1.885147e-25 
2.344000e+00 1.285486e-25 5.936318e-26 1.879117e-25 
2.346000e+00 1.280181e-25 5.918469e-26 1.872028e-25 
2.348000e+00 1.275749e-25 5.891767e-26 1.864926e-25 
2.350000e+00 1.271173e-25 5.877812e-26 1.858954e-25 
2.352000e+00 1.266872e-25 5.849226e-26 1.851794e-25 
2.354000e+00 1.263346e-25 5.838926e-26 1.847239e-25 
2.356000e+00 1.258537e-25 5.807684e-26 1.839306e-25 
2.358000e+00 1.255231e-25 5.796348e-26 1.834866e-25 
2.360000e+00 1.248935e-25 5.769393e-26 1.825874e-25 
2.362000e+00 1.244958e-25 5.749914e-26 1.819949e-25 
2.364000e+00 1.241284e-25 5.736622e-26 1.814946e-25 
2.366000e+00 1.417671e-25 6.550935e-26 2.072764e-25 
2.368000e+00 1.231588e-25 5.696434e-26 1.801231e-25 
2.370000e+00 1.228498e-25 5.680081e-26 1.796506e-25 
2.372000e+00 1.222963e-25 5.724902e-26 1.795454e-25 
2.374000e+00 1.219118e-25 5.639092e-26 1.783027e-25 
2.376000e+00 1.214781e-25 5.613332e-26 1.776114e-25 
2.378000e+00 1.211884e-25 5.601699e-26 1.772054e-25 
2.380000e+00 1.206822e-25 5.581082e-26 1.764930e-25 
2.382000e+00 1.202409e-25 5.564112e-26 1.758820e-25 
2.384000e+00 1.199121e-25 5.540969e-26 1.753218e-25 
2.386000e+00 1.194178e-25 5.522126e-26 1.746390e-25 
2.388000e+00 1.190739e-25 5.502804e-26 1.741019e-25 
2.390000e+00 1.186244e-25 5.487373e-26 1.734981e-25 
2.392000e+00 1.182328e-25 5.460359e-26 1.728364e-25 
2.394000e+00 1.178259e-25 5.451975e-26 1.723457e-25 
2.396000e+00 1.173635e-25 5.424187e-26 1.716054e-25 
2.398000e+00 1.169614e-25 5.407019e-26 1.710316e-25 
2.400000e+00 1.166126e-25 5.394527e-26 1.705579e-25 
2.402000e+00 1.163062e-25 5.375124e-26 1.700574e-25 
2.404000e+00 1.159472e-25 5.357308e-26 1.695202e-25 
2.406000e+00 1.154003e-25 5.332029e-26 1.687206e-25 
2.408000e+00 1.187228e-25 5.319785e-26 1.719207e-25 
2.410000e+00 1.147730e-25 5.307155e-26 1.678446e-25 
2.412000e+00 1.143890e-25 5.281306e-26 1.672021e-25 
2.414000e+00 1.140069e-25 5.267989e-26 1.666867e-25 
2.416000e+00 1.300713e-25 6.014468e-26 1.902160e-25 
2.418000e+00 1.296664e-25 5.992545e-26 1.895918e-25 
2.420000e+00 1.293147e-25 5.975988e-26 1.890745e-25 
2.422000e+00 1.289060e-25 5.954249e-26 1.884485e-25 
2.424000e+00 1.290745e-25 5.940321e-26 1.884777e-25 
2.426000e+00 1.280563e-25 5.924911e-26 1.873054e-25 
2.428000e+00 1.276978e-25 5.902327e-26 1.867211e-25 
2.430000e+00 1.273409e-25 5.885229e-26 1.861932e-25 
2.432000e+00 1.269983e-25 5.870657e-26 1.857049e-25 
2.434000e+00 1.266626e-25 5.849134e-26 1.851540e-25 
2.436000e+00 1.262552e-25 5.831851e-26 1.845737e-25 
2.438000e+00 1.259117e-25 5.816776e-26 1.840794e-25 
2.440000e+00 1.255318e-25 5.797633e-26 1.835081e-25 
2.442000e+00 1.252171e-25 5.782556e-26 1.830426e-25 
2.444000e+00 1.248161e-25 5.764857e-26 1.824646e-25 
2.446000e+00 1.244920e-25 5.745773e-26 1.819498e-25 
2.448000e+00 1.239814e-25 5.729708e-26 1.812784e-25 
2.450000e+00 1.236404e-25 5.711782e-26 1.807582e-25 
2.452000e+00 1.233282e-25 5.693828e-26 1.802665e-25 
2.454000e+00 1.229658e-25 5.679110e-26 1.797569e-25 
2.456000e+00 1.226128e-25 5.662793e-26 1.792408e-25 
2.458000e+00 1.222466e-25 5.645197e-26 1.786986e-25 
2.460000e+00 1.219004e-25 5.625410e-26 1.781545e-25 
2.462000e+00 1.215594e-25 5.611644e-26 1.776758e-25 
2.464000e+00 1.208553e-25 5.596867e-26 1.768240e-25 
2.466000e+00 1.210260e-25 5.575173e-26 1.767777e-25 
2.468000e+00 1.204580e-25 5.560033e-26 1.760583e-25 
2.470000e+00 1.201437e-25 5.544978e-26 1.755935e-25 
2.472000e+00 1.197785e-25 5.533212e-26 1.751106e-25 
2.474000e+00 1.195187e-25 5.516876e-26 1.746875e-25 
2.476000e+00 1.190035e-25 5.498149e-26 1.739850e-25 
2.478000e+00 1.183849e-25 5.483968e-26 1.732246e-25 
2.480000e+00 1.181710e-25 5.467033e-26 1.728413e-25 
2.482000e+00 1.178421e-25 5.451413e-26 1.723563e-25 
2.484000e+00 1.175329e-25 5.434478e-26 1.718777e-25 
2.486000e+00 1.172654e-25 5.413057e-26 1.713959e-25 
2.488000e+00 1.169556e-25 5.400783e-26 1.709635e-25 
2.490000e+00 1.166316e-25 5.386995e-26 1.705015e-25 
2.492000e+00 1.162569e-25 5.370885e-26 1.699658e-25 
2.494000e+00 1.159503e-25 5.355271e-26 1.695030e-25 
2.496000e+00 1.155974e-25 5.334906e-26 1.689465e-25 
2.498000e+00 1.152320e-25 5.321267e-26 1.684447e-25 
2.500000e+00 1.148210e-25 5.307331e-26 1.678943e-25 
2.502000e+00 1.145430e-25 5.292566e-26 1.674687e-25 
2.504000e+00 1.141259e-25 5.277106e-26 1.668970e-25 
2.506000e+00 1.138392e-25 5.256430e-26 1.664036e-25 
2.508000e+00 1.136078e-25 5.244695e-26 1.660548e-25 
2.510000e+00 1.132628e-25 5.224690e-26 1.655097e-25 
2.512000e+00 1.129071e-25 5.213834e-26 1.650454e-25 
2.514000e+00 1.125457e-25 5.200232e-26 1.645480e-25 
2.516000e+00 1.122450e-25 5.184134e-26 1.640863e-25 
2.518000e+00 1.118499e-25 5.168241e-26 1.635323e-25 
2.520000e+00 1.115186e-25 5.155363e-26 1.630722e-25 
2.522000e+00 1.111829e-25 5.138859e-26 1.625715e-25 
2.524000e+00 1.109839e-25 5.120128e-26 1.621852e-25 
2.526000e+00 1.105744e-25 5.101728e-26 1.615917e-25 
2.528000e+00 1.103918e-25 5.097692e-26 1.613687e-25 
2.530000e+00 1.099033e-25 5.076344e-26 1.606668e-25 
2.532000e+00 1.097104e-25 5.063151e-26 1.603420e-25 
2.534000e+00 1.093345e-25 5.051947e-26 1.598540e-25 
2.536000e+00 1.089787e-25 5.037485e-26 1.593535e-25 
2.538000e+00 1.087125e-25 5.021833e-26 1.589308e-25 
2.540000e+00 1.083197e-25 5.009722e-26 1.584170e-25 
2.542000e+00 1.080143e-25 4.992154e-26 1.579358e-25 
2.544000e+00 1.077627e-25 4.978120e-26 1.575439e-25 
2.546000e+00 1.074870e-25 4.963951e-26 1.571266e-25 
2.548000e+00 1.071251e-25 4.951830e-26 1.566434e-25 
2.550000e+00 1.068975e-25 4.940064e-26 1.562981e-25 
2.552000e+00 1.065547e-25 4.922492e-26 1.557796e-25 
2.554000e+00 1.062665e-25 4.909751e-26 1.553640e-25 
2.556000e+00 1.059791e-25 4.894684e-26 1.549260e-25 
2.558000e+00 1.056533e-25 4.885132e-26 1.545046e-25 
2.560000e+00 1.053674e-25 4.868758e-26 1.540550e-25 
2.562000e+00 1.051844e-25 4.858515e-26 1.537695e-25 
2.564000e+00 1.048661e-25 4.835505e-26 1.532211e-25 
2.566000e+00 1.044868e-25 4.824863e-26 1.527355e-25 
2.568000e+00 1.041401e-25 4.806781e-26 1.522079e-25 
2.570000e+00 1.039169e-25 4.798288e-26 1.518998e-25 
2.572000e+00 1.035859e-25 4.777395e-26 1.513599e-25 
2.574000e+00 1.032557e-25 4.770585e-26 1.509616e-25 
2.576000e+00 1.029749e-25 4.756111e-26 1.505360e-25 
2.578000e+00 1.025420e-25 4.745970e-26 1.500017e-25 
2.580000e+00 1.022804e-25 4.729423e-26 1.495746e-25 
2.582000e+00 1.019933e-25 4.717509e-26 1.491683e-25 
2.584000e+00 1.016963e-25 4.703749e-26 1.487338e-25 
2.586000e+00 1.014807e-25 4.691733e-26 1.483981e-25 
2.588000e+00 1.011540e-25 4.676343e-26 1.479175e-25 
2.590000e+00 1.008127e-25 4.666536e-26 1.474781e-25 
2.592000e+00 1.016138e-25 4.653668e-26 1.481504e-25 
2.594000e+00 1.003622e-25 4.638174e-26 1.467439e-25 
2.596000e+00 1.000804e-25 4.623057e-26 1.463110e-25 
2.598000e+00 9.981771e-26 4.616589e-26 1.459836e-25 
2.600000e+00 9.938844e-26 4.603644e-26 1.454249e-25 
2.602000e+00 9.925334e-26 4.569119e-26 1.449445e-25 
2.604000e+00 9.887952e-26 4.561671e-26 1.444962e-25 
2.606000e+00 9.865227e-26 4.562232e-26 1.442746e-25 
2.608000e+00 9.836282e-26 4.547987e-26 1.438427e-25 
2.610000e+00 9.814285e-26 4.534267e-26 1.434855e-25 
2.612000e+00 9.793721e-26 4.495534e-26 1.428925e-25 
2.614000e+00 9.755924e-26 4.505323e-26 1.426125e-25 
2.616000e+00 9.719696e-26 4.489331e-26 1.420903e-25 
2.618000e+00 9.705462e-26 4.485116e-26 1.419058e-25 
2.620000e+00 9.671917e-26 4.474192e-26 1.414611e-25 
2.622000e+00 9.649316e-26 4.461724e-26 1.411104e-25 
2.624000e+00 9.615917e-26 4.449718e-26 1.406564e-25 
2.626000e+00 9.568038e-26 4.428138e-26 1.399618e-25 
2.628000e+00 9.563541e-26 4.421487e-26 1.398503e-25 
2.630000e+00 9.526819e-26 4.407015e-26 1.393383e-25 
2.632000e+00 9.509326e-26 4.394062e-26 1.390339e-25 
2.634000e+00 9.479726e-26 4.388354e-26 1.386808e-25 
2.636000e+00 9.444036e-26 4.376534e-26 1.382057e-25 
2.638000e+00 9.429741e-26 4.362084e-26 1.379183e-25 
2.640000e+00 9.404366e-26 4.349283e-26 1.375365e-25 
2.642000e+00 9.371939e-26 4.337359e-26 1.370930e-25 
2.644000e+00 9.357433e-26 4.331446e-26 1.368888e-25 
2.646000e+00 9.321440e-26 4.315029e-26 1.363647e-25 
2.648000e+00 9.300714e-26 4.303293e-26 1.360401e-25 
2.650000e+00 9.286240e-26 4.291776e-26 1.357802e-25 
2.652000e+00 9.247494e-26 4.275210e-26 1.352270e-25 
2.654000e+00 9.225200e-26 4.268477e-26 1.349368e-25 
2.656000e+00 9.199499e-26 4.256446e-26 1.345595e-25 
2.658000e+00 9.180577e-26 4.244426e-26 1.342500e-25 
2.660000e+00 9.142396e-26 4.228502e-26 1.337090e-25 
2.662000e+00 9.122996e-26 4.216629e-26 1.333963e-25 
2.664000e+00 9.095188e-26 4.209608e-26 1.330480e-25 
2.666000e+00 9.072790e-26 4.199417e-26 1.327221e-25 
2.668000e+00 9.036832e-26 4.175660e-26 1.321249e-25 
2.670000e+00 9.020223e-26 4.170864e-26 1.319109e-25 
2.672000e+00 8.970654e-26 4.159739e-26 1.313039e-25 
2.674000e+00 8.968381e-26 4.153024e-26 1.312140e-25 
2.676000e+00 8.936751e-26 4.136747e-26 1.307350e-25 
2.678000e+00 8.913490e-26 4.126265e-26 1.303975e-25 
2.680000e+00 8.889960e-26 4.113151e-26 1.300311e-25 
2.682000e+00 8.860256e-26 4.102454e-26 1.296271e-25 
2.684000e+00 8.863647e-26 4.096954e-26 1.296060e-25 
2.686000e+00 8.823360e-26 4.087485e-26 1.291085e-25 
2.688000e+00 8.786767e-26 4.067696e-26 1.285446e-25 
2.690000e+00 8.773190e-26 4.054333e-26 1.282752e-25 
2.692000e+00 8.735639e-26 4.049865e-26 1.278550e-25 
2.694000e+00 8.717864e-26 4.038497e-26 1.275636e-25 
2.696000e+00 8.694777e-26 4.021166e-26 1.271594e-25 
2.698000e+00 8.670683e-26 4.017947e-26 1.268863e-25 
2.700000e+00 8.653695e-26 4.001863e-26 1.265556e-25 
2.702000e+00 8.626393e-26 3.993417e-26 1.261981e-25 
2.704000e+00 8.591755e-26 3.988477e-26 1.258023e-25 
2.706000e+00 8.575307e-26 3.964778e-26 1.254008e-25 
2.708000e+00 8.555561e-26 3.961111e-26 1.251667e-25 
2.710000e+00 8.538902e-26 3.955977e-26 1.249488e-25 
2.712000e+00 8.502745e-26 3.943979e-26 1.244672e-25 
2.714000e+00 8.482856e-26 3.930474e-26 1.241333e-25 
2.716000e+00 8.469368e-26 3.921981e-26 1.239135e-25 
2.718000e+00 8.446962e-26 3.906704e-26 1.235367e-25 
2.720000e+00 8.427131e-26 3.896143e-26 1.232327e-25 
2.722000e+00 8.393773e-26 3.891345e-26 1.228512e-25 
2.724000e+00 8.372766e-26 3.876379e-26 1.224915e-25 
2.726000e+00 8.350919e-26 3.864864e-26 1.221578e-25 
2.728000e+00 8.319752e-26 3.857929e-26 1.217768e-25 
2.730000e+00 8.302174e-26 3.847698e-26 1.214987e-25 
2.732000e+00 8.281609e-26 3.834637e-26 1.211625e-25 
2.734000e+00 8.265886e-26 3.827945e-26 1.209383e-25 
2.736000e+00 8.232302e-26 3.819777e-26 1.205208e-25 
2.738000e+00 8.216094e-26 3.802223e-26 1.201832e-25 
2.740000e+00 8.192411e-26 3.797438e-26 1.198985e-25 
2.742000e+00 8.175596e-26 3.786121e-26 1.196172e-25 
2.744000e+00 8.156017e-26 3.770850e-26 1.192687e-25 
2.746000e+00 8.016401e-26 3.766748e-26 1.178315e-25 
2.748000e+00 8.100073e-26 3.752458e-26 1.185253e-25 
2.750000e+00 8.085972e-26 3.742382e-26 1.182835e-25 
2.752000e+00 8.050153e-26 3.733743e-26 1.178390e-25 
2.754000e+00 8.041325e-26 3.725020e-26 1.176635e-25 
2.756000e+00 8.014973e-26 3.717762e-26 1.173273e-25 
2.758000e+00 7.996172e-26 3.708349e-26 1.170452e-25 
2.760000e+00 7.978436e-26 3.693151e-26 1.167159e-25 
2.762000e+00 7.950860e-26 3.687286e-26 1.163815e-25 
2.764000e+00 7.930638e-26 3.673172e-26 1.160381e-25 
2.766000e+00 7.909730e-26 3.668999e-26 1.157873e-25 
2.768000e+00 7.887970e-26 3.654269e-26 1.154224e-25 
2.770000e+00 7.864415e-26 3.651948e-26 1.151636e-25 
2.772000e+00 7.878579e-26 3.650555e-26 1.152913e-25 
2.774000e+00 7.829204e-26 3.624637e-26 1.145384e-25 
2.776000e+00 7.800641e-26 3.617878e-26 1.141852e-25 
2.778000e+00 7.785565e-26 3.607742e-26 1.139331e-25 
2.780000e+00 7.770426e-26 3.602442e-26 1.137287e-25 
2.782000e+00 7.690630e-26 3.587998e-26 1.127863e-25 
2.784000e+00 7.720606e-26 3.580238e-26 1.130084e-25 
2.786000e+00 7.702338e-26 3.567466e-26 1.126980e-25 
2.788000e+00 7.686752e-26 3.567649e-26 1.125440e-25 
2.790000e+00 7.667442e-26 3.549071e-26 1.121651e-25 
2.792000e+00 7.630633e-26 3.539746e-26 1.117038e-25 
2.794000e+00 7.603995e-26 3.533416e-26 1.113741e-25 
2.796000e+00 7.592882e-26 3.520843e-26 1.111373e-25 
2.798000e+00 7.579014e-26 3.516880e-26 1.109589e-25 
2.800000e+00 7.559292e-26 3.503105e-26 1.106240e-25 
2.802000e+00 7.540000e-26 3.498761e-26 1.103876e-25 
2.804000e+00 7.519905e-26 3.484975e-26 1.100488e-25 
2.806000e+00 7.502812e-26 3.478688e-26 1.098150e-25 
2.808000e+00 7.476569e-26 3.466093e-26 1.094266e-25 
2.810000e+00 7.449835e-26 3.456498e-26 1.090633e-25 
2.812000e+00 7.424005e-26 3.445087e-26 1.086909e-25 
2.814000e+00 7.413177e-26 3.434225e-26 1.084740e-25 
2.816000e+00 7.399209e-26 3.410242e-26 1.080945e-25 
2.818000e+00 7.375540e-26 3.418058e-26 1.079360e-25 
2.820000e+00 7.354927e-26 3.412911e-26 1.076784e-25 
2.822000e+00 7.337769e-26 3.411993e-26 1.074976e-25 
2.824000e+00 7.318235e-26 3.393882e-26 1.071212e-25 
2.826000e+00 7.296172e-26 3.382318e-26 1.067849e-25 
2.828000e+00 7.277739e-26 3.379691e-26 1.065743e-25 
2.830000e+00 7.250584e-26 3.366756e-26 1.061734e-25 
2.832000e+00 7.232138e-26 3.360765e-26 1.059290e-25 
2.834000e+00 7.211978e-26 3.348814e-26 1.056079e-25 
2.836000e+00 7.172034e-26 3.343235e-26 1.051527e-25 
2.838000e+00 7.169053e-26 3.334464e-26 1.050352e-25 
2.840000e+00 7.150686e-26 3.327977e-26 1.047866e-25 
2.842000e+00 7.138408e-26 3.321564e-26 1.045997e-25 
2.844000e+00 7.113963e-26 3.308500e-26 1.042246e-25 
2.846000e+00 7.100030e-26 3.302359e-26 1.040239e-25 
2.848000e+00 7.081280e-26 3.291693e-26 1.037297e-25 
2.850000e+00 7.063546e-26 3.286361e-26 1.034991e-25 
2.852000e+00 7.060587e-26 3.275709e-26 1.033630e-25 
2.854000e+00 7.029464e-26 3.266096e-26 1.029556e-25 
2.856000e+00 7.008720e-26 3.253314e-26 1.026203e-25 
2.858000e+00 6.990033e-26 3.249602e-26 1.023964e-25 
2.860000e+00 6.972817e-26 3.239145e-26 1.021196e-25 
2.862000e+00 6.957598e-26 3.231675e-26 1.018927e-25 
2.864000e+00 6.934451e-26 3.226488e-26 1.016094e-25 
2.866000e+00 6.920602e-26 3.213058e-26 1.013366e-25 
2.868000e+00 6.898811e-26 3.206706e-26 1.010552e-25 
2.870000e+00 6.880548e-26 3.199986e-26 1.008053e-25 
2.872000e+00 6.861452e-26 3.188973e-26 1.005043e-25 
2.874000e+00 6.852365e-26 3.182055e-26 1.003442e-25 
2.876000e+00 6.836623e-26 3.177415e-26 1.001404e-25 
2.878000e+00 6.819090e-26 3.160689e-26 9.979779e-26 
2.880000e+00 6.794240e-26 3.154998e-26 9.949237e-26 
2.882000e+00 6.776882e-26 3.145297e-26 9.922180e-26 
2.884000e+00 6.764234e-26 3.138168e-26 9.902403e-26 
2.886000e+00 6.742038e-26 3.133686e-26 9.875724e-26 
2.888000e+00 6.724596e-26 3.120356e-26 9.844952e-26 
2.890000e+00 6.704700e-26 3.117613e-26 9.822313e-26 
2.892000e+00 6.680395e-26 3.111129e-26 9.791524e-26 
2.894000e+00 6.675278e-26 3.096957e-26 9.772235e-26 
2.896000e+00 6.659710e-26 3.092623e-26 9.752333e-26 
2.898000e+00 6.641412e-26 3.088909e-26 9.730321e-26 
2.900000e+00 6.625848e-26 3.078400e-26 9.704247e-26 
2.902000e+00 6.602006e-26 3.082317e-26 9.684322e-26 
2.904000e+00 6.586423e-26 3.065120e-26 9.651543e-26 
2.906000e+00 6.568673e-26 3.051415e-26 9.620087e-26 
2.908000e+00 6.551837e-26 3.047107e-26 9.598944e-26 
2.910000e+00 6.542716e-26 3.040623e-26 9.583339e-26 
2.912000e+00 6.523195e-26 3.022413e-26 9.545608e-26 
2.914000e+00 6.508109e-26 3.023859e-26 9.531968e-26 
2.916000e+00 6.487657e-26 3.015222e-26 9.502879e-26 
2.918000e+00 6.475107e-26 3.005967e-26 9.481074e-26 
2.920000e+00 6.451448e-26 3.000970e-26 9.452418e-26 
2.922000e+00 6.430583e-26 2.992441e-26 9.423024e-26 
2.924000e+00 6.418505e-26 2.983599e-26 9.402104e-26 
2.926000e+00 6.409865e-26 2.979668e-26 9.389533e-26 
2.928000e+00 6.392146e-26 2.972443e-26 9.364588e-26 
2.930000e+00 6.369087e-26 2.960384e-26 9.329471e-26 
2.932000e+00 6.354029e-26 2.956091e-26 9.310121e-26 
2.934000e+00 6.337411e-26 2.949925e-26 9.287336e-26 
2.936000e+00 6.317718e-26 2.939165e-26 9.256884e-26 
2.938000e+00 6.302472e-26 2.928914e-26 9.231386e-26 
2.940000e+00 6.288379e-26 2.927001e-26 9.215380e-26 
2.942000e+00 6.273295e-26 2.917415e-26 9.190709e-26 
2.944000e+00 6.251139e-26 2.913070e-26 9.164209e-26 
2.946000e+00 6.239606e-26 2.903333e-26 9.142939e-26 
2.948000e+00 6.216190e-26 2.895715e-26 9.111906e-26 
2.950000e+00 6.208261e-26 2.890452e-26 9.098713e-26 
2.952000e+00 6.184023e-26 2.881248e-26 9.065270e-26 
2.954000e+00 6.175313e-26 2.872267e-26 9.047580e-26 
2.956000e+00 6.151206e-26 2.869486e-26 9.020692e-26 
2.958000e+00 6.142122e-26 2.865575e-26 9.007696e-26 
2.960000e+00 6.122067e-26 2.850987e-26 8.973054e-26 
2.962000e+00 6.112753e-26 2.846766e-26 8.959519e-26 
2.964000e+00 6.101824e-26 2.843388e-26 8.945212e-26 
2.966000e+00 6.081040e-26 2.827379e-26 8.908418e-26 
2.968000e+00 6.072951e-26 2.826051e-26 8.899001e-26 
2.970000e+00 6.052114e-26 2.822584e-26 8.874697e-26 
2.972000e+00 6.036551e-26 2.815074e-26 8.851625e-26 
2.974000e+00 6.015855e-26 2.803669e-26 8.819524e-26 
2.976000e+00 6.002750e-26 2.799525e-26 8.802275e-26 
2.978000e+00 5.996689e-26 2.794326e-26 8.791015e-26 
2.980000e+00 5.976483e-26 2.781172e-26 8.757655e-26 
2.982000e+00 5.956082e-26 2.779105e-26 8.735186e-26 
2.984000e+00 5.941451e-26 2.772404e-26 8.713855e-26 
2.986000e+00 5.932677e-26 2.764162e-26 8.696839e-26 
2.988000e+00 5.914844e-26 2.755549e-26 8.670393e-26 
2.990000e+00 5.899586e-26 2.751806e-26 8.651392e-26 
2.992000e+00 5.895165e-26 2.743554e-26 8.638719e-26 
2.994000e+00 5.871646e-26 2.735866e-26 8.607512e-26 
2.996000e+00 5.852020e-26 2.726838e-26 8.578858e-26 
2.998000e+00 5.836252e-26 2.720748e-26 8.556999e-26 
