1.000000e-01 2.487365e-24 1.855736e-24 4.343102e-24 
1.020000e-01 2.343909e-24 1.716189e-24 4.060098e-24 
1.040000e-01 2.195642e-24 1.582398e-24 3.778040e-24 
1.060000e-01 2.048508e-24 1.464549e-24 3.513057e-24 
1.080000e-01 1.900239e-24 1.353651e-24 3.253890e-24 
1.100000e-01 1.671681e-24 1.250890e-24 2.922571e-24 
1.120000e-01 1.513975e-24 1.107569e-24 2.621544e-24 
1.140000e-01 1.336666e-24 1.018621e-24 2.355287e-24 
1.160000e-01 1.090864e-24 9.375872e-25 2.028452e-24 
1.180000e-01 1.396459e-24 8.656373e-25 2.262096e-24 
1.200000e-01 1.522358e-24 8.003322e-25 2.322690e-24 
1.220000e-01 1.482440e-24 7.379722e-25 2.220412e-24 
1.240000e-01 1.435093e-24 7.393670e-25 2.174460e-24 
1.260000e-01 1.381342e-24 6.842886e-25 2.065631e-24 
1.280000e-01 1.324782e-24 6.366440e-25 1.961426e-24 
1.300000e-01 1.267437e-24 5.930651e-25 1.860502e-24 
1.320000e-01 1.210594e-24 5.525578e-25 1.763151e-24 
1.340000e-01 1.154779e-24 5.150119e-25 1.669791e-24 
1.360000e-01 1.100599e-24 4.805375e-25 1.581136e-24 
1.380000e-01 1.048102e-24 4.483789e-25 1.496481e-24 
1.400000e-01 9.975435e-25 4.189161e-25 1.416460e-24 
1.420000e-01 9.492941e-25 3.912769e-25 1.340571e-24 
1.440000e-01 9.028848e-25 3.658008e-25 1.268686e-24 
1.460000e-01 8.539938e-25 3.420623e-25 1.196056e-24 
1.480000e-01 8.102823e-25 3.186212e-25 1.128903e-24 
1.500000e-01 7.686511e-25 2.979591e-25 1.066610e-24 
1.520000e-01 7.288804e-25 2.783447e-25 1.007225e-24 
1.540000e-01 6.908912e-25 2.604726e-25 9.513638e-25 
1.560000e-01 6.546684e-25 2.437561e-25 8.984245e-25 
1.580000e-01 6.202762e-25 2.281531e-25 8.484293e-25 
1.600000e-01 5.875524e-25 2.139167e-25 8.014691e-25 
1.620000e-01 5.561109e-25 2.004443e-25 7.565552e-25 
1.640000e-01 5.367449e-25 1.879724e-25 7.247173e-25 
1.660000e-01 5.040023e-25 1.806891e-25 6.846914e-25 
1.680000e-01 4.686274e-25 1.701371e-25 6.387645e-25 
1.700000e-01 4.751146e-25 1.602948e-25 6.354095e-25 
1.720000e-01 4.646824e-25 1.510618e-25 6.157442e-25 
1.740000e-01 4.494542e-25 1.423370e-25 5.917912e-25 
1.760000e-01 4.334595e-25 1.342693e-25 5.677288e-25 
1.780000e-01 4.175834e-25 1.266486e-25 5.442320e-25 
1.800000e-01 4.492618e-25 1.318183e-25 5.810801e-25 
1.820000e-01 4.338641e-25 1.252111e-25 5.590752e-25 
1.840000e-01 4.192810e-25 1.187498e-25 5.380308e-25 
1.860000e-01 4.052524e-25 1.121434e-25 5.173957e-25 
1.880000e-01 3.914603e-25 1.065644e-25 4.980247e-25 
1.900000e-01 3.787679e-25 1.010249e-25 4.797928e-25 
1.920000e-01 3.670434e-25 9.568477e-26 4.627282e-25 
1.940000e-01 3.554335e-25 9.078506e-26 4.462186e-25 
1.960000e-01 3.459224e-25 8.603671e-26 4.319591e-25 
1.980000e-01 3.400312e-25 8.183525e-26 4.218665e-25 
2.000000e-01 3.246376e-25 7.721532e-26 4.018529e-25 
2.020000e-01 3.052565e-25 7.349360e-26 3.787501e-25 
2.040000e-01 2.919720e-25 6.985203e-26 3.618240e-25 
2.060000e-01 2.800654e-25 6.587868e-26 3.459441e-25 
2.080000e-01 2.686719e-25 6.249821e-26 3.311701e-25 
2.100000e-01 2.585035e-25 5.911015e-26 3.176137e-25 
2.120000e-01 2.486678e-25 5.606162e-26 3.047294e-25 
2.140000e-01 2.390568e-25 5.257843e-26 2.916353e-25 
2.160000e-01 2.233552e-25 4.864519e-26 2.720004e-25 
2.180000e-01 2.160336e-25 4.587120e-26 2.619048e-25 
2.200000e-01 2.086985e-25 4.347335e-26 2.521719e-25 
2.220000e-01 2.008206e-25 4.075637e-26 2.415769e-25 
2.240000e-01 1.935187e-25 3.850909e-26 2.320278e-25 
2.260000e-01 1.860849e-25 3.615210e-26 2.222370e-25 
2.280000e-01 1.791547e-25 3.385602e-26 2.130107e-25 
2.300000e-01 1.717480e-25 3.155917e-26 2.033071e-25 
2.320000e-01 1.652742e-25 2.943463e-26 1.947089e-25 
2.340000e-01 1.586795e-25 2.749618e-26 1.861757e-25 
2.360000e-01 1.526821e-25 2.558377e-26 1.782658e-25 
2.380000e-01 1.463234e-25 2.359333e-26 1.699168e-25 
2.400000e-01 1.407043e-25 2.213953e-26 1.628439e-25 
2.420000e-01 1.352301e-25 2.079931e-26 1.560294e-25 
2.440000e-01 1.302629e-25 1.969169e-26 1.499546e-25 
2.460000e-01 1.252922e-25 1.821372e-26 1.435059e-25 
2.480000e-01 1.204770e-25 1.695612e-26 1.374331e-25 
2.500000e-01 1.164363e-25 1.549516e-26 1.319314e-25 
2.520000e-01 1.123679e-25 1.405233e-26 1.264202e-25 
2.540000e-01 1.088981e-25 1.245658e-26 1.213547e-25 
2.560000e-01 1.049984e-25 1.092258e-26 1.159210e-25 
2.580000e-01 1.019443e-25 9.423681e-27 1.113680e-25 
2.600000e-01 9.891359e-26 7.634705e-27 1.065483e-25 
2.620000e-01 9.555024e-26 5.765885e-27 1.013161e-25 
2.640000e-01 9.238596e-26 3.754773e-27 9.614074e-26 
2.660000e-01 8.880008e-26 2.145223e-27 9.094530e-26 
2.680000e-01 8.638406e-26 9.063509e-28 8.729041e-26 
2.700000e-01 8.342199e-26 1.841455e-28 8.360613e-26 
2.720000e-01 7.759572e-26 1.522228e-28 7.774795e-26 
2.740000e-01 7.790595e-26 9.370942e-28 7.884304e-26 
2.760000e-01 7.232936e-26 2.657442e-27 7.498680e-26 
2.780000e-01 7.057265e-26 5.450953e-27 7.602360e-26 
2.800000e-01 6.894370e-26 1.968770e-26 8.863140e-26 
2.820000e-01 6.779103e-26 2.751186e-26 9.530289e-26 
2.840000e-01 6.664881e-26 2.504026e-26 9.168908e-26 
2.860000e-01 6.568593e-26 2.370515e-26 8.939108e-26 
2.880000e-01 6.472142e-26 2.270921e-26 8.743064e-26 
2.900000e-01 6.484242e-26 2.238710e-26 8.722952e-26 
2.920000e-01 6.437676e-26 2.257789e-26 8.695465e-26 
2.940000e-01 6.383889e-26 2.322415e-26 8.706305e-26 
2.960000e-01 6.318973e-26 2.409358e-26 8.728331e-26 
2.980000e-01 6.237576e-26 2.521959e-26 8.759536e-26 
3.000000e-01 6.176926e-26 2.623453e-26 8.800378e-26 
3.020000e-01 6.098451e-26 2.699034e-26 8.797486e-26 
3.040000e-01 6.014293e-26 2.750219e-26 8.764512e-26 
3.060000e-01 5.931557e-26 2.786062e-26 8.717619e-26 
3.080000e-01 5.823481e-26 2.814383e-26 8.637864e-26 
3.100000e-01 5.732600e-26 2.828057e-26 8.560657e-26 
3.120000e-01 5.658671e-26 2.830073e-26 8.488743e-26 
3.140000e-01 5.533627e-26 2.809916e-26 8.343543e-26 
3.160000e-01 5.431497e-26 2.776661e-26 8.208158e-26 
3.180000e-01 5.318349e-26 2.722182e-26 8.040531e-26 
3.200000e-01 5.201446e-26 2.679504e-26 7.880950e-26 
3.220000e-01 5.102309e-26 2.642336e-26 7.744645e-26 
3.240000e-01 4.987763e-26 2.613368e-26 7.601131e-26 
3.260000e-01 4.871369e-26 2.586358e-26 7.457726e-26 
3.280000e-01 4.760584e-26 2.555284e-26 7.315868e-26 
3.300000e-01 4.634603e-26 2.517810e-26 7.152413e-26 
3.320000e-01 4.518757e-26 2.483756e-26 7.002513e-26 
3.340000e-01 4.414710e-26 2.448295e-26 6.863005e-26 
3.360000e-01 4.296709e-26 2.404204e-26 6.700913e-26 
3.380000e-01 4.181073e-26 2.362372e-26 6.543445e-26 
3.400000e-01 4.078906e-26 2.320621e-26 6.399527e-26 
3.420000e-01 3.960000e-26 2.273891e-26 6.233891e-26 
3.440000e-01 3.853165e-26 2.238376e-26 6.091541e-26 
3.460000e-01 3.781176e-26 2.215928e-26 5.997104e-26 
3.480000e-01 3.669793e-26 2.182151e-26 5.851944e-26 
3.500000e-01 3.604438e-26 2.146672e-26 5.751110e-26 
3.520000e-01 3.524690e-26 2.114546e-26 5.639236e-26 
3.540000e-01 3.434078e-26 2.076040e-26 5.510118e-26 
3.560000e-01 3.337236e-26 2.035696e-26 5.372932e-26 
3.580000e-01 3.282736e-26 2.017138e-26 5.299874e-26 
3.600000e-01 3.213493e-26 1.983995e-26 5.197488e-26 
3.620000e-01 3.130351e-26 1.947155e-26 5.077506e-26 
3.640000e-01 3.060939e-26 1.916593e-26 4.977532e-26 
3.660000e-01 2.989634e-26 1.879738e-26 4.869372e-26 
3.680000e-01 2.893241e-26 1.837109e-26 4.730350e-26 
3.700000e-01 2.832886e-26 1.812678e-26 4.645564e-26 
3.720000e-01 2.784335e-26 1.788476e-26 4.572812e-26 
3.740000e-01 2.712243e-26 1.753672e-26 4.465915e-26 
3.760000e-01 2.641278e-26 1.720911e-26 4.362189e-26 
3.780000e-01 2.585127e-26 1.691194e-26 4.276320e-26 
3.800000e-01 2.480742e-26 1.634920e-26 4.115663e-26 
3.820000e-01 2.424661e-26 1.610099e-26 4.034760e-26 
3.840000e-01 2.393626e-26 1.602092e-26 3.995719e-26 
3.860000e-01 2.350928e-26 1.577492e-26 3.928419e-26 
3.880000e-01 2.300965e-26 1.552457e-26 3.853422e-26 
3.900000e-01 2.258142e-26 1.532533e-26 3.790676e-26 
3.920000e-01 2.214663e-26 1.510481e-26 3.725144e-26 
3.940000e-01 2.165065e-26 1.485257e-26 3.650321e-26 
3.960000e-01 2.117061e-26 1.463829e-26 3.580890e-26 
3.980000e-01 2.095164e-26 1.454785e-26 3.549950e-26 
4.000000e-01 2.051047e-26 1.430416e-26 3.481463e-26 
4.020000e-01 2.003772e-26 1.405283e-26 3.409054e-26 
4.040000e-01 1.965891e-26 1.385951e-26 3.351842e-26 
4.060000e-01 1.924963e-26 1.363421e-26 3.288384e-26 
4.080000e-01 1.880200e-26 1.338702e-26 3.218902e-26 
4.100000e-01 1.835167e-26 1.316853e-26 3.152020e-26 
4.120000e-01 1.812175e-26 1.305366e-26 3.117541e-26 
4.140000e-01 1.775493e-26 1.284849e-26 3.060342e-26 
4.160000e-01 1.733923e-26 1.261447e-26 2.995371e-26 
4.180000e-01 1.696441e-26 1.241283e-26 2.937724e-26 
4.200000e-01 1.661643e-26 1.221296e-26 2.882939e-26 
4.220000e-01 1.623478e-26 1.198887e-26 2.822365e-26 
4.240000e-01 1.576938e-26 1.173529e-26 2.750467e-26 
4.260000e-01 1.502039e-26 1.122743e-26 2.624783e-26 
4.280000e-01 1.485872e-26 1.103767e-26 2.589639e-26 
4.300000e-01 1.462144e-26 1.104724e-26 2.566867e-26 
4.320000e-01 1.436959e-26 1.089518e-26 2.526478e-26 
4.340000e-01 1.415860e-26 1.078604e-26 2.494464e-26 
4.360000e-01 1.385750e-26 1.061653e-26 2.447403e-26 
4.380000e-01 1.355001e-26 1.043964e-26 2.398965e-26 
4.400000e-01 1.324035e-26 1.027554e-26 2.351589e-26 
4.420000e-01 1.310826e-26 1.020419e-26 2.331245e-26 
4.440000e-01 1.284256e-26 1.004938e-26 2.289194e-26 
4.460000e-01 1.259785e-26 9.903282e-27 2.250113e-26 
4.480000e-01 1.234300e-26 9.728713e-27 2.207171e-26 
4.500000e-01 1.207257e-26 9.587764e-27 2.166034e-26 
4.520000e-01 1.176539e-26 9.394563e-27 2.115995e-26 
4.540000e-01 1.146334e-26 9.197535e-27 2.066088e-26 
4.560000e-01 1.116645e-26 9.019236e-27 2.018569e-26 
4.580000e-01 1.102353e-26 8.932532e-27 1.995606e-26 
4.600000e-01 1.077509e-26 8.781912e-27 1.955700e-26 
4.620000e-01 1.054770e-26 8.635949e-27 1.918365e-26 
4.640000e-01 1.025448e-26 8.447594e-27 1.870208e-26 
4.660000e-01 1.004055e-26 8.311115e-27 1.835166e-26 
4.680000e-01 9.767542e-27 8.132028e-27 1.789957e-26 
4.700000e-01 9.189433e-27 7.689334e-27 1.687877e-26 
4.720000e-01 8.968539e-27 7.567972e-27 1.653651e-26 
4.740000e-01 8.909218e-27 7.547953e-27 1.645717e-26 
4.760000e-01 8.748071e-27 7.455304e-27 1.620337e-26 
4.780000e-01 8.530369e-27 7.317258e-27 1.584763e-26 
4.800000e-01 8.360048e-27 7.210362e-27 1.557041e-26 
4.820000e-01 8.220645e-27 7.141301e-27 1.536195e-26 
4.840000e-01 8.074349e-27 7.056799e-27 1.513115e-26 
4.860000e-01 7.917263e-27 6.938649e-27 1.485591e-26 
4.880000e-01 7.689004e-27 6.817758e-27 1.450676e-26 
4.900000e-01 7.554325e-27 6.744105e-27 1.429843e-26 
4.920000e-01 7.468365e-27 6.705656e-27 1.417402e-26 
4.940000e-01 7.250771e-27 6.564231e-27 1.381500e-26 
4.960000e-01 7.038346e-27 6.426568e-27 1.346491e-26 
4.980000e-01 6.897090e-27 6.342433e-27 1.323952e-26 
5.000000e-01 6.771035e-27 6.280258e-27 1.305129e-26 
5.020000e-01 6.616498e-27 6.189981e-27 1.280648e-26 
5.040000e-01 6.416861e-27 6.061859e-27 1.247872e-26 
5.060000e-01 6.237770e-27 5.953750e-27 1.219152e-26 
5.080000e-01 6.123068e-27 5.903483e-27 1.202655e-26 
5.100000e-01 5.797195e-27 5.636925e-27 1.143412e-26 
5.120000e-01 5.671296e-27 5.583937e-27 1.125523e-26 
5.140000e-01 5.552549e-27 5.535724e-27 1.108827e-26 
5.160000e-01 5.406243e-27 5.459439e-27 1.086568e-26 
5.180000e-01 5.271780e-27 5.397499e-27 1.066928e-26 
5.200000e-01 5.099179e-27 5.306360e-27 1.040554e-26 
5.220000e-01 4.932122e-27 5.218747e-27 1.015087e-26 
5.240000e-01 4.741831e-27 5.118176e-27 9.860007e-27 
5.260000e-01 4.574999e-27 5.039181e-27 9.614180e-27 
5.280000e-01 4.471034e-27 5.030681e-27 9.501714e-27 
5.300000e-01 4.323118e-27 4.996444e-27 9.319562e-27 
5.320000e-01 4.168595e-27 4.965421e-27 9.134016e-27 
5.340000e-01 3.967073e-27 4.911238e-27 8.878311e-27 
5.360000e-01 3.721313e-27 4.836777e-27 8.558090e-27 
5.380000e-01 3.422930e-27 4.775967e-27 8.198897e-27 
5.400000e-01 3.032365e-27 4.696828e-27 7.729193e-27 
5.420000e-01 2.677556e-27 4.631214e-27 7.308770e-27 
5.440000e-01 2.543759e-27 4.553185e-27 7.096944e-27 
5.460000e-01 2.761621e-27 4.510500e-27 7.272120e-27 
5.480000e-01 3.280495e-27 4.526785e-27 7.807280e-27 
5.500000e-01 3.718024e-27 4.523913e-27 8.241938e-27 
5.520000e-01 4.003540e-27 4.505387e-27 8.508927e-27 
5.540000e-01 4.150444e-27 4.460830e-27 8.611274e-27 
5.560000e-01 4.245254e-27 4.403593e-27 8.648848e-27 
5.580000e-01 4.333203e-27 4.378285e-27 8.711488e-27 
5.600000e-01 4.390354e-27 4.337223e-27 8.727577e-27 
5.620000e-01 4.436488e-27 4.300014e-27 8.736502e-27 
5.640000e-01 4.450628e-27 4.240210e-27 8.690839e-27 
5.660000e-01 4.470956e-27 4.192840e-27 8.663797e-27 
5.680000e-01 4.513794e-27 4.177620e-27 8.691414e-27 
5.700000e-01 4.558510e-27 4.170390e-27 8.728901e-27 
5.720000e-01 4.592960e-27 4.159320e-27 8.752280e-27 
5.740000e-01 4.587301e-27 4.115133e-27 8.702434e-27 
5.760000e-01 4.538321e-27 4.034702e-27 8.573023e-27 
5.780000e-01 4.485458e-27 3.955201e-27 8.440660e-27 
5.800000e-01 4.449036e-27 3.901937e-27 8.350972e-27 
5.820000e-01 4.422058e-27 3.845612e-27 8.267670e-27 
5.840000e-01 4.377851e-27 3.784712e-27 8.162563e-27 
5.860000e-01 4.324170e-27 3.716783e-27 8.040953e-27 
5.880000e-01 4.269995e-27 3.651237e-27 7.921232e-27 
5.900000e-01 4.246074e-27 3.612936e-27 7.859009e-27 
5.920000e-01 4.180818e-27 3.593622e-27 7.774439e-27 
5.940000e-01 4.206495e-27 3.551232e-27 7.757727e-27 
5.960000e-01 4.217017e-27 3.545119e-27 7.762135e-27 
5.980000e-01 4.057496e-27 3.398566e-27 7.456062e-27 
6.000000e-01 3.997754e-27 3.337802e-27 7.335556e-27 
6.020000e-01 3.956098e-27 3.299969e-27 7.256067e-27 
6.040000e-01 3.898299e-27 3.233970e-27 7.132269e-27 
6.060000e-01 3.823372e-27 3.162047e-27 6.985419e-27 
6.080000e-01 3.759762e-27 3.101257e-27 6.861019e-27 
6.100000e-01 3.686657e-27 3.050027e-27 6.736684e-27 
6.120000e-01 3.687658e-27 3.030941e-27 6.718599e-27 
6.140000e-01 3.670356e-27 3.016272e-27 6.686628e-27 
6.160000e-01 3.607852e-27 2.959218e-27 6.567070e-27 
6.180000e-01 3.533006e-27 2.901050e-27 6.434057e-27 
6.200000e-01 3.463938e-27 2.831996e-27 6.295934e-27 
6.220000e-01 3.411782e-27 2.781796e-27 6.193578e-27 
6.240000e-01 3.367444e-27 2.748941e-27 6.116385e-27 
6.260000e-01 3.316034e-27 2.705253e-27 6.021287e-27 
6.280000e-01 3.248371e-27 2.648317e-27 5.896688e-27 
6.300000e-01 3.194042e-27 2.602934e-27 5.796977e-27 
6.320000e-01 3.146254e-27 2.562271e-27 5.708525e-27 
6.340000e-01 3.125707e-27 2.544874e-27 5.670581e-27 
6.360000e-01 3.124726e-27 2.544466e-27 5.669191e-27 
6.380000e-01 3.075294e-27 2.504600e-27 5.579894e-27 
6.400000e-01 3.013905e-27 2.455399e-27 5.469304e-27 
6.420000e-01 2.956288e-27 2.410455e-27 5.366742e-27 
6.440000e-01 2.911995e-27 2.376482e-27 5.288477e-27 
6.460000e-01 2.872093e-27 2.346874e-27 5.218967e-27 
6.480000e-01 2.838122e-27 2.325770e-27 5.163891e-27 
6.500000e-01 2.786197e-27 2.288445e-27 5.074642e-27 
6.520000e-01 2.751112e-27 2.263531e-27 5.014643e-27 
6.540000e-01 2.715297e-27 2.238321e-27 4.953617e-27 
6.560000e-01 2.675717e-27 2.198207e-27 4.873924e-27 
6.580000e-01 2.666115e-27 2.205979e-27 4.872093e-27 
6.600000e-01 2.662356e-27 2.210766e-27 4.873122e-27 
6.620000e-01 2.604098e-27 2.169639e-27 4.773738e-27 
6.640000e-01 2.557907e-27 2.138823e-27 4.696729e-27 
6.660000e-01 2.511435e-27 2.108262e-27 4.619697e-27 
6.680000e-01 2.473803e-27 2.086216e-27 4.560019e-27 
6.700000e-01 2.437128e-27 2.066017e-27 4.503145e-27 
6.720000e-01 2.515970e-27 2.141748e-27 4.657718e-27 
6.740000e-01 2.356808e-27 2.017835e-27 4.374642e-27 
6.760000e-01 2.312976e-27 1.993226e-27 4.306202e-27 
6.780000e-01 2.270212e-27 1.969531e-27 4.239743e-27 
6.800000e-01 2.238796e-27 1.956703e-27 4.195500e-27 
6.820000e-01 2.229939e-27 1.967007e-27 4.196945e-27 
6.840000e-01 2.226417e-27 1.974836e-27 4.201253e-27 
6.860000e-01 2.153655e-27 1.939818e-27 4.093473e-27 
6.880000e-01 2.086315e-27 1.900148e-27 3.986462e-27 
6.900000e-01 2.016231e-27 1.860317e-27 3.876548e-27 
6.920000e-01 1.959263e-27 1.836141e-27 3.795404e-27 
6.940000e-01 1.903077e-27 1.816576e-27 3.719653e-27 
6.960000e-01 1.862112e-27 1.814004e-27 3.676116e-27 
6.980000e-01 1.776119e-27 1.782426e-27 3.558545e-27 
7.000000e-01 1.675827e-27 1.755911e-27 3.431738e-27 
7.020000e-01 1.568064e-27 1.729963e-27 3.298027e-27 
7.040000e-01 1.470711e-27 1.716280e-27 3.186991e-27 
7.060000e-01 1.428957e-27 1.704545e-27 3.133502e-27 
7.080000e-01 1.449760e-27 1.718897e-27 3.168656e-27 
7.100000e-01 1.532762e-27 1.698259e-27 3.231020e-27 
7.120000e-01 1.629446e-27 1.675280e-27 3.304726e-27 
7.140000e-01 1.755704e-27 1.620858e-27 3.376563e-27 
7.160000e-01 1.838218e-27 1.600024e-27 3.438243e-27 
7.180000e-01 1.894533e-27 1.572535e-27 3.467068e-27 
7.200000e-01 1.930295e-27 1.556653e-27 3.486948e-27 
7.220000e-01 1.979649e-27 1.562705e-27 3.542354e-27 
7.240000e-01 1.961416e-27 1.514949e-27 3.476365e-27 
7.260000e-01 1.963895e-27 1.491405e-27 3.455300e-27 
7.280000e-01 1.973908e-27 1.476474e-27 3.450382e-27 
7.300000e-01 1.986129e-27 1.465374e-27 3.451503e-27 
7.320000e-01 1.998522e-27 1.457065e-27 3.455586e-27 
7.340000e-01 2.027392e-27 1.463054e-27 3.490447e-27 
7.360000e-01 2.020535e-27 1.442998e-27 3.463534e-27 
7.380000e-01 1.987957e-27 1.403285e-27 3.391242e-27 
7.400000e-01 1.973689e-27 1.381131e-27 3.354820e-27 
7.420000e-01 1.967094e-27 1.366057e-27 3.333150e-27 
7.440000e-01 1.952580e-27 1.344192e-27 3.296772e-27 
7.460000e-01 1.951997e-27 1.333361e-27 3.285358e-27 
7.480000e-01 1.953720e-27 1.409958e-27 3.363678e-27 
7.500000e-01 1.935836e-27 1.393490e-27 3.329325e-27 
7.520000e-01 1.922064e-27 1.287983e-27 3.210047e-27 
7.540000e-01 1.917792e-27 1.276619e-27 3.194411e-27 
7.560000e-01 1.918351e-27 1.270711e-27 3.189062e-27 
7.580000e-01 1.917004e-27 1.262046e-27 3.179050e-27 
7.600000e-01 1.933608e-27 1.268866e-27 3.202473e-27 
7.620000e-01 1.967010e-27 1.266861e-27 3.233870e-27 
7.640000e-01 1.896427e-27 1.230660e-27 3.127087e-27 
7.660000e-01 1.875147e-27 1.212864e-27 3.088011e-27 
7.680000e-01 1.862763e-27 1.200480e-27 3.063243e-27 
7.700000e-01 1.849257e-27 1.186642e-27 3.035898e-27 
7.720000e-01 1.845517e-27 1.170874e-27 3.016391e-27 
7.740000e-01 1.880482e-27 1.197006e-27 3.077488e-27 
7.760000e-01 1.867341e-27 1.184055e-27 3.051396e-27 
7.780000e-01 1.797657e-27 1.135663e-27 2.933320e-27 
7.800000e-01 1.790205e-27 1.128279e-27 2.918485e-27 
7.820000e-01 1.788676e-27 1.122331e-27 2.911007e-27 
7.840000e-01 1.787784e-27 1.118054e-27 2.905838e-27 
7.860000e-01 1.787064e-27 1.114969e-27 2.902033e-27 
7.880000e-01 1.805101e-27 1.124207e-27 2.929307e-27 
7.900000e-01 1.802224e-27 1.118946e-27 2.921170e-27 
7.920000e-01 1.762742e-27 1.089566e-27 2.852308e-27 
7.940000e-01 1.746643e-27 1.078466e-27 2.825109e-27 
7.960000e-01 1.734227e-27 1.070090e-27 2.804316e-27 
7.980000e-01 1.717509e-27 1.057510e-27 2.775018e-27 
8.000000e-01 1.699883e-27 1.044203e-27 2.744086e-27 
8.020000e-01 1.694670e-27 1.039700e-27 2.734370e-27 
8.040000e-01 1.694801e-27 1.036999e-27 2.731801e-27 
8.060000e-01 1.674788e-27 1.021642e-27 2.696430e-27 
8.080000e-01 1.667973e-27 1.015503e-27 2.683476e-27 
8.100000e-01 1.664667e-27 1.011154e-27 2.675822e-27 
8.120000e-01 1.662468e-27 1.006656e-27 2.669124e-27 
8.140000e-01 1.661212e-27 1.002265e-27 2.663477e-27 
8.160000e-01 1.667097e-27 1.003079e-27 2.670176e-27 
8.180000e-01 1.683450e-27 1.011415e-27 2.694865e-27 
8.200000e-01 1.652513e-27 9.874563e-28 2.639969e-27 
8.220000e-01 1.630189e-27 9.725817e-28 2.602771e-27 
8.240000e-01 1.618511e-27 9.633868e-28 2.581898e-27 
8.260000e-01 1.605426e-27 9.530430e-28 2.558469e-27 
8.280000e-01 1.586450e-27 9.386873e-28 2.525138e-27 
8.300000e-01 1.566780e-27 9.253392e-28 2.492120e-27 
8.320000e-01 1.568935e-27 9.253714e-28 2.494307e-27 
8.340000e-01 1.556346e-27 9.145102e-28 2.470856e-27 
8.360000e-01 1.535312e-27 8.991499e-28 2.434462e-27 
8.380000e-01 1.521476e-27 8.885856e-28 2.410061e-27 
8.400000e-01 1.511056e-27 8.764335e-28 2.387490e-27 
8.420000e-01 1.496541e-27 8.691475e-28 2.365689e-27 
8.440000e-01 1.480723e-27 8.570417e-28 2.337765e-27 
8.460000e-01 1.473487e-27 8.510787e-28 2.324565e-27 
8.480000e-01 1.465995e-27 8.443425e-28 2.310338e-27 
8.500000e-01 1.436386e-27 8.244202e-28 2.260806e-27 
8.520000e-01 1.416621e-27 8.109325e-28 2.227553e-27 
8.540000e-01 1.401331e-27 8.003009e-28 2.201632e-27 
8.560000e-01 1.382873e-27 7.875401e-28 2.170414e-27 
8.580000e-01 1.351853e-27 7.668355e-28 2.118689e-27 
8.600000e-01 1.330325e-27 7.527891e-28 2.083114e-27 
8.620000e-01 1.325233e-27 7.479512e-28 2.073184e-27 
8.640000e-01 1.310804e-27 7.369410e-28 2.047745e-27 
8.660000e-01 1.301545e-27 7.302728e-28 2.031818e-27 
8.680000e-01 1.296785e-27 7.251196e-28 2.021905e-27 
8.700000e-01 1.292517e-27 7.209436e-28 2.013461e-27 
8.720000e-01 1.284255e-27 7.174441e-28 2.001699e-27 
8.740000e-01 1.268971e-27 7.040135e-28 1.972984e-27 
8.760000e-01 1.263877e-27 7.002382e-28 1.964115e-27 
8.780000e-01 1.256736e-27 6.943484e-28 1.951085e-27 
8.800000e-01 1.232151e-27 6.787318e-28 1.910882e-27 
8.820000e-01 1.222388e-27 6.734840e-28 1.895872e-27 
8.840000e-01 1.215173e-27 6.682079e-28 1.883381e-27 
8.860000e-01 1.211413e-27 6.670749e-28 1.878488e-27 
8.880000e-01 1.195451e-27 6.550341e-28 1.850485e-27 
8.900000e-01 1.173193e-27 6.415737e-28 1.814767e-27 
8.920000e-01 1.177090e-27 6.436205e-28 1.820711e-27 
8.940000e-01 1.174440e-27 6.408984e-28 1.815338e-27 
8.960000e-01 1.166541e-27 6.349724e-28 1.801514e-27 
8.980000e-01 1.162656e-27 6.319998e-28 1.794656e-27 
9.000000e-01 1.159919e-27 6.221280e-28 1.782047e-27 
9.020000e-01 1.158378e-27 6.274218e-28 1.785800e-27 
9.040000e-01 1.150854e-27 6.215658e-28 1.772420e-27 
9.060000e-01 1.142376e-27 6.161931e-28 1.758569e-27 
9.080000e-01 1.141396e-27 6.143739e-28 1.755770e-27 
9.100000e-01 1.134064e-27 6.259806e-28 1.760044e-27 
9.120000e-01 1.134431e-27 6.073065e-28 1.741738e-27 
9.140000e-01 1.116707e-27 5.978859e-28 1.714593e-27 
9.160000e-01 1.096972e-27 5.871738e-28 1.684146e-27 
9.180000e-01 1.092275e-27 5.844565e-28 1.676732e-27 
9.200000e-01 1.080392e-27 5.764133e-28 1.656805e-27 
9.220000e-01 1.065636e-27 5.683162e-28 1.633952e-27 
9.240000e-01 1.114565e-27 5.933567e-28 1.707922e-27 
9.260000e-01 1.116126e-27 5.928687e-28 1.708995e-27 
9.280000e-01 1.101503e-27 5.848551e-28 1.686358e-27 
9.300000e-01 1.095286e-27 5.782591e-28 1.673545e-27 
9.320000e-01 1.081203e-27 5.715856e-28 1.652788e-27 
9.340000e-01 1.047567e-27 5.541146e-28 1.601681e-27 
9.360000e-01 1.044080e-27 5.516492e-28 1.595730e-27 
9.380000e-01 1.036844e-27 5.474528e-28 1.584297e-27 
9.400000e-01 1.033102e-27 5.450632e-28 1.578165e-27 
9.420000e-01 1.030254e-27 5.432467e-28 1.573500e-27 
9.440000e-01 1.013053e-27 5.325716e-28 1.545625e-27 
9.460000e-01 9.981591e-28 5.245193e-28 1.522678e-27 
9.480000e-01 9.953399e-28 5.224290e-28 1.517769e-27 
9.500000e-01 9.889938e-28 5.187031e-28 1.507697e-27 
9.520000e-01 9.842025e-28 5.161730e-28 1.500376e-27 
9.540000e-01 9.714425e-28 5.083136e-28 1.479756e-27 
9.560000e-01 1.177466e-27 5.062493e-28 1.683716e-27 
9.580000e-01 9.656400e-28 5.043634e-28 1.470003e-27 
9.600000e-01 9.608189e-28 5.014455e-28 1.462264e-27 
9.620000e-01 9.508583e-28 4.956305e-28 1.446489e-27 
9.640000e-01 9.457775e-28 4.927181e-28 1.438496e-27 
9.660000e-01 9.419252e-28 4.898797e-28 1.431805e-27 
9.680000e-01 9.373833e-28 4.870084e-28 1.424392e-27 
9.700000e-01 9.306290e-28 4.825738e-28 1.413203e-27 
9.720000e-01 9.244270e-28 4.789651e-28 1.403392e-27 
9.740000e-01 9.177484e-28 4.747488e-28 1.392497e-27 
9.760000e-01 9.126355e-28 4.722226e-28 1.384858e-27 
9.780000e-01 8.972195e-28 4.630800e-28 1.360299e-27 
9.800000e-01 8.791415e-28 4.537076e-28 1.332849e-27 
9.820000e-01 8.702921e-28 4.490877e-28 1.319380e-27 
9.840000e-01 8.604033e-28 4.437015e-28 1.304105e-27 
9.860000e-01 8.522762e-28 4.385909e-28 1.290867e-27 
9.880000e-01 8.396910e-28 4.319064e-28 1.271597e-27 
9.900000e-01 8.390282e-28 4.316342e-28 1.270662e-27 
9.920000e-01 8.359796e-28 4.294215e-28 1.265401e-27 
9.940000e-01 8.343586e-28 4.280430e-28 1.262402e-27 
9.960000e-01 8.268171e-28 4.303202e-28 1.257137e-27 
9.980000e-01 8.176044e-28 4.190109e-28 1.236615e-27 
1.000000e+00 8.127835e-28 4.169182e-28 1.229702e-27 
1.002000e+00 8.068461e-28 4.136921e-28 1.220538e-27 
1.004000e+00 8.024417e-28 4.102052e-28 1.212647e-27 
1.006000e+00 7.972080e-28 4.085237e-28 1.205732e-27 
1.008000e+00 7.931441e-28 4.063454e-28 1.199489e-27 
1.010000e+00 7.890781e-28 4.040833e-28 1.193161e-27 
1.012000e+00 7.865182e-28 4.028241e-28 1.189342e-27 
1.014000e+00 7.797661e-28 3.987001e-28 1.178466e-27 
1.016000e+00 7.628145e-28 3.896817e-28 1.152496e-27 
1.018000e+00 7.554801e-28 3.857868e-28 1.141267e-27 
1.020000e+00 7.461841e-28 3.810868e-28 1.127271e-27 
1.022000e+00 7.377197e-28 3.763659e-28 1.114086e-27 
1.024000e+00 7.305282e-28 3.725323e-28 1.103061e-27 
1.026000e+00 7.339201e-28 3.746105e-28 1.108531e-27 
1.028000e+00 7.379550e-28 3.763212e-28 1.114276e-27 
1.030000e+00 7.409152e-28 3.780020e-28 1.118917e-27 
1.032000e+00 7.472089e-28 3.810332e-28 1.128242e-27 
1.034000e+00 7.390518e-28 3.761254e-28 1.115177e-27 
1.036000e+00 7.334013e-28 3.733138e-28 1.106715e-27 
1.038000e+00 7.291097e-28 3.709367e-28 1.100046e-27 
1.040000e+00 7.218738e-28 3.672093e-28 1.089083e-27 
1.042000e+00 7.169428e-28 3.644959e-28 1.081439e-27 
1.044000e+00 7.144888e-28 3.632661e-28 1.077755e-27 
1.046000e+00 7.130502e-28 3.624497e-28 1.075500e-27 
1.048000e+00 7.101670e-28 3.609650e-28 1.071132e-27 
1.050000e+00 7.121623e-28 3.619316e-28 1.074094e-27 
1.052000e+00 6.943611e-28 3.519359e-28 1.046297e-27 
1.054000e+00 6.796118e-28 3.447801e-28 1.024392e-27 
1.056000e+00 6.712016e-28 3.406733e-28 1.011875e-27 
1.058000e+00 6.603879e-28 3.349485e-28 9.953364e-28 
1.060000e+00 6.515074e-28 3.303920e-28 9.818994e-28 
1.062000e+00 6.499233e-28 3.298412e-28 9.797645e-28 
1.064000e+00 6.517000e-28 3.308265e-28 9.825264e-28 
1.066000e+00 6.539723e-28 3.317017e-28 9.856739e-28 
1.068000e+00 6.617875e-28 3.359689e-28 9.977564e-28 
1.070000e+00 6.577578e-28 3.331603e-28 9.909181e-28 
1.072000e+00 6.479125e-28 3.279440e-28 9.758566e-28 
1.074000e+00 6.406469e-28 3.297002e-28 9.703471e-28 
1.076000e+00 6.347734e-28 3.214264e-28 9.561998e-28 
1.078000e+00 6.264513e-28 3.171762e-28 9.436275e-28 
1.080000e+00 6.225030e-28 3.146322e-28 9.371351e-28 
1.082000e+00 6.185738e-28 3.132867e-28 9.318605e-28 
1.084000e+00 6.168727e-28 3.125394e-28 9.294121e-28 
1.086000e+00 6.154893e-28 3.119494e-28 9.274387e-28 
1.088000e+00 6.229652e-28 3.151652e-28 9.381305e-28 
1.090000e+00 6.022670e-28 3.044501e-28 9.067171e-28 
1.092000e+00 5.835097e-28 2.949795e-28 8.784892e-28 
1.094000e+00 5.743039e-28 2.903870e-28 8.646909e-28 
1.096000e+00 5.743646e-28 2.905781e-28 8.649427e-28 
1.098000e+00 5.539085e-28 2.802671e-28 8.341757e-28 
1.100000e+00 5.516753e-28 2.793227e-28 8.309980e-28 
1.102000e+00 5.506783e-28 2.788939e-28 8.295722e-28 
1.104000e+00 5.541157e-28 2.806991e-28 8.348148e-28 
1.106000e+00 5.593074e-28 2.834669e-28 8.427743e-28 
1.108000e+00 5.585125e-28 2.827796e-28 8.412921e-28 
1.110000e+00 5.500203e-28 2.782154e-28 8.282357e-28 
1.112000e+00 5.394597e-28 2.727926e-28 8.122523e-28 
1.114000e+00 5.334613e-28 2.699378e-28 8.033991e-28 
1.116000e+00 5.271290e-28 2.665894e-28 7.937184e-28 
1.118000e+00 5.464487e-28 2.636441e-28 8.100928e-28 
1.120000e+00 5.168409e-28 2.614870e-28 7.783279e-28 
1.122000e+00 5.123694e-28 2.591684e-28 7.715378e-28 
1.124000e+00 5.116274e-28 2.590680e-28 7.706954e-28 
1.126000e+00 5.117393e-28 2.592183e-28 7.709577e-28 
1.128000e+00 5.095539e-28 2.579431e-28 7.674970e-28 
1.130000e+00 5.013690e-28 2.539663e-28 7.553353e-28 
1.132000e+00 4.898670e-28 2.477656e-28 7.376325e-28 
1.134000e+00 4.819368e-28 2.441322e-28 7.260689e-28 
1.136000e+00 4.804086e-28 2.430690e-28 7.234775e-28 
1.138000e+00 4.651362e-28 2.357995e-28 7.009357e-28 
1.140000e+00 4.653904e-28 2.358557e-28 7.012461e-28 
1.142000e+00 4.637468e-28 2.349101e-28 6.986570e-28 
1.144000e+00 4.696064e-28 2.382781e-28 7.078845e-28 
1.146000e+00 4.732400e-28 2.399217e-28 7.131618e-28 
1.148000e+00 4.732140e-28 2.398430e-28 7.130570e-28 
1.150000e+00 4.708819e-28 2.385779e-28 7.094598e-28 
1.152000e+00 4.695943e-28 2.379884e-28 7.075827e-28 
1.154000e+00 4.666414e-28 2.364780e-28 7.031194e-28 
1.156000e+00 4.639043e-28 2.351187e-28 6.990230e-28 
1.158000e+00 4.560024e-28 2.313196e-28 6.873220e-28 
1.160000e+00 4.541254e-28 2.302498e-28 6.843751e-28 
1.162000e+00 4.514442e-28 2.289195e-28 6.803636e-28 
1.164000e+00 4.507662e-28 2.287748e-28 6.795410e-28 
1.166000e+00 4.522650e-28 2.294812e-28 6.817462e-28 
1.168000e+00 4.520373e-28 2.292621e-28 6.812994e-28 
1.170000e+00 4.488404e-28 2.276706e-28 6.765109e-28 
1.172000e+00 4.451924e-28 2.258449e-28 6.710373e-28 
1.174000e+00 4.399569e-28 2.233793e-28 6.633361e-28 
1.176000e+00 4.358456e-28 2.225977e-28 6.584433e-28 
1.178000e+00 4.288952e-28 2.174840e-28 6.463792e-28 
1.180000e+00 4.240896e-28 2.153464e-28 6.394360e-28 
1.182000e+00 4.253808e-28 2.163164e-28 6.416971e-28 
1.184000e+00 4.237581e-28 2.155326e-28 6.392907e-28 
1.186000e+00 4.313631e-28 2.194919e-28 6.508550e-28 
1.188000e+00 4.298900e-28 2.186410e-28 6.485310e-28 
1.190000e+00 4.291333e-28 2.183293e-28 6.474627e-28 
1.192000e+00 4.326667e-28 2.171536e-28 6.498204e-28 
1.194000e+00 4.245741e-28 2.161077e-28 6.406818e-28 
1.196000e+00 4.217104e-28 2.147229e-28 6.364333e-28 
1.198000e+00 4.183133e-28 2.129768e-28 6.312901e-28 
1.200000e+00 4.113979e-28 2.093724e-28 6.207703e-28 
1.202000e+00 4.082996e-28 2.081195e-28 6.164191e-28 
1.204000e+00 4.022769e-28 2.048617e-28 6.071387e-28 
1.206000e+00 3.978531e-28 2.030703e-28 6.009234e-28 
1.208000e+00 3.970508e-28 2.026028e-28 5.996536e-28 
1.210000e+00 3.949622e-28 2.017563e-28 5.967185e-28 
1.212000e+00 3.916095e-28 2.000185e-28 5.916280e-28 
1.214000e+00 3.875596e-28 1.980829e-28 5.856425e-28 
1.216000e+00 3.834561e-28 1.961319e-28 5.795880e-28 
1.218000e+00 3.787244e-28 1.937231e-28 5.724475e-28 
1.220000e+00 3.729050e-28 1.908267e-28 5.637317e-28 
1.222000e+00 3.651505e-28 1.869556e-28 5.521061e-28 
1.224000e+00 3.645206e-28 1.870208e-28 5.515415e-28 
1.226000e+00 3.619569e-28 1.856881e-28 5.476450e-28 
1.228000e+00 3.728869e-28 1.915765e-28 5.644635e-28 
1.230000e+00 3.662933e-28 1.881065e-28 5.543999e-28 
1.232000e+00 3.649929e-28 1.875651e-28 5.525580e-28 
1.234000e+00 3.631825e-28 1.867976e-28 5.499801e-28 
1.236000e+00 3.610352e-28 1.858580e-28 5.468933e-28 
1.238000e+00 3.591064e-28 1.850494e-28 5.441558e-28 
1.240000e+00 3.548808e-28 1.836373e-28 5.385181e-28 
1.242000e+00 3.515102e-28 1.812861e-28 5.327963e-28 
1.244000e+00 3.460067e-28 1.786306e-28 5.246373e-28 
1.246000e+00 3.402714e-28 1.758564e-28 5.161278e-28 
1.248000e+00 3.355287e-28 1.742132e-28 5.097419e-28 
1.250000e+00 3.373940e-28 1.749071e-28 5.123012e-28 
1.252000e+00 3.340772e-28 1.732618e-28 5.073390e-28 
1.254000e+00 3.309797e-28 1.719276e-28 5.029073e-28 
1.256000e+00 3.283708e-28 1.707189e-28 4.990897e-28 
1.258000e+00 3.251197e-28 1.693140e-28 4.944338e-28 
1.260000e+00 3.225039e-28 1.680232e-28 4.905271e-28 
1.262000e+00 3.186085e-28 1.662845e-28 4.848930e-28 
1.264000e+00 3.142649e-28 1.644487e-28 4.787136e-28 
1.266000e+00 3.082787e-28 1.612683e-28 4.695470e-28 
1.268000e+00 3.038146e-28 1.594269e-28 4.632415e-28 
1.270000e+00 3.058551e-28 1.608407e-28 4.666957e-28 
1.272000e+00 3.101424e-28 1.624352e-28 4.725777e-28 
1.274000e+00 3.088612e-28 1.630144e-28 4.718756e-28 
1.276000e+00 3.086722e-28 1.632664e-28 4.719387e-28 
1.278000e+00 3.070137e-28 1.628494e-28 4.698631e-28 
1.280000e+00 3.051790e-28 1.622632e-28 4.674421e-28 
1.282000e+00 3.032411e-28 1.616004e-28 4.648414e-28 
1.284000e+00 3.007976e-28 1.608829e-28 4.616804e-28 
1.286000e+00 2.958760e-28 1.588312e-28 4.547072e-28 
1.288000e+00 2.907710e-28 1.577514e-28 4.485223e-28 
1.290000e+00 2.802655e-28 1.523109e-28 4.325763e-28 
1.292000e+00 2.753581e-28 1.510200e-28 4.263781e-28 
1.294000e+00 2.735368e-28 1.510751e-28 4.246119e-28 
1.296000e+00 2.712307e-28 1.506947e-28 4.219254e-28 
1.298000e+00 2.691580e-28 1.504963e-28 4.196544e-28 
1.300000e+00 2.679317e-28 1.499934e-28 4.179251e-28 
1.302000e+00 2.664581e-28 1.490804e-28 4.155385e-28 
1.304000e+00 2.648984e-28 1.477544e-28 4.126527e-28 
1.306000e+00 2.647953e-28 1.469787e-28 4.117739e-28 
1.308000e+00 2.634249e-28 1.451575e-28 4.085824e-28 
1.310000e+00 2.626166e-28 1.434308e-28 4.060473e-28 
1.312000e+00 2.596106e-28 1.403285e-28 3.999392e-28 
1.314000e+00 2.575431e-28 1.381238e-28 3.956669e-28 
1.316000e+00 2.629372e-28 1.399356e-28 4.028728e-28 
1.318000e+00 2.656998e-28 1.427544e-28 4.084542e-28 
1.320000e+00 2.720751e-28 1.430900e-28 4.151651e-28 
1.322000e+00 2.742316e-28 1.433883e-28 4.176199e-28 
1.324000e+00 2.741546e-28 1.429510e-28 4.171056e-28 
1.326000e+00 2.741223e-28 1.423896e-28 4.165119e-28 
1.328000e+00 2.735917e-28 1.417039e-28 4.152956e-28 
1.330000e+00 2.732218e-28 1.411243e-28 4.143461e-28 
1.332000e+00 2.698604e-28 1.390035e-28 4.088639e-28 
1.334000e+00 2.665189e-28 1.368908e-28 4.034097e-28 
1.336000e+00 2.588034e-28 1.325800e-28 3.913833e-28 
1.338000e+00 2.543791e-28 1.301247e-28 3.845038e-28 
1.340000e+00 2.539908e-28 1.298831e-28 3.838739e-28 
1.342000e+00 2.548712e-28 1.300690e-28 3.849402e-28 
1.344000e+00 2.532089e-28 1.291017e-28 3.823106e-28 
1.346000e+00 2.541316e-28 1.295572e-28 3.836888e-28 
1.348000e+00 2.583333e-28 1.310635e-28 3.893969e-28 
1.350000e+00 2.559041e-28 1.296079e-28 3.855120e-28 
1.352000e+00 2.526284e-28 1.277964e-28 3.804248e-28 
1.354000e+00 2.477316e-28 1.263008e-28 3.740324e-28 
1.356000e+00 2.500602e-28 1.263161e-28 3.763763e-28 
1.358000e+00 2.493104e-28 1.257397e-28 3.750500e-28 
1.360000e+00 2.449142e-28 1.231846e-28 3.680988e-28 
1.362000e+00 2.411857e-28 1.211264e-28 3.623121e-28 
1.364000e+00 2.348379e-28 1.181810e-28 3.530188e-28 
1.366000e+00 2.412120e-28 1.212320e-28 3.624440e-28 
1.368000e+00 2.415789e-28 1.211524e-28 3.627313e-28 
1.370000e+00 2.422087e-28 1.222741e-28 3.644828e-28 
1.372000e+00 2.411926e-28 1.207346e-28 3.619272e-28 
1.374000e+00 2.396255e-28 1.196235e-28 3.592490e-28 
1.376000e+00 2.378461e-28 1.189055e-28 3.567516e-28 
1.378000e+00 2.384637e-28 1.189891e-28 3.574527e-28 
1.380000e+00 2.360648e-28 1.172899e-28 3.533547e-28 
1.382000e+00 2.327897e-28 1.158674e-28 3.486572e-28 
1.384000e+00 2.270604e-28 1.128500e-28 3.399104e-28 
1.386000e+00 2.228946e-28 1.107234e-28 3.336180e-28 
1.388000e+00 2.239732e-28 1.098121e-28 3.337853e-28 
1.390000e+00 2.236184e-28 1.111645e-28 3.347829e-28 
1.392000e+00 2.239145e-28 1.111861e-28 3.351006e-28 
1.394000e+00 2.241436e-28 1.121165e-28 3.362601e-28 
1.396000e+00 2.251364e-28 1.116040e-28 3.367403e-28 
1.398000e+00 2.243025e-28 1.110505e-28 3.353531e-28 
1.400000e+00 2.233991e-28 1.108032e-28 3.342023e-28 
1.402000e+00 2.237593e-28 1.107338e-28 3.344931e-28 
1.404000e+00 2.238047e-28 1.101509e-28 3.339556e-28 
1.406000e+00 2.279498e-28 1.125785e-28 3.405283e-28 
1.408000e+00 2.182824e-28 1.077012e-28 3.259837e-28 
1.410000e+00 2.161261e-28 1.065679e-28 3.226940e-28 
1.412000e+00 2.142502e-28 1.055794e-28 3.198296e-28 
1.414000e+00 2.159125e-28 1.065080e-28 3.224205e-28 
1.416000e+00 2.208363e-28 1.089133e-28 3.297496e-28 
1.418000e+00 2.203461e-28 1.084381e-28 3.287841e-28 
1.420000e+00 2.203492e-28 1.084691e-28 3.288183e-28 
1.422000e+00 2.192449e-28 1.077657e-28 3.270106e-28 
1.424000e+00 2.179703e-28 1.071986e-28 3.251689e-28 
1.426000e+00 2.187868e-28 1.075512e-28 3.263380e-28 
1.428000e+00 2.188617e-28 1.075853e-28 3.264471e-28 
1.430000e+00 2.166765e-28 1.063860e-28 3.230625e-28 
1.432000e+00 2.135548e-28 1.052099e-28 3.187647e-28 
1.434000e+00 2.090931e-28 1.025238e-28 3.116169e-28 
1.436000e+00 2.070085e-28 1.017289e-28 3.087374e-28 
1.438000e+00 2.056463e-28 1.007993e-28 3.064456e-28 
1.440000e+00 2.048060e-28 1.003515e-28 3.051576e-28 
1.442000e+00 2.048982e-28 1.003114e-28 3.052097e-28 
1.444000e+00 2.028016e-28 9.928266e-29 3.020843e-28 
1.446000e+00 2.025982e-28 9.920688e-29 3.018051e-28 
1.448000e+00 2.017642e-28 9.865926e-29 3.004234e-28 
1.450000e+00 2.012061e-28 9.845775e-29 2.996638e-28 
1.452000e+00 2.009528e-28 9.826494e-29 2.992178e-28 
1.454000e+00 1.998320e-28 9.767169e-29 2.975037e-28 
1.456000e+00 1.980142e-28 9.679784e-29 2.948121e-28 
1.458000e+00 1.956756e-28 9.560210e-29 2.912777e-28 
1.460000e+00 1.932938e-28 9.448405e-29 2.877778e-28 
1.462000e+00 1.928706e-28 9.424320e-29 2.871138e-28 
1.464000e+00 1.926739e-28 9.408584e-29 2.867598e-28 
1.466000e+00 1.935943e-28 9.458086e-29 2.881751e-28 
1.468000e+00 1.959765e-28 9.569223e-29 2.916687e-28 
1.470000e+00 1.939111e-28 9.457580e-29 2.884869e-28 
1.472000e+00 1.924332e-28 9.380001e-29 2.862333e-28 
1.474000e+00 1.906944e-28 9.301223e-29 2.837066e-28 
1.476000e+00 1.908944e-28 9.295624e-29 2.838507e-28 
1.478000e+00 1.906923e-28 9.297034e-29 2.836627e-28 
1.480000e+00 1.896390e-28 9.237917e-29 2.820182e-28 
1.482000e+00 1.868239e-28 9.089080e-29 2.777147e-28 
1.484000e+00 1.828390e-28 8.905597e-29 2.718950e-28 
1.486000e+00 1.790326e-28 9.097750e-29 2.700101e-28 
1.488000e+00 1.770882e-28 8.613723e-29 2.632254e-28 
1.490000e+00 1.754489e-28 8.540021e-29 2.608491e-28 
1.492000e+00 1.743203e-28 8.478954e-29 2.591098e-28 
1.494000e+00 1.744163e-28 8.496564e-29 2.593819e-28 
1.496000e+00 1.788718e-28 8.699957e-29 2.658714e-28 
1.498000e+00 1.713348e-28 8.337167e-29 2.547065e-28 
1.500000e+00 1.715286e-28 8.348437e-29 2.550130e-28 
1.502000e+00 1.716752e-28 8.353033e-29 2.552055e-28 
1.504000e+00 1.711619e-28 8.326017e-29 2.544221e-28 
1.506000e+00 1.706803e-28 8.298161e-29 2.536619e-28 
1.508000e+00 1.784017e-28 8.673066e-29 2.651323e-28 
1.510000e+00 1.795044e-28 8.714843e-29 2.666528e-28 
1.512000e+00 1.772479e-28 8.600009e-29 2.632480e-28 
1.514000e+00 1.645644e-28 7.993279e-29 2.444972e-28 
1.516000e+00 1.641731e-28 7.976383e-29 2.439369e-28 
1.518000e+00 1.641124e-28 7.968200e-29 2.437944e-28 
1.520000e+00 1.656508e-28 8.053914e-29 2.461899e-28 
1.522000e+00 1.679107e-28 8.143934e-29 2.493500e-28 
1.524000e+00 1.655474e-28 8.031968e-29 2.458670e-28 
1.526000e+00 1.639199e-28 7.958859e-29 2.435085e-28 
1.528000e+00 1.651951e-28 8.009613e-29 2.452913e-28 
1.530000e+00 1.650433e-28 8.005730e-29 2.451006e-28 
1.532000e+00 1.648954e-28 8.004802e-29 2.449434e-28 
1.534000e+00 1.634907e-28 7.931005e-29 2.428007e-28 
1.536000e+00 1.612972e-28 7.823134e-29 2.395286e-28 
1.538000e+00 1.577400e-28 7.642058e-29 2.341606e-28 
1.540000e+00 1.549642e-28 7.512536e-29 2.300896e-28 
1.542000e+00 1.550043e-28 7.432990e-29 2.293342e-28 
1.544000e+00 1.523036e-28 7.388724e-29 2.261909e-28 
1.546000e+00 1.517228e-28 7.360652e-29 2.253293e-28 
1.548000e+00 1.532973e-28 7.436070e-29 2.276580e-28 
1.550000e+00 1.666308e-28 7.445692e-29 2.410877e-28 
1.552000e+00 1.514913e-28 7.342272e-29 2.249140e-28 
1.554000e+00 1.510798e-28 7.328913e-29 2.243689e-28 
1.556000e+00 1.512210e-28 7.331524e-29 2.245363e-28 
1.558000e+00 1.508165e-28 7.302920e-29 2.238457e-28 
1.560000e+00 1.520725e-28 7.370360e-29 2.257761e-28 
1.562000e+00 1.487862e-28 7.209004e-29 2.208762e-28 
1.564000e+00 1.543309e-28 7.494230e-29 2.292732e-28 
1.566000e+00 1.520420e-28 7.362876e-29 2.256708e-28 
1.568000e+00 1.488726e-28 7.210729e-29 2.209799e-28 
1.570000e+00 1.439887e-28 6.977882e-29 2.137675e-28 
1.572000e+00 1.438760e-28 6.970541e-29 2.135814e-28 
1.574000e+00 1.444335e-28 7.004430e-29 2.144778e-28 
1.576000e+00 1.460467e-28 7.084903e-29 2.168957e-28 
1.578000e+00 1.473468e-28 7.144805e-29 2.187948e-28 
1.580000e+00 1.445974e-28 7.004637e-29 2.146438e-28 
1.582000e+00 1.446205e-28 7.007769e-29 2.146982e-28 
1.584000e+00 1.441109e-28 6.985408e-29 2.139650e-28 
1.586000e+00 1.435240e-28 6.953599e-29 2.130600e-28 
1.588000e+00 1.432937e-28 6.946642e-29 2.127601e-28 
1.590000e+00 1.414799e-28 6.847884e-29 2.099587e-28 
1.592000e+00 1.399428e-28 6.766661e-29 2.076094e-28 
1.594000e+00 1.364961e-28 6.606775e-29 2.025639e-28 
1.596000e+00 1.339958e-28 6.491688e-29 1.989127e-28 
1.598000e+00 1.325339e-28 6.425561e-29 1.967895e-28 
1.600000e+00 1.317540e-28 6.393102e-29 1.956850e-28 
1.602000e+00 1.325206e-28 6.430798e-29 1.968286e-28 
1.604000e+00 1.324975e-28 6.426191e-29 1.967594e-28 
1.606000e+00 1.327959e-28 6.447343e-29 1.972693e-28 
1.608000e+00 1.379287e-28 6.680724e-29 2.047359e-28 
1.610000e+00 1.305786e-28 6.332156e-29 1.939002e-28 
1.612000e+00 1.298141e-28 6.296763e-29 1.927818e-28 
1.614000e+00 1.292729e-28 6.269059e-29 1.919635e-28 
1.616000e+00 1.284229e-28 6.229180e-29 1.907147e-28 
1.618000e+00 1.275613e-28 6.185698e-29 1.894183e-28 
1.620000e+00 1.267348e-28 6.701169e-29 1.937465e-28 
1.622000e+00 1.262549e-28 6.085710e-29 1.871120e-28 
1.624000e+00 1.241536e-28 6.023762e-29 1.843912e-28 
1.626000e+00 1.237525e-28 6.003872e-29 1.837912e-28 
1.628000e+00 1.235065e-28 5.995851e-29 1.834650e-28 
1.630000e+00 1.242926e-28 6.034874e-29 1.846413e-28 
1.632000e+00 1.247035e-28 6.055740e-29 1.852609e-28 
1.634000e+00 1.261973e-28 6.131995e-29 1.875172e-28 
1.636000e+00 1.266464e-28 6.147771e-29 1.881241e-28 
1.638000e+00 1.259138e-28 6.114353e-29 1.870574e-28 
1.640000e+00 1.259331e-28 6.118454e-29 1.871176e-28 
1.642000e+00 1.257540e-28 6.109270e-29 1.868467e-28 
1.644000e+00 1.251938e-28 6.082886e-29 1.860226e-28 
1.646000e+00 1.250022e-28 6.070379e-29 1.857060e-28 
1.648000e+00 1.236246e-28 6.006688e-29 1.836915e-28 
1.650000e+00 1.225419e-28 5.953304e-29 1.820749e-28 
1.652000e+00 1.198261e-28 5.823021e-29 1.780564e-28 
1.654000e+00 1.176799e-28 5.723772e-29 1.749176e-28 
1.656000e+00 1.166017e-28 5.671222e-29 1.733139e-28 
1.658000e+00 1.171778e-28 5.701255e-29 1.741903e-28 
1.660000e+00 1.170970e-28 5.698022e-29 1.740773e-28 
1.662000e+00 1.165390e-28 5.668960e-29 1.732286e-28 
1.664000e+00 1.166927e-28 5.677321e-29 1.734660e-28 
1.666000e+00 1.164085e-28 5.667321e-29 1.730817e-28 
1.668000e+00 1.158758e-28 5.643005e-29 1.723059e-28 
1.670000e+00 1.153458e-28 5.793673e-29 1.732826e-28 
1.672000e+00 1.148139e-28 5.594131e-29 1.707552e-28 
1.674000e+00 1.141377e-28 5.564291e-29 1.697806e-28 
1.676000e+00 1.136021e-28 5.536436e-29 1.689665e-28 
1.678000e+00 1.131499e-28 5.517223e-29 1.683221e-28 
1.680000e+00 1.124733e-28 5.485866e-29 1.673320e-28 
1.682000e+00 1.112083e-28 5.421484e-29 1.654231e-28 
1.684000e+00 1.119273e-28 5.460721e-29 1.665346e-28 
1.686000e+00 1.101240e-28 5.377107e-29 1.638950e-28 
1.688000e+00 1.104146e-28 5.390386e-29 1.643185e-28 
1.690000e+00 1.105562e-28 5.394065e-29 1.644968e-28 
1.692000e+00 1.093956e-28 5.338789e-29 1.627835e-28 
1.694000e+00 1.088585e-28 5.311753e-29 1.619760e-28 
1.696000e+00 1.085831e-28 5.301293e-29 1.615961e-28 
1.698000e+00 1.089197e-28 5.323283e-29 1.621525e-28 
1.700000e+00 1.088152e-28 5.315773e-29 1.619729e-28 
1.702000e+00 1.089659e-28 5.325594e-29 1.622218e-28 
1.704000e+00 1.085706e-28 5.309060e-29 1.616612e-28 
1.706000e+00 1.083588e-28 5.298019e-29 1.613390e-28 
1.708000e+00 1.078314e-28 5.267811e-29 1.605095e-28 
1.710000e+00 1.119804e-28 5.479953e-29 1.667799e-28 
1.712000e+00 1.054001e-28 5.152707e-29 1.569272e-28 
1.714000e+00 1.034750e-28 5.061491e-29 1.540899e-28 
1.716000e+00 1.033922e-28 5.067671e-29 1.540689e-28 
1.718000e+00 1.038087e-28 5.084813e-29 1.546569e-28 
1.720000e+00 1.022375e-28 5.008793e-29 1.523254e-28 
1.722000e+00 1.004698e-28 4.925101e-29 1.497208e-28 
1.724000e+00 9.901431e-29 4.852352e-29 1.475378e-28 
1.726000e+00 9.725460e-29 4.768220e-29 1.449368e-28 
1.728000e+00 9.660237e-29 4.743443e-29 1.440368e-28 
1.730000e+00 9.621031e-29 4.725977e-29 1.434701e-28 
1.732000e+00 9.578566e-29 4.701723e-29 1.428029e-28 
1.734000e+00 9.543455e-29 4.684507e-29 1.422796e-28 
1.736000e+00 9.503111e-29 4.668614e-29 1.417172e-28 
1.738000e+00 9.535641e-29 4.684487e-29 1.422013e-28 
1.740000e+00 9.475872e-29 4.663639e-29 1.413951e-28 
1.742000e+00 9.443973e-29 4.646868e-29 1.409084e-28 
1.744000e+00 9.340338e-29 4.599386e-29 1.393972e-28 
1.746000e+00 9.316712e-29 4.589759e-29 1.390647e-28 
1.748000e+00 9.365540e-29 4.615774e-29 1.398131e-28 
1.750000e+00 9.303193e-29 4.585146e-29 1.388834e-28 
1.752000e+00 9.191902e-29 4.532705e-29 1.372461e-28 
1.754000e+00 9.103014e-29 4.488223e-29 1.359124e-28 
1.756000e+00 8.941226e-29 4.412890e-29 1.335412e-28 
1.758000e+00 8.882730e-29 4.393136e-29 1.327587e-28 
1.760000e+00 8.934580e-29 4.419533e-29 1.335411e-28 
1.762000e+00 8.973267e-29 4.436732e-29 1.341000e-28 
1.764000e+00 8.983166e-29 4.446836e-29 1.343000e-28 
1.766000e+00 9.013278e-29 4.461770e-29 1.347505e-28 
1.768000e+00 8.999768e-29 4.461127e-29 1.346090e-28 
1.770000e+00 9.185892e-29 4.553435e-29 1.373933e-28 
1.772000e+00 9.239242e-29 4.585120e-29 1.382436e-28 
1.774000e+00 9.232442e-29 4.588961e-29 1.382140e-28 
1.776000e+00 8.798156e-29 4.365502e-29 1.316366e-28 
1.778000e+00 8.860890e-29 4.409955e-29 1.327085e-28 
1.780000e+00 8.759213e-29 4.358561e-29 1.311777e-28 
1.782000e+00 8.650408e-29 4.306736e-29 1.295714e-28 
1.784000e+00 8.525454e-29 4.253469e-29 1.277892e-28 
1.786000e+00 8.412749e-29 4.198848e-29 1.261160e-28 
1.788000e+00 8.658440e-29 4.329488e-29 1.298793e-28 
1.790000e+00 8.664561e-29 4.339361e-29 1.300392e-28 
1.792000e+00 8.639106e-29 4.328891e-29 1.296800e-28 
1.794000e+00 8.215562e-29 4.103115e-29 1.231868e-28 
1.796000e+00 8.189362e-29 4.114078e-29 1.230344e-28 
1.798000e+00 8.180648e-29 4.113031e-29 1.229368e-28 
1.800000e+00 8.146169e-29 4.101594e-29 1.224776e-28 
1.802000e+00 8.148304e-29 4.109546e-29 1.225785e-28 
1.804000e+00 8.183989e-29 4.132808e-29 1.231680e-28 
1.806000e+00 8.123293e-29 4.108454e-29 1.223175e-28 
1.808000e+00 8.027321e-29 4.070661e-29 1.209798e-28 
1.810000e+00 8.027768e-29 4.076386e-29 1.210415e-28 
1.812000e+00 7.961140e-29 4.051757e-29 1.201290e-28 
1.814000e+00 7.869894e-29 4.009492e-29 1.187939e-28 
1.816000e+00 7.754301e-29 3.963938e-29 1.171824e-28 
1.818000e+00 7.655448e-29 3.927391e-29 1.158284e-28 
1.820000e+00 7.487967e-29 3.848534e-29 1.133650e-28 
1.822000e+00 7.457291e-29 3.847921e-29 1.130521e-28 
1.824000e+00 7.458390e-29 3.858669e-29 1.131706e-28 
1.826000e+00 7.454923e-29 3.890145e-29 1.134507e-28 
1.828000e+00 7.433309e-29 3.894212e-29 1.132752e-28 
1.830000e+00 7.422674e-29 3.910944e-29 1.133362e-28 
1.832000e+00 7.401115e-29 3.912184e-29 1.131330e-28 
1.834000e+00 7.368303e-29 3.906715e-29 1.127502e-28 
1.836000e+00 7.741909e-29 4.121545e-29 1.186345e-28 
1.838000e+00 7.817143e-29 4.165494e-29 1.198264e-28 
1.840000e+00 7.322825e-29 3.901343e-29 1.122417e-28 
1.842000e+00 7.308990e-29 3.891068e-29 1.120006e-28 
1.844000e+00 7.229621e-29 3.841898e-29 1.107152e-28 
1.846000e+00 7.140424e-29 3.787456e-29 1.092788e-28 
1.848000e+00 7.124143e-29 3.751428e-29 1.087557e-28 
1.850000e+00 7.062498e-29 3.703386e-29 1.076588e-28 
1.852000e+00 7.021415e-29 3.657236e-29 1.067865e-28 
1.854000e+00 6.973451e-29 3.617484e-29 1.059093e-28 
1.856000e+00 7.009966e-29 3.603971e-29 1.061394e-28 
1.858000e+00 7.018256e-29 3.595789e-29 1.061405e-28 
1.860000e+00 7.060353e-29 3.595713e-29 1.065607e-28 
1.862000e+00 7.072372e-29 3.581493e-29 1.065386e-28 
1.864000e+00 7.126475e-29 3.598310e-29 1.072478e-28 
1.866000e+00 7.195447e-29 3.621080e-29 1.081653e-28 
1.868000e+00 7.179773e-29 3.604714e-29 1.078449e-28 
1.870000e+00 7.174381e-29 3.591217e-29 1.076560e-28 
1.872000e+00 7.180925e-29 3.588726e-29 1.076965e-28 
1.874000e+00 7.179713e-29 3.586641e-29 1.076635e-28 
1.876000e+00 7.163696e-29 3.568885e-29 1.073258e-28 
1.878000e+00 7.128103e-29 3.541021e-29 1.066912e-28 
1.880000e+00 7.073141e-29 3.511901e-29 1.058504e-28 
1.882000e+00 7.010144e-29 3.472610e-29 1.048275e-28 
1.884000e+00 6.945732e-29 3.435106e-29 1.038084e-28 
1.886000e+00 6.820504e-29 3.367167e-29 1.018767e-28 
1.888000e+00 6.760804e-29 3.337616e-29 1.009842e-28 
1.890000e+00 6.763142e-29 3.332410e-29 1.009555e-28 
1.892000e+00 6.785260e-29 3.341697e-29 1.012696e-28 
1.894000e+00 6.831487e-29 3.358600e-29 1.019009e-28 
1.896000e+00 6.883665e-29 3.373265e-29 1.025693e-28 
1.898000e+00 6.919150e-29 3.392621e-29 1.031177e-28 
1.900000e+00 6.913595e-29 3.386868e-29 1.030046e-28 
1.902000e+00 6.849731e-29 3.352118e-29 1.020185e-28 
1.904000e+00 7.614357e-29 3.725035e-29 1.133939e-28 
1.906000e+00 7.659572e-29 3.740644e-29 1.140022e-28 
1.908000e+00 7.043309e-29 3.434945e-29 1.047825e-28 
1.910000e+00 6.935126e-29 3.378998e-29 1.031412e-28 
1.912000e+00 6.872707e-29 3.347879e-29 1.022059e-28 
1.914000e+00 6.787107e-29 3.305913e-29 1.009302e-28 
1.916000e+00 6.742571e-29 3.276338e-29 1.001891e-28 
1.918000e+00 6.671557e-29 3.239135e-29 9.910692e-29 
1.920000e+00 6.589411e-29 3.347337e-29 9.936748e-29 
1.922000e+00 6.866412e-29 3.331199e-29 1.019761e-28 
1.924000e+00 6.802618e-29 3.293489e-29 1.009611e-28 
1.926000e+00 6.514941e-29 3.158652e-29 9.673592e-29 
1.928000e+00 6.529788e-29 3.161641e-29 9.691429e-29 
1.930000e+00 6.525168e-29 3.156451e-29 9.681619e-29 
1.932000e+00 6.516031e-29 3.150654e-29 9.666685e-29 
1.934000e+00 6.480322e-29 3.131252e-29 9.611574e-29 
1.936000e+00 6.504539e-29 3.140704e-29 9.645242e-29 
1.938000e+00 6.523857e-29 3.150127e-29 9.673984e-29 
1.940000e+00 6.973590e-29 3.362015e-29 1.033560e-28 
1.942000e+00 6.581934e-29 3.168981e-29 9.750914e-29 
1.944000e+00 6.513818e-29 3.136087e-29 9.649906e-29 
1.946000e+00 6.443081e-29 3.098679e-29 9.541760e-29 
1.948000e+00 6.364804e-29 3.057765e-29 9.422569e-29 
1.950000e+00 6.301767e-29 3.024299e-29 9.326066e-29 
1.952000e+00 6.202107e-29 2.977962e-29 9.180068e-29 
1.954000e+00 6.092018e-29 2.921909e-29 9.013926e-29 
1.956000e+00 5.919837e-29 2.836089e-29 8.755926e-29 
1.958000e+00 5.926873e-29 2.844117e-29 8.770990e-29 
1.960000e+00 5.965988e-29 2.860285e-29 8.826273e-29 
1.962000e+00 5.997219e-29 2.879237e-29 8.876456e-29 
1.964000e+00 6.020019e-29 2.883819e-29 8.903838e-29 
1.966000e+00 6.033055e-29 2.888752e-29 8.921808e-29 
1.968000e+00 6.048668e-29 2.884543e-29 8.933211e-29 
1.970000e+00 6.026724e-29 2.881219e-29 8.907943e-29 
1.972000e+00 6.163978e-29 2.945760e-29 9.109739e-29 
1.974000e+00 6.675272e-29 3.189406e-29 9.864678e-29 
1.976000e+00 6.731359e-29 3.215035e-29 9.946395e-29 
1.978000e+00 6.140596e-29 2.928453e-29 9.069049e-29 
1.980000e+00 6.046587e-29 2.932319e-29 8.978906e-29 
1.982000e+00 6.010893e-29 2.864430e-29 8.875323e-29 
1.984000e+00 5.954206e-29 2.978484e-29 8.932690e-29 
1.986000e+00 6.197916e-29 2.955195e-29 9.153111e-29 
1.988000e+00 6.142669e-29 2.923279e-29 9.065948e-29 
1.990000e+00 6.068546e-29 2.883907e-29 8.952453e-29 
1.992000e+00 5.991749e-29 2.850812e-29 8.842561e-29 
1.994000e+00 5.937611e-29 2.820268e-29 8.757879e-29 
1.996000e+00 5.704447e-29 2.707229e-29 8.411676e-29 
1.998000e+00 5.693662e-29 2.707168e-29 8.400830e-29 
2.000000e+00 5.681376e-29 2.699610e-29 8.380986e-29 
2.002000e+00 5.653081e-29 2.684121e-29 8.337202e-29 
2.004000e+00 5.603568e-29 2.659547e-29 8.263114e-29 
2.006000e+00 5.619111e-29 2.669368e-29 8.288479e-29 
2.008000e+00 5.617921e-29 2.666728e-29 8.284649e-29 
2.010000e+00 5.631300e-29 2.670510e-29 8.301810e-29 
2.012000e+00 5.657266e-29 2.686589e-29 8.343855e-29 
2.014000e+00 5.698903e-29 2.702263e-29 8.401166e-29 
2.016000e+00 5.665457e-29 2.687761e-29 8.353217e-29 
2.018000e+00 5.626980e-29 2.667551e-29 8.294531e-29 
2.020000e+00 5.572798e-29 2.641845e-29 8.214643e-29 
2.022000e+00 5.500624e-29 2.605854e-29 8.106477e-29 
2.024000e+00 5.414534e-29 2.566633e-29 7.981167e-29 
2.026000e+00 5.252465e-29 2.485516e-29 7.737981e-29 
2.028000e+00 5.188135e-29 2.457128e-29 7.645263e-29 
2.030000e+00 5.245823e-29 2.486481e-29 7.732304e-29 
2.032000e+00 5.273127e-29 2.496894e-29 7.770021e-29 
2.034000e+00 5.302292e-29 2.510206e-29 7.812497e-29 
2.036000e+00 5.313830e-29 2.508734e-29 7.822564e-29 
2.038000e+00 5.305027e-29 2.506236e-29 7.811263e-29 
2.040000e+00 5.295355e-29 2.499685e-29 7.795041e-29 
2.042000e+00 5.303045e-29 2.501743e-29 7.804788e-29 
2.044000e+00 5.433874e-29 2.566720e-29 8.000594e-29 
2.046000e+00 5.411533e-29 2.552668e-29 7.964200e-29 
2.048000e+00 5.316263e-29 2.511353e-29 7.827616e-29 
2.050000e+00 5.376704e-29 2.539394e-29 7.916097e-29 
2.052000e+00 5.639559e-29 2.657218e-29 8.296776e-29 
2.054000e+00 5.601909e-29 2.633398e-29 8.235308e-29 
2.056000e+00 5.651985e-29 2.611370e-29 8.263355e-29 
2.058000e+00 5.505808e-29 2.594503e-29 8.100312e-29 
2.060000e+00 5.461224e-29 2.571893e-29 8.033117e-29 
2.062000e+00 5.421759e-29 2.554525e-29 7.976284e-29 
2.064000e+00 5.429524e-29 2.560350e-29 7.989874e-29 
2.066000e+00 5.376359e-29 2.527940e-29 7.904299e-29 
2.068000e+00 5.340721e-29 2.510954e-29 7.851675e-29 
2.070000e+00 5.157186e-29 2.427715e-29 7.584901e-29 
2.072000e+00 5.155425e-29 2.425067e-29 7.580492e-29 
2.074000e+00 5.115146e-29 2.403739e-29 7.518885e-29 
2.076000e+00 5.068434e-29 2.378527e-29 7.446961e-29 
2.078000e+00 5.073601e-29 2.376310e-29 7.449911e-29 
2.080000e+00 5.077110e-29 2.384605e-29 7.461714e-29 
2.082000e+00 5.085709e-29 2.378359e-29 7.464068e-29 
2.084000e+00 5.051654e-29 2.371371e-29 7.423025e-29 
2.086000e+00 5.102234e-29 2.395628e-29 7.497862e-29 
2.088000e+00 5.069810e-29 2.379208e-29 7.449018e-29 
2.090000e+00 5.015428e-29 2.357194e-29 7.372622e-29 
2.092000e+00 4.965318e-29 2.330103e-29 7.295420e-29 
2.094000e+00 4.900004e-29 2.298497e-29 7.198501e-29 
2.096000e+00 4.814349e-29 2.255903e-29 7.070252e-29 
2.098000e+00 4.710094e-29 2.206951e-29 6.917045e-29 
2.100000e+00 4.657600e-29 2.183161e-29 6.840761e-29 
2.102000e+00 4.570715e-29 2.142869e-29 6.713585e-29 
2.104000e+00 4.591313e-29 2.153852e-29 6.745165e-29 
2.106000e+00 4.624677e-29 2.169998e-29 6.794676e-29 
2.108000e+00 4.636766e-29 2.176111e-29 6.812877e-29 
2.110000e+00 4.652831e-29 2.181427e-29 6.834259e-29 
2.112000e+00 4.638772e-29 2.173623e-29 6.812395e-29 
2.114000e+00 4.627975e-29 2.171168e-29 6.799142e-29 
2.116000e+00 4.635039e-29 2.172820e-29 6.807859e-29 
2.118000e+00 4.665681e-29 2.189232e-29 6.854914e-29 
2.120000e+00 4.644636e-29 2.175879e-29 6.820515e-29 
2.122000e+00 4.649000e-29 2.180888e-29 6.829888e-29 
2.124000e+00 4.721045e-29 2.211252e-29 6.932297e-29 
2.126000e+00 4.695375e-29 2.318550e-29 7.013925e-29 
2.128000e+00 4.931894e-29 2.306788e-29 7.238683e-29 
2.130000e+00 4.883976e-29 2.286823e-29 7.170799e-29 
2.132000e+00 4.855097e-29 2.270885e-29 7.125982e-29 
2.134000e+00 4.827109e-29 2.259455e-29 7.086564e-29 
2.136000e+00 4.851029e-29 2.269136e-29 7.120164e-29 
2.138000e+00 4.849079e-29 2.267372e-29 7.116451e-29 
2.140000e+00 4.799692e-29 2.243742e-29 7.043435e-29 
2.142000e+00 4.720537e-29 2.205832e-29 6.926369e-29 
2.144000e+00 4.478692e-29 2.121505e-29 6.600197e-29 
2.146000e+00 4.482072e-29 2.096377e-29 6.578448e-29 
2.148000e+00 4.466834e-29 2.088758e-29 6.555592e-29 
2.150000e+00 4.441794e-29 2.075013e-29 6.516808e-29 
2.152000e+00 4.457832e-29 2.086667e-29 6.544499e-29 
2.154000e+00 4.454724e-29 2.082258e-29 6.536982e-29 
2.156000e+00 4.443082e-29 2.079133e-29 6.522215e-29 
2.158000e+00 4.442778e-29 2.078594e-29 6.521371e-29 
2.160000e+00 4.436960e-29 2.074841e-29 6.511802e-29 
2.162000e+00 4.477992e-29 2.093518e-29 6.571510e-29 
2.164000e+00 4.444562e-29 2.076333e-29 6.520894e-29 
2.166000e+00 4.390090e-29 2.051232e-29 6.441322e-29 
2.168000e+00 4.331108e-29 2.022313e-29 6.353421e-29 
2.170000e+00 4.257221e-29 1.987239e-29 6.244461e-29 
2.172000e+00 4.174506e-29 1.949106e-29 6.123612e-29 
2.174000e+00 4.120901e-29 1.921301e-29 6.042202e-29 
2.176000e+00 4.076050e-29 1.902007e-29 5.978057e-29 
2.178000e+00 3.998945e-29 1.866655e-29 5.865600e-29 
2.180000e+00 3.924271e-29 1.833445e-29 5.757717e-29 
2.182000e+00 3.957780e-29 1.847162e-29 5.804942e-29 
2.184000e+00 3.977604e-29 1.856867e-29 5.834471e-29 
2.186000e+00 3.989045e-29 1.860252e-29 5.849297e-29 
2.188000e+00 3.985194e-29 1.859916e-29 5.845109e-29 
2.190000e+00 3.977535e-29 1.855447e-29 5.832981e-29 
2.192000e+00 3.968023e-29 1.854970e-29 5.822993e-29 
2.194000e+00 4.017227e-29 1.876367e-29 5.893594e-29 
2.196000e+00 4.065941e-29 1.897062e-29 5.963003e-29 
2.198000e+00 4.012256e-29 1.870280e-29 5.882537e-29 
2.200000e+00 4.058384e-29 1.894104e-29 5.952487e-29 
2.202000e+00 4.096781e-29 1.908990e-29 6.005771e-29 
2.204000e+00 4.132551e-29 1.926528e-29 6.059079e-29 
2.206000e+00 4.116163e-29 1.921251e-29 6.037414e-29 
2.208000e+00 4.079113e-29 1.902798e-29 5.981911e-29 
2.210000e+00 4.088299e-29 1.906419e-29 5.994718e-29 
2.212000e+00 4.104909e-29 1.912879e-29 6.017788e-29 
2.214000e+00 4.108869e-29 1.915026e-29 6.023895e-29 
2.216000e+00 4.113744e-29 1.917111e-29 6.030855e-29 
2.218000e+00 4.084537e-29 1.902720e-29 5.987258e-29 
2.220000e+00 4.012248e-29 1.869049e-29 5.881298e-29 
2.222000e+00 3.998517e-29 1.863442e-29 5.861959e-29 
2.224000e+00 3.876780e-29 1.807172e-29 5.683952e-29 
2.226000e+00 3.843264e-29 1.790242e-29 5.633506e-29 
2.228000e+00 3.830035e-29 1.784076e-29 5.614111e-29 
2.230000e+00 3.798572e-29 1.770161e-29 5.568733e-29 
2.232000e+00 3.796182e-29 1.765834e-29 5.562016e-29 
2.234000e+00 3.872410e-29 1.803822e-29 5.676232e-29 
2.236000e+00 3.872263e-29 1.800680e-29 5.672943e-29 
2.238000e+00 3.830875e-29 1.780972e-29 5.611847e-29 
2.240000e+00 3.857426e-29 1.795630e-29 5.653056e-29 
2.242000e+00 3.856300e-29 1.795275e-29 5.651575e-29 
2.244000e+00 3.804710e-29 1.768547e-29 5.573257e-29 
2.246000e+00 3.756297e-29 1.746557e-29 5.502854e-29 
2.248000e+00 3.706345e-29 1.723188e-29 5.429533e-29 
2.250000e+00 3.644001e-29 1.692785e-29 5.336785e-29 
2.252000e+00 3.603736e-29 1.676913e-29 5.280648e-29 
2.254000e+00 3.577335e-29 1.664702e-29 5.242037e-29 
2.256000e+00 3.552076e-29 1.654612e-29 5.206688e-29 
2.258000e+00 3.512433e-29 1.633838e-29 5.146270e-29 
2.260000e+00 3.467786e-29 1.614473e-29 5.082259e-29 
2.262000e+00 3.466109e-29 1.614158e-29 5.080267e-29 
2.264000e+00 3.483900e-29 1.619296e-29 5.103195e-29 
2.266000e+00 3.464295e-29 1.622234e-29 5.086529e-29 
2.268000e+00 3.460650e-29 1.610697e-29 5.071348e-29 
2.270000e+00 3.451568e-29 1.605775e-29 5.057343e-29 
2.272000e+00 3.475856e-29 1.618606e-29 5.094462e-29 
2.274000e+00 3.506207e-29 1.629348e-29 5.135555e-29 
2.276000e+00 3.516517e-29 1.633311e-29 5.149828e-29 
2.278000e+00 3.469082e-29 1.613382e-29 5.082464e-29 
2.280000e+00 3.483687e-29 1.620868e-29 5.104555e-29 
2.282000e+00 3.542837e-29 1.647494e-29 5.190331e-29 
2.284000e+00 3.614114e-29 1.679230e-29 5.293344e-29 
2.286000e+00 3.611441e-29 1.677240e-29 5.288680e-29 
2.288000e+00 3.608412e-29 1.675311e-29 5.283722e-29 
2.290000e+00 3.613551e-29 1.677084e-29 5.290634e-29 
2.292000e+00 3.619409e-29 1.678800e-29 5.298209e-29 
2.294000e+00 3.623539e-29 1.682340e-29 5.305879e-29 
2.296000e+00 3.630441e-29 1.681030e-29 5.311471e-29 
2.298000e+00 3.641239e-29 1.689697e-29 5.330936e-29 
2.300000e+00 3.615484e-29 1.677518e-29 5.293002e-29 
2.302000e+00 3.496590e-29 1.625249e-29 5.121839e-29 
2.304000e+00 3.484255e-29 1.617757e-29 5.102013e-29 
2.306000e+00 3.453179e-29 1.601557e-29 5.054736e-29 
2.308000e+00 3.417988e-29 1.587526e-29 5.005514e-29 
2.310000e+00 3.403403e-29 1.578494e-29 4.981897e-29 
2.312000e+00 3.411272e-29 1.584250e-29 4.995522e-29 
2.314000e+00 3.397196e-29 1.577289e-29 4.974486e-29 
2.316000e+00 3.376304e-29 1.567516e-29 4.943820e-29 
2.318000e+00 3.363511e-29 1.559237e-29 4.922748e-29 
2.320000e+00 3.335790e-29 1.547192e-29 4.882982e-29 
2.322000e+00 3.339463e-29 1.550787e-29 4.890250e-29 
2.324000e+00 3.342704e-29 1.551171e-29 4.893875e-29 
2.326000e+00 3.291615e-29 1.525864e-29 4.817479e-29 
2.328000e+00 3.257017e-29 1.511899e-29 4.768916e-29 
2.330000e+00 3.214483e-29 1.490029e-29 4.704512e-29 
2.332000e+00 3.152002e-29 1.461619e-29 4.613620e-29 
2.334000e+00 3.139717e-29 1.459451e-29 4.599168e-29 
2.336000e+00 3.126174e-29 1.450823e-29 4.576997e-29 
2.338000e+00 3.112968e-29 1.444990e-29 4.557959e-29 
2.340000e+00 3.102725e-29 1.439746e-29 4.542471e-29 
2.342000e+00 3.100239e-29 1.438390e-29 4.538629e-29 
2.344000e+00 3.096266e-29 1.434776e-29 4.531042e-29 
2.346000e+00 3.081242e-29 1.427924e-29 4.509166e-29 
2.348000e+00 3.054835e-29 1.415638e-29 4.470473e-29 
2.350000e+00 3.043695e-29 1.412193e-29 4.455888e-29 
2.352000e+00 3.165570e-29 1.467449e-29 4.633019e-29 
2.354000e+00 3.043596e-29 1.410486e-29 4.454081e-29 
2.356000e+00 3.043530e-29 1.411004e-29 4.454533e-29 
2.358000e+00 3.056469e-29 1.416815e-29 4.473284e-29 
2.360000e+00 3.025484e-29 1.402878e-29 4.428362e-29 
2.362000e+00 2.988987e-29 1.379123e-29 4.368110e-29 
2.364000e+00 3.007543e-29 1.395398e-29 4.402942e-29 
2.366000e+00 3.051742e-29 1.416149e-29 4.467890e-29 
2.368000e+00 3.031016e-29 1.406184e-29 4.437200e-29 
2.370000e+00 3.129606e-29 1.453223e-29 4.582829e-29 
2.372000e+00 3.136973e-29 1.456163e-29 4.593137e-29 
2.374000e+00 3.142814e-29 1.458656e-29 4.601469e-29 
2.376000e+00 3.143102e-29 1.457510e-29 4.600611e-29 
2.378000e+00 3.143316e-29 1.456208e-29 4.599524e-29 
2.380000e+00 3.131196e-29 1.451720e-29 4.582916e-29 
2.382000e+00 3.120827e-29 1.452447e-29 4.573274e-29 
2.384000e+00 3.068921e-29 1.420607e-29 4.489528e-29 
2.386000e+00 3.043115e-29 1.412202e-29 4.455317e-29 
2.388000e+00 3.039766e-29 1.409355e-29 4.449121e-29 
2.390000e+00 3.007566e-29 1.394995e-29 4.402562e-29 
2.392000e+00 2.996326e-29 1.389159e-29 4.385485e-29 
2.394000e+00 2.995761e-29 1.388836e-29 4.384597e-29 
2.396000e+00 2.966986e-29 1.375346e-29 4.342333e-29 
2.398000e+00 2.942102e-29 1.365144e-29 4.307246e-29 
2.400000e+00 2.929299e-29 1.359301e-29 4.288600e-29 
2.402000e+00 2.889418e-29 1.338563e-29 4.227981e-29 
2.404000e+00 2.853124e-29 1.323327e-29 4.176450e-29 
2.406000e+00 2.799602e-29 1.298055e-29 4.097657e-29 
2.408000e+00 2.810311e-29 1.305530e-29 4.115841e-29 
2.410000e+00 2.794959e-29 1.297115e-29 4.092074e-29 
2.412000e+00 2.770188e-29 1.284607e-29 4.054796e-29 
2.414000e+00 2.744478e-29 1.272953e-29 4.017431e-29 
2.416000e+00 2.679383e-29 1.244892e-29 3.924275e-29 
2.418000e+00 2.727473e-29 1.266217e-29 3.993690e-29 
2.420000e+00 2.668381e-29 1.234790e-29 3.903171e-29 
2.422000e+00 2.731527e-29 1.266139e-29 3.997666e-29 
2.424000e+00 2.662706e-29 1.231760e-29 3.894466e-29 
2.426000e+00 2.661938e-29 1.236847e-29 3.898785e-29 
2.428000e+00 2.661345e-29 1.235647e-29 3.896993e-29 
2.430000e+00 2.657578e-29 1.233339e-29 3.890917e-29 
2.432000e+00 2.651726e-29 1.230837e-29 3.882563e-29 
2.434000e+00 2.640579e-29 1.224148e-29 3.864727e-29 
2.436000e+00 2.636362e-29 1.221532e-29 3.857894e-29 
2.438000e+00 2.630294e-29 1.220629e-29 3.850923e-29 
2.440000e+00 2.638933e-29 1.223466e-29 3.862399e-29 
2.442000e+00 2.650208e-29 1.228913e-29 3.879121e-29 
2.444000e+00 2.656040e-29 1.231149e-29 3.887189e-29 
2.446000e+00 2.610526e-29 1.207649e-29 3.818175e-29 
2.448000e+00 2.553381e-29 1.183696e-29 3.737077e-29 
2.450000e+00 2.540028e-29 1.178079e-29 3.718107e-29 
2.452000e+00 2.590367e-29 1.199250e-29 3.789616e-29 
2.454000e+00 2.687972e-29 1.246623e-29 3.934595e-29 
2.456000e+00 2.784620e-29 1.264257e-29 4.048877e-29 
2.458000e+00 2.722288e-29 1.260419e-29 3.982707e-29 
2.460000e+00 2.711318e-29 1.255293e-29 3.966611e-29 
2.462000e+00 2.718799e-29 1.259129e-29 3.977928e-29 
2.464000e+00 2.708838e-29 1.255899e-29 3.964737e-29 
2.466000e+00 2.704662e-29 1.251466e-29 3.956128e-29 
2.468000e+00 2.666283e-29 1.234637e-29 3.900920e-29 
2.470000e+00 2.633101e-29 1.222112e-29 3.855213e-29 
2.472000e+00 2.677147e-29 1.241469e-29 3.918616e-29 
2.474000e+00 2.673497e-29 1.240424e-29 3.913921e-29 
2.476000e+00 2.662020e-29 1.233540e-29 3.895560e-29 
2.478000e+00 2.648882e-29 1.229480e-29 3.878362e-29 
2.480000e+00 2.620989e-29 1.215974e-29 3.836963e-29 
2.482000e+00 2.598780e-29 1.206316e-29 3.805097e-29 
2.484000e+00 2.581650e-29 1.198288e-29 3.779938e-29 
2.486000e+00 2.557112e-29 1.184801e-29 3.741913e-29 
2.488000e+00 2.530865e-29 1.172437e-29 3.703302e-29 
2.490000e+00 2.465463e-29 1.141916e-29 3.607379e-29 
2.492000e+00 2.407962e-29 1.116071e-29 3.524034e-29 
2.494000e+00 2.397401e-29 1.112488e-29 3.509889e-29 
2.496000e+00 2.410515e-29 1.117007e-29 3.527523e-29 
2.498000e+00 2.429754e-29 1.126436e-29 3.556190e-29 
2.500000e+00 2.422014e-29 1.123379e-29 3.545394e-29 
2.502000e+00 2.386244e-29 1.105824e-29 3.492068e-29 
2.504000e+00 2.340473e-29 1.085710e-29 3.426182e-29 
2.506000e+00 2.435417e-29 1.129865e-29 3.565282e-29 
2.508000e+00 2.447212e-29 1.134692e-29 3.581904e-29 
2.510000e+00 2.448760e-29 1.134274e-29 3.583034e-29 
2.512000e+00 2.351755e-29 1.090651e-29 3.442406e-29 
2.514000e+00 2.350485e-29 1.090476e-29 3.440961e-29 
2.516000e+00 2.352605e-29 1.090946e-29 3.443551e-29 
2.518000e+00 2.349315e-29 1.089643e-29 3.438958e-29 
2.520000e+00 2.352050e-29 1.091692e-29 3.443742e-29 
2.522000e+00 2.340528e-29 1.085559e-29 3.426087e-29 
2.524000e+00 2.321004e-29 1.074858e-29 3.395862e-29 
2.526000e+00 2.383619e-29 1.103889e-29 3.487508e-29 
2.528000e+00 2.323268e-29 1.076299e-29 3.399568e-29 
2.530000e+00 2.322038e-29 1.076030e-29 3.398068e-29 
2.532000e+00 2.327594e-29 1.079197e-29 3.406791e-29 
2.534000e+00 2.310925e-29 1.070896e-29 3.381820e-29 
2.536000e+00 2.265049e-29 1.049943e-29 3.314992e-29 
2.538000e+00 2.247365e-29 1.042453e-29 3.289819e-29 
2.540000e+00 2.235782e-29 1.037644e-29 3.273426e-29 
2.542000e+00 2.334148e-29 1.084163e-29 3.418311e-29 
2.544000e+00 2.387907e-29 1.107634e-29 3.495540e-29 
2.546000e+00 2.396819e-29 1.111249e-29 3.508068e-29 
2.548000e+00 2.380972e-29 1.104754e-29 3.485726e-29 
2.550000e+00 2.371830e-29 1.098853e-29 3.470684e-29 
2.552000e+00 2.379574e-29 1.101963e-29 3.481537e-29 
2.554000e+00 2.362820e-29 1.095091e-29 3.457910e-29 
2.556000e+00 2.337792e-29 1.082308e-29 3.420100e-29 
2.558000e+00 2.300331e-29 1.066978e-29 3.367310e-29 
2.560000e+00 2.338141e-29 1.084496e-29 3.422637e-29 
2.562000e+00 2.348230e-29 1.087994e-29 3.436223e-29 
2.564000e+00 2.348484e-29 1.086795e-29 3.435279e-29 
2.566000e+00 2.350734e-29 1.089411e-29 3.440145e-29 
2.568000e+00 2.314418e-29 1.071491e-29 3.385910e-29 
2.570000e+00 2.286176e-29 1.053717e-29 3.339893e-29 
2.572000e+00 2.253382e-29 1.042674e-29 3.296056e-29 
2.574000e+00 2.227757e-29 1.032683e-29 3.260440e-29 
2.576000e+00 2.198744e-29 1.018677e-29 3.217421e-29 
2.578000e+00 2.146652e-29 9.970866e-30 3.143738e-29 
2.580000e+00 2.141841e-29 9.935544e-30 3.135395e-29 
2.582000e+00 2.121297e-29 9.831551e-30 3.104452e-29 
2.584000e+00 2.103237e-29 9.762287e-30 3.079465e-29 
2.586000e+00 2.099186e-29 9.745969e-30 3.073783e-29 
2.588000e+00 2.104375e-29 9.769271e-30 3.081302e-29 
2.590000e+00 2.097004e-29 9.737193e-30 3.070723e-29 
2.592000e+00 2.107161e-29 9.766049e-30 3.083766e-29 
2.594000e+00 2.071722e-29 9.601576e-30 3.031880e-29 
2.596000e+00 2.069355e-29 9.587928e-30 3.028147e-29 
2.598000e+00 2.109218e-29 9.793112e-30 3.088530e-29 
2.600000e+00 2.112845e-29 9.816654e-30 3.094511e-29 
2.602000e+00 2.109912e-29 9.776878e-30 3.087600e-29 
2.604000e+00 2.103928e-29 9.766472e-30 3.080575e-29 
2.606000e+00 2.109710e-29 9.791979e-30 3.088908e-29 
2.608000e+00 2.033629e-29 9.438016e-30 2.977431e-29 
2.610000e+00 2.038055e-29 9.451443e-30 2.983199e-29 
2.612000e+00 2.045305e-29 9.474874e-30 2.992792e-29 
2.614000e+00 2.024722e-29 9.376203e-30 2.962342e-29 
2.616000e+00 2.009586e-29 9.584130e-30 2.967999e-29 
2.618000e+00 2.008169e-29 9.290937e-30 2.937262e-29 
2.620000e+00 2.006425e-29 9.312948e-30 2.937720e-29 
2.622000e+00 2.004710e-29 9.299886e-30 2.934699e-29 
2.624000e+00 1.999060e-29 9.285558e-30 2.927616e-29 
2.626000e+00 2.021070e-29 9.391304e-30 2.960201e-29 
2.628000e+00 2.015762e-29 9.350462e-30 2.950808e-29 
2.630000e+00 1.973586e-29 9.158098e-30 2.889396e-29 
2.632000e+00 1.963968e-29 9.098339e-30 2.873802e-29 
2.634000e+00 1.955553e-29 9.085658e-30 2.864119e-29 
2.636000e+00 2.004488e-29 9.318485e-30 2.936337e-29 
2.638000e+00 2.017436e-29 9.350239e-30 2.952460e-29 
2.640000e+00 2.004207e-29 9.296266e-30 2.933833e-29 
2.642000e+00 1.983966e-29 9.212561e-30 2.905222e-29 
2.644000e+00 2.001700e-29 9.300372e-30 2.931737e-29 
2.646000e+00 2.003310e-29 9.296893e-30 2.932999e-29 
2.648000e+00 1.984171e-29 9.206599e-30 2.904831e-29 
2.650000e+00 1.958483e-29 9.089391e-30 2.867423e-29 
2.652000e+00 1.962474e-29 9.107040e-30 2.873178e-29 
2.654000e+00 1.947392e-29 9.042473e-30 2.851639e-29 
2.656000e+00 2.009681e-29 9.328548e-30 2.942535e-29 
2.658000e+00 2.020415e-29 9.376294e-30 2.958044e-29 
2.660000e+00 2.003922e-29 9.293649e-30 2.933287e-29 
2.662000e+00 1.957762e-29 9.074332e-30 2.865195e-29 
2.664000e+00 1.935381e-29 8.984573e-30 2.833838e-29 
2.666000e+00 1.913604e-29 8.872316e-30 2.800836e-29 
2.668000e+00 1.878989e-29 8.730583e-30 2.752047e-29 
2.670000e+00 1.851676e-29 8.585755e-30 2.710252e-29 
2.672000e+00 1.850960e-29 8.600963e-30 2.711056e-29 
2.674000e+00 1.853750e-29 8.617534e-30 2.715503e-29 
2.676000e+00 1.842295e-29 8.557885e-30 2.698083e-29 
2.678000e+00 1.819084e-29 8.453461e-30 2.664430e-29 
2.680000e+00 1.806124e-29 8.380089e-30 2.644133e-29 
2.682000e+00 1.801079e-29 8.370475e-30 2.638126e-29 
2.684000e+00 1.813702e-29 8.431895e-30 2.656892e-29 
2.686000e+00 1.799464e-29 8.358285e-30 2.635293e-29 
2.688000e+00 1.765531e-29 8.191068e-30 2.584637e-29 
2.690000e+00 1.784707e-29 8.285129e-30 2.613220e-29 
2.692000e+00 1.820557e-29 8.470688e-30 2.667625e-29 
2.694000e+00 1.845355e-29 8.565151e-30 2.701870e-29 
2.696000e+00 1.841451e-29 8.538171e-30 2.695268e-29 
2.698000e+00 1.840818e-29 8.562518e-30 2.697070e-29 
2.700000e+00 1.854017e-29 8.618737e-30 2.715891e-29 
2.702000e+00 1.851466e-29 8.599306e-30 2.711396e-29 
2.704000e+00 1.843790e-29 8.576902e-30 2.701480e-29 
2.706000e+00 1.780771e-29 8.281713e-30 2.608942e-29 
2.708000e+00 1.769240e-29 8.211468e-30 2.590387e-29 
2.710000e+00 1.752636e-29 8.137817e-30 2.566418e-29 
2.712000e+00 1.735791e-29 8.072852e-30 2.543076e-29 
2.714000e+00 1.735837e-29 8.066473e-30 2.542485e-29 
2.716000e+00 1.736780e-29 8.068846e-30 2.543664e-29 
2.718000e+00 1.737501e-29 8.070499e-30 2.544551e-29 
2.720000e+00 1.749230e-29 8.114579e-30 2.560688e-29 
2.722000e+00 1.762457e-29 8.199822e-30 2.582439e-29 
2.724000e+00 1.772087e-29 8.231543e-30 2.595241e-29 
2.726000e+00 1.734530e-29 8.042462e-30 2.538777e-29 
2.728000e+00 1.711128e-29 7.955926e-30 2.506721e-29 
2.730000e+00 1.707074e-29 7.940135e-30 2.501088e-29 
2.732000e+00 1.729134e-29 8.037743e-30 2.532908e-29 
2.734000e+00 1.732571e-29 8.045509e-30 2.537122e-29 
2.736000e+00 1.726219e-29 8.020605e-30 2.528280e-29 
2.738000e+00 1.755267e-29 8.122339e-30 2.567501e-29 
2.740000e+00 1.750954e-29 8.146730e-30 2.565627e-29 
2.742000e+00 1.760883e-29 8.173328e-30 2.578216e-29 
2.744000e+00 1.742341e-29 8.081129e-30 2.550454e-29 
2.746000e+00 1.725180e-29 8.024475e-30 2.527627e-29 
2.748000e+00 1.739946e-29 8.082215e-30 2.548168e-29 
2.750000e+00 1.743864e-29 8.094920e-30 2.553356e-29 
2.752000e+00 1.793098e-29 8.338880e-30 2.626986e-29 
2.754000e+00 1.804867e-29 8.388233e-30 2.643691e-29 
2.756000e+00 1.790343e-29 8.334774e-30 2.623820e-29 
2.758000e+00 1.764768e-29 8.197412e-30 2.584509e-29 
2.760000e+00 1.721504e-29 7.986429e-30 2.520147e-29 
2.762000e+00 1.684595e-29 7.836866e-30 2.468282e-29 
2.764000e+00 1.662708e-29 7.721354e-30 2.434843e-29 
2.766000e+00 1.643521e-29 7.626022e-30 2.406123e-29 
2.768000e+00 1.633469e-29 7.593060e-30 2.392775e-29 
2.770000e+00 1.628397e-29 7.576022e-30 2.385999e-29 
2.772000e+00 1.628904e-29 7.571416e-30 2.386045e-29 
2.774000e+00 1.625554e-29 7.548308e-30 2.380385e-29 
2.776000e+00 1.596450e-29 7.422655e-30 2.338716e-29 
2.778000e+00 1.577897e-29 7.331089e-30 2.311005e-29 
2.780000e+00 1.572186e-29 7.321656e-30 2.304352e-29 
2.782000e+00 1.568317e-29 7.297138e-30 2.298031e-29 
2.784000e+00 1.555091e-29 7.238065e-30 2.278898e-29 
2.786000e+00 1.535369e-29 7.124127e-30 2.247782e-29 
2.788000e+00 1.498834e-29 6.974721e-30 2.196306e-29 
2.790000e+00 1.587340e-29 7.373207e-30 2.324661e-29 
2.792000e+00 1.613292e-29 7.507247e-30 2.364017e-29 
2.794000e+00 1.620114e-29 7.541892e-30 2.374303e-29 
2.796000e+00 1.622481e-29 7.545043e-30 2.376985e-29 
2.798000e+00 1.633727e-29 7.612157e-30 2.394942e-29 
2.800000e+00 1.623423e-29 7.538655e-30 2.377288e-29 
2.802000e+00 1.605424e-29 7.466565e-30 2.352080e-29 
2.804000e+00 1.527170e-29 7.095322e-30 2.236702e-29 
2.806000e+00 1.519154e-29 7.063516e-30 2.225506e-29 
2.808000e+00 1.504383e-29 6.993562e-30 2.203739e-29 
2.810000e+00 1.530492e-29 7.114401e-30 2.241932e-29 
2.812000e+00 1.520921e-29 7.078513e-30 2.228772e-29 
2.814000e+00 1.501694e-29 6.983527e-30 2.200047e-29 
2.816000e+00 1.494142e-29 6.950171e-30 2.189159e-29 
2.818000e+00 1.471347e-29 6.910540e-30 2.162401e-29 
2.820000e+00 1.477269e-29 6.871496e-30 2.164418e-29 
2.822000e+00 1.486449e-29 6.916994e-30 2.178149e-29 
2.824000e+00 1.496030e-29 6.959047e-30 2.191935e-29 
2.826000e+00 1.488787e-29 6.919892e-30 2.180777e-29 
2.828000e+00 1.472617e-29 6.850693e-30 2.157686e-29 
2.830000e+00 1.483422e-29 6.910769e-30 2.174499e-29 
2.832000e+00 1.512815e-29 7.056098e-30 2.218425e-29 
2.834000e+00 1.518212e-29 7.071120e-30 2.225324e-29 
2.836000e+00 1.518148e-29 7.075684e-30 2.225716e-29 
2.838000e+00 1.507058e-29 7.031928e-30 2.210251e-29 
2.840000e+00 1.489022e-29 6.943467e-30 2.183369e-29 
2.842000e+00 1.507624e-29 7.039566e-30 2.211580e-29 
2.844000e+00 1.499889e-29 6.988726e-30 2.198762e-29 
2.846000e+00 1.503277e-29 7.005580e-30 2.203835e-29 
2.848000e+00 1.499881e-29 6.987673e-30 2.198648e-29 
2.850000e+00 1.498766e-29 6.981342e-30 2.196901e-29 
2.852000e+00 1.561026e-29 7.252435e-30 2.286269e-29 
2.854000e+00 1.573118e-29 7.333577e-30 2.306475e-29 
2.856000e+00 1.452626e-29 6.767662e-30 2.129392e-29 
2.858000e+00 1.448769e-29 6.747711e-30 2.123540e-29 
2.860000e+00 1.493641e-29 6.950526e-30 2.188694e-29 
2.862000e+00 1.454371e-29 6.770316e-30 2.131403e-29 
2.864000e+00 1.414427e-29 6.596361e-30 2.074063e-29 
2.866000e+00 1.403875e-29 6.528208e-30 2.056696e-29 
2.868000e+00 1.390904e-29 6.487214e-30 2.039625e-29 
2.870000e+00 1.384658e-29 6.460369e-30 2.030695e-29 
2.872000e+00 1.372284e-29 6.396864e-30 2.011970e-29 
2.874000e+00 1.363932e-29 6.351723e-30 1.999105e-29 
2.876000e+00 1.356498e-29 6.323318e-30 1.988829e-29 
2.878000e+00 1.351824e-29 6.290441e-30 1.980869e-29 
2.880000e+00 1.345766e-29 6.268096e-30 1.972575e-29 
2.882000e+00 1.353857e-29 6.299572e-30 1.983815e-29 
2.884000e+00 1.357801e-29 6.319109e-30 1.989712e-29 
2.886000e+00 1.345869e-29 6.274931e-30 1.973362e-29 
2.888000e+00 1.334766e-29 6.206416e-30 1.955408e-29 
2.890000e+00 1.303048e-29 6.072811e-30 1.910329e-29 
2.892000e+00 1.376904e-29 6.434868e-30 2.020391e-29 
2.894000e+00 1.398414e-29 6.503848e-30 2.048799e-29 
2.896000e+00 1.408267e-29 6.560272e-30 2.064294e-29 
2.898000e+00 1.411132e-29 6.574987e-30 2.068630e-29 
2.900000e+00 1.413894e-29 6.580419e-30 2.071936e-29 
2.902000e+00 1.397917e-29 6.523364e-30 2.050254e-29 
2.904000e+00 1.331854e-29 6.216873e-30 1.953541e-29 
2.906000e+00 1.337368e-29 6.232996e-30 1.960668e-29 
2.908000e+00 1.325370e-29 6.193392e-30 1.944709e-29 
2.910000e+00 1.311535e-29 6.104399e-30 1.921975e-29 
2.912000e+00 1.300394e-29 6.054965e-30 1.905890e-29 
2.914000e+00 1.303140e-29 6.073086e-30 1.910449e-29 
2.916000e+00 1.285745e-29 5.983190e-30 1.884064e-29 
2.918000e+00 1.279966e-29 5.954699e-30 1.875436e-29 
2.920000e+00 1.270428e-29 5.935086e-30 1.863937e-29 
2.922000e+00 1.250324e-29 5.831530e-30 1.833477e-29 
2.924000e+00 1.248628e-29 5.822314e-30 1.830859e-29 
2.926000e+00 1.250531e-29 5.833896e-30 1.833921e-29 
2.928000e+00 1.248157e-29 5.825308e-30 1.830688e-29 
2.930000e+00 1.251533e-29 5.835369e-30 1.835070e-29 
2.932000e+00 1.254029e-29 5.854199e-30 1.839449e-29 
2.934000e+00 1.281870e-29 5.987946e-30 1.880665e-29 
2.936000e+00 1.300818e-29 6.073540e-30 1.908172e-29 
2.938000e+00 1.302994e-29 6.081467e-30 1.911141e-29 
2.940000e+00 1.312350e-29 6.126574e-30 1.925008e-29 
2.942000e+00 1.310415e-29 6.109926e-30 1.921408e-29 
2.944000e+00 1.325781e-29 6.196243e-30 1.945405e-29 
2.946000e+00 1.332851e-29 6.220266e-30 1.954878e-29 
2.948000e+00 1.309366e-29 6.118918e-30 1.921258e-29 
2.950000e+00 1.319878e-29 6.163097e-30 1.936188e-29 
2.952000e+00 1.301793e-29 6.104248e-30 1.912218e-29 
2.954000e+00 1.308811e-29 6.101816e-30 1.918992e-29 
2.956000e+00 1.370570e-29 6.411987e-30 2.011768e-29 
2.958000e+00 1.374385e-29 6.442375e-30 2.018623e-29 
2.960000e+00 1.352189e-29 6.305565e-30 1.982746e-29 
2.962000e+00 1.336366e-29 6.250253e-30 1.961391e-29 
2.964000e+00 1.329478e-29 6.208008e-30 1.950279e-29 
2.966000e+00 1.287918e-29 6.007578e-30 1.888676e-29 
2.968000e+00 1.256260e-29 5.872486e-30 1.843508e-29 
2.970000e+00 1.249163e-29 5.840415e-30 1.833204e-29 
2.972000e+00 1.237416e-29 5.788865e-30 1.816303e-29 
2.974000e+00 1.225803e-29 5.731082e-30 1.798911e-29 
2.976000e+00 1.219118e-29 5.699217e-30 1.789039e-29 
2.978000e+00 1.214345e-29 5.671863e-30 1.781531e-29 
2.980000e+00 1.209203e-29 5.643945e-30 1.773598e-29 
2.982000e+00 1.202560e-29 5.624025e-30 1.764962e-29 
2.984000e+00 1.195418e-29 5.592899e-30 1.754708e-29 
2.986000e+00 1.193883e-29 5.427324e-30 1.736616e-29 
2.988000e+00 1.196173e-29 5.584473e-30 1.754620e-29 
2.990000e+00 1.194838e-29 5.587711e-30 1.753609e-29 
2.992000e+00 1.189709e-29 6.030905e-30 1.792799e-29 
2.994000e+00 1.178756e-29 5.506359e-30 1.729392e-29 
2.996000e+00 1.151044e-29 5.375623e-30 1.688606e-29 
2.998000e+00 1.217098e-29 5.674168e-30 1.784515e-29 
