1.000000e-01 1.792404e-22 2.132381e-22 3.924785e-22 
1.020000e-01 1.787052e-22 2.118042e-22 3.905094e-22 
1.040000e-01 1.776668e-22 2.101238e-22 3.877906e-22 
1.060000e-01 1.761813e-22 2.086334e-22 3.848147e-22 
1.080000e-01 1.741874e-22 2.070340e-22 3.812214e-22 
1.100000e-01 1.714981e-22 2.053232e-22 3.768213e-22 
1.120000e-01 1.676868e-22 2.037395e-22 3.714263e-22 
1.140000e-01 1.614132e-22 2.020266e-22 3.634398e-22 
1.160000e-01 1.440452e-22 2.001954e-22 3.442407e-22 
1.180000e-01 1.612262e-22 1.985574e-22 3.597836e-22 
1.200000e-01 1.673956e-22 1.968338e-22 3.642295e-22 
1.220000e-01 1.704054e-22 1.949619e-22 3.653674e-22 
1.240000e-01 1.723024e-22 1.931992e-22 3.655017e-22 
1.260000e-01 1.736447e-22 1.913664e-22 3.650111e-22 
1.280000e-01 1.746150e-22 1.894975e-22 3.641125e-22 
1.300000e-01 1.753109e-22 1.876183e-22 3.629292e-22 
1.320000e-01 1.758262e-22 1.857053e-22 3.615315e-22 
1.340000e-01 1.761984e-22 1.837385e-22 3.599369e-22 
1.360000e-01 1.764421e-22 1.817905e-22 3.582326e-22 
1.380000e-01 1.765799e-22 1.797472e-22 3.563271e-22 
1.400000e-01 1.766315e-22 1.777556e-22 3.543872e-22 
1.420000e-01 1.766234e-22 1.756480e-22 3.522714e-22 
1.440000e-01 1.765376e-22 1.735432e-22 3.500808e-22 
1.460000e-01 1.763769e-22 1.713979e-22 3.477748e-22 
1.480000e-01 1.761447e-22 1.692657e-22 3.454104e-22 
1.500000e-01 1.758667e-22 1.670880e-22 3.429547e-22 
1.520000e-01 1.755287e-22 1.648409e-22 3.403696e-22 
1.540000e-01 1.751017e-22 1.626661e-22 3.377678e-22 
1.560000e-01 1.745960e-22 1.604220e-22 3.350179e-22 
1.580000e-01 1.739894e-22 1.580904e-22 3.320798e-22 
1.600000e-01 1.732959e-22 1.558551e-22 3.291509e-22 
1.620000e-01 1.724324e-22 1.535123e-22 3.259446e-22 
1.640000e-01 1.712263e-22 1.511252e-22 3.223515e-22 
1.660000e-01 1.692250e-22 1.488004e-22 3.180254e-22 
1.680000e-01 1.641144e-22 1.464986e-22 3.106129e-22 
1.700000e-01 1.664273e-22 1.442139e-22 3.106412e-22 
1.720000e-01 1.684484e-22 1.418896e-22 3.103379e-22 
1.740000e-01 1.693052e-22 1.395286e-22 3.088337e-22 
1.760000e-01 1.697926e-22 1.371690e-22 3.069616e-22 
1.780000e-01 1.701241e-22 1.348049e-22 3.049290e-22 
1.800000e-01 1.703586e-22 1.324238e-22 3.027824e-22 
1.820000e-01 1.705291e-22 1.300362e-22 3.005653e-22 
1.840000e-01 1.706698e-22 1.276435e-22 2.983133e-22 
1.860000e-01 1.707856e-22 1.252559e-22 2.960416e-22 
1.880000e-01 1.708960e-22 1.228191e-22 2.937152e-22 
1.900000e-01 1.710057e-22 1.204060e-22 2.914117e-22 
1.920000e-01 1.711740e-22 1.179852e-22 2.891591e-22 
1.940000e-01 1.714861e-22 1.155980e-22 2.870841e-22 
1.960000e-01 1.720638e-22 1.131810e-22 2.852447e-22 
1.980000e-01 1.736966e-22 1.107871e-22 2.844837e-22 
2.000000e-01 1.765784e-22 1.083896e-22 2.849680e-22 
2.020000e-01 1.736394e-22 1.060299e-22 2.796692e-22 
2.040000e-01 1.723715e-22 1.036835e-22 2.760550e-22 
2.060000e-01 1.714315e-22 1.012594e-22 2.726909e-22 
2.080000e-01 1.706410e-22 9.885213e-23 2.694931e-22 
2.100000e-01 1.673574e-22 9.644069e-23 2.637981e-22 
2.120000e-01 1.692478e-22 9.396607e-23 2.632139e-22 
2.140000e-01 1.686193e-22 9.147167e-23 2.600909e-22 
2.160000e-01 1.680097e-22 8.896145e-23 2.569711e-22 
2.180000e-01 1.674078e-22 8.638291e-23 2.537907e-22 
2.200000e-01 1.668573e-22 8.391808e-23 2.507754e-22 
2.220000e-01 1.663209e-22 8.145935e-23 2.477802e-22 
2.240000e-01 1.657523e-22 7.899858e-23 2.447509e-22 
2.260000e-01 1.651793e-22 7.650555e-23 2.416848e-22 
2.280000e-01 1.645761e-22 7.390351e-23 2.384796e-22 
2.300000e-01 1.639809e-22 7.135083e-23 2.353318e-22 
2.320000e-01 1.633965e-22 6.873516e-23 2.321316e-22 
2.340000e-01 1.627948e-22 6.606468e-23 2.288594e-22 
2.360000e-01 1.621975e-22 6.339144e-23 2.255889e-22 
2.380000e-01 1.615915e-22 6.067768e-23 2.222692e-22 
2.400000e-01 1.609620e-22 5.843848e-23 2.194004e-22 
2.420000e-01 1.603572e-22 5.666187e-23 2.170191e-22 
2.440000e-01 1.597387e-22 5.496577e-23 2.147044e-22 
2.460000e-01 1.591449e-22 5.281192e-23 2.119568e-22 
2.480000e-01 1.585570e-22 5.031118e-23 2.088682e-22 
2.500000e-01 1.579712e-22 4.743596e-23 2.054072e-22 
2.520000e-01 1.573910e-22 4.398852e-23 2.013796e-22 
2.540000e-01 1.567986e-22 4.026390e-23 1.970625e-22 
2.560000e-01 1.562140e-22 3.631584e-23 1.925299e-22 
2.580000e-01 1.556166e-22 3.198087e-23 1.875975e-22 
2.600000e-01 1.550243e-22 2.671827e-23 1.817426e-22 
2.620000e-01 1.544228e-22 2.072524e-23 1.751481e-22 
2.640000e-01 1.538183e-22 1.408919e-23 1.679075e-22 
2.660000e-01 1.532213e-22 8.217627e-24 1.614389e-22 
2.680000e-01 1.526154e-22 3.565394e-24 1.561808e-22 
2.700000e-01 1.520277e-22 7.386226e-25 1.527663e-22 
2.720000e-01 1.514332e-22 6.242625e-25 1.520575e-22 
2.740000e-01 1.508596e-22 3.900753e-24 1.547603e-22 
2.760000e-01 1.502881e-22 1.137151e-23 1.616596e-22 
2.780000e-01 1.497304e-22 2.004426e-23 1.697747e-22 
2.800000e-01 1.491600e-22 4.205177e-23 1.912118e-22 
2.820000e-01 1.485882e-22 5.066767e-23 1.992559e-22 
2.840000e-01 1.479918e-22 4.785352e-23 1.958453e-22 
2.860000e-01 1.474005e-22 4.510337e-23 1.925039e-22 
2.880000e-01 1.467901e-22 4.355776e-23 1.903479e-22 
2.900000e-01 1.461846e-22 4.316244e-23 1.893471e-22 
2.920000e-01 1.455581e-22 4.370762e-23 1.892657e-22 
2.940000e-01 1.449447e-22 4.506714e-23 1.900119e-22 
2.960000e-01 1.443133e-22 4.684732e-23 1.911606e-22 
2.980000e-01 1.436927e-22 4.902029e-23 1.927130e-22 
3.000000e-01 1.430612e-22 5.109695e-23 1.941581e-22 
3.020000e-01 1.424310e-22 5.277291e-23 1.952039e-22 
3.040000e-01 1.417850e-22 5.406231e-23 1.958473e-22 
3.060000e-01 1.411459e-22 5.514236e-23 1.962882e-22 
3.080000e-01 1.404936e-22 5.621830e-23 1.967119e-22 
3.100000e-01 1.398439e-22 5.695706e-23 1.968010e-22 
3.120000e-01 1.391803e-22 5.760780e-23 1.967881e-22 
3.140000e-01 1.385254e-22 5.793968e-23 1.964650e-22 
3.160000e-01 1.378586e-22 5.805184e-23 1.959105e-22 
3.180000e-01 1.371957e-22 5.789239e-23 1.950881e-22 
3.200000e-01 1.365269e-22 5.788544e-23 1.944124e-22 
3.220000e-01 1.358546e-22 5.796779e-23 1.938224e-22 
3.240000e-01 1.351907e-22 5.830453e-23 1.934952e-22 
3.260000e-01 1.345102e-22 5.871495e-23 1.932251e-22 
3.280000e-01 1.338437e-22 5.905973e-23 1.929034e-22 
3.300000e-01 1.331667e-22 5.941343e-23 1.925802e-22 
3.320000e-01 1.325052e-22 5.970570e-23 1.922109e-22 
3.340000e-01 1.318461e-22 5.999911e-23 1.918453e-22 
3.360000e-01 1.311932e-22 6.021940e-23 1.914126e-22 
3.380000e-01 1.305403e-22 6.043376e-23 1.909741e-22 
3.400000e-01 1.298803e-22 6.059933e-23 1.904796e-22 
3.420000e-01 1.292233e-22 6.077834e-23 1.900017e-22 
3.440000e-01 1.285484e-22 6.097986e-23 1.895283e-22 
3.460000e-01 1.278810e-22 6.117708e-23 1.890581e-22 
3.480000e-01 1.272001e-22 6.134724e-23 1.885473e-22 
3.500000e-01 1.265131e-22 6.151236e-23 1.880255e-22 
3.520000e-01 1.258291e-22 6.164419e-23 1.874733e-22 
3.540000e-01 1.251308e-22 6.177177e-23 1.869025e-22 
3.560000e-01 1.244469e-22 6.188217e-23 1.863290e-22 
3.580000e-01 1.237487e-22 6.198806e-23 1.857367e-22 
3.600000e-01 1.230550e-22 6.205739e-23 1.851124e-22 
3.620000e-01 1.223681e-22 6.212963e-23 1.844977e-22 
3.640000e-01 1.216760e-22 6.220262e-23 1.838786e-22 
3.660000e-01 1.209901e-22 6.227887e-23 1.832690e-22 
3.680000e-01 1.202935e-22 6.232416e-23 1.826177e-22 
3.700000e-01 1.196032e-22 6.237285e-23 1.819761e-22 
3.720000e-01 1.189052e-22 6.241652e-23 1.813217e-22 
3.740000e-01 1.181975e-22 6.247018e-23 1.806677e-22 
3.760000e-01 1.175050e-22 6.249059e-23 1.799956e-22 
3.780000e-01 1.167874e-22 6.250403e-23 1.792914e-22 
3.800000e-01 1.160635e-22 6.249347e-23 1.785569e-22 
3.820000e-01 1.153419e-22 6.247075e-23 1.778127e-22 
3.840000e-01 1.145988e-22 6.244686e-23 1.770457e-22 
3.860000e-01 1.138663e-22 6.242368e-23 1.762900e-22 
3.880000e-01 1.131339e-22 6.239834e-23 1.755322e-22 
3.900000e-01 1.123996e-22 6.236702e-23 1.747667e-22 
3.920000e-01 1.116701e-22 6.233613e-23 1.740062e-22 
3.940000e-01 1.109422e-22 6.230458e-23 1.732468e-22 
3.960000e-01 1.102188e-22 6.227398e-23 1.724928e-22 
3.980000e-01 1.094998e-22 6.223423e-23 1.717341e-22 
4.000000e-01 1.087740e-22 6.218611e-23 1.709601e-22 
4.020000e-01 1.080560e-22 6.212955e-23 1.701856e-22 
4.040000e-01 1.073407e-22 6.205459e-23 1.693952e-22 
4.060000e-01 1.066140e-22 6.198323e-23 1.685973e-22 
4.080000e-01 1.058913e-22 6.191404e-23 1.678054e-22 
4.100000e-01 1.051637e-22 6.184347e-23 1.670072e-22 
4.120000e-01 1.044326e-22 6.176679e-23 1.661994e-22 
4.140000e-01 1.037171e-22 6.168725e-23 1.654044e-22 
4.160000e-01 1.029864e-22 6.160683e-23 1.645933e-22 
4.180000e-01 1.022494e-22 6.152730e-23 1.637767e-22 
4.200000e-01 1.015280e-22 6.144737e-23 1.629754e-22 
4.220000e-01 1.007958e-22 6.136114e-23 1.621569e-22 
4.240000e-01 1.000592e-22 6.127506e-23 1.613343e-22 
4.260000e-01 9.932887e-23 6.118140e-23 1.605103e-22 
4.280000e-01 9.859587e-23 6.108256e-23 1.596784e-22 
4.300000e-01 9.786341e-23 6.097933e-23 1.588427e-22 
4.320000e-01 9.713145e-23 6.087608e-23 1.580075e-22 
4.340000e-01 9.639538e-23 6.077128e-23 1.571667e-22 
4.360000e-01 9.566171e-23 6.067137e-23 1.563331e-22 
4.380000e-01 9.492620e-23 6.057525e-23 1.555014e-22 
4.400000e-01 9.418429e-23 6.047592e-23 1.546602e-22 
4.420000e-01 9.344745e-23 6.035326e-23 1.538007e-22 
4.440000e-01 9.271408e-23 6.023764e-23 1.529517e-22 
4.460000e-01 9.197122e-23 6.011679e-23 1.520880e-22 
4.480000e-01 9.122946e-23 5.999583e-23 1.512253e-22 
4.500000e-01 9.049291e-23 5.987715e-23 1.503701e-22 
4.520000e-01 8.976493e-23 5.972495e-23 1.494899e-22 
4.540000e-01 8.901778e-23 5.956887e-23 1.485866e-22 
4.560000e-01 8.827510e-23 5.941394e-23 1.476890e-22 
4.580000e-01 8.753152e-23 5.926281e-23 1.467943e-22 
4.600000e-01 8.677851e-23 5.911123e-23 1.458897e-22 
4.620000e-01 8.603379e-23 5.895865e-23 1.449924e-22 
4.640000e-01 8.528426e-23 5.880922e-23 1.440935e-22 
4.660000e-01 8.452368e-23 5.865689e-23 1.431806e-22 
4.680000e-01 8.377092e-23 5.850930e-23 1.422802e-22 
4.700000e-01 8.301435e-23 5.836116e-23 1.413755e-22 
4.720000e-01 8.224546e-23 5.820618e-23 1.404516e-22 
4.740000e-01 8.147576e-23 5.803679e-23 1.395125e-22 
4.760000e-01 8.070759e-23 5.786533e-23 1.385729e-22 
4.780000e-01 7.993034e-23 5.769086e-23 1.376212e-22 
4.800000e-01 7.914493e-23 5.751414e-23 1.366591e-22 
4.820000e-01 7.835791e-23 5.733405e-23 1.356920e-22 
4.840000e-01 7.756462e-23 5.715602e-23 1.347206e-22 
4.860000e-01 7.676229e-23 5.697588e-23 1.337382e-22 
4.880000e-01 7.595309e-23 5.679562e-23 1.327487e-22 
4.900000e-01 7.513571e-23 5.659768e-23 1.317334e-22 
4.920000e-01 7.431210e-23 5.640440e-23 1.307165e-22 
4.940000e-01 7.348388e-23 5.621008e-23 1.296940e-22 
4.960000e-01 7.264180e-23 5.601761e-23 1.286594e-22 
4.980000e-01 7.178280e-23 5.582437e-23 1.276072e-22 
5.000000e-01 7.090377e-23 5.562818e-23 1.265319e-22 
5.020000e-01 7.002035e-23 5.543923e-23 1.254596e-22 
5.040000e-01 6.911874e-23 5.524965e-23 1.243684e-22 
5.060000e-01 6.819941e-23 5.505898e-23 1.232584e-22 
5.080000e-01 6.725854e-23 5.487184e-23 1.221304e-22 
5.100000e-01 6.629333e-23 5.468270e-23 1.209760e-22 
5.120000e-01 6.530022e-23 5.449827e-23 1.197985e-22 
5.140000e-01 6.427709e-23 5.431234e-23 1.185894e-22 
5.160000e-01 6.322480e-23 5.412636e-23 1.173512e-22 
5.180000e-01 6.212919e-23 5.394803e-23 1.160772e-22 
5.200000e-01 6.097767e-23 5.377278e-23 1.147504e-22 
5.220000e-01 5.977386e-23 5.359604e-23 1.133699e-22 
5.240000e-01 5.850244e-23 5.341207e-23 1.119145e-22 
5.260000e-01 5.714446e-23 5.322277e-23 1.103672e-22 
5.280000e-01 5.568290e-23 5.303013e-23 1.087130e-22 
5.300000e-01 5.410123e-23 5.283963e-23 1.069409e-22 
5.320000e-01 5.235533e-23 5.265307e-23 1.050084e-22 
5.340000e-01 5.031152e-23 5.247028e-23 1.027818e-22 
5.360000e-01 4.786613e-23 5.226944e-23 1.001356e-22 
5.380000e-01 4.454075e-23 5.206071e-23 9.660146e-23 
5.400000e-01 3.988591e-23 5.185231e-23 9.173822e-23 
5.420000e-01 3.481329e-23 5.165152e-23 8.646481e-23 
5.440000e-01 3.172255e-23 5.146789e-23 8.319045e-23 
5.460000e-01 3.251078e-23 5.128367e-23 8.379444e-23 
5.480000e-01 3.623077e-23 5.109329e-23 8.732406e-23 
5.500000e-01 4.004291e-23 5.089144e-23 9.093436e-23 
5.520000e-01 4.292530e-23 5.069227e-23 9.361757e-23 
5.540000e-01 4.466445e-23 5.049547e-23 9.515992e-23 
5.560000e-01 4.596106e-23 5.031510e-23 9.627616e-23 
5.580000e-01 4.694473e-23 5.013050e-23 9.707523e-23 
5.600000e-01 4.776086e-23 4.994610e-23 9.770697e-23 
5.620000e-01 4.844945e-23 4.975698e-23 9.820644e-23 
5.640000e-01 4.903201e-23 4.956135e-23 9.859336e-23 
5.660000e-01 4.953016e-23 4.936800e-23 9.889816e-23 
5.680000e-01 4.994789e-23 4.917369e-23 9.912158e-23 
5.700000e-01 5.030443e-23 4.898026e-23 9.928469e-23 
5.720000e-01 5.060499e-23 4.878535e-23 9.939034e-23 
5.740000e-01 5.084986e-23 4.857166e-23 9.942152e-23 
5.760000e-01 5.107928e-23 4.837873e-23 9.945801e-23 
5.780000e-01 5.126609e-23 4.819057e-23 9.945665e-23 
5.800000e-01 5.141673e-23 4.799560e-23 9.941232e-23 
5.820000e-01 5.154502e-23 4.781362e-23 9.935865e-23 
5.840000e-01 5.165346e-23 4.762899e-23 9.928244e-23 
5.860000e-01 5.173930e-23 4.744728e-23 9.918659e-23 
5.880000e-01 5.179399e-23 4.726065e-23 9.905464e-23 
5.900000e-01 5.183355e-23 4.707371e-23 9.890726e-23 
5.920000e-01 5.185797e-23 4.688910e-23 9.874708e-23 
5.940000e-01 5.186562e-23 4.669887e-23 9.856448e-23 
5.960000e-01 5.185221e-23 4.651615e-23 9.836836e-23 
5.980000e-01 5.182563e-23 4.633352e-23 9.815916e-23 
6.000000e-01 5.178878e-23 4.614485e-23 9.793363e-23 
6.020000e-01 5.174282e-23 4.594666e-23 9.768949e-23 
6.040000e-01 5.167797e-23 4.574061e-23 9.741858e-23 
6.060000e-01 5.160242e-23 4.553712e-23 9.713953e-23 
6.080000e-01 5.152042e-23 4.534867e-23 9.686909e-23 
6.100000e-01 5.142795e-23 4.518496e-23 9.661291e-23 
6.120000e-01 5.132744e-23 4.501881e-23 9.634625e-23 
6.140000e-01 5.120889e-23 4.485027e-23 9.605916e-23 
6.160000e-01 5.108423e-23 4.466301e-23 9.574724e-23 
6.180000e-01 5.095607e-23 4.447015e-23 9.542621e-23 
6.200000e-01 5.081699e-23 4.427908e-23 9.509607e-23 
6.220000e-01 5.066865e-23 4.409208e-23 9.476073e-23 
6.240000e-01 5.051245e-23 4.391719e-23 9.442964e-23 
6.260000e-01 5.035677e-23 4.374054e-23 9.409731e-23 
6.280000e-01 5.018668e-23 4.356371e-23 9.375039e-23 
6.300000e-01 5.000904e-23 4.338115e-23 9.339019e-23 
6.320000e-01 4.982604e-23 4.319005e-23 9.301609e-23 
6.340000e-01 4.963988e-23 4.299776e-23 9.263764e-23 
6.360000e-01 4.944299e-23 4.280627e-23 9.224926e-23 
6.380000e-01 4.923677e-23 4.262932e-23 9.186609e-23 
6.400000e-01 4.902204e-23 4.244697e-23 9.146901e-23 
6.420000e-01 4.879864e-23 4.226723e-23 9.106587e-23 
6.440000e-01 4.857203e-23 4.209743e-23 9.066946e-23 
6.460000e-01 4.833544e-23 4.194469e-23 9.028013e-23 
6.480000e-01 4.808791e-23 4.178929e-23 8.987720e-23 
6.500000e-01 4.782663e-23 4.163523e-23 8.946186e-23 
6.520000e-01 4.755985e-23 4.145896e-23 8.901881e-23 
6.540000e-01 4.728477e-23 4.126982e-23 8.855459e-23 
6.560000e-01 4.700202e-23 4.107778e-23 8.807980e-23 
6.580000e-01 4.670261e-23 4.088770e-23 8.759031e-23 
6.600000e-01 4.639064e-23 4.072624e-23 8.711688e-23 
6.620000e-01 4.606621e-23 4.055754e-23 8.662375e-23 
6.640000e-01 4.572951e-23 4.039017e-23 8.611967e-23 
6.660000e-01 4.536055e-23 4.021973e-23 8.558027e-23 
6.680000e-01 4.499022e-23 4.003167e-23 8.502189e-23 
6.700000e-01 4.460967e-23 3.985613e-23 8.446580e-23 
6.720000e-01 4.421937e-23 3.967891e-23 8.389828e-23 
6.740000e-01 4.380743e-23 3.950757e-23 8.331500e-23 
6.760000e-01 4.336926e-23 3.934203e-23 8.271129e-23 
6.780000e-01 4.291750e-23 3.917709e-23 8.209459e-23 
6.800000e-01 4.244396e-23 3.901232e-23 8.145628e-23 
6.820000e-01 4.193709e-23 3.884942e-23 8.078651e-23 
6.840000e-01 4.140190e-23 3.869012e-23 8.009202e-23 
6.860000e-01 4.083507e-23 3.852877e-23 7.936384e-23 
6.880000e-01 4.021540e-23 3.836886e-23 7.858426e-23 
6.900000e-01 3.955555e-23 3.820573e-23 7.776128e-23 
6.920000e-01 3.882252e-23 3.804788e-23 7.687040e-23 
6.940000e-01 3.798633e-23 3.788759e-23 7.587392e-23 
6.960000e-01 3.706982e-23 3.772979e-23 7.479961e-23 
6.980000e-01 3.594692e-23 3.756593e-23 7.351285e-23 
7.000000e-01 3.437688e-23 3.740319e-23 7.178007e-23 
7.020000e-01 3.252758e-23 3.724050e-23 6.976808e-23 
7.040000e-01 3.031616e-23 3.707892e-23 6.739509e-23 
7.060000e-01 2.887128e-23 3.691624e-23 6.578752e-23 
7.080000e-01 2.814187e-23 3.676002e-23 6.490189e-23 
7.100000e-01 2.913194e-23 3.659923e-23 6.573117e-23 
7.120000e-01 3.068633e-23 3.643936e-23 6.712569e-23 
7.140000e-01 3.284550e-23 3.628279e-23 6.912829e-23 
7.160000e-01 3.455484e-23 3.613036e-23 7.068520e-23 
7.180000e-01 3.599551e-23 3.597588e-23 7.197139e-23 
7.200000e-01 3.687085e-23 3.582284e-23 7.269369e-23 
7.220000e-01 3.755594e-23 3.566836e-23 7.322431e-23 
7.240000e-01 3.815220e-23 3.552418e-23 7.367638e-23 
7.260000e-01 3.862526e-23 3.537179e-23 7.399705e-23 
7.280000e-01 3.904898e-23 3.522756e-23 7.427654e-23 
7.300000e-01 3.943099e-23 3.507752e-23 7.450851e-23 
7.320000e-01 3.973511e-23 3.492614e-23 7.466125e-23 
7.340000e-01 4.002591e-23 3.476950e-23 7.479541e-23 
7.360000e-01 4.027569e-23 3.461470e-23 7.489039e-23 
7.380000e-01 4.049893e-23 3.445921e-23 7.495814e-23 
7.400000e-01 4.070840e-23 3.430697e-23 7.501536e-23 
7.420000e-01 4.088119e-23 3.415879e-23 7.503998e-23 
7.440000e-01 4.104191e-23 3.401130e-23 7.505321e-23 
7.460000e-01 4.118439e-23 3.385950e-23 7.504389e-23 
7.480000e-01 4.131471e-23 3.371804e-23 7.503275e-23 
7.500000e-01 4.143094e-23 3.357378e-23 7.500472e-23 
7.520000e-01 4.153224e-23 3.343628e-23 7.496852e-23 
7.540000e-01 4.162065e-23 3.329155e-23 7.491221e-23 
7.560000e-01 4.169393e-23 3.315179e-23 7.484572e-23 
7.580000e-01 4.176267e-23 3.301621e-23 7.477888e-23 
7.600000e-01 4.182749e-23 3.288084e-23 7.470833e-23 
7.620000e-01 4.187570e-23 3.274600e-23 7.462170e-23 
7.640000e-01 4.191814e-23 3.261132e-23 7.452946e-23 
7.660000e-01 4.195147e-23 3.247758e-23 7.442906e-23 
7.680000e-01 4.197871e-23 3.235091e-23 7.432962e-23 
7.700000e-01 4.200126e-23 3.221916e-23 7.422042e-23 
7.720000e-01 4.201517e-23 3.208994e-23 7.410511e-23 
7.740000e-01 4.202068e-23 3.195547e-23 7.397615e-23 
7.760000e-01 4.202303e-23 3.181408e-23 7.383712e-23 
7.780000e-01 4.201408e-23 3.167682e-23 7.369090e-23 
7.800000e-01 4.200013e-23 3.153787e-23 7.353800e-23 
7.820000e-01 4.198255e-23 3.139269e-23 7.337525e-23 
7.840000e-01 4.196082e-23 3.126165e-23 7.322248e-23 
7.860000e-01 4.190923e-23 3.113130e-23 7.304053e-23 
7.880000e-01 4.187222e-23 3.099877e-23 7.287099e-23 
7.900000e-01 4.182884e-23 3.086860e-23 7.269744e-23 
7.920000e-01 4.177705e-23 3.073782e-23 7.251487e-23 
7.940000e-01 4.172060e-23 3.060074e-23 7.232134e-23 
7.960000e-01 4.163476e-23 3.047856e-23 7.211332e-23 
7.980000e-01 4.155226e-23 3.035133e-23 7.190359e-23 
8.000000e-01 4.146627e-23 3.022521e-23 7.169148e-23 
8.020000e-01 4.139591e-23 3.010459e-23 7.150049e-23 
8.040000e-01 4.133084e-23 2.998596e-23 7.131680e-23 
8.060000e-01 4.127135e-23 2.985996e-23 7.113131e-23 
8.080000e-01 4.120948e-23 2.973932e-23 7.094881e-23 
8.100000e-01 4.114537e-23 2.961625e-23 7.076162e-23 
8.120000e-01 4.108695e-23 2.948965e-23 7.057660e-23 
8.140000e-01 4.103644e-23 2.935492e-23 7.039136e-23 
8.160000e-01 4.098369e-23 2.922615e-23 7.020984e-23 
8.180000e-01 4.093001e-23 2.909238e-23 7.002239e-23 
8.200000e-01 4.087742e-23 2.897415e-23 6.985157e-23 
8.220000e-01 4.082648e-23 2.886472e-23 6.969119e-23 
8.240000e-01 4.077519e-23 2.875275e-23 6.952795e-23 
8.260000e-01 4.072733e-23 2.864506e-23 6.937238e-23 
8.280000e-01 4.067724e-23 2.853309e-23 6.921034e-23 
8.300000e-01 4.062706e-23 2.841853e-23 6.904559e-23 
8.320000e-01 4.058005e-23 2.830036e-23 6.888041e-23 
8.340000e-01 4.053360e-23 2.818367e-23 6.871727e-23 
8.360000e-01 4.049015e-23 2.806323e-23 6.855339e-23 
8.380000e-01 4.044456e-23 2.794424e-23 6.838880e-23 
8.400000e-01 4.041373e-23 2.783045e-23 6.824418e-23 
8.420000e-01 4.037568e-23 2.772018e-23 6.809586e-23 
8.440000e-01 4.033880e-23 2.760812e-23 6.794692e-23 
8.460000e-01 4.030138e-23 2.749958e-23 6.780096e-23 
8.480000e-01 4.026694e-23 2.738452e-23 6.765146e-23 
8.500000e-01 4.023648e-23 2.728074e-23 6.751722e-23 
8.520000e-01 4.020572e-23 2.717115e-23 6.737687e-23 
8.540000e-01 4.017981e-23 2.706708e-23 6.724689e-23 
8.560000e-01 4.015242e-23 2.696006e-23 6.711248e-23 
8.580000e-01 4.012340e-23 2.685144e-23 6.697484e-23 
8.600000e-01 4.009660e-23 2.673482e-23 6.683142e-23 
8.620000e-01 4.006358e-23 2.662195e-23 6.668554e-23 
8.640000e-01 4.003419e-23 2.650674e-23 6.654093e-23 
8.660000e-01 3.999441e-23 2.639230e-23 6.638671e-23 
8.680000e-01 3.996361e-23 2.628126e-23 6.624487e-23 
8.700000e-01 3.992585e-23 2.616691e-23 6.609276e-23 
8.720000e-01 3.988533e-23 2.605272e-23 6.593805e-23 
8.740000e-01 3.983959e-23 2.594639e-23 6.578598e-23 
8.760000e-01 3.978734e-23 2.583580e-23 6.562314e-23 
8.780000e-01 3.973279e-23 2.572668e-23 6.545947e-23 
8.800000e-01 3.967638e-23 2.563445e-23 6.531083e-23 
8.820000e-01 3.961481e-23 2.554495e-23 6.515976e-23 
8.840000e-01 3.956221e-23 2.545184e-23 6.501406e-23 
8.860000e-01 3.950350e-23 2.535578e-23 6.485928e-23 
8.880000e-01 3.943930e-23 2.526580e-23 6.470510e-23 
8.900000e-01 3.937397e-23 2.516536e-23 6.453933e-23 
8.920000e-01 3.930560e-23 2.506638e-23 6.437198e-23 
8.940000e-01 3.923929e-23 2.496986e-23 6.420915e-23 
8.960000e-01 3.917382e-23 2.487002e-23 6.404384e-23 
8.980000e-01 3.911077e-23 2.477032e-23 6.388109e-23 
9.000000e-01 3.904093e-23 2.466451e-23 6.370544e-23 
9.020000e-01 3.896976e-23 2.455875e-23 6.352852e-23 
9.040000e-01 3.889661e-23 2.445264e-23 6.334925e-23 
9.060000e-01 3.882377e-23 2.434663e-23 6.317040e-23 
9.080000e-01 3.875576e-23 2.423854e-23 6.299431e-23 
9.100000e-01 3.868106e-23 2.414618e-23 6.282725e-23 
9.120000e-01 3.861075e-23 2.405700e-23 6.266775e-23 
9.140000e-01 3.853495e-23 2.396499e-23 6.249994e-23 
9.160000e-01 3.845810e-23 2.387517e-23 6.233327e-23 
9.180000e-01 3.838195e-23 2.378877e-23 6.217072e-23 
9.200000e-01 3.830354e-23 2.369359e-23 6.199712e-23 
9.220000e-01 3.822654e-23 2.359316e-23 6.181970e-23 
9.240000e-01 3.815098e-23 2.349445e-23 6.164543e-23 
9.260000e-01 3.807396e-23 2.339776e-23 6.147173e-23 
9.280000e-01 3.799510e-23 2.330108e-23 6.129617e-23 
9.300000e-01 3.791454e-23 2.320535e-23 6.111989e-23 
9.320000e-01 3.783369e-23 2.312239e-23 6.095608e-23 
9.340000e-01 3.775153e-23 2.304378e-23 6.079531e-23 
9.360000e-01 3.767053e-23 2.296482e-23 6.063535e-23 
9.380000e-01 3.759231e-23 2.287957e-23 6.047188e-23 
9.400000e-01 3.750750e-23 2.280045e-23 6.030795e-23 
9.420000e-01 3.742836e-23 2.271310e-23 6.014146e-23 
9.440000e-01 3.734378e-23 2.262783e-23 5.997161e-23 
9.460000e-01 3.726169e-23 2.253909e-23 5.980079e-23 
9.480000e-01 3.717927e-23 2.245322e-23 5.963249e-23 
9.500000e-01 3.685479e-23 2.236385e-23 5.921864e-23 
9.520000e-01 3.701027e-23 2.227569e-23 5.928596e-23 
9.540000e-01 3.692542e-23 2.219419e-23 5.911961e-23 
9.560000e-01 3.684457e-23 2.211324e-23 5.895781e-23 
9.580000e-01 3.675683e-23 2.202609e-23 5.878292e-23 
9.600000e-01 3.667260e-23 2.194216e-23 5.861475e-23 
9.620000e-01 3.657507e-23 2.185943e-23 5.843449e-23 
9.640000e-01 3.648660e-23 2.177084e-23 5.825744e-23 
9.660000e-01 3.640056e-23 2.167694e-23 5.807750e-23 
9.680000e-01 3.631450e-23 2.157899e-23 5.789349e-23 
9.700000e-01 3.622717e-23 2.148439e-23 5.771156e-23 
9.720000e-01 3.614449e-23 2.139267e-23 5.753717e-23 
9.740000e-01 3.605413e-23 2.130689e-23 5.736102e-23 
9.760000e-01 3.596919e-23 2.123206e-23 5.720126e-23 
9.780000e-01 3.588552e-23 2.115242e-23 5.703794e-23 
9.800000e-01 3.580162e-23 2.107745e-23 5.687907e-23 
9.820000e-01 3.571302e-23 2.100247e-23 5.671550e-23 
9.840000e-01 3.561880e-23 2.092707e-23 5.654587e-23 
9.860000e-01 3.553522e-23 2.084532e-23 5.638053e-23 
9.880000e-01 3.545076e-23 2.075886e-23 5.620962e-23 
9.900000e-01 3.535808e-23 2.067492e-23 5.603300e-23 
9.920000e-01 3.527371e-23 2.058681e-23 5.586052e-23 
9.940000e-01 3.518610e-23 2.050291e-23 5.568901e-23 
9.960000e-01 3.509934e-23 2.042269e-23 5.552203e-23 
9.980000e-01 3.501404e-23 2.037566e-23 5.538970e-23 
1.000000e+00 3.492810e-23 2.032898e-23 5.525708e-23 
1.002000e+00 3.484114e-23 2.025818e-23 5.509932e-23 
1.004000e+00 3.475664e-23 2.019126e-23 5.494790e-23 
1.006000e+00 3.466987e-23 2.012292e-23 5.479279e-23 
1.008000e+00 3.458126e-23 2.005321e-23 5.463446e-23 
1.010000e+00 3.449347e-23 1.998773e-23 5.448120e-23 
1.012000e+00 3.440248e-23 1.991728e-23 5.431977e-23 
1.014000e+00 3.431958e-23 1.984536e-23 5.416494e-23 
1.016000e+00 3.422984e-23 1.977825e-23 5.400809e-23 
1.018000e+00 3.414393e-23 1.970591e-23 5.384984e-23 
1.020000e+00 3.405688e-23 1.963977e-23 5.369665e-23 
1.022000e+00 3.397060e-23 1.956539e-23 5.353600e-23 
1.024000e+00 3.388077e-23 1.949751e-23 5.337828e-23 
1.026000e+00 3.379344e-23 1.943169e-23 5.322513e-23 
1.028000e+00 3.370833e-23 1.937183e-23 5.308016e-23 
1.030000e+00 3.361707e-23 1.930603e-23 5.292310e-23 
1.032000e+00 3.353357e-23 1.923809e-23 5.277166e-23 
1.034000e+00 3.344608e-23 1.917180e-23 5.261788e-23 
1.036000e+00 3.335893e-23 1.910907e-23 5.246800e-23 
1.038000e+00 3.327251e-23 1.904127e-23 5.231377e-23 
1.040000e+00 3.318117e-23 1.897740e-23 5.215858e-23 
1.042000e+00 3.309941e-23 1.890889e-23 5.200830e-23 
1.044000e+00 3.300917e-23 1.884462e-23 5.185379e-23 
1.046000e+00 3.292406e-23 1.878262e-23 5.170667e-23 
1.048000e+00 3.283678e-23 1.871649e-23 5.155328e-23 
1.050000e+00 3.275313e-23 1.865528e-23 5.140841e-23 
1.052000e+00 3.266292e-23 1.859349e-23 5.125641e-23 
1.054000e+00 3.257788e-23 1.852967e-23 5.110755e-23 
1.056000e+00 3.249391e-23 1.847291e-23 5.096682e-23 
1.058000e+00 3.240564e-23 1.841015e-23 5.081579e-23 
1.060000e+00 3.231903e-23 1.834648e-23 5.066552e-23 
1.062000e+00 3.222662e-23 1.828863e-23 5.051525e-23 
1.064000e+00 3.214092e-23 1.822291e-23 5.036383e-23 
1.066000e+00 3.205545e-23 1.816345e-23 5.021890e-23 
1.068000e+00 3.196749e-23 1.809811e-23 5.006560e-23 
1.070000e+00 3.188021e-23 1.803802e-23 4.991823e-23 
1.072000e+00 3.179766e-23 1.797719e-23 4.977485e-23 
1.074000e+00 3.170784e-23 1.792088e-23 4.962872e-23 
1.076000e+00 3.162224e-23 1.786216e-23 4.948440e-23 
1.078000e+00 3.153889e-23 1.780580e-23 4.934469e-23 
1.080000e+00 3.144755e-23 1.774673e-23 4.919428e-23 
1.082000e+00 3.136280e-23 1.768837e-23 4.905117e-23 
1.084000e+00 3.126758e-23 1.763025e-23 4.889783e-23 
1.086000e+00 3.118806e-23 1.756727e-23 4.875533e-23 
1.088000e+00 3.110097e-23 1.751380e-23 4.861478e-23 
1.090000e+00 3.101579e-23 1.745263e-23 4.846843e-23 
1.092000e+00 3.093361e-23 1.739182e-23 4.832544e-23 
1.094000e+00 3.084345e-23 1.733396e-23 4.817741e-23 
1.096000e+00 3.075807e-23 1.727441e-23 4.803247e-23 
1.098000e+00 3.067170e-23 1.721689e-23 4.788859e-23 
1.100000e+00 3.058584e-23 1.716571e-23 4.775156e-23 
1.102000e+00 3.050404e-23 1.711300e-23 4.761704e-23 
1.104000e+00 3.041812e-23 1.705499e-23 4.747312e-23 
1.106000e+00 3.033296e-23 1.700124e-23 4.733421e-23 
1.108000e+00 3.024508e-23 1.694570e-23 4.719078e-23 
1.110000e+00 3.016306e-23 1.689274e-23 4.705580e-23 
1.112000e+00 3.007863e-23 1.683331e-23 4.691194e-23 
1.114000e+00 2.999298e-23 1.677845e-23 4.677143e-23 
1.116000e+00 2.990727e-23 1.672240e-23 4.662966e-23 
1.118000e+00 2.981991e-23 1.666774e-23 4.648765e-23 
1.120000e+00 2.973617e-23 1.660968e-23 4.634585e-23 
1.122000e+00 2.965228e-23 1.655524e-23 4.620752e-23 
1.124000e+00 2.956554e-23 1.651037e-23 4.607590e-23 
1.126000e+00 2.948373e-23 1.645438e-23 4.593811e-23 
1.128000e+00 2.939619e-23 1.640341e-23 4.579960e-23 
1.130000e+00 2.931184e-23 1.635452e-23 4.566636e-23 
1.132000e+00 2.922686e-23 1.630123e-23 4.552809e-23 
1.134000e+00 2.914199e-23 1.625213e-23 4.539412e-23 
1.136000e+00 2.906389e-23 1.619842e-23 4.526231e-23 
1.138000e+00 2.898153e-23 1.614808e-23 4.512961e-23 
1.140000e+00 2.889872e-23 1.609867e-23 4.499739e-23 
1.142000e+00 2.881256e-23 1.604337e-23 4.485593e-23 
1.144000e+00 2.872985e-23 1.599355e-23 4.472340e-23 
1.146000e+00 2.864135e-23 1.594320e-23 4.458456e-23 
1.148000e+00 2.855879e-23 1.589063e-23 4.444942e-23 
1.150000e+00 2.847418e-23 1.583996e-23 4.431414e-23 
1.152000e+00 2.839715e-23 1.579388e-23 4.419102e-23 
1.154000e+00 2.831333e-23 1.574687e-23 4.406019e-23 
1.156000e+00 2.823608e-23 1.569902e-23 4.393510e-23 
1.158000e+00 2.814924e-23 1.564390e-23 4.379315e-23 
1.160000e+00 2.806773e-23 1.559650e-23 4.366422e-23 
1.162000e+00 2.798427e-23 1.554857e-23 4.353284e-23 
1.164000e+00 2.790602e-23 1.549941e-23 4.340542e-23 
1.166000e+00 2.781746e-23 1.545161e-23 4.326907e-23 
1.168000e+00 2.773455e-23 1.540323e-23 4.313778e-23 
1.170000e+00 2.765323e-23 1.535269e-23 4.300592e-23 
1.172000e+00 2.756769e-23 1.530426e-23 4.287195e-23 
1.174000e+00 2.749283e-23 1.525402e-23 4.274685e-23 
1.176000e+00 2.740836e-23 1.520742e-23 4.261578e-23 
1.178000e+00 2.732398e-23 1.516174e-23 4.248572e-23 
1.180000e+00 2.724558e-23 1.511563e-23 4.236121e-23 
1.182000e+00 2.716081e-23 1.507408e-23 4.223489e-23 
1.184000e+00 2.707172e-23 1.502797e-23 4.209969e-23 
1.186000e+00 2.699328e-23 1.497958e-23 4.197286e-23 
1.188000e+00 2.691192e-23 1.493310e-23 4.184501e-23 
1.190000e+00 2.683238e-23 1.488907e-23 4.172146e-23 
1.192000e+00 2.674969e-23 1.484195e-23 4.159165e-23 
1.194000e+00 2.666777e-23 1.479838e-23 4.146615e-23 
1.196000e+00 2.658366e-23 1.475147e-23 4.133513e-23 
1.198000e+00 2.650499e-23 1.470564e-23 4.121064e-23 
1.200000e+00 2.642211e-23 1.465758e-23 4.107969e-23 
1.202000e+00 2.633963e-23 1.461323e-23 4.095286e-23 
1.204000e+00 2.625244e-23 1.456761e-23 4.082005e-23 
1.206000e+00 2.617546e-23 1.452870e-23 4.070416e-23 
1.208000e+00 2.609315e-23 1.448158e-23 4.057474e-23 
1.210000e+00 2.600644e-23 1.444331e-23 4.044975e-23 
1.212000e+00 2.592493e-23 1.439681e-23 4.032173e-23 
1.214000e+00 2.584438e-23 1.435504e-23 4.019942e-23 
1.216000e+00 2.576502e-23 1.431415e-23 4.007918e-23 
1.218000e+00 2.568397e-23 1.426688e-23 3.995085e-23 
1.220000e+00 2.559478e-23 1.422539e-23 3.982017e-23 
1.222000e+00 2.550993e-23 1.418146e-23 3.969139e-23 
1.224000e+00 2.542729e-23 1.414246e-23 3.956975e-23 
1.226000e+00 2.534270e-23 1.409903e-23 3.944173e-23 
1.228000e+00 2.526104e-23 1.405505e-23 3.931608e-23 
1.230000e+00 2.518019e-23 1.400804e-23 3.918823e-23 
1.232000e+00 2.508952e-23 1.397130e-23 3.906082e-23 
1.234000e+00 2.500212e-23 1.392567e-23 3.892779e-23 
1.236000e+00 2.491633e-23 1.388672e-23 3.880305e-23 
1.238000e+00 2.482794e-23 1.384312e-23 3.867106e-23 
1.240000e+00 2.474447e-23 1.380360e-23 3.854808e-23 
1.242000e+00 2.466159e-23 1.376478e-23 3.842637e-23 
1.244000e+00 2.457466e-23 1.372531e-23 3.829997e-23 
1.246000e+00 2.447894e-23 1.368447e-23 3.816341e-23 
1.248000e+00 2.438839e-23 1.364514e-23 3.803354e-23 
1.250000e+00 2.430227e-23 1.360435e-23 3.790663e-23 
1.252000e+00 2.421657e-23 1.356398e-23 3.778055e-23 
1.254000e+00 2.412712e-23 1.352125e-23 3.764837e-23 
1.256000e+00 2.402830e-23 1.348138e-23 3.750968e-23 
1.258000e+00 2.393950e-23 1.344080e-23 3.738029e-23 
1.260000e+00 2.384785e-23 1.339865e-23 3.724650e-23 
1.262000e+00 2.374989e-23 1.336118e-23 3.711107e-23 
1.264000e+00 2.365416e-23 1.332344e-23 3.697760e-23 
1.266000e+00 2.355867e-23 1.328658e-23 3.684526e-23 
1.268000e+00 2.345029e-23 1.325045e-23 3.670073e-23 
1.270000e+00 2.335220e-23 1.321289e-23 3.656509e-23 
1.272000e+00 2.324436e-23 1.317335e-23 3.641771e-23 
1.274000e+00 2.313579e-23 1.313537e-23 3.627115e-23 
1.276000e+00 2.302706e-23 1.309655e-23 3.612361e-23 
1.278000e+00 2.290709e-23 1.305739e-23 3.596448e-23 
1.280000e+00 2.278395e-23 1.301997e-23 3.580392e-23 
1.282000e+00 2.266376e-23 1.298000e-23 3.564376e-23 
1.284000e+00 2.251935e-23 1.294198e-23 3.546132e-23 
1.286000e+00 2.237306e-23 1.290091e-23 3.527397e-23 
1.288000e+00 2.220267e-23 1.286149e-23 3.506416e-23 
1.290000e+00 2.197487e-23 1.282914e-23 3.480400e-23 
1.292000e+00 2.175096e-23 1.279394e-23 3.454490e-23 
1.294000e+00 2.152370e-23 1.275097e-23 3.427467e-23 
1.296000e+00 2.129096e-23 1.271567e-23 3.400663e-23 
1.298000e+00 2.106648e-23 1.268164e-23 3.374811e-23 
1.300000e+00 2.093006e-23 1.264444e-23 3.357451e-23 
1.302000e+00 2.084425e-23 1.260956e-23 3.345381e-23 
1.304000e+00 2.075356e-23 1.257351e-23 3.332707e-23 
1.306000e+00 2.078001e-23 1.253612e-23 3.331613e-23 
1.308000e+00 2.082667e-23 1.250038e-23 3.332705e-23 
1.310000e+00 2.088072e-23 1.246185e-23 3.334256e-23 
1.312000e+00 2.099563e-23 1.242710e-23 3.342274e-23 
1.314000e+00 2.110766e-23 1.239355e-23 3.350121e-23 
1.316000e+00 2.122455e-23 1.235797e-23 3.358251e-23 
1.318000e+00 2.128192e-23 1.232171e-23 3.360363e-23 
1.320000e+00 2.134448e-23 1.228714e-23 3.363162e-23 
1.322000e+00 2.139858e-23 1.225554e-23 3.365411e-23 
1.324000e+00 2.141127e-23 1.222028e-23 3.363155e-23 
1.326000e+00 2.143519e-23 1.218875e-23 3.362394e-23 
1.328000e+00 2.144887e-23 1.215513e-23 3.360401e-23 
1.330000e+00 2.144959e-23 1.212227e-23 3.357187e-23 
1.332000e+00 2.145026e-23 1.208667e-23 3.353692e-23 
1.334000e+00 2.145269e-23 1.205362e-23 3.350631e-23 
1.336000e+00 2.143890e-23 1.202075e-23 3.345965e-23 
1.338000e+00 2.142946e-23 1.198572e-23 3.341517e-23 
1.340000e+00 2.141600e-23 1.195627e-23 3.337227e-23 
1.342000e+00 2.139712e-23 1.192073e-23 3.331785e-23 
1.344000e+00 2.138462e-23 1.188507e-23 3.326968e-23 
1.346000e+00 2.136408e-23 1.185065e-23 3.321473e-23 
1.348000e+00 2.133837e-23 1.182043e-23 3.315880e-23 
1.350000e+00 2.131824e-23 1.178490e-23 3.310314e-23 
1.352000e+00 2.129761e-23 1.175668e-23 3.305429e-23 
1.354000e+00 2.126936e-23 1.172509e-23 3.299445e-23 
1.356000e+00 2.124409e-23 1.169452e-23 3.293861e-23 
1.358000e+00 2.122401e-23 1.166280e-23 3.288681e-23 
1.360000e+00 2.119010e-23 1.162655e-23 3.281664e-23 
1.362000e+00 2.116572e-23 1.159591e-23 3.276163e-23 
1.364000e+00 2.113824e-23 1.156330e-23 3.270154e-23 
1.366000e+00 2.110929e-23 1.153199e-23 3.264128e-23 
1.368000e+00 2.107277e-23 1.150180e-23 3.257458e-23 
1.370000e+00 2.104447e-23 1.146902e-23 3.251349e-23 
1.372000e+00 2.100635e-23 1.143663e-23 3.244298e-23 
1.374000e+00 2.097747e-23 1.140418e-23 3.238166e-23 
1.376000e+00 2.094316e-23 1.137263e-23 3.231579e-23 
1.378000e+00 2.091113e-23 1.134040e-23 3.225153e-23 
1.380000e+00 2.087896e-23 1.130491e-23 3.218387e-23 
1.382000e+00 2.085223e-23 1.127980e-23 3.213202e-23 
1.384000e+00 2.081204e-23 1.125059e-23 3.206262e-23 
1.386000e+00 2.077340e-23 1.122015e-23 3.199355e-23 
1.388000e+00 2.073559e-23 1.118901e-23 3.192460e-23 
1.390000e+00 2.070426e-23 1.116106e-23 3.186532e-23 
1.392000e+00 2.066293e-23 1.113340e-23 3.179633e-23 
1.394000e+00 2.063313e-23 1.109790e-23 3.173103e-23 
1.396000e+00 2.059450e-23 1.107045e-23 3.166496e-23 
1.398000e+00 2.056092e-23 1.103892e-23 3.159985e-23 
1.400000e+00 2.051938e-23 1.101237e-23 3.153175e-23 
1.402000e+00 2.048097e-23 1.098217e-23 3.146314e-23 
1.404000e+00 2.044601e-23 1.095351e-23 3.139952e-23 
1.406000e+00 2.040611e-23 1.091754e-23 3.132365e-23 
1.408000e+00 2.036798e-23 1.088903e-23 3.125701e-23 
1.410000e+00 2.033660e-23 1.085837e-23 3.119497e-23 
1.412000e+00 2.029111e-23 1.082988e-23 3.112099e-23 
1.414000e+00 2.025732e-23 1.080339e-23 3.106071e-23 
1.416000e+00 2.021620e-23 1.077467e-23 3.099087e-23 
1.418000e+00 2.017915e-23 1.074971e-23 3.092886e-23 
1.420000e+00 2.013954e-23 1.071924e-23 3.085878e-23 
1.422000e+00 2.010293e-23 1.069320e-23 3.079613e-23 
1.424000e+00 2.006463e-23 1.066582e-23 3.073045e-23 
1.426000e+00 2.002255e-23 1.063622e-23 3.065877e-23 
1.428000e+00 1.997688e-23 1.061172e-23 3.058860e-23 
1.430000e+00 1.993519e-23 1.058087e-23 3.051606e-23 
1.432000e+00 1.989501e-23 1.055050e-23 3.044551e-23 
1.434000e+00 1.985960e-23 1.052422e-23 3.038382e-23 
1.436000e+00 1.982447e-23 1.049828e-23 3.032274e-23 
1.438000e+00 1.978651e-23 1.047299e-23 3.025950e-23 
1.440000e+00 1.974992e-23 1.044017e-23 3.019010e-23 
1.442000e+00 1.971142e-23 1.041282e-23 3.012425e-23 
1.444000e+00 1.966391e-23 1.038654e-23 3.005045e-23 
1.446000e+00 1.962663e-23 1.035951e-23 2.998614e-23 
1.448000e+00 1.958926e-23 1.033072e-23 2.991998e-23 
1.450000e+00 1.954905e-23 1.030960e-23 2.985864e-23 
1.452000e+00 1.950351e-23 1.028170e-23 2.978521e-23 
1.454000e+00 1.946467e-23 1.025337e-23 2.971804e-23 
1.456000e+00 1.942223e-23 1.023073e-23 2.965296e-23 
1.458000e+00 1.938345e-23 1.020255e-23 2.958599e-23 
1.460000e+00 1.934357e-23 1.018075e-23 2.952432e-23 
1.462000e+00 1.930310e-23 1.015220e-23 2.945530e-23 
1.464000e+00 1.926462e-23 1.012154e-23 2.938616e-23 
1.466000e+00 1.922368e-23 1.009768e-23 2.932136e-23 
1.468000e+00 1.918675e-23 1.007258e-23 2.925932e-23 
1.470000e+00 1.914689e-23 1.004821e-23 2.919510e-23 
1.472000e+00 1.910549e-23 1.001850e-23 2.912399e-23 
1.474000e+00 1.907100e-23 9.997089e-24 2.906809e-23 
1.476000e+00 1.902808e-23 9.967858e-24 2.899594e-23 
1.478000e+00 1.898775e-23 9.944169e-24 2.893192e-23 
1.480000e+00 1.895225e-23 9.919270e-24 2.887152e-23 
1.482000e+00 1.891087e-23 9.889618e-24 2.880049e-23 
1.484000e+00 1.887239e-23 9.864391e-24 2.873678e-23 
1.486000e+00 1.883170e-23 9.841679e-24 2.867338e-23 
1.488000e+00 1.878846e-23 9.816078e-24 2.860454e-23 
1.490000e+00 1.875292e-23 9.796415e-24 2.854934e-23 
1.492000e+00 1.870601e-23 9.770667e-24 2.847667e-23 
1.494000e+00 1.867158e-23 9.746878e-24 2.841846e-23 
1.496000e+00 1.862839e-23 9.720999e-24 2.834939e-23 
1.498000e+00 1.858941e-23 9.695328e-24 2.828474e-23 
1.500000e+00 1.855151e-23 9.669700e-24 2.822121e-23 
1.502000e+00 1.850622e-23 9.645026e-24 2.815124e-23 
1.504000e+00 1.846959e-23 9.618314e-24 2.808790e-23 
1.506000e+00 1.843089e-23 9.593748e-24 2.802464e-23 
1.508000e+00 1.839349e-23 9.567918e-24 2.796141e-23 
1.510000e+00 1.835531e-23 9.543482e-24 2.789879e-23 
1.512000e+00 1.830998e-23 9.522638e-24 2.783262e-23 
1.514000e+00 1.827248e-23 9.496168e-24 2.776865e-23 
1.516000e+00 1.823311e-23 9.476041e-24 2.770915e-23 
1.518000e+00 1.819239e-23 9.448229e-24 2.764061e-23 
1.520000e+00 1.815210e-23 9.427623e-24 2.757972e-23 
1.522000e+00 1.811570e-23 9.405941e-24 2.752165e-23 
1.524000e+00 1.807420e-23 9.378960e-24 2.745316e-23 
1.526000e+00 1.803262e-23 9.357830e-24 2.739045e-23 
1.528000e+00 1.799302e-23 9.336578e-24 2.732960e-23 
1.530000e+00 1.795123e-23 9.315916e-24 2.726715e-23 
1.532000e+00 1.792098e-23 9.287874e-24 2.720885e-23 
1.534000e+00 1.787676e-23 9.265297e-24 2.714206e-23 
1.536000e+00 1.784558e-23 9.242266e-24 2.708784e-23 
1.538000e+00 1.780265e-23 9.221116e-24 2.702377e-23 
1.540000e+00 1.776251e-23 9.193583e-24 2.695609e-23 
1.542000e+00 1.772182e-23 9.173041e-24 2.689486e-23 
1.544000e+00 1.768471e-23 9.149114e-24 2.683383e-23 
1.546000e+00 1.764253e-23 9.128317e-24 2.677084e-23 
1.548000e+00 1.760844e-23 9.105518e-24 2.671396e-23 
1.550000e+00 1.756702e-23 9.081781e-24 2.664881e-23 
1.552000e+00 1.753161e-23 9.058688e-24 2.659030e-23 
1.554000e+00 1.748807e-23 9.038736e-24 2.652681e-23 
1.556000e+00 1.745409e-23 9.018125e-24 2.647221e-23 
1.558000e+00 1.741764e-23 8.996669e-24 2.641431e-23 
1.560000e+00 1.737380e-23 8.971299e-24 2.634510e-23 
1.562000e+00 1.733881e-23 8.953072e-24 2.629188e-23 
1.564000e+00 1.729441e-23 8.930940e-24 2.622535e-23 
1.566000e+00 1.725759e-23 8.906959e-24 2.616455e-23 
1.568000e+00 1.721960e-23 8.888399e-24 2.610799e-23 
1.570000e+00 1.718308e-23 8.863315e-24 2.604639e-23 
1.572000e+00 1.714779e-23 8.840678e-24 2.598846e-23 
1.574000e+00 1.710715e-23 8.821697e-24 2.592885e-23 
1.576000e+00 1.707170e-23 8.798582e-24 2.587028e-23 
1.578000e+00 1.702701e-23 8.781077e-24 2.580809e-23 
1.580000e+00 1.698629e-23 8.755862e-24 2.574215e-23 
1.582000e+00 1.695195e-23 8.732734e-24 2.568469e-23 
1.584000e+00 1.691195e-23 8.711429e-24 2.562338e-23 
1.586000e+00 1.687428e-23 8.688280e-24 2.556256e-23 
1.588000e+00 1.683497e-23 8.669767e-24 2.550474e-23 
1.590000e+00 1.679873e-23 8.648508e-24 2.544724e-23 
1.592000e+00 1.676563e-23 8.630316e-24 2.539594e-23 
1.594000e+00 1.672727e-23 8.610579e-24 2.533785e-23 
1.596000e+00 1.669488e-23 8.589599e-24 2.528447e-23 
1.598000e+00 1.665492e-23 8.570865e-24 2.522579e-23 
1.600000e+00 1.661394e-23 8.550742e-24 2.516469e-23 
1.602000e+00 1.657637e-23 8.532596e-24 2.510897e-23 
1.604000e+00 1.653646e-23 8.506370e-24 2.504283e-23 
1.606000e+00 1.650382e-23 8.485180e-24 2.498900e-23 
1.608000e+00 1.647118e-23 8.463507e-24 2.493468e-23 
1.610000e+00 1.642889e-23 8.443827e-24 2.487271e-23 
1.612000e+00 1.638955e-23 8.423272e-24 2.481283e-23 
1.614000e+00 1.635686e-23 8.405964e-24 2.476282e-23 
1.616000e+00 1.631381e-23 8.384642e-24 2.469845e-23 
1.618000e+00 1.627165e-23 8.361415e-24 2.463307e-23 
1.620000e+00 1.623740e-23 8.342877e-24 2.458028e-23 
1.622000e+00 1.620438e-23 8.319717e-24 2.452409e-23 
1.624000e+00 1.616351e-23 8.306645e-24 2.447015e-23 
1.626000e+00 1.612989e-23 8.285245e-24 2.441514e-23 
1.628000e+00 1.609429e-23 8.268123e-24 2.436241e-23 
1.630000e+00 1.605924e-23 8.248848e-24 2.430809e-23 
1.632000e+00 1.602676e-23 8.232759e-24 2.425952e-23 
1.634000e+00 1.598771e-23 8.212737e-24 2.420044e-23 
1.636000e+00 1.594721e-23 8.194950e-24 2.414216e-23 
1.638000e+00 1.591290e-23 8.174310e-24 2.408721e-23 
1.640000e+00 1.587631e-23 8.157772e-24 2.403408e-23 
1.642000e+00 1.583949e-23 8.137957e-24 2.397744e-23 
1.644000e+00 1.580394e-23 8.120416e-24 2.392436e-23 
1.646000e+00 1.570850e-23 8.097884e-24 2.380638e-23 
1.648000e+00 1.573230e-23 8.081635e-24 2.381394e-23 
1.650000e+00 1.569252e-23 8.059963e-24 2.375248e-23 
1.652000e+00 1.565235e-23 8.042697e-24 2.369505e-23 
1.654000e+00 1.561855e-23 8.026218e-24 2.364477e-23 
1.656000e+00 1.558059e-23 8.004475e-24 2.358506e-23 
1.658000e+00 1.554354e-23 7.988254e-24 2.353180e-23 
1.660000e+00 1.551446e-23 7.971686e-24 2.348614e-23 
1.662000e+00 1.547886e-23 7.948342e-24 2.342720e-23 
1.664000e+00 1.543727e-23 7.930785e-24 2.336805e-23 
1.666000e+00 1.540040e-23 7.911927e-24 2.331233e-23 
1.668000e+00 1.536249e-23 7.894419e-24 2.325690e-23 
1.670000e+00 1.533329e-23 7.878562e-24 2.321185e-23 
1.672000e+00 1.529690e-23 7.861080e-24 2.315798e-23 
1.674000e+00 1.525635e-23 7.843871e-24 2.310022e-23 
1.676000e+00 1.522514e-23 7.825417e-24 2.305056e-23 
1.678000e+00 1.518836e-23 7.809162e-24 2.299752e-23 
1.680000e+00 1.514900e-23 7.789215e-24 2.293821e-23 
1.682000e+00 1.511856e-23 7.772371e-24 2.289093e-23 
1.684000e+00 1.507937e-23 7.754929e-24 2.283430e-23 
1.686000e+00 1.504854e-23 7.738863e-24 2.278740e-23 
1.688000e+00 1.500640e-23 7.718753e-24 2.272515e-23 
1.690000e+00 1.497545e-23 7.701859e-24 2.267731e-23 
1.692000e+00 1.493779e-23 7.682242e-24 2.262003e-23 
1.694000e+00 1.490691e-23 7.663637e-24 2.257054e-23 
1.696000e+00 1.487554e-23 7.645792e-24 2.252133e-23 
1.698000e+00 1.482874e-23 7.627054e-24 2.245579e-23 
1.700000e+00 1.479873e-23 7.607196e-24 2.240592e-23 
1.702000e+00 1.475689e-23 7.589559e-24 2.234645e-23 
1.704000e+00 1.472422e-23 7.576471e-24 2.230069e-23 
1.706000e+00 1.469093e-23 7.559335e-24 2.225027e-23 
1.708000e+00 1.464878e-23 7.537669e-24 2.218645e-23 
1.710000e+00 1.462136e-23 7.525874e-24 2.214724e-23 
1.712000e+00 1.458567e-23 7.506204e-24 2.209187e-23 
1.714000e+00 1.454422e-23 7.487296e-24 2.203151e-23 
1.716000e+00 1.451182e-23 7.474777e-24 2.198660e-23 
1.718000e+00 1.447506e-23 7.452972e-24 2.192803e-23 
1.720000e+00 1.444306e-23 7.441134e-24 2.188419e-23 
1.722000e+00 1.440449e-23 7.421694e-24 2.182619e-23 
1.724000e+00 1.436665e-23 7.403147e-24 2.176980e-23 
1.726000e+00 1.433444e-23 7.390614e-24 2.172505e-23 
1.728000e+00 1.429950e-23 7.368514e-24 2.166802e-23 
1.730000e+00 1.426512e-23 7.355908e-24 2.162103e-23 
1.732000e+00 1.423039e-23 7.336029e-24 2.156642e-23 
1.734000e+00 1.419536e-23 7.316784e-24 2.151214e-23 
1.736000e+00 1.415828e-23 7.300996e-24 2.145927e-23 
1.738000e+00 1.412645e-23 7.281957e-24 2.140841e-23 
1.740000e+00 1.409324e-23 7.268684e-24 2.136193e-23 
1.742000e+00 1.404986e-23 7.254440e-24 2.130430e-23 
1.744000e+00 1.401370e-23 7.238731e-24 2.125243e-23 
1.746000e+00 1.397815e-23 7.225118e-24 2.120327e-23 
1.748000e+00 1.394160e-23 7.205812e-24 2.114741e-23 
1.750000e+00 1.390789e-23 7.189141e-24 2.109703e-23 
1.752000e+00 1.387120e-23 7.174082e-24 2.104528e-23 
1.754000e+00 1.383472e-23 7.160083e-24 2.099480e-23 
1.756000e+00 1.379927e-23 7.143376e-24 2.094265e-23 
1.758000e+00 1.376502e-23 7.130707e-24 2.089573e-23 
1.760000e+00 1.372854e-23 7.114872e-24 2.084341e-23 
1.762000e+00 1.369050e-23 7.099270e-24 2.078977e-23 
1.764000e+00 1.365598e-23 7.080492e-24 2.073647e-23 
1.766000e+00 1.361981e-23 7.063386e-24 2.068320e-23 
1.768000e+00 1.358027e-23 7.048228e-24 2.062850e-23 
1.770000e+00 1.354640e-23 7.034068e-24 2.058047e-23 
1.772000e+00 1.350706e-23 7.019180e-24 2.052624e-23 
1.774000e+00 1.347088e-23 7.004066e-24 2.047494e-23 
1.776000e+00 1.342757e-23 6.986582e-24 2.041415e-23 
1.778000e+00 1.339213e-23 6.972852e-24 2.036498e-23 
1.780000e+00 1.335192e-23 6.955436e-24 2.030736e-23 
1.782000e+00 1.331472e-23 6.939213e-24 2.025393e-23 
1.784000e+00 1.327028e-23 6.930501e-24 2.020078e-23 
1.786000e+00 1.323218e-23 6.916254e-24 2.014843e-23 
1.788000e+00 1.318854e-23 6.897858e-24 2.008640e-23 
1.790000e+00 1.315151e-23 6.881896e-24 2.003341e-23 
1.792000e+00 1.311288e-23 6.870619e-24 1.998350e-23 
1.794000e+00 1.306758e-23 6.854093e-24 1.992168e-23 
1.796000e+00 1.302866e-23 6.841436e-24 1.987010e-23 
1.798000e+00 1.299201e-23 6.823991e-24 1.981600e-23 
1.800000e+00 1.294575e-23 6.813023e-24 1.975878e-23 
1.802000e+00 1.289774e-23 6.795430e-24 1.969317e-23 
1.804000e+00 1.285303e-23 6.779596e-24 1.963263e-23 
1.806000e+00 1.280870e-23 6.768821e-24 1.957752e-23 
1.808000e+00 1.275343e-23 6.753038e-24 1.950646e-23 
1.810000e+00 1.270913e-23 6.734360e-24 1.944349e-23 
1.812000e+00 1.265331e-23 6.725280e-24 1.937859e-23 
1.814000e+00 1.260615e-23 6.709359e-24 1.931551e-23 
1.816000e+00 1.253715e-23 6.693889e-24 1.923104e-23 
1.818000e+00 1.247861e-23 6.680277e-24 1.915889e-23 
1.820000e+00 1.241816e-23 6.664036e-24 1.908219e-23 
1.822000e+00 1.234869e-23 6.652819e-24 1.900151e-23 
1.824000e+00 1.226603e-23 6.635958e-24 1.890199e-23 
1.826000e+00 1.217203e-23 6.622605e-24 1.879464e-23 
1.828000e+00 1.209052e-23 6.606467e-24 1.869699e-23 
1.830000e+00 1.200448e-23 6.595364e-24 1.859984e-23 
1.832000e+00 1.192325e-23 6.584241e-24 1.850749e-23 
1.834000e+00 1.185114e-23 6.565738e-24 1.841688e-23 
1.836000e+00 1.176851e-23 6.554736e-24 1.832325e-23 
1.838000e+00 1.170266e-23 6.536939e-24 1.823960e-23 
1.840000e+00 1.166959e-23 6.523806e-24 1.819339e-23 
1.842000e+00 1.164979e-23 6.514977e-24 1.816476e-23 
1.844000e+00 1.162709e-23 6.496436e-24 1.812352e-23 
1.846000e+00 1.160437e-23 6.483780e-24 1.808815e-23 
1.848000e+00 1.163062e-23 6.470635e-24 1.810126e-23 
1.850000e+00 1.166084e-23 6.454340e-24 1.811518e-23 
1.852000e+00 1.169990e-23 6.441277e-24 1.814117e-23 
1.854000e+00 1.172392e-23 6.428825e-24 1.815274e-23 
1.856000e+00 1.176858e-23 6.412444e-24 1.818103e-23 
1.858000e+00 1.180848e-23 6.400578e-24 1.820906e-23 
1.860000e+00 1.185258e-23 6.388598e-24 1.824118e-23 
1.862000e+00 1.189535e-23 6.368896e-24 1.826425e-23 
1.864000e+00 1.190774e-23 6.359499e-24 1.826723e-23 
1.866000e+00 1.191907e-23 6.346078e-24 1.826515e-23 
1.868000e+00 1.192818e-23 6.332495e-24 1.826068e-23 
1.870000e+00 1.193872e-23 6.319380e-24 1.825810e-23 
1.872000e+00 1.194051e-23 6.308278e-24 1.824879e-23 
1.874000e+00 1.193583e-23 6.295599e-24 1.823143e-23 
1.876000e+00 1.193586e-23 6.282171e-24 1.821803e-23 
1.878000e+00 1.193859e-23 6.269055e-24 1.820765e-23 
1.880000e+00 1.193474e-23 6.261206e-24 1.819594e-23 
1.882000e+00 1.193790e-23 6.248423e-24 1.818632e-23 
1.884000e+00 1.193288e-23 6.236717e-24 1.816960e-23 
1.886000e+00 1.192683e-23 6.222349e-24 1.814917e-23 
1.888000e+00 1.192068e-23 6.208534e-24 1.812921e-23 
1.890000e+00 1.190762e-23 6.197801e-24 1.810542e-23 
1.892000e+00 1.190418e-23 6.183630e-24 1.808781e-23 
1.894000e+00 1.189602e-23 6.169924e-24 1.806594e-23 
1.896000e+00 1.188299e-23 6.157853e-24 1.804085e-23 
1.898000e+00 1.187722e-23 6.144751e-24 1.802198e-23 
1.900000e+00 1.186359e-23 6.131789e-24 1.799537e-23 
1.902000e+00 1.185063e-23 6.117512e-24 1.796814e-23 
1.904000e+00 1.183603e-23 6.109682e-24 1.794571e-23 
1.906000e+00 1.182541e-23 6.095643e-24 1.792105e-23 
1.908000e+00 1.181896e-23 6.082850e-24 1.790181e-23 
1.910000e+00 1.180411e-23 6.068915e-24 1.787302e-23 
1.912000e+00 1.179111e-23 6.059630e-24 1.785074e-23 
1.914000e+00 1.177835e-23 6.046908e-24 1.782526e-23 
1.916000e+00 1.176986e-23 6.033595e-24 1.780346e-23 
1.918000e+00 1.175755e-23 6.020491e-24 1.777804e-23 
1.920000e+00 1.174615e-23 6.010825e-24 1.775698e-23 
1.922000e+00 1.172978e-23 5.999341e-24 1.772912e-23 
1.924000e+00 1.171460e-23 5.981398e-24 1.769600e-23 
1.926000e+00 1.170135e-23 5.976424e-24 1.767778e-23 
1.928000e+00 1.169055e-23 5.961208e-24 1.765175e-23 
1.930000e+00 1.167253e-23 5.948170e-24 1.762070e-23 
1.932000e+00 1.165712e-23 5.940036e-24 1.759715e-23 
1.934000e+00 1.164532e-23 5.925552e-24 1.757087e-23 
1.936000e+00 1.163078e-23 5.910459e-24 1.754124e-23 
1.938000e+00 1.161444e-23 5.902005e-24 1.751644e-23 
1.940000e+00 1.160219e-23 5.889452e-24 1.749165e-23 
1.942000e+00 1.158696e-23 5.874504e-24 1.746146e-23 
1.944000e+00 1.157246e-23 5.866236e-24 1.743870e-23 
1.946000e+00 1.155845e-23 5.849617e-24 1.740807e-23 
1.948000e+00 1.154348e-23 5.835030e-24 1.737851e-23 
1.950000e+00 1.152599e-23 5.827032e-24 1.735302e-23 
1.952000e+00 1.150399e-23 5.813245e-24 1.731724e-23 
1.954000e+00 1.149045e-23 5.803521e-24 1.729397e-23 
1.956000e+00 1.147391e-23 5.790269e-24 1.726418e-23 
1.958000e+00 1.146627e-23 5.780207e-24 1.724647e-23 
1.960000e+00 1.145162e-23 5.770781e-24 1.722240e-23 
1.962000e+00 1.143597e-23 5.755902e-24 1.719187e-23 
1.964000e+00 1.141843e-23 5.747633e-24 1.716606e-23 
1.966000e+00 1.140523e-23 5.736753e-24 1.714198e-23 
1.968000e+00 1.138956e-23 5.722466e-24 1.711202e-23 
1.970000e+00 1.137147e-23 5.714274e-24 1.708575e-23 
1.972000e+00 1.135003e-23 5.698765e-24 1.704880e-23 
1.974000e+00 1.133383e-23 5.688391e-24 1.702222e-23 
1.976000e+00 1.131849e-23 5.681003e-24 1.699950e-23 
1.978000e+00 1.130219e-23 5.663997e-24 1.696619e-23 
1.980000e+00 1.128503e-23 5.655343e-24 1.694037e-23 
1.982000e+00 1.127147e-23 5.645272e-24 1.691674e-23 
1.984000e+00 1.125566e-23 5.631013e-24 1.688667e-23 
1.986000e+00 1.123913e-23 5.620423e-24 1.685956e-23 
1.988000e+00 1.122194e-23 5.611510e-24 1.683345e-23 
1.990000e+00 1.120652e-23 5.594665e-24 1.680119e-23 
1.992000e+00 1.118880e-23 5.586708e-24 1.677550e-23 
1.994000e+00 1.117201e-23 5.577883e-24 1.674989e-23 
1.996000e+00 1.115698e-23 5.562464e-24 1.671945e-23 
1.998000e+00 1.114144e-23 5.552769e-24 1.669421e-23 
2.000000e+00 1.112047e-23 5.542399e-24 1.666287e-23 
2.002000e+00 1.110645e-23 5.534196e-24 1.664065e-23 
2.004000e+00 1.108952e-23 5.521666e-24 1.661118e-23 
2.006000e+00 1.107367e-23 5.511478e-24 1.658515e-23 
2.008000e+00 1.105571e-23 5.500479e-24 1.655619e-23 
2.010000e+00 1.103980e-23 5.491195e-24 1.653100e-23 
2.012000e+00 1.102472e-23 5.481604e-24 1.650632e-23 
2.014000e+00 1.100684e-23 5.470831e-24 1.647767e-23 
2.016000e+00 1.098804e-23 5.460889e-24 1.644893e-23 
2.018000e+00 1.097158e-23 5.452141e-24 1.642372e-23 
2.020000e+00 1.095220e-23 5.441317e-24 1.639351e-23 
2.022000e+00 1.093650e-23 5.430481e-24 1.636698e-23 
2.024000e+00 1.091809e-23 5.419893e-24 1.633799e-23 
2.026000e+00 1.089999e-23 5.408666e-24 1.630865e-23 
2.028000e+00 1.088423e-23 5.399357e-24 1.628359e-23 
2.030000e+00 1.086585e-23 5.389621e-24 1.625547e-23 
2.032000e+00 1.084730e-23 5.378939e-24 1.622624e-23 
2.034000e+00 1.084046e-23 5.368356e-24 1.620881e-23 
2.036000e+00 1.081817e-23 5.351910e-24 1.617008e-23 
2.038000e+00 1.080255e-23 5.341197e-24 1.614374e-23 
2.040000e+00 1.079206e-23 5.330708e-24 1.612277e-23 
2.042000e+00 1.077418e-23 5.318967e-24 1.609314e-23 
2.044000e+00 1.075514e-23 5.315102e-24 1.607024e-23 
2.046000e+00 1.073655e-23 5.303139e-24 1.603969e-23 
2.048000e+00 1.072267e-23 5.292096e-24 1.601476e-23 
2.050000e+00 1.070112e-23 5.282033e-24 1.598315e-23 
2.052000e+00 1.068176e-23 5.272775e-24 1.595453e-23 
2.054000e+00 1.067306e-23 5.260284e-24 1.593335e-23 
2.056000e+00 1.065534e-23 5.249416e-24 1.590475e-23 
2.058000e+00 1.063782e-23 5.246072e-24 1.588389e-23 
2.060000e+00 1.061887e-23 5.233709e-24 1.585258e-23 
2.062000e+00 1.059927e-23 5.222837e-24 1.582211e-23 
2.064000e+00 1.058698e-23 5.211281e-24 1.579826e-23 
2.066000e+00 1.057086e-23 5.200176e-24 1.577104e-23 
2.068000e+00 1.054931e-23 5.189437e-24 1.573875e-23 
2.070000e+00 1.054309e-23 5.181756e-24 1.572485e-23 
2.072000e+00 1.052130e-23 5.171853e-24 1.569315e-23 
2.074000e+00 1.050638e-23 5.162261e-24 1.566864e-23 
2.076000e+00 1.048840e-23 5.150010e-24 1.563841e-23 
2.078000e+00 1.047045e-23 5.139866e-24 1.561031e-23 
2.080000e+00 1.045875e-23 5.132858e-24 1.559161e-23 
2.082000e+00 1.044044e-23 5.122609e-24 1.556305e-23 
2.084000e+00 1.042131e-23 5.109451e-24 1.553076e-23 
2.086000e+00 1.040189e-23 5.098391e-24 1.550028e-23 
2.088000e+00 1.038100e-23 5.088432e-24 1.546943e-23 
2.090000e+00 1.036948e-23 5.081529e-24 1.545101e-23 
2.092000e+00 1.035061e-23 5.070494e-24 1.542111e-23 
2.094000e+00 1.034010e-23 5.064594e-24 1.540470e-23 
2.096000e+00 1.032050e-23 5.051362e-24 1.537186e-23 
2.098000e+00 1.030774e-23 5.045438e-24 1.535318e-23 
2.100000e+00 1.028565e-23 5.034879e-24 1.532053e-23 
2.102000e+00 1.027560e-23 5.028925e-24 1.530452e-23 
2.104000e+00 1.025269e-23 5.016226e-24 1.526892e-23 
2.106000e+00 1.023383e-23 5.011454e-24 1.524529e-23 
2.108000e+00 1.022228e-23 4.998607e-24 1.522088e-23 
2.110000e+00 1.020196e-23 4.992572e-24 1.519454e-23 
2.112000e+00 1.018966e-23 4.979219e-24 1.516888e-23 
2.114000e+00 1.017198e-23 4.974512e-24 1.514649e-23 
2.116000e+00 1.015702e-23 4.961722e-24 1.511875e-23 
2.118000e+00 1.013576e-23 4.957889e-24 1.509364e-23 
2.120000e+00 1.012348e-23 4.942809e-24 1.506629e-23 
2.122000e+00 1.010161e-23 4.937229e-24 1.503884e-23 
2.124000e+00 1.008930e-23 4.925939e-24 1.501524e-23 
2.126000e+00 1.007029e-23 4.919272e-24 1.498956e-23 
2.128000e+00 1.005710e-23 4.907036e-24 1.496414e-23 
2.130000e+00 1.003491e-23 4.902075e-24 1.493699e-23 
2.132000e+00 1.002319e-23 4.889154e-24 1.491235e-23 
2.134000e+00 1.000362e-23 4.880420e-24 1.488404e-23 
2.136000e+00 9.991570e-24 4.869041e-24 1.486061e-23 
2.138000e+00 9.976451e-24 4.862936e-24 1.483939e-23 
2.140000e+00 9.963582e-24 4.857263e-24 1.482084e-23 
2.142000e+00 9.942046e-24 4.844092e-24 1.478614e-23 
2.144000e+00 9.931213e-24 4.837309e-24 1.476852e-23 
2.146000e+00 9.916194e-24 4.831014e-24 1.474721e-23 
2.148000e+00 9.895465e-24 4.818322e-24 1.471379e-23 
2.150000e+00 9.883111e-24 4.813199e-24 1.469631e-23 
2.152000e+00 9.860340e-24 4.802875e-24 1.466322e-23 
2.154000e+00 9.845185e-24 4.793948e-24 1.463913e-23 
2.156000e+00 9.835442e-24 4.785645e-24 1.462109e-23 
2.158000e+00 9.811229e-24 4.779402e-24 1.459063e-23 
2.160000e+00 9.799818e-24 4.766973e-24 1.456679e-23 
2.162000e+00 9.787465e-24 4.759088e-24 1.454655e-23 
2.164000e+00 9.769518e-24 4.751014e-24 1.452053e-23 
2.166000e+00 9.756283e-24 4.745647e-24 1.450193e-23 
2.168000e+00 9.736734e-24 4.732741e-24 1.446947e-23 
2.170000e+00 9.722209e-24 4.726329e-24 1.444854e-23 
2.172000e+00 9.707448e-24 4.716865e-24 1.442431e-23 
2.174000e+00 9.693394e-24 4.704368e-24 1.439776e-23 
2.176000e+00 9.680711e-24 4.697915e-24 1.437863e-23 
2.178000e+00 9.656214e-24 4.691157e-24 1.434737e-23 
2.180000e+00 9.642872e-24 4.684049e-24 1.432692e-23 
2.182000e+00 9.629839e-24 4.671736e-24 1.430158e-23 
2.184000e+00 9.616442e-24 4.664571e-24 1.428101e-23 
2.186000e+00 9.601227e-24 4.656608e-24 1.425784e-23 
2.188000e+00 9.586707e-24 4.647620e-24 1.423433e-23 
2.190000e+00 9.564322e-24 4.635869e-24 1.420019e-23 
2.192000e+00 9.551638e-24 4.628298e-24 1.417994e-23 
2.194000e+00 9.538783e-24 4.620749e-24 1.415953e-23 
2.196000e+00 9.521133e-24 4.613810e-24 1.413494e-23 
2.198000e+00 9.508917e-24 4.605014e-24 1.411393e-23 
2.200000e+00 9.492703e-24 4.599899e-24 1.409260e-23 
2.202000e+00 9.479402e-24 4.592765e-24 1.407217e-23 
2.204000e+00 9.456490e-24 4.584119e-24 1.404061e-23 
2.206000e+00 9.439343e-24 4.576086e-24 1.401543e-23 
2.208000e+00 9.427283e-24 4.564630e-24 1.399191e-23 
2.210000e+00 9.410469e-24 4.556768e-24 1.396724e-23 
2.212000e+00 9.395367e-24 4.546745e-24 1.394211e-23 
2.214000e+00 9.382294e-24 4.540625e-24 1.392292e-23 
2.216000e+00 9.369185e-24 4.532995e-24 1.390218e-23 
2.218000e+00 9.351576e-24 4.524160e-24 1.387574e-23 
2.220000e+00 9.336669e-24 4.518327e-24 1.385500e-23 
2.222000e+00 9.254372e-24 4.509733e-24 1.376411e-23 
2.224000e+00 9.306226e-24 4.502140e-24 1.380837e-23 
2.226000e+00 9.288550e-24 4.493981e-24 1.378253e-23 
2.228000e+00 9.275211e-24 4.481270e-24 1.375648e-23 
2.230000e+00 9.258690e-24 4.473409e-24 1.373210e-23 
2.232000e+00 9.244555e-24 4.464851e-24 1.370941e-23 
2.234000e+00 9.229282e-24 4.457592e-24 1.368687e-23 
2.236000e+00 9.223449e-24 4.448928e-24 1.367238e-23 
2.238000e+00 9.205469e-24 4.441107e-24 1.364658e-23 
2.240000e+00 9.189966e-24 4.434182e-24 1.362415e-23 
2.242000e+00 9.174060e-24 4.433179e-24 1.360724e-23 
2.244000e+00 9.157473e-24 4.417943e-24 1.357542e-23 
2.246000e+00 9.145603e-24 4.409306e-24 1.355491e-23 
2.248000e+00 9.128042e-24 4.402262e-24 1.353030e-23 
2.250000e+00 9.112396e-24 4.394372e-24 1.350677e-23 
2.252000e+00 9.095032e-24 4.384245e-24 1.347928e-23 
2.254000e+00 9.079344e-24 4.382015e-24 1.346136e-23 
2.256000e+00 9.063959e-24 4.375876e-24 1.343984e-23 
2.258000e+00 9.047921e-24 4.366404e-24 1.341433e-23 
2.260000e+00 9.035122e-24 4.357994e-24 1.339312e-23 
2.262000e+00 9.023145e-24 4.349436e-24 1.337258e-23 
2.264000e+00 9.005384e-24 4.343270e-24 1.334865e-23 
2.266000e+00 8.992628e-24 4.335516e-24 1.332814e-23 
2.268000e+00 8.974930e-24 4.326459e-24 1.330139e-23 
2.270000e+00 8.959712e-24 4.316157e-24 1.327587e-23 
2.272000e+00 8.947242e-24 4.308914e-24 1.325616e-23 
2.274000e+00 8.937322e-24 4.299505e-24 1.323683e-23 
2.276000e+00 8.918539e-24 4.291528e-24 1.321007e-23 
2.278000e+00 8.903437e-24 4.288127e-24 1.319156e-23 
2.280000e+00 8.887196e-24 4.280961e-24 1.316816e-23 
2.282000e+00 8.876411e-24 4.271572e-24 1.314798e-23 
2.284000e+00 8.861244e-24 4.263005e-24 1.312425e-23 
2.286000e+00 8.851919e-24 4.255651e-24 1.310757e-23 
2.288000e+00 8.833206e-24 4.246765e-24 1.307997e-23 
2.290000e+00 8.819582e-24 4.237443e-24 1.305703e-23 
2.292000e+00 8.809037e-24 4.230982e-24 1.304002e-23 
2.294000e+00 8.794225e-24 4.225968e-24 1.302019e-23 
2.296000e+00 8.775915e-24 4.215551e-24 1.299147e-23 
2.298000e+00 8.758646e-24 4.208718e-24 1.296736e-23 
2.300000e+00 8.750195e-24 4.206973e-24 1.295717e-23 
2.302000e+00 8.733046e-24 4.197835e-24 1.293088e-23 
2.304000e+00 8.716219e-24 4.189616e-24 1.290584e-23 
2.306000e+00 8.711572e-24 4.180669e-24 1.289224e-23 
2.308000e+00 8.692710e-24 4.176901e-24 1.286961e-23 
2.310000e+00 8.683112e-24 4.167170e-24 1.285028e-23 
2.312000e+00 8.667996e-24 4.159117e-24 1.282711e-23 
2.314000e+00 8.655472e-24 4.156231e-24 1.281170e-23 
2.316000e+00 8.639948e-24 4.148941e-24 1.278889e-23 
2.318000e+00 8.629821e-24 4.138884e-24 1.276870e-23 
2.320000e+00 8.613184e-24 4.128312e-24 1.274150e-23 
2.322000e+00 8.593452e-24 4.125865e-24 1.271932e-23 
2.324000e+00 8.585407e-24 4.117790e-24 1.270320e-23 
2.326000e+00 8.569764e-24 4.107311e-24 1.267707e-23 
2.328000e+00 8.550052e-24 4.106887e-24 1.265694e-23 
2.330000e+00 8.543961e-24 4.096668e-24 1.264063e-23 
2.332000e+00 8.523222e-24 4.086250e-24 1.260947e-23 
2.334000e+00 8.504444e-24 4.084843e-24 1.258929e-23 
2.336000e+00 8.497153e-24 4.075456e-24 1.257261e-23 
2.338000e+00 8.481028e-24 4.065253e-24 1.254628e-23 
2.340000e+00 8.467846e-24 4.063318e-24 1.253116e-23 
2.342000e+00 8.459562e-24 4.052942e-24 1.251250e-23 
2.344000e+00 8.441932e-24 4.044208e-24 1.248614e-23 
2.346000e+00 8.434078e-24 4.040005e-24 1.247408e-23 
2.348000e+00 8.422938e-24 4.033768e-24 1.245671e-23 
2.350000e+00 8.407450e-24 4.028289e-24 1.243574e-23 
2.352000e+00 8.394894e-24 4.018355e-24 1.241325e-23 
2.354000e+00 8.385478e-24 4.015921e-24 1.240140e-23 
2.356000e+00 8.368084e-24 4.006673e-24 1.237476e-23 
2.358000e+00 8.359082e-24 4.001345e-24 1.236043e-23 
2.360000e+00 8.338829e-24 3.993021e-24 1.233185e-23 
2.362000e+00 8.328182e-24 3.989037e-24 1.231722e-23 
2.364000e+00 8.310646e-24 3.979469e-24 1.229012e-23 
2.366000e+00 8.301625e-24 3.974874e-24 1.227650e-23 
2.368000e+00 8.281768e-24 3.968238e-24 1.225001e-23 
2.370000e+00 8.273200e-24 3.959282e-24 1.223248e-23 
2.372000e+00 8.251426e-24 3.953154e-24 1.220458e-23 
2.374000e+00 8.242138e-24 3.949457e-24 1.219160e-23 
2.376000e+00 8.233738e-24 3.939428e-24 1.217317e-23 
2.378000e+00 8.221769e-24 3.935621e-24 1.215739e-23 
2.380000e+00 8.204025e-24 3.927472e-24 1.213150e-23 
2.382000e+00 8.195169e-24 3.924139e-24 1.211931e-23 
2.384000e+00 8.181311e-24 3.913311e-24 1.209462e-23 
2.386000e+00 8.165649e-24 3.909675e-24 1.207532e-23 
2.388000e+00 8.153386e-24 3.899783e-24 1.205317e-23 
2.390000e+00 8.135705e-24 3.898047e-24 1.203375e-23 
2.392000e+00 8.125212e-24 3.885569e-24 1.201078e-23 
2.394000e+00 8.113389e-24 3.882225e-24 1.199561e-23 
2.396000e+00 8.094704e-24 3.873077e-24 1.196778e-23 
2.398000e+00 8.086854e-24 3.869590e-24 1.195644e-23 
2.400000e+00 8.075055e-24 3.863946e-24 1.193900e-23 
2.402000e+00 8.061249e-24 3.852870e-24 1.191412e-23 
2.404000e+00 8.054029e-24 3.851716e-24 1.190575e-23 
2.406000e+00 8.033353e-24 3.842246e-24 1.187560e-23 
2.408000e+00 8.021288e-24 3.836692e-24 1.185798e-23 
2.410000e+00 8.013113e-24 3.832514e-24 1.184563e-23 
2.412000e+00 7.999614e-24 3.822255e-24 1.182187e-23 
2.414000e+00 7.987916e-24 3.818820e-24 1.180674e-23 
2.416000e+00 7.969045e-24 3.812634e-24 1.178168e-23 
2.418000e+00 7.960042e-24 3.803593e-24 1.176364e-23 
2.420000e+00 7.948145e-24 3.801044e-24 1.174919e-23 
2.422000e+00 7.934978e-24 3.791396e-24 1.172637e-23 
2.424000e+00 7.925885e-24 3.786574e-24 1.171246e-23 
2.426000e+00 7.907251e-24 3.782672e-24 1.168992e-23 
2.428000e+00 7.894154e-24 3.772718e-24 1.166687e-23 
2.430000e+00 7.885882e-24 3.767075e-24 1.165296e-23 
2.432000e+00 7.873626e-24 3.764151e-24 1.163778e-23 
2.434000e+00 7.859408e-24 3.752863e-24 1.161227e-23 
2.436000e+00 7.850913e-24 3.749883e-24 1.160080e-23 
2.438000e+00 7.837830e-24 3.745134e-24 1.158296e-23 
2.440000e+00 7.825673e-24 3.736110e-24 1.156178e-23 
2.442000e+00 7.813988e-24 3.730057e-24 1.154405e-23 
2.444000e+00 7.805974e-24 3.726180e-24 1.153215e-23 
2.446000e+00 7.793718e-24 3.716287e-24 1.151001e-23 
2.448000e+00 7.772553e-24 3.711261e-24 1.148381e-23 
2.450000e+00 7.761743e-24 3.707249e-24 1.146899e-23 
2.452000e+00 7.750151e-24 3.697333e-24 1.144748e-23 
2.454000e+00 7.737243e-24 3.694207e-24 1.143145e-23 
2.456000e+00 7.727998e-24 3.688358e-24 1.141636e-23 
2.458000e+00 7.715741e-24 3.678475e-24 1.139422e-23 
2.460000e+00 7.701062e-24 3.672408e-24 1.137347e-23 
2.462000e+00 7.689380e-24 3.669906e-24 1.135929e-23 
2.464000e+00 7.678890e-24 3.665430e-24 1.134432e-23 
2.466000e+00 7.667266e-24 3.654549e-24 1.132181e-23 
2.468000e+00 7.657670e-24 3.649600e-24 1.130727e-23 
2.470000e+00 7.642760e-24 3.644653e-24 1.128741e-23 
2.472000e+00 7.629340e-24 3.640207e-24 1.126955e-23 
2.474000e+00 7.619009e-24 3.636042e-24 1.125505e-23 
2.476000e+00 7.600168e-24 3.626425e-24 1.122659e-23 
2.478000e+00 7.588396e-24 3.621084e-24 1.120948e-23 
2.480000e+00 7.576883e-24 3.616134e-24 1.119302e-23 
2.482000e+00 7.564134e-24 3.611098e-24 1.117523e-23 
2.484000e+00 7.552514e-24 3.607610e-24 1.116012e-23 
2.486000e+00 7.548187e-24 3.595342e-24 1.114353e-23 
2.488000e+00 7.535271e-24 3.592084e-24 1.112736e-23 
2.490000e+00 7.522809e-24 3.586340e-24 1.110915e-23 
2.492000e+00 7.509048e-24 3.581115e-24 1.109016e-23 
2.494000e+00 7.497648e-24 3.575793e-24 1.107344e-23 
2.496000e+00 7.485482e-24 3.567139e-24 1.105262e-23 
2.498000e+00 7.473535e-24 3.561158e-24 1.103469e-23 
2.500000e+00 7.460465e-24 3.556625e-24 1.101709e-23 
2.502000e+00 7.448799e-24 3.551876e-24 1.100068e-23 
2.504000e+00 7.436975e-24 3.547354e-24 1.098433e-23 
2.506000e+00 7.423001e-24 3.537216e-24 1.096022e-23 
2.508000e+00 7.418082e-24 3.532191e-24 1.095027e-23 
2.510000e+00 7.407712e-24 3.527117e-24 1.093483e-23 
2.512000e+00 7.395083e-24 3.522331e-24 1.091741e-23 
2.514000e+00 7.379472e-24 3.515867e-24 1.089534e-23 
2.516000e+00 7.368038e-24 3.512817e-24 1.088086e-23 
2.518000e+00 7.354562e-24 3.505063e-24 1.085963e-23 
2.520000e+00 7.345429e-24 3.503392e-24 1.084882e-23 
2.522000e+00 7.332705e-24 3.495446e-24 1.082815e-23 
2.524000e+00 7.325165e-24 3.485981e-24 1.081115e-23 
2.526000e+00 7.316169e-24 3.481273e-24 1.079744e-23 
2.528000e+00 7.184549e-24 3.476007e-24 1.066056e-23 
2.530000e+00 7.290017e-24 3.471997e-24 1.076201e-23 
2.532000e+00 7.284881e-24 3.465913e-24 1.075079e-23 
2.534000e+00 7.269850e-24 3.459876e-24 1.072973e-23 
2.536000e+00 7.259578e-24 3.454807e-24 1.071438e-23 
2.538000e+00 7.244674e-24 3.449643e-24 1.069432e-23 
2.540000e+00 7.231578e-24 3.445804e-24 1.067738e-23 
2.542000e+00 7.216954e-24 3.437723e-24 1.065468e-23 
2.544000e+00 7.215670e-24 3.434235e-24 1.064990e-23 
2.546000e+00 7.202045e-24 3.428569e-24 1.063061e-23 
2.548000e+00 7.186636e-24 3.423304e-24 1.060994e-23 
2.550000e+00 7.181913e-24 3.418725e-24 1.060064e-23 
2.552000e+00 7.169831e-24 3.412739e-24 1.058257e-23 
2.554000e+00 7.158259e-24 3.407439e-24 1.056570e-23 
2.556000e+00 7.151872e-24 3.403970e-24 1.055584e-23 
2.558000e+00 7.137775e-24 3.397018e-24 1.053479e-23 
2.560000e+00 7.123139e-24 3.392438e-24 1.051558e-23 
2.562000e+00 7.119246e-24 3.387160e-24 1.050641e-23 
2.564000e+00 7.107322e-24 3.376474e-24 1.048380e-23 
2.566000e+00 7.092239e-24 3.370291e-24 1.046253e-23 
2.568000e+00 7.081855e-24 3.365603e-24 1.044746e-23 
2.570000e+00 7.073646e-24 3.359674e-24 1.043332e-23 
2.572000e+00 7.061672e-24 3.355204e-24 1.041688e-23 
2.574000e+00 7.047351e-24 3.353525e-24 1.040088e-23 
2.576000e+00 7.036242e-24 3.347985e-24 1.038423e-23 
2.578000e+00 7.021289e-24 3.344050e-24 1.036534e-23 
2.580000e+00 7.015891e-24 3.338593e-24 1.035448e-23 
2.582000e+00 7.002903e-24 3.332207e-24 1.033511e-23 
2.584000e+00 6.986559e-24 3.327295e-24 1.031385e-23 
2.586000e+00 6.982997e-24 3.320413e-24 1.030341e-23 
2.588000e+00 6.969160e-24 3.314928e-24 1.028409e-23 
2.590000e+00 6.955126e-24 3.309799e-24 1.026492e-23 
2.592000e+00 6.951228e-24 3.306001e-24 1.025723e-23 
2.594000e+00 6.937142e-24 3.300022e-24 1.023716e-23 
2.596000e+00 6.930285e-24 3.294200e-24 1.022448e-23 
2.598000e+00 6.917488e-24 3.295251e-24 1.021274e-23 
2.600000e+00 6.901935e-24 3.287597e-24 1.018953e-23 
2.602000e+00 6.898349e-24 3.281732e-24 1.018008e-23 
2.604000e+00 6.888168e-24 3.277932e-24 1.016610e-23 
2.606000e+00 6.876354e-24 3.270579e-24 1.014693e-23 
2.608000e+00 6.862940e-24 3.265746e-24 1.012869e-23 
2.610000e+00 6.857967e-24 3.259868e-24 1.011784e-23 
2.612000e+00 6.850903e-24 3.253145e-24 1.010405e-23 
2.614000e+00 6.839276e-24 3.248243e-24 1.008752e-23 
2.616000e+00 6.823151e-24 3.242082e-24 1.006523e-23 
2.618000e+00 6.818252e-24 3.241670e-24 1.005992e-23 
2.620000e+00 6.805771e-24 3.237020e-24 1.004279e-23 
2.622000e+00 6.799906e-24 3.231768e-24 1.003167e-23 
2.624000e+00 6.783900e-24 3.224928e-24 1.000883e-23 
2.626000e+00 6.771870e-24 3.219739e-24 9.991609e-24 
2.628000e+00 6.764607e-24 3.213454e-24 9.978061e-24 
2.630000e+00 6.750197e-24 3.207180e-24 9.957377e-24 
2.632000e+00 6.745504e-24 3.202003e-24 9.947507e-24 
2.634000e+00 6.729503e-24 3.201712e-24 9.931215e-24 
2.636000e+00 6.716273e-24 3.196615e-24 9.912888e-24 
2.638000e+00 6.712877e-24 3.190948e-24 9.903825e-24 
2.640000e+00 6.702347e-24 3.185839e-24 9.888186e-24 
2.642000e+00 6.688248e-24 3.180685e-24 9.868934e-24 
2.644000e+00 6.683568e-24 3.179021e-24 9.862588e-24 
2.646000e+00 6.669089e-24 3.173237e-24 9.842325e-24 
2.648000e+00 6.660564e-24 3.164468e-24 9.825032e-24 
2.650000e+00 6.657265e-24 3.160691e-24 9.817956e-24 
2.652000e+00 6.641553e-24 3.154955e-24 9.796507e-24 
2.654000e+00 6.638334e-24 3.153888e-24 9.792222e-24 
2.656000e+00 6.621990e-24 3.148667e-24 9.770657e-24 
2.658000e+00 6.613844e-24 3.142637e-24 9.756481e-24 
2.660000e+00 6.598421e-24 3.136046e-24 9.734467e-24 
2.662000e+00 6.593358e-24 3.130050e-24 9.723408e-24 
2.664000e+00 6.580638e-24 3.131007e-24 9.711645e-24 
2.666000e+00 6.573341e-24 3.123008e-24 9.696349e-24 
2.668000e+00 6.558425e-24 3.117915e-24 9.676340e-24 
2.670000e+00 6.553480e-24 3.113369e-24 9.666849e-24 
2.672000e+00 6.538913e-24 3.106857e-24 9.645770e-24 
2.674000e+00 6.531161e-24 3.106606e-24 9.637768e-24 
2.676000e+00 6.514871e-24 3.099418e-24 9.614289e-24 
2.678000e+00 6.511106e-24 3.093492e-24 9.604598e-24 
2.680000e+00 6.502917e-24 3.085845e-24 9.588762e-24 
2.682000e+00 6.486195e-24 3.081829e-24 9.568024e-24 
2.684000e+00 6.482717e-24 3.080462e-24 9.563179e-24 
2.686000e+00 6.474123e-24 3.076690e-24 9.550813e-24 
2.688000e+00 6.459620e-24 3.068552e-24 9.528171e-24 
2.690000e+00 6.454245e-24 3.061859e-24 9.516104e-24 
2.692000e+00 6.439109e-24 3.060599e-24 9.499709e-24 
2.694000e+00 6.431436e-24 3.056178e-24 9.487614e-24 
2.696000e+00 6.426008e-24 3.051162e-24 9.477171e-24 
2.698000e+00 6.411882e-24 3.049623e-24 9.461506e-24 
2.700000e+00 6.403238e-24 3.041983e-24 9.445221e-24 
2.702000e+00 6.394224e-24 3.036036e-24 9.430260e-24 
2.704000e+00 6.384271e-24 3.035831e-24 9.420102e-24 
2.706000e+00 6.373920e-24 3.028913e-24 9.402833e-24 
2.708000e+00 6.367465e-24 3.024361e-24 9.391826e-24 
2.710000e+00 6.361475e-24 3.022364e-24 9.383839e-24 
2.712000e+00 6.347851e-24 3.016445e-24 9.364297e-24 
2.714000e+00 6.338172e-24 3.010999e-24 9.349171e-24 
2.716000e+00 6.330801e-24 3.010964e-24 9.341765e-24 
2.718000e+00 6.324499e-24 3.003690e-24 9.328189e-24 
2.720000e+00 6.315848e-24 2.996583e-24 9.312431e-24 
2.722000e+00 6.301947e-24 2.995819e-24 9.297767e-24 
2.724000e+00 6.294932e-24 2.989418e-24 9.284350e-24 
2.726000e+00 6.289270e-24 2.983520e-24 9.272790e-24 
2.728000e+00 6.272703e-24 2.981462e-24 9.254165e-24 
2.730000e+00 6.264709e-24 2.976115e-24 9.240824e-24 
2.732000e+00 6.257357e-24 2.968870e-24 9.226227e-24 
2.734000e+00 6.251873e-24 2.968115e-24 9.219988e-24 
2.736000e+00 6.235886e-24 2.962749e-24 9.198635e-24 
2.738000e+00 6.226630e-24 2.956172e-24 9.182802e-24 
2.740000e+00 6.218354e-24 2.955619e-24 9.173973e-24 
2.742000e+00 6.214810e-24 2.948336e-24 9.163147e-24 
2.744000e+00 6.206803e-24 2.943215e-24 9.150017e-24 
2.746000e+00 6.190917e-24 2.942153e-24 9.133071e-24 
2.748000e+00 6.183309e-24 2.935474e-24 9.118783e-24 
2.750000e+00 6.176211e-24 2.927923e-24 9.104134e-24 
2.752000e+00 6.160500e-24 2.926950e-24 9.087451e-24 
2.754000e+00 6.153053e-24 2.921375e-24 9.074428e-24 
2.756000e+00 6.144212e-24 2.920259e-24 9.064471e-24 
2.758000e+00 6.138219e-24 2.914805e-24 9.053025e-24 
2.760000e+00 6.132517e-24 2.907092e-24 9.039609e-24 
2.762000e+00 6.114852e-24 2.906743e-24 9.021595e-24 
2.764000e+00 6.107458e-24 2.901450e-24 9.008907e-24 
2.766000e+00 6.099373e-24 2.897951e-24 8.997324e-24 
2.768000e+00 6.094400e-24 2.892661e-24 8.987061e-24 
2.770000e+00 6.084171e-24 2.890606e-24 8.974777e-24 
2.772000e+00 6.075795e-24 2.884936e-24 8.960732e-24 
2.774000e+00 6.068460e-24 2.876614e-24 8.945073e-24 
2.776000e+00 6.052556e-24 2.876947e-24 8.929502e-24 
2.778000e+00 6.045392e-24 2.870043e-24 8.915435e-24 
2.780000e+00 6.040876e-24 2.869055e-24 8.909930e-24 
2.782000e+00 6.033156e-24 2.861572e-24 8.894728e-24 
2.784000e+00 6.022276e-24 2.861982e-24 8.884258e-24 
2.786000e+00 6.015575e-24 2.854489e-24 8.870065e-24 
2.788000e+00 6.006414e-24 2.854209e-24 8.860623e-24 
2.790000e+00 5.999799e-24 2.848108e-24 8.847907e-24 
2.792000e+00 5.983386e-24 2.839136e-24 8.822522e-24 
2.794000e+00 5.979615e-24 2.838014e-24 8.817629e-24 
2.796000e+00 5.968863e-24 2.833517e-24 8.802380e-24 
2.798000e+00 5.961215e-24 2.832751e-24 8.793966e-24 
2.800000e+00 5.952323e-24 2.825122e-24 8.777446e-24 
2.802000e+00 5.946016e-24 2.824345e-24 8.770361e-24 
2.804000e+00 5.937907e-24 2.816982e-24 8.754890e-24 
2.806000e+00 5.930251e-24 2.815876e-24 8.746128e-24 
2.808000e+00 5.922209e-24 2.810062e-24 8.732272e-24 
2.810000e+00 5.907415e-24 2.800537e-24 8.707952e-24 
2.812000e+00 5.901489e-24 2.801620e-24 8.703109e-24 
2.814000e+00 5.891206e-24 2.793372e-24 8.684578e-24 
2.816000e+00 5.884591e-24 2.795500e-24 8.680091e-24 
2.818000e+00 5.874953e-24 2.787179e-24 8.662132e-24 
2.820000e+00 5.867168e-24 2.784813e-24 8.651981e-24 
2.822000e+00 5.857605e-24 2.780579e-24 8.638184e-24 
2.824000e+00 5.849840e-24 2.776733e-24 8.626573e-24 
2.826000e+00 5.843881e-24 2.771274e-24 8.615155e-24 
2.828000e+00 5.830383e-24 2.770233e-24 8.600616e-24 
2.830000e+00 5.817863e-24 2.763840e-24 8.581704e-24 
2.832000e+00 5.808856e-24 2.761606e-24 8.570462e-24 
2.834000e+00 5.801867e-24 2.755414e-24 8.557282e-24 
2.836000e+00 5.792623e-24 2.753180e-24 8.545803e-24 
2.838000e+00 5.786141e-24 2.752216e-24 8.538358e-24 
2.840000e+00 5.774603e-24 2.745010e-24 8.519613e-24 
2.842000e+00 5.771654e-24 2.744237e-24 8.515891e-24 
2.844000e+00 5.759379e-24 2.735739e-24 8.495118e-24 
2.846000e+00 5.750403e-24 2.735340e-24 8.485743e-24 
2.848000e+00 5.744812e-24 2.728037e-24 8.472849e-24 
2.850000e+00 5.736099e-24 2.727038e-24 8.463137e-24 
2.852000e+00 5.735479e-24 2.720749e-24 8.456228e-24 
2.854000e+00 5.717340e-24 2.717345e-24 8.434686e-24 
2.856000e+00 5.710356e-24 2.711599e-24 8.421955e-24 
2.858000e+00 5.702039e-24 2.710076e-24 8.412115e-24 
2.860000e+00 5.692978e-24 2.703386e-24 8.396364e-24 
2.862000e+00 5.687436e-24 2.701943e-24 8.389378e-24 
2.864000e+00 5.674863e-24 2.700525e-24 8.375388e-24 
2.866000e+00 5.666960e-24 2.693597e-24 8.360557e-24 
2.868000e+00 5.658113e-24 2.689999e-24 8.348112e-24 
2.870000e+00 5.650570e-24 2.684024e-24 8.334594e-24 
2.872000e+00 5.641105e-24 2.683088e-24 8.324193e-24 
2.874000e+00 5.639733e-24 2.675799e-24 8.315532e-24 
2.876000e+00 5.634187e-24 2.673484e-24 8.307671e-24 
2.878000e+00 5.625747e-24 2.667717e-24 8.293465e-24 
2.880000e+00 5.617666e-24 2.666424e-24 8.284089e-24 
2.882000e+00 5.611499e-24 2.658498e-24 8.269997e-24 
2.884000e+00 5.601143e-24 2.658045e-24 8.259189e-24 
2.886000e+00 5.592016e-24 2.656792e-24 8.248808e-24 
2.888000e+00 5.585278e-24 2.649816e-24 8.235094e-24 
2.890000e+00 5.573922e-24 2.650373e-24 8.224295e-24 
2.892000e+00 5.567443e-24 2.647384e-24 8.214826e-24 
2.894000e+00 5.564961e-24 2.640258e-24 8.205219e-24 
2.896000e+00 5.558860e-24 2.637926e-24 8.196786e-24 
2.898000e+00 5.549103e-24 2.636516e-24 8.185619e-24 
2.900000e+00 5.542206e-24 2.629224e-24 8.171430e-24 
2.902000e+00 5.531824e-24 2.627723e-24 8.159546e-24 
2.904000e+00 5.521673e-24 2.625473e-24 8.147147e-24 
2.906000e+00 5.513721e-24 2.619394e-24 8.133115e-24 
2.908000e+00 5.504477e-24 2.617098e-24 8.121575e-24 
2.910000e+00 5.500742e-24 2.610736e-24 8.111478e-24 
2.912000e+00 5.492261e-24 2.607365e-24 8.099626e-24 
2.914000e+00 5.485363e-24 2.606150e-24 8.091513e-24 
2.916000e+00 5.477419e-24 2.598684e-24 8.076104e-24 
2.918000e+00 5.467844e-24 2.596845e-24 8.064689e-24 
2.920000e+00 5.460460e-24 2.596492e-24 8.056952e-24 
2.922000e+00 5.447526e-24 2.586946e-24 8.034472e-24 
2.924000e+00 5.440467e-24 2.585573e-24 8.026040e-24 
2.926000e+00 5.437994e-24 2.584244e-24 8.022238e-24 
2.928000e+00 5.430735e-24 2.578169e-24 8.008904e-24 
2.930000e+00 5.419685e-24 2.575870e-24 7.995555e-24 
2.932000e+00 5.413628e-24 2.572874e-24 7.986502e-24 
2.934000e+00 5.404726e-24 2.566087e-24 7.970813e-24 
2.936000e+00 5.397748e-24 2.564259e-24 7.962007e-24 
2.938000e+00 5.386944e-24 2.562976e-24 7.949920e-24 
2.940000e+00 5.386194e-24 2.553488e-24 7.939683e-24 
2.942000e+00 5.371170e-24 2.552674e-24 7.923843e-24 
2.944000e+00 5.369580e-24 2.553517e-24 7.923097e-24 
2.946000e+00 5.356268e-24 2.544914e-24 7.901182e-24 
2.948000e+00 5.347912e-24 2.543590e-24 7.891502e-24 
2.950000e+00 5.341750e-24 2.541681e-24 7.883431e-24 
2.952000e+00 5.331851e-24 2.533175e-24 7.865025e-24 
2.954000e+00 5.329821e-24 2.534076e-24 7.863897e-24 
2.956000e+00 5.321299e-24 2.530174e-24 7.851473e-24 
2.958000e+00 5.312862e-24 2.528804e-24 7.841666e-24 
2.960000e+00 5.303831e-24 2.521660e-24 7.825491e-24 
2.962000e+00 5.304033e-24 2.518075e-24 7.822109e-24 
2.964000e+00 5.291848e-24 2.517356e-24 7.809205e-24 
2.966000e+00 5.285444e-24 2.510753e-24 7.796197e-24 
2.968000e+00 5.283079e-24 2.509138e-24 7.792217e-24 
2.970000e+00 5.273753e-24 2.507752e-24 7.781505e-24 
2.972000e+00 5.263466e-24 2.503926e-24 7.767392e-24 
2.974000e+00 5.252520e-24 2.495547e-24 7.748067e-24 
2.976000e+00 5.246051e-24 2.494402e-24 7.740453e-24 
2.978000e+00 5.243466e-24 2.492873e-24 7.736339e-24 
2.980000e+00 5.234511e-24 2.486854e-24 7.721365e-24 
2.982000e+00 5.223121e-24 2.484688e-24 7.707809e-24 
2.984000e+00 5.213994e-24 2.480441e-24 7.694434e-24 
2.986000e+00 5.213805e-24 2.479264e-24 7.693070e-24 
2.988000e+00 5.206079e-24 2.472474e-24 7.678552e-24 
2.990000e+00 5.195624e-24 2.471525e-24 7.667149e-24 
2.992000e+00 5.193166e-24 2.467152e-24 7.660318e-24 
2.994000e+00 5.184053e-24 2.460335e-24 7.644388e-24 
2.996000e+00 5.181899e-24 2.458545e-24 7.640443e-24 
2.998000e+00 5.171980e-24 2.455990e-24 7.627970e-24 
