1.000000e-01 1.792298e-22 2.132399e-22 3.924697e-22 
1.020000e-01 1.786951e-22 2.118039e-22 3.904989e-22 
1.040000e-01 1.776593e-22 2.101236e-22 3.877829e-22 
1.060000e-01 1.761739e-22 2.086374e-22 3.848114e-22 
1.080000e-01 1.741801e-22 2.070330e-22 3.812131e-22 
1.100000e-01 1.714900e-22 2.053230e-22 3.768130e-22 
1.120000e-01 1.676720e-22 2.037395e-22 3.714114e-22 
1.140000e-01 1.613982e-22 2.020233e-22 3.634215e-22 
1.160000e-01 1.440305e-22 2.001920e-22 3.442225e-22 
1.180000e-01 1.612085e-22 1.985454e-22 3.597538e-22 
1.200000e-01 1.673741e-22 1.968212e-22 3.641952e-22 
1.220000e-01 1.703841e-22 1.949498e-22 3.653339e-22 
1.240000e-01 1.722826e-22 1.931863e-22 3.654689e-22 
1.260000e-01 1.736250e-22 1.913479e-22 3.649729e-22 
1.280000e-01 1.745958e-22 1.894781e-22 3.640739e-22 
1.300000e-01 1.752793e-22 1.875956e-22 3.628749e-22 
1.320000e-01 1.757948e-22 1.856806e-22 3.614754e-22 
1.340000e-01 1.761671e-22 1.837131e-22 3.598802e-22 
1.360000e-01 1.764121e-22 1.817498e-22 3.581619e-22 
1.380000e-01 1.765486e-22 1.797041e-22 3.562527e-22 
1.400000e-01 1.765997e-22 1.777106e-22 3.543103e-22 
1.420000e-01 1.765905e-22 1.756009e-22 3.521914e-22 
1.440000e-01 1.765005e-22 1.734944e-22 3.499948e-22 
1.460000e-01 1.763390e-22 1.713451e-22 3.476841e-22 
1.480000e-01 1.761076e-22 1.692055e-22 3.453130e-22 
1.500000e-01 1.758268e-22 1.670248e-22 3.428516e-22 
1.520000e-01 1.754878e-22 1.647754e-22 3.402633e-22 
1.540000e-01 1.750608e-22 1.625987e-22 3.376595e-22 
1.560000e-01 1.745539e-22 1.603521e-22 3.349061e-22 
1.580000e-01 1.739459e-22 1.580200e-22 3.319658e-22 
1.600000e-01 1.732381e-22 1.557821e-22 3.290202e-22 
1.620000e-01 1.723727e-22 1.534364e-22 3.258090e-22 
1.640000e-01 1.711627e-22 1.495042e-22 3.206669e-22 
1.660000e-01 1.691592e-22 1.487026e-22 3.178618e-22 
1.680000e-01 1.640468e-22 1.463990e-22 3.104458e-22 
1.700000e-01 1.663596e-22 1.441104e-22 3.104700e-22 
1.720000e-01 1.683785e-22 1.417838e-22 3.101624e-22 
1.740000e-01 1.692325e-22 1.394193e-22 3.086518e-22 
1.760000e-01 1.697176e-22 1.370598e-22 3.067774e-22 
1.780000e-01 1.700409e-22 1.346933e-22 3.047342e-22 
1.800000e-01 1.702726e-22 1.323103e-22 3.025829e-22 
1.820000e-01 1.704410e-22 1.299149e-22 3.003559e-22 
1.840000e-01 1.705803e-22 1.275197e-22 2.981000e-22 
1.860000e-01 1.706944e-22 1.251306e-22 2.958250e-22 
1.880000e-01 1.708027e-22 1.226926e-22 2.934953e-22 
1.900000e-01 1.709101e-22 1.202793e-22 2.911893e-22 
1.920000e-01 1.710761e-22 1.178571e-22 2.889332e-22 
1.940000e-01 1.713859e-22 1.154690e-22 2.868548e-22 
1.960000e-01 1.719611e-22 1.130492e-22 2.850104e-22 
1.980000e-01 1.735915e-22 1.106544e-22 2.842459e-22 
2.000000e-01 1.764667e-22 1.082560e-22 2.847228e-22 
2.020000e-01 1.735272e-22 1.058955e-22 2.794227e-22 
2.040000e-01 1.722373e-22 1.035486e-22 2.757859e-22 
2.060000e-01 1.712936e-22 1.011132e-22 2.724067e-22 
2.080000e-01 1.704998e-22 9.870613e-23 2.692059e-22 
2.100000e-01 1.697779e-22 9.629453e-23 2.660724e-22 
2.120000e-01 1.691007e-22 9.381934e-23 2.629200e-22 
2.140000e-01 1.684683e-22 9.132557e-23 2.597939e-22 
2.160000e-01 1.678552e-22 8.881575e-23 2.566709e-22 
2.180000e-01 1.672498e-22 8.623786e-23 2.534877e-22 
2.200000e-01 1.621948e-22 8.377370e-23 2.459685e-22 
2.220000e-01 1.661563e-22 8.131631e-23 2.474726e-22 
2.240000e-01 1.655829e-22 7.885671e-23 2.444396e-22 
2.260000e-01 1.650043e-22 7.636463e-23 2.413689e-22 
2.280000e-01 1.643972e-22 7.376362e-23 2.381608e-22 
2.300000e-01 1.637978e-22 7.121140e-23 2.350092e-22 
2.320000e-01 1.632093e-22 6.859772e-23 2.318070e-22 
2.340000e-01 1.626036e-22 6.592962e-23 2.285332e-22 
2.360000e-01 1.619945e-22 6.325893e-23 2.252534e-22 
2.380000e-01 1.613843e-22 6.054504e-23 2.219293e-22 
2.400000e-01 1.607511e-22 5.830800e-23 2.190591e-22 
2.420000e-01 1.601420e-22 5.653310e-23 2.166751e-22 
2.440000e-01 1.595218e-22 5.483935e-23 2.143612e-22 
2.460000e-01 1.589245e-22 5.268796e-23 2.116124e-22 
2.480000e-01 1.583316e-22 5.019071e-23 2.085223e-22 
2.500000e-01 1.511737e-22 4.731999e-23 1.984937e-22 
2.520000e-01 1.571567e-22 4.387864e-23 2.010353e-22 
2.540000e-01 1.565600e-22 4.016088e-23 1.967209e-22 
2.560000e-01 1.559682e-22 3.622087e-23 1.921890e-22 
2.580000e-01 1.553663e-22 3.189488e-23 1.872612e-22 
2.600000e-01 1.547695e-22 2.664475e-23 1.814142e-22 
2.620000e-01 1.541633e-22 2.066683e-23 1.748301e-22 
2.640000e-01 1.535545e-22 1.404854e-23 1.676031e-22 
2.660000e-01 1.529529e-22 8.193382e-24 1.611463e-22 
2.680000e-01 1.523425e-22 3.554649e-24 1.558971e-22 
2.700000e-01 1.517501e-22 7.363543e-25 1.524864e-22 
2.720000e-01 1.511495e-22 6.223083e-25 1.517718e-22 
2.740000e-01 1.505723e-22 3.888400e-24 1.544607e-22 
2.760000e-01 1.499938e-22 1.133509e-23 1.613289e-22 
2.780000e-01 1.494312e-22 1.998298e-23 1.694142e-22 
2.800000e-01 1.488559e-22 4.194314e-23 1.907991e-22 
2.820000e-01 1.482605e-22 5.054361e-23 1.988041e-22 
2.840000e-01 1.476595e-22 4.773353e-23 1.953931e-22 
2.860000e-01 1.470631e-22 4.498763e-23 1.920508e-22 
2.880000e-01 1.464476e-22 4.344401e-23 1.898916e-22 
2.900000e-01 1.458369e-22 4.304777e-23 1.888847e-22 
2.920000e-01 1.452067e-22 4.358962e-23 1.887963e-22 
2.940000e-01 1.445875e-22 4.494405e-23 1.895315e-22 
2.960000e-01 1.439501e-22 4.671800e-23 1.906681e-22 
2.980000e-01 1.433243e-22 4.888378e-23 1.922081e-22 
3.000000e-01 1.426876e-22 5.095330e-23 1.936409e-22 
3.020000e-01 1.420523e-22 5.262254e-23 1.946749e-22 
3.040000e-01 1.414012e-22 5.390751e-23 1.953087e-22 
3.060000e-01 1.407570e-22 5.498253e-23 1.957395e-22 
3.080000e-01 1.400989e-22 5.605337e-23 1.961522e-22 
3.100000e-01 1.394469e-22 5.678779e-23 1.962347e-22 
3.120000e-01 1.387780e-22 5.743351e-23 1.962115e-22 
3.140000e-01 1.381178e-22 5.776192e-23 1.958797e-22 
3.160000e-01 1.374461e-22 5.787113e-23 1.953172e-22 
3.180000e-01 1.367782e-22 5.770941e-23 1.944876e-22 
3.200000e-01 1.361025e-22 5.769981e-23 1.938023e-22 
3.220000e-01 1.354253e-22 5.777932e-23 1.932046e-22 
3.240000e-01 1.347564e-22 5.811182e-23 1.928682e-22 
3.260000e-01 1.340709e-22 5.851876e-23 1.925896e-22 
3.280000e-01 1.333997e-22 5.885966e-23 1.922593e-22 
3.300000e-01 1.327177e-22 5.920947e-23 1.919271e-22 
3.320000e-01 1.320511e-22 5.949798e-23 1.915491e-22 
3.340000e-01 1.313865e-22 5.978758e-23 1.911741e-22 
3.360000e-01 1.307285e-22 6.000421e-23 1.907327e-22 
3.380000e-01 1.300711e-22 6.021486e-23 1.902860e-22 
3.400000e-01 1.294061e-22 6.037684e-23 1.897830e-22 
3.420000e-01 1.287441e-22 6.055217e-23 1.892963e-22 
3.440000e-01 1.280619e-22 6.074668e-23 1.888086e-22 
3.460000e-01 1.273837e-22 6.093907e-23 1.883227e-22 
3.480000e-01 1.266978e-22 6.110518e-23 1.878030e-22 
3.500000e-01 1.260060e-22 6.126419e-23 1.872702e-22 
3.520000e-01 1.253122e-22 6.139220e-23 1.867044e-22 
3.540000e-01 1.246091e-22 6.151631e-23 1.861254e-22 
3.560000e-01 1.239204e-22 6.162283e-23 1.855432e-22 
3.580000e-01 1.232168e-22 6.172502e-23 1.849418e-22 
3.600000e-01 1.225196e-22 6.179069e-23 1.843103e-22 
3.620000e-01 1.218279e-22 6.185912e-23 1.836870e-22 
3.640000e-01 1.211312e-22 6.192832e-23 1.830595e-22 
3.660000e-01 1.204406e-22 6.200071e-23 1.824413e-22 
3.680000e-01 1.197396e-22 6.204255e-23 1.817821e-22 
3.700000e-01 1.190447e-22 6.208738e-23 1.811321e-22 
3.720000e-01 1.183427e-22 6.212725e-23 1.804700e-22 
3.740000e-01 1.176306e-22 6.217042e-23 1.798010e-22 
3.760000e-01 1.169207e-22 6.218622e-23 1.791070e-22 
3.780000e-01 1.161987e-22 6.219578e-23 1.783945e-22 
3.800000e-01 1.154704e-22 6.218169e-23 1.776521e-22 
3.820000e-01 1.147445e-22 6.215519e-23 1.768997e-22 
3.840000e-01 1.139957e-22 6.212656e-23 1.761223e-22 
3.860000e-01 1.132590e-22 6.209955e-23 1.753585e-22 
3.880000e-01 1.125212e-22 6.207035e-23 1.745915e-22 
3.900000e-01 1.117829e-22 6.203518e-23 1.738181e-22 
3.920000e-01 1.110494e-22 6.200040e-23 1.730498e-22 
3.940000e-01 1.103174e-22 6.196495e-23 1.722824e-22 
3.960000e-01 1.095900e-22 6.193046e-23 1.715205e-22 
3.980000e-01 1.088673e-22 6.188681e-23 1.707541e-22 
4.000000e-01 1.081376e-22 6.183481e-23 1.699724e-22 
4.020000e-01 1.074157e-22 6.177457e-23 1.691903e-22 
4.040000e-01 1.066964e-22 6.169550e-23 1.683919e-22 
4.060000e-01 1.059667e-22 6.161780e-23 1.675845e-22 
4.080000e-01 1.052398e-22 6.154442e-23 1.667842e-22 
4.100000e-01 1.045086e-22 6.146997e-23 1.659785e-22 
4.120000e-01 1.037740e-22 6.138953e-23 1.651635e-22 
4.140000e-01 1.030502e-22 6.130613e-23 1.643564e-22 
4.160000e-01 1.023156e-22 6.122182e-23 1.635374e-22 
4.180000e-01 1.015752e-22 6.113838e-23 1.627136e-22 
4.200000e-01 1.008508e-22 6.105452e-23 1.619053e-22 
4.220000e-01 1.001154e-22 6.096440e-23 1.610798e-22 
4.240000e-01 9.937582e-23 6.087552e-23 1.602513e-22 
4.260000e-01 9.864415e-23 6.077796e-23 1.594221e-22 
4.280000e-01 9.790830e-23 6.067540e-23 1.585837e-22 
4.300000e-01 9.717300e-23 6.056830e-23 1.577413e-22 
4.320000e-01 9.643843e-23 6.046039e-23 1.568988e-22 
4.340000e-01 9.569908e-23 6.035170e-23 1.560508e-22 
4.360000e-01 9.496219e-23 6.024788e-23 1.552101e-22 
4.380000e-01 9.422414e-23 6.014782e-23 1.543720e-22 
4.400000e-01 9.347983e-23 6.004439e-23 1.535242e-22 
4.420000e-01 9.274065e-23 5.991791e-23 1.526586e-22 
4.440000e-01 9.200498e-23 5.979006e-23 1.517950e-22 
4.460000e-01 9.125995e-23 5.966443e-23 1.509244e-22 
4.480000e-01 9.051589e-23 5.953956e-23 1.500554e-22 
4.500000e-01 8.976977e-23 5.941153e-23 1.491813e-22 
4.520000e-01 8.902452e-23 5.925575e-23 1.482803e-22 
4.540000e-01 8.827559e-23 5.909594e-23 1.473715e-22 
4.560000e-01 8.753186e-23 5.893729e-23 1.464691e-22 
4.580000e-01 8.678663e-23 5.878241e-23 1.455690e-22 
4.600000e-01 8.603215e-23 5.862709e-23 1.446592e-22 
4.620000e-01 8.528599e-23 5.847078e-23 1.437568e-22 
4.640000e-01 8.453512e-23 5.831761e-23 1.428527e-22 
4.660000e-01 8.377344e-23 5.816155e-23 1.419350e-22 
4.680000e-01 8.301992e-23 5.801048e-23 1.410304e-22 
4.700000e-01 8.226240e-23 5.785784e-23 1.401202e-22 
4.720000e-01 8.149273e-23 5.769914e-23 1.391919e-22 
4.740000e-01 8.072240e-23 5.752615e-23 1.382485e-22 
4.760000e-01 7.995248e-23 5.735110e-23 1.373036e-22 
4.780000e-01 7.917486e-23 5.717308e-23 1.363479e-22 
4.800000e-01 7.838926e-23 5.699286e-23 1.353821e-22 
4.820000e-01 7.760217e-23 5.680840e-23 1.344106e-22 
4.840000e-01 7.680795e-23 5.662691e-23 1.334349e-22 
4.860000e-01 7.600591e-23 5.643960e-23 1.324455e-22 
4.880000e-01 7.519722e-23 5.625584e-23 1.314531e-22 
4.900000e-01 7.438052e-23 5.605431e-23 1.304348e-22 
4.920000e-01 7.355778e-23 5.585679e-23 1.294146e-22 
4.940000e-01 7.272390e-23 5.565914e-23 1.283830e-22 
4.960000e-01 7.188312e-23 5.546347e-23 1.273466e-22 
4.980000e-01 7.102574e-23 5.526693e-23 1.262927e-22 
5.000000e-01 7.014880e-23 5.506747e-23 1.252163e-22 
5.020000e-01 6.926752e-23 5.487519e-23 1.241427e-22 
5.040000e-01 6.836838e-23 5.468204e-23 1.230504e-22 
5.060000e-01 6.745185e-23 5.448806e-23 1.219399e-22 
5.080000e-01 6.651378e-23 5.429761e-23 1.208114e-22 
5.100000e-01 6.555217e-23 5.410518e-23 1.196574e-22 
5.120000e-01 6.456311e-23 5.391772e-23 1.184808e-22 
5.140000e-01 6.354482e-23 5.372880e-23 1.172736e-22 
5.160000e-01 6.249757e-23 5.353953e-23 1.160371e-22 
5.180000e-01 6.140796e-23 5.335788e-23 1.147658e-22 
5.200000e-01 6.026296e-23 5.317931e-23 1.134423e-22 
5.220000e-01 5.906646e-23 5.299924e-23 1.120657e-22 
5.240000e-01 5.780363e-23 5.281235e-23 1.106160e-22 
5.260000e-01 5.645518e-23 5.261988e-23 1.090751e-22 
5.280000e-01 5.500458e-23 5.242410e-23 1.074287e-22 
5.300000e-01 5.343558e-23 5.223050e-23 1.056661e-22 
5.320000e-01 5.170459e-23 5.204079e-23 1.037454e-22 
5.340000e-01 4.967962e-23 5.184628e-23 1.015259e-22 
5.360000e-01 4.725836e-23 5.164583e-23 9.890419e-23 
5.380000e-01 4.396843e-23 5.143424e-23 9.540267e-23 
5.400000e-01 3.936778e-23 5.122297e-23 9.059075e-23 
5.420000e-01 3.435287e-23 5.101847e-23 8.537135e-23 
5.440000e-01 3.130751e-23 5.083099e-23 8.213850e-23 
5.460000e-01 3.209028e-23 5.064370e-23 8.273397e-23 
5.480000e-01 3.576858e-23 5.045035e-23 8.621893e-23 
5.500000e-01 3.953341e-23 5.024597e-23 8.977938e-23 
5.520000e-01 4.237710e-23 5.004396e-23 9.242107e-23 
5.540000e-01 4.409097e-23 4.984432e-23 9.393528e-23 
5.560000e-01 4.536737e-23 4.966096e-23 9.502833e-23 
5.580000e-01 4.633443e-23 4.947341e-23 9.580784e-23 
5.600000e-01 4.713579e-23 4.928607e-23 9.642185e-23 
5.620000e-01 4.781103e-23 4.901852e-23 9.682955e-23 
5.640000e-01 4.838072e-23 4.889506e-23 9.727579e-23 
5.660000e-01 4.886761e-23 4.869893e-23 9.756654e-23 
5.680000e-01 4.927495e-23 4.850188e-23 9.777683e-23 
5.700000e-01 4.962154e-23 4.830574e-23 9.792728e-23 
5.720000e-01 4.991302e-23 4.810789e-23 9.802091e-23 
5.740000e-01 5.016592e-23 4.790801e-23 9.807393e-23 
5.760000e-01 5.038721e-23 4.771252e-23 9.809974e-23 
5.780000e-01 5.056637e-23 4.752173e-23 9.808810e-23 
5.800000e-01 5.070979e-23 4.732426e-23 9.803405e-23 
5.820000e-01 5.083108e-23 4.713966e-23 9.797075e-23 
5.840000e-01 5.093273e-23 4.695245e-23 9.788518e-23 
5.860000e-01 5.101170e-23 4.676813e-23 9.777983e-23 
5.880000e-01 5.105736e-23 4.657867e-23 9.763603e-23 
5.900000e-01 5.109091e-23 4.638923e-23 9.748015e-23 
5.920000e-01 5.110952e-23 4.619946e-23 9.730898e-23 
5.940000e-01 5.111122e-23 4.600655e-23 9.711778e-23 
5.960000e-01 5.109252e-23 4.582135e-23 9.691387e-23 
5.980000e-01 5.106075e-23 4.563633e-23 9.669708e-23 
6.000000e-01 5.101883e-23 4.544531e-23 9.646414e-23 
6.020000e-01 5.096791e-23 4.524490e-23 9.621281e-23 
6.040000e-01 5.089833e-23 4.503678e-23 9.593512e-23 
6.060000e-01 5.081826e-23 4.483120e-23 9.564946e-23 
6.080000e-01 5.073180e-23 4.464048e-23 9.537228e-23 
6.100000e-01 5.063467e-23 4.447418e-23 9.510885e-23 
6.120000e-01 5.052996e-23 4.430522e-23 9.483518e-23 
6.140000e-01 5.040734e-23 4.413418e-23 9.454152e-23 
6.160000e-01 5.028479e-23 4.394459e-23 9.422938e-23 
6.180000e-01 5.015290e-23 4.375507e-23 9.390797e-23 
6.200000e-01 5.001027e-23 4.356193e-23 9.357220e-23 
6.220000e-01 4.985852e-23 4.337288e-23 9.323140e-23 
6.240000e-01 4.969901e-23 4.319575e-23 9.289477e-23 
6.260000e-01 4.954005e-23 4.301689e-23 9.255694e-23 
6.280000e-01 4.936691e-23 4.283789e-23 9.220480e-23 
6.300000e-01 4.918646e-23 4.265336e-23 9.183982e-23 
6.320000e-01 4.900064e-23 4.246036e-23 9.146100e-23 
6.340000e-01 4.881176e-23 4.226620e-23 9.107796e-23 
6.360000e-01 4.861231e-23 4.207286e-23 9.068517e-23 
6.380000e-01 4.840294e-23 4.189389e-23 9.029683e-23 
6.400000e-01 4.818597e-23 4.170890e-23 8.989487e-23 
6.420000e-01 4.796052e-23 4.152721e-23 8.948773e-23 
6.440000e-01 4.773080e-23 4.135441e-23 8.908521e-23 
6.460000e-01 4.749242e-23 4.119938e-23 8.869180e-23 
6.480000e-01 4.724335e-23 4.104173e-23 8.828507e-23 
6.500000e-01 4.698079e-23 4.088540e-23 8.786618e-23 
6.520000e-01 4.671283e-23 4.070726e-23 8.742009e-23 
6.540000e-01 4.643610e-23 4.051649e-23 8.695260e-23 
6.560000e-01 4.614471e-23 3.990910e-23 8.605381e-23 
6.580000e-01 4.584482e-23 4.013060e-23 8.597542e-23 
6.600000e-01 4.553294e-23 3.996026e-23 8.549320e-23 
6.620000e-01 4.520860e-23 3.978968e-23 8.499828e-23 
6.640000e-01 4.487226e-23 3.962063e-23 8.449289e-23 
6.660000e-01 4.452071e-23 3.944840e-23 8.396912e-23 
6.680000e-01 4.415151e-23 3.927377e-23 8.342528e-23 
6.700000e-01 4.377239e-23 3.909666e-23 8.286905e-23 
6.720000e-01 4.338374e-23 3.891788e-23 8.230162e-23 
6.740000e-01 4.297389e-23 3.874491e-23 8.171881e-23 
6.760000e-01 4.253840e-23 3.857768e-23 8.111608e-23 
6.780000e-01 4.208913e-23 3.841103e-23 8.050016e-23 
6.800000e-01 4.161967e-23 3.824408e-23 7.986374e-23 
6.820000e-01 4.111703e-23 3.808001e-23 7.919704e-23 
6.840000e-01 4.058678e-23 3.791900e-23 7.850578e-23 
6.860000e-01 4.002556e-23 3.775601e-23 7.778157e-23 
6.880000e-01 3.941266e-23 3.759440e-23 7.700706e-23 
6.900000e-01 3.876052e-23 3.742975e-23 7.619026e-23 
6.920000e-01 3.803675e-23 3.727026e-23 7.530701e-23 
6.940000e-01 3.721146e-23 3.710842e-23 7.431989e-23 
6.960000e-01 3.630826e-23 3.694850e-23 7.325676e-23 
6.980000e-01 3.520294e-23 3.678319e-23 7.198613e-23 
7.000000e-01 3.365942e-23 3.661903e-23 7.027845e-23 
7.020000e-01 3.184363e-23 3.645473e-23 6.829836e-23 
7.040000e-01 2.967578e-23 3.629173e-23 6.596751e-23 
7.060000e-01 2.826097e-23 3.612768e-23 6.438866e-23 
7.080000e-01 2.754833e-23 3.597003e-23 6.351836e-23 
7.100000e-01 2.852002e-23 3.580816e-23 6.432818e-23 
7.120000e-01 3.004412e-23 3.564694e-23 6.569106e-23 
7.140000e-01 3.216022e-23 3.548900e-23 6.764922e-23 
7.160000e-01 3.383169e-23 3.533516e-23 6.916685e-23 
7.180000e-01 3.523914e-23 3.517934e-23 7.041848e-23 
7.200000e-01 3.609783e-23 3.502492e-23 7.112275e-23 
7.220000e-01 3.676453e-23 3.486914e-23 7.163367e-23 
7.240000e-01 3.734402e-23 3.472349e-23 7.206751e-23 
7.260000e-01 3.780270e-23 3.457549e-23 7.237819e-23 
7.280000e-01 3.821290e-23 3.442983e-23 7.264272e-23 
7.300000e-01 3.858212e-23 3.427854e-23 7.286066e-23 
7.320000e-01 3.887493e-23 3.412594e-23 7.300086e-23 
7.340000e-01 3.915186e-23 3.396822e-23 7.312009e-23 
7.360000e-01 3.939132e-23 3.381231e-23 7.320362e-23 
7.380000e-01 3.960467e-23 3.365577e-23 7.326045e-23 
7.400000e-01 3.980450e-23 3.350245e-23 7.330694e-23 
7.420000e-01 3.996832e-23 3.335079e-23 7.331911e-23 
7.440000e-01 4.012029e-23 3.320213e-23 7.332243e-23 
7.460000e-01 4.025438e-23 3.304936e-23 7.330374e-23 
7.480000e-01 4.037649e-23 3.290670e-23 7.328319e-23 
7.500000e-01 4.048420e-23 3.276129e-23 7.324549e-23 
7.520000e-01 4.057783e-23 3.262254e-23 7.320037e-23 
7.540000e-01 4.065885e-23 3.247676e-23 7.313560e-23 
7.560000e-01 4.072500e-23 3.233533e-23 7.306034e-23 
7.580000e-01 4.078689e-23 3.219849e-23 7.298538e-23 
7.600000e-01 4.084470e-23 3.206193e-23 7.290662e-23 
7.620000e-01 4.088627e-23 3.192594e-23 7.281221e-23 
7.640000e-01 4.092216e-23 3.179028e-23 7.271244e-23 
7.660000e-01 4.094909e-23 3.165538e-23 7.260447e-23 
7.680000e-01 4.097011e-23 3.152740e-23 7.249751e-23 
7.700000e-01 4.098646e-23 3.139449e-23 7.238095e-23 
7.720000e-01 4.099386e-23 3.126409e-23 7.225795e-23 
7.740000e-01 4.099290e-23 3.112825e-23 7.212114e-23 
7.760000e-01 4.098947e-23 3.098601e-23 7.197548e-23 
7.780000e-01 4.097501e-23 3.084732e-23 7.182233e-23 
7.800000e-01 4.095566e-23 3.044189e-23 7.139755e-23 
7.820000e-01 4.093274e-23 3.056166e-23 7.149440e-23 
7.840000e-01 4.090579e-23 3.042966e-23 7.133545e-23 
7.860000e-01 4.086472e-23 3.029828e-23 7.116301e-23 
7.880000e-01 4.082291e-23 3.016488e-23 7.098780e-23 
7.900000e-01 4.077489e-23 3.003375e-23 7.080864e-23 
7.920000e-01 4.071861e-23 2.990209e-23 7.062070e-23 
7.940000e-01 4.065780e-23 2.977591e-23 7.043371e-23 
7.960000e-01 4.056831e-23 2.965269e-23 7.022099e-23 
7.980000e-01 4.048214e-23 2.952456e-23 7.000671e-23 
8.000000e-01 4.039272e-23 2.939754e-23 6.979026e-23 
8.020000e-01 4.031852e-23 2.927590e-23 6.959442e-23 
8.040000e-01 4.024925e-23 2.915624e-23 6.940549e-23 
8.060000e-01 4.018553e-23 2.902932e-23 6.921485e-23 
8.080000e-01 4.011960e-23 2.890762e-23 6.902722e-23 
8.100000e-01 4.005150e-23 2.878369e-23 6.883520e-23 
8.120000e-01 3.998885e-23 2.865633e-23 6.864518e-23 
8.140000e-01 3.993405e-23 2.852118e-23 6.845523e-23 
8.160000e-01 3.987703e-23 2.839180e-23 6.826883e-23 
8.180000e-01 3.981913e-23 2.825740e-23 6.807654e-23 
8.200000e-01 3.976251e-23 2.813829e-23 6.790080e-23 
8.220000e-01 3.970730e-23 2.802787e-23 6.773517e-23 
8.240000e-01 3.965173e-23 2.791493e-23 6.756666e-23 
8.260000e-01 3.959947e-23 2.780618e-23 6.740564e-23 
8.280000e-01 3.954511e-23 2.769338e-23 6.723849e-23 
8.300000e-01 3.949058e-23 2.757794e-23 6.706852e-23 
8.320000e-01 3.943920e-23 2.745905e-23 6.689825e-23 
8.340000e-01 3.938835e-23 2.734164e-23 6.673000e-23 
8.360000e-01 3.934018e-23 2.722061e-23 6.656079e-23 
8.380000e-01 3.929017e-23 2.710086e-23 6.639103e-23 
8.400000e-01 3.924799e-23 2.698633e-23 6.623432e-23 
8.420000e-01 3.920525e-23 2.580344e-23 6.500870e-23 
8.440000e-01 3.916372e-23 2.676251e-23 6.592623e-23 
8.460000e-01 3.912156e-23 2.664885e-23 6.577041e-23 
8.480000e-01 3.908232e-23 2.653319e-23 6.561551e-23 
8.500000e-01 3.904699e-23 2.642849e-23 6.547548e-23 
8.520000e-01 3.901130e-23 2.631823e-23 6.532952e-23 
8.540000e-01 3.898030e-23 2.621327e-23 6.519357e-23 
8.560000e-01 3.894784e-23 2.610549e-23 6.505332e-23 
8.580000e-01 3.891382e-23 2.599622e-23 6.491004e-23 
8.600000e-01 3.888190e-23 2.587918e-23 6.476109e-23 
8.620000e-01 3.884392e-23 2.576583e-23 6.460975e-23 
8.640000e-01 3.880941e-23 2.565017e-23 6.445959e-23 
8.660000e-01 3.876978e-23 2.553536e-23 6.430513e-23 
8.680000e-01 3.873367e-23 2.542376e-23 6.415743e-23 
8.700000e-01 3.869104e-23 2.530909e-23 6.400013e-23 
8.720000e-01 3.864575e-23 2.519765e-23 6.384340e-23 
8.740000e-01 3.859548e-23 2.509080e-23 6.368628e-23 
8.760000e-01 3.853881e-23 2.497987e-23 6.351868e-23 
8.780000e-01 3.847990e-23 2.487036e-23 6.335026e-23 
8.800000e-01 3.841923e-23 2.477718e-23 6.319641e-23 
8.820000e-01 3.835351e-23 2.468668e-23 6.304019e-23 
8.840000e-01 3.829653e-23 2.459274e-23 6.288927e-23 
8.860000e-01 3.823291e-23 2.449593e-23 6.272884e-23 
8.880000e-01 3.816473e-23 2.440504e-23 6.256977e-23 
8.900000e-01 3.809539e-23 2.430367e-23 6.239905e-23 
8.920000e-01 3.802310e-23 2.420407e-23 6.222717e-23 
8.940000e-01 3.795286e-23 2.410695e-23 6.205982e-23 
8.960000e-01 3.788367e-23 2.400660e-23 6.189027e-23 
8.980000e-01 3.781655e-23 2.390644e-23 6.172299e-23 
9.000000e-01 3.774290e-23 2.380047e-23 6.154337e-23 
9.020000e-01 3.766790e-23 2.369449e-23 6.136239e-23 
9.040000e-01 3.759104e-23 2.358817e-23 6.117921e-23 
9.060000e-01 3.751457e-23 2.348202e-23 6.099659e-23 
9.080000e-01 3.744272e-23 2.337383e-23 6.081655e-23 
9.100000e-01 3.736443e-23 2.328091e-23 6.064534e-23 
9.120000e-01 3.729036e-23 2.319104e-23 6.048140e-23 
9.140000e-01 3.721092e-23 2.309849e-23 6.030941e-23 
9.160000e-01 3.713059e-23 2.300804e-23 6.013863e-23 
9.180000e-01 3.705061e-23 2.292093e-23 5.997154e-23 
9.200000e-01 3.696871e-23 2.282536e-23 5.979407e-23 
9.220000e-01 3.688827e-23 2.272470e-23 5.961297e-23 
9.240000e-01 3.680920e-23 2.262563e-23 5.943483e-23 
9.260000e-01 3.672870e-23 2.252864e-23 5.925734e-23 
9.280000e-01 3.664646e-23 2.243171e-23 5.907816e-23 
9.300000e-01 3.656263e-23 2.233574e-23 5.889837e-23 
9.320000e-01 3.647850e-23 2.225210e-23 5.873061e-23 
9.340000e-01 3.639316e-23 2.217272e-23 5.856588e-23 
9.360000e-01 3.630893e-23 2.209291e-23 5.840184e-23 
9.380000e-01 3.622740e-23 2.200716e-23 5.823456e-23 
9.400000e-01 3.613948e-23 2.192730e-23 5.806678e-23 
9.420000e-01 3.605707e-23 2.183948e-23 5.789655e-23 
9.440000e-01 3.596947e-23 2.175376e-23 5.772322e-23 
9.460000e-01 3.588428e-23 2.166470e-23 5.754897e-23 
9.480000e-01 3.579878e-23 2.157844e-23 5.737722e-23 
9.500000e-01 3.571164e-23 2.148883e-23 5.720047e-23 
9.520000e-01 3.562366e-23 2.140035e-23 5.702401e-23 
9.540000e-01 3.553595e-23 2.131834e-23 5.685429e-23 
9.560000e-01 3.545153e-23 2.123685e-23 5.668838e-23 
9.580000e-01 3.536099e-23 2.114922e-23 5.651021e-23 
9.600000e-01 3.527374e-23 2.106491e-23 5.633866e-23 
9.620000e-01 3.518685e-23 2.098177e-23 5.616862e-23 
9.640000e-01 3.509564e-23 2.089304e-23 5.598867e-23 
9.660000e-01 3.500697e-23 2.079927e-23 5.580624e-23 
9.680000e-01 3.491822e-23 2.070940e-23 5.562762e-23 
9.700000e-01 3.482815e-23 2.061494e-23 5.544308e-23 
9.720000e-01 3.474263e-23 2.052327e-23 5.526590e-23 
9.740000e-01 3.464964e-23 2.043740e-23 5.508704e-23 
9.760000e-01 3.456194e-23 2.036209e-23 5.492403e-23 
9.780000e-01 3.447366e-23 2.028205e-23 5.475571e-23 
9.800000e-01 3.438701e-23 2.020655e-23 5.459356e-23 
9.820000e-01 3.429585e-23 2.013007e-23 5.442591e-23 
9.840000e-01 3.419927e-23 2.005422e-23 5.425349e-23 
9.860000e-01 3.411293e-23 1.997234e-23 5.408528e-23 
9.880000e-01 3.402589e-23 1.988594e-23 5.391182e-23 
9.900000e-01 3.393032e-23 1.980196e-23 5.373228e-23 
9.920000e-01 3.384331e-23 1.971372e-23 5.355702e-23 
9.940000e-01 3.375318e-23 1.962978e-23 5.338295e-23 
9.960000e-01 3.366403e-23 1.954946e-23 5.321349e-23 
9.980000e-01 3.357613e-23 1.950093e-23 5.307706e-23 
1.000000e+00 3.348771e-23 1.945275e-23 5.294046e-23 
1.002000e+00 3.339833e-23 1.933971e-23 5.273804e-23 
1.004000e+00 3.331123e-23 1.931398e-23 5.262521e-23 
1.006000e+00 3.322215e-23 1.924505e-23 5.246720e-23 
1.008000e+00 3.313116e-23 1.917491e-23 5.230608e-23 
1.010000e+00 3.304109e-23 1.910886e-23 5.214995e-23 
1.012000e+00 3.294791e-23 1.903799e-23 5.198590e-23 
1.014000e+00 3.286256e-23 1.896577e-23 5.182833e-23 
1.016000e+00 3.277062e-23 1.889821e-23 5.166883e-23 
1.018000e+00 3.268236e-23 1.882554e-23 5.150790e-23 
1.020000e+00 3.259303e-23 1.875893e-23 5.135196e-23 
1.022000e+00 3.250455e-23 1.868444e-23 5.118899e-23 
1.024000e+00 3.241262e-23 1.861617e-23 5.102879e-23 
1.026000e+00 3.232309e-23 1.854991e-23 5.087300e-23 
1.028000e+00 3.223569e-23 1.848931e-23 5.072500e-23 
1.030000e+00 3.214241e-23 1.842312e-23 5.056553e-23 
1.032000e+00 3.205666e-23 1.835489e-23 5.041156e-23 
1.034000e+00 3.196706e-23 1.828818e-23 5.025524e-23 
1.036000e+00 3.187785e-23 1.822495e-23 5.010280e-23 
1.038000e+00 3.178931e-23 1.815688e-23 4.994619e-23 
1.040000e+00 3.169618e-23 1.809263e-23 4.978880e-23 
1.042000e+00 3.161208e-23 1.802389e-23 4.963598e-23 
1.044000e+00 3.151996e-23 1.795925e-23 4.947921e-23 
1.046000e+00 3.143269e-23 1.789674e-23 4.932943e-23 
1.048000e+00 3.134360e-23 1.783036e-23 4.917395e-23 
1.050000e+00 3.125780e-23 1.776868e-23 4.902649e-23 
1.052000e+00 3.116579e-23 1.770648e-23 4.887227e-23 
1.054000e+00 3.107874e-23 1.764232e-23 4.872107e-23 
1.056000e+00 3.099273e-23 1.758494e-23 4.857767e-23 
1.058000e+00 3.090272e-23 1.752193e-23 4.842465e-23 
1.060000e+00 3.081397e-23 1.745802e-23 4.827199e-23 
1.062000e+00 3.071988e-23 1.739960e-23 4.811948e-23 
1.064000e+00 3.063234e-23 1.733357e-23 4.796591e-23 
1.066000e+00 3.054509e-23 1.727369e-23 4.781877e-23 
1.068000e+00 3.045535e-23 1.720823e-23 4.766359e-23 
1.070000e+00 3.036639e-23 1.714777e-23 4.751416e-23 
1.072000e+00 3.028188e-23 1.708669e-23 4.736858e-23 
1.074000e+00 3.019048e-23 1.702979e-23 4.722027e-23 
1.076000e+00 3.010323e-23 1.697077e-23 4.707400e-23 
1.078000e+00 3.001800e-23 1.691392e-23 4.693192e-23 
1.080000e+00 2.992931e-23 1.685452e-23 4.678383e-23 
1.082000e+00 2.984282e-23 1.679558e-23 4.663839e-23 
1.084000e+00 2.974652e-23 1.673716e-23 4.648368e-23 
1.086000e+00 2.966510e-23 1.667659e-23 4.634169e-23 
1.088000e+00 2.957608e-23 1.662259e-23 4.619867e-23 
1.090000e+00 2.948947e-23 1.656110e-23 4.605057e-23 
1.092000e+00 2.940554e-23 1.650015e-23 4.590569e-23 
1.094000e+00 2.931409e-23 1.644214e-23 4.575623e-23 
1.096000e+00 2.922734e-23 1.638239e-23 4.560973e-23 
1.098000e+00 2.913937e-23 1.632463e-23 4.546400e-23 
1.100000e+00 2.905214e-23 1.627288e-23 4.532503e-23 
1.102000e+00 2.896867e-23 1.621977e-23 4.518844e-23 
1.104000e+00 2.888133e-23 1.616164e-23 4.504298e-23 
1.106000e+00 2.879465e-23 1.610742e-23 4.490207e-23 
1.108000e+00 2.870560e-23 1.605157e-23 4.475716e-23 
1.110000e+00 2.862196e-23 1.599819e-23 4.462015e-23 
1.112000e+00 2.853620e-23 1.593880e-23 4.447500e-23 
1.114000e+00 2.844922e-23 1.588363e-23 4.433285e-23 
1.116000e+00 2.836226e-23 1.582739e-23 4.418964e-23 
1.118000e+00 2.827379e-23 1.577254e-23 4.404633e-23 
1.120000e+00 2.818871e-23 1.571443e-23 4.390313e-23 
1.122000e+00 2.810353e-23 1.565978e-23 4.376332e-23 
1.124000e+00 2.801574e-23 1.561418e-23 4.362992e-23 
1.126000e+00 2.793254e-23 1.555806e-23 4.349060e-23 
1.128000e+00 2.784390e-23 1.550673e-23 4.335063e-23 
1.130000e+00 2.775699e-23 1.545674e-23 4.321373e-23 
1.132000e+00 2.767091e-23 1.540328e-23 4.307419e-23 
1.134000e+00 2.758498e-23 1.535377e-23 4.293875e-23 
1.136000e+00 2.750541e-23 1.529989e-23 4.280530e-23 
1.138000e+00 2.742199e-23 1.524928e-23 4.267127e-23 
1.140000e+00 2.733804e-23 1.519953e-23 4.253756e-23 
1.142000e+00 2.725093e-23 1.514422e-23 4.239516e-23 
1.144000e+00 2.716707e-23 1.509409e-23 4.226116e-23 
1.146000e+00 2.707786e-23 1.504351e-23 4.212137e-23 
1.148000e+00 2.699402e-23 1.499075e-23 4.198477e-23 
1.150000e+00 2.690857e-23 1.493980e-23 4.184837e-23 
1.152000e+00 2.585274e-23 1.489326e-23 4.074600e-23 
1.154000e+00 2.674544e-23 1.484581e-23 4.159125e-23 
1.156000e+00 2.666690e-23 1.479767e-23 4.146457e-23 
1.158000e+00 2.657948e-23 1.474271e-23 4.132219e-23 
1.160000e+00 2.649700e-23 1.469498e-23 4.119197e-23 
1.162000e+00 2.641267e-23 1.464675e-23 4.105942e-23 
1.164000e+00 2.632953e-23 1.459739e-23 4.092692e-23 
1.166000e+00 2.624053e-23 1.454938e-23 4.078991e-23 
1.168000e+00 2.615679e-23 1.449881e-23 4.065560e-23 
1.170000e+00 2.607465e-23 1.444821e-23 4.052286e-23 
1.172000e+00 2.598847e-23 1.439956e-23 4.038803e-23 
1.174000e+00 2.591254e-23 1.434938e-23 4.026192e-23 
1.176000e+00 2.582748e-23 1.430252e-23 4.013000e-23 
1.178000e+00 2.574230e-23 1.425653e-23 3.999883e-23 
1.180000e+00 2.566310e-23 1.421015e-23 3.987325e-23 
1.182000e+00 2.557783e-23 1.416811e-23 3.974594e-23 
1.184000e+00 2.548843e-23 1.412174e-23 3.961017e-23 
1.186000e+00 2.540927e-23 1.407328e-23 3.948254e-23 
1.188000e+00 2.532724e-23 1.402660e-23 3.935384e-23 
1.190000e+00 2.524704e-23 1.398228e-23 3.922932e-23 
1.192000e+00 2.516392e-23 1.393507e-23 3.909899e-23 
1.194000e+00 2.508139e-23 1.389124e-23 3.897264e-23 
1.196000e+00 2.499692e-23 1.384420e-23 3.884112e-23 
1.198000e+00 2.491767e-23 1.379825e-23 3.871591e-23 
1.200000e+00 2.483432e-23 1.375027e-23 3.858459e-23 
1.202000e+00 2.475151e-23 1.370561e-23 3.845712e-23 
1.204000e+00 2.466417e-23 1.365984e-23 3.832401e-23 
1.206000e+00 2.458664e-23 1.362049e-23 3.820713e-23 
1.208000e+00 2.450396e-23 1.357344e-23 3.807740e-23 
1.210000e+00 2.441715e-23 1.353463e-23 3.795178e-23 
1.212000e+00 2.433531e-23 1.348805e-23 3.782336e-23 
1.214000e+00 2.425436e-23 1.344597e-23 3.770033e-23 
1.216000e+00 2.417457e-23 1.340481e-23 3.757938e-23 
1.218000e+00 2.409322e-23 1.335767e-23 3.745089e-23 
1.220000e+00 2.400427e-23 1.331590e-23 3.732017e-23 
1.222000e+00 2.391956e-23 1.327193e-23 3.719148e-23 
1.224000e+00 2.383682e-23 1.323248e-23 3.706930e-23 
1.226000e+00 2.375240e-23 1.318900e-23 3.694140e-23 
1.228000e+00 2.367066e-23 1.314505e-23 3.681572e-23 
1.230000e+00 2.358971e-23 1.309814e-23 3.668785e-23 
1.232000e+00 2.350754e-23 1.306078e-23 3.656832e-23 
1.234000e+00 2.342042e-23 1.301970e-23 3.644012e-23 
1.236000e+00 2.333495e-23 1.298047e-23 3.631542e-23 
1.238000e+00 2.324698e-23 1.293696e-23 3.618394e-23 
1.240000e+00 2.316369e-23 1.289706e-23 3.606076e-23 
1.242000e+00 2.308100e-23 1.285802e-23 3.593902e-23 
1.244000e+00 2.299448e-23 1.281823e-23 3.581272e-23 
1.246000e+00 2.289987e-23 1.277728e-23 3.567716e-23 
1.248000e+00 2.280981e-23 1.273776e-23 3.554757e-23 
1.250000e+00 2.272406e-23 1.269669e-23 3.542075e-23 
1.252000e+00 2.263903e-23 1.265619e-23 3.529522e-23 
1.254000e+00 2.255030e-23 1.261360e-23 3.516390e-23 
1.256000e+00 2.245279e-23 1.257360e-23 3.502639e-23 
1.258000e+00 2.236484e-23 1.253291e-23 3.489775e-23 
1.260000e+00 2.227411e-23 1.249080e-23 3.476491e-23 
1.262000e+00 2.217764e-23 1.245309e-23 3.463073e-23 
1.264000e+00 2.208321e-23 1.241513e-23 3.449834e-23 
1.266000e+00 2.198913e-23 1.237806e-23 3.436719e-23 
1.268000e+00 2.188295e-23 1.234156e-23 3.422451e-23 
1.270000e+00 2.178642e-23 1.230385e-23 3.409027e-23 
1.272000e+00 2.168096e-23 1.226426e-23 3.394522e-23 
1.274000e+00 2.157464e-23 1.222614e-23 3.380078e-23 
1.276000e+00 2.146820e-23 1.218729e-23 3.365550e-23 
1.278000e+00 2.135158e-23 1.214813e-23 3.349971e-23 
1.280000e+00 2.123188e-23 1.211052e-23 3.334240e-23 
1.282000e+00 2.111508e-23 1.207066e-23 3.318574e-23 
1.284000e+00 2.097571e-23 1.203254e-23 3.300825e-23 
1.286000e+00 2.083467e-23 1.199171e-23 3.282638e-23 
1.288000e+00 2.067091e-23 1.195236e-23 3.262327e-23 
1.290000e+00 2.045399e-23 1.191958e-23 3.237357e-23 
1.292000e+00 2.024062e-23 1.188416e-23 3.212478e-23 
1.294000e+00 2.002486e-23 1.184160e-23 3.186646e-23 
1.296000e+00 1.980456e-23 1.180608e-23 3.161064e-23 
1.298000e+00 1.959194e-23 1.177177e-23 3.136371e-23 
1.300000e+00 1.946166e-23 1.173457e-23 3.119623e-23 
1.302000e+00 1.937836e-23 1.169943e-23 3.107779e-23 
1.304000e+00 1.929073e-23 1.166328e-23 3.095401e-23 
1.306000e+00 1.931224e-23 1.162594e-23 3.093818e-23 
1.308000e+00 1.935240e-23 1.159012e-23 3.094252e-23 
1.310000e+00 1.939944e-23 1.155170e-23 3.095115e-23 
1.312000e+00 1.950240e-23 1.151683e-23 3.101923e-23 
1.314000e+00 1.960236e-23 1.148312e-23 3.108548e-23 
1.316000e+00 1.970664e-23 1.144749e-23 3.115413e-23 
1.318000e+00 1.975551e-23 1.141124e-23 3.116675e-23 
1.320000e+00 1.980912e-23 1.137636e-23 3.118549e-23 
1.322000e+00 1.985476e-23 1.134445e-23 3.119921e-23 
1.324000e+00 1.986207e-23 1.130927e-23 3.117133e-23 
1.326000e+00 1.987977e-23 1.127737e-23 3.115715e-23 
1.328000e+00 1.988782e-23 1.124367e-23 3.113149e-23 
1.330000e+00 1.988398e-23 1.121062e-23 3.109461e-23 
1.332000e+00 1.987996e-23 1.117516e-23 3.105512e-23 
1.334000e+00 1.987761e-23 1.114192e-23 3.101953e-23 
1.336000e+00 1.986030e-23 1.110885e-23 3.096916e-23 
1.338000e+00 1.984688e-23 1.107398e-23 3.092086e-23 
1.340000e+00 1.982984e-23 1.104414e-23 3.087397e-23 
1.342000e+00 1.980764e-23 1.100863e-23 3.081627e-23 
1.344000e+00 1.979148e-23 1.097316e-23 3.076463e-23 
1.346000e+00 1.976787e-23 1.093882e-23 3.070669e-23 
1.348000e+00 1.973940e-23 1.090825e-23 3.064765e-23 
1.350000e+00 1.971602e-23 1.087299e-23 3.058900e-23 
1.352000e+00 1.969239e-23 1.084428e-23 3.053667e-23 
1.354000e+00 1.966165e-23 1.081255e-23 3.047420e-23 
1.356000e+00 1.963359e-23 1.078181e-23 3.041539e-23 
1.358000e+00 1.961037e-23 1.074993e-23 3.036029e-23 
1.360000e+00 1.957436e-23 1.071406e-23 3.028842e-23 
1.362000e+00 1.954696e-23 1.068324e-23 3.023019e-23 
1.364000e+00 1.951697e-23 1.065043e-23 3.016740e-23 
1.366000e+00 1.948554e-23 1.061918e-23 3.010472e-23 
1.368000e+00 1.944714e-23 1.058875e-23 3.003589e-23 
1.370000e+00 1.941645e-23 1.055604e-23 2.997249e-23 
1.372000e+00 1.937655e-23 1.052369e-23 2.990025e-23 
1.374000e+00 1.934543e-23 1.049129e-23 2.983672e-23 
1.376000e+00 1.930873e-23 1.045972e-23 2.976845e-23 
1.378000e+00 1.927457e-23 1.042748e-23 2.970205e-23 
1.380000e+00 1.924030e-23 1.039235e-23 2.963265e-23 
1.382000e+00 1.921091e-23 1.036670e-23 2.957760e-23 
1.384000e+00 1.916926e-23 1.033732e-23 2.950657e-23 
1.386000e+00 1.912907e-23 1.030681e-23 2.943588e-23 
1.388000e+00 1.908954e-23 1.027574e-23 2.936528e-23 
1.390000e+00 1.905618e-23 1.024763e-23 2.930380e-23 
1.392000e+00 1.901359e-23 1.021971e-23 2.923331e-23 
1.394000e+00 1.898155e-23 1.018467e-23 2.916621e-23 
1.396000e+00 1.894127e-23 1.015696e-23 2.909823e-23 
1.398000e+00 1.890589e-23 1.012564e-23 2.903153e-23 
1.400000e+00 1.886303e-23 1.009880e-23 2.896183e-23 
1.402000e+00 1.882300e-23 1.006865e-23 2.889165e-23 
1.404000e+00 1.878631e-23 1.003978e-23 2.882609e-23 
1.406000e+00 1.874505e-23 1.000441e-23 2.874945e-23 
1.408000e+00 1.870539e-23 9.975736e-24 2.868113e-23 
1.410000e+00 1.867193e-23 9.945288e-24 2.861722e-23 
1.412000e+00 1.862532e-23 9.916588e-24 2.854190e-23 
1.414000e+00 1.858992e-23 9.889886e-24 2.847981e-23 
1.416000e+00 1.854749e-23 9.861198e-24 2.840869e-23 
1.418000e+00 1.850887e-23 9.835850e-24 2.834472e-23 
1.420000e+00 1.846798e-23 9.805502e-24 2.827348e-23 
1.422000e+00 1.842983e-23 9.779143e-24 2.820897e-23 
1.424000e+00 1.839005e-23 9.751716e-24 2.814176e-23 
1.426000e+00 1.834693e-23 9.722315e-24 2.806924e-23 
1.428000e+00 1.830256e-23 9.697485e-24 2.800005e-23 
1.430000e+00 1.825980e-23 9.667884e-24 2.792769e-23 
1.432000e+00 1.821841e-23 9.637796e-24 2.785621e-23 
1.434000e+00 1.843273e-23 9.611319e-24 2.804405e-23 
1.436000e+00 1.814379e-23 9.585219e-24 2.772901e-23 
1.438000e+00 1.810443e-23 9.559645e-24 2.766407e-23 
1.440000e+00 1.806631e-23 9.526883e-24 2.759320e-23 
1.442000e+00 1.802655e-23 9.499461e-24 2.752602e-23 
1.444000e+00 1.797872e-23 9.473205e-24 2.745193e-23 
1.446000e+00 1.794000e-23 9.446183e-24 2.738618e-23 
1.448000e+00 1.790137e-23 9.417613e-24 2.731898e-23 
1.450000e+00 1.786016e-23 9.395842e-24 2.725600e-23 
1.452000e+00 1.781401e-23 9.368170e-24 2.718218e-23 
1.454000e+00 1.777401e-23 9.339977e-24 2.711399e-23 
1.456000e+00 1.773080e-23 9.316967e-24 2.704776e-23 
1.458000e+00 1.769084e-23 9.288835e-24 2.697968e-23 
1.460000e+00 1.764992e-23 9.266601e-24 2.691652e-23 
1.462000e+00 1.760855e-23 9.238309e-24 2.684686e-23 
1.464000e+00 1.756894e-23 9.208037e-24 2.677698e-23 
1.466000e+00 1.752722e-23 9.184129e-24 2.671135e-23 
1.468000e+00 1.748901e-23 9.158773e-24 2.664778e-23 
1.470000e+00 1.744818e-23 9.134316e-24 2.658249e-23 
1.472000e+00 1.740587e-23 9.104943e-24 2.651081e-23 
1.474000e+00 1.737006e-23 9.083194e-24 2.645326e-23 
1.476000e+00 1.732671e-23 9.054275e-24 2.638099e-23 
1.478000e+00 1.728553e-23 9.030420e-24 2.631595e-23 
1.480000e+00 1.724880e-23 9.005612e-24 2.625441e-23 
1.482000e+00 1.720661e-23 8.976330e-24 2.618294e-23 
1.484000e+00 1.716732e-23 8.951229e-24 2.611854e-23 
1.486000e+00 1.712572e-23 8.928267e-24 2.605398e-23 
1.488000e+00 1.708197e-23 8.902720e-24 2.598469e-23 
1.490000e+00 1.704527e-23 8.882622e-24 2.592790e-23 
1.492000e+00 1.699805e-23 8.856847e-24 2.585490e-23 
1.494000e+00 1.696265e-23 8.832998e-24 2.579565e-23 
1.496000e+00 1.691882e-23 8.807423e-24 2.572624e-23 
1.498000e+00 1.687904e-23 8.781781e-24 2.566082e-23 
1.500000e+00 1.684024e-23 8.756285e-24 2.559652e-23 
1.502000e+00 1.679466e-23 8.731642e-24 2.552630e-23 
1.504000e+00 1.675711e-23 8.705074e-24 2.546219e-23 
1.506000e+00 1.671763e-23 8.680710e-24 2.539834e-23 
1.508000e+00 1.667923e-23 8.655056e-24 2.533429e-23 
1.510000e+00 1.664033e-23 8.630669e-24 2.527100e-23 
1.512000e+00 1.659476e-23 8.609591e-24 2.520435e-23 
1.514000e+00 1.655625e-23 8.583476e-24 2.513972e-23 
1.516000e+00 1.651598e-23 8.562868e-24 2.507885e-23 
1.518000e+00 1.647479e-23 8.535395e-24 2.501018e-23 
1.520000e+00 1.643391e-23 8.514330e-24 2.494824e-23 
1.522000e+00 1.639681e-23 8.492650e-24 2.488946e-23 
1.524000e+00 1.635467e-23 8.466099e-24 2.482077e-23 
1.526000e+00 1.631273e-23 8.444727e-24 2.475745e-23 
1.528000e+00 1.627272e-23 8.423313e-24 2.469604e-23 
1.530000e+00 1.623047e-23 8.402252e-24 2.463272e-23 
1.532000e+00 1.619866e-23 8.374783e-24 2.457344e-23 
1.534000e+00 1.615456e-23 8.352301e-24 2.450686e-23 
1.536000e+00 1.612195e-23 8.329222e-24 2.445117e-23 
1.538000e+00 1.607874e-23 8.308074e-24 2.438681e-23 
1.540000e+00 1.603816e-23 8.280869e-24 2.431902e-23 
1.542000e+00 1.599735e-23 8.260189e-24 2.425754e-23 
1.544000e+00 1.595956e-23 8.236517e-24 2.419607e-23 
1.546000e+00 1.591731e-23 8.215515e-24 2.413283e-23 
1.548000e+00 1.588209e-23 8.192802e-24 2.407489e-23 
1.550000e+00 1.584067e-23 8.169451e-24 2.401012e-23 
1.552000e+00 1.580435e-23 8.146291e-24 2.395064e-23 
1.554000e+00 1.576089e-23 8.126216e-24 2.388711e-23 
1.556000e+00 1.572582e-23 8.105454e-24 2.383127e-23 
1.558000e+00 1.568880e-23 8.083884e-24 2.377269e-23 
1.560000e+00 1.564518e-23 8.059093e-24 2.370427e-23 
1.562000e+00 1.560944e-23 8.040559e-24 2.364999e-23 
1.564000e+00 1.556523e-23 8.018489e-24 2.358372e-23 
1.566000e+00 1.552792e-23 7.994758e-24 2.352268e-23 
1.568000e+00 1.548936e-23 7.975962e-24 2.346532e-23 
1.570000e+00 1.545247e-23 7.951259e-24 2.340373e-23 
1.572000e+00 1.541644e-23 7.893629e-24 2.331007e-23 
1.574000e+00 1.537584e-23 7.909648e-24 2.328549e-23 
1.576000e+00 1.533975e-23 7.886667e-24 2.322642e-23 
1.578000e+00 1.529537e-23 7.868797e-24 2.316417e-23 
1.580000e+00 1.525451e-23 7.844195e-24 2.309871e-23 
1.582000e+00 1.521948e-23 7.821196e-24 2.304067e-23 
1.584000e+00 1.517953e-23 7.800148e-24 2.297968e-23 
1.586000e+00 1.514150e-23 7.777212e-24 2.291871e-23 
1.588000e+00 1.510200e-23 7.758410e-24 2.286041e-23 
1.590000e+00 1.506551e-23 7.737370e-24 2.280288e-23 
1.592000e+00 1.503150e-23 7.718906e-24 2.275041e-23 
1.594000e+00 1.499304e-23 7.699166e-24 2.269220e-23 
1.596000e+00 1.495967e-23 7.678225e-24 2.263790e-23 
1.598000e+00 1.492003e-23 7.659572e-24 2.257960e-23 
1.600000e+00 1.487927e-23 7.639445e-24 2.251872e-23 
1.602000e+00 1.484130e-23 7.621070e-24 2.246237e-23 
1.604000e+00 1.480131e-23 7.595506e-24 2.239682e-23 
1.606000e+00 1.476809e-23 7.574458e-24 2.234254e-23 
1.608000e+00 1.473496e-23 7.553069e-24 2.228803e-23 
1.610000e+00 1.469297e-23 7.533487e-24 2.222646e-23 
1.612000e+00 1.465370e-23 7.512994e-24 2.216669e-23 
1.614000e+00 1.462042e-23 7.495581e-24 2.211600e-23 
1.616000e+00 1.457782e-23 7.474312e-24 2.205213e-23 
1.618000e+00 1.453608e-23 7.451562e-24 2.198764e-23 
1.620000e+00 1.450132e-23 7.433029e-24 2.193435e-23 
1.622000e+00 1.446801e-23 7.410384e-24 2.187839e-23 
1.624000e+00 1.442731e-23 7.396570e-24 2.182388e-23 
1.626000e+00 1.439329e-23 7.375364e-24 2.176865e-23 
1.628000e+00 1.435754e-23 7.358149e-24 2.171569e-23 
1.630000e+00 1.432227e-23 7.338986e-24 2.166126e-23 
1.632000e+00 1.428923e-23 7.322626e-24 2.161185e-23 
1.634000e+00 1.425019e-23 7.302581e-24 2.155277e-23 
1.636000e+00 1.421022e-23 7.284809e-24 2.149503e-23 
1.638000e+00 1.417577e-23 7.264585e-24 2.144035e-23 
1.640000e+00 1.413895e-23 7.247681e-24 2.138663e-23 
1.642000e+00 1.410220e-23 7.228078e-24 2.133028e-23 
1.644000e+00 1.406650e-23 7.210489e-24 2.127699e-23 
1.646000e+00 1.403070e-23 7.188307e-24 2.121901e-23 
1.648000e+00 1.399491e-23 7.171706e-24 2.116661e-23 
1.650000e+00 1.395550e-23 7.150647e-24 2.110615e-23 
1.652000e+00 1.391578e-23 7.133233e-24 2.104901e-23 
1.654000e+00 1.388166e-23 7.116594e-24 2.099825e-23 
1.656000e+00 1.384422e-23 7.095296e-24 2.093952e-23 
1.658000e+00 1.380717e-23 7.078848e-24 2.088602e-23 
1.660000e+00 1.377738e-23 7.062133e-24 2.083951e-23 
1.662000e+00 1.374197e-23 7.039557e-24 2.078153e-23 
1.664000e+00 1.370098e-23 7.021848e-24 2.072283e-23 
1.666000e+00 1.366441e-23 7.003116e-24 2.066753e-23 
1.668000e+00 1.362688e-23 6.985937e-24 2.061282e-23 
1.670000e+00 1.359698e-23 6.969646e-24 2.056663e-23 
1.672000e+00 1.356082e-23 6.952293e-24 2.051311e-23 
1.674000e+00 1.352122e-23 6.935087e-24 2.045631e-23 
1.676000e+00 1.348947e-23 6.916698e-24 2.040617e-23 
1.678000e+00 1.345287e-23 6.900396e-24 2.035327e-23 
1.680000e+00 1.341409e-23 6.880778e-24 2.029487e-23 
1.682000e+00 1.338348e-23 6.863954e-24 2.024744e-23 
1.684000e+00 1.334486e-23 6.846543e-24 2.019141e-23 
1.686000e+00 1.331375e-23 6.830374e-24 2.014413e-23 
1.688000e+00 1.327255e-23 6.810807e-24 2.008335e-23 
1.690000e+00 1.324132e-23 6.793769e-24 2.003509e-23 
1.692000e+00 1.320434e-23 6.774622e-24 1.997896e-23 
1.694000e+00 1.317305e-23 6.756252e-24 1.992930e-23 
1.696000e+00 1.314152e-23 6.738497e-24 1.988001e-23 
1.698000e+00 1.310028e-23 6.720127e-24 1.982040e-23 
1.700000e+00 1.306987e-23 6.702503e-24 1.977237e-23 
1.702000e+00 1.302915e-23 6.685019e-24 1.971417e-23 
1.704000e+00 1.299661e-23 6.671449e-24 1.966806e-23 
1.706000e+00 1.296320e-23 6.654371e-24 1.961757e-23 
1.708000e+00 1.292238e-23 6.633486e-24 1.955586e-23 
1.710000e+00 1.289427e-23 6.621233e-24 1.951550e-23 
1.712000e+00 1.285921e-23 6.601925e-24 1.946113e-23 
1.714000e+00 1.281890e-23 6.583315e-24 1.940221e-23 
1.716000e+00 1.278665e-23 6.570521e-24 1.935717e-23 
1.718000e+00 1.275042e-23 6.549556e-24 1.929998e-23 
1.720000e+00 1.271826e-23 6.537121e-24 1.925538e-23 
1.722000e+00 1.268076e-23 6.518078e-24 1.919884e-23 
1.724000e+00 1.264389e-23 6.499875e-24 1.914377e-23 
1.726000e+00 1.261176e-23 6.486925e-24 1.909868e-23 
1.728000e+00 1.257727e-23 6.465679e-24 1.904294e-23 
1.730000e+00 1.254333e-23 6.452627e-24 1.899596e-23 
1.732000e+00 1.250908e-23 6.433351e-24 1.894243e-23 
1.734000e+00 1.247469e-23 6.414704e-24 1.888940e-23 
1.736000e+00 1.243798e-23 6.398828e-24 1.883680e-23 
1.738000e+00 1.240664e-23 6.380412e-24 1.878705e-23 
1.740000e+00 1.237391e-23 6.366744e-24 1.874065e-23 
1.742000e+00 1.233224e-23 6.352436e-24 1.868468e-23 
1.744000e+00 1.229665e-23 6.336929e-24 1.863358e-23 
1.746000e+00 1.226189e-23 6.323027e-24 1.858491e-23 
1.748000e+00 1.222605e-23 6.304310e-24 1.853036e-23 
1.750000e+00 1.219289e-23 6.287940e-24 1.848083e-23 
1.752000e+00 1.215705e-23 6.272704e-24 1.842975e-23 
1.754000e+00 1.212150e-23 6.258618e-24 1.838012e-23 
1.756000e+00 1.208684e-23 6.242315e-24 1.832915e-23 
1.758000e+00 1.205319e-23 6.229068e-24 1.828225e-23 
1.760000e+00 1.201756e-23 6.213566e-24 1.823113e-23 
1.762000e+00 1.198079e-23 6.198015e-24 1.817881e-23 
1.764000e+00 1.194680e-23 6.179652e-24 1.812645e-23 
1.766000e+00 1.191161e-23 6.163113e-24 1.807472e-23 
1.768000e+00 1.187341e-23 6.147845e-24 1.802126e-23 
1.770000e+00 1.184035e-23 6.133767e-24 1.797412e-23 
1.772000e+00 1.180209e-23 6.118954e-24 1.792104e-23 
1.774000e+00 1.176710e-23 6.103900e-24 1.787100e-23 
1.776000e+00 1.172561e-23 6.087006e-24 1.781262e-23 
1.778000e+00 1.169144e-23 6.073130e-24 1.776457e-23 
1.780000e+00 1.165242e-23 6.056174e-24 1.770860e-23 
1.782000e+00 1.161693e-23 6.040120e-24 1.765705e-23 
1.784000e+00 1.157406e-23 6.030729e-24 1.760479e-23 
1.786000e+00 1.153743e-23 6.016508e-24 1.755394e-23 
1.788000e+00 1.149582e-23 5.998522e-24 1.749434e-23 
1.790000e+00 1.146011e-23 5.982838e-24 1.744295e-23 
1.792000e+00 1.142272e-23 5.971416e-24 1.739414e-23 
1.794000e+00 1.137984e-23 5.955301e-24 1.733514e-23 
1.796000e+00 1.134242e-23 5.942208e-24 1.728463e-23 
1.798000e+00 1.130717e-23 5.925288e-24 1.723246e-23 
1.800000e+00 1.126327e-23 5.913992e-24 1.717726e-23 
1.802000e+00 1.121831e-23 5.897039e-24 1.711535e-23 
1.804000e+00 1.117600e-23 5.881459e-24 1.705746e-23 
1.806000e+00 1.113374e-23 5.870325e-24 1.700406e-23 
1.808000e+00 1.108233e-23 5.854732e-24 1.693706e-23 
1.810000e+00 1.104059e-23 5.837009e-24 1.687760e-23 
1.812000e+00 1.098864e-23 5.827305e-24 1.681594e-23 
1.814000e+00 1.094459e-23 5.811627e-24 1.675622e-23 
1.816000e+00 1.088086e-23 5.796354e-24 1.667722e-23 
1.818000e+00 1.082690e-23 5.782865e-24 1.660976e-23 
1.820000e+00 1.077097e-23 5.767123e-24 1.653809e-23 
1.822000e+00 1.070744e-23 5.755657e-24 1.646310e-23 
1.824000e+00 1.063223e-23 5.739251e-24 1.637148e-23 
1.826000e+00 1.054761e-23 5.725985e-24 1.627359e-23 
1.828000e+00 1.047359e-23 5.710173e-24 1.618377e-23 
1.830000e+00 1.039596e-23 5.698824e-24 1.609479e-23 
1.832000e+00 1.032310e-23 5.687550e-24 1.601065e-23 
1.834000e+00 1.025800e-23 5.669769e-24 1.592777e-23 
1.836000e+00 1.018345e-23 5.658467e-24 1.584192e-23 
1.838000e+00 1.012412e-23 5.641538e-24 1.576565e-23 
1.840000e+00 1.009290e-23 5.628206e-24 1.572111e-23 
1.842000e+00 1.007303e-23 5.618920e-24 1.569195e-23 
1.844000e+00 1.005106e-23 5.601188e-24 1.565225e-23 
1.846000e+00 1.002885e-23 5.588432e-24 1.561728e-23 
1.848000e+00 1.004921e-23 5.575592e-24 1.562480e-23 
1.850000e+00 1.007273e-23 5.559512e-24 1.563224e-23 
1.852000e+00 1.010375e-23 5.546770e-24 1.565052e-23 
1.854000e+00 1.012208e-23 5.534472e-24 1.565655e-23 
1.856000e+00 1.015774e-23 5.518425e-24 1.567616e-23 
1.858000e+00 1.018901e-23 5.506512e-24 1.569552e-23 
1.860000e+00 1.022364e-23 5.494502e-24 1.571814e-23 
1.862000e+00 1.025774e-23 5.475815e-24 1.573355e-23 
1.864000e+00 1.026496e-23 5.465924e-24 1.573088e-23 
1.866000e+00 1.027148e-23 5.452800e-24 1.572428e-23 
1.868000e+00 1.027659e-23 5.439507e-24 1.571610e-23 
1.870000e+00 1.028097e-23 5.426383e-24 1.570735e-23 
1.872000e+00 1.027958e-23 5.414582e-24 1.569417e-23 
1.874000e+00 1.027206e-23 5.402066e-24 1.567412e-23 
1.876000e+00 1.026893e-23 5.388613e-24 1.565754e-23 
1.878000e+00 1.026831e-23 5.375897e-24 1.564421e-23 
1.880000e+00 1.026158e-23 5.367363e-24 1.562895e-23 
1.882000e+00 1.026098e-23 5.354773e-24 1.561575e-23 
1.884000e+00 1.025332e-23 5.342916e-24 1.559624e-23 
1.886000e+00 1.024524e-23 5.328858e-24 1.557409e-23 
1.888000e+00 1.023666e-23 5.315652e-24 1.555231e-23 
1.890000e+00 1.022209e-23 5.304555e-24 1.552664e-23 
1.892000e+00 1.021600e-23 5.290748e-24 1.550675e-23 
1.894000e+00 1.020585e-23 5.277451e-24 1.548330e-23 
1.896000e+00 1.019132e-23 5.265346e-24 1.545667e-23 
1.898000e+00 1.018309e-23 5.252663e-24 1.543575e-23 
1.900000e+00 1.016808e-23 5.239670e-24 1.540775e-23 
1.902000e+00 1.015382e-23 5.225707e-24 1.537953e-23 
1.904000e+00 1.013771e-23 5.217315e-24 1.535503e-23 
1.906000e+00 1.012599e-23 5.204139e-24 1.533013e-23 
1.908000e+00 1.011726e-23 5.191295e-24 1.530855e-23 
1.910000e+00 1.010128e-23 5.177734e-24 1.527902e-23 
1.912000e+00 1.008697e-23 5.168041e-24 1.525502e-23 
1.914000e+00 1.007260e-23 5.155552e-24 1.522815e-23 
1.916000e+00 1.006223e-23 5.142603e-24 1.520483e-23 
1.918000e+00 1.004850e-23 5.129891e-24 1.517839e-23 
1.920000e+00 1.003555e-23 5.120063e-24 1.515561e-23 
1.922000e+00 1.001830e-23 5.108521e-24 1.512682e-23 
1.924000e+00 1.000210e-23 5.091663e-24 1.509376e-23 
1.926000e+00 9.987472e-24 5.085694e-24 1.507317e-23 
1.928000e+00 9.974998e-24 5.071062e-24 1.504606e-23 
1.930000e+00 9.956480e-24 5.058561e-24 1.501504e-23 
1.932000e+00 9.940058e-24 5.049787e-24 1.498984e-23 
1.934000e+00 9.926791e-24 5.036027e-24 1.496282e-23 
1.936000e+00 9.911546e-24 5.012378e-24 1.492392e-23 
1.938000e+00 9.894329e-24 5.012619e-24 1.490695e-23 
1.940000e+00 9.880651e-24 5.000485e-24 1.488114e-23 
1.942000e+00 9.864310e-24 4.985999e-24 1.485031e-23 
1.944000e+00 9.848973e-24 4.977279e-24 1.482625e-23 
1.946000e+00 9.833945e-24 4.961889e-24 1.479583e-23 
1.948000e+00 9.817540e-24 4.947569e-24 1.476511e-23 
1.950000e+00 9.799711e-24 4.939443e-24 1.473915e-23 
1.952000e+00 9.777891e-24 4.926123e-24 1.470401e-23 
1.954000e+00 9.763083e-24 4.916309e-24 1.467939e-23 
1.956000e+00 9.746069e-24 4.903352e-24 1.464942e-23 
1.958000e+00 9.736147e-24 4.893260e-24 1.462941e-23 
1.960000e+00 9.720622e-24 4.883662e-24 1.460428e-23 
1.962000e+00 9.704302e-24 4.869517e-24 1.457382e-23 
1.964000e+00 9.686118e-24 4.860929e-24 1.454705e-23 
1.966000e+00 9.671795e-24 4.850144e-24 1.452194e-23 
1.968000e+00 9.655333e-24 4.836648e-24 1.449198e-23 
1.970000e+00 9.636751e-24 4.828134e-24 1.446488e-23 
1.972000e+00 9.615495e-24 4.813192e-24 1.442869e-23 
1.974000e+00 9.598749e-24 4.803030e-24 1.440178e-23 
1.976000e+00 9.582636e-24 4.795048e-24 1.437768e-23 
1.978000e+00 9.565564e-24 4.779352e-24 1.434492e-23 
1.980000e+00 9.547906e-24 4.770378e-24 1.431828e-23 
1.982000e+00 9.533073e-24 4.760275e-24 1.429335e-23 
1.984000e+00 9.517035e-24 4.746807e-24 1.426384e-23 
1.986000e+00 9.499756e-24 4.736181e-24 1.423594e-23 
1.988000e+00 9.482112e-24 4.727058e-24 1.420917e-23 
1.990000e+00 9.465911e-24 4.711156e-24 1.417707e-23 
1.992000e+00 9.447837e-24 4.703004e-24 1.415084e-23 
1.994000e+00 9.430440e-24 4.693993e-24 1.412443e-23 
1.996000e+00 9.414505e-24 4.679684e-24 1.409419e-23 
1.998000e+00 9.398281e-24 4.669961e-24 1.406824e-23 
2.000000e+00 9.377664e-24 4.659709e-24 1.403737e-23 
2.002000e+00 9.362609e-24 4.651086e-24 1.401369e-23 
2.004000e+00 9.345242e-24 4.639227e-24 1.398447e-23 
2.006000e+00 9.329062e-24 4.629095e-24 1.395816e-23 
2.008000e+00 9.310556e-24 4.618336e-24 1.392889e-23 
2.010000e+00 9.294046e-24 4.608847e-24 1.390289e-23 
2.012000e+00 9.278248e-24 4.599365e-24 1.387761e-23 
2.014000e+00 9.221291e-24 4.588793e-24 1.381008e-23 
2.016000e+00 9.241434e-24 4.578840e-24 1.382027e-23 
2.018000e+00 9.224303e-24 4.569843e-24 1.379415e-23 
2.020000e+00 9.205306e-24 4.559538e-24 1.376484e-23 
2.022000e+00 9.188978e-24 4.548936e-24 1.373791e-23 
2.024000e+00 9.170057e-24 4.538470e-24 1.370853e-23 
2.026000e+00 9.152002e-24 4.527535e-24 1.367954e-23 
2.028000e+00 9.135562e-24 4.518201e-24 1.365376e-23 
2.030000e+00 9.117254e-24 4.508501e-24 1.362575e-23 
2.032000e+00 9.098714e-24 4.497907e-24 1.359662e-23 
2.034000e+00 9.089549e-24 4.487741e-24 1.357729e-23 
2.036000e+00 9.068019e-24 4.472473e-24 1.354049e-23 
2.038000e+00 9.051800e-24 4.462322e-24 1.351412e-23 
2.040000e+00 9.040021e-24 4.451765e-24 1.349179e-23 
2.042000e+00 9.021954e-24 4.440420e-24 1.346237e-23 
2.044000e+00 9.003161e-24 4.435983e-24 1.343914e-23 
2.046000e+00 8.984348e-24 4.424496e-24 1.340884e-23 
2.048000e+00 8.969807e-24 4.413804e-24 1.338361e-23 
2.050000e+00 8.948953e-24 4.403700e-24 1.335265e-23 
2.052000e+00 8.929521e-24 4.394643e-24 1.332416e-23 
2.054000e+00 8.919229e-24 4.382876e-24 1.330211e-23 
2.056000e+00 8.901463e-24 4.372238e-24 1.327370e-23 
2.058000e+00 8.883835e-24 4.367680e-24 1.325152e-23 
2.060000e+00 8.865015e-24 4.356156e-24 1.322117e-23 
2.062000e+00 8.845804e-24 4.345597e-24 1.319140e-23 
2.064000e+00 8.832393e-24 4.334485e-24 1.316688e-23 
2.066000e+00 8.815798e-24 4.323793e-24 1.313959e-23 
2.068000e+00 8.795084e-24 4.313420e-24 1.310850e-23 
2.070000e+00 8.786681e-24 4.305473e-24 1.309215e-23 
2.072000e+00 8.765648e-24 4.295772e-24 1.306142e-23 
2.074000e+00 8.750341e-24 4.286309e-24 1.303665e-23 
2.076000e+00 8.732261e-24 4.274724e-24 1.300699e-23 
2.078000e+00 8.714381e-24 4.265032e-24 1.297941e-23 
2.080000e+00 8.701904e-24 4.257753e-24 1.295966e-23 
2.082000e+00 8.683303e-24 4.247532e-24 1.293083e-23 
2.084000e+00 8.664875e-24 4.235614e-24 1.290049e-23 
2.086000e+00 8.645470e-24 4.224863e-24 1.287033e-23 
2.088000e+00 8.625389e-24 4.215094e-24 1.284048e-23 
2.090000e+00 8.612757e-24 4.207751e-24 1.282051e-23 
2.092000e+00 8.595033e-24 4.197228e-24 1.279226e-23 
2.094000e+00 8.583369e-24 4.191383e-24 1.277475e-23 
2.096000e+00 8.564122e-24 4.178933e-24 1.274306e-23 
2.098000e+00 8.550413e-24 4.172743e-24 1.272316e-23 
2.100000e+00 8.529339e-24 4.162629e-24 1.269197e-23 
2.102000e+00 8.518329e-24 4.156338e-24 1.267467e-23 
2.104000e+00 8.496234e-24 4.144277e-24 1.264051e-23 
2.106000e+00 8.477798e-24 4.139038e-24 1.261684e-23 
2.108000e+00 8.465208e-24 4.126960e-24 1.259217e-23 
2.110000e+00 8.445368e-24 4.120500e-24 1.256587e-23 
2.112000e+00 8.432606e-24 4.107735e-24 1.254034e-23 
2.114000e+00 8.414465e-24 4.102655e-24 1.251712e-23 
2.116000e+00 8.399406e-24 4.090877e-24 1.249028e-23 
2.118000e+00 8.379396e-24 4.086320e-24 1.246572e-23 
2.120000e+00 8.366260e-24 4.072516e-24 1.243878e-23 
2.122000e+00 8.344940e-24 4.066454e-24 1.241139e-23 
2.124000e+00 8.331949e-24 4.055749e-24 1.238770e-23 
2.126000e+00 8.313363e-24 4.049066e-24 1.236243e-23 
2.128000e+00 8.299619e-24 4.037277e-24 1.233690e-23 
2.130000e+00 8.278426e-24 4.031866e-24 1.231029e-23 
2.132000e+00 8.266129e-24 4.019863e-24 1.228599e-23 
2.134000e+00 8.247081e-24 4.011215e-24 1.225830e-23 
2.136000e+00 8.233696e-24 4.000430e-24 1.223413e-23 
2.138000e+00 8.218506e-24 3.994031e-24 1.221254e-23 
2.140000e+00 8.205117e-24 3.988215e-24 1.219333e-23 
2.142000e+00 8.184905e-24 3.975671e-24 1.216058e-23 
2.144000e+00 8.172874e-24 3.968903e-24 1.214178e-23 
2.146000e+00 8.157635e-24 3.962375e-24 1.212001e-23 
2.148000e+00 8.137689e-24 3.950437e-24 1.208813e-23 
2.150000e+00 8.124672e-24 3.944962e-24 1.206963e-23 
2.152000e+00 8.103177e-24 3.935134e-24 1.203831e-23 
2.154000e+00 8.087832e-24 3.926204e-24 1.201404e-23 
2.156000e+00 8.076902e-24 3.918118e-24 1.199502e-23 
2.158000e+00 8.054224e-24 3.911798e-24 1.196602e-23 
2.160000e+00 8.042172e-24 3.900301e-24 1.194247e-23 
2.162000e+00 8.029050e-24 3.892379e-24 1.192143e-23 
2.164000e+00 8.011477e-24 3.884510e-24 1.189599e-23 
2.166000e+00 7.997726e-24 3.878706e-24 1.187643e-23 
2.168000e+00 7.979104e-24 3.866762e-24 1.184587e-23 
2.170000e+00 7.964385e-24 3.859974e-24 1.182436e-23 
2.172000e+00 7.949539e-24 3.850917e-24 1.180046e-23 
2.174000e+00 7.935181e-24 3.839548e-24 1.177473e-23 
2.176000e+00 7.922154e-24 3.832794e-24 1.175495e-23 
2.178000e+00 7.899153e-24 3.825885e-24 1.172504e-23 
2.180000e+00 7.885404e-24 3.818799e-24 1.170420e-23 
2.182000e+00 7.871912e-24 3.807544e-24 1.167946e-23 
2.184000e+00 7.858114e-24 3.800136e-24 1.165825e-23 
2.186000e+00 7.842773e-24 3.792148e-24 1.163492e-23 
2.188000e+00 7.828233e-24 3.783472e-24 1.161170e-23 
2.190000e+00 7.807124e-24 3.772893e-24 1.158002e-23 
2.192000e+00 7.793910e-24 3.765406e-24 1.155932e-23 
2.194000e+00 7.780406e-24 3.757940e-24 1.153835e-23 
2.196000e+00 7.763469e-24 3.750952e-24 1.151442e-23 
2.198000e+00 7.751050e-24 3.742382e-24 1.149343e-23 
2.200000e+00 7.734913e-24 3.736866e-24 1.147178e-23 
2.202000e+00 7.721328e-24 3.729717e-24 1.145104e-23 
2.204000e+00 7.699934e-24 3.721613e-24 1.142155e-23 
2.206000e+00 7.683459e-24 3.713691e-24 1.139715e-23 
2.208000e+00 7.670535e-24 3.702888e-24 1.137342e-23 
2.210000e+00 7.654405e-24 3.695487e-24 1.134989e-23 
2.212000e+00 7.639376e-24 3.685806e-24 1.132518e-23 
2.214000e+00 7.625785e-24 3.679525e-24 1.130531e-23 
2.216000e+00 7.612470e-24 3.671902e-24 1.128437e-23 
2.218000e+00 7.595295e-24 3.663460e-24 1.125875e-23 
2.220000e+00 7.580445e-24 3.657378e-24 1.123782e-23 
2.222000e+00 7.564753e-24 3.649422e-24 1.121417e-23 
2.224000e+00 7.550531e-24 3.641873e-24 1.119240e-23 
2.226000e+00 7.533245e-24 3.634115e-24 1.116736e-23 
2.228000e+00 7.519826e-24 3.622335e-24 1.114216e-23 
2.230000e+00 7.504029e-24 3.614576e-24 1.111860e-23 
2.232000e+00 7.489537e-24 3.606205e-24 1.109574e-23 
2.234000e+00 7.474722e-24 3.599233e-24 1.107395e-23 
2.236000e+00 7.467056e-24 3.591076e-24 1.105813e-23 
2.238000e+00 7.450239e-24 3.583327e-24 1.103357e-23 
2.240000e+00 7.434431e-24 3.576532e-24 1.101096e-23 
2.242000e+00 7.419380e-24 3.567886e-24 1.098727e-23 
2.244000e+00 7.403128e-24 3.560871e-24 1.096400e-23 
2.246000e+00 7.390843e-24 3.552654e-24 1.094350e-23 
2.248000e+00 7.374088e-24 3.545841e-24 1.091993e-23 
2.250000e+00 7.358627e-24 3.537894e-24 1.089652e-23 
2.252000e+00 7.341881e-24 3.528571e-24 1.087045e-23 
2.254000e+00 7.326760e-24 3.525309e-24 1.085207e-23 
2.256000e+00 7.311656e-24 3.519377e-24 1.083103e-23 
2.258000e+00 7.296124e-24 3.510608e-24 1.080673e-23 
2.260000e+00 7.282749e-24 3.502329e-24 1.078508e-23 
2.262000e+00 7.270576e-24 3.494232e-24 1.076481e-23 
2.264000e+00 7.253761e-24 3.487800e-24 1.074156e-23 
2.266000e+00 7.241196e-24 3.480399e-24 1.072159e-23 
2.268000e+00 7.223884e-24 3.471997e-24 1.069588e-23 
2.270000e+00 7.208758e-24 3.462408e-24 1.067117e-23 
2.272000e+00 7.196419e-24 3.455327e-24 1.065175e-23 
2.274000e+00 7.185826e-24 3.446358e-24 1.063218e-23 
2.276000e+00 7.168148e-24 3.438796e-24 1.060694e-23 
2.278000e+00 7.153054e-24 3.434919e-24 1.058797e-23 
2.280000e+00 7.137629e-24 3.428189e-24 1.056582e-23 
2.282000e+00 7.126143e-24 3.419213e-24 1.054536e-23 
2.284000e+00 7.111625e-24 3.411154e-24 1.052278e-23 
2.286000e+00 7.101133e-24 3.404025e-24 1.050516e-23 
2.288000e+00 7.083724e-24 3.395638e-24 1.047936e-23 
2.290000e+00 7.070397e-24 3.387023e-24 1.045742e-23 
2.292000e+00 7.059577e-24 3.380410e-24 1.043999e-23 
2.294000e+00 7.044762e-24 3.375317e-24 1.042008e-23 
2.296000e+00 7.027455e-24 3.365882e-24 1.039334e-23 
2.298000e+00 7.011356e-24 3.359225e-24 1.037058e-23 
2.300000e+00 7.001813e-24 3.356551e-24 1.035836e-23 
2.302000e+00 6.985515e-24 3.347968e-24 1.033348e-23 
2.304000e+00 6.969651e-24 3.340084e-24 1.030973e-23 
2.306000e+00 6.963082e-24 3.331903e-24 1.029498e-23 
2.308000e+00 6.945647e-24 3.327381e-24 1.027303e-23 
2.310000e+00 6.935303e-24 3.318568e-24 1.025387e-23 
2.312000e+00 6.920714e-24 3.310883e-24 1.023160e-23 
2.314000e+00 6.908381e-24 3.307390e-24 1.021577e-23 
2.316000e+00 6.892854e-24 3.300171e-24 1.019303e-23 
2.318000e+00 6.882580e-24 3.291175e-24 1.017376e-23 
2.320000e+00 6.866415e-24 3.281579e-24 1.014799e-23 
2.322000e+00 6.848738e-24 3.278316e-24 1.012705e-23 
2.324000e+00 6.839612e-24 3.270845e-24 1.011046e-23 
2.326000e+00 6.824562e-24 3.261276e-24 1.008584e-23 
2.328000e+00 6.806357e-24 3.259711e-24 1.006607e-23 
2.330000e+00 6.799009e-24 3.250427e-24 1.004944e-23 
2.332000e+00 6.779897e-24 3.240977e-24 1.002087e-23 
2.334000e+00 6.762398e-24 3.238389e-24 1.000079e-23 
2.336000e+00 6.753917e-24 3.229969e-24 9.983886e-24 
2.338000e+00 6.739127e-24 3.220705e-24 9.959832e-24 
2.340000e+00 6.725867e-24 3.217883e-24 9.943750e-24 
2.342000e+00 6.716643e-24 3.208564e-24 9.925207e-24 
2.344000e+00 6.700433e-24 3.200318e-24 9.900751e-24 
2.346000e+00 6.691574e-24 3.195878e-24 9.887452e-24 
2.348000e+00 6.680081e-24 3.189814e-24 9.869895e-24 
2.350000e+00 6.665946e-24 3.184415e-24 9.850362e-24 
2.352000e+00 6.653201e-24 3.175206e-24 9.828407e-24 
2.354000e+00 6.642994e-24 3.172242e-24 9.815236e-24 
2.356000e+00 6.626733e-24 3.163501e-24 9.790234e-24 
2.358000e+00 6.617286e-24 3.158252e-24 9.775538e-24 
2.360000e+00 6.598660e-24 3.150361e-24 9.749021e-24 
2.362000e+00 6.587389e-24 3.145836e-24 9.733225e-24 
2.364000e+00 6.571682e-24 3.137632e-24 9.709314e-24 
2.366000e+00 6.562162e-24 3.132593e-24 9.694754e-24 
2.368000e+00 6.543646e-24 3.125955e-24 9.669601e-24 
2.370000e+00 6.534399e-24 3.117991e-24 9.652390e-24 
2.372000e+00 6.515058e-24 3.112142e-24 9.627200e-24 
2.374000e+00 6.505155e-24 3.107864e-24 9.613019e-24 
2.376000e+00 6.496217e-24 3.098798e-24 9.595015e-24 
2.378000e+00 6.484238e-24 3.094772e-24 9.579010e-24 
2.380000e+00 6.467900e-24 3.087223e-24 9.555123e-24 
2.382000e+00 6.458361e-24 3.083557e-24 9.541918e-24 
2.384000e+00 6.444984e-24 3.073565e-24 9.518549e-24 
2.386000e+00 6.430029e-24 3.069740e-24 9.499769e-24 
2.388000e+00 6.417791e-24 3.060688e-24 9.478479e-24 
2.390000e+00 6.402174e-24 3.058207e-24 9.460382e-24 
2.392000e+00 6.391299e-24 3.047209e-24 9.438508e-24 
2.394000e+00 6.379190e-24 3.043631e-24 9.422821e-24 
2.396000e+00 6.362375e-24 3.035166e-24 9.397541e-24 
2.398000e+00 6.353415e-24 3.031127e-24 9.384542e-24 
2.400000e+00 6.342014e-24 3.025758e-24 9.367772e-24 
2.402000e+00 6.328762e-24 3.016202e-24 9.344965e-24 
2.404000e+00 6.320592e-24 3.013786e-24 9.334378e-24 
2.406000e+00 6.301887e-24 3.005126e-24 9.307012e-24 
2.408000e+00 6.290057e-24 2.999715e-24 9.289772e-24 
2.410000e+00 6.281617e-24 2.995450e-24 9.277067e-24 
2.412000e+00 6.268818e-24 2.986251e-24 9.255069e-24 
2.414000e+00 6.257043e-24 2.982548e-24 9.239590e-24 
2.416000e+00 6.239695e-24 2.976628e-24 9.216323e-24 
2.418000e+00 6.230609e-24 2.968236e-24 9.198845e-24 
2.420000e+00 6.218837e-24 2.965335e-24 9.184172e-24 
2.422000e+00 6.205871e-24 2.956537e-24 9.162408e-24 
2.424000e+00 6.196702e-24 2.951839e-24 9.148541e-24 
2.426000e+00 6.179588e-24 2.947422e-24 9.127010e-24 
2.428000e+00 6.167134e-24 2.938518e-24 9.105652e-24 
2.430000e+00 6.158291e-24 2.933206e-24 9.091498e-24 
2.432000e+00 6.146415e-24 2.930028e-24 9.076443e-24 
2.434000e+00 6.132942e-24 2.919772e-24 9.052714e-24 
2.436000e+00 6.123811e-24 2.916276e-24 9.040087e-24 
2.438000e+00 6.111127e-24 2.911430e-24 9.022557e-24 
2.440000e+00 6.099510e-24 2.903154e-24 9.002664e-24 
2.442000e+00 6.088300e-24 2.897717e-24 8.986017e-24 
2.444000e+00 6.079436e-24 2.893285e-24 8.972721e-24 
2.446000e+00 6.067830e-24 2.884963e-24 8.952793e-24 
2.448000e+00 6.048926e-24 2.879837e-24 8.928763e-24 
2.450000e+00 6.037929e-24 2.875387e-24 8.913316e-24 
2.452000e+00 6.026830e-24 2.866744e-24 8.893574e-24 
2.454000e+00 6.014622e-24 2.863252e-24 8.877874e-24 
2.456000e+00 6.004971e-24 2.857801e-24 8.862772e-24 
2.458000e+00 5.993395e-24 2.848892e-24 8.842287e-24 
2.460000e+00 5.979747e-24 2.843060e-24 8.822807e-24 
2.462000e+00 5.968137e-24 2.840047e-24 8.808184e-24 
2.464000e+00 5.957650e-24 2.835217e-24 8.792866e-24 
2.466000e+00 5.946093e-24 2.825967e-24 8.772059e-24 
2.468000e+00 5.936662e-24 2.821341e-24 8.758003e-24 
2.470000e+00 5.922411e-24 2.815933e-24 8.738345e-24 
2.472000e+00 5.910549e-24 2.811809e-24 8.722358e-24 
2.474000e+00 5.899543e-24 2.807100e-24 8.706642e-24 
2.476000e+00 5.883238e-24 2.798905e-24 8.682142e-24 
2.478000e+00 5.871382e-24 2.793692e-24 8.665074e-24 
2.480000e+00 5.860063e-24 2.788712e-24 8.648775e-24 
2.482000e+00 5.848227e-24 2.783924e-24 8.632150e-24 
2.484000e+00 5.836918e-24 2.779917e-24 8.616835e-24 
2.486000e+00 5.831104e-24 2.769478e-24 8.600582e-24 
2.488000e+00 5.818936e-24 2.765726e-24 8.584661e-24 
2.490000e+00 5.806918e-24 2.760346e-24 8.567264e-24 
2.492000e+00 5.794260e-24 2.755299e-24 8.549560e-24 
2.494000e+00 5.783549e-24 2.750218e-24 8.533767e-24 
2.496000e+00 5.771422e-24 2.742574e-24 8.513997e-24 
2.498000e+00 5.760259e-24 2.736527e-24 8.496786e-24 
2.500000e+00 5.747635e-24 2.732253e-24 8.479888e-24 
2.502000e+00 5.736661e-24 2.727603e-24 8.464264e-24 
2.504000e+00 5.724981e-24 2.722948e-24 8.447929e-24 
2.506000e+00 5.712166e-24 2.714022e-24 8.426188e-24 
2.508000e+00 5.706485e-24 2.709254e-24 8.415739e-24 
2.510000e+00 5.696073e-24 2.704151e-24 8.400224e-24 
2.512000e+00 5.684042e-24 2.699528e-24 8.383570e-24 
2.514000e+00 5.669690e-24 2.693438e-24 8.363128e-24 
2.516000e+00 5.658652e-24 2.689990e-24 8.348641e-24 
2.518000e+00 5.646577e-24 2.683296e-24 8.329873e-24 
2.520000e+00 5.636799e-24 2.680523e-24 8.317323e-24 
2.522000e+00 5.625036e-24 2.673546e-24 8.298582e-24 
2.524000e+00 5.617582e-24 2.665363e-24 8.282946e-24 
2.526000e+00 5.608095e-24 2.660748e-24 8.268843e-24 
2.528000e+00 5.594602e-24 2.655567e-24 8.250168e-24 
2.530000e+00 5.583603e-24 2.651538e-24 8.235141e-24 
2.532000e+00 5.577442e-24 2.645796e-24 8.223238e-24 
2.534000e+00 5.563943e-24 2.640159e-24 8.204102e-24 
2.536000e+00 5.553864e-24 2.635455e-24 8.189319e-24 
2.538000e+00 5.540430e-24 2.630424e-24 8.170854e-24 
2.540000e+00 5.527997e-24 2.626417e-24 8.154414e-24 
2.542000e+00 5.514663e-24 2.619370e-24 8.134033e-24 
2.544000e+00 5.511442e-24 2.615593e-24 8.127035e-24 
2.546000e+00 5.498604e-24 2.610059e-24 8.108664e-24 
2.548000e+00 5.485129e-24 2.605227e-24 8.090356e-24 
2.550000e+00 5.479461e-24 2.600700e-24 8.080160e-24 
2.552000e+00 5.467905e-24 2.595370e-24 8.063274e-24 
2.554000e+00 5.457097e-24 2.590237e-24 8.047334e-24 
2.556000e+00 5.450163e-24 2.586417e-24 8.036580e-24 
2.558000e+00 5.436919e-24 2.580229e-24 8.017148e-24 
2.560000e+00 5.423617e-24 2.575161e-24 7.998778e-24 
2.562000e+00 5.418920e-24 2.570537e-24 7.989457e-24 
2.564000e+00 5.407631e-24 2.561397e-24 7.969028e-24 
2.566000e+00 5.394111e-24 2.556004e-24 7.950115e-24 
2.568000e+00 5.383841e-24 2.551245e-24 7.935087e-24 
2.570000e+00 5.375593e-24 2.545825e-24 7.921418e-24 
2.572000e+00 5.363907e-24 2.541588e-24 7.905495e-24 
2.574000e+00 5.350816e-24 2.539189e-24 7.890005e-24 
2.576000e+00 5.340470e-24 2.533707e-24 7.874177e-24 
2.578000e+00 5.327232e-24 2.529986e-24 7.857218e-24 
2.580000e+00 5.320827e-24 2.524631e-24 7.845459e-24 
2.582000e+00 5.308797e-24 2.518723e-24 7.827520e-24 
2.584000e+00 5.294651e-24 2.514339e-24 7.808990e-24 
2.586000e+00 5.289696e-24 2.508123e-24 7.797819e-24 
2.588000e+00 5.277030e-24 2.502876e-24 7.779906e-24 
2.590000e+00 5.264521e-24 2.498056e-24 7.762577e-24 
2.592000e+00 5.259035e-24 2.494328e-24 7.753363e-24 
2.594000e+00 5.246397e-24 2.488557e-24 7.734954e-24 
2.596000e+00 5.239864e-24 2.483392e-24 7.723256e-24 
2.598000e+00 5.227481e-24 2.483207e-24 7.710688e-24 
2.600000e+00 5.214141e-24 2.476347e-24 7.690488e-24 
2.602000e+00 5.208498e-24 2.471066e-24 7.679564e-24 
2.604000e+00 5.198970e-24 2.466893e-24 7.665862e-24 
2.606000e+00 5.188605e-24 2.460912e-24 7.649517e-24 
2.608000e+00 5.176217e-24 2.455890e-24 7.632108e-24 
2.610000e+00 5.170268e-24 2.450494e-24 7.620763e-24 
2.612000e+00 5.162949e-24 2.444615e-24 7.607565e-24 
2.614000e+00 5.152000e-24 2.439698e-24 7.591698e-24 
2.616000e+00 5.137970e-24 2.434266e-24 7.572237e-24 
2.618000e+00 5.132120e-24 2.432818e-24 7.564938e-24 
2.620000e+00 5.120721e-24 2.428595e-24 7.549316e-24 
2.622000e+00 5.114357e-24 2.423793e-24 7.538150e-24 
2.624000e+00 5.100177e-24 2.417673e-24 7.517850e-24 
2.626000e+00 5.089111e-24 2.412635e-24 7.501746e-24 
2.628000e+00 5.081374e-24 2.407189e-24 7.488563e-24 
2.630000e+00 5.068565e-24 2.401601e-24 7.470166e-24 
2.632000e+00 5.062948e-24 2.396360e-24 7.459308e-24 
2.634000e+00 5.049230e-24 2.395470e-24 7.444700e-24 
2.636000e+00 5.036936e-24 2.390596e-24 7.427532e-24 
2.638000e+00 5.032382e-24 2.385425e-24 7.417807e-24 
2.640000e+00 5.022458e-24 2.380425e-24 7.402883e-24 
2.642000e+00 5.010121e-24 2.375735e-24 7.385856e-24 
2.644000e+00 5.004541e-24 2.373359e-24 7.377901e-24 
2.646000e+00 4.991545e-24 2.368237e-24 7.359782e-24 
2.648000e+00 4.983456e-24 2.360998e-24 7.344454e-24 
2.650000e+00 4.978800e-24 2.357198e-24 7.335998e-24 
2.652000e+00 4.965209e-24 2.351987e-24 7.317196e-24 
2.654000e+00 4.960231e-24 2.350100e-24 7.310331e-24 
2.656000e+00 4.946473e-24 2.345417e-24 7.291890e-24 
2.658000e+00 4.938426e-24 2.339618e-24 7.278044e-24 
2.660000e+00 4.924796e-24 2.333646e-24 7.258442e-24 
2.662000e+00 4.919016e-24 2.328560e-24 7.247576e-24 
2.664000e+00 4.907616e-24 2.328489e-24 7.236106e-24 
2.666000e+00 4.900381e-24 2.321403e-24 7.221785e-24 
2.668000e+00 4.887547e-24 2.316874e-24 7.204422e-24 
2.670000e+00 4.881427e-24 2.312376e-24 7.193802e-24 
2.672000e+00 4.868829e-24 2.306428e-24 7.175257e-24 
2.674000e+00 4.860822e-24 2.305377e-24 7.166199e-24 
2.676000e+00 4.846874e-24 2.299413e-24 7.146286e-24 
2.678000e+00 4.842250e-24 2.293984e-24 7.136234e-24 
2.680000e+00 4.833676e-24 2.287150e-24 7.120825e-24 
2.682000e+00 4.819586e-24 2.283418e-24 7.103003e-24 
2.684000e+00 4.814666e-24 2.281226e-24 7.095891e-24 
2.686000e+00 4.806495e-24 2.277858e-24 7.084352e-24 
2.688000e+00 4.793623e-24 2.270958e-24 7.064581e-24 
2.690000e+00 4.788001e-24 2.265335e-24 7.053336e-24 
2.692000e+00 4.774524e-24 2.263160e-24 7.037684e-24 
2.694000e+00 4.767327e-24 2.258741e-24 7.026068e-24 
2.696000e+00 4.760846e-24 2.254107e-24 7.014953e-24 
2.698000e+00 4.748735e-24 2.252138e-24 7.000874e-24 
2.700000e+00 4.740143e-24 2.245783e-24 6.985926e-24 
2.702000e+00 4.731947e-24 2.240462e-24 6.972409e-24 
2.704000e+00 4.722018e-24 2.239485e-24 6.961503e-24 
2.706000e+00 4.712836e-24 2.233259e-24 6.946095e-24 
2.708000e+00 4.706427e-24 2.229016e-24 6.935442e-24 
2.710000e+00 4.699664e-24 2.226708e-24 6.926373e-24 
2.712000e+00 4.687978e-24 2.221479e-24 6.909457e-24 
2.714000e+00 4.678992e-24 2.216591e-24 6.895583e-24 
2.716000e+00 4.671714e-24 2.215433e-24 6.887147e-24 
2.718000e+00 4.664929e-24 2.209378e-24 6.874307e-24 
2.720000e+00 4.657090e-24 2.203036e-24 6.860125e-24 
2.722000e+00 4.645562e-24 2.201713e-24 6.847275e-24 
2.724000e+00 4.639045e-24 2.196746e-24 6.835792e-24 
2.726000e+00 4.632279e-24 2.191491e-24 6.823770e-24 
2.728000e+00 4.618433e-24 2.188875e-24 6.807308e-24 
2.730000e+00 4.610829e-24 2.183967e-24 6.794797e-24 
2.732000e+00 4.603418e-24 2.177873e-24 6.781291e-24 
2.734000e+00 4.597024e-24 2.176436e-24 6.773461e-24 
2.736000e+00 4.583755e-24 2.171879e-24 6.755634e-24 
2.738000e+00 4.575033e-24 2.166045e-24 6.741077e-24 
2.740000e+00 4.567748e-24 2.164451e-24 6.732200e-24 
2.742000e+00 4.562582e-24 2.158436e-24 6.721017e-24 
2.744000e+00 4.554766e-24 2.153832e-24 6.708598e-24 
2.746000e+00 4.541437e-24 2.152166e-24 6.693603e-24 
2.748000e+00 4.533951e-24 2.146350e-24 6.680301e-24 
2.750000e+00 4.527127e-24 2.140050e-24 6.667177e-24 
2.752000e+00 4.513892e-24 2.138278e-24 6.652170e-24 
2.754000e+00 4.506008e-24 2.133277e-24 6.639284e-24 
2.756000e+00 4.498000e-24 2.131980e-24 6.629980e-24 
2.758000e+00 4.491685e-24 2.126868e-24 6.618553e-24 
2.760000e+00 4.485383e-24 2.120270e-24 6.605652e-24 
2.762000e+00 4.470916e-24 2.118975e-24 6.589890e-24 
2.764000e+00 4.463483e-24 2.114520e-24 6.578002e-24 
2.766000e+00 4.455499e-24 2.110710e-24 6.566209e-24 
2.768000e+00 4.450005e-24 2.106197e-24 6.556202e-24 
2.770000e+00 4.440909e-24 2.103866e-24 6.544775e-24 
2.772000e+00 4.433575e-24 2.099165e-24 6.532741e-24 
2.774000e+00 4.425666e-24 2.092186e-24 6.517852e-24 
2.776000e+00 4.412429e-24 2.091641e-24 6.504070e-24 
2.778000e+00 4.405748e-24 2.085695e-24 6.491443e-24 
2.780000e+00 4.400082e-24 2.083994e-24 6.484076e-24 
2.782000e+00 4.392663e-24 2.077566e-24 6.470229e-24 
2.784000e+00 4.383603e-24 2.077543e-24 6.461146e-24 
2.786000e+00 4.376524e-24 2.071089e-24 6.447613e-24 
2.788000e+00 4.367778e-24 2.069891e-24 6.437669e-24 
2.790000e+00 4.361267e-24 2.064420e-24 6.425687e-24 
2.792000e+00 4.347901e-24 2.057168e-24 6.405069e-24 
2.794000e+00 4.342951e-24 2.055636e-24 6.398586e-24 
2.796000e+00 4.333422e-24 2.051377e-24 6.384798e-24 
2.798000e+00 4.326183e-24 2.050164e-24 6.376347e-24 
2.800000e+00 4.317721e-24 2.043448e-24 6.361169e-24 
2.802000e+00 4.311606e-24 2.042354e-24 6.353960e-24 
2.804000e+00 4.303630e-24 2.036191e-24 6.339821e-24 
2.806000e+00 4.296265e-24 2.034534e-24 6.330799e-24 
2.808000e+00 4.289045e-24 2.029123e-24 6.318168e-24 
2.810000e+00 4.274613e-24 2.021780e-24 6.296393e-24 
2.812000e+00 4.269070e-24 2.021581e-24 6.290650e-24 
2.814000e+00 4.259850e-24 2.014868e-24 6.274718e-24 
2.816000e+00 4.253403e-24 2.014795e-24 6.268199e-24 
2.818000e+00 4.244370e-24 2.007873e-24 6.252243e-24 
2.820000e+00 4.238587e-24 2.005400e-24 6.243987e-24 
2.822000e+00 4.229905e-24 2.001507e-24 6.231412e-24 
2.824000e+00 4.222349e-24 1.998695e-24 6.221044e-24 
2.826000e+00 4.216563e-24 1.994106e-24 6.210669e-24 
2.828000e+00 4.205305e-24 1.992431e-24 6.197736e-24 
2.830000e+00 4.194196e-24 1.987062e-24 6.181257e-24 
2.832000e+00 4.186008e-24 1.984404e-24 6.170412e-24 
2.834000e+00 4.179300e-24 1.979203e-24 6.158503e-24 
2.836000e+00 4.171001e-24 1.976794e-24 6.147795e-24 
2.838000e+00 4.164587e-24 1.975121e-24 6.139708e-24 
2.840000e+00 4.154456e-24 1.969185e-24 6.123641e-24 
2.842000e+00 4.149996e-24 1.968042e-24 6.118039e-24 
2.844000e+00 4.140114e-24 1.961248e-24 6.101362e-24 
2.846000e+00 4.132391e-24 1.959836e-24 6.092227e-24 
2.848000e+00 4.126355e-24 1.953933e-24 6.080288e-24 
2.850000e+00 4.118012e-24 1.952439e-24 6.070452e-24 
2.852000e+00 4.116153e-24 1.947120e-24 6.063273e-24 
2.854000e+00 4.101304e-24 1.944002e-24 6.045306e-24 
2.856000e+00 4.094257e-24 1.938869e-24 6.033126e-24 
2.858000e+00 4.086928e-24 1.937040e-24 6.023968e-24 
2.860000e+00 4.078838e-24 1.931289e-24 6.010127e-24 
2.862000e+00 4.072657e-24 1.929475e-24 6.002132e-24 
2.864000e+00 4.061779e-24 1.927829e-24 5.989608e-24 
2.866000e+00 4.054890e-24 1.922023e-24 5.976912e-24 
2.868000e+00 4.046943e-24 1.918833e-24 5.965777e-24 
2.870000e+00 4.040037e-24 1.913462e-24 5.953499e-24 
2.872000e+00 4.031435e-24 1.912295e-24 5.943730e-24 
2.874000e+00 4.028933e-24 1.906172e-24 5.935105e-24 
2.876000e+00 4.021421e-24 1.903458e-24 5.924879e-24 
2.878000e+00 4.013885e-24 1.898805e-24 5.912690e-24 
2.880000e+00 4.006403e-24 1.896927e-24 5.903330e-24 
2.882000e+00 4.000372e-24 1.890256e-24 5.890627e-24 
2.884000e+00 3.991032e-24 1.888755e-24 5.879787e-24 
2.886000e+00 3.983681e-24 1.887288e-24 5.870969e-24 
2.888000e+00 3.976890e-24 1.881536e-24 5.858426e-24 
2.890000e+00 3.966601e-24 1.880889e-24 5.847490e-24 
2.892000e+00 3.960892e-24 1.878049e-24 5.838940e-24 
2.894000e+00 3.957325e-24 1.871907e-24 5.829232e-24 
2.896000e+00 3.951456e-24 1.869959e-24 5.821415e-24 
2.898000e+00 3.942359e-24 1.868105e-24 5.810464e-24 
2.900000e+00 3.935895e-24 1.861856e-24 5.797751e-24 
2.902000e+00 3.926744e-24 1.860515e-24 5.787259e-24 
2.904000e+00 3.918337e-24 1.858159e-24 5.776497e-24 
2.906000e+00 3.911036e-24 1.852893e-24 5.763929e-24 
2.908000e+00 3.902767e-24 1.850308e-24 5.753075e-24 
2.910000e+00 3.899313e-24 1.844884e-24 5.744197e-24 
2.912000e+00 3.892649e-24 1.842263e-24 5.734912e-24 
2.914000e+00 3.885672e-24 1.840784e-24 5.726456e-24 
2.916000e+00 3.878075e-24 1.835001e-24 5.713076e-24 
2.918000e+00 3.870494e-24 1.832837e-24 5.703331e-24 
2.920000e+00 3.863019e-24 1.831582e-24 5.694600e-24 
2.922000e+00 3.852195e-24 1.824602e-24 5.676797e-24 
2.924000e+00 3.846017e-24 1.822727e-24 5.668744e-24 
2.926000e+00 3.842142e-24 1.820738e-24 5.662880e-24 
2.928000e+00 3.835930e-24 1.815683e-24 5.651613e-24 
2.930000e+00 3.826228e-24 1.813312e-24 5.639540e-24 
2.932000e+00 3.820594e-24 1.810825e-24 5.631419e-24 
2.934000e+00 3.812396e-24 1.804952e-24 5.617348e-24 
2.936000e+00 3.806266e-24 1.802851e-24 5.609116e-24 
2.938000e+00 3.796625e-24 1.801130e-24 5.597756e-24 
2.940000e+00 3.795072e-24 1.794162e-24 5.589234e-24 
2.942000e+00 3.782452e-24 1.792617e-24 5.575070e-24 
2.944000e+00 3.779241e-24 1.792569e-24 5.571809e-24 
2.946000e+00 3.768742e-24 1.785419e-24 5.554161e-24 
2.948000e+00 3.761088e-24 1.784147e-24 5.545234e-24 
2.950000e+00 3.755171e-24 1.781712e-24 5.536883e-24 
2.952000e+00 3.747031e-24 1.775168e-24 5.522198e-24 
2.954000e+00 3.744099e-24 1.774830e-24 5.518929e-24 
2.956000e+00 3.736292e-24 1.771769e-24 5.508061e-24 
2.958000e+00 3.728352e-24 1.769839e-24 5.498191e-24 
2.960000e+00 3.720573e-24 1.764021e-24 5.484593e-24 
2.962000e+00 3.719159e-24 1.760827e-24 5.479986e-24 
2.964000e+00 3.708835e-24 1.759629e-24 5.468464e-24 
2.966000e+00 3.702810e-24 1.754033e-24 5.456844e-24 
2.968000e+00 3.699930e-24 1.752506e-24 5.452436e-24 
2.970000e+00 3.691517e-24 1.750710e-24 5.442227e-24 
2.972000e+00 3.683286e-24 1.747526e-24 5.430812e-24 
2.974000e+00 3.673629e-24 1.741022e-24 5.414651e-24 
2.976000e+00 3.667452e-24 1.738991e-24 5.406444e-24 
2.978000e+00 3.664445e-24 1.737244e-24 5.401689e-24 
2.980000e+00 3.656413e-24 1.732544e-24 5.388957e-24 
2.982000e+00 3.646522e-24 1.730120e-24 5.376642e-24 
2.984000e+00 3.639500e-24 1.726410e-24 5.365910e-24 
2.986000e+00 3.637422e-24 1.725192e-24 5.362614e-24 
2.988000e+00 3.630518e-24 1.719566e-24 5.350084e-24 
2.990000e+00 3.621487e-24 1.718168e-24 5.339655e-24 
2.992000e+00 3.617961e-24 1.714451e-24 5.332411e-24 
2.994000e+00 3.611247e-24 1.709320e-24 5.320566e-24 
2.996000e+00 3.602454e-24 1.707059e-24 5.309513e-24 
2.998000e+00 3.594207e-24 1.704218e-24 5.298425e-24 
