1.000000e-01 1.792399e-22 2.132384e-22 3.924784e-22 
1.020000e-01 1.787046e-22 2.118029e-22 3.905075e-22 
1.040000e-01 1.776661e-22 2.101224e-22 3.877885e-22 
1.060000e-01 1.761805e-22 2.086322e-22 3.848127e-22 
1.080000e-01 1.741865e-22 2.070327e-22 3.812192e-22 
1.100000e-01 1.714974e-22 2.053219e-22 3.768193e-22 
1.120000e-01 1.676862e-22 2.037381e-22 3.714243e-22 
1.140000e-01 1.614125e-22 1.995330e-22 3.609455e-22 
1.160000e-01 1.440446e-22 2.001940e-22 3.442385e-22 
1.180000e-01 1.612258e-22 1.985560e-22 3.597817e-22 
1.200000e-01 1.673951e-22 1.968323e-22 3.642274e-22 
1.220000e-01 1.704049e-22 1.949610e-22 3.653660e-22 
1.240000e-01 1.723019e-22 1.931988e-22 3.655006e-22 
1.260000e-01 1.736441e-22 1.873959e-22 3.610400e-22 
1.280000e-01 1.746149e-22 1.894969e-22 3.641118e-22 
1.300000e-01 1.753110e-22 1.876169e-22 3.629279e-22 
1.320000e-01 1.758257e-22 1.857039e-22 3.615295e-22 
1.340000e-01 1.746584e-22 1.837373e-22 3.583957e-22 
1.360000e-01 1.764420e-22 1.817893e-22 3.582312e-22 
1.380000e-01 1.765804e-22 1.797459e-22 3.563263e-22 
1.400000e-01 1.766321e-22 1.777547e-22 3.543869e-22 
1.420000e-01 1.766235e-22 1.756472e-22 3.522707e-22 
1.440000e-01 1.765373e-22 1.735427e-22 3.500801e-22 
1.460000e-01 1.763768e-22 1.713975e-22 3.477742e-22 
1.480000e-01 1.761455e-22 1.692653e-22 3.454107e-22 
1.500000e-01 1.758675e-22 1.670876e-22 3.429550e-22 
1.520000e-01 1.755295e-22 1.648404e-22 3.403700e-22 
1.540000e-01 1.751025e-22 1.626660e-22 3.377685e-22 
1.560000e-01 1.745974e-22 1.604222e-22 3.350195e-22 
1.580000e-01 1.739906e-22 1.580927e-22 3.320833e-22 
1.600000e-01 1.732971e-22 1.558572e-22 3.291543e-22 
1.620000e-01 1.724337e-22 1.535143e-22 3.259480e-22 
1.640000e-01 1.712282e-22 1.511274e-22 3.223556e-22 
1.660000e-01 1.692270e-22 1.488027e-22 3.180297e-22 
1.680000e-01 1.641165e-22 1.465017e-22 3.106181e-22 
1.700000e-01 1.664309e-22 1.442178e-22 3.106487e-22 
1.720000e-01 1.684520e-22 1.418936e-22 3.103457e-22 
1.740000e-01 1.693092e-22 1.395330e-22 3.088422e-22 
1.760000e-01 1.697967e-22 1.371760e-22 3.069728e-22 
1.780000e-01 1.701284e-22 1.348117e-22 3.049401e-22 
1.800000e-01 1.703629e-22 1.324308e-22 3.027937e-22 
1.820000e-01 1.705335e-22 1.300433e-22 3.005767e-22 
1.840000e-01 1.706747e-22 1.276512e-22 2.983259e-22 
1.860000e-01 1.707911e-22 1.252638e-22 2.960549e-22 
1.880000e-01 1.709016e-22 1.228271e-22 2.937287e-22 
1.900000e-01 1.710114e-22 1.204153e-22 2.914267e-22 
1.920000e-01 1.711798e-22 1.179946e-22 2.891744e-22 
1.940000e-01 1.714921e-22 1.156077e-22 2.870998e-22 
1.960000e-01 1.720699e-22 1.131908e-22 2.852607e-22 
1.980000e-01 1.737030e-22 1.107971e-22 2.845001e-22 
2.000000e-01 1.765852e-22 1.083997e-22 2.849850e-22 
2.020000e-01 1.736487e-22 1.060401e-22 2.796888e-22 
2.040000e-01 1.723810e-22 1.036957e-22 2.760767e-22 
2.060000e-01 1.714412e-22 1.012717e-22 2.727129e-22 
2.080000e-01 1.706510e-22 9.886499e-23 2.695159e-22 
2.100000e-01 1.699327e-22 9.645359e-23 2.663863e-22 
2.120000e-01 1.692592e-22 9.397901e-23 2.632382e-22 
2.140000e-01 1.686310e-22 9.148509e-23 2.601161e-22 
2.160000e-01 1.680215e-22 8.897483e-23 2.569963e-22 
2.180000e-01 1.674193e-22 8.639626e-23 2.538156e-22 
2.200000e-01 1.668701e-22 8.393139e-23 2.508015e-22 
2.220000e-01 1.663340e-22 8.147306e-23 2.478071e-22 
2.240000e-01 1.657658e-22 7.901240e-23 2.447782e-22 
2.260000e-01 1.651931e-22 7.651928e-23 2.417123e-22 
2.280000e-01 1.645902e-22 7.257525e-23 2.371655e-22 
2.300000e-01 1.639955e-22 7.136430e-23 2.353598e-22 
2.320000e-01 1.634114e-22 6.874845e-23 2.321598e-22 
2.340000e-01 1.628078e-22 6.607731e-23 2.288851e-22 
2.360000e-01 1.622109e-22 6.340387e-23 2.256148e-22 
2.380000e-01 1.616052e-22 6.068986e-23 2.222951e-22 
2.400000e-01 1.609764e-22 5.845045e-23 2.194269e-22 
2.420000e-01 1.603721e-22 5.667404e-23 2.170461e-22 
2.440000e-01 1.597564e-22 5.497883e-23 2.147353e-22 
2.460000e-01 1.591637e-22 5.282473e-23 2.119885e-22 
2.480000e-01 1.585762e-22 5.032373e-23 2.088999e-22 
2.500000e-01 1.579909e-22 4.744833e-23 2.054392e-22 
2.520000e-01 1.574101e-22 4.399833e-23 2.014084e-22 
2.540000e-01 1.568181e-22 4.027308e-23 1.970912e-22 
2.560000e-01 1.562339e-22 3.632430e-23 1.925582e-22 
2.580000e-01 1.556368e-22 3.198849e-23 1.876253e-22 
2.600000e-01 1.550449e-22 2.672478e-23 1.817697e-22 
2.620000e-01 1.544439e-22 2.073042e-23 1.751743e-22 
2.640000e-01 1.538401e-22 1.409283e-23 1.679329e-22 
2.660000e-01 1.532435e-22 8.219812e-24 1.614633e-22 
2.680000e-01 1.526380e-22 3.566362e-24 1.562044e-22 
2.700000e-01 1.520507e-22 7.388151e-25 1.527895e-22 
2.720000e-01 1.514566e-22 6.244322e-25 1.520810e-22 
2.740000e-01 1.508812e-22 3.901826e-24 1.547830e-22 
2.760000e-01 1.503100e-22 1.137466e-23 1.616847e-22 
2.780000e-01 1.497527e-22 2.004957e-23 1.698023e-22 
2.800000e-01 1.491827e-22 4.205962e-23 1.912423e-22 
2.820000e-01 1.486113e-22 5.067656e-23 1.992879e-22 
2.840000e-01 1.480158e-22 4.786236e-23 1.958782e-22 
2.860000e-01 1.474248e-22 4.511189e-23 1.925367e-22 
2.880000e-01 1.468148e-22 4.356640e-23 1.903812e-22 
2.900000e-01 1.462097e-22 4.317114e-23 1.893808e-22 
2.920000e-01 1.455851e-22 4.371637e-23 1.893015e-22 
2.940000e-01 1.449722e-22 4.507628e-23 1.900485e-22 
2.960000e-01 1.443412e-22 4.685692e-23 1.911981e-22 
2.980000e-01 1.437210e-22 4.902991e-23 1.927509e-22 
3.000000e-01 1.430882e-22 5.110720e-23 1.941954e-22 
3.020000e-01 1.424587e-22 5.278362e-23 1.952423e-22 
3.040000e-01 1.418130e-22 5.407444e-23 1.958874e-22 
3.060000e-01 1.411737e-22 5.515488e-23 1.963286e-22 
3.080000e-01 1.405220e-22 5.623123e-23 1.967533e-22 
3.100000e-01 1.398755e-22 5.697033e-23 1.968459e-22 
3.120000e-01 1.392123e-22 5.762140e-23 1.968337e-22 
3.140000e-01 1.385577e-22 5.795346e-23 1.965112e-22 
3.160000e-01 1.378914e-22 5.806584e-23 1.959573e-22 
3.180000e-01 1.372287e-22 5.790656e-23 1.951353e-22 
3.200000e-01 1.365603e-22 5.789971e-23 1.944600e-22 
3.220000e-01 1.358883e-22 5.798241e-23 1.938708e-22 
3.240000e-01 1.352248e-22 5.831944e-23 1.935442e-22 
3.260000e-01 1.345445e-22 5.872877e-23 1.932732e-22 
3.280000e-01 1.338786e-22 5.907382e-23 1.929524e-22 
3.300000e-01 1.332021e-22 5.942780e-23 1.926299e-22 
3.320000e-01 1.325364e-22 5.972033e-23 1.922567e-22 
3.340000e-01 1.318783e-22 6.001402e-23 1.918924e-22 
3.360000e-01 1.312257e-22 6.023457e-23 1.914603e-22 
3.380000e-01 1.305737e-22 6.044919e-23 1.910229e-22 
3.400000e-01 1.299140e-22 6.061472e-23 1.905288e-22 
3.420000e-01 1.292574e-22 6.079399e-23 1.900514e-22 
3.440000e-01 1.285805e-22 6.099574e-23 1.895762e-22 
3.460000e-01 1.279134e-22 6.119322e-23 1.891066e-22 
3.480000e-01 1.272328e-22 6.136372e-23 1.885965e-22 
3.500000e-01 1.265456e-22 6.152790e-23 1.880735e-22 
3.520000e-01 1.258619e-22 6.165998e-23 1.875218e-22 
3.540000e-01 1.239586e-22 6.178819e-23 1.857468e-22 
3.560000e-01 1.244800e-22 6.189877e-23 1.863788e-22 
3.580000e-01 1.237820e-22 6.200504e-23 1.857870e-22 
3.600000e-01 1.230899e-22 6.207472e-23 1.851646e-22 
3.620000e-01 1.224032e-22 6.214646e-23 1.845496e-22 
3.640000e-01 1.217114e-22 6.221969e-23 1.839311e-22 
3.660000e-01 1.210258e-22 6.229617e-23 1.833220e-22 
3.680000e-01 1.203282e-22 6.234182e-23 1.826700e-22 
3.700000e-01 1.196381e-22 6.239060e-23 1.820287e-22 
3.720000e-01 1.189410e-22 6.243450e-23 1.813755e-22 
3.740000e-01 1.182335e-22 6.248177e-23 1.807153e-22 
3.760000e-01 1.175283e-22 6.250231e-23 1.800307e-22 
3.780000e-01 1.168101e-22 6.251589e-23 1.793260e-22 
3.800000e-01 1.160863e-22 6.250574e-23 1.785920e-22 
3.820000e-01 1.153648e-22 6.248315e-23 1.778480e-22 
3.840000e-01 1.146219e-22 6.245940e-23 1.770812e-22 
3.860000e-01 1.138894e-22 6.243636e-23 1.763257e-22 
3.880000e-01 1.131576e-22 6.241116e-23 1.755687e-22 
3.900000e-01 1.124235e-22 6.237997e-23 1.748034e-22 
3.920000e-01 1.116941e-22 6.234922e-23 1.740433e-22 
3.940000e-01 1.109662e-22 6.231781e-23 1.732840e-22 
3.960000e-01 1.102429e-22 6.228726e-23 1.725301e-22 
3.980000e-01 1.095240e-22 6.224764e-23 1.717717e-22 
4.000000e-01 1.087983e-22 6.219965e-23 1.709979e-22 
4.020000e-01 1.080803e-22 6.214357e-23 1.702239e-22 
4.040000e-01 1.073649e-22 6.206599e-23 1.694309e-22 
4.060000e-01 1.066390e-22 6.199220e-23 1.686312e-22 
4.080000e-01 1.059163e-22 6.192309e-23 1.678394e-22 
4.100000e-01 1.051839e-22 6.185259e-23 1.670365e-22 
4.120000e-01 1.044528e-22 6.177611e-23 1.662289e-22 
4.140000e-01 1.037326e-22 6.169666e-23 1.654293e-22 
4.160000e-01 1.030020e-22 6.161632e-23 1.646183e-22 
4.180000e-01 1.022649e-22 6.153687e-23 1.638018e-22 
4.200000e-01 1.015438e-22 6.145702e-23 1.630008e-22 
4.220000e-01 1.008116e-22 6.137086e-23 1.621824e-22 
4.240000e-01 1.000750e-22 6.128598e-23 1.613610e-22 
4.260000e-01 9.934639e-23 6.119240e-23 1.605388e-22 
4.280000e-01 9.861340e-23 6.109348e-23 1.597069e-22 
4.300000e-01 9.788095e-23 6.099033e-23 1.588713e-22 
4.320000e-01 9.714916e-23 6.088716e-23 1.580363e-22 
4.340000e-01 9.641261e-23 6.078244e-23 1.571950e-22 
4.360000e-01 9.567895e-23 6.068260e-23 1.563615e-22 
4.380000e-01 9.494342e-23 6.058656e-23 1.555300e-22 
4.400000e-01 9.420152e-23 6.048732e-23 1.546888e-22 
4.420000e-01 9.346467e-23 6.036473e-23 1.538294e-22 
4.440000e-01 9.273128e-23 6.024066e-23 1.529719e-22 
4.460000e-01 9.198840e-23 6.011980e-23 1.521082e-22 
4.480000e-01 9.124663e-23 5.999884e-23 1.512455e-22 
4.500000e-01 9.050986e-23 5.988046e-23 1.503903e-22 
4.520000e-01 8.976786e-23 5.972840e-23 1.494963e-22 
4.540000e-01 8.902065e-23 5.957231e-23 1.485930e-22 
4.560000e-01 8.827860e-23 5.941637e-23 1.476950e-22 
4.580000e-01 8.753496e-23 5.926522e-23 1.468002e-22 
4.600000e-01 8.678187e-23 5.911363e-23 1.458955e-22 
4.620000e-01 8.603566e-23 5.896105e-23 1.449967e-22 
4.640000e-01 8.528606e-23 5.881149e-23 1.440975e-22 
4.660000e-01 8.452543e-23 5.865915e-23 1.431846e-22 
4.680000e-01 8.377293e-23 5.851181e-23 1.422847e-22 
4.700000e-01 8.301612e-23 5.836365e-23 1.413798e-22 
4.720000e-01 8.224716e-23 5.820861e-23 1.404558e-22 
4.740000e-01 8.147739e-23 5.803920e-23 1.395166e-22 
4.760000e-01 8.070916e-23 5.786772e-23 1.385769e-22 
4.780000e-01 7.993184e-23 5.769324e-23 1.376251e-22 
4.800000e-01 7.914630e-23 5.751650e-23 1.366628e-22 
4.820000e-01 7.835920e-23 5.733637e-23 1.356956e-22 
4.840000e-01 7.756587e-23 5.715834e-23 1.347242e-22 
4.860000e-01 7.676347e-23 5.697447e-23 1.337379e-22 
4.880000e-01 7.595420e-23 5.679416e-23 1.327484e-22 
4.900000e-01 7.513676e-23 5.659618e-23 1.317329e-22 
4.920000e-01 7.431307e-23 5.640284e-23 1.307159e-22 
4.940000e-01 7.347952e-23 5.620811e-23 1.296876e-22 
4.960000e-01 7.263739e-23 5.601570e-23 1.286531e-22 
4.980000e-01 7.177785e-23 5.582241e-23 1.276003e-22 
5.000000e-01 7.089891e-23 5.562617e-23 1.265251e-22 
5.020000e-01 7.001544e-23 5.543718e-23 1.254526e-22 
5.040000e-01 6.911378e-23 5.524755e-23 1.243613e-22 
5.060000e-01 6.819441e-23 5.505631e-23 1.232507e-22 
5.080000e-01 6.725348e-23 5.486911e-23 1.221226e-22 
5.100000e-01 6.628787e-23 5.467993e-23 1.209678e-22 
5.120000e-01 6.529442e-23 5.449572e-23 1.197901e-22 
5.140000e-01 6.427156e-23 5.431003e-23 1.185816e-22 
5.160000e-01 6.321924e-23 5.412399e-23 1.173432e-22 
5.180000e-01 6.212393e-23 5.394561e-23 1.160695e-22 
5.200000e-01 6.097238e-23 5.377031e-23 1.147427e-22 
5.220000e-01 5.976856e-23 5.359140e-23 1.133600e-22 
5.240000e-01 5.849748e-23 5.340773e-23 1.119052e-22 
5.260000e-01 5.713731e-23 5.321838e-23 1.103557e-22 
5.280000e-01 5.567579e-23 5.302568e-23 1.087015e-22 
5.300000e-01 5.409417e-23 5.283513e-23 1.069293e-22 
5.320000e-01 5.234835e-23 5.264851e-23 1.049969e-22 
5.340000e-01 5.030466e-23 5.245702e-23 1.027617e-22 
5.360000e-01 4.785943e-23 5.225950e-23 1.001189e-22 
5.380000e-01 4.453432e-23 5.205071e-23 9.658503e-23 
5.400000e-01 3.988002e-23 5.102293e-23 9.090295e-23 
5.420000e-01 3.480204e-23 5.164130e-23 8.644334e-23 
5.440000e-01 3.171508e-23 5.145760e-23 8.317268e-23 
5.460000e-01 3.250351e-23 5.127331e-23 8.377682e-23 
5.480000e-01 3.622331e-23 5.108285e-23 8.730616e-23 
5.500000e-01 4.003486e-23 5.088121e-23 9.091607e-23 
5.520000e-01 4.291658e-23 5.068198e-23 9.359856e-23 
5.540000e-01 4.465528e-23 5.048497e-23 9.514025e-23 
5.560000e-01 4.595159e-23 5.030444e-23 9.625602e-23 
5.580000e-01 4.693501e-23 5.011976e-23 9.705477e-23 
5.600000e-01 4.775091e-23 4.993529e-23 9.768621e-23 
5.620000e-01 4.843929e-23 4.974610e-23 9.818539e-23 
5.640000e-01 4.902164e-23 4.955040e-23 9.857204e-23 
5.660000e-01 4.951961e-23 4.935697e-23 9.887659e-23 
5.680000e-01 4.993717e-23 4.916260e-23 9.909977e-23 
5.700000e-01 5.029355e-23 4.896909e-23 9.926264e-23 
5.720000e-01 5.059395e-23 4.877411e-23 9.936806e-23 
5.740000e-01 5.085537e-23 4.857679e-23 9.943216e-23 
5.760000e-01 5.108484e-23 4.838388e-23 9.946872e-23 
5.780000e-01 5.127171e-23 4.819573e-23 9.946744e-23 
5.800000e-01 5.142240e-23 4.800077e-23 9.942317e-23 
5.820000e-01 5.155052e-23 4.781882e-23 9.936934e-23 
5.840000e-01 5.165900e-23 4.763398e-23 9.929298e-23 
5.860000e-01 5.174489e-23 4.745228e-23 9.919717e-23 
5.880000e-01 5.179670e-23 4.726567e-23 9.906237e-23 
5.900000e-01 5.183628e-23 4.707874e-23 9.891502e-23 
5.920000e-01 5.186073e-23 4.689145e-23 9.875218e-23 
5.940000e-01 5.186839e-23 4.670122e-23 9.856961e-23 
5.960000e-01 5.185508e-23 4.651850e-23 9.837358e-23 
5.980000e-01 5.182852e-23 4.633596e-23 9.816448e-23 
6.000000e-01 5.179168e-23 4.614729e-23 9.793897e-23 
6.020000e-01 5.174574e-23 4.594911e-23 9.769485e-23 
6.040000e-01 5.168090e-23 4.574306e-23 9.742396e-23 
6.060000e-01 5.160469e-23 4.553957e-23 9.714426e-23 
6.080000e-01 5.152270e-23 4.535056e-23 9.687326e-23 
6.100000e-01 5.143024e-23 4.518686e-23 9.661710e-23 
6.120000e-01 5.132974e-23 4.502071e-23 9.635045e-23 
6.140000e-01 5.121119e-23 4.485217e-23 9.606336e-23 
6.160000e-01 5.109234e-23 4.466491e-23 9.575725e-23 
6.180000e-01 5.096422e-23 4.447732e-23 9.544154e-23 
6.200000e-01 5.082524e-23 4.428628e-23 9.511152e-23 
6.220000e-01 5.067692e-23 4.409935e-23 9.477627e-23 
6.240000e-01 5.052076e-23 4.392448e-23 9.444524e-23 
6.260000e-01 5.036511e-23 4.374786e-23 9.411297e-23 
6.280000e-01 5.019506e-23 4.357105e-23 9.376611e-23 
6.300000e-01 5.001713e-23 4.338832e-23 9.340545e-23 
6.320000e-01 4.983415e-23 4.319716e-23 9.303132e-23 
6.340000e-01 4.964802e-23 4.300489e-23 9.265291e-23 
6.360000e-01 4.945115e-23 4.281342e-23 9.226458e-23 
6.380000e-01 4.924496e-23 4.263649e-23 9.188146e-23 
6.400000e-01 4.903026e-23 4.245416e-23 9.148442e-23 
6.420000e-01 4.880687e-23 4.227444e-23 9.108131e-23 
6.440000e-01 4.858029e-23 4.210466e-23 9.068495e-23 
6.460000e-01 4.834371e-23 4.195194e-23 9.029565e-23 
6.480000e-01 4.809619e-23 4.179656e-23 8.989276e-23 
6.500000e-01 4.783493e-23 4.164253e-23 8.947746e-23 
6.520000e-01 4.756816e-23 4.146627e-23 8.903443e-23 
6.540000e-01 4.729308e-23 4.127716e-23 8.857024e-23 
6.560000e-01 4.700234e-23 4.108513e-23 8.808746e-23 
6.580000e-01 4.670293e-23 4.089507e-23 8.759800e-23 
6.600000e-01 4.639121e-23 4.072662e-23 8.711784e-23 
6.620000e-01 4.606679e-23 4.055793e-23 8.662472e-23 
6.640000e-01 4.573010e-23 4.039078e-23 8.612087e-23 
6.660000e-01 4.537781e-23 4.022035e-23 8.559816e-23 
6.680000e-01 4.500748e-23 4.004744e-23 8.505491e-23 
6.700000e-01 4.462697e-23 3.987199e-23 8.449896e-23 
6.720000e-01 4.423665e-23 3.969481e-23 8.393146e-23 
6.740000e-01 4.382469e-23 3.952352e-23 8.334821e-23 
6.760000e-01 4.338647e-23 3.935803e-23 8.274450e-23 
6.780000e-01 4.293467e-23 3.919313e-23 8.212780e-23 
6.800000e-01 4.246164e-23 3.902840e-23 8.149005e-23 
6.820000e-01 4.175420e-23 3.886605e-23 8.062025e-23 
6.840000e-01 4.141942e-23 3.870680e-23 8.012622e-23 
6.860000e-01 4.085249e-23 3.854549e-23 7.939798e-23 
6.880000e-01 4.023250e-23 3.838562e-23 7.861812e-23 
6.900000e-01 3.957251e-23 3.822236e-23 7.779487e-23 
6.920000e-01 3.883922e-23 3.806447e-23 7.690369e-23 
6.940000e-01 3.800276e-23 3.790423e-23 7.590698e-23 
6.960000e-01 3.708600e-23 3.774642e-23 7.483242e-23 
6.980000e-01 3.596275e-23 3.758261e-23 7.354536e-23 
7.000000e-01 3.439216e-23 3.741992e-23 7.181208e-23 
7.020000e-01 3.254235e-23 3.725726e-23 6.979961e-23 
7.040000e-01 3.033000e-23 3.709592e-23 6.742592e-23 
7.060000e-01 2.888449e-23 3.693328e-23 6.581777e-23 
7.080000e-01 2.815481e-23 3.677710e-23 6.493191e-23 
7.100000e-01 2.914523e-23 3.661659e-23 6.576182e-23 
7.120000e-01 3.070022e-23 3.645676e-23 6.715698e-23 
7.140000e-01 3.286025e-23 3.630023e-23 6.916048e-23 
7.160000e-01 3.457038e-23 3.614783e-23 7.071820e-23 
7.180000e-01 3.601175e-23 3.599339e-23 7.200513e-23 
7.200000e-01 3.689269e-23 3.584039e-23 7.273308e-23 
7.220000e-01 3.757830e-23 3.568595e-23 7.326425e-23 
7.240000e-01 3.817503e-23 3.554060e-23 7.371563e-23 
7.260000e-01 3.864849e-23 3.539406e-23 7.404255e-23 
7.280000e-01 3.907251e-23 3.524987e-23 7.432238e-23 
7.300000e-01 3.945488e-23 3.509988e-23 7.455476e-23 
7.320000e-01 3.975932e-23 3.494848e-23 7.470780e-23 
7.340000e-01 4.004741e-23 3.479287e-23 7.484028e-23 
7.360000e-01 4.029746e-23 3.463811e-23 7.493557e-23 
7.380000e-01 4.052094e-23 3.448267e-23 7.500361e-23 
7.400000e-01 4.073065e-23 3.433047e-23 7.506112e-23 
7.420000e-01 4.090368e-23 3.417976e-23 7.508343e-23 
7.440000e-01 4.106663e-23 3.403231e-23 7.509894e-23 
7.460000e-01 4.120935e-23 3.388054e-23 7.508989e-23 
7.480000e-01 4.133989e-23 3.373913e-23 7.507902e-23 
7.500000e-01 4.145633e-23 3.359491e-23 7.505125e-23 
7.520000e-01 4.155779e-23 3.345746e-23 7.501525e-23 
7.540000e-01 4.164641e-23 3.331278e-23 7.495919e-23 
7.560000e-01 4.171989e-23 3.317495e-23 7.489483e-23 
7.580000e-01 4.178904e-23 3.303941e-23 7.482845e-23 
7.600000e-01 4.185405e-23 3.290409e-23 7.475814e-23 
7.620000e-01 4.190244e-23 3.276928e-23 7.467172e-23 
7.640000e-01 4.194507e-23 3.263482e-23 7.457989e-23 
7.660000e-01 4.197859e-23 3.250113e-23 7.447972e-23 
7.680000e-01 4.200600e-23 3.237451e-23 7.438051e-23 
7.700000e-01 4.203372e-23 3.224279e-23 7.427651e-23 
7.720000e-01 4.204783e-23 3.211362e-23 7.416145e-23 
7.740000e-01 4.205353e-23 3.197919e-23 7.403272e-23 
7.760000e-01 4.205387e-23 3.183783e-23 7.389171e-23 
7.780000e-01 4.204510e-23 3.170060e-23 7.374570e-23 
7.800000e-01 4.203132e-23 3.156169e-23 7.359301e-23 
7.820000e-01 4.201392e-23 3.141654e-23 7.343046e-23 
7.840000e-01 4.199213e-23 3.128991e-23 7.328205e-23 
7.860000e-01 4.195616e-23 3.115960e-23 7.311575e-23 
7.880000e-01 4.191931e-23 3.102695e-23 7.294627e-23 
7.900000e-01 4.187615e-23 3.089488e-23 7.277103e-23 
7.920000e-01 4.182458e-23 3.076413e-23 7.258871e-23 
7.940000e-01 4.176833e-23 3.063903e-23 7.240736e-23 
7.960000e-01 4.169295e-23 3.051685e-23 7.220980e-23 
7.980000e-01 4.161065e-23 3.038967e-23 7.200032e-23 
8.000000e-01 4.152484e-23 3.026359e-23 7.178843e-23 
8.020000e-01 4.145468e-23 3.014303e-23 7.159771e-23 
8.040000e-01 4.138983e-23 3.002446e-23 7.141429e-23 
8.060000e-01 4.133055e-23 2.989850e-23 7.122905e-23 
8.080000e-01 4.126890e-23 2.978648e-23 7.105538e-23 
8.100000e-01 4.120500e-23 2.966345e-23 7.086846e-23 
8.120000e-01 4.114686e-23 2.953689e-23 7.068376e-23 
8.140000e-01 4.109658e-23 2.940218e-23 7.049877e-23 
8.160000e-01 4.104406e-23 2.927349e-23 7.031755e-23 
8.180000e-01 4.099061e-23 2.913974e-23 7.013035e-23 
8.200000e-01 4.093850e-23 2.902156e-23 6.996006e-23 
8.220000e-01 4.088778e-23 2.891229e-23 6.980007e-23 
8.240000e-01 4.083673e-23 2.880037e-23 6.963710e-23 
8.260000e-01 4.078910e-23 2.869273e-23 6.948182e-23 
8.280000e-01 4.073924e-23 2.858088e-23 6.932011e-23 
8.300000e-01 4.068031e-23 2.846636e-23 6.914667e-23 
8.320000e-01 4.063351e-23 2.834822e-23 6.898174e-23 
8.340000e-01 4.058709e-23 2.823157e-23 6.881866e-23 
8.360000e-01 4.054257e-23 2.811116e-23 6.865373e-23 
8.380000e-01 4.049718e-23 2.799208e-23 6.848926e-23 
8.400000e-01 4.045988e-23 2.787832e-23 6.833820e-23 
8.420000e-01 4.042203e-23 2.776941e-23 6.819144e-23 
8.440000e-01 4.038534e-23 2.764890e-23 6.803425e-23 
8.460000e-01 4.034813e-23 2.753602e-23 6.788415e-23 
8.480000e-01 4.031370e-23 2.742099e-23 6.773470e-23 
8.500000e-01 4.028344e-23 2.731725e-23 6.760070e-23 
8.520000e-01 4.025288e-23 2.720667e-23 6.745956e-23 
8.540000e-01 4.022719e-23 2.710265e-23 6.732984e-23 
8.560000e-01 4.020349e-23 2.699552e-23 6.719901e-23 
8.580000e-01 4.017469e-23 2.688694e-23 6.706163e-23 
8.600000e-01 4.014816e-23 2.677035e-23 6.691851e-23 
8.620000e-01 4.011536e-23 2.665751e-23 6.677287e-23 
8.640000e-01 4.008620e-23 2.654232e-23 6.662852e-23 
8.660000e-01 4.005142e-23 2.642791e-23 6.647933e-23 
8.680000e-01 4.002087e-23 2.631938e-23 6.634025e-23 
8.700000e-01 3.998335e-23 2.620504e-23 6.618840e-23 
8.720000e-01 3.994306e-23 2.609424e-23 6.603730e-23 
8.740000e-01 3.989763e-23 2.598794e-23 6.588557e-23 
8.760000e-01 3.984559e-23 2.587742e-23 6.572301e-23 
8.780000e-01 3.979127e-23 2.576832e-23 6.555959e-23 
8.800000e-01 3.973506e-23 2.567614e-23 6.541120e-23 
8.820000e-01 3.967370e-23 2.558670e-23 6.526040e-23 
8.840000e-01 3.962132e-23 2.549363e-23 6.511495e-23 
8.860000e-01 3.956283e-23 2.539760e-23 6.496043e-23 
8.880000e-01 3.949882e-23 2.530768e-23 6.480650e-23 
8.900000e-01 3.943313e-23 2.520725e-23 6.464038e-23 
8.920000e-01 3.936133e-23 2.510799e-23 6.446932e-23 
8.940000e-01 3.929521e-23 2.501150e-23 6.430671e-23 
8.960000e-01 3.922900e-23 2.491170e-23 6.414070e-23 
8.980000e-01 3.916615e-23 2.481202e-23 6.397816e-23 
9.000000e-01 3.909648e-23 2.470637e-23 6.380285e-23 
9.020000e-01 3.902551e-23 2.460063e-23 6.362613e-23 
9.040000e-01 3.895253e-23 2.449453e-23 6.344706e-23 
9.060000e-01 3.887986e-23 2.438598e-23 6.326584e-23 
9.080000e-01 3.881204e-23 2.427695e-23 6.308898e-23 
9.100000e-01 3.873744e-23 2.418462e-23 6.292206e-23 
9.120000e-01 3.866731e-23 2.409547e-23 6.276278e-23 
9.140000e-01 3.859169e-23 2.400346e-23 6.259515e-23 
9.160000e-01 3.851500e-23 2.391367e-23 6.242867e-23 
9.180000e-01 3.843923e-23 2.382731e-23 6.226654e-23 
9.200000e-01 3.836091e-23 2.373215e-23 6.209306e-23 
9.220000e-01 3.828408e-23 2.363175e-23 6.191582e-23 
9.240000e-01 3.821888e-23 2.353320e-23 6.175207e-23 
9.260000e-01 3.814205e-23 2.343647e-23 6.157853e-23 
9.280000e-01 3.806335e-23 2.333981e-23 6.140316e-23 
9.300000e-01 3.798297e-23 2.324410e-23 6.122707e-23 
9.320000e-01 3.790228e-23 2.316118e-23 6.106346e-23 
9.340000e-01 3.782029e-23 2.308261e-23 6.090290e-23 
9.360000e-01 3.773939e-23 2.301044e-23 6.074983e-23 
9.380000e-01 3.766134e-23 2.292522e-23 6.058655e-23 
9.400000e-01 3.757669e-23 2.284609e-23 6.042277e-23 
9.420000e-01 3.749772e-23 2.275876e-23 6.025648e-23 
9.440000e-01 3.741330e-23 2.267350e-23 6.008680e-23 
9.460000e-01 3.733137e-23 2.258478e-23 5.991615e-23 
9.480000e-01 3.724910e-23 2.249893e-23 5.974803e-23 
9.500000e-01 3.716520e-23 2.240957e-23 5.957477e-23 
9.520000e-01 3.708042e-23 2.232143e-23 5.940185e-23 
9.540000e-01 3.699572e-23 2.223995e-23 5.923567e-23 
9.560000e-01 3.691502e-23 2.215902e-23 5.907404e-23 
9.580000e-01 3.682744e-23 2.207188e-23 5.889932e-23 
9.600000e-01 3.674335e-23 2.198796e-23 5.873132e-23 
9.620000e-01 3.665754e-23 2.190525e-23 5.856279e-23 
9.640000e-01 3.655885e-23 2.181667e-23 5.837552e-23 
9.660000e-01 3.647314e-23 2.172277e-23 5.819591e-23 
9.680000e-01 3.638724e-23 2.163293e-23 5.802017e-23 
9.700000e-01 3.630007e-23 2.153832e-23 5.783839e-23 
9.720000e-01 3.621755e-23 2.144660e-23 5.766415e-23 
9.740000e-01 3.612951e-23 2.135950e-23 5.748901e-23 
9.760000e-01 3.604474e-23 2.127817e-23 5.732291e-23 
9.780000e-01 3.595933e-23 2.119855e-23 5.715788e-23 
9.800000e-01 3.587560e-23 2.112361e-23 5.699921e-23 
9.820000e-01 3.578715e-23 2.104762e-23 5.683477e-23 
9.840000e-01 3.569320e-23 2.097352e-23 5.666671e-23 
9.860000e-01 3.560978e-23 2.089177e-23 5.650155e-23 
9.880000e-01 3.552547e-23 2.080536e-23 5.633083e-23 
9.900000e-01 3.543293e-23 2.072147e-23 5.615440e-23 
9.920000e-01 3.534871e-23 2.063336e-23 5.598207e-23 
9.940000e-01 3.526124e-23 2.054947e-23 5.581071e-23 
9.960000e-01 3.517463e-23 2.046926e-23 5.564389e-23 
9.980000e-01 3.508948e-23 2.042231e-23 5.551180e-23 
1.000000e+00 3.500369e-23 2.037572e-23 5.537940e-23 
1.002000e+00 3.491669e-23 2.030496e-23 5.522165e-23 
1.004000e+00 3.483637e-23 2.023807e-23 5.507444e-23 
1.006000e+00 3.474974e-23 2.016976e-23 5.491951e-23 
1.008000e+00 3.466127e-23 2.009998e-23 5.476125e-23 
1.010000e+00 3.457362e-23 2.003453e-23 5.460815e-23 
1.012000e+00 3.448277e-23 1.996412e-23 5.444689e-23 
1.014000e+00 3.440001e-23 1.989466e-23 5.429467e-23 
1.016000e+00 3.431040e-23 1.982759e-23 5.413798e-23 
1.018000e+00 3.422462e-23 1.975527e-23 5.397989e-23 
1.020000e+00 3.413771e-23 1.968915e-23 5.382686e-23 
1.022000e+00 3.405157e-23 1.961479e-23 5.366636e-23 
1.024000e+00 3.396186e-23 1.954693e-23 5.350879e-23 
1.026000e+00 3.387466e-23 1.948114e-23 5.335580e-23 
1.028000e+00 3.378969e-23 1.942132e-23 5.321101e-23 
1.030000e+00 3.370005e-23 1.935554e-23 5.305559e-23 
1.032000e+00 3.361669e-23 1.928762e-23 5.290431e-23 
1.034000e+00 3.352933e-23 1.922136e-23 5.275069e-23 
1.036000e+00 3.344231e-23 1.915866e-23 5.260097e-23 
1.038000e+00 3.335601e-23 1.909087e-23 5.244688e-23 
1.040000e+00 3.325914e-23 1.902704e-23 5.228618e-23 
1.042000e+00 3.317752e-23 1.895853e-23 5.213605e-23 
1.044000e+00 3.308739e-23 1.889526e-23 5.198265e-23 
1.046000e+00 3.300240e-23 1.883329e-23 5.183569e-23 
1.048000e+00 3.291120e-23 1.876376e-23 5.167497e-23 
1.050000e+00 3.282768e-23 1.870258e-23 5.153026e-23 
1.052000e+00 3.273757e-23 1.864082e-23 5.137839e-23 
1.054000e+00 3.265265e-23 1.857703e-23 5.122968e-23 
1.056000e+00 3.256881e-23 1.851791e-23 5.108672e-23 
1.058000e+00 3.248064e-23 1.845517e-23 5.093582e-23 
1.060000e+00 3.239434e-23 1.839152e-23 5.078586e-23 
1.062000e+00 3.230203e-23 1.833371e-23 5.063574e-23 
1.064000e+00 3.221644e-23 1.826811e-23 5.048456e-23 
1.066000e+00 3.213528e-23 1.820869e-23 5.034397e-23 
1.068000e+00 3.204736e-23 1.814329e-23 5.019065e-23 
1.070000e+00 3.196018e-23 1.808319e-23 5.004338e-23 
1.072000e+00 3.187776e-23 1.802238e-23 4.990014e-23 
1.074000e+00 3.178804e-23 1.796863e-23 4.975667e-23 
1.076000e+00 3.170254e-23 1.790993e-23 4.961247e-23 
1.078000e+00 3.161931e-23 1.785360e-23 4.947291e-23 
1.080000e+00 3.153284e-23 1.779456e-23 4.932740e-23 
1.082000e+00 3.144807e-23 1.773622e-23 4.918430e-23 
1.084000e+00 3.135293e-23 1.767806e-23 4.903098e-23 
1.086000e+00 3.127353e-23 1.761772e-23 4.889126e-23 
1.088000e+00 3.118655e-23 1.756429e-23 4.875085e-23 
1.090000e+00 3.110164e-23 1.750314e-23 4.860478e-23 
1.092000e+00 3.101958e-23 1.744234e-23 4.846192e-23 
1.094000e+00 3.092950e-23 1.738460e-23 4.831410e-23 
1.096000e+00 3.084421e-23 1.732506e-23 4.816927e-23 
1.098000e+00 3.076642e-23 1.726756e-23 4.803399e-23 
1.100000e+00 3.068065e-23 1.721643e-23 4.789709e-23 
1.102000e+00 3.060561e-23 1.716374e-23 4.776935e-23 
1.104000e+00 3.051979e-23 1.710576e-23 4.762555e-23 
1.106000e+00 3.043475e-23 1.705686e-23 4.749161e-23 
1.108000e+00 3.034695e-23 1.700134e-23 4.734829e-23 
1.110000e+00 3.026506e-23 1.694840e-23 4.721346e-23 
1.112000e+00 3.018072e-23 1.688897e-23 4.706969e-23 
1.114000e+00 3.009518e-23 1.683821e-23 4.693339e-23 
1.116000e+00 3.000955e-23 1.678218e-23 4.679173e-23 
1.118000e+00 2.992229e-23 1.672754e-23 4.664982e-23 
1.120000e+00 2.983865e-23 1.666949e-23 4.650814e-23 
1.122000e+00 2.975486e-23 1.661506e-23 4.636992e-23 
1.124000e+00 2.966819e-23 1.657025e-23 4.623844e-23 
1.126000e+00 2.958649e-23 1.651427e-23 4.610076e-23 
1.128000e+00 2.949690e-23 1.646333e-23 4.596023e-23 
1.130000e+00 2.941263e-23 1.641447e-23 4.582710e-23 
1.132000e+00 2.932773e-23 1.636120e-23 4.568893e-23 
1.134000e+00 2.924294e-23 1.631214e-23 4.555508e-23 
1.136000e+00 2.916496e-23 1.625721e-23 4.542217e-23 
1.138000e+00 2.908106e-23 1.620695e-23 4.528801e-23 
1.140000e+00 2.899834e-23 1.615757e-23 4.515590e-23 
1.142000e+00 2.891224e-23 1.610227e-23 4.501452e-23 
1.144000e+00 2.882126e-23 1.605248e-23 4.487374e-23 
1.146000e+00 2.873289e-23 1.600216e-23 4.473505e-23 
1.148000e+00 2.865042e-23 1.594960e-23 4.460001e-23 
1.150000e+00 2.856588e-23 1.589793e-23 4.446381e-23 
1.152000e+00 2.848895e-23 1.584714e-23 4.433609e-23 
1.154000e+00 2.840521e-23 1.580018e-23 4.420538e-23 
1.156000e+00 2.832806e-23 1.575236e-23 4.408042e-23 
1.158000e+00 2.824128e-23 1.569724e-23 4.393853e-23 
1.160000e+00 2.815908e-23 1.564986e-23 4.380894e-23 
1.162000e+00 2.807570e-23 1.560158e-23 4.367728e-23 
1.164000e+00 2.799355e-23 1.555243e-23 4.354598e-23 
1.166000e+00 2.790504e-23 1.550466e-23 4.340970e-23 
1.168000e+00 2.782220e-23 1.545422e-23 4.327642e-23 
1.170000e+00 2.774095e-23 1.540369e-23 4.314464e-23 
1.172000e+00 2.765671e-23 1.535529e-23 4.301200e-23 
1.174000e+00 2.758203e-23 1.530510e-23 4.288714e-23 
1.176000e+00 2.749763e-23 1.525852e-23 4.275615e-23 
1.178000e+00 2.741331e-23 1.521288e-23 4.262619e-23 
1.180000e+00 2.733498e-23 1.516748e-23 4.250246e-23 
1.182000e+00 2.725026e-23 1.512597e-23 4.237623e-23 
1.184000e+00 2.716325e-23 1.507989e-23 4.224315e-23 
1.186000e+00 2.708489e-23 1.503152e-23 4.211640e-23 
1.188000e+00 2.700358e-23 1.498506e-23 4.198864e-23 
1.190000e+00 2.692412e-23 1.494106e-23 4.186518e-23 
1.192000e+00 2.684152e-23 1.489399e-23 4.173551e-23 
1.194000e+00 2.675967e-23 1.485163e-23 4.161129e-23 
1.196000e+00 2.667561e-23 1.480474e-23 4.148034e-23 
1.198000e+00 2.659700e-23 1.475894e-23 4.135593e-23 
1.200000e+00 2.651417e-23 1.471088e-23 4.122505e-23 
1.202000e+00 2.643173e-23 1.466657e-23 4.109830e-23 
1.204000e+00 2.634462e-23 1.462096e-23 4.096559e-23 
1.206000e+00 2.626770e-23 1.458209e-23 4.084979e-23 
1.208000e+00 2.618784e-23 1.453501e-23 4.072285e-23 
1.210000e+00 2.610114e-23 1.449678e-23 4.059792e-23 
1.212000e+00 2.601968e-23 1.445030e-23 4.046997e-23 
1.214000e+00 2.593918e-23 1.440990e-23 4.034907e-23 
1.216000e+00 2.585987e-23 1.436903e-23 4.022890e-23 
1.218000e+00 2.577134e-23 1.432176e-23 4.009309e-23 
1.220000e+00 2.568215e-23 1.428030e-23 3.996245e-23 
1.222000e+00 2.559719e-23 1.423638e-23 3.983356e-23 
1.224000e+00 2.551463e-23 1.419736e-23 3.971198e-23 
1.226000e+00 2.543005e-23 1.414952e-23 3.957957e-23 
1.228000e+00 2.534840e-23 1.410554e-23 3.945394e-23 
1.230000e+00 2.526327e-23 1.405854e-23 3.932181e-23 
1.232000e+00 2.518127e-23 1.402184e-23 3.920311e-23 
1.234000e+00 2.509387e-23 1.398089e-23 3.907476e-23 
1.236000e+00 2.500805e-23 1.393953e-23 3.894758e-23 
1.238000e+00 2.491964e-23 1.389592e-23 3.881557e-23 
1.240000e+00 2.483619e-23 1.385643e-23 3.869262e-23 
1.242000e+00 2.475332e-23 1.381763e-23 3.857095e-23 
1.244000e+00 2.466638e-23 1.377819e-23 3.844457e-23 
1.246000e+00 2.457061e-23 1.373736e-23 3.830798e-23 
1.248000e+00 2.448019e-23 1.369806e-23 3.817825e-23 
1.250000e+00 2.439406e-23 1.365729e-23 3.805135e-23 
1.252000e+00 2.430834e-23 1.361701e-23 3.792536e-23 
1.254000e+00 2.421887e-23 1.357429e-23 3.779316e-23 
1.256000e+00 2.411999e-23 1.353443e-23 3.765442e-23 
1.258000e+00 2.402885e-23 1.349387e-23 3.752272e-23 
1.260000e+00 2.393717e-23 1.345173e-23 3.738890e-23 
1.262000e+00 2.383915e-23 1.341429e-23 3.725343e-23 
1.264000e+00 2.374337e-23 1.337527e-23 3.711864e-23 
1.266000e+00 2.364783e-23 1.333844e-23 3.698626e-23 
1.268000e+00 2.353933e-23 1.330233e-23 3.684167e-23 
1.270000e+00 2.344118e-23 1.326480e-23 3.670598e-23 
1.272000e+00 2.333323e-23 1.322527e-23 3.655850e-23 
1.274000e+00 2.322455e-23 1.318731e-23 3.641186e-23 
1.276000e+00 2.312092e-23 1.314851e-23 3.626942e-23 
1.278000e+00 2.300077e-23 1.310935e-23 3.611013e-23 
1.280000e+00 2.287745e-23 1.307196e-23 3.594940e-23 
1.282000e+00 2.275725e-23 1.303199e-23 3.578924e-23 
1.284000e+00 2.261255e-23 1.299704e-23 3.560960e-23 
1.286000e+00 2.246598e-23 1.295597e-23 3.542195e-23 
1.288000e+00 2.229521e-23 1.291667e-23 3.521188e-23 
1.290000e+00 2.206678e-23 1.288435e-23 3.495113e-23 
1.292000e+00 2.184226e-23 1.284919e-23 3.469145e-23 
1.294000e+00 2.161433e-23 1.280621e-23 3.442054e-23 
1.296000e+00 2.138085e-23 1.277094e-23 3.415179e-23 
1.298000e+00 2.115567e-23 1.273693e-23 3.389260e-23 
1.300000e+00 2.101889e-23 1.269975e-23 3.371864e-23 
1.302000e+00 2.093566e-23 1.266490e-23 3.360057e-23 
1.304000e+00 2.084275e-23 1.262887e-23 3.347162e-23 
1.306000e+00 2.086951e-23 1.259312e-23 3.346263e-23 
1.308000e+00 2.091657e-23 1.255741e-23 3.347398e-23 
1.310000e+00 2.097106e-23 1.251888e-23 3.348993e-23 
1.312000e+00 2.108672e-23 1.248415e-23 3.357087e-23 
1.314000e+00 2.119950e-23 1.244932e-23 3.364882e-23 
1.316000e+00 2.131715e-23 1.241375e-23 3.373091e-23 
1.318000e+00 2.137507e-23 1.237751e-23 3.375257e-23 
1.320000e+00 2.143820e-23 1.234296e-23 3.378116e-23 
1.322000e+00 2.149283e-23 1.231139e-23 3.380422e-23 
1.324000e+00 2.150587e-23 1.227614e-23 3.378201e-23 
1.326000e+00 2.153019e-23 1.224464e-23 3.377483e-23 
1.328000e+00 2.154424e-23 1.221104e-23 3.375529e-23 
1.330000e+00 2.154526e-23 1.217821e-23 3.372347e-23 
1.332000e+00 2.154624e-23 1.214261e-23 3.368885e-23 
1.334000e+00 2.154895e-23 1.210959e-23 3.365853e-23 
1.336000e+00 2.153540e-23 1.207672e-23 3.361212e-23 
1.338000e+00 2.152622e-23 1.204169e-23 3.356791e-23 
1.340000e+00 2.151869e-23 1.201228e-23 3.353097e-23 
1.342000e+00 2.150004e-23 1.197675e-23 3.347680e-23 
1.344000e+00 2.148780e-23 1.194109e-23 3.342889e-23 
1.346000e+00 2.146748e-23 1.190983e-23 3.337731e-23 
1.348000e+00 2.144197e-23 1.187964e-23 3.332160e-23 
1.350000e+00 2.142087e-23 1.184410e-23 3.326497e-23 
1.352000e+00 2.140045e-23 1.181592e-23 3.321637e-23 
1.354000e+00 2.137238e-23 1.178436e-23 3.315674e-23 
1.356000e+00 2.134730e-23 1.175381e-23 3.310110e-23 
1.358000e+00 2.132744e-23 1.172144e-23 3.304888e-23 
1.360000e+00 2.129367e-23 1.168517e-23 3.297885e-23 
1.362000e+00 2.126950e-23 1.165455e-23 3.292405e-23 
1.364000e+00 2.124219e-23 1.162196e-23 3.286415e-23 
1.366000e+00 2.121342e-23 1.159066e-23 3.280408e-23 
1.368000e+00 2.117700e-23 1.156050e-23 3.273750e-23 
1.370000e+00 2.114890e-23 1.152772e-23 3.267662e-23 
1.372000e+00 2.111097e-23 1.149531e-23 3.260628e-23 
1.374000e+00 2.108226e-23 1.146290e-23 3.254515e-23 
1.376000e+00 2.104810e-23 1.143135e-23 3.247945e-23 
1.378000e+00 2.101622e-23 1.139915e-23 3.241537e-23 
1.380000e+00 2.098420e-23 1.136365e-23 3.234786e-23 
1.382000e+00 2.096127e-23 1.133858e-23 3.229985e-23 
1.384000e+00 2.092120e-23 1.130939e-23 3.223059e-23 
1.386000e+00 2.088269e-23 1.127897e-23 3.216166e-23 
1.388000e+00 2.084501e-23 1.124784e-23 3.209285e-23 
1.390000e+00 2.081386e-23 1.122100e-23 3.203485e-23 
1.392000e+00 2.077262e-23 1.119333e-23 3.196595e-23 
1.394000e+00 2.074299e-23 1.115881e-23 3.190180e-23 
1.396000e+00 2.069875e-23 1.113140e-23 3.183015e-23 
1.398000e+00 2.066531e-23 1.109986e-23 3.176517e-23 
1.400000e+00 2.062387e-23 1.107335e-23 3.169722e-23 
1.402000e+00 2.058560e-23 1.104009e-23 3.162568e-23 
1.404000e+00 2.054482e-23 1.101146e-23 3.155628e-23 
1.406000e+00 2.050502e-23 1.097546e-23 3.148048e-23 
1.408000e+00 2.046700e-23 1.094697e-23 3.141397e-23 
1.410000e+00 1.993986e-23 1.091632e-23 3.085617e-23 
1.412000e+00 2.039037e-23 1.088454e-23 3.127491e-23 
1.414000e+00 2.035669e-23 1.085808e-23 3.121477e-23 
1.416000e+00 2.031567e-23 1.082937e-23 3.114503e-23 
1.418000e+00 2.027874e-23 1.080444e-23 3.108318e-23 
1.420000e+00 2.023922e-23 1.077398e-23 3.101320e-23 
1.422000e+00 2.020272e-23 1.074797e-23 3.095069e-23 
1.424000e+00 2.016454e-23 1.072060e-23 3.088514e-23 
1.426000e+00 2.012254e-23 1.069100e-23 3.081354e-23 
1.428000e+00 2.007912e-23 1.066654e-23 3.074565e-23 
1.430000e+00 2.003583e-23 1.063680e-23 3.067263e-23 
1.432000e+00 1.999575e-23 1.060642e-23 3.060217e-23 
1.434000e+00 1.996045e-23 1.058016e-23 3.054062e-23 
1.436000e+00 1.992435e-23 1.055424e-23 3.047859e-23 
1.438000e+00 1.988650e-23 1.052899e-23 3.041549e-23 
1.440000e+00 1.985004e-23 1.049464e-23 3.034468e-23 
1.442000e+00 1.981163e-23 1.046732e-23 3.027895e-23 
1.444000e+00 1.976417e-23 1.044104e-23 3.020520e-23 
1.446000e+00 1.972699e-23 1.041402e-23 3.014101e-23 
1.448000e+00 1.968972e-23 1.038523e-23 3.007495e-23 
1.450000e+00 1.964959e-23 1.036416e-23 3.001375e-23 
1.452000e+00 1.960412e-23 1.033626e-23 2.994037e-23 
1.454000e+00 1.956536e-23 1.030793e-23 2.987330e-23 
1.456000e+00 1.952300e-23 1.028533e-23 2.980833e-23 
1.458000e+00 1.948431e-23 1.025716e-23 2.974147e-23 
1.460000e+00 1.944555e-23 1.023540e-23 2.968094e-23 
1.462000e+00 1.940515e-23 1.020684e-23 2.961200e-23 
1.464000e+00 1.936676e-23 1.017670e-23 2.954346e-23 
1.466000e+00 1.932589e-23 1.015286e-23 2.947876e-23 
1.468000e+00 1.928899e-23 1.012778e-23 2.941677e-23 
1.470000e+00 1.924921e-23 1.010340e-23 2.935261e-23 
1.472000e+00 1.920790e-23 1.007368e-23 2.928158e-23 
1.474000e+00 1.917351e-23 1.005231e-23 2.922582e-23 
1.476000e+00 1.913799e-23 1.002307e-23 2.916105e-23 
1.478000e+00 1.909773e-23 9.999402e-24 2.909713e-23 
1.480000e+00 1.906233e-23 9.974585e-24 2.903692e-23 
1.482000e+00 1.902102e-23 9.944926e-24 2.896595e-23 
1.484000e+00 1.898262e-23 9.919703e-24 2.890232e-23 
1.486000e+00 1.894201e-23 9.901002e-24 2.884301e-23 
1.488000e+00 1.889882e-23 9.875407e-24 2.877423e-23 
1.490000e+00 1.886338e-23 9.855784e-24 2.871916e-23 
1.492000e+00 1.881651e-23 9.830048e-24 2.864655e-23 
1.494000e+00 1.878216e-23 9.806276e-24 2.858844e-23 
1.496000e+00 1.873903e-23 9.780384e-24 2.851942e-23 
1.498000e+00 1.869711e-23 9.754723e-24 2.845183e-23 
1.500000e+00 1.865929e-23 9.729098e-24 2.838839e-23 
1.502000e+00 1.861404e-23 9.704431e-24 2.831847e-23 
1.504000e+00 1.857947e-23 9.676162e-24 2.825563e-23 
1.506000e+00 1.854489e-23 9.651591e-24 2.819648e-23 
1.508000e+00 1.850759e-23 9.626777e-24 2.813436e-23 
1.510000e+00 1.846947e-23 9.602352e-24 2.807182e-23 
1.512000e+00 1.842418e-23 9.581532e-24 2.800571e-23 
1.514000e+00 1.838675e-23 9.557174e-24 2.794393e-23 
1.516000e+00 1.834746e-23 9.537095e-24 2.788455e-23 
1.518000e+00 1.830689e-23 9.509261e-24 2.781615e-23 
1.520000e+00 1.826666e-23 9.488747e-24 2.775541e-23 
1.522000e+00 1.822812e-23 9.467075e-24 2.769520e-23 
1.524000e+00 1.818669e-23 9.440078e-24 2.762676e-23 
1.526000e+00 1.814515e-23 9.418976e-24 2.756413e-23 
1.528000e+00 1.809829e-23 9.396575e-24 2.749486e-23 
1.530000e+00 1.805655e-23 9.375953e-24 2.743250e-23 
1.532000e+00 1.802642e-23 9.347883e-24 2.737430e-23 
1.534000e+00 1.798221e-23 9.325304e-24 2.730752e-23 
1.536000e+00 1.795114e-23 9.298297e-24 2.724944e-23 
1.538000e+00 1.790826e-23 9.277157e-24 2.718542e-23 
1.540000e+00 1.786817e-23 9.249622e-24 2.711779e-23 
1.542000e+00 1.782751e-23 9.229101e-24 2.705662e-23 
1.544000e+00 1.779047e-23 9.205171e-24 2.699564e-23 
1.546000e+00 1.774832e-23 9.184401e-24 2.693272e-23 
1.548000e+00 1.771433e-23 9.161612e-24 2.687594e-23 
1.550000e+00 1.767301e-23 9.137859e-24 2.681086e-23 
1.552000e+00 1.763768e-23 9.114821e-24 2.675250e-23 
1.554000e+00 1.759416e-23 9.094887e-24 2.668904e-23 
1.556000e+00 1.756019e-23 9.074303e-24 2.663449e-23 
1.558000e+00 1.752380e-23 9.052827e-24 2.657663e-23 
1.560000e+00 1.747997e-23 9.027433e-24 2.650740e-23 
1.562000e+00 1.744505e-23 9.009238e-24 2.645429e-23 
1.564000e+00 1.740067e-23 8.987117e-24 2.638779e-23 
1.566000e+00 1.736197e-23 8.963134e-24 2.632510e-23 
1.568000e+00 1.732403e-23 8.944601e-24 2.626863e-23 
1.570000e+00 1.728756e-23 8.918520e-24 2.620608e-23 
1.572000e+00 1.725234e-23 8.895888e-24 2.614823e-23 
1.574000e+00 1.721174e-23 8.876934e-24 2.608868e-23 
1.576000e+00 1.717635e-23 8.853828e-24 2.603018e-23 
1.578000e+00 1.713168e-23 8.836357e-24 2.596803e-23 
1.580000e+00 1.709099e-23 8.811121e-24 2.590211e-23 
1.582000e+00 1.705673e-23 8.788001e-24 2.584473e-23 
1.584000e+00 1.701890e-23 8.766692e-24 2.578560e-23 
1.586000e+00 1.698129e-23 8.743546e-24 2.572483e-23 
1.588000e+00 1.694201e-23 8.725066e-24 2.566708e-23 
1.590000e+00 1.690582e-23 8.703807e-24 2.560963e-23 
1.592000e+00 1.687280e-23 8.686799e-24 2.555960e-23 
1.594000e+00 1.683448e-23 8.667079e-24 2.550156e-23 
1.596000e+00 1.680222e-23 8.646111e-24 2.544833e-23 
1.598000e+00 1.676228e-23 8.510206e-24 2.527248e-23 
1.600000e+00 1.672131e-23 8.607303e-24 2.532861e-23 
1.602000e+00 1.668380e-23 8.589185e-24 2.527298e-23 
1.604000e+00 1.664391e-23 8.562932e-24 2.520685e-23 
1.606000e+00 1.661134e-23 8.541748e-24 2.515309e-23 
1.608000e+00 1.657875e-23 8.520072e-24 2.509883e-23 
1.610000e+00 1.653648e-23 8.500399e-24 2.503688e-23 
1.612000e+00 1.649719e-23 8.479856e-24 2.497705e-23 
1.614000e+00 1.646456e-23 8.462579e-24 2.492714e-23 
1.616000e+00 1.642152e-23 8.441273e-24 2.486279e-23 
1.618000e+00 1.637936e-23 8.418029e-24 2.479739e-23 
1.620000e+00 1.634518e-23 8.399505e-24 2.474468e-23 
1.622000e+00 1.631219e-23 8.376328e-24 2.468852e-23 
1.624000e+00 1.627134e-23 8.363317e-24 2.463466e-23 
1.626000e+00 1.623778e-23 8.341920e-24 2.457970e-23 
1.628000e+00 1.620223e-23 8.324828e-24 2.452706e-23 
1.630000e+00 1.616723e-23 8.305557e-24 2.447278e-23 
1.632000e+00 1.613481e-23 8.289500e-24 2.442431e-23 
1.634000e+00 1.609579e-23 8.269498e-24 2.436529e-23 
1.636000e+00 1.605528e-23 8.251721e-24 2.430700e-23 
1.638000e+00 1.601884e-23 8.231070e-24 2.424991e-23 
1.640000e+00 1.598229e-23 8.214570e-24 2.419686e-23 
1.642000e+00 1.594549e-23 8.194757e-24 2.414025e-23 
1.644000e+00 1.590999e-23 8.176080e-24 2.408607e-23 
1.646000e+00 1.587424e-23 8.153542e-24 2.402778e-23 
1.648000e+00 1.583841e-23 8.137331e-24 2.397574e-23 
1.650000e+00 1.579863e-23 8.115637e-24 2.391427e-23 
1.652000e+00 1.575847e-23 8.098396e-24 2.385686e-23 
1.654000e+00 1.572472e-23 8.081942e-24 2.380666e-23 
1.656000e+00 1.568787e-23 8.060188e-24 2.374806e-23 
1.658000e+00 1.564646e-23 8.043996e-24 2.369045e-23 
1.660000e+00 1.561733e-23 8.027454e-24 2.364478e-23 
1.662000e+00 1.558359e-23 8.004595e-24 2.358818e-23 
1.664000e+00 1.554199e-23 7.984783e-24 2.352678e-23 
1.666000e+00 1.550514e-23 7.966864e-24 2.347200e-23 
1.668000e+00 1.546723e-23 7.949346e-24 2.341657e-23 
1.670000e+00 1.543810e-23 7.933531e-24 2.337163e-23 
1.672000e+00 1.540172e-23 7.916057e-24 2.331778e-23 
1.674000e+00 1.536114e-23 7.898860e-24 2.326000e-23 
1.676000e+00 1.533000e-23 7.880418e-24 2.321041e-23 
1.678000e+00 1.529322e-23 7.864178e-24 2.315740e-23 
1.680000e+00 1.525287e-23 7.844224e-24 2.309709e-23 
1.682000e+00 1.522247e-23 7.827393e-24 2.304986e-23 
1.684000e+00 1.518327e-23 7.809462e-24 2.299273e-23 
1.686000e+00 1.515249e-23 7.793419e-24 2.294591e-23 
1.688000e+00 1.511032e-23 7.773288e-24 2.288360e-23 
1.690000e+00 1.507942e-23 7.756420e-24 2.283584e-23 
1.692000e+00 1.504174e-23 7.736785e-24 2.277852e-23 
1.694000e+00 1.501091e-23 7.718181e-24 2.272909e-23 
1.696000e+00 1.497959e-23 7.700349e-24 2.267994e-23 
1.698000e+00 1.493716e-23 7.681601e-24 2.261876e-23 
1.700000e+00 1.490720e-23 7.663956e-24 2.257115e-23 
1.702000e+00 1.486536e-23 7.646322e-24 2.251168e-23 
1.704000e+00 1.483271e-23 7.633298e-24 2.246601e-23 
1.706000e+00 1.480499e-23 7.616174e-24 2.242116e-23 
1.708000e+00 1.476277e-23 7.594474e-24 2.235724e-23 
1.710000e+00 1.473554e-23 7.582779e-24 2.231832e-23 
1.712000e+00 1.470338e-23 7.566013e-24 2.226939e-23 
1.714000e+00 1.466187e-23 7.547099e-24 2.220897e-23 
1.716000e+00 1.462948e-23 7.536397e-24 2.216588e-23 
1.718000e+00 1.459271e-23 7.514548e-24 2.210726e-23 
1.720000e+00 1.456074e-23 7.502763e-24 2.206351e-23 
1.722000e+00 1.452213e-23 7.483311e-24 2.200544e-23 
1.724000e+00 1.448425e-23 7.464754e-24 2.194900e-23 
1.726000e+00 1.445205e-23 7.452259e-24 2.190431e-23 
1.728000e+00 1.441711e-23 7.430112e-24 2.184722e-23 
1.730000e+00 1.438272e-23 7.417553e-24 2.180028e-23 
1.732000e+00 1.434799e-23 7.397646e-24 2.174564e-23 
1.734000e+00 1.431293e-23 7.378373e-24 2.169130e-23 
1.736000e+00 1.427581e-23 7.362609e-24 2.163841e-23 
1.738000e+00 1.424407e-23 7.343513e-24 2.158758e-23 
1.740000e+00 1.421086e-23 7.330278e-24 2.154114e-23 
1.742000e+00 1.416737e-23 7.316107e-24 2.148348e-23 
1.744000e+00 1.413121e-23 7.300397e-24 2.143161e-23 
1.746000e+00 1.409563e-23 7.286817e-24 2.138244e-23 
1.748000e+00 1.405905e-23 7.267481e-24 2.132653e-23 
1.750000e+00 1.402533e-23 7.250803e-24 2.127613e-23 
1.752000e+00 1.398860e-23 7.235770e-24 2.122437e-23 
1.754000e+00 1.395209e-23 7.221792e-24 2.117388e-23 
1.756000e+00 1.391661e-23 7.205068e-24 2.112167e-23 
1.758000e+00 1.388234e-23 7.192454e-24 2.107480e-23 
1.760000e+00 1.384582e-23 7.176610e-24 2.102243e-23 
1.762000e+00 1.380772e-23 7.161014e-24 2.096874e-23 
1.764000e+00 1.376770e-23 7.142219e-24 2.090992e-23 
1.766000e+00 1.373150e-23 7.125094e-24 2.085659e-23 
1.768000e+00 1.369190e-23 7.109952e-24 2.080185e-23 
1.770000e+00 1.365800e-23 7.092896e-24 2.075089e-23 
1.772000e+00 1.361862e-23 7.078021e-24 2.069664e-23 
1.774000e+00 1.358238e-23 7.062916e-24 2.064530e-23 
1.776000e+00 1.353898e-23 7.045407e-24 2.058438e-23 
1.778000e+00 1.350348e-23 7.031702e-24 2.053518e-23 
1.780000e+00 1.346322e-23 7.014268e-24 2.047749e-23 
1.782000e+00 1.342256e-23 6.998048e-24 2.042061e-23 
1.784000e+00 1.337804e-23 6.987663e-24 2.036570e-23 
1.786000e+00 1.333987e-23 6.973425e-24 2.031330e-23 
1.788000e+00 1.329614e-23 6.955018e-24 2.025115e-23 
1.790000e+00 1.325906e-23 6.939055e-24 2.019811e-23 
1.792000e+00 1.322038e-23 6.927804e-24 2.014818e-23 
1.794000e+00 1.317495e-23 6.911266e-24 2.008622e-23 
1.796000e+00 1.313597e-23 6.898655e-24 2.003463e-23 
1.798000e+00 1.309926e-23 6.881191e-24 1.998045e-23 
1.800000e+00 1.305288e-23 6.870261e-24 1.992314e-23 
1.802000e+00 1.300470e-23 6.852645e-24 1.985735e-23 
1.804000e+00 1.295986e-23 6.836810e-24 1.979667e-23 
1.806000e+00 1.291542e-23 6.826065e-24 1.974149e-23 
1.808000e+00 1.285992e-23 6.810285e-24 1.967020e-23 
1.810000e+00 1.281559e-23 6.791609e-24 1.960720e-23 
1.812000e+00 1.275955e-23 6.782584e-24 1.954214e-23 
1.814000e+00 1.271222e-23 6.766663e-24 1.947889e-23 
1.816000e+00 1.264292e-23 6.751199e-24 1.939412e-23 
1.818000e+00 1.258411e-23 6.737594e-24 1.932171e-23 
1.820000e+00 1.252340e-23 6.721338e-24 1.924474e-23 
1.822000e+00 1.245244e-23 6.710154e-24 1.916259e-23 
1.824000e+00 1.236934e-23 6.693280e-24 1.906262e-23 
1.826000e+00 1.227478e-23 6.679322e-24 1.895410e-23 
1.828000e+00 1.219282e-23 6.663179e-24 1.885600e-23 
1.830000e+00 1.210627e-23 6.652108e-24 1.875838e-23 
1.832000e+00 1.202455e-23 6.641010e-24 1.866556e-23 
1.834000e+00 1.195202e-23 6.622477e-24 1.857449e-23 
1.836000e+00 1.187135e-23 6.611512e-24 1.848286e-23 
1.838000e+00 1.180511e-23 6.593677e-24 1.839879e-23 
1.840000e+00 1.177195e-23 6.581923e-24 1.835387e-23 
1.842000e+00 1.175218e-23 6.573140e-24 1.832532e-23 
1.844000e+00 1.172946e-23 6.554563e-24 1.828403e-23 
1.846000e+00 1.170856e-23 6.541932e-24 1.825049e-23 
1.848000e+00 1.173523e-23 6.528782e-24 1.826401e-23 
1.850000e+00 1.176592e-23 6.512492e-24 1.827841e-23 
1.852000e+00 1.180554e-23 6.500453e-24 1.830600e-23 
1.854000e+00 1.182997e-23 6.488007e-24 1.831798e-23 
1.856000e+00 1.187526e-23 6.471621e-24 1.834688e-23 
1.858000e+00 1.191575e-23 6.459776e-24 1.837553e-23 
1.860000e+00 1.196051e-23 6.447808e-24 1.840832e-23 
1.862000e+00 1.200389e-23 6.428058e-24 1.843195e-23 
1.864000e+00 1.201664e-23 6.418709e-24 1.843535e-23 
1.866000e+00 1.202833e-23 6.405285e-24 1.843361e-23 
1.868000e+00 1.203774e-23 6.391700e-24 1.842944e-23 
1.870000e+00 1.204730e-23 6.378604e-24 1.842590e-23 
1.872000e+00 1.204933e-23 6.366849e-24 1.841617e-23 
1.874000e+00 1.204486e-23 6.354176e-24 1.839904e-23 
1.876000e+00 1.204513e-23 6.340766e-24 1.838590e-23 
1.878000e+00 1.204812e-23 6.327641e-24 1.837576e-23 
1.880000e+00 1.204448e-23 6.319855e-24 1.836433e-23 
1.882000e+00 1.204792e-23 6.307075e-24 1.835500e-23 
1.884000e+00 1.204312e-23 6.295398e-24 1.833851e-23 
1.886000e+00 1.203722e-23 6.281027e-24 1.831825e-23 
1.888000e+00 1.203127e-23 6.267188e-24 1.829846e-23 
1.890000e+00 1.201833e-23 6.256496e-24 1.827483e-23 
1.892000e+00 1.201511e-23 6.242319e-24 1.825743e-23 
1.894000e+00 1.200710e-23 6.228597e-24 1.823570e-23 
1.896000e+00 1.199421e-23 6.216546e-24 1.821075e-23 
1.898000e+00 1.198863e-23 6.203434e-24 1.819207e-23 
1.900000e+00 1.197512e-23 6.190491e-24 1.816561e-23 
1.902000e+00 1.188982e-23 6.176211e-24 1.806603e-23 
1.904000e+00 1.194781e-23 6.168438e-24 1.811625e-23 
1.906000e+00 1.193732e-23 6.154355e-24 1.809167e-23 
1.908000e+00 1.192910e-23 6.141586e-24 1.807068e-23 
1.910000e+00 1.191434e-23 6.127656e-24 1.804200e-23 
1.912000e+00 1.189971e-23 6.118418e-24 1.801813e-23 
1.914000e+00 1.188715e-23 6.104671e-24 1.799182e-23 
1.916000e+00 1.187882e-23 6.090498e-24 1.796932e-23 
1.918000e+00 1.186664e-23 6.077385e-24 1.794402e-23 
1.920000e+00 1.185537e-23 6.067748e-24 1.792312e-23 
1.922000e+00 1.183909e-23 6.056286e-24 1.789537e-23 
1.924000e+00 1.182401e-23 6.038290e-24 1.786230e-23 
1.926000e+00 1.181132e-23 6.033401e-24 1.784473e-23 
1.928000e+00 1.180066e-23 6.018165e-24 1.781883e-23 
1.930000e+00 1.178271e-23 6.005330e-24 1.778804e-23 
1.932000e+00 1.176739e-23 5.997255e-24 1.776464e-23 
1.934000e+00 1.175581e-23 5.982738e-24 1.773855e-23 
1.936000e+00 1.174135e-23 5.967666e-24 1.770902e-23 
1.938000e+00 1.172509e-23 5.959266e-24 1.768435e-23 
1.940000e+00 1.171297e-23 5.946703e-24 1.765967e-23 
1.942000e+00 1.169784e-23 5.931735e-24 1.762957e-23 
1.944000e+00 1.168343e-23 5.923515e-24 1.760695e-23 
1.946000e+00 1.166952e-23 5.906833e-24 1.757635e-23 
1.948000e+00 1.165469e-23 5.892250e-24 1.754694e-23 
1.950000e+00 1.163724e-23 5.884275e-24 1.752152e-23 
1.952000e+00 1.161528e-23 5.870478e-24 1.748575e-23 
1.954000e+00 1.160185e-23 5.860778e-24 1.746263e-23 
1.956000e+00 1.158537e-23 5.847525e-24 1.743289e-23 
1.958000e+00 1.157792e-23 5.837483e-24 1.741540e-23 
1.960000e+00 1.156336e-23 5.828086e-24 1.739145e-23 
1.962000e+00 1.154778e-23 5.813178e-24 1.736096e-23 
1.964000e+00 1.153033e-23 5.804947e-24 1.733527e-23 
1.966000e+00 1.151724e-23 5.794080e-24 1.731131e-23 
1.968000e+00 1.150165e-23 5.779759e-24 1.728141e-23 
1.970000e+00 1.148364e-23 5.771608e-24 1.725525e-23 
1.972000e+00 1.146222e-23 5.756084e-24 1.721831e-23 
1.974000e+00 1.144609e-23 5.745713e-24 1.719180e-23 
1.976000e+00 1.143084e-23 5.738382e-24 1.716922e-23 
1.978000e+00 1.141463e-23 5.721310e-24 1.713594e-23 
1.980000e+00 1.139753e-23 5.712696e-24 1.711022e-23 
1.982000e+00 1.138409e-23 5.702646e-24 1.708674e-23 
1.984000e+00 1.136919e-23 5.688355e-24 1.705755e-23 
1.986000e+00 1.135275e-23 5.678206e-24 1.703096e-23 
1.988000e+00 1.133561e-23 5.669325e-24 1.700494e-23 
1.990000e+00 1.132028e-23 5.652430e-24 1.697272e-23 
1.992000e+00 1.130262e-23 5.644504e-24 1.694712e-23 
1.994000e+00 1.128591e-23 5.635713e-24 1.692162e-23 
1.996000e+00 1.127098e-23 5.620237e-24 1.689121e-23 
1.998000e+00 1.125551e-23 5.610563e-24 1.686608e-23 
2.000000e+00 1.123456e-23 5.600205e-24 1.683477e-23 
2.002000e+00 1.122065e-23 5.592048e-24 1.681270e-23 
2.004000e+00 1.120378e-23 5.579491e-24 1.678327e-23 
2.006000e+00 1.118799e-23 5.569319e-24 1.675731e-23 
2.008000e+00 1.117010e-23 5.558324e-24 1.672843e-23 
2.010000e+00 1.115427e-23 5.549071e-24 1.670334e-23 
2.012000e+00 1.114324e-23 5.531958e-24 1.667520e-23 
2.014000e+00 1.112541e-23 5.528724e-24 1.665413e-23 
2.016000e+00 1.110665e-23 5.518804e-24 1.662545e-23 
2.018000e+00 1.108735e-23 5.512083e-24 1.659943e-23 
2.020000e+00 1.106797e-23 5.501240e-24 1.656921e-23 
2.022000e+00 1.105235e-23 5.488960e-24 1.654131e-23 
2.024000e+00 1.103401e-23 5.478385e-24 1.651240e-23 
2.026000e+00 1.101593e-23 5.467155e-24 1.648309e-23 
2.028000e+00 1.100027e-23 5.457864e-24 1.645813e-23 
2.030000e+00 1.098191e-23 5.448146e-24 1.643006e-23 
2.032000e+00 1.096340e-23 5.437476e-24 1.640087e-23 
2.034000e+00 1.095674e-23 5.426881e-24 1.638362e-23 
2.036000e+00 1.093444e-23 5.410373e-24 1.634482e-23 
2.038000e+00 1.091889e-23 5.399639e-24 1.631853e-23 
2.040000e+00 1.090853e-23 5.389176e-24 1.629770e-23 
2.042000e+00 1.089069e-23 5.377427e-24 1.626812e-23 
2.044000e+00 1.087167e-23 5.373614e-24 1.624528e-23 
2.046000e+00 1.085313e-23 5.361639e-24 1.621477e-23 
2.048000e+00 1.083933e-23 5.350589e-24 1.618992e-23 
2.050000e+00 1.081777e-23 5.340546e-24 1.615832e-23 
2.052000e+00 1.079845e-23 5.331294e-24 1.612974e-23 
2.054000e+00 1.078990e-23 5.318768e-24 1.610866e-23 
2.056000e+00 1.077221e-23 5.307904e-24 1.608011e-23 
2.058000e+00 1.075565e-23 5.304663e-24 1.606031e-23 
2.060000e+00 1.073673e-23 5.292270e-24 1.602900e-23 
2.062000e+00 1.071713e-23 5.281830e-24 1.599896e-23 
2.064000e+00 1.070411e-23 5.270261e-24 1.597437e-23 
2.066000e+00 1.068799e-23 5.259148e-24 1.594714e-23 
2.068000e+00 1.066642e-23 5.247960e-24 1.591438e-23 
2.070000e+00 1.066038e-23 5.240312e-24 1.590069e-23 
2.072000e+00 1.063858e-23 5.230418e-24 1.586900e-23 
2.074000e+00 1.062372e-23 5.220837e-24 1.584456e-23 
2.076000e+00 1.060578e-23 5.208560e-24 1.581434e-23 
2.078000e+00 1.058385e-23 5.198403e-24 1.578225e-23 
2.080000e+00 1.057232e-23 5.191427e-24 1.576374e-23 
2.082000e+00 1.055406e-23 5.181237e-24 1.573530e-23 
2.084000e+00 1.053493e-23 5.166029e-24 1.570095e-23 
2.086000e+00 1.051555e-23 5.154968e-24 1.567051e-23 
2.088000e+00 1.049464e-23 5.145019e-24 1.563966e-23 
2.090000e+00 1.048323e-23 5.138164e-24 1.562140e-23 
2.092000e+00 1.046558e-23 5.127113e-24 1.559270e-23 
2.094000e+00 1.045519e-23 5.121825e-24 1.557702e-23 
2.096000e+00 1.043560e-23 5.108561e-24 1.554416e-23 
2.098000e+00 1.042295e-23 5.102673e-24 1.552562e-23 
2.100000e+00 1.040083e-23 5.092104e-24 1.549293e-23 
2.102000e+00 1.039087e-23 5.086191e-24 1.547707e-23 
2.104000e+00 1.036796e-23 5.073472e-24 1.544143e-23 
2.106000e+00 1.034910e-23 5.068747e-24 1.541785e-23 
2.108000e+00 1.033766e-23 5.055872e-24 1.539353e-23 
2.110000e+00 1.031736e-23 5.049884e-24 1.536724e-23 
2.112000e+00 1.030512e-23 5.036514e-24 1.534163e-23 
2.114000e+00 1.028758e-23 5.031850e-24 1.531943e-23 
2.116000e+00 1.027267e-23 5.019044e-24 1.529171e-23 
2.118000e+00 1.025136e-23 5.015279e-24 1.526663e-23 
2.120000e+00 1.023918e-23 5.000134e-24 1.523932e-23 
2.122000e+00 1.021731e-23 4.994606e-24 1.521192e-23 
2.124000e+00 1.020509e-23 4.983295e-24 1.518839e-23 
2.126000e+00 1.018609e-23 4.976648e-24 1.516274e-23 
2.128000e+00 1.017298e-23 4.964406e-24 1.513739e-23 
2.130000e+00 1.015076e-23 4.959494e-24 1.511026e-23 
2.132000e+00 1.013912e-23 4.946530e-24 1.508565e-23 
2.134000e+00 1.005807e-23 4.937813e-24 1.499589e-23 
2.136000e+00 1.010762e-23 4.926415e-24 1.503404e-23 
2.138000e+00 1.009255e-23 4.920345e-24 1.501290e-23 
2.140000e+00 1.007976e-23 4.914698e-24 1.499445e-23 
2.142000e+00 1.005813e-23 4.901508e-24 1.495964e-23 
2.144000e+00 1.004742e-23 4.894724e-24 1.494214e-23 
2.146000e+00 1.003246e-23 4.888464e-24 1.492092e-23 
2.148000e+00 1.001172e-23 4.875745e-24 1.488746e-23 
2.150000e+00 9.999444e-24 4.870662e-24 1.487011e-23 
2.152000e+00 9.976632e-24 4.860327e-24 1.483696e-23 
2.154000e+00 9.961531e-24 4.851422e-24 1.481295e-23 
2.156000e+00 9.951908e-24 4.843125e-24 1.479503e-23 
2.158000e+00 9.927634e-24 4.836903e-24 1.476454e-23 
2.160000e+00 9.916304e-24 4.824434e-24 1.474074e-23 
2.162000e+00 9.904045e-24 4.816572e-24 1.472062e-23 
2.164000e+00 9.886113e-24 4.808504e-24 1.469462e-23 
2.166000e+00 9.872945e-24 4.803188e-24 1.467613e-23 
2.168000e+00 9.853371e-24 4.790232e-24 1.464360e-23 
2.170000e+00 9.838902e-24 4.783867e-24 1.462277e-23 
2.172000e+00 9.824187e-24 4.774395e-24 1.459858e-23 
2.174000e+00 9.810194e-24 4.761842e-24 1.457204e-23 
2.176000e+00 9.797573e-24 4.755431e-24 1.455300e-23 
2.178000e+00 9.773017e-24 4.748703e-24 1.452172e-23 
2.180000e+00 9.759744e-24 4.741613e-24 1.450136e-23 
2.182000e+00 9.746784e-24 4.729249e-24 1.447603e-23 
2.184000e+00 9.733449e-24 4.722122e-24 1.445557e-23 
2.186000e+00 9.718284e-24 4.714180e-24 1.443246e-23 
2.188000e+00 9.703809e-24 4.705192e-24 1.440900e-23 
2.190000e+00 9.681378e-24 4.693378e-24 1.437476e-23 
2.192000e+00 9.668768e-24 4.685823e-24 1.435459e-23 
2.194000e+00 9.655999e-24 4.678287e-24 1.433429e-23 
2.196000e+00 9.638341e-24 4.671372e-24 1.430971e-23 
2.198000e+00 9.626181e-24 4.662585e-24 1.428877e-23 
2.200000e+00 9.610003e-24 4.657515e-24 1.426752e-23 
2.202000e+00 9.596770e-24 4.650403e-24 1.424717e-23 
2.204000e+00 9.573801e-24 4.641743e-24 1.421554e-23 
2.206000e+00 9.556647e-24 4.633724e-24 1.419037e-23 
2.208000e+00 9.545800e-24 4.622247e-24 1.416805e-23 
2.210000e+00 9.528957e-24 4.614371e-24 1.414333e-23 
2.212000e+00 9.513894e-24 4.604338e-24 1.411823e-23 
2.214000e+00 9.500898e-24 4.598787e-24 1.409968e-23 
2.216000e+00 9.487409e-24 4.591177e-24 1.407859e-23 
2.218000e+00 9.469819e-24 4.582132e-24 1.405195e-23 
2.220000e+00 9.454950e-24 4.576336e-24 1.403129e-23 
2.222000e+00 9.438794e-24 4.567720e-24 1.400651e-23 
2.224000e+00 9.424554e-24 4.560142e-24 1.398470e-23 
2.226000e+00 9.406896e-24 4.551977e-24 1.395887e-23 
2.228000e+00 9.393607e-24 4.539226e-24 1.393283e-23 
2.230000e+00 9.377077e-24 4.531378e-24 1.390845e-23 
2.232000e+00 9.363009e-24 4.522830e-24 1.388584e-23 
2.234000e+00 9.347745e-24 4.515570e-24 1.386332e-23 
2.236000e+00 9.342079e-24 4.506892e-24 1.384897e-23 
2.238000e+00 9.324059e-24 4.499087e-24 1.382315e-23 
2.240000e+00 9.308639e-24 4.492173e-24 1.380081e-23 
2.242000e+00 9.292713e-24 4.483098e-24 1.377581e-23 
2.244000e+00 9.276147e-24 4.475943e-24 1.375209e-23 
2.246000e+00 9.264346e-24 4.467299e-24 1.373164e-23 
2.248000e+00 9.246798e-24 4.460258e-24 1.370706e-23 
2.250000e+00 9.231185e-24 4.452408e-24 1.368359e-23 
2.252000e+00 9.213825e-24 4.442249e-24 1.365607e-23 
2.254000e+00 9.198136e-24 4.440110e-24 1.363825e-23 
2.256000e+00 9.182780e-24 4.433975e-24 1.361675e-23 
2.258000e+00 9.166745e-24 4.424475e-24 1.359122e-23 
2.260000e+00 9.154034e-24 4.416081e-24 1.357011e-23 
2.262000e+00 9.141141e-24 4.407511e-24 1.354865e-23 
2.264000e+00 9.123362e-24 4.401385e-24 1.352475e-23 
2.266000e+00 9.110629e-24 4.393164e-24 1.350379e-23 
2.268000e+00 9.092948e-24 4.384082e-24 1.347703e-23 
2.270000e+00 9.077768e-24 4.373753e-24 1.345152e-23 
2.272000e+00 9.065330e-24 4.366520e-24 1.343185e-23 
2.274000e+00 9.055501e-24 4.357105e-24 1.341261e-23 
2.276000e+00 9.036683e-24 4.349120e-24 1.338580e-23 
2.278000e+00 9.021627e-24 4.345771e-24 1.336740e-23 
2.280000e+00 9.005367e-24 4.338592e-24 1.334396e-23 
2.282000e+00 8.993567e-24 4.329201e-24 1.332277e-23 
2.284000e+00 8.978396e-24 4.320617e-24 1.329901e-23 
2.286000e+00 8.969198e-24 4.312735e-24 1.328193e-23 
2.288000e+00 8.951353e-24 4.303836e-24 1.325519e-23 
2.290000e+00 8.937747e-24 4.294486e-24 1.323223e-23 
2.292000e+00 8.927261e-24 4.288485e-24 1.321575e-23 
2.294000e+00 8.912497e-24 4.283498e-24 1.319600e-23 
2.296000e+00 8.894161e-24 4.273035e-24 1.316720e-23 
2.298000e+00 8.876853e-24 4.266211e-24 1.314306e-23 
2.300000e+00 8.868520e-24 4.264550e-24 1.313307e-23 
2.302000e+00 8.851358e-24 4.255397e-24 1.310676e-23 
2.304000e+00 8.834506e-24 4.247177e-24 1.308168e-23 
2.306000e+00 8.830035e-24 4.238198e-24 1.306823e-23 
2.308000e+00 8.811121e-24 4.234504e-24 1.304563e-23 
2.310000e+00 8.801610e-24 4.224728e-24 1.302634e-23 
2.312000e+00 8.786505e-24 4.216672e-24 1.300318e-23 
2.314000e+00 8.774007e-24 4.213846e-24 1.298785e-23 
2.316000e+00 8.758535e-24 4.206575e-24 1.296511e-23 
2.318000e+00 8.748455e-24 4.196465e-24 1.294492e-23 
2.320000e+00 8.731834e-24 4.185849e-24 1.291768e-23 
2.322000e+00 8.712000e-24 4.183479e-24 1.289548e-23 
2.324000e+00 8.704075e-24 4.175382e-24 1.287946e-23 
2.326000e+00 8.688434e-24 4.164862e-24 1.285330e-23 
2.328000e+00 8.668666e-24 4.164539e-24 1.283320e-23 
2.330000e+00 8.662700e-24 4.154277e-24 1.281698e-23 
2.332000e+00 8.641897e-24 4.143814e-24 1.278571e-23 
2.334000e+00 8.623074e-24 4.142509e-24 1.276558e-23 
2.336000e+00 8.615911e-24 4.133075e-24 1.274899e-23 
2.338000e+00 8.599733e-24 4.122830e-24 1.272256e-23 
2.340000e+00 8.588201e-24 4.120978e-24 1.270918e-23 
2.342000e+00 8.580026e-24 4.110549e-24 1.269057e-23 
2.344000e+00 8.562342e-24 4.102560e-24 1.266490e-23 
2.346000e+00 8.554634e-24 4.098412e-24 1.265305e-23 
2.348000e+00 8.543569e-24 4.092185e-24 1.263575e-23 
2.350000e+00 8.528026e-24 4.086718e-24 1.261474e-23 
2.352000e+00 8.515532e-24 4.076760e-24 1.259229e-23 
2.354000e+00 8.506194e-24 4.074374e-24 1.258057e-23 
2.356000e+00 8.488765e-24 4.065113e-24 1.255388e-23 
2.358000e+00 8.481615e-24 4.059807e-24 1.254142e-23 
2.360000e+00 8.461292e-24 4.052306e-24 1.251360e-23 
2.362000e+00 8.450739e-24 4.048380e-24 1.249912e-23 
2.364000e+00 8.433115e-24 4.038737e-24 1.247185e-23 
2.366000e+00 8.424175e-24 4.034192e-24 1.245837e-23 
2.368000e+00 8.404291e-24 4.027582e-24 1.243187e-23 
2.370000e+00 8.395813e-24 4.018585e-24 1.241440e-23 
2.372000e+00 8.373914e-24 4.012460e-24 1.238637e-23 
2.374000e+00 8.364708e-24 4.008827e-24 1.237354e-23 
2.376000e+00 8.356348e-24 3.998752e-24 1.235510e-23 
2.378000e+00 8.344425e-24 3.994957e-24 1.233938e-23 
2.380000e+00 8.326623e-24 3.986786e-24 1.231341e-23 
2.382000e+00 8.317862e-24 3.983498e-24 1.230136e-23 
2.384000e+00 8.304020e-24 3.972636e-24 1.227666e-23 
2.386000e+00 8.288348e-24 3.969034e-24 1.225738e-23 
2.388000e+00 8.276128e-24 3.959103e-24 1.223523e-23 
2.390000e+00 8.258343e-24 3.957443e-24 1.221579e-23 
2.392000e+00 8.247923e-24 3.944881e-24 1.219280e-23 
2.394000e+00 8.236167e-24 3.941574e-24 1.217774e-23 
2.396000e+00 8.217395e-24 3.932400e-24 1.214979e-23 
2.398000e+00 8.209675e-24 3.928977e-24 1.213865e-23 
2.400000e+00 8.197888e-24 3.923338e-24 1.212123e-23 
2.402000e+00 8.184085e-24 3.912170e-24 1.209626e-23 
2.404000e+00 8.176984e-24 3.911131e-24 1.208812e-23 
2.406000e+00 8.156214e-24 3.901628e-24 1.205784e-23 
2.408000e+00 8.144172e-24 3.896083e-24 1.204025e-23 
2.410000e+00 8.136063e-24 3.891931e-24 1.202799e-23 
2.412000e+00 8.122558e-24 3.881621e-24 1.200418e-23 
2.414000e+00 8.110910e-24 3.878227e-24 1.198914e-23 
2.416000e+00 8.091977e-24 3.872046e-24 1.196402e-23 
2.418000e+00 8.083028e-24 3.862979e-24 1.194601e-23 
2.420000e+00 8.071169e-24 3.860477e-24 1.193165e-23 
2.422000e+00 8.058029e-24 3.850792e-24 1.190882e-23 
2.424000e+00 8.048982e-24 3.845979e-24 1.189496e-23 
2.426000e+00 8.030291e-24 3.842139e-24 1.187243e-23 
2.428000e+00 8.017194e-24 3.832133e-24 1.184933e-23 
2.430000e+00 8.009008e-24 3.826484e-24 1.183549e-23 
2.432000e+00 7.996768e-24 3.823602e-24 1.182037e-23 
2.434000e+00 7.982544e-24 3.812265e-24 1.179481e-23 
2.436000e+00 7.974146e-24 3.809344e-24 1.178349e-23 
2.438000e+00 7.961082e-24 3.804624e-24 1.176571e-23 
2.440000e+00 7.948929e-24 3.795569e-24 1.174450e-23 
2.442000e+00 7.937257e-24 3.789494e-24 1.172675e-23 
2.444000e+00 7.929344e-24 3.785679e-24 1.171502e-23 
2.446000e+00 7.917092e-24 3.775696e-24 1.169279e-23 
2.448000e+00 7.898492e-24 3.770698e-24 1.166919e-23 
2.450000e+00 7.887747e-24 3.766771e-24 1.165452e-23 
2.452000e+00 7.876155e-24 3.758028e-24 1.163418e-23 
2.454000e+00 7.861534e-24 3.754957e-24 1.161649e-23 
2.456000e+00 7.852358e-24 3.748295e-24 1.160065e-23 
2.458000e+00 7.840101e-24 3.738365e-24 1.157847e-23 
2.460000e+00 7.825394e-24 3.732301e-24 1.155769e-23 
2.462000e+00 7.813758e-24 3.729860e-24 1.154362e-23 
2.464000e+00 7.803315e-24 3.725437e-24 1.152875e-23 
2.466000e+00 7.791739e-24 3.714460e-24 1.150620e-23 
2.468000e+00 7.782174e-24 3.709506e-24 1.149168e-23 
2.470000e+00 7.767263e-24 3.704618e-24 1.147188e-23 
2.472000e+00 7.753773e-24 3.700170e-24 1.145394e-23 
2.474000e+00 7.743542e-24 3.696070e-24 1.143961e-23 
2.476000e+00 7.724562e-24 3.686370e-24 1.141093e-23 
2.478000e+00 7.712844e-24 3.681048e-24 1.139389e-23 
2.480000e+00 7.701368e-24 3.676119e-24 1.137749e-23 
2.482000e+00 7.688593e-24 3.671085e-24 1.135968e-23 
2.484000e+00 7.676993e-24 3.667657e-24 1.134465e-23 
2.486000e+00 7.672820e-24 3.655275e-24 1.132809e-23 
2.488000e+00 7.659904e-24 3.652080e-24 1.131198e-23 
2.490000e+00 7.647455e-24 3.646329e-24 1.129378e-23 
2.492000e+00 7.633656e-24 3.641114e-24 1.127477e-23 
2.494000e+00 7.622256e-24 3.635802e-24 1.125806e-23 
2.496000e+00 7.610134e-24 3.627093e-24 1.123723e-23 
2.498000e+00 7.598179e-24 3.621144e-24 1.121932e-23 
2.500000e+00 7.585129e-24 3.616615e-24 1.120174e-23 
2.502000e+00 7.573458e-24 3.611879e-24 1.118534e-23 
2.504000e+00 7.561672e-24 3.607391e-24 1.116906e-23 
2.506000e+00 7.547661e-24 3.597187e-24 1.114485e-23 
2.508000e+00 7.542834e-24 3.592163e-24 1.113500e-23 
2.510000e+00 7.532534e-24 3.587122e-24 1.111966e-23 
2.512000e+00 7.519906e-24 3.582345e-24 1.110225e-23 
2.514000e+00 7.504248e-24 3.575882e-24 1.108013e-23 
2.516000e+00 7.492837e-24 3.572879e-24 1.106572e-23 
2.518000e+00 7.479299e-24 3.565068e-24 1.104437e-23 
2.520000e+00 7.470270e-24 3.563506e-24 1.103378e-23 
2.522000e+00 7.457519e-24 3.555509e-24 1.101303e-23 
2.524000e+00 7.450018e-24 3.545974e-24 1.099599e-23 
2.526000e+00 7.441104e-24 3.541281e-24 1.098238e-23 
2.528000e+00 7.424042e-24 3.536031e-24 1.096007e-23 
2.530000e+00 7.412303e-24 3.532047e-24 1.094435e-23 
2.532000e+00 7.407290e-24 3.524717e-24 1.093201e-23 
2.534000e+00 7.392197e-24 3.518676e-24 1.091087e-23 
2.536000e+00 7.381962e-24 3.513600e-24 1.089556e-23 
2.538000e+00 7.367000e-24 3.508455e-24 1.087545e-23 
2.540000e+00 7.353907e-24 3.504648e-24 1.085855e-23 
2.542000e+00 7.339244e-24 3.496517e-24 1.083576e-23 
2.544000e+00 7.338139e-24 3.493070e-24 1.083121e-23 
2.546000e+00 7.324520e-24 3.487426e-24 1.081195e-23 
2.548000e+00 7.309013e-24 3.482150e-24 1.079116e-23 
2.550000e+00 7.304405e-24 3.477589e-24 1.078199e-23 
2.552000e+00 7.292335e-24 3.471579e-24 1.076391e-23 
2.554000e+00 7.280750e-24 3.466288e-24 1.074704e-23 
2.556000e+00 7.274457e-24 3.462869e-24 1.073733e-23 
2.558000e+00 7.260347e-24 3.455887e-24 1.071623e-23 
2.560000e+00 7.245673e-24 3.451373e-24 1.069705e-23 
2.562000e+00 7.241881e-24 3.446066e-24 1.068795e-23 
2.564000e+00 7.229957e-24 3.435293e-24 1.066525e-23 
2.566000e+00 7.214809e-24 3.429072e-24 1.064388e-23 
2.568000e+00 7.204474e-24 3.424420e-24 1.062889e-23 
2.570000e+00 7.196295e-24 3.418466e-24 1.061476e-23 
2.572000e+00 7.182636e-24 3.413996e-24 1.059663e-23 
2.574000e+00 7.168283e-24 3.412397e-24 1.058068e-23 
2.576000e+00 7.157167e-24 3.406076e-24 1.056324e-23 
2.578000e+00 7.142133e-24 3.402143e-24 1.054428e-23 
2.580000e+00 7.136857e-24 3.396705e-24 1.053356e-23 
2.582000e+00 7.123858e-24 3.390310e-24 1.051417e-23 
2.584000e+00 7.107394e-24 3.385378e-24 1.049277e-23 
2.586000e+00 7.103985e-24 3.378472e-24 1.048246e-23 
2.588000e+00 7.090115e-24 3.372996e-24 1.046311e-23 
2.590000e+00 7.076023e-24 3.367869e-24 1.044389e-23 
2.592000e+00 7.072286e-24 3.364085e-24 1.043637e-23 
2.594000e+00 7.058144e-24 3.358121e-24 1.041627e-23 
2.596000e+00 7.051302e-24 3.352269e-24 1.040357e-23 
2.598000e+00 7.038536e-24 3.353433e-24 1.039197e-23 
2.600000e+00 7.022866e-24 3.345748e-24 1.036861e-23 
2.602000e+00 7.019488e-24 3.339867e-24 1.035935e-23 
2.604000e+00 7.009305e-24 3.336118e-24 1.034542e-23 
2.606000e+00 6.997426e-24 3.328681e-24 1.032611e-23 
2.608000e+00 6.983994e-24 3.323893e-24 1.030789e-23 
2.610000e+00 6.979139e-24 3.318005e-24 1.029714e-23 
2.612000e+00 6.972148e-24 3.311243e-24 1.028339e-23 
2.614000e+00 6.960514e-24 3.306369e-24 1.026688e-23 
2.616000e+00 6.944292e-24 3.300177e-24 1.024447e-23 
2.618000e+00 6.939508e-24 3.299862e-24 1.023937e-23 
2.620000e+00 6.927005e-24 3.295204e-24 1.022221e-23 
2.622000e+00 6.921223e-24 3.289941e-24 1.021116e-23 
2.624000e+00 6.905136e-24 3.283073e-24 1.018821e-23 
2.626000e+00 6.893082e-24 3.277901e-24 1.017098e-23 
2.628000e+00 6.828860e-24 3.271575e-24 1.010043e-23 
2.630000e+00 6.871429e-24 3.265274e-24 1.013670e-23 
2.632000e+00 6.866857e-24 3.260133e-24 1.012699e-23 
2.634000e+00 6.849866e-24 3.259904e-24 1.010977e-23 
2.636000e+00 6.836623e-24 3.254411e-24 1.009103e-23 
2.638000e+00 6.833346e-24 3.248730e-24 1.008208e-23 
2.640000e+00 6.822818e-24 3.243636e-24 1.006645e-23 
2.642000e+00 6.808642e-24 3.238469e-24 1.004711e-23 
2.644000e+00 6.804074e-24 3.236876e-24 1.004095e-23 
2.646000e+00 6.789538e-24 3.231069e-24 1.002061e-23 
2.648000e+00 6.781024e-24 3.222207e-24 1.000323e-23 
2.650000e+00 6.777877e-24 3.218455e-24 9.996331e-24 
2.652000e+00 6.762060e-24 3.212710e-24 9.974770e-24 
2.654000e+00 6.759030e-24 3.211728e-24 9.970758e-24 
2.656000e+00 6.742538e-24 3.206491e-24 9.949028e-24 
2.658000e+00 6.734431e-24 3.200468e-24 9.934899e-24 
2.660000e+00 6.718930e-24 3.193859e-24 9.912789e-24 
2.662000e+00 6.714002e-24 3.187815e-24 9.901817e-24 
2.664000e+00 6.701227e-24 3.188880e-24 9.890107e-24 
2.666000e+00 6.693982e-24 3.180846e-24 9.874829e-24 
2.668000e+00 6.678961e-24 3.175735e-24 9.854696e-24 
2.670000e+00 6.674158e-24 3.171209e-24 9.845368e-24 
2.672000e+00 6.659493e-24 3.164687e-24 9.824179e-24 
2.674000e+00 6.651822e-24 3.164515e-24 9.816337e-24 
2.676000e+00 6.635406e-24 3.157156e-24 9.792562e-24 
2.678000e+00 6.631526e-24 3.151220e-24 9.782746e-24 
2.680000e+00 6.623430e-24 3.143543e-24 9.766973e-24 
2.682000e+00 6.606561e-24 3.139525e-24 9.746086e-24 
2.684000e+00 6.603256e-24 3.138253e-24 9.741510e-24 
2.686000e+00 6.594683e-24 3.134471e-24 9.729154e-24 
2.688000e+00 6.580110e-24 3.126268e-24 9.706377e-24 
2.690000e+00 6.574842e-24 3.119519e-24 9.694361e-24 
2.692000e+00 6.559647e-24 3.118357e-24 9.678004e-24 
2.694000e+00 6.551976e-24 3.113975e-24 9.665951e-24 
2.696000e+00 6.546717e-24 3.108960e-24 9.655677e-24 
2.698000e+00 6.532484e-24 3.107488e-24 9.639972e-24 
2.700000e+00 6.523896e-24 3.099773e-24 9.623669e-24 
2.702000e+00 6.514862e-24 3.093806e-24 9.608667e-24 
2.704000e+00 6.504966e-24 3.093680e-24 9.598646e-24 
2.706000e+00 6.494583e-24 3.086740e-24 9.581323e-24 
2.708000e+00 6.488161e-24 3.082191e-24 9.570353e-24 
2.710000e+00 6.482294e-24 3.080242e-24 9.562536e-24 
2.712000e+00 6.468949e-24 3.074294e-24 9.543243e-24 
2.714000e+00 6.459266e-24 3.069007e-24 9.528273e-24 
2.716000e+00 6.451948e-24 3.069087e-24 9.521035e-24 
2.718000e+00 6.445731e-24 3.061741e-24 9.507471e-24 
2.720000e+00 6.437065e-24 3.054610e-24 9.491675e-24 
2.722000e+00 6.424660e-24 3.053911e-24 9.478570e-24 
2.724000e+00 6.417639e-24 3.048169e-24 9.465807e-24 
2.726000e+00 6.412125e-24 3.042249e-24 9.454374e-24 
2.728000e+00 6.395410e-24 3.040262e-24 9.435672e-24 
2.730000e+00 6.387429e-24 3.034907e-24 9.422336e-24 
2.732000e+00 6.380135e-24 3.027598e-24 9.407733e-24 
2.734000e+00 6.374778e-24 3.026926e-24 9.401703e-24 
2.736000e+00 6.358635e-24 3.021515e-24 9.380150e-24 
2.738000e+00 6.349399e-24 3.014913e-24 9.364312e-24 
2.740000e+00 6.341090e-24 3.014464e-24 9.355554e-24 
2.742000e+00 6.337727e-24 3.007112e-24 9.344838e-24 
2.744000e+00 6.330601e-24 3.001970e-24 9.332570e-24 
2.746000e+00 6.314572e-24 3.001378e-24 9.315950e-24 
2.748000e+00 6.307011e-24 2.994661e-24 9.301672e-24 
2.750000e+00 6.299945e-24 2.987043e-24 9.286988e-24 
2.752000e+00 6.284103e-24 2.986159e-24 9.270261e-24 
2.754000e+00 6.276742e-24 2.980563e-24 9.257305e-24 
2.756000e+00 6.267883e-24 2.979479e-24 9.247362e-24 
2.758000e+00 6.261968e-24 2.974027e-24 9.235994e-24 
2.760000e+00 6.256363e-24 2.966257e-24 9.222621e-24 
2.762000e+00 6.238507e-24 2.966005e-24 9.204512e-24 
2.764000e+00 6.231174e-24 2.960673e-24 9.191846e-24 
2.766000e+00 6.223144e-24 2.957228e-24 9.180372e-24 
2.768000e+00 6.218261e-24 2.951904e-24 9.170164e-24 
2.770000e+00 6.207989e-24 2.949889e-24 9.157878e-24 
2.772000e+00 6.199579e-24 2.944170e-24 9.143749e-24 
2.774000e+00 6.192349e-24 2.935774e-24 9.128123e-24 
2.776000e+00 6.176294e-24 2.936198e-24 9.112492e-24 
2.778000e+00 6.169140e-24 2.929239e-24 9.098379e-24 
2.780000e+00 6.164778e-24 2.928339e-24 9.093116e-24 
2.782000e+00 6.157092e-24 2.920809e-24 9.077901e-24 
2.784000e+00 6.146109e-24 2.921261e-24 9.067370e-24 
2.786000e+00 6.139496e-24 2.913721e-24 9.053217e-24 
2.788000e+00 6.130366e-24 2.913534e-24 9.043899e-24 
2.790000e+00 6.123792e-24 2.907421e-24 9.031213e-24 
2.792000e+00 6.107204e-24 2.898343e-24 9.005547e-24 
2.794000e+00 6.103569e-24 2.897271e-24 9.000839e-24 
2.796000e+00 6.092741e-24 2.892782e-24 8.985523e-24 
2.798000e+00 6.085118e-24 2.892062e-24 8.977180e-24 
2.800000e+00 6.076255e-24 2.884393e-24 8.960648e-24 
2.802000e+00 6.069974e-24 2.883659e-24 8.953633e-24 
2.804000e+00 6.061924e-24 2.876234e-24 8.938159e-24 
2.806000e+00 6.054292e-24 2.875191e-24 8.929483e-24 
2.808000e+00 6.046231e-24 2.869375e-24 8.915607e-24 
2.810000e+00 6.029413e-24 2.859707e-24 8.889119e-24 
2.812000e+00 6.023489e-24 2.860914e-24 8.884403e-24 
2.814000e+00 6.013180e-24 2.852566e-24 8.865746e-24 
2.816000e+00 6.006604e-24 2.853890e-24 8.860493e-24 
2.818000e+00 5.996981e-24 2.845495e-24 8.842476e-24 
2.820000e+00 5.991382e-24 2.843157e-24 8.834538e-24 
2.822000e+00 5.981812e-24 2.839039e-24 8.820851e-24 
2.824000e+00 5.974089e-24 2.836135e-24 8.810224e-24 
2.826000e+00 5.968168e-24 2.830627e-24 8.798795e-24 
2.828000e+00 5.954544e-24 2.829662e-24 8.784206e-24 
2.830000e+00 5.941970e-24 2.823210e-24 8.765180e-24 
2.832000e+00 5.932956e-24 2.821043e-24 8.753999e-24 
2.834000e+00 5.925155e-24 2.814798e-24 8.739954e-24 
2.836000e+00 5.915894e-24 2.812205e-24 8.728099e-24 
2.838000e+00 5.909457e-24 2.811319e-24 8.720775e-24 
2.840000e+00 5.897876e-24 2.804043e-24 8.701919e-24 
2.842000e+00 5.895097e-24 2.803327e-24 8.698424e-24 
2.844000e+00 5.882692e-24 2.794723e-24 8.677415e-24 
2.846000e+00 5.873665e-24 2.794430e-24 8.668094e-24 
2.848000e+00 5.868167e-24 2.787050e-24 8.655217e-24 
2.850000e+00 5.859481e-24 2.786107e-24 8.645588e-24 
2.852000e+00 5.859000e-24 2.779767e-24 8.638766e-24 
2.854000e+00 5.840687e-24 2.776373e-24 8.617060e-24 
2.856000e+00 5.833770e-24 2.770613e-24 8.604383e-24 
2.858000e+00 5.825421e-24 2.769137e-24 8.594558e-24 
2.860000e+00 5.816344e-24 2.751987e-24 8.568331e-24 
2.862000e+00 5.810909e-24 2.750645e-24 8.561554e-24 
2.864000e+00 5.798264e-24 2.759641e-24 8.557905e-24 
2.866000e+00 5.790337e-24 2.752654e-24 8.542991e-24 
2.868000e+00 5.781472e-24 2.749047e-24 8.530518e-24 
2.870000e+00 5.773933e-24 2.743059e-24 8.516992e-24 
2.872000e+00 5.764456e-24 2.742159e-24 8.506615e-24 
2.874000e+00 5.763228e-24 2.734809e-24 8.498037e-24 
2.876000e+00 5.755896e-24 2.732559e-24 8.488456e-24 
2.878000e+00 5.747443e-24 2.726729e-24 8.474172e-24 
2.880000e+00 5.739368e-24 2.725506e-24 8.464874e-24 
2.882000e+00 5.733244e-24 2.716541e-24 8.449785e-24 
2.884000e+00 5.722877e-24 2.716201e-24 8.439079e-24 
2.886000e+00 5.713639e-24 2.714983e-24 8.428622e-24 
2.888000e+00 5.706973e-24 2.707942e-24 8.414915e-24 
2.890000e+00 5.695589e-24 2.708618e-24 8.404207e-24 
2.892000e+00 5.689111e-24 2.705643e-24 8.394754e-24 
2.894000e+00 5.686768e-24 2.698474e-24 8.385242e-24 
2.896000e+00 5.680695e-24 2.696132e-24 8.376827e-24 
2.898000e+00 5.670959e-24 2.694790e-24 8.365749e-24 
2.900000e+00 5.664073e-24 2.687447e-24 8.351519e-24 
2.902000e+00 5.653659e-24 2.685951e-24 8.339610e-24 
2.904000e+00 5.643877e-24 2.683729e-24 8.327606e-24 
2.906000e+00 5.635926e-24 2.677836e-24 8.313763e-24 
2.908000e+00 5.626663e-24 2.675589e-24 8.302253e-24 
2.910000e+00 5.624966e-24 2.669186e-24 8.294152e-24 
2.912000e+00 5.616293e-24 2.665768e-24 8.282062e-24 
2.914000e+00 5.609460e-24 2.665534e-24 8.274994e-24 
2.916000e+00 5.601568e-24 2.657970e-24 8.259538e-24 
2.918000e+00 5.591880e-24 2.656176e-24 8.248056e-24 
2.920000e+00 5.584569e-24 2.655931e-24 8.240500e-24 
2.922000e+00 5.571519e-24 2.646197e-24 8.217716e-24 
2.924000e+00 5.564447e-24 2.644893e-24 8.209340e-24 
2.926000e+00 5.562157e-24 2.643650e-24 8.205807e-24 
2.928000e+00 5.554853e-24 2.637519e-24 8.192372e-24 
2.930000e+00 5.543755e-24 2.635248e-24 8.179002e-24 
2.932000e+00 5.537717e-24 2.632240e-24 8.169957e-24 
2.934000e+00 5.528822e-24 2.625412e-24 8.154234e-24 
2.936000e+00 5.521829e-24 2.623634e-24 8.145464e-24 
2.938000e+00 5.510998e-24 2.622413e-24 8.133411e-24 
2.940000e+00 5.510359e-24 2.612749e-24 8.123108e-24 
2.942000e+00 5.495216e-24 2.612022e-24 8.107238e-24 
2.944000e+00 5.493810e-24 2.612962e-24 8.106772e-24 
2.946000e+00 5.480326e-24 2.604274e-24 8.084600e-24 
2.948000e+00 5.471972e-24 2.602965e-24 8.074937e-24 
2.950000e+00 5.465854e-24 2.601128e-24 8.066982e-24 
2.952000e+00 5.455862e-24 2.592496e-24 8.048358e-24 
2.954000e+00 5.453959e-24 2.593525e-24 8.047485e-24 
2.956000e+00 5.445446e-24 2.589574e-24 8.035020e-24 
2.958000e+00 5.437042e-24 2.588283e-24 8.025325e-24 
2.960000e+00 5.427950e-24 2.581062e-24 8.009012e-24 
2.962000e+00 5.428335e-24 2.577471e-24 8.005807e-24 
2.964000e+00 5.416068e-24 2.576815e-24 7.992883e-24 
2.966000e+00 5.409696e-24 2.570167e-24 7.979863e-24 
2.968000e+00 5.407413e-24 2.568566e-24 7.975979e-24 
2.970000e+00 5.398076e-24 2.567236e-24 7.965312e-24 
2.972000e+00 5.387711e-24 2.563384e-24 7.951095e-24 
2.974000e+00 5.376726e-24 2.554905e-24 7.931632e-24 
2.976000e+00 5.370301e-24 2.553865e-24 7.924166e-24 
2.978000e+00 5.367801e-24 2.552376e-24 7.920178e-24 
2.980000e+00 5.358417e-24 2.546272e-24 7.904689e-24 
2.982000e+00 5.346974e-24 2.543968e-24 7.890943e-24 
2.984000e+00 5.337734e-24 2.539712e-24 7.877446e-24 
2.986000e+00 5.337755e-24 2.538556e-24 7.876311e-24 
2.988000e+00 5.330017e-24 2.531702e-24 7.861719e-24 
2.990000e+00 5.319515e-24 2.530824e-24 7.850339e-24 
2.992000e+00 5.317189e-24 2.526422e-24 7.843610e-24 
2.994000e+00 5.307934e-24 2.519495e-24 7.827429e-24 
2.996000e+00 5.297883e-24 2.517773e-24 7.815656e-24 
2.998000e+00 5.287906e-24 2.515274e-24 7.803180e-24 
