1.000000e-01 3.384253e-23 3.178500e-23 6.562753e-23 
1.020000e-01 3.263217e-23 2.990423e-23 6.253640e-23 
1.040000e-01 3.131513e-23 2.804155e-23 5.935669e-23 
1.060000e-01 2.990249e-23 2.637693e-23 5.627942e-23 
1.080000e-01 2.841187e-23 2.477687e-23 5.318874e-23 
1.100000e-01 2.682362e-23 2.326187e-23 5.008549e-23 
1.120000e-01 2.500666e-23 2.189294e-23 4.689960e-23 
1.140000e-01 2.273895e-23 2.058449e-23 4.332344e-23 
1.160000e-01 1.888571e-23 1.933385e-23 3.821956e-23 
1.180000e-01 2.378654e-23 1.823445e-23 4.202100e-23 
1.200000e-01 2.457100e-23 1.718574e-23 4.175674e-23 
1.220000e-01 2.458113e-23 1.617645e-23 4.075758e-23 
1.240000e-01 2.431880e-23 1.525899e-23 3.957779e-23 
1.260000e-01 2.392718e-23 1.439468e-23 3.832186e-23 
1.280000e-01 2.345312e-23 1.358275e-23 3.703587e-23 
1.300000e-01 2.292795e-23 1.283077e-23 3.575872e-23 
1.320000e-01 2.237861e-23 1.212613e-23 3.450474e-23 
1.340000e-01 2.185712e-23 1.145978e-23 3.331689e-23 
1.360000e-01 2.123620e-23 1.084242e-23 3.207862e-23 
1.380000e-01 2.065578e-23 1.025691e-23 3.091270e-23 
1.400000e-01 2.007709e-23 9.718336e-24 2.979542e-23 
1.420000e-01 1.950393e-23 9.202365e-24 2.870630e-23 
1.440000e-01 1.893483e-23 8.721522e-24 2.765636e-23 
1.460000e-01 1.837061e-23 8.268926e-24 2.663953e-23 
1.480000e-01 1.781348e-23 7.845933e-24 2.565942e-23 
1.500000e-01 1.726627e-23 7.448452e-24 2.471472e-23 
1.520000e-01 1.672644e-23 7.069173e-24 2.379561e-23 
1.540000e-01 1.619007e-23 6.715855e-24 2.290593e-23 
1.560000e-01 1.566107e-23 6.363096e-24 2.202417e-23 
1.580000e-01 1.513674e-23 6.060192e-24 2.119693e-23 
1.600000e-01 1.461931e-23 5.762400e-24 2.038171e-23 
1.620000e-01 1.409379e-23 5.475469e-24 1.956926e-23 
1.640000e-01 1.348515e-23 5.202662e-24 1.868781e-23 
1.660000e-01 1.283760e-23 4.948930e-24 1.778653e-23 
1.680000e-01 1.209141e-23 4.710568e-24 1.680198e-23 
1.700000e-01 1.117947e-23 4.463973e-24 1.564344e-23 
1.720000e-01 1.103363e-23 4.247858e-24 1.528148e-23 
1.740000e-01 1.076361e-23 4.040774e-24 1.480439e-23 
1.760000e-01 1.046493e-23 3.846214e-24 1.431115e-23 
1.780000e-01 1.016255e-23 3.300496e-24 1.346305e-23 
1.800000e-01 9.860346e-24 3.122066e-24 1.298241e-23 
1.820000e-01 9.561961e-24 2.953207e-24 1.251517e-23 
1.840000e-01 9.276996e-24 2.795118e-24 1.207211e-23 
1.860000e-01 8.994172e-24 2.645875e-24 1.164005e-23 
1.880000e-01 8.723703e-24 2.503546e-24 1.122725e-23 
1.900000e-01 9.869706e-24 2.370335e-24 1.224004e-23 
1.920000e-01 9.629184e-24 2.245207e-24 1.187439e-23 
1.940000e-01 9.413510e-24 2.127273e-24 1.154078e-23 
1.960000e-01 9.220562e-24 2.351193e-24 1.157176e-23 
1.980000e-01 9.129050e-24 2.238817e-24 1.136787e-23 
2.000000e-01 8.826560e-24 2.130052e-24 1.095661e-23 
2.020000e-01 8.355252e-24 2.029911e-24 1.038516e-23 
2.040000e-01 8.041039e-24 1.928259e-24 9.969298e-24 
2.060000e-01 7.764371e-24 1.833796e-24 9.598166e-24 
2.080000e-01 7.509913e-24 1.749537e-24 9.259450e-24 
2.100000e-01 7.270552e-24 1.663857e-24 8.934409e-24 
2.120000e-01 7.043357e-24 1.579529e-24 8.622886e-24 
2.140000e-01 6.826252e-24 1.499490e-24 8.325742e-24 
2.160000e-01 6.619659e-24 1.422465e-24 8.042124e-24 
2.180000e-01 6.421586e-24 1.347456e-24 7.769042e-24 
2.200000e-01 6.231960e-24 1.278240e-24 7.510200e-24 
2.220000e-01 6.048143e-24 1.210178e-24 7.258322e-24 
2.240000e-01 5.869117e-24 1.151637e-24 7.020755e-24 
2.260000e-01 5.696557e-24 1.084298e-24 6.780855e-24 
2.280000e-01 5.529442e-24 1.022925e-24 6.552367e-24 
2.300000e-01 5.367661e-24 9.644925e-25 6.332154e-24 
2.320000e-01 5.212442e-24 9.081167e-25 6.120559e-24 
2.340000e-01 5.105997e-24 8.533398e-25 5.959337e-24 
2.360000e-01 4.918033e-24 8.001391e-25 5.718172e-24 
2.380000e-01 4.777667e-24 7.482564e-25 5.525924e-24 
2.400000e-01 4.641109e-24 7.053935e-25 5.346503e-24 
2.420000e-01 4.511280e-24 6.702875e-25 5.181567e-24 
2.440000e-01 4.386024e-24 6.376025e-25 5.023626e-24 
2.460000e-01 4.264693e-24 5.997985e-25 4.864491e-24 
2.480000e-01 4.146856e-24 5.592668e-25 4.706123e-24 
2.500000e-01 4.034218e-24 5.158524e-25 4.550070e-24 
2.520000e-01 3.924464e-24 4.676605e-25 4.392125e-24 
2.540000e-01 3.818606e-24 4.181050e-25 4.236711e-24 
2.560000e-01 3.714480e-24 3.682706e-25 4.082751e-24 
2.580000e-01 3.614519e-24 3.166002e-25 3.931119e-24 
2.600000e-01 3.517732e-24 2.578579e-25 3.775590e-24 
2.620000e-01 3.424843e-24 1.948376e-25 3.619680e-24 
2.640000e-01 3.334485e-24 1.288289e-25 3.463314e-24 
2.660000e-01 3.246436e-24 7.324007e-26 3.319676e-24 
2.680000e-01 3.160936e-24 3.105153e-26 3.191988e-24 
2.700000e-01 3.079417e-24 6.313681e-27 3.085731e-24 
2.720000e-01 3.000777e-24 5.265933e-27 3.006043e-24 
2.740000e-01 2.924231e-24 3.260476e-26 2.956836e-24 
2.760000e-01 2.849641e-24 9.506088e-26 2.944702e-24 
2.780000e-01 2.778076e-24 1.981424e-25 2.976218e-24 
2.800000e-01 2.707678e-24 7.284328e-25 3.436111e-24 
2.820000e-01 2.640092e-24 9.755970e-25 3.615689e-24 
2.840000e-01 2.573563e-24 8.927707e-25 3.466334e-24 
2.860000e-01 2.414786e-24 8.161902e-25 3.230976e-24 
2.880000e-01 2.344680e-24 7.670438e-25 3.111724e-24 
2.900000e-01 2.276207e-24 7.420181e-25 3.018225e-24 
2.920000e-01 2.209778e-24 7.355990e-25 2.945377e-24 
2.940000e-01 2.145532e-24 7.447442e-25 2.890276e-24 
2.960000e-01 2.084448e-24 7.617865e-25 2.846235e-24 
2.980000e-01 2.027350e-24 7.854721e-25 2.812822e-24 
3.000000e-01 1.971140e-24 8.063220e-25 2.777462e-24 
3.020000e-01 1.915879e-24 8.188604e-25 2.734739e-24 
3.040000e-01 1.861911e-24 8.236591e-25 2.685570e-24 
3.060000e-01 1.809946e-24 8.251642e-25 2.635110e-24 
3.080000e-01 1.761578e-24 8.942871e-25 2.655865e-24 
3.100000e-01 1.858177e-24 8.908307e-25 2.749008e-24 
3.120000e-01 1.805303e-24 8.865986e-25 2.691901e-24 
3.140000e-01 1.761990e-24 8.762193e-25 2.638210e-24 
3.160000e-01 1.718525e-24 8.621997e-25 2.580725e-24 
3.180000e-01 1.677616e-24 8.437057e-25 2.521322e-24 
3.200000e-01 1.636937e-24 8.280375e-25 2.464974e-24 
3.220000e-01 1.597372e-24 8.123297e-25 2.409702e-24 
3.240000e-01 1.559429e-24 8.048903e-25 2.364319e-24 
3.260000e-01 1.522206e-24 7.959294e-25 2.318135e-24 
3.280000e-01 1.486250e-24 7.883407e-25 2.274590e-24 
3.300000e-01 1.451447e-24 7.794303e-25 2.230877e-24 
3.320000e-01 1.417098e-24 7.697199e-25 2.186818e-24 
3.340000e-01 1.383862e-24 7.604008e-25 2.144263e-24 
3.360000e-01 1.351631e-24 7.501067e-25 2.101738e-24 
3.380000e-01 1.320002e-24 7.398562e-25 2.059858e-24 
3.400000e-01 1.289554e-24 7.292522e-25 2.018806e-24 
3.420000e-01 1.259650e-24 7.190674e-25 1.978717e-24 
3.440000e-01 1.230206e-24 7.087134e-25 1.938919e-24 
3.460000e-01 1.201962e-24 6.996947e-25 1.901657e-24 
3.480000e-01 1.174256e-24 6.898703e-25 1.864126e-24 
3.500000e-01 1.149355e-24 6.799875e-25 1.829342e-24 
3.520000e-01 1.121033e-24 6.701904e-25 1.791224e-24 
3.540000e-01 1.095975e-24 6.602642e-25 1.756239e-24 
3.560000e-01 1.070335e-24 6.505790e-25 1.720914e-24 
3.580000e-01 1.046027e-24 6.409036e-25 1.686931e-24 
3.600000e-01 1.022400e-24 6.307967e-25 1.653197e-24 
3.620000e-01 9.992460e-25 6.211004e-25 1.620346e-24 
3.640000e-01 9.767605e-25 6.116970e-25 1.588457e-24 
3.660000e-01 9.549641e-25 6.025817e-25 1.557546e-24 
3.680000e-01 9.334645e-25 5.930040e-25 1.526468e-24 
3.700000e-01 9.124772e-25 5.836034e-25 1.496081e-24 
3.720000e-01 8.921675e-25 5.746196e-25 1.466787e-24 
3.740000e-01 8.721492e-25 5.657346e-25 1.437884e-24 
3.760000e-01 8.524251e-25 5.568260e-25 1.409251e-24 
3.780000e-01 8.333328e-25 5.480068e-25 1.381340e-24 
3.800000e-01 8.148066e-25 5.391706e-25 1.353977e-24 
3.820000e-01 7.965531e-25 5.326455e-25 1.329199e-24 
3.840000e-01 7.787014e-25 5.216461e-25 1.300347e-24 
3.860000e-01 7.611060e-25 5.131857e-25 1.274292e-24 
3.880000e-01 7.444094e-25 5.047186e-25 1.249128e-24 
3.900000e-01 7.279679e-25 4.965399e-25 1.224508e-24 
3.920000e-01 7.120065e-25 4.885324e-25 1.200539e-24 
3.940000e-01 6.963239e-25 4.808021e-25 1.177126e-24 
3.960000e-01 6.810578e-25 4.728532e-25 1.153911e-24 
3.980000e-01 6.648161e-25 4.652383e-25 1.130054e-24 
4.000000e-01 6.517014e-25 4.576690e-25 1.109370e-24 
4.020000e-01 6.374582e-25 4.500966e-25 1.087555e-24 
4.040000e-01 6.235151e-25 4.419220e-25 1.065437e-24 
4.060000e-01 6.089566e-25 4.346388e-25 1.043595e-24 
4.080000e-01 5.953594e-25 4.276676e-25 1.023027e-24 
4.100000e-01 5.819685e-25 4.201495e-25 1.002118e-24 
4.120000e-01 5.695026e-25 4.136037e-25 9.831063e-25 
4.140000e-01 5.570940e-25 4.065600e-25 9.636540e-25 
4.160000e-01 5.443859e-25 3.995665e-25 9.439524e-25 
4.180000e-01 5.322886e-25 3.929243e-25 9.252129e-25 
4.200000e-01 5.208146e-25 3.865481e-25 9.073627e-25 
4.220000e-01 5.093631e-25 3.801324e-25 8.894955e-25 
4.240000e-01 4.977973e-25 3.736422e-25 8.714395e-25 
4.260000e-01 4.870467e-25 3.674985e-25 8.545451e-25 
4.280000e-01 4.767084e-25 3.615029e-25 8.382114e-25 
4.300000e-01 4.662041e-25 3.553339e-25 8.215380e-25 
4.320000e-01 4.556919e-25 3.492341e-25 8.049260e-25 
4.340000e-01 4.457567e-25 3.433705e-25 7.891272e-25 
4.360000e-01 4.361457e-25 3.378286e-25 7.739742e-25 
4.380000e-01 4.264349e-25 3.321088e-25 7.585437e-25 
4.400000e-01 4.168054e-25 3.265977e-25 7.434031e-25 
4.420000e-01 4.078715e-25 3.212249e-25 7.290964e-25 
4.440000e-01 3.991276e-25 3.158830e-25 7.150106e-25 
4.460000e-01 3.903180e-25 3.105140e-25 7.008319e-25 
4.480000e-01 3.814549e-25 3.052045e-25 6.866594e-25 
4.500000e-01 3.730454e-25 3.001008e-25 6.731462e-25 
4.520000e-01 3.650479e-25 2.950458e-25 6.600937e-25 
4.540000e-01 3.568762e-25 2.899253e-25 6.468015e-25 
4.560000e-01 3.487151e-25 2.847452e-25 6.334603e-25 
4.580000e-01 3.410628e-25 2.800800e-25 6.211428e-25 
4.600000e-01 3.336813e-25 2.754628e-25 6.091441e-25 
4.620000e-01 3.264472e-25 2.709528e-25 5.974000e-25 
4.640000e-01 3.188523e-25 2.661647e-25 5.850170e-25 
4.660000e-01 3.115619e-25 2.615713e-25 5.731332e-25 
4.680000e-01 3.046293e-25 2.573263e-25 5.619556e-25 
4.700000e-01 2.978705e-25 2.531138e-25 5.509843e-25 
4.720000e-01 2.909688e-25 2.487682e-25 5.397370e-25 
4.740000e-01 2.845006e-25 2.445273e-25 5.290279e-25 
4.760000e-01 2.779679e-25 2.405043e-25 5.184723e-25 
4.780000e-01 2.718085e-25 2.365699e-25 5.083784e-25 
4.800000e-01 2.655424e-25 2.325298e-25 4.980722e-25 
4.820000e-01 2.590983e-25 2.283980e-25 4.874963e-25 
4.840000e-01 2.529535e-25 2.244735e-25 4.774270e-25 
4.860000e-01 2.470953e-25 2.208835e-25 4.679787e-25 
4.880000e-01 2.409562e-25 2.189617e-25 4.599178e-25 
4.900000e-01 2.360012e-25 2.132002e-25 4.492015e-25 
4.920000e-01 2.297466e-25 2.157167e-25 4.454633e-25 
4.940000e-01 2.308158e-25 2.122197e-25 4.430355e-25 
4.960000e-01 2.252777e-25 2.087891e-25 4.340668e-25 
4.980000e-01 2.198228e-25 2.054220e-25 4.252447e-25 
5.000000e-01 2.145410e-25 2.021717e-25 4.167127e-25 
5.020000e-01 2.092601e-25 1.990464e-25 4.083065e-25 
5.040000e-01 2.039771e-25 1.962520e-25 4.002291e-25 
5.060000e-01 1.987496e-25 1.925705e-25 3.913202e-25 
5.080000e-01 1.936511e-25 1.896028e-25 3.832539e-25 
5.100000e-01 1.883788e-25 1.867584e-25 3.751372e-25 
5.120000e-01 1.836480e-25 1.838650e-25 3.675130e-25 
5.140000e-01 1.785159e-25 1.809732e-25 3.594891e-25 
5.160000e-01 1.733428e-25 1.780534e-25 3.513962e-25 
5.180000e-01 1.682933e-25 1.753779e-25 3.436711e-25 
5.200000e-01 1.631758e-25 1.713753e-25 3.345511e-25 
5.220000e-01 1.579558e-25 1.700849e-25 3.280407e-25 
5.240000e-01 1.525985e-25 1.674271e-25 3.200256e-25 
5.260000e-01 1.471963e-25 1.648405e-25 3.120368e-25 
5.280000e-01 1.417765e-25 1.624159e-25 3.041924e-25 
5.300000e-01 1.360621e-25 1.600340e-25 2.960961e-25 
5.320000e-01 1.299329e-25 1.575933e-25 2.875262e-25 
5.340000e-01 1.231157e-25 1.551264e-25 2.782421e-25 
5.360000e-01 1.154733e-25 1.527119e-25 2.681852e-25 
5.380000e-01 1.058341e-25 1.519031e-25 2.577372e-25 
5.400000e-01 9.390484e-26 1.477734e-25 2.416783e-25 
5.420000e-01 8.303195e-26 1.457590e-25 2.287909e-25 
5.440000e-01 7.952820e-26 1.435484e-25 2.230766e-25 
5.460000e-01 8.606577e-26 1.414560e-25 2.275218e-25 
5.480000e-01 1.010038e-25 1.395280e-25 2.405318e-25 
5.500000e-01 1.131411e-25 1.374414e-25 2.505825e-25 
5.520000e-01 1.206103e-25 1.353552e-25 2.559655e-25 
5.540000e-01 1.244987e-25 1.332561e-25 2.577548e-25 
5.560000e-01 1.270189e-25 1.313076e-25 2.583265e-25 
5.580000e-01 1.286111e-25 1.294486e-25 2.580598e-25 
5.600000e-01 1.296027e-25 1.275626e-25 2.571652e-25 
5.620000e-01 1.302101e-25 1.256532e-25 2.558633e-25 
5.640000e-01 1.304181e-25 1.237073e-25 2.541254e-25 
5.660000e-01 1.305050e-25 1.218704e-25 2.523754e-25 
5.680000e-01 1.303996e-25 1.202117e-25 2.506113e-25 
5.700000e-01 1.300803e-25 1.185059e-25 2.485862e-25 
5.720000e-01 1.295272e-25 1.168026e-25 2.463298e-25 
5.740000e-01 1.288276e-25 1.149549e-25 2.437824e-25 
5.760000e-01 1.280693e-25 1.132668e-25 2.413361e-25 
5.780000e-01 1.272422e-25 1.116443e-25 2.388866e-25 
5.800000e-01 1.263263e-25 1.100324e-25 2.363587e-25 
5.820000e-01 1.253582e-25 1.083916e-25 2.337498e-25 
5.840000e-01 1.242606e-25 1.068472e-25 2.311078e-25 
5.860000e-01 1.231371e-25 1.052908e-25 2.284280e-25 
5.880000e-01 1.220882e-25 1.038510e-25 2.259392e-25 
5.900000e-01 1.210610e-25 1.024720e-25 2.235330e-25 
5.920000e-01 1.199213e-25 1.010408e-25 2.209621e-25 
5.940000e-01 1.186815e-25 9.963110e-26 2.183126e-25 
5.960000e-01 1.174051e-25 9.814289e-26 2.155480e-25 
5.980000e-01 1.162044e-25 9.674583e-26 2.129503e-25 
6.000000e-01 1.149453e-25 9.538605e-26 2.103314e-25 
6.020000e-01 1.136503e-25 9.395120e-26 2.076015e-25 
6.040000e-01 1.123258e-25 9.262461e-26 2.049505e-25 
6.060000e-01 1.113466e-25 9.126291e-26 2.026095e-25 
6.080000e-01 1.096676e-25 8.990974e-26 1.995773e-25 
6.100000e-01 1.084412e-25 8.878155e-26 1.972227e-25 
6.120000e-01 1.072544e-25 8.764987e-26 1.949042e-25 
6.140000e-01 1.059644e-25 8.643638e-26 1.924008e-25 
6.160000e-01 1.046853e-25 8.544051e-26 1.901258e-25 
6.180000e-01 1.033416e-25 8.407511e-26 1.874167e-25 
6.200000e-01 1.020017e-25 8.180278e-26 1.838045e-25 
6.220000e-01 1.007246e-25 8.172967e-26 1.824543e-25 
6.240000e-01 9.942938e-26 8.063231e-26 1.800617e-25 
6.260000e-01 9.813137e-26 7.966626e-26 1.777976e-25 
6.280000e-01 9.681455e-26 7.841968e-26 1.752342e-25 
6.300000e-01 9.542943e-26 7.727830e-26 1.727077e-25 
6.320000e-01 9.424944e-26 7.625790e-26 1.705073e-25 
6.340000e-01 9.297055e-26 7.527947e-26 1.682500e-25 
6.360000e-01 9.187195e-26 7.428143e-26 1.661534e-25 
6.380000e-01 9.064091e-26 7.329121e-26 1.639321e-25 
6.400000e-01 8.933150e-26 7.229133e-26 1.616228e-25 
6.420000e-01 8.802607e-26 7.122454e-26 1.592506e-25 
6.440000e-01 8.678474e-26 7.034958e-26 1.571343e-25 
6.460000e-01 8.552350e-26 6.946990e-26 1.549934e-25 
6.480000e-01 8.427465e-26 6.859715e-26 1.528718e-25 
6.500000e-01 8.300751e-26 6.771211e-26 1.507196e-25 
6.520000e-01 8.177932e-26 6.679917e-26 1.485785e-25 
6.540000e-01 8.072182e-26 6.586162e-26 1.465834e-25 
6.560000e-01 7.924486e-26 6.500974e-26 1.442546e-25 
6.580000e-01 7.805069e-26 6.412029e-26 1.421710e-25 
6.600000e-01 7.685143e-26 6.339040e-26 1.402418e-25 
6.620000e-01 7.564625e-26 6.260933e-26 1.382556e-25 
6.640000e-01 7.436176e-26 6.179814e-26 1.361599e-25 
6.660000e-01 7.305943e-26 6.109972e-26 1.341592e-25 
6.680000e-01 7.182600e-26 6.019299e-26 1.320190e-25 
6.700000e-01 7.049838e-26 5.944452e-26 1.299429e-25 
6.720000e-01 6.927024e-26 5.862803e-26 1.278983e-25 
6.740000e-01 6.799198e-26 5.787784e-26 1.258698e-25 
6.760000e-01 6.667059e-26 5.711390e-26 1.237845e-25 
6.780000e-01 6.533478e-26 5.636526e-26 1.217000e-25 
6.800000e-01 6.405501e-26 5.567364e-26 1.197286e-25 
6.820000e-01 6.274314e-26 5.501640e-26 1.177595e-25 
6.840000e-01 6.140840e-26 5.448042e-26 1.158888e-25 
6.860000e-01 6.013136e-26 5.374243e-26 1.138738e-25 
6.880000e-01 6.135565e-26 5.554089e-26 1.168965e-25 
6.900000e-01 5.989141e-26 5.494327e-26 1.148347e-25 
6.920000e-01 5.839008e-26 5.441757e-26 1.128076e-25 
6.940000e-01 5.706495e-26 5.420584e-26 1.112708e-25 
6.960000e-01 5.490188e-26 5.329978e-26 1.082017e-25 
6.980000e-01 5.275148e-26 5.267165e-26 1.054231e-25 
7.000000e-01 4.996052e-26 5.207553e-26 1.020361e-25 
7.020000e-01 4.689560e-26 5.149959e-26 9.839519e-26 
7.040000e-01 4.396031e-26 5.099671e-26 9.495701e-26 
7.060000e-01 4.271265e-26 5.049474e-26 9.320739e-26 
7.080000e-01 4.262292e-26 4.997776e-26 9.260068e-26 
7.100000e-01 4.528648e-26 4.933334e-26 9.461982e-26 
7.120000e-01 4.878214e-26 4.873225e-26 9.751439e-26 
7.140000e-01 5.319373e-26 4.817623e-26 1.013700e-25 
7.160000e-01 5.594590e-26 4.767939e-26 1.036253e-25 
7.180000e-01 5.808900e-26 4.721771e-26 1.053067e-25 
7.200000e-01 5.923835e-26 4.676908e-26 1.060074e-25 
7.220000e-01 5.998414e-26 4.626815e-26 1.062523e-25 
7.240000e-01 6.052046e-26 4.574341e-26 1.062639e-25 
7.260000e-01 6.085479e-26 4.523379e-26 1.060886e-25 
7.280000e-01 6.112569e-26 4.475260e-26 1.058783e-25 
7.300000e-01 6.139757e-26 4.431022e-26 1.057078e-25 
7.320000e-01 6.153873e-26 4.393987e-26 1.054786e-25 
7.340000e-01 6.163857e-26 4.348801e-26 1.051266e-25 
7.360000e-01 6.157808e-26 4.294955e-26 1.045276e-25 
7.380000e-01 6.139117e-26 4.242221e-26 1.038134e-25 
7.400000e-01 6.116195e-26 4.187796e-26 1.030399e-25 
7.420000e-01 6.101187e-26 4.142995e-26 1.024418e-25 
7.440000e-01 6.088762e-26 4.100447e-26 1.018921e-25 
7.460000e-01 6.078480e-26 4.065116e-26 1.014360e-25 
7.480000e-01 6.070574e-26 4.025786e-26 1.009636e-25 
7.500000e-01 6.031822e-26 3.978846e-26 1.001067e-25 
7.520000e-01 6.000738e-26 3.934803e-26 9.935540e-26 
7.540000e-01 5.968926e-26 3.891304e-26 9.860230e-26 
7.560000e-01 5.941730e-26 3.851226e-26 9.792956e-26 
7.580000e-01 5.918963e-26 3.817114e-26 9.736077e-26 
7.600000e-01 5.897280e-26 3.785253e-26 9.682533e-26 
7.620000e-01 5.864857e-26 3.747627e-26 9.612484e-26 
7.640000e-01 5.818176e-26 3.701657e-26 9.519833e-26 
7.660000e-01 5.771937e-26 3.654520e-26 9.426457e-26 
7.680000e-01 5.729503e-26 3.613200e-26 9.342703e-26 
7.700000e-01 5.692352e-26 3.580096e-26 9.272448e-26 
7.720000e-01 5.659388e-26 3.541300e-26 9.200688e-26 
7.740000e-01 5.629410e-26 3.510413e-26 9.139823e-26 
7.760000e-01 5.595295e-26 3.476411e-26 9.071706e-26 
7.780000e-01 5.552296e-26 3.436955e-26 8.989252e-26 
7.800000e-01 5.507695e-26 3.397366e-26 8.905061e-26 
7.820000e-01 5.464420e-26 3.358250e-26 8.822671e-26 
7.840000e-01 5.423746e-26 3.323542e-26 8.747288e-26 
7.860000e-01 5.390089e-26 3.297250e-26 8.687339e-26 
7.880000e-01 5.358342e-26 3.266760e-26 8.625102e-26 
7.900000e-01 5.326241e-26 3.262917e-26 8.589158e-26 
7.920000e-01 5.267143e-26 3.194976e-26 8.462120e-26 
7.940000e-01 5.223507e-26 3.156199e-26 8.379707e-26 
7.960000e-01 5.158718e-26 3.119079e-26 8.277796e-26 
7.980000e-01 5.109038e-26 3.084364e-26 8.193402e-26 
8.000000e-01 5.067589e-26 3.053189e-26 8.120778e-26 
8.020000e-01 5.034035e-26 3.027313e-26 8.061348e-26 
8.040000e-01 5.001436e-26 3.001298e-26 8.002734e-26 
8.060000e-01 4.962234e-26 2.970353e-26 7.932587e-26 
8.080000e-01 4.919929e-26 2.938167e-26 7.858096e-26 
8.100000e-01 4.876944e-26 2.904885e-26 7.781829e-26 
8.120000e-01 4.836331e-26 2.872655e-26 7.708985e-26 
8.140000e-01 4.801301e-26 2.842360e-26 7.643661e-26 
8.160000e-01 4.774256e-26 2.817824e-26 7.592080e-26 
8.180000e-01 4.756391e-26 2.794425e-26 7.550816e-26 
8.200000e-01 4.712068e-26 2.765836e-26 7.477904e-26 
8.220000e-01 4.667521e-26 2.732928e-26 7.400449e-26 
8.240000e-01 4.622299e-26 2.700218e-26 7.322518e-26 
8.260000e-01 4.579383e-26 2.668670e-26 7.248054e-26 
8.280000e-01 4.539210e-26 2.638019e-26 7.177229e-26 
8.300000e-01 4.503763e-26 2.612444e-26 7.116207e-26 
8.320000e-01 4.479472e-26 2.589953e-26 7.069424e-26 
8.340000e-01 4.453001e-26 2.566909e-26 7.019911e-26 
8.360000e-01 4.421467e-26 2.541233e-26 6.962700e-26 
8.380000e-01 4.386625e-26 2.513019e-26 6.899644e-26 
8.400000e-01 4.350090e-26 2.484761e-26 6.834851e-26 
8.420000e-01 4.314438e-26 2.457103e-26 6.771541e-26 
8.440000e-01 4.282205e-26 2.430959e-26 6.713164e-26 
8.460000e-01 4.256937e-26 2.409849e-26 6.666786e-26 
8.480000e-01 4.237238e-26 2.391986e-26 6.629224e-26 
8.500000e-01 4.210789e-26 2.370305e-26 6.581093e-26 
8.520000e-01 4.175883e-26 2.343488e-26 6.519370e-26 
8.540000e-01 4.138100e-26 2.315477e-26 6.453577e-26 
8.560000e-01 4.099230e-26 2.286567e-26 6.385797e-26 
8.580000e-01 4.071620e-26 2.258418e-26 6.330039e-26 
8.600000e-01 4.027115e-26 2.232334e-26 6.259449e-26 
8.620000e-01 3.990274e-26 2.204804e-26 6.195078e-26 
8.640000e-01 3.971507e-26 2.187933e-26 6.159440e-26 
8.660000e-01 3.951280e-26 2.170168e-26 6.121449e-26 
8.680000e-01 3.926440e-26 2.150625e-26 6.077065e-26 
8.700000e-01 3.895230e-26 2.127314e-26 6.022544e-26 
8.720000e-01 3.863379e-26 2.104193e-26 5.967573e-26 
8.740000e-01 3.831670e-26 2.105207e-26 5.936877e-26 
8.760000e-01 3.801616e-26 2.060576e-26 5.862192e-26 
8.780000e-01 3.777679e-26 2.043471e-26 5.821150e-26 
8.800000e-01 3.756278e-26 2.028689e-26 5.784967e-26 
8.820000e-01 3.733964e-26 2.014421e-26 5.748386e-26 
8.840000e-01 3.706678e-26 1.996556e-26 5.703234e-26 
8.860000e-01 3.673831e-26 1.975648e-26 5.649479e-26 
8.880000e-01 3.637598e-26 1.953690e-26 5.591288e-26 
8.900000e-01 3.606169e-26 1.930423e-26 5.536591e-26 
8.920000e-01 3.564198e-26 1.907767e-26 5.471965e-26 
8.940000e-01 3.533950e-26 1.888721e-26 5.422670e-26 
8.960000e-01 3.510078e-26 1.872828e-26 5.382906e-26 
8.980000e-01 3.488625e-26 1.858200e-26 5.346825e-26 
9.000000e-01 3.464308e-26 1.842132e-26 5.306440e-26 
9.020000e-01 3.434470e-26 1.822456e-26 5.256926e-26 
9.040000e-01 3.465557e-26 1.835450e-26 5.301007e-26 
9.060000e-01 3.372660e-26 1.783103e-26 5.155764e-26 
9.080000e-01 3.341980e-26 1.762905e-26 5.104885e-26 
9.100000e-01 3.313826e-26 1.746042e-26 5.059867e-26 
9.120000e-01 3.382820e-26 1.731740e-26 5.114560e-26 
9.140000e-01 3.269619e-26 1.718780e-26 4.988398e-26 
9.160000e-01 3.247318e-26 1.705367e-26 4.952684e-26 
9.180000e-01 3.220504e-26 1.689691e-26 4.910195e-26 
9.200000e-01 3.189864e-26 1.671997e-26 4.861861e-26 
9.220000e-01 3.159266e-26 1.652623e-26 4.811889e-26 
9.240000e-01 3.124046e-26 1.631432e-26 4.755478e-26 
9.260000e-01 3.090221e-26 1.611142e-26 4.701363e-26 
9.280000e-01 3.061540e-26 1.593890e-26 4.655430e-26 
9.300000e-01 3.038845e-26 1.580386e-26 4.619232e-26 
9.320000e-01 3.019073e-26 1.568272e-26 4.587345e-26 
9.340000e-01 2.995758e-26 1.555487e-26 4.551244e-26 
9.360000e-01 2.969217e-26 1.540891e-26 4.510108e-26 
9.380000e-01 2.944235e-26 1.526480e-26 4.470715e-26 
9.400000e-01 2.917911e-26 1.512091e-26 4.430002e-26 
9.420000e-01 2.887415e-26 1.494419e-26 4.381834e-26 
9.440000e-01 2.859518e-26 1.478676e-26 4.338194e-26 
9.460000e-01 2.836417e-26 1.465215e-26 4.301632e-26 
9.480000e-01 2.816212e-26 1.453180e-26 4.269392e-26 
9.500000e-01 2.797063e-26 1.441963e-26 4.239026e-26 
9.520000e-01 2.775340e-26 1.429340e-26 4.204681e-26 
9.540000e-01 2.752098e-26 1.416493e-26 4.168592e-26 
9.560000e-01 2.726188e-26 1.401745e-26 4.127933e-26 
9.580000e-01 2.678911e-26 1.384166e-26 4.063076e-26 
9.600000e-01 2.662735e-26 1.366226e-26 4.028960e-26 
9.620000e-01 2.634068e-26 1.350075e-26 3.984143e-26 
9.640000e-01 2.609552e-26 1.336710e-26 3.946262e-26 
9.660000e-01 2.590360e-26 1.324786e-26 3.915146e-26 
9.680000e-01 2.571501e-26 1.313545e-26 3.885047e-26 
9.700000e-01 2.551455e-26 1.301359e-26 3.852814e-26 
9.720000e-01 2.531264e-26 1.289573e-26 3.820838e-26 
9.740000e-01 2.508697e-26 1.276394e-26 3.785091e-26 
9.760000e-01 2.484712e-26 1.263476e-26 3.748188e-26 
9.780000e-01 2.457227e-26 1.248344e-26 3.705571e-26 
9.800000e-01 2.432881e-26 1.235509e-26 3.668391e-26 
9.820000e-01 2.413415e-26 1.224840e-26 3.638255e-26 
9.840000e-01 2.395789e-26 1.215868e-26 3.611657e-26 
9.860000e-01 2.379131e-26 1.192381e-26 3.571512e-26 
9.880000e-01 2.379031e-26 1.196768e-26 3.575799e-26 
9.900000e-01 2.345939e-26 1.186639e-26 3.532578e-26 
9.920000e-01 2.323576e-26 1.173726e-26 3.497302e-26 
9.940000e-01 2.299969e-26 1.158972e-26 3.458941e-26 
9.960000e-01 2.267405e-26 1.142776e-26 3.410181e-26 
9.980000e-01 2.241211e-26 1.130140e-26 3.371351e-26 
1.000000e+00 2.219989e-26 1.120373e-26 3.340362e-26 
1.002000e+00 2.202330e-26 1.111053e-26 3.313383e-26 
1.004000e+00 2.161729e-26 1.090538e-26 3.252267e-26 
1.006000e+00 2.144980e-26 1.095625e-26 3.240605e-26 
1.008000e+00 2.126944e-26 1.087082e-26 3.214026e-26 
1.010000e+00 2.107013e-26 1.077661e-26 3.184674e-26 
1.012000e+00 2.117864e-26 1.066895e-26 3.184759e-26 
1.014000e+00 2.094610e-26 1.054403e-26 3.149013e-26 
1.016000e+00 2.072319e-26 1.045871e-26 3.118190e-26 
1.018000e+00 2.054627e-26 1.033556e-26 3.088183e-26 
1.020000e+00 2.019176e-26 1.024943e-26 3.044119e-26 
1.022000e+00 2.005488e-26 1.008147e-26 3.013635e-26 
1.024000e+00 1.991008e-26 9.996431e-27 2.990651e-26 
1.026000e+00 1.970664e-26 9.899785e-27 2.960642e-26 
1.028000e+00 1.950875e-26 9.795011e-27 2.930376e-26 
1.030000e+00 1.967516e-26 9.876053e-27 2.955121e-26 
1.032000e+00 1.943763e-26 9.757821e-27 2.919545e-26 
1.034000e+00 1.884932e-26 9.625336e-27 2.847465e-26 
1.036000e+00 1.866959e-26 9.368620e-27 2.803821e-26 
1.038000e+00 1.853026e-26 9.293947e-27 2.782421e-26 
1.040000e+00 1.839645e-26 9.230349e-27 2.762680e-26 
1.042000e+00 1.827897e-26 9.162599e-27 2.744157e-26 
1.044000e+00 1.815240e-26 9.096772e-27 2.724917e-26 
1.046000e+00 1.800460e-26 9.019497e-27 2.702409e-26 
1.048000e+00 1.784548e-26 8.936379e-27 2.678185e-26 
1.050000e+00 1.767998e-26 8.852535e-27 2.653251e-26 
1.052000e+00 1.748789e-26 8.756768e-27 2.624466e-26 
1.054000e+00 1.731919e-26 8.791527e-27 2.611072e-26 
1.056000e+00 1.720230e-26 8.605937e-27 2.580823e-26 
1.058000e+00 1.710602e-26 8.554609e-27 2.566063e-26 
1.060000e+00 1.700928e-26 8.510806e-27 2.552009e-26 
1.062000e+00 1.689985e-26 8.455160e-27 2.535501e-26 
1.064000e+00 1.675065e-26 8.381112e-27 2.513176e-26 
1.066000e+00 1.658576e-26 8.294828e-27 2.488059e-26 
1.068000e+00 1.641112e-26 8.190813e-27 2.460193e-26 
1.070000e+00 1.622261e-26 8.108286e-27 2.433090e-26 
1.072000e+00 1.604450e-26 8.013520e-27 2.405802e-26 
1.074000e+00 1.587383e-26 7.932965e-27 2.380679e-26 
1.076000e+00 1.575190e-26 7.871175e-27 2.362308e-26 
1.078000e+00 1.564819e-26 7.817846e-27 2.346604e-26 
1.080000e+00 1.555552e-26 7.774323e-27 2.332984e-26 
1.082000e+00 1.546579e-26 7.734656e-27 2.320045e-26 
1.084000e+00 1.535756e-26 7.674186e-27 2.303174e-26 
1.086000e+00 1.524584e-26 7.605885e-27 2.285173e-26 
1.088000e+00 1.512277e-26 7.556294e-27 2.267906e-26 
1.090000e+00 1.497820e-26 7.479554e-27 2.245776e-26 
1.092000e+00 1.482596e-26 7.401420e-27 2.222738e-26 
1.094000e+00 1.470702e-26 7.338814e-27 2.204584e-26 
1.096000e+00 1.462334e-26 7.300545e-27 2.192389e-26 
1.098000e+00 1.455982e-26 7.269168e-27 2.182899e-26 
1.100000e+00 1.449868e-26 7.240982e-27 2.173967e-26 
1.102000e+00 1.443058e-26 7.205364e-27 2.163594e-26 
1.104000e+00 1.433365e-26 7.156440e-27 2.149009e-26 
1.106000e+00 1.422696e-26 7.103324e-27 2.133028e-26 
1.108000e+00 1.411781e-26 7.050321e-27 2.116813e-26 
1.110000e+00 1.400132e-26 6.991309e-27 2.099263e-26 
1.112000e+00 1.388326e-26 6.930646e-27 2.081391e-26 
1.114000e+00 1.378581e-26 6.881322e-27 2.066713e-26 
1.116000e+00 1.370247e-26 6.840025e-27 2.054249e-26 
1.118000e+00 1.363687e-26 6.806769e-27 2.044364e-26 
1.120000e+00 1.357720e-26 6.777154e-27 2.035436e-26 
1.122000e+00 1.351306e-26 6.742827e-27 2.025589e-26 
1.124000e+00 1.344843e-26 6.714032e-27 2.016246e-26 
1.126000e+00 1.338476e-26 6.682049e-27 2.006681e-26 
1.128000e+00 1.332222e-26 6.652373e-27 1.997459e-26 
1.130000e+00 1.325081e-26 6.618748e-27 1.986956e-26 
1.132000e+00 1.317174e-26 6.579250e-27 1.975099e-26 
1.134000e+00 1.310522e-26 6.550418e-27 1.965564e-26 
1.136000e+00 1.305049e-26 6.525616e-27 1.957610e-26 
1.138000e+00 1.302396e-26 6.507637e-27 1.953160e-26 
1.140000e+00 1.299082e-26 6.497483e-27 1.948830e-26 
1.142000e+00 1.294416e-26 6.470411e-27 1.941457e-26 
1.144000e+00 1.288994e-26 6.436750e-27 1.932669e-26 
1.146000e+00 1.281004e-26 6.413515e-27 1.922356e-26 
1.148000e+00 1.273666e-26 6.376443e-27 1.911311e-26 
1.150000e+00 1.266808e-26 6.334677e-27 1.900275e-26 
1.152000e+00 1.259856e-26 6.301892e-27 1.890045e-26 
1.154000e+00 1.253517e-26 6.271924e-27 1.880709e-26 
1.156000e+00 1.250085e-26 6.255672e-27 1.875652e-26 
1.158000e+00 1.244335e-26 6.227388e-27 1.867074e-26 
1.160000e+00 1.238200e-26 6.202123e-27 1.858412e-26 
1.162000e+00 1.233230e-26 6.176302e-27 1.850860e-26 
1.164000e+00 1.227779e-26 6.148467e-27 1.842626e-26 
1.166000e+00 1.220845e-26 6.114814e-27 1.832326e-26 
1.168000e+00 1.213554e-26 6.080099e-27 1.821564e-26 
1.170000e+00 1.207013e-26 6.048004e-27 1.811813e-26 
1.172000e+00 1.200015e-26 6.015236e-27 1.801539e-26 
1.174000e+00 1.192323e-26 5.974057e-27 1.789729e-26 
1.176000e+00 1.184761e-26 5.942974e-27 1.779058e-26 
1.178000e+00 1.180427e-26 5.919792e-27 1.772406e-26 
1.180000e+00 1.175687e-26 5.897367e-27 1.765424e-26 
1.182000e+00 1.171578e-26 5.882602e-27 1.759838e-26 
1.184000e+00 1.167338e-26 5.864751e-27 1.753813e-26 
1.186000e+00 1.162777e-26 5.841629e-27 1.746940e-26 
1.188000e+00 1.155360e-26 5.805593e-27 1.735919e-26 
1.190000e+00 1.147674e-26 5.770337e-27 1.724708e-26 
1.192000e+00 1.142590e-26 5.735005e-27 1.716090e-26 
1.194000e+00 1.133672e-26 5.703220e-27 1.703994e-26 
1.196000e+00 1.126477e-26 5.668861e-27 1.693363e-26 
1.198000e+00 1.120939e-26 5.642687e-27 1.685207e-26 
1.200000e+00 1.114719e-26 5.612316e-27 1.675950e-26 
1.202000e+00 1.109737e-26 5.591148e-27 1.668852e-26 
1.204000e+00 1.104303e-26 5.567628e-27 1.661066e-26 
1.206000e+00 1.097351e-26 5.543738e-27 1.651724e-26 
1.208000e+00 1.093339e-26 5.516375e-27 1.644976e-26 
1.210000e+00 1.086389e-26 5.485234e-27 1.634912e-26 
1.212000e+00 1.079020e-26 5.448902e-27 1.623910e-26 
1.214000e+00 1.072504e-26 5.420072e-27 1.614511e-26 
1.216000e+00 1.065395e-26 5.385475e-27 1.603942e-26 
1.218000e+00 1.057336e-26 5.347508e-27 1.592087e-26 
1.220000e+00 1.050518e-26 5.316217e-27 1.582140e-26 
1.222000e+00 1.044013e-26 5.288279e-27 1.572841e-26 
1.224000e+00 1.038129e-26 5.268307e-27 1.564959e-26 
1.226000e+00 1.036477e-26 5.253537e-27 1.561831e-26 
1.228000e+00 1.031484e-26 5.235175e-27 1.555001e-26 
1.230000e+00 1.027155e-26 5.215077e-27 1.548663e-26 
1.232000e+00 1.020636e-26 5.188275e-27 1.539463e-26 
1.234000e+00 1.012375e-26 5.148982e-27 1.527273e-26 
1.236000e+00 1.004919e-26 5.115494e-27 1.516468e-26 
1.238000e+00 9.974278e-27 5.081823e-27 1.505610e-26 
1.240000e+00 9.906665e-27 5.050833e-27 1.495750e-26 
1.242000e+00 9.832924e-27 5.022378e-27 1.485530e-26 
1.244000e+00 9.778744e-27 4.995125e-27 1.477387e-26 
1.246000e+00 9.719159e-27 4.971114e-27 1.469027e-26 
1.248000e+00 9.661846e-27 4.947453e-27 1.460930e-26 
1.250000e+00 9.609264e-27 4.926243e-27 1.453551e-26 
1.252000e+00 9.577762e-27 4.913984e-27 1.449175e-26 
1.254000e+00 9.495527e-27 4.879974e-27 1.437550e-26 
1.256000e+00 9.421605e-27 4.844425e-27 1.426603e-26 
1.258000e+00 9.346136e-27 4.812653e-27 1.415879e-26 
1.260000e+00 9.278866e-27 4.782180e-27 1.406105e-26 
1.262000e+00 9.196184e-27 4.746666e-27 1.394285e-26 
1.264000e+00 9.123271e-27 4.716399e-27 1.383967e-26 
1.266000e+00 9.055680e-27 4.688228e-27 1.374391e-26 
1.268000e+00 8.982064e-27 4.662606e-27 1.364467e-26 
1.270000e+00 8.931914e-27 4.642947e-27 1.357486e-26 
1.272000e+00 8.879587e-27 4.626950e-27 1.350654e-26 
1.274000e+00 8.830019e-27 4.610920e-27 1.344094e-26 
1.276000e+00 8.778811e-27 4.594265e-27 1.337308e-26 
1.278000e+00 8.706185e-27 4.567744e-27 1.327393e-26 
1.280000e+00 8.625138e-27 4.535652e-27 1.316079e-26 
1.282000e+00 8.533889e-27 4.501761e-27 1.303565e-26 
1.284000e+00 8.441890e-27 4.469630e-27 1.291152e-26 
1.286000e+00 8.348600e-27 4.438177e-27 1.278678e-26 
1.288000e+00 8.254362e-27 4.410476e-27 1.266484e-26 
1.290000e+00 8.134271e-27 4.381411e-27 1.251568e-26 
1.292000e+00 8.028990e-27 4.357576e-27 1.238657e-26 
1.294000e+00 7.937599e-27 4.337417e-27 1.227502e-26 
1.296000e+00 7.974512e-27 4.383892e-27 1.235840e-26 
1.298000e+00 7.776202e-27 4.298946e-27 1.207515e-26 
1.300000e+00 7.727665e-27 4.276930e-27 1.200460e-26 
1.302000e+00 7.695117e-27 4.253218e-27 1.194834e-26 
1.304000e+00 7.658293e-27 4.226729e-27 1.188502e-26 
1.306000e+00 7.652084e-27 4.194236e-27 1.184632e-26 
1.308000e+00 7.658040e-27 4.162404e-27 1.182044e-26 
1.310000e+00 7.666151e-27 4.131628e-27 1.179778e-26 
1.312000e+00 7.685495e-27 4.103855e-27 1.178935e-26 
1.314000e+00 7.704361e-27 4.079375e-27 1.178374e-26 
1.316000e+00 7.733739e-27 4.056844e-27 1.179058e-26 
1.318000e+00 7.745333e-27 4.040096e-27 1.178543e-26 
1.320000e+00 7.750103e-27 4.020739e-27 1.177084e-26 
1.322000e+00 7.765714e-27 4.011473e-27 1.177719e-26 
1.324000e+00 7.761550e-27 3.994127e-27 1.175568e-26 
1.326000e+00 7.745244e-27 3.971869e-27 1.171711e-26 
1.328000e+00 7.715630e-27 3.943982e-27 1.165961e-26 
1.330000e+00 7.650403e-27 3.914965e-27 1.156537e-26 
1.332000e+00 7.639310e-27 3.886540e-27 1.152585e-26 
1.334000e+00 7.609368e-27 3.856831e-27 1.146620e-26 
1.336000e+00 7.565640e-27 3.828946e-27 1.139459e-26 
1.338000e+00 7.534136e-27 3.806012e-27 1.134015e-26 
1.340000e+00 7.504902e-27 3.784039e-27 1.128894e-26 
1.342000e+00 7.481213e-27 3.766425e-27 1.124764e-26 
1.344000e+00 7.475262e-27 3.755897e-27 1.123116e-26 
1.346000e+00 7.435313e-27 3.729700e-27 1.116501e-26 
1.348000e+00 7.408456e-27 3.712260e-27 1.112072e-26 
1.350000e+00 7.384579e-27 3.693325e-27 1.107790e-26 
1.352000e+00 7.337402e-27 3.664780e-27 1.100218e-26 
1.354000e+00 7.253855e-27 3.620083e-27 1.087394e-26 
1.356000e+00 7.251037e-27 3.615201e-27 1.086624e-26 
1.358000e+00 7.204540e-27 3.587205e-27 1.079174e-26 
1.360000e+00 7.162504e-27 3.560959e-27 1.072346e-26 
1.362000e+00 7.123101e-27 3.536037e-27 1.065914e-26 
1.364000e+00 7.090163e-27 3.517652e-27 1.060781e-26 
1.366000e+00 7.066165e-27 3.501560e-27 1.056772e-26 
1.368000e+00 7.033284e-27 3.481967e-27 1.051525e-26 
1.370000e+00 7.011111e-27 3.467346e-27 1.047846e-26 
1.372000e+00 7.008015e-27 3.457346e-27 1.046536e-26 
1.374000e+00 6.971229e-27 3.441832e-27 1.041306e-26 
1.376000e+00 6.934315e-27 3.421426e-27 1.035574e-26 
1.378000e+00 6.894386e-27 3.396741e-27 1.029113e-26 
1.380000e+00 6.846009e-27 3.369290e-27 1.021530e-26 
1.382000e+00 6.798068e-27 3.343674e-27 1.014174e-26 
1.384000e+00 6.750245e-27 3.318442e-27 1.006869e-26 
1.386000e+00 6.771785e-27 3.325729e-27 1.009751e-26 
1.388000e+00 6.671069e-27 3.274567e-27 9.945636e-27 
1.390000e+00 6.643095e-27 3.258697e-27 9.901792e-27 
1.392000e+00 6.608068e-27 3.241381e-27 9.849449e-27 
1.394000e+00 6.576847e-27 3.224065e-27 9.800911e-27 
1.396000e+00 6.553989e-27 3.208607e-27 9.762597e-27 
1.398000e+00 6.528902e-27 3.193885e-27 9.722788e-27 
1.400000e+00 6.499748e-27 3.176656e-27 9.676404e-27 
1.402000e+00 6.458831e-27 3.157843e-27 9.616674e-27 
1.404000e+00 6.417317e-27 3.135595e-27 9.552912e-27 
1.406000e+00 6.374049e-27 3.111180e-27 9.485228e-27 
1.408000e+00 6.323692e-27 3.084501e-27 9.408193e-27 
1.410000e+00 6.282600e-27 3.062156e-27 9.344757e-27 
1.412000e+00 6.240278e-27 3.041661e-27 9.281940e-27 
1.414000e+00 6.209690e-27 3.025181e-27 9.234872e-27 
1.416000e+00 6.182927e-27 3.010759e-27 9.193687e-27 
1.418000e+00 6.150552e-27 2.992236e-27 9.142789e-27 
1.420000e+00 6.121319e-27 2.978448e-27 9.099767e-27 
1.422000e+00 6.097740e-27 2.965518e-27 9.063257e-27 
1.424000e+00 6.080937e-27 2.956657e-27 9.037594e-27 
1.426000e+00 6.062036e-27 2.994853e-27 9.056888e-27 
1.428000e+00 6.027610e-27 2.929034e-27 8.956644e-27 
1.430000e+00 5.983229e-27 2.906471e-27 8.889700e-27 
1.432000e+00 5.937458e-27 2.882770e-27 8.820228e-27 
1.434000e+00 5.889271e-27 2.858335e-27 8.747606e-27 
1.436000e+00 5.848638e-27 2.834393e-27 8.683031e-27 
1.438000e+00 5.810792e-27 2.817476e-27 8.628268e-27 
1.440000e+00 5.780110e-27 2.800355e-27 8.580465e-27 
1.442000e+00 5.750260e-27 2.786288e-27 8.536547e-27 
1.444000e+00 5.718423e-27 2.769328e-27 8.487751e-27 
1.446000e+00 5.689795e-27 2.755110e-27 8.444905e-27 
1.448000e+00 5.664061e-27 2.740932e-27 8.404993e-27 
1.450000e+00 5.640301e-27 2.730332e-27 8.370633e-27 
1.452000e+00 5.612280e-27 2.682615e-27 8.294894e-27 
1.454000e+00 5.583484e-27 2.701556e-27 8.285040e-27 
1.456000e+00 5.547126e-27 2.683470e-27 8.230596e-27 
1.458000e+00 5.579098e-27 2.698142e-27 8.277239e-27 
1.460000e+00 5.456996e-27 2.642376e-27 8.099372e-27 
1.462000e+00 5.423773e-27 2.621667e-27 8.045440e-27 
1.464000e+00 5.384946e-27 2.602262e-27 7.987208e-27 
1.466000e+00 5.358843e-27 2.589150e-27 7.947993e-27 
1.468000e+00 5.336291e-27 2.577292e-27 7.913584e-27 
1.470000e+00 5.305513e-27 2.561939e-27 7.867452e-27 
1.472000e+00 5.276056e-27 2.546042e-27 7.822098e-27 
1.474000e+00 5.255373e-27 2.537523e-27 7.792897e-27 
1.476000e+00 5.235858e-27 2.522838e-27 7.758696e-27 
1.478000e+00 5.220203e-27 2.518072e-27 7.738275e-27 
1.480000e+00 5.204998e-27 2.510613e-27 7.715611e-27 
1.482000e+00 5.171656e-27 2.492646e-27 7.664303e-27 
1.484000e+00 5.133959e-27 2.480420e-27 7.614379e-27 
1.486000e+00 5.093427e-27 2.453843e-27 7.547271e-27 
1.488000e+00 5.049776e-27 2.433713e-27 7.483490e-27 
1.490000e+00 5.013333e-27 2.416419e-27 7.429752e-27 
1.492000e+00 4.988981e-27 2.400768e-27 7.389749e-27 
1.494000e+00 4.953790e-27 2.388340e-27 7.342130e-27 
1.496000e+00 4.927998e-27 2.373991e-27 7.301989e-27 
1.498000e+00 4.899750e-27 2.359692e-27 7.259442e-27 
1.500000e+00 4.867772e-27 2.344493e-27 7.212265e-27 
1.502000e+00 4.853785e-27 2.337293e-27 7.191078e-27 
1.504000e+00 4.834360e-27 2.327368e-27 7.161728e-27 
1.506000e+00 4.813323e-27 2.316278e-27 7.129600e-27 
1.508000e+00 4.790821e-27 2.304072e-27 7.094893e-27 
1.510000e+00 4.761659e-27 2.289128e-27 7.050787e-27 
1.512000e+00 4.725104e-27 2.273909e-27 6.999013e-27 
1.514000e+00 4.689361e-27 2.255240e-27 6.944601e-27 
1.516000e+00 4.655349e-27 2.239029e-27 6.894379e-27 
1.518000e+00 4.620725e-27 2.221620e-27 6.842345e-27 
1.520000e+00 4.596216e-27 2.210427e-27 6.806643e-27 
1.522000e+00 4.574884e-27 2.200430e-27 6.775314e-27 
1.524000e+00 4.548448e-27 2.187905e-27 6.736352e-27 
1.526000e+00 4.524390e-27 2.175264e-27 6.699653e-27 
1.528000e+00 4.501422e-27 2.164621e-27 6.666043e-27 
1.530000e+00 4.480718e-27 2.155281e-27 6.635999e-27 
1.532000e+00 4.477462e-27 2.147553e-27 6.625015e-27 
1.534000e+00 4.458283e-27 2.124225e-27 6.582508e-27 
1.536000e+00 4.441410e-27 2.134054e-27 6.575465e-27 
1.538000e+00 4.414005e-27 2.121124e-27 6.535129e-27 
1.540000e+00 4.382183e-27 2.105169e-27 6.487352e-27 
1.542000e+00 4.394761e-27 2.111571e-27 6.506332e-27 
1.544000e+00 4.371965e-27 2.099819e-27 6.471784e-27 
1.546000e+00 4.353196e-27 2.092143e-27 6.445339e-27 
1.548000e+00 4.332376e-27 2.080584e-27 6.412960e-27 
1.550000e+00 4.310452e-27 2.070419e-27 6.380871e-27 
1.552000e+00 4.286388e-27 2.058442e-27 6.344830e-27 
1.554000e+00 4.259825e-27 2.046174e-27 6.305999e-27 
1.556000e+00 4.231576e-27 2.032271e-27 6.263847e-27 
1.558000e+00 4.214944e-27 2.024436e-27 6.239380e-27 
1.560000e+00 4.196217e-27 2.015419e-27 6.211635e-27 
1.562000e+00 4.180028e-27 2.009257e-27 6.189285e-27 
1.564000e+00 4.163581e-27 2.000375e-27 6.163955e-27 
1.566000e+00 4.151169e-27 1.993723e-27 6.144893e-27 
1.568000e+00 4.139867e-27 1.989237e-27 6.129103e-27 
1.570000e+00 4.110238e-27 1.974000e-27 6.084238e-27 
1.572000e+00 4.083244e-27 1.960187e-27 6.043431e-27 
1.574000e+00 4.058642e-27 1.949411e-27 6.008053e-27 
1.576000e+00 4.036100e-27 1.938272e-27 5.974372e-27 
1.578000e+00 4.013697e-27 1.928823e-27 5.942519e-27 
1.580000e+00 3.986358e-27 1.914661e-27 5.901020e-27 
1.582000e+00 3.963151e-27 1.902848e-27 5.865999e-27 
1.584000e+00 3.932646e-27 1.891037e-27 5.823683e-27 
1.586000e+00 3.909295e-27 1.877117e-27 5.786412e-27 
1.588000e+00 3.890119e-27 1.868840e-27 5.758959e-27 
1.590000e+00 3.877034e-27 1.862585e-27 5.739619e-27 
1.592000e+00 3.819110e-27 1.834717e-27 5.653827e-27 
1.594000e+00 3.862913e-27 1.855879e-27 5.718792e-27 
1.596000e+00 3.645481e-27 1.753941e-27 5.399421e-27 
1.598000e+00 3.846913e-27 1.848733e-27 5.695645e-27 
1.600000e+00 3.821613e-27 1.836968e-27 5.658581e-27 
1.602000e+00 3.799452e-27 1.826743e-27 5.626195e-27 
1.604000e+00 3.780078e-27 1.817201e-27 5.597279e-27 
1.606000e+00 3.765683e-27 1.809329e-27 5.575012e-27 
1.608000e+00 3.747959e-27 1.800808e-27 5.548767e-27 
1.610000e+00 3.728849e-27 1.791212e-27 5.520061e-27 
1.612000e+00 3.704959e-27 1.781229e-27 5.486188e-27 
1.614000e+00 3.684966e-27 1.771227e-27 5.456193e-27 
1.616000e+00 3.660374e-27 1.759587e-27 5.419962e-27 
1.618000e+00 3.641422e-27 1.750776e-27 5.392198e-27 
1.620000e+00 3.626150e-27 1.744488e-27 5.370637e-27 
1.622000e+00 3.615844e-27 1.737624e-27 5.353468e-27 
1.624000e+00 3.600876e-27 1.732735e-27 5.333611e-27 
1.626000e+00 3.587180e-27 1.725693e-27 5.312873e-27 
1.628000e+00 3.570191e-27 1.718424e-27 5.288615e-27 
1.630000e+00 3.547012e-27 1.706421e-27 5.253433e-27 
1.632000e+00 3.523038e-27 1.695842e-27 5.218880e-27 
1.634000e+00 3.505859e-27 1.687749e-27 5.193608e-27 
1.636000e+00 3.485518e-27 1.679042e-27 5.164561e-27 
1.638000e+00 3.464952e-27 1.668597e-27 5.133549e-27 
1.640000e+00 3.442347e-27 1.658823e-27 5.101170e-27 
1.642000e+00 3.419092e-27 1.647240e-27 5.066332e-27 
1.644000e+00 3.394227e-27 1.635971e-27 5.030198e-27 
1.646000e+00 3.308701e-27 1.594329e-27 4.903030e-27 
1.648000e+00 3.295236e-27 1.588734e-27 4.883970e-27 
1.650000e+00 3.286037e-27 1.584640e-27 4.870676e-27 
1.652000e+00 3.277240e-27 1.581165e-27 4.858405e-27 
1.654000e+00 3.270871e-27 1.578234e-27 4.849105e-27 
1.656000e+00 3.262595e-27 1.573429e-27 4.836024e-27 
1.658000e+00 3.250724e-27 1.565687e-27 4.816411e-27 
1.660000e+00 3.226601e-27 1.557132e-27 4.783733e-27 
1.662000e+00 3.204074e-27 1.546736e-27 4.750810e-27 
1.664000e+00 3.182606e-27 1.536168e-27 4.718774e-27 
1.666000e+00 3.164970e-27 1.528723e-27 4.693693e-27 
1.668000e+00 3.151123e-27 1.522869e-27 4.673992e-27 
1.670000e+00 3.137004e-27 1.516104e-27 4.653108e-27 
1.672000e+00 3.123406e-27 1.510027e-27 4.633433e-27 
1.674000e+00 3.109468e-27 1.504000e-27 4.613468e-27 
1.676000e+00 3.096850e-27 1.497839e-27 4.594688e-27 
1.678000e+00 3.083061e-27 1.491906e-27 4.574967e-27 
1.680000e+00 3.070875e-27 1.487369e-27 4.558244e-27 
1.682000e+00 3.060937e-27 1.481673e-27 4.542611e-27 
1.684000e+00 3.049892e-27 1.477992e-27 4.527884e-27 
1.686000e+00 3.039950e-27 1.472454e-27 4.512404e-27 
1.688000e+00 3.027230e-27 1.466434e-27 4.493664e-27 
1.690000e+00 3.011294e-27 1.459162e-27 4.470457e-27 
1.692000e+00 2.990689e-27 1.449138e-27 4.439827e-27 
1.694000e+00 2.973169e-27 1.439252e-27 4.412421e-27 
1.696000e+00 2.958301e-27 1.433337e-27 4.391638e-27 
1.698000e+00 2.946830e-27 1.426736e-27 4.373565e-27 
1.700000e+00 2.935431e-27 1.423231e-27 4.358662e-27 
1.702000e+00 2.922803e-27 1.417435e-27 4.340238e-27 
1.704000e+00 2.909901e-27 1.412249e-27 4.322150e-27 
1.706000e+00 2.898416e-27 1.406784e-27 4.305199e-27 
1.708000e+00 2.816303e-27 1.367401e-27 4.183704e-27 
1.710000e+00 2.869661e-27 1.393898e-27 4.263559e-27 
1.712000e+00 2.859028e-27 1.387676e-27 4.246704e-27 
1.714000e+00 2.851126e-27 1.385314e-27 4.236439e-27 
1.716000e+00 2.856269e-27 1.389034e-27 4.245304e-27 
1.718000e+00 2.841844e-27 1.381101e-27 4.222945e-27 
1.720000e+00 2.826539e-27 1.375458e-27 4.201996e-27 
1.722000e+00 2.812893e-27 1.369317e-27 4.182210e-27 
1.724000e+00 2.791825e-27 1.358452e-27 4.150278e-27 
1.726000e+00 2.774721e-27 1.351323e-27 4.126044e-27 
1.728000e+00 2.759912e-27 1.344101e-27 4.104013e-27 
1.730000e+00 2.746965e-27 1.339428e-27 4.086393e-27 
1.732000e+00 2.736500e-27 1.334195e-27 4.070696e-27 
1.734000e+00 2.724208e-27 1.327195e-27 4.051403e-27 
1.736000e+00 2.708763e-27 1.320826e-27 4.029589e-27 
1.738000e+00 2.694935e-27 1.313891e-27 4.008826e-27 
1.740000e+00 2.678407e-27 1.307435e-27 3.985842e-27 
1.742000e+00 2.661586e-27 1.300270e-27 3.961855e-27 
1.744000e+00 2.647958e-27 1.294720e-27 3.942678e-27 
1.746000e+00 2.637991e-27 1.290357e-27 3.928348e-27 
1.748000e+00 2.629420e-27 1.286110e-27 3.915529e-27 
1.750000e+00 2.629192e-27 1.286766e-27 3.915959e-27 
1.752000e+00 2.602222e-27 1.274643e-27 3.876865e-27 
1.754000e+00 2.584700e-27 1.266315e-27 3.851016e-27 
1.756000e+00 2.564253e-27 1.257233e-27 3.821486e-27 
1.758000e+00 2.556495e-27 1.255421e-27 3.811916e-27 
1.760000e+00 2.532874e-27 1.243738e-27 3.776612e-27 
1.762000e+00 2.530217e-27 1.243532e-27 3.773749e-27 
1.764000e+00 2.509355e-27 1.233059e-27 3.742414e-27 
1.766000e+00 2.497439e-27 1.228535e-27 3.725975e-27 
1.768000e+00 2.485514e-27 1.223206e-27 3.708721e-27 
1.770000e+00 2.473571e-27 1.218044e-27 3.691615e-27 
1.772000e+00 2.460148e-27 1.212968e-27 3.673116e-27 
1.774000e+00 2.445322e-27 1.205716e-27 3.651038e-27 
1.776000e+00 2.430767e-27 1.200053e-27 3.630820e-27 
1.778000e+00 2.422903e-27 1.197128e-27 3.620030e-27 
1.780000e+00 2.416772e-27 1.195456e-27 3.612228e-27 
1.782000e+00 2.409659e-27 1.192466e-27 3.602125e-27 
1.784000e+00 2.395524e-27 1.187487e-27 3.583011e-27 
1.786000e+00 2.384786e-27 1.182731e-27 3.567517e-27 
1.788000e+00 2.365744e-27 1.175288e-27 3.541032e-27 
1.790000e+00 2.349827e-27 1.168076e-27 3.517903e-27 
1.792000e+00 2.334704e-27 1.159129e-27 3.493833e-27 
1.794000e+00 2.319796e-27 1.156739e-27 3.476536e-27 
1.796000e+00 2.307333e-27 1.151349e-27 3.458683e-27 
1.798000e+00 2.295602e-27 1.146499e-27 3.442101e-27 
1.800000e+00 2.282124e-27 1.141536e-27 3.423660e-27 
1.802000e+00 2.267476e-27 1.135807e-27 3.403283e-27 
1.804000e+00 2.253042e-27 1.130504e-27 3.383546e-27 
1.806000e+00 2.236847e-27 1.129081e-27 3.365928e-27 
1.808000e+00 2.219847e-27 1.118414e-27 3.338261e-27 
1.810000e+00 2.205930e-27 1.112540e-27 3.318470e-27 
1.812000e+00 2.191749e-27 1.108601e-27 3.300351e-27 
1.814000e+00 2.180861e-27 1.104254e-27 3.285115e-27 
1.816000e+00 2.162297e-27 1.099161e-27 3.261458e-27 
1.818000e+00 2.146003e-27 1.094156e-27 3.240159e-27 
1.820000e+00 2.125870e-27 1.088606e-27 3.214476e-27 
1.822000e+00 2.158833e-27 1.079240e-27 3.238073e-27 
1.824000e+00 2.091953e-27 1.078150e-27 3.170103e-27 
1.826000e+00 2.059511e-27 1.067555e-27 3.127066e-27 
1.828000e+00 2.042291e-27 1.062649e-27 3.104940e-27 
1.830000e+00 2.022801e-27 1.058702e-27 3.081503e-27 
1.832000e+00 2.006832e-27 1.053523e-27 3.060355e-27 
1.834000e+00 1.993717e-27 1.049927e-27 3.043644e-27 
1.836000e+00 1.978176e-27 1.045497e-27 3.023673e-27 
1.838000e+00 1.968128e-27 1.042070e-27 3.010198e-27 
1.840000e+00 1.955916e-27 1.034300e-27 2.990216e-27 
1.842000e+00 1.948269e-27 1.029391e-27 2.977661e-27 
1.844000e+00 1.942851e-27 1.024739e-27 2.967590e-27 
1.846000e+00 1.940325e-27 1.021921e-27 2.962246e-27 
1.848000e+00 1.948970e-27 1.020913e-27 2.969883e-27 
1.850000e+00 1.955404e-27 1.017623e-27 2.973027e-27 
1.852000e+00 1.960391e-27 1.013274e-27 2.973665e-27 
1.854000e+00 1.961879e-27 1.009089e-27 2.970968e-27 
1.856000e+00 1.962235e-27 1.001802e-27 2.964038e-27 
1.858000e+00 1.961617e-27 9.966153e-28 2.958233e-27 
1.860000e+00 1.962745e-27 9.920912e-28 2.954836e-27 
1.862000e+00 1.964547e-27 9.861213e-28 2.950668e-27 
1.864000e+00 1.961888e-27 9.821330e-28 2.944021e-27 
1.866000e+00 1.957864e-27 9.776337e-28 2.935497e-27 
1.868000e+00 1.955519e-27 9.735924e-28 2.929112e-27 
1.870000e+00 1.951202e-27 9.691375e-28 2.920340e-27 
1.872000e+00 1.946940e-27 9.645950e-28 2.911535e-27 
1.874000e+00 1.938635e-27 9.597321e-28 2.898367e-27 
1.876000e+00 1.943409e-27 9.610273e-28 2.904436e-27 
1.878000e+00 1.939515e-27 9.557131e-28 2.895228e-27 
1.880000e+00 1.933930e-27 9.527192e-28 2.886649e-27 
1.882000e+00 1.928104e-27 9.472725e-28 2.875377e-27 
1.884000e+00 1.926437e-27 9.442586e-28 2.870696e-27 
1.886000e+00 1.919729e-27 9.406372e-28 2.860366e-27 
1.888000e+00 1.912990e-27 9.364522e-28 2.849443e-27 
1.890000e+00 1.901851e-27 9.306556e-28 2.832507e-27 
1.892000e+00 1.894599e-27 9.245550e-28 2.819154e-27 
1.894000e+00 1.890396e-27 9.211482e-28 2.811544e-27 
1.896000e+00 1.887745e-27 9.198770e-28 2.807622e-27 
1.898000e+00 1.885480e-27 9.166232e-28 2.802103e-27 
1.900000e+00 1.882017e-27 9.139854e-28 2.796002e-27 
1.902000e+00 1.879963e-27 9.121599e-28 2.792123e-27 
1.904000e+00 1.877115e-27 9.109770e-28 2.788092e-27 
1.906000e+00 1.873868e-27 9.083313e-28 2.782199e-27 
1.908000e+00 1.865380e-27 9.031738e-28 2.768554e-27 
1.910000e+00 1.853881e-27 8.965208e-28 2.750401e-27 
1.912000e+00 1.843361e-27 8.909578e-28 2.734319e-27 
1.914000e+00 1.829315e-27 8.839396e-28 2.713255e-27 
1.916000e+00 1.821147e-27 8.781489e-28 2.699296e-27 
1.918000e+00 1.816738e-27 8.753593e-28 2.692097e-27 
1.920000e+00 1.816894e-27 8.757092e-28 2.692604e-27 
1.922000e+00 1.816520e-27 8.748012e-28 2.691321e-27 
1.924000e+00 1.812871e-27 8.714568e-28 2.684327e-27 
1.926000e+00 1.805957e-27 8.686839e-28 2.674641e-27 
1.928000e+00 1.799537e-27 8.643983e-28 2.663936e-27 
1.930000e+00 1.795771e-27 8.615876e-28 2.657359e-27 
1.932000e+00 1.794690e-27 8.609388e-28 2.655629e-27 
1.934000e+00 1.791095e-27 8.585338e-28 2.649628e-27 
1.936000e+00 1.786687e-27 8.554944e-28 2.642181e-27 
1.938000e+00 1.782545e-27 8.534249e-28 2.635970e-27 
1.940000e+00 1.779342e-27 8.510627e-28 2.630405e-27 
1.942000e+00 1.774843e-27 8.483120e-28 2.623155e-27 
1.944000e+00 1.768978e-27 8.444414e-28 2.613419e-27 
1.946000e+00 1.759784e-27 8.487414e-28 2.608525e-27 
1.948000e+00 1.751867e-27 8.356495e-28 2.587516e-27 
1.950000e+00 1.745002e-27 8.318844e-28 2.576886e-27 
1.952000e+00 1.735342e-27 8.271398e-28 2.562481e-27 
1.954000e+00 1.729163e-27 8.242104e-28 2.553373e-27 
1.956000e+00 1.723568e-27 8.209760e-28 2.544544e-27 
1.958000e+00 1.719700e-27 8.178133e-28 2.537513e-27 
1.960000e+00 1.712662e-27 8.148029e-28 2.527465e-27 
1.962000e+00 1.702240e-27 8.088559e-28 2.511096e-27 
1.964000e+00 1.693129e-27 8.045884e-28 2.497718e-27 
1.966000e+00 1.689832e-27 8.025864e-28 2.492418e-27 
1.968000e+00 1.687973e-27 8.009734e-28 2.488947e-27 
1.970000e+00 1.684347e-27 7.993632e-28 2.483711e-27 
1.972000e+00 1.678760e-27 7.961883e-28 2.474948e-27 
1.974000e+00 1.676402e-27 7.946440e-28 2.471046e-27 
1.976000e+00 1.674017e-27 7.937258e-28 2.467743e-27 
1.978000e+00 1.663992e-27 7.878742e-28 2.451866e-27 
1.980000e+00 1.591799e-27 7.538872e-28 2.345686e-27 
1.982000e+00 1.579654e-27 7.499624e-28 2.329617e-27 
1.984000e+00 1.576123e-27 7.458341e-28 2.321957e-27 
1.986000e+00 1.572232e-27 7.426043e-28 2.314836e-27 
1.988000e+00 1.569201e-27 7.421845e-28 2.311385e-27 
1.990000e+00 1.564893e-27 7.391495e-28 2.304042e-27 
1.992000e+00 1.563021e-27 7.385782e-28 2.301599e-27 
1.994000e+00 1.560380e-27 7.366917e-28 2.297072e-27 
1.996000e+00 1.556499e-27 7.340731e-28 2.290572e-27 
1.998000e+00 1.549916e-27 7.331131e-28 2.283029e-27 
2.000000e+00 1.577329e-27 7.440923e-28 2.321422e-27 
2.002000e+00 1.535378e-27 7.236020e-28 2.258980e-27 
2.004000e+00 1.528523e-27 7.203744e-28 2.248898e-27 
2.006000e+00 1.522699e-27 7.203862e-28 2.243085e-27 
2.008000e+00 1.516886e-27 7.147745e-28 2.231661e-27 
2.010000e+00 1.512805e-27 7.125914e-28 2.225397e-27 
2.012000e+00 1.507638e-27 7.105591e-28 2.218198e-27 
2.014000e+00 1.502743e-27 7.076510e-28 2.210394e-27 
2.016000e+00 1.495304e-27 7.043228e-28 2.199627e-27 
2.018000e+00 1.488483e-27 7.009297e-28 2.189412e-27 
2.020000e+00 1.480150e-27 6.967779e-28 2.176928e-27 
2.022000e+00 1.472296e-27 6.932121e-28 2.165508e-27 
2.024000e+00 1.466037e-27 6.902155e-28 2.156253e-27 
2.026000e+00 1.460067e-27 6.870122e-28 2.147079e-27 
2.028000e+00 1.456189e-27 6.850026e-28 2.141191e-27 
2.030000e+00 1.452505e-27 6.831512e-28 2.135656e-27 
2.032000e+00 1.448326e-27 6.809472e-28 2.129274e-27 
2.034000e+00 1.443633e-27 6.785304e-28 2.122163e-27 
2.036000e+00 1.437822e-27 6.733016e-28 2.111124e-27 
2.038000e+00 1.426426e-27 6.690589e-28 2.095485e-27 
2.040000e+00 1.421693e-27 6.666481e-28 2.088341e-27 
2.042000e+00 1.416812e-27 6.637761e-28 2.080588e-27 
2.044000e+00 1.411397e-27 6.618690e-28 2.073266e-27 
2.046000e+00 1.406386e-27 6.596028e-28 2.065988e-27 
2.048000e+00 1.397785e-27 6.577802e-28 2.055565e-27 
2.050000e+00 1.398236e-27 6.554366e-28 2.053673e-27 
2.052000e+00 1.393277e-27 6.523009e-28 2.045577e-27 
2.054000e+00 1.388290e-27 6.501212e-28 2.038411e-27 
2.056000e+00 1.381810e-27 6.469311e-28 2.028741e-27 
2.058000e+00 1.374139e-27 6.439425e-28 2.018082e-27 
2.060000e+00 1.368269e-27 6.404659e-28 2.008735e-27 
2.062000e+00 1.362996e-27 6.380277e-28 2.001024e-27 
2.064000e+00 1.361965e-27 6.375237e-28 1.999489e-27 
2.066000e+00 1.362031e-27 6.377512e-28 1.999782e-27 
2.068000e+00 1.360907e-27 6.361631e-28 1.997070e-27 
2.070000e+00 1.359517e-27 6.358827e-28 1.995400e-27 
2.072000e+00 1.488383e-27 6.951702e-28 2.183554e-27 
2.074000e+00 1.351597e-27 6.314766e-28 1.983074e-27 
2.076000e+00 1.344828e-27 6.277269e-28 1.972555e-27 
2.078000e+00 1.339098e-27 6.252425e-28 1.964341e-27 
2.080000e+00 1.336036e-27 6.236657e-28 1.959702e-27 
2.082000e+00 1.329752e-27 6.179435e-28 1.947695e-27 
2.084000e+00 1.326310e-27 6.189435e-28 1.945254e-27 
2.086000e+00 1.322481e-27 6.167938e-28 1.939274e-27 
2.088000e+00 1.318111e-27 6.147890e-28 1.932900e-27 
2.090000e+00 1.313422e-27 6.128211e-28 1.926243e-27 
2.092000e+00 1.307714e-27 6.099785e-28 1.917693e-27 
2.094000e+00 1.302317e-27 6.072382e-28 1.909555e-27 
2.096000e+00 1.295713e-27 6.038640e-28 1.899577e-27 
2.098000e+00 1.289923e-27 6.012484e-28 1.891171e-27 
2.100000e+00 1.283997e-27 5.984930e-28 1.882490e-27 
2.102000e+00 1.281277e-27 5.970779e-28 1.878354e-27 
2.104000e+00 1.277388e-27 5.953112e-28 1.872700e-27 
2.106000e+00 1.274758e-27 5.944662e-28 1.869224e-27 
2.108000e+00 1.273052e-27 5.934373e-28 1.866489e-27 
2.110000e+00 1.269599e-27 5.917755e-28 1.861375e-27 
2.112000e+00 1.264180e-27 5.886930e-28 1.852873e-27 
2.114000e+00 1.255814e-27 5.854326e-28 1.841246e-27 
2.116000e+00 1.104143e-27 5.146042e-28 1.618747e-27 
2.118000e+00 1.246815e-27 5.811186e-28 1.827933e-27 
2.120000e+00 1.243261e-27 5.792009e-28 1.822461e-27 
2.122000e+00 1.239137e-27 5.773259e-28 1.816463e-27 
2.124000e+00 1.236801e-27 5.757237e-28 1.812525e-27 
2.126000e+00 1.232532e-27 5.740449e-28 1.806577e-27 
2.128000e+00 1.227957e-27 5.713658e-28 1.799323e-27 
2.130000e+00 1.224241e-27 5.702929e-28 1.794534e-27 
2.132000e+00 1.221575e-27 5.682576e-28 1.789832e-27 
2.134000e+00 1.215068e-27 5.655677e-28 1.780636e-27 
2.136000e+00 1.210874e-27 5.628420e-28 1.773716e-27 
2.138000e+00 1.206044e-27 5.604642e-28 1.766509e-27 
2.140000e+00 1.203445e-27 5.594364e-28 1.762881e-27 
2.142000e+00 1.202354e-27 5.591623e-28 1.761516e-27 
2.144000e+00 1.202902e-27 5.593414e-28 1.762244e-27 
2.146000e+00 1.203769e-27 5.598059e-28 1.763575e-27 
2.148000e+00 1.202216e-27 5.587935e-28 1.761009e-27 
2.150000e+00 1.200474e-27 5.580958e-28 1.758570e-27 
2.152000e+00 1.197075e-27 5.567742e-28 1.753849e-27 
2.154000e+00 1.192391e-27 5.539697e-28 1.746361e-27 
2.156000e+00 1.189191e-27 5.528086e-28 1.742000e-27 
2.158000e+00 1.185415e-27 5.514348e-28 1.736850e-27 
2.160000e+00 1.181646e-27 5.491213e-28 1.730768e-27 
2.162000e+00 1.179722e-27 5.481781e-28 1.727900e-27 
2.164000e+00 1.176809e-27 5.469843e-28 1.723793e-27 
2.166000e+00 1.174324e-27 5.450565e-28 1.719380e-27 
2.168000e+00 1.168776e-27 5.427581e-28 1.711534e-27 
2.170000e+00 1.165780e-27 5.413985e-28 1.707178e-27 
2.172000e+00 1.162128e-27 5.400458e-28 1.702174e-27 
2.174000e+00 1.158779e-27 5.372599e-28 1.696039e-27 
2.176000e+00 1.151840e-27 5.350058e-28 1.686846e-27 
2.178000e+00 1.147406e-27 5.329498e-28 1.680356e-27 
2.180000e+00 1.143885e-27 5.311964e-28 1.675081e-27 
2.182000e+00 1.142454e-27 5.300127e-28 1.672467e-27 
2.184000e+00 1.141711e-27 5.297580e-28 1.671469e-27 
2.186000e+00 1.141316e-27 5.292855e-28 1.670601e-27 
2.188000e+00 1.140711e-27 5.291835e-28 1.669894e-27 
2.190000e+00 1.137419e-27 5.275578e-28 1.664977e-27 
2.192000e+00 1.132298e-27 5.251535e-28 1.657451e-27 
2.194000e+00 1.127438e-27 5.229743e-28 1.650412e-27 
2.196000e+00 1.124404e-27 5.216232e-28 1.646028e-27 
2.198000e+00 1.121558e-27 5.199876e-28 1.641545e-27 
2.200000e+00 1.119869e-27 5.193473e-28 1.639217e-27 
2.202000e+00 1.117776e-27 5.182705e-28 1.636047e-27 
2.204000e+00 1.114360e-27 5.168105e-28 1.631170e-27 
2.206000e+00 1.110994e-27 5.157944e-28 1.626789e-27 
2.208000e+00 1.107314e-27 5.132637e-28 1.620578e-27 
2.210000e+00 1.108058e-27 5.137765e-28 1.621835e-27 
2.212000e+00 1.106622e-27 5.125182e-28 1.619140e-27 
2.214000e+00 1.102073e-27 5.111393e-28 1.613212e-27 
2.216000e+00 1.099175e-27 5.093623e-28 1.608537e-27 
2.218000e+00 1.085218e-27 5.074779e-28 1.592696e-27 
2.220000e+00 1.091971e-27 5.062860e-28 1.598257e-27 
2.222000e+00 1.085106e-27 5.029604e-28 1.588066e-27 
2.224000e+00 1.089797e-27 5.053240e-28 1.595121e-27 
2.226000e+00 1.088549e-27 5.046298e-28 1.593179e-27 
2.228000e+00 1.087926e-27 5.036992e-28 1.591625e-27 
2.230000e+00 1.085376e-27 5.026130e-28 1.587989e-27 
2.232000e+00 1.081887e-27 5.008534e-28 1.582740e-27 
2.234000e+00 1.078364e-27 4.991766e-28 1.577541e-27 
2.236000e+00 1.084703e-27 5.016442e-28 1.586347e-27 
2.238000e+00 1.071378e-27 4.956060e-28 1.566984e-27 
2.240000e+00 1.069280e-27 4.947984e-28 1.564078e-27 
2.242000e+00 1.067461e-27 4.936859e-28 1.561146e-27 
2.244000e+00 1.063059e-27 4.918083e-28 1.554867e-27 
2.246000e+00 1.060193e-27 4.905480e-28 1.550741e-27 
2.248000e+00 1.056040e-27 4.884075e-28 1.544447e-27 
2.250000e+00 1.052023e-27 4.865590e-28 1.538582e-27 
2.252000e+00 1.049755e-27 4.856898e-28 1.535445e-27 
2.254000e+00 1.047226e-27 4.848699e-28 1.532096e-27 
2.256000e+00 1.043996e-27 4.837304e-28 1.527726e-27 
2.258000e+00 1.040597e-27 4.818050e-28 1.522402e-27 
2.260000e+00 1.036015e-27 4.798754e-28 1.515891e-27 
2.262000e+00 1.033455e-27 4.784516e-28 1.511906e-27 
2.264000e+00 1.031460e-27 4.767424e-28 1.508203e-27 
2.266000e+00 1.027709e-27 4.753462e-28 1.503056e-27 
2.268000e+00 1.030767e-27 4.770594e-28 1.507827e-27 
2.270000e+00 1.019621e-27 4.718226e-28 1.491443e-27 
2.272000e+00 1.016520e-27 4.705546e-28 1.487075e-27 
2.274000e+00 1.011164e-27 4.674213e-28 1.478586e-27 
2.276000e+00 1.004486e-27 4.640689e-28 1.468554e-27 
2.278000e+00 9.989554e-28 4.625449e-28 1.461500e-27 
2.280000e+00 9.950025e-28 4.590109e-28 1.454013e-27 
2.282000e+00 9.932435e-28 4.594403e-28 1.452684e-27 
2.284000e+00 9.910254e-28 4.583873e-28 1.449413e-27 
2.286000e+00 9.887151e-28 4.571647e-28 1.445880e-27 
2.288000e+00 9.847159e-28 4.582351e-28 1.442951e-27 
2.290000e+00 9.793470e-28 4.523866e-28 1.431734e-27 
2.292000e+00 9.767738e-28 4.506925e-28 1.427466e-27 
2.294000e+00 9.759041e-28 4.510987e-28 1.427003e-27 
2.296000e+00 9.741040e-28 4.501479e-28 1.424252e-27 
2.298000e+00 9.721713e-28 4.492454e-28 1.421417e-27 
2.300000e+00 9.641595e-28 4.478563e-28 1.412016e-27 
2.302000e+00 9.687436e-28 4.461993e-28 1.414943e-27 
2.304000e+00 9.623018e-28 4.447504e-28 1.407052e-27 
2.306000e+00 9.599244e-28 4.429342e-28 1.402859e-27 
2.308000e+00 9.561613e-28 4.421454e-28 1.398307e-27 
2.310000e+00 9.544299e-28 4.403925e-28 1.394822e-27 
2.312000e+00 9.496399e-28 4.387625e-28 1.388402e-27 
2.314000e+00 9.459385e-28 4.371262e-28 1.383065e-27 
2.316000e+00 9.402249e-28 4.343050e-28 1.374530e-27 
2.318000e+00 9.351041e-28 4.314019e-28 1.366506e-27 
2.320000e+00 9.296041e-28 4.291649e-28 1.358769e-27 
2.322000e+00 9.216379e-28 4.257575e-28 1.347395e-27 
2.324000e+00 9.222242e-28 4.258821e-28 1.348106e-27 
2.326000e+00 9.178251e-28 4.238242e-28 1.341649e-27 
2.328000e+00 9.144528e-28 4.224222e-28 1.336875e-27 
2.330000e+00 9.104461e-28 4.203837e-28 1.330830e-27 
2.332000e+00 9.332585e-28 4.177413e-28 1.351000e-27 
2.334000e+00 9.016746e-28 4.166444e-28 1.318319e-27 
2.336000e+00 8.982757e-28 4.148847e-28 1.313160e-27 
2.338000e+00 8.950679e-28 4.135095e-28 1.308577e-27 
2.340000e+00 8.921917e-28 4.122162e-28 1.304408e-27 
2.342000e+00 8.890248e-28 4.103027e-28 1.299327e-27 
2.344000e+00 8.855723e-28 4.085356e-28 1.294108e-27 
2.346000e+00 8.827843e-28 4.072805e-28 1.290065e-27 
2.348000e+00 8.793879e-28 4.069419e-28 1.286330e-27 
2.350000e+00 8.762503e-28 4.047244e-28 1.280975e-27 
2.352000e+00 8.735625e-28 4.032114e-28 1.276774e-27 
2.354000e+00 8.712507e-28 4.019725e-28 1.273223e-27 
2.356000e+00 8.683079e-28 4.007075e-28 1.269015e-27 
2.358000e+00 8.651843e-28 3.991458e-28 1.264330e-27 
2.360000e+00 8.581781e-28 3.963046e-28 1.254483e-27 
2.362000e+00 8.524516e-28 3.934511e-28 1.245903e-27 
2.364000e+00 8.478343e-28 3.914546e-28 1.239289e-27 
2.366000e+00 8.452153e-28 3.903471e-28 1.235562e-27 
2.368000e+00 8.423299e-28 3.890462e-28 1.231376e-27 
2.370000e+00 8.411533e-28 3.887453e-28 1.229899e-27 
2.372000e+00 8.379863e-28 3.872868e-28 1.225273e-27 
2.374000e+00 8.345640e-28 3.851417e-28 1.219706e-27 
2.376000e+00 8.296222e-28 3.829614e-28 1.212584e-27 
2.378000e+00 8.277013e-28 3.819416e-28 1.209643e-27 
2.380000e+00 8.257776e-28 3.814186e-28 1.207196e-27 
2.382000e+00 8.251123e-28 3.814668e-28 1.206579e-27 
2.384000e+00 8.246055e-28 3.806525e-28 1.205258e-27 
2.386000e+00 8.212734e-28 3.795130e-28 1.200786e-27 
2.388000e+00 8.189793e-28 3.780065e-28 1.196986e-27 
2.390000e+00 8.153327e-28 3.770011e-28 1.192334e-27 
2.392000e+00 8.125535e-28 3.750375e-28 1.187591e-27 
2.394000e+00 8.107377e-28 3.744723e-28 1.185210e-27 
2.396000e+00 8.079208e-28 3.729129e-28 1.180834e-27 
2.398000e+00 8.049568e-28 3.718893e-28 1.176846e-27 
2.400000e+00 8.024255e-28 3.708579e-28 1.173283e-27 
2.402000e+00 7.979716e-28 3.682324e-28 1.166204e-27 
2.404000e+00 7.930108e-28 3.662906e-28 1.159301e-27 
2.406000e+00 7.864603e-28 3.631827e-28 1.149643e-27 
2.408000e+00 7.828697e-28 3.620284e-28 1.144898e-27 
2.410000e+00 7.797452e-28 3.603808e-28 1.140126e-27 
2.412000e+00 7.768665e-28 3.586297e-28 1.135496e-27 
2.414000e+00 7.744802e-28 3.577071e-28 1.132187e-27 
2.416000e+00 7.716978e-28 3.566305e-28 1.128328e-27 
2.418000e+00 7.675935e-28 3.548636e-28 1.122457e-27 
2.420000e+00 7.636156e-28 3.526423e-28 1.116258e-27 
2.422000e+00 7.607273e-28 3.512996e-28 1.112027e-27 
2.424000e+00 7.586289e-28 3.502208e-28 1.108850e-27 
2.426000e+00 7.552858e-28 3.493266e-28 1.104612e-27 
2.428000e+00 7.534759e-28 3.480893e-28 1.101565e-27 
2.430000e+00 7.506868e-28 3.466812e-28 1.097368e-27 
2.432000e+00 7.482775e-28 3.458347e-28 1.094112e-27 
2.434000e+00 7.464804e-28 3.444329e-28 1.090913e-27 
2.436000e+00 7.442351e-28 3.434068e-28 1.087642e-27 
2.438000e+00 7.415707e-28 3.425146e-28 1.084085e-27 
2.440000e+00 7.387708e-28 3.409870e-28 1.079758e-27 
2.442000e+00 7.368901e-28 3.401466e-28 1.077037e-27 
2.444000e+00 7.349933e-28 3.394039e-28 1.074397e-27 
2.446000e+00 7.322289e-28 3.378302e-28 1.070059e-27 
2.448000e+00 7.273932e-28 3.360728e-28 1.063466e-27 
2.450000e+00 7.221768e-28 3.334769e-28 1.055654e-27 
2.452000e+00 7.179736e-28 3.313027e-28 1.049276e-27 
2.454000e+00 7.151775e-28 3.301501e-28 1.045328e-27 
2.456000e+00 7.138493e-28 3.304755e-28 1.044325e-27 
2.458000e+00 7.115706e-28 3.282456e-28 1.039816e-27 
2.460000e+00 7.105122e-28 3.277628e-28 1.038275e-27 
2.462000e+00 7.079529e-28 3.266879e-28 1.034641e-27 
2.464000e+00 7.036351e-28 3.249165e-28 1.028552e-27 
2.466000e+00 7.007841e-28 3.232372e-28 1.024021e-27 
2.468000e+00 6.926579e-28 3.226705e-28 1.015328e-27 
2.470000e+00 6.980265e-28 3.221532e-28 1.020180e-27 
2.472000e+00 6.978615e-28 3.222661e-28 1.020128e-27 
2.474000e+00 6.966406e-28 3.227839e-28 1.019425e-27 
2.476000e+00 6.949012e-28 3.208807e-28 1.015782e-27 
2.478000e+00 6.927662e-28 3.203431e-28 1.013109e-27 
2.480000e+00 6.898927e-28 3.190410e-28 1.008934e-27 
2.482000e+00 6.879415e-28 3.181229e-28 1.006064e-27 
2.484000e+00 6.860501e-28 3.170831e-28 1.003133e-27 
2.486000e+00 6.848621e-28 3.160102e-28 1.000872e-27 
2.488000e+00 6.834226e-28 3.154414e-28 9.988639e-28 
2.490000e+00 6.806037e-28 3.141630e-28 9.947668e-28 
2.492000e+00 6.767060e-28 3.123869e-28 9.890929e-28 
2.494000e+00 6.732824e-28 3.108796e-28 9.841619e-28 
2.496000e+00 6.686696e-28 3.083740e-28 9.770437e-28 
2.498000e+00 6.651980e-28 3.070364e-28 9.722344e-28 
2.500000e+00 6.613796e-28 3.059133e-28 9.672929e-28 
2.502000e+00 6.590989e-28 3.043616e-28 9.634605e-28 
2.504000e+00 6.564038e-28 3.034498e-28 9.598537e-28 
2.506000e+00 6.545426e-28 3.023187e-28 9.568613e-28 
2.508000e+00 6.531790e-28 3.012678e-28 9.544468e-28 
2.510000e+00 6.499534e-28 2.997531e-28 9.497065e-28 
2.512000e+00 6.489232e-28 2.995843e-28 9.485075e-28 
2.514000e+00 6.443620e-28 2.976420e-28 9.420040e-28 
2.516000e+00 6.427783e-28 2.968605e-28 9.396388e-28 
2.518000e+00 6.407861e-28 2.960391e-28 9.368252e-28 
2.520000e+00 6.385677e-28 2.951802e-28 9.337479e-28 
2.522000e+00 6.386069e-28 2.949103e-28 9.335171e-28 
2.524000e+00 6.358071e-28 2.932332e-28 9.290403e-28 
2.526000e+00 6.336019e-28 2.926520e-28 9.262539e-28 
2.528000e+00 6.316554e-28 2.915399e-28 9.231953e-28 
2.530000e+00 6.298131e-28 2.923525e-28 9.221656e-28 
2.532000e+00 6.286643e-28 2.900607e-28 9.187250e-28 
2.534000e+00 6.263097e-28 2.893270e-28 9.156367e-28 
2.536000e+00 6.244969e-28 2.885555e-28 9.130524e-28 
2.538000e+00 6.233599e-28 2.881231e-28 9.114830e-28 
2.540000e+00 6.199537e-28 2.865961e-28 9.065498e-28 
2.542000e+00 6.160444e-28 2.846214e-28 9.006658e-28 
2.544000e+00 6.127982e-28 2.830219e-28 8.958201e-28 
2.546000e+00 6.009720e-28 2.817674e-28 8.827394e-28 
2.548000e+00 6.078090e-28 2.809504e-28 8.887594e-28 
2.550000e+00 6.066573e-28 2.803191e-28 8.869764e-28 
2.552000e+00 6.062786e-28 2.801113e-28 8.863899e-28 
2.554000e+00 6.043994e-28 2.792207e-28 8.836201e-28 
2.556000e+00 6.015707e-28 2.777676e-28 8.793383e-28 
2.558000e+00 5.990590e-28 2.767740e-28 8.758330e-28 
2.560000e+00 5.966611e-28 2.757146e-28 8.723757e-28 
2.562000e+00 5.963238e-28 2.753651e-28 8.716890e-28 
2.564000e+00 5.955797e-28 2.747209e-28 8.703006e-28 
2.566000e+00 5.950863e-28 2.747331e-28 8.698195e-28 
2.568000e+00 5.941470e-28 2.743254e-28 8.684724e-28 
2.570000e+00 5.927532e-28 2.734553e-28 8.662085e-28 
2.572000e+00 5.921614e-28 2.731123e-28 8.652737e-28 
2.574000e+00 5.900958e-28 2.726602e-28 8.627560e-28 
2.576000e+00 5.877427e-28 2.714935e-28 8.592362e-28 
2.578000e+00 5.854794e-28 2.710016e-28 8.564811e-28 
2.580000e+00 5.847843e-28 2.702634e-28 8.550477e-28 
2.582000e+00 5.829806e-28 2.696079e-28 8.525885e-28 
2.584000e+00 5.816686e-28 2.690003e-28 8.506689e-28 
2.586000e+00 5.801119e-28 2.682178e-28 8.483297e-28 
2.588000e+00 5.774474e-28 2.669273e-28 8.443746e-28 
2.590000e+00 5.734395e-28 2.653032e-28 8.387427e-28 
2.592000e+00 5.704262e-28 2.636230e-28 8.340492e-28 
2.594000e+00 5.675607e-28 2.622185e-28 8.297792e-28 
2.596000e+00 5.657593e-28 2.611731e-28 8.269324e-28 
2.598000e+00 5.639847e-28 2.608766e-28 8.248612e-28 
2.600000e+00 5.626150e-28 2.605999e-28 8.232149e-28 
2.602000e+00 5.612971e-28 2.594361e-28 8.207332e-28 
2.604000e+00 5.565849e-28 2.582947e-28 8.148796e-28 
2.606000e+00 5.563254e-28 2.572347e-28 8.135600e-28 
2.608000e+00 5.544162e-28 2.562814e-28 8.106976e-28 
2.610000e+00 5.529356e-28 2.554814e-28 8.084170e-28 
2.612000e+00 5.523596e-28 2.548108e-28 8.071704e-28 
2.614000e+00 5.501496e-28 2.539532e-28 8.041028e-28 
2.616000e+00 5.477388e-28 2.531085e-28 8.008472e-28 
2.618000e+00 5.486281e-28 2.535513e-28 8.021794e-28 
2.620000e+00 5.471880e-28 2.529782e-28 8.001662e-28 
2.622000e+00 5.450491e-28 2.523401e-28 7.973893e-28 
2.624000e+00 5.440393e-28 2.517646e-28 7.958038e-28 
2.626000e+00 5.425490e-28 2.510246e-28 7.935737e-28 
2.628000e+00 5.463445e-28 2.502468e-28 7.965913e-28 
2.630000e+00 5.392637e-28 2.495712e-28 7.888349e-28 
2.632000e+00 5.570380e-28 2.571628e-28 8.142008e-28 
2.634000e+00 5.563593e-28 2.572909e-28 8.136502e-28 
2.636000e+00 5.542908e-28 2.568622e-28 8.111530e-28 
2.638000e+00 5.524465e-28 2.555020e-28 8.079485e-28 
2.640000e+00 5.296398e-28 2.449820e-28 7.746219e-28 
2.642000e+00 5.272072e-28 2.437823e-28 7.709894e-28 
2.644000e+00 5.258054e-28 2.433745e-28 7.691798e-28 
2.646000e+00 5.243306e-28 2.426904e-28 7.670210e-28 
2.648000e+00 5.242161e-28 2.425497e-28 7.667658e-28 
2.650000e+00 5.234486e-28 2.418984e-28 7.653470e-28 
2.652000e+00 5.206220e-28 2.406567e-28 7.612787e-28 
2.654000e+00 5.186044e-28 2.399711e-28 7.585754e-28 
2.656000e+00 5.165180e-28 2.389801e-28 7.554981e-28 
2.658000e+00 5.155144e-28 2.383932e-28 7.539076e-28 
2.660000e+00 5.142564e-28 2.382099e-28 7.524662e-28 
2.662000e+00 5.142330e-28 2.376691e-28 7.519020e-28 
2.664000e+00 5.141462e-28 2.382764e-28 7.524226e-28 
2.666000e+00 5.142091e-28 2.380504e-28 7.522596e-28 
2.668000e+00 5.128939e-28 2.375453e-28 7.504392e-28 
2.670000e+00 5.123025e-28 2.369057e-28 7.492082e-28 
2.672000e+00 5.104477e-28 2.360980e-28 7.465457e-28 
2.674000e+00 5.096790e-28 2.360321e-28 7.457111e-28 
2.676000e+00 5.079760e-28 2.351665e-28 7.431425e-28 
2.678000e+00 5.072840e-28 2.346824e-28 7.419664e-28 
2.680000e+00 5.066610e-28 2.343569e-28 7.410179e-28 
2.682000e+00 5.055909e-28 2.341029e-28 7.396938e-28 
2.684000e+00 5.044562e-28 2.337838e-28 7.382399e-28 
2.686000e+00 5.022847e-28 2.325277e-28 7.348124e-28 
2.688000e+00 4.984554e-28 2.307006e-28 7.291560e-28 
2.690000e+00 4.959279e-28 2.292731e-28 7.252010e-28 
2.692000e+00 4.931430e-28 2.286188e-28 7.217618e-28 
2.694000e+00 4.916813e-28 2.275685e-28 7.192498e-28 
2.696000e+00 4.911796e-28 2.271191e-28 7.182987e-28 
2.698000e+00 4.903312e-28 2.272909e-28 7.176222e-28 
2.700000e+00 4.884316e-28 2.261314e-28 7.145630e-28 
2.702000e+00 4.867062e-28 2.252454e-28 7.119516e-28 
2.704000e+00 4.843340e-28 2.244055e-28 7.087395e-28 
2.706000e+00 4.827129e-28 2.236975e-28 7.064105e-28 
2.708000e+00 4.812632e-28 2.228353e-28 7.040985e-28 
2.710000e+00 4.803109e-28 2.215297e-28 7.018406e-28 
2.712000e+00 4.783727e-28 2.218858e-28 7.002585e-28 
2.714000e+00 4.779110e-28 2.214925e-28 6.994035e-28 
2.716000e+00 4.781094e-28 2.215291e-28 6.996385e-28 
2.718000e+00 4.773244e-28 2.208160e-28 6.981404e-28 
2.720000e+00 4.768842e-28 2.205293e-28 6.974135e-28 
2.722000e+00 4.754594e-28 2.203579e-28 6.958173e-28 
2.724000e+00 4.743947e-28 2.196888e-28 6.940835e-28 
2.726000e+00 4.731593e-28 2.191577e-28 6.923170e-28 
2.728000e+00 4.714888e-28 2.186910e-28 6.901798e-28 
2.730000e+00 4.689382e-28 2.185194e-28 6.874576e-28 
2.732000e+00 4.714742e-28 2.183497e-28 6.898239e-28 
2.734000e+00 4.712425e-28 2.181580e-28 6.894005e-28 
2.736000e+00 4.685434e-28 2.171373e-28 6.856807e-28 
2.738000e+00 4.394560e-28 2.034374e-28 6.428934e-28 
2.740000e+00 4.630116e-28 2.146170e-28 6.776286e-28 
2.742000e+00 4.614098e-28 2.137845e-28 6.751943e-28 
2.744000e+00 4.599525e-28 2.126912e-28 6.726436e-28 
2.746000e+00 4.590478e-28 2.128148e-28 6.718626e-28 
2.748000e+00 4.572698e-28 2.117556e-28 6.690254e-28 
2.750000e+00 4.575060e-28 2.117664e-28 6.692724e-28 
2.752000e+00 4.492295e-28 2.110294e-28 6.602589e-28 
2.754000e+00 4.536883e-28 2.102188e-28 6.639071e-28 
2.756000e+00 4.516337e-28 2.095383e-28 6.611720e-28 
2.758000e+00 4.498546e-28 2.085725e-28 6.584271e-28 
2.760000e+00 4.490154e-28 2.081694e-28 6.571848e-28 
2.762000e+00 4.482360e-28 2.078967e-28 6.561327e-28 
2.764000e+00 4.481962e-28 2.075258e-28 6.557220e-28 
2.766000e+00 4.483919e-28 2.081395e-28 6.565314e-28 
2.768000e+00 4.486484e-28 2.078986e-28 6.565470e-28 
2.770000e+00 4.482991e-28 2.082129e-28 6.565120e-28 
2.772000e+00 4.472244e-28 2.077557e-28 6.549802e-28 
2.774000e+00 4.510171e-28 2.083114e-28 6.593285e-28 
2.776000e+00 4.438200e-28 2.058541e-28 6.496742e-28 
2.778000e+00 4.429479e-28 2.055901e-28 6.485380e-28 
2.780000e+00 4.423149e-28 2.052149e-28 6.475298e-28 
2.782000e+00 4.414947e-28 2.044991e-28 6.459938e-28 
2.784000e+00 4.552641e-28 2.044231e-28 6.596872e-28 
2.786000e+00 4.385827e-28 2.032051e-28 6.417878e-28 
2.788000e+00 4.357959e-28 2.023435e-28 6.381394e-28 
2.790000e+00 4.336437e-28 2.009093e-28 6.345531e-28 
2.792000e+00 4.309147e-28 1.999738e-28 6.308885e-28 
2.794000e+00 4.291183e-28 1.990688e-28 6.281872e-28 
2.796000e+00 4.273259e-28 1.982837e-28 6.256095e-28 
2.798000e+00 4.266601e-28 1.980445e-28 6.247046e-28 
2.800000e+00 4.256564e-28 1.973722e-28 6.230286e-28 
2.802000e+00 4.243123e-28 1.969138e-28 6.212260e-28 
2.804000e+00 4.228744e-28 1.959486e-28 6.188230e-28 
2.806000e+00 4.211477e-28 1.952519e-28 6.163996e-28 
2.808000e+00 4.190318e-28 1.942893e-28 6.133210e-28 
2.810000e+00 4.169302e-28 1.934646e-28 6.103948e-28 
2.812000e+00 4.159728e-28 1.928720e-28 6.088447e-28 
2.814000e+00 4.146435e-28 1.921883e-28 6.068318e-28 
2.816000e+00 4.145667e-28 1.923200e-28 6.068868e-28 
2.818000e+00 4.141474e-28 1.919938e-28 6.061412e-28 
2.820000e+00 4.139366e-28 1.920902e-28 6.060268e-28 
2.822000e+00 4.131164e-28 1.915025e-28 6.046189e-28 
2.824000e+00 4.125478e-28 1.914467e-28 6.039944e-28 
2.826000e+00 4.111615e-28 1.906130e-28 6.017745e-28 
2.828000e+00 4.097559e-28 1.902834e-28 6.000393e-28 
2.830000e+00 4.075598e-28 1.893125e-28 5.968722e-28 
2.832000e+00 4.067534e-28 1.890266e-28 5.957800e-28 
2.834000e+00 4.067018e-28 1.887806e-28 5.954824e-28 
2.836000e+00 4.057381e-28 1.870421e-28 5.927802e-28 
2.838000e+00 4.042182e-28 1.880557e-28 5.922738e-28 
2.840000e+00 4.016506e-28 1.866710e-28 5.883216e-28 
2.842000e+00 3.994711e-28 1.858825e-28 5.853537e-28 
2.844000e+00 3.972446e-28 1.846810e-28 5.819256e-28 
2.846000e+00 3.955639e-28 1.840230e-28 5.795869e-28 
2.848000e+00 3.942814e-28 1.833037e-28 5.775851e-28 
2.850000e+00 3.937497e-28 1.832323e-28 5.769820e-28 
2.852000e+00 3.934909e-28 1.824932e-28 5.759841e-28 
2.854000e+00 3.916464e-28 1.817691e-28 5.734155e-28 
2.856000e+00 3.897715e-28 1.812238e-28 5.709952e-28 
2.858000e+00 3.878362e-28 1.803054e-28 5.681416e-28 
2.860000e+00 3.860685e-28 1.793491e-28 5.654176e-28 
2.862000e+00 3.843069e-28 1.786240e-28 5.629309e-28 
2.864000e+00 3.831616e-28 1.783220e-28 5.614836e-28 
2.866000e+00 3.828559e-28 1.779620e-28 5.608179e-28 
2.868000e+00 3.828901e-28 1.780775e-28 5.609675e-28 
2.870000e+00 3.834136e-28 1.783843e-28 5.617979e-28 
2.872000e+00 3.835554e-28 1.782778e-28 5.618332e-28 
2.874000e+00 3.839388e-28 1.782856e-28 5.622244e-28 
2.876000e+00 3.833932e-28 1.782272e-28 5.616204e-28 
2.878000e+00 3.819657e-28 1.773088e-28 5.592745e-28 
2.880000e+00 3.805198e-28 1.767432e-28 5.572631e-28 
2.882000e+00 3.791026e-28 1.759284e-28 5.550310e-28 
2.884000e+00 3.779906e-28 1.754962e-28 5.534868e-28 
2.886000e+00 3.767990e-28 1.751872e-28 5.519861e-28 
2.888000e+00 3.760350e-28 1.745879e-28 5.506229e-28 
2.890000e+00 3.739886e-28 1.739406e-28 5.479292e-28 
2.892000e+00 3.714064e-28 1.729657e-28 5.443721e-28 
2.894000e+00 3.696795e-28 1.714961e-28 5.411756e-28 
2.896000e+00 3.678990e-28 1.709268e-28 5.388259e-28 
2.898000e+00 3.658756e-28 1.702195e-28 5.360951e-28 
2.900000e+00 3.645116e-28 1.691696e-28 5.336812e-28 
2.902000e+00 3.630783e-28 1.690437e-28 5.321220e-28 
2.904000e+00 3.624931e-28 1.686998e-28 5.311929e-28 
2.906000e+00 3.615610e-28 1.680502e-28 5.296112e-28 
2.908000e+00 3.600492e-28 1.674753e-28 5.275245e-28 
2.910000e+00 3.590191e-28 1.669146e-28 5.259337e-28 
2.912000e+00 3.572250e-28 1.658357e-28 5.230607e-28 
2.914000e+00 3.558481e-28 1.653507e-28 5.211988e-28 
2.916000e+00 3.545122e-28 1.647862e-28 5.192984e-28 
2.918000e+00 3.534707e-28 1.641149e-28 5.175855e-28 
2.920000e+00 3.527219e-28 1.641201e-28 5.168420e-28 
2.922000e+00 3.519898e-28 1.638295e-28 5.158193e-28 
2.924000e+00 3.526518e-28 1.640115e-28 5.166632e-28 
2.926000e+00 3.525410e-28 1.639252e-28 5.164662e-28 
2.928000e+00 3.513406e-28 1.596224e-28 5.109630e-28 
2.930000e+00 3.513897e-28 1.634711e-28 5.148608e-28 
2.932000e+00 3.507502e-28 1.632701e-28 5.140202e-28 
2.934000e+00 3.498182e-28 1.628358e-28 5.126540e-28 
2.936000e+00 3.488731e-28 1.623512e-28 5.112243e-28 
2.938000e+00 3.477797e-28 1.619806e-28 5.097603e-28 
2.940000e+00 3.475842e-28 1.617751e-28 5.093593e-28 
2.942000e+00 3.471480e-28 1.680283e-28 5.151763e-28 
2.944000e+00 3.610746e-28 1.682999e-28 5.293745e-28 
2.946000e+00 3.612648e-28 1.681153e-28 5.293801e-28 
2.948000e+00 3.596713e-28 1.677865e-28 5.274578e-28 
2.950000e+00 3.408422e-28 1.589911e-28 4.998333e-28 
2.952000e+00 3.389402e-28 1.579702e-28 4.969104e-28 
2.954000e+00 3.379688e-28 1.572370e-28 4.952058e-28 
2.956000e+00 3.369117e-28 1.570486e-28 4.939604e-28 
2.958000e+00 3.365793e-28 1.569920e-28 4.935713e-28 
2.960000e+00 3.352941e-28 1.562061e-28 4.915001e-28 
2.962000e+00 3.342548e-28 1.556743e-28 4.899291e-28 
2.964000e+00 3.333190e-28 1.553827e-28 4.887018e-28 
2.966000e+00 3.316295e-28 1.544074e-28 4.860369e-28 
2.968000e+00 3.303278e-28 1.537874e-28 4.841151e-28 
2.970000e+00 3.288231e-28 1.534065e-28 4.822296e-28 
2.972000e+00 3.278303e-28 1.529245e-28 4.807548e-28 
2.974000e+00 3.273313e-28 1.526315e-28 4.799628e-28 
2.976000e+00 3.276871e-28 1.529376e-28 4.806247e-28 
2.978000e+00 3.290062e-28 1.533724e-28 4.823787e-28 
2.980000e+00 3.290892e-28 1.531370e-28 4.822262e-28 
2.982000e+00 3.289884e-28 1.535308e-28 4.825192e-28 
2.984000e+00 3.288778e-28 1.534754e-28 4.823532e-28 
2.986000e+00 3.285080e-28 1.531365e-28 4.816446e-28 
2.988000e+00 3.276052e-28 1.518870e-28 4.794922e-28 
2.990000e+00 3.265139e-28 1.523227e-28 4.788366e-28 
2.992000e+00 3.259530e-28 1.518536e-28 4.778065e-28 
2.994000e+00 3.248387e-28 1.514041e-28 4.762428e-28 
2.996000e+00 3.237845e-28 1.509961e-28 4.747806e-28 
2.998000e+00 3.229409e-28 1.505139e-28 4.734547e-28 
