1.000000e-01 1.791293e-22 2.131479e-22 3.922772e-22 
1.020000e-01 1.785902e-22 2.090392e-22 3.876294e-22 
1.040000e-01 1.775510e-22 2.100075e-22 3.875585e-22 
1.060000e-01 1.760611e-22 2.085073e-22 3.845684e-22 
1.080000e-01 1.740625e-22 2.069032e-22 3.809657e-22 
1.100000e-01 1.713677e-22 2.051847e-22 3.765524e-22 
1.120000e-01 1.675307e-22 2.035917e-22 3.711225e-22 
1.140000e-01 1.612517e-22 2.018399e-22 3.630916e-22 
1.160000e-01 1.438846e-22 1.999968e-22 3.438814e-22 
1.180000e-01 1.610574e-22 1.983482e-22 3.594056e-22 
1.200000e-01 1.672193e-22 1.966113e-22 3.638306e-22 
1.220000e-01 1.702224e-22 1.947288e-22 3.649512e-22 
1.240000e-01 1.693509e-22 1.929552e-22 3.623062e-22 
1.260000e-01 1.734484e-22 1.911096e-22 3.645580e-22 
1.280000e-01 1.744091e-22 1.892171e-22 3.636262e-22 
1.300000e-01 1.750916e-22 1.873251e-22 3.624167e-22 
1.320000e-01 1.755995e-22 1.853962e-22 3.609957e-22 
1.340000e-01 1.759649e-22 1.834166e-22 3.593814e-22 
1.360000e-01 1.762011e-22 1.814563e-22 3.576575e-22 
1.380000e-01 1.763315e-22 1.793999e-22 3.557315e-22 
1.400000e-01 1.763756e-22 1.773953e-22 3.537709e-22 
1.420000e-01 1.763572e-22 1.752694e-22 3.516266e-22 
1.440000e-01 1.762639e-22 1.731522e-22 3.494161e-22 
1.460000e-01 1.760698e-22 1.709940e-22 3.470638e-22 
1.480000e-01 1.758292e-22 1.688265e-22 3.446556e-22 
1.500000e-01 1.755419e-22 1.666347e-22 3.421766e-22 
1.520000e-01 1.751942e-22 1.643739e-22 3.395681e-22 
1.540000e-01 1.747565e-22 1.621866e-22 3.369431e-22 
1.560000e-01 1.742393e-22 1.599302e-22 3.341695e-22 
1.580000e-01 1.736218e-22 1.575869e-22 3.312087e-22 
1.600000e-01 1.708354e-22 1.553389e-22 3.261743e-22 
1.620000e-01 1.720420e-22 1.529836e-22 3.250256e-22 
1.640000e-01 1.708252e-22 1.505829e-22 3.214081e-22 
1.660000e-01 1.688129e-22 1.482466e-22 3.170595e-22 
1.680000e-01 1.636965e-22 1.459342e-22 3.096307e-22 
1.700000e-01 1.660016e-22 1.436394e-22 3.096410e-22 
1.720000e-01 1.680084e-22 1.413031e-22 3.093115e-22 
1.740000e-01 1.688490e-22 1.389323e-22 3.077814e-22 
1.760000e-01 1.693202e-22 1.365654e-22 3.058856e-22 
1.780000e-01 1.696390e-22 1.341867e-22 3.038258e-22 
1.800000e-01 1.680380e-22 1.317971e-22 2.998351e-22 
1.820000e-01 1.700059e-22 1.293949e-22 2.994008e-22 
1.840000e-01 1.701337e-22 1.269950e-22 2.971287e-22 
1.860000e-01 1.702351e-22 1.246003e-22 2.948354e-22 
1.880000e-01 1.703314e-22 1.221573e-22 2.924887e-22 
1.900000e-01 1.704276e-22 1.197392e-22 2.901668e-22 
1.920000e-01 1.705791e-22 1.173128e-22 2.878919e-22 
1.940000e-01 1.708761e-22 1.149191e-22 2.857952e-22 
1.960000e-01 1.714381e-22 1.124957e-22 2.839338e-22 
1.980000e-01 1.730541e-22 1.100979e-22 2.831520e-22 
2.000000e-01 1.759075e-22 1.076970e-22 2.836045e-22 
2.020000e-01 1.729570e-22 1.053343e-22 2.782913e-22 
2.040000e-01 1.716722e-22 1.029873e-22 2.746595e-22 
2.060000e-01 1.707164e-22 1.005612e-22 2.712776e-22 
2.080000e-01 1.699096e-22 9.815292e-23 2.680626e-22 
2.100000e-01 1.691742e-22 9.574114e-23 2.649154e-22 
2.120000e-01 1.684837e-22 9.326729e-23 2.617510e-22 
2.140000e-01 1.678380e-22 9.077494e-23 2.586130e-22 
2.160000e-01 1.672099e-22 8.826713e-23 2.554770e-22 
2.180000e-01 1.665888e-22 8.569113e-23 2.522800e-22 
2.200000e-01 1.660214e-22 8.322998e-23 2.492514e-22 
2.220000e-01 1.654652e-22 8.077592e-23 2.462411e-22 
2.240000e-01 1.648782e-22 7.832054e-23 2.431987e-22 
2.260000e-01 1.642866e-22 7.583253e-23 2.401191e-22 
2.280000e-01 1.636649e-22 7.323842e-23 2.369033e-22 
2.300000e-01 1.630510e-22 7.069420e-23 2.337452e-22 
2.320000e-01 1.624465e-22 6.808837e-23 2.305349e-22 
2.340000e-01 1.618012e-22 6.542921e-23 2.272304e-22 
2.360000e-01 1.611844e-22 6.276212e-23 2.239465e-22 
2.380000e-01 1.605587e-22 6.006218e-23 2.206209e-22 
2.400000e-01 1.599101e-22 5.783338e-23 2.177435e-22 
2.420000e-01 1.592824e-22 5.606381e-23 2.153462e-22 
2.440000e-01 1.586458e-22 5.437453e-23 2.130204e-22 
2.460000e-01 1.580299e-22 5.223246e-23 2.102624e-22 
2.480000e-01 1.574213e-22 4.974700e-23 2.071683e-22 
2.500000e-01 1.568151e-22 4.689304e-23 2.037081e-22 
2.520000e-01 1.562142e-22 4.347437e-23 1.996886e-22 
2.540000e-01 1.556011e-22 3.978322e-23 1.953843e-22 
2.560000e-01 1.549955e-22 3.587301e-23 1.908685e-22 
2.580000e-01 1.543772e-22 3.158246e-23 1.859596e-22 
2.600000e-01 1.537635e-22 2.637788e-23 1.801414e-22 
2.620000e-01 1.531409e-22 2.045507e-23 1.735960e-22 
2.640000e-01 1.525154e-22 1.390121e-23 1.664166e-22 
2.660000e-01 1.518970e-22 8.105541e-24 1.600025e-22 
2.680000e-01 1.512682e-22 3.515687e-24 1.547839e-22 
2.700000e-01 1.506588e-22 7.281334e-25 1.513869e-22 
2.720000e-01 1.500403e-22 6.152530e-25 1.506556e-22 
2.740000e-01 1.494458e-22 3.843789e-24 1.532895e-22 
2.760000e-01 1.488521e-22 1.120427e-23 1.600563e-22 
2.780000e-01 1.482719e-22 1.976088e-23 1.680327e-22 
2.800000e-01 1.476790e-22 4.155567e-23 1.892346e-22 
2.820000e-01 1.470844e-22 5.009849e-23 1.971829e-22 
2.840000e-01 1.464623e-22 4.730372e-23 1.937660e-22 
2.860000e-01 1.458483e-22 4.457352e-23 1.904218e-22 
2.880000e-01 1.452152e-22 4.303647e-23 1.882517e-22 
2.900000e-01 1.445860e-22 4.263743e-23 1.872235e-22 
2.920000e-01 1.439385e-22 4.316864e-23 1.871072e-22 
2.940000e-01 1.433023e-22 4.450491e-23 1.878072e-22 
2.960000e-01 1.426483e-22 4.625634e-23 1.889046e-22 
2.980000e-01 1.420048e-22 4.839570e-23 1.904005e-22 
3.000000e-01 1.413495e-22 5.043961e-23 1.917891e-22 
3.020000e-01 1.406965e-22 5.208674e-23 1.927833e-22 
3.040000e-01 1.400269e-22 5.335217e-23 1.933790e-22 
3.060000e-01 1.393650e-22 5.440856e-23 1.937736e-22 
3.080000e-01 1.386903e-22 5.546112e-23 1.941515e-22 
3.100000e-01 1.380206e-22 5.617993e-23 1.942006e-22 
3.120000e-01 1.373343e-22 5.681147e-23 1.941458e-22 
3.140000e-01 1.366552e-22 5.712763e-23 1.937828e-22 
3.160000e-01 1.359661e-22 5.722647e-23 1.931926e-22 
3.180000e-01 1.352809e-22 5.705687e-23 1.923378e-22 
3.200000e-01 1.345899e-22 5.703731e-23 1.916272e-22 
3.220000e-01 1.338955e-22 5.710642e-23 1.910019e-22 
3.240000e-01 1.332094e-22 5.742648e-23 1.906358e-22 
3.260000e-01 1.325069e-22 5.781941e-23 1.903263e-22 
3.280000e-01 1.318185e-22 5.814698e-23 1.899655e-22 
3.300000e-01 1.311198e-22 5.848307e-23 1.896028e-22 
3.320000e-01 1.304350e-22 5.875834e-23 1.891934e-22 
3.340000e-01 1.297547e-22 5.903220e-23 1.887869e-22 
3.360000e-01 1.290753e-22 5.923499e-23 1.883103e-22 
3.380000e-01 1.283987e-22 5.943244e-23 1.878312e-22 
3.400000e-01 1.277169e-22 5.958189e-23 1.872988e-22 
3.420000e-01 1.270380e-22 5.974344e-23 1.867814e-22 
3.440000e-01 1.263392e-22 5.992779e-23 1.862670e-22 
3.460000e-01 1.256475e-22 6.010789e-23 1.857554e-22 
3.480000e-01 1.249453e-22 6.026113e-23 1.852064e-22 
3.500000e-01 1.242373e-22 6.040802e-23 1.846453e-22 
3.520000e-01 1.235321e-22 6.052310e-23 1.840552e-22 
3.540000e-01 1.228127e-22 6.063421e-23 1.834469e-22 
3.560000e-01 1.221081e-22 6.072790e-23 1.828360e-22 
3.580000e-01 1.213893e-22 6.081715e-23 1.822065e-22 
3.600000e-01 1.206766e-22 6.087020e-23 1.815468e-22 
3.620000e-01 1.199694e-22 6.092585e-23 1.808952e-22 
3.640000e-01 1.192573e-22 6.098229e-23 1.802396e-22 
3.660000e-01 1.185513e-22 6.104170e-23 1.795930e-22 
3.680000e-01 1.178352e-22 6.107079e-23 1.789060e-22 
3.700000e-01 1.171253e-22 6.110266e-23 1.782280e-22 
3.720000e-01 1.164085e-22 6.112898e-23 1.775375e-22 
3.740000e-01 1.156818e-22 6.115914e-23 1.768409e-22 
3.760000e-01 1.149575e-22 6.116208e-23 1.761196e-22 
3.780000e-01 1.142213e-22 6.115892e-23 1.753802e-22 
3.800000e-01 1.134777e-22 6.113237e-23 1.746100e-22 
3.820000e-01 1.127362e-22 6.109351e-23 1.738297e-22 
3.840000e-01 1.121571e-22 6.105341e-23 1.732105e-22 
3.860000e-01 1.112259e-22 6.101392e-23 1.722398e-22 
3.880000e-01 1.104769e-22 6.097121e-23 1.714481e-22 
3.900000e-01 1.097244e-22 6.092358e-23 1.706480e-22 
3.920000e-01 1.089783e-22 6.087620e-23 1.698545e-22 
3.940000e-01 1.082339e-22 6.082812e-23 1.690620e-22 
3.960000e-01 1.074942e-22 6.078082e-23 1.682750e-22 
3.980000e-01 1.067591e-22 6.072420e-23 1.674833e-22 
4.000000e-01 1.060175e-22 6.065969e-23 1.666772e-22 
4.020000e-01 1.052833e-22 6.058714e-23 1.658704e-22 
4.040000e-01 1.045525e-22 6.049561e-23 1.650481e-22 
4.060000e-01 1.038110e-22 6.040566e-23 1.642167e-22 
4.080000e-01 1.030735e-22 6.032035e-23 1.633939e-22 
4.100000e-01 1.023308e-22 6.023353e-23 1.625643e-22 
4.120000e-01 1.015856e-22 6.014081e-23 1.617264e-22 
4.140000e-01 1.008513e-22 6.004510e-23 1.608964e-22 
4.160000e-01 1.001071e-22 5.994803e-23 1.600551e-22 
4.180000e-01 9.935640e-23 5.985217e-23 1.592086e-22 
4.200000e-01 9.862208e-23 5.975580e-23 1.583779e-22 
4.220000e-01 9.787729e-23 5.965332e-23 1.575306e-22 
4.240000e-01 9.712859e-23 5.955157e-23 1.566802e-22 
4.260000e-01 9.638790e-23 5.944164e-23 1.558295e-22 
4.280000e-01 9.564265e-23 5.932668e-23 1.549693e-22 
4.300000e-01 9.489893e-23 5.920712e-23 1.541060e-22 
4.320000e-01 9.415618e-23 5.908780e-23 1.532440e-22 
4.340000e-01 9.340963e-23 5.896690e-23 1.523765e-22 
4.360000e-01 9.266580e-23 5.885072e-23 1.515165e-22 
4.380000e-01 9.192018e-23 5.873821e-23 1.506584e-22 
4.400000e-01 9.116894e-23 5.862161e-23 1.497905e-22 
4.420000e-01 9.042302e-23 5.848309e-23 1.489061e-22 
4.440000e-01 8.968078e-23 5.834318e-23 1.480240e-22 
4.460000e-01 8.892824e-23 5.820629e-23 1.471345e-22 
4.480000e-01 8.817867e-23 5.806937e-23 1.462480e-22 
4.500000e-01 8.743445e-23 5.793483e-23 1.453693e-22 
4.520000e-01 8.668528e-23 5.776773e-23 1.444530e-22 
4.540000e-01 8.593155e-23 5.759660e-23 1.435281e-22 
4.560000e-01 8.518311e-23 5.742663e-23 1.426097e-22 
4.580000e-01 8.443350e-23 5.563912e-23 1.400726e-22 
4.600000e-01 8.367526e-23 5.709304e-23 1.407683e-22 
4.620000e-01 8.292535e-23 5.692543e-23 1.398508e-22 
4.640000e-01 8.217112e-23 5.676091e-23 1.389320e-22 
4.660000e-01 8.140562e-23 5.659354e-23 1.379992e-22 
4.680000e-01 8.064950e-23 5.643114e-23 1.370806e-22 
4.700000e-01 7.988980e-23 5.626792e-23 1.361577e-22 
4.720000e-01 7.911855e-23 5.609802e-23 1.352166e-22 
4.740000e-01 7.834705e-23 5.591335e-23 1.342604e-22 
4.760000e-01 7.757630e-23 5.572750e-23 1.333038e-22 
4.780000e-01 7.679837e-23 5.553885e-23 1.323372e-22 
4.800000e-01 7.601306e-23 5.534811e-23 1.313612e-22 
4.820000e-01 7.522661e-23 5.515406e-23 1.303807e-22 
4.840000e-01 7.443474e-23 5.496127e-23 1.293960e-22 
4.860000e-01 7.363449e-23 5.476339e-23 1.283979e-22 
4.880000e-01 7.282709e-23 5.456926e-23 1.273963e-22 
4.900000e-01 7.201300e-23 5.435824e-23 1.263712e-22 
4.920000e-01 7.119384e-23 5.415147e-23 1.253453e-22 
4.940000e-01 7.036575e-23 5.394401e-23 1.243098e-22 
4.960000e-01 6.952987e-23 5.373866e-23 1.232685e-22 
4.980000e-01 6.867798e-23 5.353242e-23 1.222104e-22 
5.000000e-01 6.780796e-23 5.332338e-23 1.211313e-22 
5.020000e-01 6.693417e-23 5.312134e-23 1.200555e-22 
5.040000e-01 6.604349e-23 5.291875e-23 1.189622e-22 
5.060000e-01 6.513648e-23 5.271512e-23 1.178516e-22 
5.080000e-01 6.420944e-23 5.251498e-23 1.167244e-22 
5.100000e-01 6.325978e-23 5.231295e-23 1.155727e-22 
5.120000e-01 6.228407e-23 5.211582e-23 1.143999e-22 
5.140000e-01 6.128066e-23 5.191732e-23 1.131980e-22 
5.160000e-01 6.024988e-23 5.171849e-23 1.119684e-22 
5.180000e-01 5.917868e-23 5.152718e-23 1.107059e-22 
5.200000e-01 5.805469e-23 5.133892e-23 1.093936e-22 
5.220000e-01 5.688163e-23 5.114920e-23 1.080308e-22 
5.240000e-01 5.564525e-23 5.095294e-23 1.065982e-22 
5.260000e-01 5.432708e-23 5.075131e-23 1.050784e-22 
5.280000e-01 5.291121e-23 5.054647e-23 1.034577e-22 
5.300000e-01 5.138216e-23 5.034313e-23 1.017253e-22 
5.320000e-01 4.969809e-23 5.014436e-23 9.984245e-23 
5.340000e-01 4.773129e-23 4.994099e-23 9.767229e-23 
5.360000e-01 4.538534e-23 4.973193e-23 9.511727e-23 
5.380000e-01 4.220565e-23 4.951140e-23 9.171706e-23 
5.400000e-01 3.777206e-23 4.929198e-23 8.706404e-23 
5.420000e-01 3.295363e-23 4.907930e-23 8.203294e-23 
5.440000e-01 3.004194e-23 4.888383e-23 7.892578e-23 
5.460000e-01 3.080721e-23 4.868780e-23 7.949501e-23 
5.480000e-01 3.435666e-23 4.848605e-23 8.284271e-23 
5.500000e-01 3.797667e-23 4.827375e-23 8.625042e-23 
5.520000e-01 4.070238e-23 4.806375e-23 8.876613e-23 
5.540000e-01 4.233935e-23 4.785609e-23 9.019545e-23 
5.560000e-01 4.355433e-23 4.766412e-23 9.121845e-23 
5.580000e-01 4.447111e-23 4.746828e-23 9.193938e-23 
5.600000e-01 4.522767e-23 4.727264e-23 9.250031e-23 
5.620000e-01 4.586272e-23 4.707246e-23 9.293518e-23 
5.640000e-01 4.639640e-23 4.686627e-23 9.326267e-23 
5.660000e-01 4.684958e-23 4.666237e-23 9.351195e-23 
5.680000e-01 4.722590e-23 4.645771e-23 9.368361e-23 
5.700000e-01 4.754384e-23 4.625403e-23 9.379788e-23 
5.720000e-01 4.780806e-23 4.604892e-23 9.385698e-23 
5.740000e-01 4.803527e-23 4.584148e-23 9.387675e-23 
5.760000e-01 4.823196e-23 4.563870e-23 9.387066e-23 
5.780000e-01 4.838796e-23 4.544039e-23 9.382835e-23 
5.800000e-01 4.850960e-23 4.523582e-23 9.374541e-23 
5.820000e-01 4.860981e-23 4.504373e-23 9.365353e-23 
5.840000e-01 4.869106e-23 4.484917e-23 9.354023e-23 
5.860000e-01 4.875048e-23 4.465716e-23 9.340764e-23 
5.880000e-01 4.877465e-23 4.445815e-23 9.323280e-23 
5.900000e-01 4.879033e-23 4.426166e-23 9.305199e-23 
5.920000e-01 4.879165e-23 4.406493e-23 9.285658e-23 
5.940000e-01 4.877696e-23 4.386550e-23 9.264247e-23 
5.960000e-01 4.874237e-23 4.367335e-23 9.241572e-23 
5.980000e-01 4.869537e-23 4.348145e-23 9.217682e-23 
6.000000e-01 4.863859e-23 4.328387e-23 9.192246e-23 
6.020000e-01 4.857313e-23 4.307731e-23 9.165044e-23 
6.040000e-01 4.848931e-23 4.286327e-23 9.135258e-23 
6.060000e-01 4.839610e-23 4.265197e-23 9.104807e-23 
6.080000e-01 4.829668e-23 4.245484e-23 9.075152e-23 
6.100000e-01 4.818731e-23 4.228132e-23 9.046863e-23 
6.120000e-01 4.807050e-23 4.210558e-23 9.017609e-23 
6.140000e-01 4.793676e-23 4.192758e-23 8.986435e-23 
6.160000e-01 4.780288e-23 4.173214e-23 8.953502e-23 
6.180000e-01 4.766024e-23 4.153672e-23 8.919696e-23 
6.200000e-01 4.750727e-23 4.133788e-23 8.884515e-23 
6.220000e-01 4.734578e-23 4.114310e-23 8.848888e-23 
6.240000e-01 4.717615e-23 4.095914e-23 8.813528e-23 
6.260000e-01 4.700786e-23 4.077416e-23 8.778202e-23 
6.280000e-01 4.682615e-23 4.058921e-23 8.741535e-23 
6.300000e-01 4.663750e-23 4.039907e-23 8.703657e-23 
6.320000e-01 4.644385e-23 4.020092e-23 8.664477e-23 
6.340000e-01 4.624741e-23 4.000178e-23 8.624919e-23 
6.360000e-01 4.604095e-23 3.980347e-23 8.584442e-23 
6.380000e-01 4.582586e-23 3.961904e-23 8.544490e-23 
6.400000e-01 4.560289e-23 3.942948e-23 8.503237e-23 
6.420000e-01 4.537201e-23 3.924258e-23 8.461460e-23 
6.440000e-01 4.513767e-23 3.906513e-23 8.420281e-23 
6.460000e-01 4.489474e-23 3.890329e-23 8.379803e-23 
6.480000e-01 4.464180e-23 3.873952e-23 8.338132e-23 
6.500000e-01 4.437621e-23 3.857700e-23 8.295320e-23 
6.520000e-01 4.410558e-23 3.839393e-23 8.249951e-23 
6.540000e-01 4.382750e-23 3.819896e-23 8.202647e-23 
6.560000e-01 4.353506e-23 3.800134e-23 8.153640e-23 
6.580000e-01 4.323465e-23 3.780567e-23 8.104032e-23 
6.600000e-01 4.292321e-23 3.763040e-23 8.055360e-23 
6.620000e-01 4.260010e-23 3.745493e-23 8.005503e-23 
6.640000e-01 4.226578e-23 3.728093e-23 7.954671e-23 
6.660000e-01 4.191740e-23 3.710410e-23 7.902150e-23 
6.680000e-01 4.155201e-23 3.692454e-23 7.847656e-23 
6.700000e-01 4.117806e-23 3.674327e-23 7.792132e-23 
6.720000e-01 4.079540e-23 3.656047e-23 7.735587e-23 
6.740000e-01 4.039294e-23 3.638328e-23 7.677622e-23 
6.760000e-01 3.996665e-23 3.621163e-23 7.617829e-23 
6.780000e-01 3.952836e-23 3.604053e-23 7.556889e-23 
6.800000e-01 3.907064e-23 3.586978e-23 7.494041e-23 
6.820000e-01 3.858199e-23 3.570139e-23 7.428338e-23 
6.840000e-01 3.806768e-23 3.553595e-23 7.360362e-23 
6.860000e-01 3.752409e-23 3.536854e-23 7.289263e-23 
6.880000e-01 3.693281e-23 3.520196e-23 7.213478e-23 
6.900000e-01 3.630534e-23 3.503346e-23 7.133880e-23 
6.920000e-01 3.561103e-23 3.486959e-23 7.048063e-23 
6.940000e-01 3.482254e-23 3.470385e-23 6.952639e-23 
6.960000e-01 3.396117e-23 3.454046e-23 6.850164e-23 
6.980000e-01 3.291085e-23 3.437156e-23 6.728242e-23 
7.000000e-01 3.145131e-23 3.420386e-23 6.565517e-23 
7.020000e-01 2.973889e-23 3.403632e-23 6.377521e-23 
7.040000e-01 2.770583e-23 3.387002e-23 6.157585e-23 
7.060000e-01 2.638415e-23 3.370267e-23 6.008682e-23 
7.080000e-01 2.572338e-23 3.354150e-23 5.926488e-23 
7.100000e-01 2.663907e-23 3.337617e-23 6.001524e-23 
7.120000e-01 2.807075e-23 3.321173e-23 6.128248e-23 
7.140000e-01 3.005535e-23 3.305047e-23 6.310582e-23 
7.160000e-01 3.161133e-23 3.289324e-23 6.450457e-23 
7.180000e-01 3.291763e-23 3.273420e-23 6.565183e-23 
7.200000e-01 3.370890e-23 3.257644e-23 6.628534e-23 
7.220000e-01 3.431966e-23 3.241763e-23 6.673728e-23 
7.240000e-01 3.484829e-23 3.226837e-23 6.711666e-23 
7.260000e-01 3.526354e-23 3.211695e-23 6.738049e-23 
7.280000e-01 3.563295e-23 3.196782e-23 6.760077e-23 
7.300000e-01 3.596372e-23 3.181358e-23 6.777730e-23 
7.320000e-01 3.622264e-23 3.165816e-23 6.788080e-23 
7.340000e-01 3.646662e-23 3.149807e-23 6.796469e-23 
7.360000e-01 3.667487e-23 3.133966e-23 6.801453e-23 
7.380000e-01 3.685893e-23 3.118085e-23 6.803978e-23 
7.400000e-01 3.703019e-23 3.102513e-23 6.805532e-23 
7.420000e-01 3.716757e-23 3.087109e-23 6.803866e-23 
7.440000e-01 3.729378e-23 3.071936e-23 6.801314e-23 
7.460000e-01 3.740320e-23 3.056456e-23 6.796776e-23 
7.480000e-01 3.750128e-23 3.041916e-23 6.792044e-23 
7.500000e-01 3.758644e-23 3.027119e-23 6.785763e-23 
7.520000e-01 3.765769e-23 3.012956e-23 6.778725e-23 
7.540000e-01 3.771721e-23 2.998149e-23 6.769871e-23 
7.560000e-01 3.776214e-23 2.983811e-23 6.760025e-23 
7.580000e-01 3.780357e-23 2.969841e-23 6.750198e-23 
7.600000e-01 3.784112e-23 2.955867e-23 6.739980e-23 
7.620000e-01 3.786309e-23 2.942018e-23 6.728327e-23 
7.640000e-01 3.788016e-23 2.928160e-23 6.716175e-23 
7.660000e-01 3.788874e-23 2.914412e-23 6.703286e-23 
7.680000e-01 3.789198e-23 2.901316e-23 6.690514e-23 
7.700000e-01 3.789066e-23 2.887769e-23 6.676835e-23 
7.720000e-01 3.788152e-23 2.874468e-23 6.662620e-23 
7.740000e-01 3.786457e-23 2.860703e-23 6.647160e-23 
7.760000e-01 3.784481e-23 2.846312e-23 6.630794e-23 
7.780000e-01 3.781484e-23 2.832314e-23 6.613797e-23 
7.800000e-01 3.778039e-23 2.818180e-23 6.596219e-23 
7.820000e-01 3.774249e-23 2.803483e-23 6.577731e-23 
7.840000e-01 3.770098e-23 2.790091e-23 6.560189e-23 
7.860000e-01 3.764623e-23 2.776747e-23 6.541370e-23 
7.880000e-01 3.759092e-23 2.763245e-23 6.522338e-23 
7.900000e-01 3.752991e-23 2.749942e-23 6.502933e-23 
7.920000e-01 3.746113e-23 2.736615e-23 6.482728e-23 
7.940000e-01 3.738806e-23 2.723785e-23 6.462591e-23 
7.960000e-01 3.728868e-23 2.711246e-23 6.440113e-23 
7.980000e-01 3.719238e-23 2.698250e-23 6.417488e-23 
8.000000e-01 3.709375e-23 2.685375e-23 6.394751e-23 
8.020000e-01 3.700915e-23 2.673004e-23 6.373919e-23 
8.040000e-01 3.692915e-23 2.660809e-23 6.353724e-23 
8.060000e-01 3.685443e-23 2.647994e-23 6.333437e-23 
8.080000e-01 3.677744e-23 2.635643e-23 6.313386e-23 
8.100000e-01 3.669851e-23 2.623095e-23 6.292945e-23 
8.120000e-01 3.662513e-23 2.610234e-23 6.272747e-23 
8.140000e-01 3.655858e-23 2.596696e-23 6.252553e-23 
8.160000e-01 3.648992e-23 2.583666e-23 6.232657e-23 
8.180000e-01 3.642054e-23 2.570219e-23 6.212273e-23 
8.200000e-01 3.635226e-23 2.558148e-23 6.193374e-23 
8.220000e-01 3.628521e-23 2.546881e-23 6.175402e-23 
8.240000e-01 3.621800e-23 2.535384e-23 6.157184e-23 
8.260000e-01 3.615376e-23 2.524294e-23 6.139669e-23 
8.280000e-01 3.608780e-23 2.512849e-23 6.121629e-23 
8.300000e-01 3.602151e-23 2.501148e-23 6.103299e-23 
8.320000e-01 3.595827e-23 2.489150e-23 6.084977e-23 
8.340000e-01 3.589549e-23 2.477300e-23 6.066849e-23 
8.360000e-01 3.583533e-23 2.465128e-23 6.048660e-23 
8.380000e-01 3.577340e-23 2.453084e-23 6.030424e-23 
8.400000e-01 3.571856e-23 2.441521e-23 6.013377e-23 
8.420000e-01 3.566315e-23 2.430292e-23 5.996607e-23 
8.440000e-01 3.560904e-23 2.418907e-23 5.979811e-23 
8.460000e-01 3.555410e-23 2.407429e-23 5.962839e-23 
8.480000e-01 3.550157e-23 2.395793e-23 5.945951e-23 
8.500000e-01 3.545308e-23 2.385163e-23 5.930471e-23 
8.520000e-01 3.540407e-23 2.374025e-23 5.914432e-23 
8.540000e-01 3.535929e-23 2.363370e-23 5.899300e-23 
8.560000e-01 3.531311e-23 2.352475e-23 5.883785e-23 
8.580000e-01 3.526560e-23 2.341466e-23 5.868026e-23 
8.600000e-01 3.521974e-23 2.329750e-23 5.851724e-23 
8.620000e-01 3.516884e-23 2.318382e-23 5.835266e-23 
8.640000e-01 3.512056e-23 2.306798e-23 5.818854e-23 
8.660000e-01 3.506786e-23 2.295317e-23 5.802102e-23 
8.680000e-01 3.501839e-23 2.284132e-23 5.785971e-23 
8.700000e-01 3.496218e-23 2.272684e-23 5.768902e-23 
8.720000e-01 3.490417e-23 2.261538e-23 5.751955e-23 
8.740000e-01 3.484167e-23 2.250777e-23 5.734944e-23 
8.760000e-01 3.477336e-23 2.239683e-23 5.717019e-23 
8.780000e-01 3.470297e-23 2.228731e-23 5.699028e-23 
8.800000e-01 3.463114e-23 2.219246e-23 5.682360e-23 
8.820000e-01 3.455464e-23 2.210012e-23 5.665477e-23 
8.840000e-01 3.448617e-23 2.200483e-23 5.649100e-23 
8.860000e-01 3.441190e-23 2.190698e-23 5.631889e-23 
8.880000e-01 3.433351e-23 2.181449e-23 5.614800e-23 
8.900000e-01 3.425384e-23 2.171311e-23 5.596694e-23 
8.920000e-01 3.417152e-23 2.161288e-23 5.578440e-23 
8.940000e-01 3.409126e-23 2.151514e-23 5.560640e-23 
8.960000e-01 3.401202e-23 2.141442e-23 5.542645e-23 
8.980000e-01 3.393450e-23 2.131408e-23 5.524858e-23 
9.000000e-01 3.385121e-23 2.120843e-23 5.505964e-23 
9.020000e-01 3.376652e-23 2.110296e-23 5.486947e-23 
9.040000e-01 3.367998e-23 2.099723e-23 5.467722e-23 
9.060000e-01 3.359445e-23 2.089187e-23 5.448631e-23 
9.080000e-01 3.351289e-23 2.078459e-23 5.429748e-23 
9.100000e-01 3.342570e-23 2.069092e-23 5.411662e-23 
9.120000e-01 3.334220e-23 2.060023e-23 5.394243e-23 
9.140000e-01 3.325374e-23 2.050727e-23 5.376101e-23 
9.160000e-01 3.316489e-23 2.041617e-23 5.358106e-23 
9.180000e-01 3.307685e-23 2.032818e-23 5.340503e-23 
9.200000e-01 3.298647e-23 2.023265e-23 5.321911e-23 
9.220000e-01 3.289760e-23 2.013253e-23 5.303013e-23 
9.240000e-01 3.280997e-23 2.003468e-23 5.284465e-23 
9.260000e-01 3.272096e-23 1.993806e-23 5.265902e-23 
9.280000e-01 3.263058e-23 1.984161e-23 5.247219e-23 
9.300000e-01 3.253893e-23 1.974616e-23 5.228508e-23 
9.320000e-01 3.244697e-23 1.966175e-23 5.210872e-23 
9.340000e-01 3.235407e-23 1.958132e-23 5.193539e-23 
9.360000e-01 3.226217e-23 1.950025e-23 5.176242e-23 
9.380000e-01 3.217273e-23 1.941423e-23 5.158696e-23 
9.400000e-01 3.207755e-23 1.933341e-23 5.141096e-23 
9.420000e-01 3.198737e-23 1.924548e-23 5.123285e-23 
9.440000e-01 3.189275e-23 1.915969e-23 5.105244e-23 
9.460000e-01 3.179983e-23 1.907091e-23 5.087074e-23 
9.480000e-01 3.170720e-23 1.898449e-23 5.069169e-23 
9.500000e-01 3.161296e-23 1.889542e-23 5.050838e-23 
9.520000e-01 3.151794e-23 1.880727e-23 5.032521e-23 
9.540000e-01 3.142373e-23 1.872505e-23 5.014877e-23 
9.560000e-01 3.133255e-23 1.864323e-23 4.997578e-23 
9.580000e-01 3.123570e-23 1.855641e-23 4.979211e-23 
9.600000e-01 3.114160e-23 1.847228e-23 4.961389e-23 
9.620000e-01 3.104800e-23 1.838921e-23 4.943721e-23 
9.640000e-01 3.095066e-23 1.830134e-23 4.925199e-23 
9.660000e-01 3.085521e-23 1.820921e-23 4.906443e-23 
9.680000e-01 3.076037e-23 1.812022e-23 4.888059e-23 
9.700000e-01 3.066418e-23 1.802747e-23 4.869165e-23 
9.720000e-01 3.057227e-23 1.793719e-23 4.850946e-23 
9.740000e-01 3.047393e-23 1.785234e-23 4.832627e-23 
9.760000e-01 3.037983e-23 1.777669e-23 4.815652e-23 
9.780000e-01 3.028558e-23 1.769703e-23 4.798261e-23 
9.800000e-01 3.019284e-23 1.762130e-23 4.781414e-23 
9.820000e-01 3.009618e-23 1.754476e-23 4.764094e-23 
9.840000e-01 2.999505e-23 1.746889e-23 4.746394e-23 
9.860000e-01 2.990268e-23 1.738796e-23 4.729064e-23 
9.880000e-01 2.981008e-23 1.730290e-23 4.711298e-23 
9.900000e-01 2.971019e-23 1.722042e-23 4.693060e-23 
9.920000e-01 2.961749e-23 1.713425e-23 4.675174e-23 
9.940000e-01 2.952211e-23 1.705153e-23 4.657363e-23 
9.960000e-01 2.942802e-23 1.697224e-23 4.640025e-23 
9.980000e-01 2.933461e-23 1.692059e-23 4.625520e-23 
1.000000e+00 2.924105e-23 1.686933e-23 4.611038e-23 
1.002000e+00 2.914672e-23 1.679797e-23 4.594469e-23 
1.004000e+00 2.905416e-23 1.673012e-23 4.578428e-23 
1.006000e+00 2.896043e-23 1.666081e-23 4.562124e-23 
1.008000e+00 2.886467e-23 1.659074e-23 4.545541e-23 
1.010000e+00 2.877007e-23 1.652432e-23 4.529439e-23 
1.012000e+00 2.867266e-23 1.645355e-23 4.512621e-23 
1.014000e+00 2.858233e-23 1.638181e-23 4.496413e-23 
1.016000e+00 2.848613e-23 1.631427e-23 4.480040e-23 
1.018000e+00 2.839322e-23 1.624200e-23 4.463522e-23 
1.020000e+00 2.829946e-23 1.617535e-23 4.447481e-23 
1.022000e+00 2.820671e-23 1.610189e-23 4.430860e-23 
1.024000e+00 2.811089e-23 1.603382e-23 4.414471e-23 
1.026000e+00 2.801721e-23 1.596766e-23 4.398487e-23 
1.028000e+00 2.792537e-23 1.590622e-23 4.383159e-23 
1.030000e+00 2.782844e-23 1.584028e-23 4.366872e-23 
1.032000e+00 2.773839e-23 1.577257e-23 4.351096e-23 
1.034000e+00 2.764489e-23 1.570601e-23 4.335090e-23 
1.036000e+00 2.755195e-23 1.564267e-23 4.319462e-23 
1.038000e+00 2.745954e-23 1.557520e-23 4.303474e-23 
1.040000e+00 2.736344e-23 1.551117e-23 4.287461e-23 
1.042000e+00 2.727454e-23 1.544321e-23 4.271775e-23 
1.044000e+00 2.717923e-23 1.537864e-23 4.255786e-23 
1.046000e+00 2.708801e-23 1.531606e-23 4.240407e-23 
1.048000e+00 2.699591e-23 1.525029e-23 4.224620e-23 
1.050000e+00 2.690622e-23 1.518868e-23 4.209490e-23 
1.052000e+00 2.693068e-23 1.512666e-23 4.205735e-23 
1.054000e+00 2.672081e-23 1.506293e-23 4.178374e-23 
1.056000e+00 2.663120e-23 1.500513e-23 4.163633e-23 
1.058000e+00 2.653808e-23 1.450688e-23 4.104496e-23 
1.060000e+00 2.644682e-23 1.487931e-23 4.132613e-23 
1.062000e+00 2.635025e-23 1.482068e-23 4.117093e-23 
1.064000e+00 2.607721e-23 1.475599e-23 4.083320e-23 
1.066000e+00 2.616967e-23 1.469626e-23 4.086593e-23 
1.068000e+00 2.607722e-23 1.463189e-23 4.070910e-23 
1.070000e+00 2.598577e-23 1.457176e-23 4.055753e-23 
1.072000e+00 2.589765e-23 1.451121e-23 4.040886e-23 
1.074000e+00 2.580413e-23 1.445400e-23 4.025813e-23 
1.076000e+00 2.571448e-23 1.439553e-23 4.011001e-23 
1.078000e+00 2.562625e-23 1.433868e-23 3.996494e-23 
1.080000e+00 2.553569e-23 1.427978e-23 3.981547e-23 
1.082000e+00 2.544659e-23 1.422159e-23 3.966818e-23 
1.084000e+00 2.534961e-23 1.416374e-23 3.951335e-23 
1.086000e+00 2.526512e-23 1.410398e-23 3.936911e-23 
1.088000e+00 2.517428e-23 1.404987e-23 3.922415e-23 
1.090000e+00 2.508544e-23 1.398957e-23 3.907501e-23 
1.092000e+00 2.499893e-23 1.392961e-23 3.892854e-23 
1.094000e+00 2.490622e-23 1.387235e-23 3.877857e-23 
1.096000e+00 2.481795e-23 1.381350e-23 3.863145e-23 
1.098000e+00 2.472788e-23 1.375648e-23 3.848436e-23 
1.100000e+00 2.463918e-23 1.370453e-23 3.834371e-23 
1.102000e+00 2.455342e-23 1.365171e-23 3.820513e-23 
1.104000e+00 2.446450e-23 1.359467e-23 3.805917e-23 
1.106000e+00 2.437629e-23 1.354055e-23 3.791684e-23 
1.108000e+00 2.428638e-23 1.348547e-23 3.777186e-23 
1.110000e+00 2.420061e-23 1.343238e-23 3.763299e-23 
1.112000e+00 2.411354e-23 1.337450e-23 3.748804e-23 
1.114000e+00 2.402527e-23 1.331995e-23 3.734521e-23 
1.116000e+00 2.393726e-23 1.326463e-23 3.720189e-23 
1.118000e+00 2.384809e-23 1.321068e-23 3.705878e-23 
1.120000e+00 2.376158e-23 1.315389e-23 3.691547e-23 
1.122000e+00 2.367528e-23 1.310008e-23 3.677535e-23 
1.124000e+00 2.358697e-23 1.305383e-23 3.664080e-23 
1.126000e+00 2.350227e-23 1.299884e-23 3.650111e-23 
1.128000e+00 2.341302e-23 1.294789e-23 3.636092e-23 
1.130000e+00 2.332671e-23 1.289891e-23 3.622562e-23 
1.132000e+00 2.324003e-23 1.284644e-23 3.608647e-23 
1.134000e+00 2.315364e-23 1.279723e-23 3.595087e-23 
1.136000e+00 2.307247e-23 1.274434e-23 3.581681e-23 
1.138000e+00 2.298829e-23 1.269432e-23 3.568260e-23 
1.140000e+00 2.290365e-23 1.264507e-23 3.554873e-23 
1.142000e+00 2.281647e-23 1.259125e-23 3.540772e-23 
1.144000e+00 2.273192e-23 1.254175e-23 3.527367e-23 
1.146000e+00 2.264372e-23 1.249195e-23 3.513567e-23 
1.148000e+00 2.255944e-23 1.244042e-23 3.499986e-23 
1.150000e+00 2.247417e-23 1.239046e-23 3.486463e-23 
1.152000e+00 2.239474e-23 1.234413e-23 3.473887e-23 
1.154000e+00 2.230981e-23 1.229697e-23 3.460678e-23 
1.156000e+00 2.223027e-23 1.224949e-23 3.447976e-23 
1.158000e+00 2.214372e-23 1.219650e-23 3.434023e-23 
1.160000e+00 2.206118e-23 1.214933e-23 3.421051e-23 
1.162000e+00 2.197699e-23 1.210176e-23 3.407876e-23 
1.164000e+00 2.189394e-23 1.205337e-23 3.394731e-23 
1.166000e+00 2.180616e-23 1.200626e-23 3.381242e-23 
1.168000e+00 2.172274e-23 1.195686e-23 3.367959e-23 
1.170000e+00 2.164092e-23 1.190761e-23 3.354852e-23 
1.172000e+00 2.155559e-23 1.185986e-23 3.341545e-23 
1.174000e+00 2.147904e-23 1.181121e-23 3.329025e-23 
1.176000e+00 2.139496e-23 1.176522e-23 3.316018e-23 
1.178000e+00 2.131072e-23 1.171987e-23 3.303059e-23 
1.180000e+00 2.123190e-23 1.167448e-23 3.290638e-23 
1.182000e+00 2.114791e-23 1.163258e-23 3.278049e-23 
1.184000e+00 2.106031e-23 1.158705e-23 3.264736e-23 
1.186000e+00 2.098163e-23 1.153989e-23 3.252152e-23 
1.188000e+00 2.090045e-23 1.149412e-23 3.239457e-23 
1.190000e+00 2.082103e-23 1.145052e-23 3.227154e-23 
1.192000e+00 2.073925e-23 1.140454e-23 3.214379e-23 
1.194000e+00 2.065772e-23 1.136156e-23 3.201928e-23 
1.196000e+00 2.057493e-23 1.131568e-23 3.189061e-23 
1.198000e+00 2.049671e-23 1.127091e-23 3.176761e-23 
1.200000e+00 2.041478e-23 1.122468e-23 3.163946e-23 
1.202000e+00 2.033377e-23 1.118073e-23 3.151450e-23 
1.204000e+00 2.024864e-23 1.113614e-23 3.138477e-23 
1.206000e+00 2.017222e-23 1.109707e-23 3.126930e-23 
1.208000e+00 2.009123e-23 1.105169e-23 3.114292e-23 
1.210000e+00 2.000741e-23 1.101294e-23 3.102035e-23 
1.212000e+00 1.992737e-23 1.096799e-23 3.089536e-23 
1.214000e+00 1.984805e-23 1.092663e-23 3.077468e-23 
1.216000e+00 1.976975e-23 1.088625e-23 3.065600e-23 
1.218000e+00 1.969034e-23 1.084106e-23 3.053141e-23 
1.220000e+00 1.960477e-23 1.080006e-23 3.040483e-23 
1.222000e+00 1.952314e-23 1.075753e-23 3.028068e-23 
1.224000e+00 1.944269e-23 1.071842e-23 3.016110e-23 
1.226000e+00 1.936119e-23 1.067627e-23 3.003746e-23 
1.228000e+00 1.928199e-23 1.063383e-23 2.991582e-23 
1.230000e+00 1.920348e-23 1.058876e-23 2.979224e-23 
1.232000e+00 1.912374e-23 1.055134e-23 2.967509e-23 
1.234000e+00 1.904014e-23 1.051148e-23 2.955161e-23 
1.236000e+00 1.895856e-23 1.047305e-23 2.943160e-23 
1.238000e+00 1.887449e-23 1.043130e-23 2.930579e-23 
1.240000e+00 1.879448e-23 1.039214e-23 2.918662e-23 
1.242000e+00 1.871503e-23 1.035406e-23 2.906909e-23 
1.244000e+00 1.863242e-23 1.031501e-23 2.894743e-23 
1.246000e+00 1.854360e-23 1.027535e-23 2.881895e-23 
1.248000e+00 1.845867e-23 1.023685e-23 2.869552e-23 
1.250000e+00 1.837669e-23 1.019736e-23 2.857405e-23 
1.252000e+00 1.829621e-23 1.015792e-23 2.845413e-23 
1.254000e+00 1.821216e-23 1.011721e-23 2.832938e-23 
1.256000e+00 1.812106e-23 1.020644e-23 2.832749e-23 
1.258000e+00 1.803819e-23 1.003909e-23 2.807728e-23 
1.260000e+00 1.795281e-23 9.998670e-24 2.795148e-23 
1.262000e+00 1.786317e-23 9.961881e-24 2.782505e-23 
1.264000e+00 1.777503e-23 9.924937e-24 2.769997e-23 
1.266000e+00 1.768757e-23 9.888849e-24 2.757642e-23 
1.268000e+00 1.759019e-23 9.852988e-24 2.744318e-23 
1.270000e+00 1.750067e-23 9.816450e-24 2.731712e-23 
1.272000e+00 1.740445e-23 9.778287e-24 2.718274e-23 
1.274000e+00 1.730711e-23 9.741419e-24 2.704853e-23 
1.276000e+00 1.720972e-23 9.704079e-24 2.691380e-23 
1.278000e+00 1.710495e-23 9.666517e-24 2.677147e-23 
1.280000e+00 1.699740e-23 9.630033e-24 2.662744e-23 
1.282000e+00 1.689215e-23 9.592058e-24 2.648420e-23 
1.284000e+00 1.676930e-23 9.555290e-24 2.632459e-23 
1.286000e+00 1.664517e-23 9.516653e-24 2.616182e-23 
1.288000e+00 1.650233e-23 9.478899e-24 2.598123e-23 
1.290000e+00 1.631766e-23 9.446572e-24 2.576424e-23 
1.292000e+00 1.613564e-23 9.412156e-24 2.554780e-23 
1.294000e+00 1.595387e-23 9.372287e-24 2.532616e-23 
1.296000e+00 1.576997e-23 9.337802e-24 2.510777e-23 
1.298000e+00 1.559226e-23 9.304360e-24 2.489662e-23 
1.300000e+00 1.548114e-23 9.268753e-24 2.474990e-23 
1.302000e+00 1.540733e-23 9.234568e-24 2.464190e-23 
1.304000e+00 1.533061e-23 9.199764e-24 2.453038e-23 
1.306000e+00 1.534130e-23 9.164196e-24 2.450550e-23 
1.308000e+00 1.536649e-23 9.129728e-24 2.449621e-23 
1.310000e+00 1.539724e-23 9.093318e-24 2.449056e-23 
1.312000e+00 1.547044e-23 9.059694e-24 2.453014e-23 
1.314000e+00 1.554053e-23 9.027202e-24 2.456773e-23 
1.316000e+00 1.561463e-23 8.993066e-24 2.460769e-23 
1.318000e+00 1.564328e-23 8.958448e-24 2.460173e-23 
1.320000e+00 1.567551e-23 8.925115e-24 2.460063e-23 
1.322000e+00 1.570115e-23 8.894022e-24 2.459517e-23 
1.324000e+00 1.569670e-23 8.860593e-24 2.455729e-23 
1.326000e+00 1.570047e-23 8.829421e-24 2.452989e-23 
1.328000e+00 1.569616e-23 8.797114e-24 2.449328e-23 
1.330000e+00 1.568261e-23 8.765186e-24 2.444780e-23 
1.332000e+00 1.566865e-23 8.731541e-24 2.440019e-23 
1.334000e+00 1.565635e-23 8.699378e-24 2.435572e-23 
1.336000e+00 1.563239e-23 8.667469e-24 2.429986e-23 
1.338000e+00 1.561115e-23 8.634584e-24 2.424573e-23 
1.340000e+00 1.558734e-23 8.605388e-24 2.419273e-23 
1.342000e+00 1.555914e-23 8.571589e-24 2.413073e-23 
1.344000e+00 1.553595e-23 8.538272e-24 2.407422e-23 
1.346000e+00 1.550704e-23 8.505767e-24 2.401281e-23 
1.348000e+00 1.547382e-23 8.475945e-24 2.394976e-23 
1.350000e+00 1.544467e-23 8.442854e-24 2.388752e-23 
1.352000e+00 1.541590e-23 8.414533e-24 2.383043e-23 
1.354000e+00 1.538142e-23 8.384100e-24 2.376552e-23 
1.356000e+00 1.534885e-23 8.354542e-24 2.370339e-23 
1.358000e+00 1.532023e-23 8.323918e-24 2.364414e-23 
1.360000e+00 1.528144e-23 8.290674e-24 2.357212e-23 
1.362000e+00 1.524984e-23 8.260930e-24 2.351077e-23 
1.364000e+00 1.521618e-23 8.229847e-24 2.344602e-23 
1.366000e+00 1.518107e-23 8.200314e-24 2.338138e-23 
1.368000e+00 1.514099e-23 8.170929e-24 2.331192e-23 
1.370000e+00 1.510681e-23 8.140098e-24 2.324691e-23 
1.372000e+00 1.506508e-23 8.109694e-24 2.317477e-23 
1.374000e+00 1.503091e-23 8.079004e-24 2.310992e-23 
1.376000e+00 1.499203e-23 8.049110e-24 2.304114e-23 
1.378000e+00 1.495515e-23 8.018926e-24 2.297408e-23 
1.380000e+00 1.491830e-23 7.986409e-24 2.290471e-23 
1.382000e+00 1.488493e-23 7.961043e-24 2.284597e-23 
1.384000e+00 1.484249e-23 7.932910e-24 2.277540e-23 
1.386000e+00 1.480110e-23 7.903831e-24 2.270493e-23 
1.388000e+00 1.476013e-23 7.874631e-24 2.263476e-23 
1.390000e+00 1.472416e-23 7.847760e-24 2.257192e-23 
1.392000e+00 1.468119e-23 7.820821e-24 2.250202e-23 
1.394000e+00 1.464626e-23 7.788557e-24 2.243482e-23 
1.396000e+00 1.460479e-23 7.761843e-24 2.236663e-23 
1.398000e+00 1.456760e-23 7.732676e-24 2.230027e-23 
1.400000e+00 1.452441e-23 7.706773e-24 2.223118e-23 
1.402000e+00 1.448316e-23 7.678460e-24 2.216162e-23 
1.404000e+00 1.444495e-23 7.650718e-24 2.209567e-23 
1.406000e+00 1.440318e-23 7.618593e-24 2.202177e-23 
1.408000e+00 1.436291e-23 7.591203e-24 2.195411e-23 
1.410000e+00 1.432706e-23 7.562906e-24 2.188996e-23 
1.412000e+00 1.428069e-23 7.535627e-24 2.181632e-23 
1.414000e+00 1.424405e-23 7.510050e-24 2.175410e-23 
1.416000e+00 1.420180e-23 7.483120e-24 2.168492e-23 
1.418000e+00 1.416216e-23 7.458667e-24 2.162083e-23 
1.420000e+00 1.412101e-23 7.430343e-24 2.155135e-23 
1.422000e+00 1.408195e-23 7.404857e-24 2.148681e-23 
1.424000e+00 1.404140e-23 7.379018e-24 2.142042e-23 
1.426000e+00 1.399861e-23 7.351717e-24 2.135032e-23 
1.428000e+00 1.395505e-23 7.327720e-24 2.128277e-23 
1.430000e+00 1.391266e-23 7.300223e-24 2.121288e-23 
1.432000e+00 1.387118e-23 7.272484e-24 2.114366e-23 
1.434000e+00 1.383317e-23 7.247222e-24 2.108039e-23 
1.436000e+00 1.379499e-23 7.222407e-24 2.101740e-23 
1.438000e+00 1.375518e-23 7.197842e-24 2.095302e-23 
1.440000e+00 1.371624e-23 7.168297e-24 2.088454e-23 
1.442000e+00 1.367634e-23 7.142416e-24 2.081876e-23 
1.444000e+00 1.363068e-23 7.117844e-24 2.074853e-23 
1.446000e+00 1.359148e-23 7.092536e-24 2.068401e-23 
1.448000e+00 1.355271e-23 7.066211e-24 2.061892e-23 
1.450000e+00 1.351205e-23 7.044527e-24 2.055657e-23 
1.452000e+00 1.346742e-23 7.019088e-24 2.048650e-23 
1.454000e+00 1.342761e-23 6.992950e-24 2.042056e-23 
1.456000e+00 1.338550e-23 6.970667e-24 2.035617e-23 
1.458000e+00 1.334571e-23 6.944448e-24 2.029015e-23 
1.460000e+00 1.330533e-23 6.922853e-24 2.022818e-23 
1.462000e+00 1.326469e-23 6.896828e-24 2.016152e-23 
1.464000e+00 1.322542e-23 6.869265e-24 2.009468e-23 
1.466000e+00 1.318476e-23 6.846866e-24 2.003163e-23 
1.468000e+00 1.314648e-23 6.822670e-24 1.996915e-23 
1.470000e+00 1.310637e-23 6.799661e-24 1.990603e-23 
1.472000e+00 1.306495e-23 6.772915e-24 1.983787e-23 
1.474000e+00 1.302891e-23 6.751950e-24 1.978086e-23 
1.476000e+00 1.298728e-23 6.725568e-24 1.971285e-23 
1.478000e+00 1.294714e-23 6.703016e-24 1.965016e-23 
1.480000e+00 1.291045e-23 6.679912e-24 1.959036e-23 
1.482000e+00 1.286940e-23 6.653297e-24 1.952269e-23 
1.484000e+00 1.283115e-23 6.630203e-24 1.946135e-23 
1.486000e+00 1.279044e-23 6.608318e-24 1.939876e-23 
1.488000e+00 1.274846e-23 6.584660e-24 1.933312e-23 
1.490000e+00 1.271200e-23 6.565025e-24 1.927703e-23 
1.492000e+00 1.266730e-23 6.540983e-24 1.920828e-23 
1.494000e+00 1.263246e-23 6.518648e-24 1.915110e-23 
1.496000e+00 1.259028e-23 6.495470e-24 1.908575e-23 
1.498000e+00 1.255173e-23 6.471723e-24 1.902346e-23 
1.500000e+00 1.251385e-23 6.448284e-24 1.896213e-23 
1.502000e+00 1.247079e-23 6.425427e-24 1.889621e-23 
1.504000e+00 1.243412e-23 6.400983e-24 1.883510e-23 
1.506000e+00 1.239581e-23 6.378786e-24 1.877459e-23 
1.508000e+00 1.235823e-23 6.355290e-24 1.871352e-23 
1.510000e+00 1.232068e-23 6.332756e-24 1.865344e-23 
1.512000e+00 1.227775e-23 6.312784e-24 1.859053e-23 
1.514000e+00 1.224085e-23 6.289234e-24 1.853008e-23 
1.516000e+00 1.220227e-23 6.269307e-24 1.847158e-23 
1.518000e+00 1.216294e-23 6.244764e-24 1.840770e-23 
1.520000e+00 1.212385e-23 6.224668e-24 1.834852e-23 
1.522000e+00 1.208807e-23 6.204632e-24 1.829270e-23 
1.524000e+00 1.204771e-23 6.180875e-24 1.822858e-23 
1.526000e+00 1.200812e-23 6.160643e-24 1.816876e-23 
1.528000e+00 1.197028e-23 6.140554e-24 1.811084e-23 
1.530000e+00 1.193005e-23 6.120332e-24 1.805038e-23 
1.532000e+00 1.189773e-23 6.095916e-24 1.799365e-23 
1.534000e+00 1.185752e-23 6.075564e-24 1.793308e-23 
1.536000e+00 1.182460e-23 6.054124e-24 1.787873e-23 
1.538000e+00 1.178403e-23 6.034683e-24 1.781871e-23 
1.540000e+00 1.174577e-23 6.010136e-24 1.775590e-23 
1.542000e+00 1.170776e-23 5.990753e-24 1.769851e-23 
1.544000e+00 1.167157e-23 5.969470e-24 1.764104e-23 
1.546000e+00 1.163240e-23 5.949723e-24 1.758212e-23 
1.548000e+00 1.159770e-23 5.928910e-24 1.752660e-23 
1.550000e+00 1.155925e-23 5.908196e-24 1.746745e-23 
1.552000e+00 1.152409e-23 5.886621e-24 1.741072e-23 
1.554000e+00 1.148402e-23 5.867957e-24 1.735198e-23 
1.556000e+00 1.144968e-23 5.848587e-24 1.729827e-23 
1.558000e+00 1.141462e-23 5.828538e-24 1.724315e-23 
1.560000e+00 1.137480e-23 5.806890e-24 1.718169e-23 
1.562000e+00 1.134046e-23 5.789348e-24 1.712980e-23 
1.564000e+00 1.130001e-23 5.769098e-24 1.706911e-23 
1.566000e+00 1.126471e-23 5.747763e-24 1.701248e-23 
1.568000e+00 1.122810e-23 5.730089e-24 1.695819e-23 
1.570000e+00 1.119356e-23 5.708095e-24 1.690166e-23 
1.572000e+00 1.115907e-23 5.687784e-24 1.684685e-23 
1.574000e+00 1.112174e-23 5.669884e-24 1.679162e-23 
1.576000e+00 1.108742e-23 5.649053e-24 1.673647e-23 
1.578000e+00 1.104720e-23 5.632139e-24 1.667934e-23 
1.580000e+00 1.100930e-23 5.610654e-24 1.661995e-23 
1.582000e+00 1.097586e-23 5.589782e-24 1.656564e-23 
1.584000e+00 1.093926e-23 5.571010e-24 1.651027e-23 
1.586000e+00 1.090376e-23 5.550391e-24 1.645416e-23 
1.588000e+00 1.086710e-23 5.532675e-24 1.639977e-23 
1.590000e+00 1.083317e-23 5.513850e-24 1.634702e-23 
1.592000e+00 1.080045e-23 5.496525e-24 1.629697e-23 
1.594000e+00 1.076523e-23 5.478503e-24 1.624373e-23 
1.596000e+00 1.073286e-23 5.459506e-24 1.619237e-23 
1.598000e+00 1.069705e-23 5.442730e-24 1.613978e-23 
1.600000e+00 1.066008e-23 5.424252e-24 1.608433e-23 
1.602000e+00 1.062462e-23 5.407154e-24 1.603177e-23 
1.604000e+00 1.058783e-23 5.384956e-24 1.597278e-23 
1.606000e+00 1.055650e-23 5.366027e-24 1.592252e-23 
1.608000e+00 1.052541e-23 5.347004e-24 1.587242e-23 
1.610000e+00 1.048751e-23 5.329407e-24 1.581691e-23 
1.612000e+00 1.045160e-23 5.310809e-24 1.576241e-23 
1.614000e+00 1.042026e-23 5.294808e-24 1.571507e-23 
1.616000e+00 1.038199e-23 5.275478e-24 1.565746e-23 
1.618000e+00 1.034470e-23 5.255616e-24 1.560031e-23 
1.620000e+00 1.031209e-23 5.238799e-24 1.555088e-23 
1.622000e+00 1.028126e-23 5.219109e-24 1.550037e-23 
1.624000e+00 1.024443e-23 5.205327e-24 1.544976e-23 
1.626000e+00 1.021275e-23 5.186431e-24 1.539918e-23 
1.628000e+00 1.017987e-23 5.170611e-24 1.535048e-23 
1.630000e+00 1.014741e-23 5.153509e-24 1.530091e-23 
1.632000e+00 1.011637e-23 5.138215e-24 1.525459e-23 
1.634000e+00 1.008092e-23 5.119984e-24 1.520091e-23 
1.636000e+00 1.004537e-23 5.103932e-24 1.514931e-23 
1.638000e+00 1.001410e-23 5.086353e-24 1.510045e-23 
1.640000e+00 9.980205e-24 5.070527e-24 1.505073e-23 
1.642000e+00 9.946973e-24 5.053146e-24 1.500012e-23 
1.644000e+00 9.914197e-24 5.037139e-24 1.495134e-23 
1.646000e+00 9.881726e-24 5.017643e-24 1.489937e-23 
1.648000e+00 9.849435e-24 5.002069e-24 1.485150e-23 
1.650000e+00 9.814322e-24 4.984099e-24 1.479842e-23 
1.652000e+00 9.778885e-24 4.968081e-24 1.474697e-23 
1.654000e+00 9.747387e-24 4.952792e-24 1.470018e-23 
1.656000e+00 9.714425e-24 4.934306e-24 1.464873e-23 
1.658000e+00 9.680843e-24 4.919163e-24 1.460001e-23 
1.660000e+00 9.652777e-24 4.903856e-24 1.455663e-23 
1.662000e+00 9.621086e-24 4.884844e-24 1.450593e-23 
1.664000e+00 9.584872e-24 4.868591e-24 1.445346e-23 
1.666000e+00 9.552491e-24 4.851889e-24 1.440438e-23 
1.668000e+00 9.518941e-24 4.837005e-24 1.435595e-23 
1.670000e+00 9.490892e-24 4.821700e-24 1.431259e-23 
1.672000e+00 9.458546e-24 4.806249e-24 1.426479e-23 
1.674000e+00 9.424377e-24 4.790788e-24 1.421517e-23 
1.676000e+00 9.394836e-24 4.774407e-24 1.416924e-23 
1.678000e+00 9.362334e-24 4.759733e-24 1.412207e-23 
1.680000e+00 9.328260e-24 4.742709e-24 1.407097e-23 
1.682000e+00 9.300484e-24 4.727639e-24 1.402812e-23 
1.684000e+00 9.266633e-24 4.712139e-24 1.397877e-23 
1.686000e+00 9.238109e-24 4.697438e-24 1.393555e-23 
1.688000e+00 9.202472e-24 4.680846e-24 1.388332e-23 
1.690000e+00 9.173968e-24 4.665321e-24 1.383929e-23 
1.692000e+00 9.141737e-24 4.648904e-24 1.379064e-23 
1.694000e+00 9.112968e-24 4.632892e-24 1.374586e-23 
1.696000e+00 9.084434e-24 4.617151e-24 1.370158e-23 
1.698000e+00 9.049195e-24 4.601379e-24 1.365057e-23 
1.700000e+00 9.021503e-24 4.585545e-24 1.360705e-23 
1.702000e+00 8.986644e-24 4.570281e-24 1.355692e-23 
1.704000e+00 8.957694e-24 4.557395e-24 1.351509e-23 
1.706000e+00 8.927542e-24 4.542239e-24 1.346978e-23 
1.708000e+00 8.893082e-24 4.524866e-24 1.341795e-23 
1.710000e+00 8.866665e-24 4.513243e-24 1.337991e-23 
1.712000e+00 8.836289e-24 4.496576e-24 1.333286e-23 
1.714000e+00 8.802056e-24 4.480407e-24 1.328246e-23 
1.716000e+00 8.773264e-24 4.468581e-24 1.324185e-23 
1.718000e+00 8.741661e-24 4.451294e-24 1.319296e-23 
1.720000e+00 8.712796e-24 4.439378e-24 1.315217e-23 
1.722000e+00 8.680831e-24 4.422925e-24 1.310376e-23 
1.724000e+00 8.649491e-24 4.407239e-24 1.305673e-23 
1.726000e+00 8.620986e-24 4.395082e-24 1.301607e-23 
1.728000e+00 8.590864e-24 4.377601e-24 1.296847e-23 
1.730000e+00 8.561271e-24 4.365323e-24 1.292659e-23 
1.732000e+00 8.531437e-24 4.349126e-24 1.288056e-23 
1.734000e+00 8.501863e-24 4.333608e-24 1.283547e-23 
1.736000e+00 8.469594e-24 4.319304e-24 1.278890e-23 
1.738000e+00 8.442323e-24 4.303964e-24 1.274629e-23 
1.740000e+00 8.413945e-24 4.291224e-24 1.270517e-23 
1.742000e+00 8.379551e-24 4.278416e-24 1.265797e-23 
1.744000e+00 8.348607e-24 4.265051e-24 1.261366e-23 
1.746000e+00 8.319112e-24 4.252338e-24 1.257145e-23 
1.748000e+00 8.288320e-24 4.236712e-24 1.252503e-23 
1.750000e+00 8.259748e-24 4.222758e-24 1.248251e-23 
1.752000e+00 8.229192e-24 4.208940e-24 1.243813e-23 
1.754000e+00 8.199037e-24 4.196396e-24 1.239543e-23 
1.756000e+00 8.169480e-24 4.182678e-24 1.235216e-23 
1.758000e+00 8.140563e-24 4.170062e-24 1.231063e-23 
1.760000e+00 8.110204e-24 4.156930e-24 1.226713e-23 
1.762000e+00 8.079620e-24 4.143306e-24 1.222293e-23 
1.764000e+00 8.050289e-24 4.127723e-24 1.217801e-23 
1.766000e+00 8.020546e-24 4.114042e-24 1.213459e-23 
1.768000e+00 7.988926e-24 4.100483e-24 1.208941e-23 
1.770000e+00 7.960845e-24 4.088197e-24 1.204904e-23 
1.772000e+00 7.928614e-24 4.075387e-24 1.200400e-23 
1.774000e+00 7.899457e-24 4.062171e-24 1.196163e-23 
1.776000e+00 7.865410e-24 4.048221e-24 1.191363e-23 
1.778000e+00 7.837222e-24 4.035824e-24 1.187305e-23 
1.780000e+00 7.804490e-24 4.021653e-24 1.182614e-23 
1.782000e+00 7.775886e-24 4.007772e-24 1.178366e-23 
1.784000e+00 7.740760e-24 3.998610e-24 1.173937e-23 
1.786000e+00 7.710612e-24 3.986421e-24 1.169703e-23 
1.788000e+00 7.676830e-24 3.971264e-24 1.164809e-23 
1.790000e+00 7.647361e-24 3.957925e-24 1.160529e-23 
1.792000e+00 7.616218e-24 3.947841e-24 1.156406e-23 
1.794000e+00 7.582052e-24 3.934413e-24 1.151646e-23 
1.796000e+00 7.551346e-24 3.922174e-24 1.147352e-23 
1.798000e+00 7.522385e-24 3.908161e-24 1.143055e-23 
1.800000e+00 7.487036e-24 3.897838e-24 1.138487e-23 
1.802000e+00 7.451986e-24 3.883968e-24 1.133595e-23 
1.804000e+00 7.418405e-24 3.870746e-24 1.128915e-23 
1.806000e+00 7.384220e-24 3.860595e-24 1.124482e-23 
1.808000e+00 7.344666e-24 3.847172e-24 1.119184e-23 
1.810000e+00 7.311662e-24 3.833103e-24 1.114477e-23 
1.812000e+00 7.271638e-24 3.823766e-24 1.109540e-23 
1.814000e+00 7.237529e-24 3.810440e-24 1.104797e-23 
1.816000e+00 7.189118e-24 3.797376e-24 1.098649e-23 
1.818000e+00 7.148297e-24 3.785869e-24 1.093417e-23 
1.820000e+00 7.105723e-24 3.772971e-24 1.087869e-23 
1.822000e+00 7.058602e-24 3.762686e-24 1.082129e-23 
1.824000e+00 7.003265e-24 3.749021e-24 1.075229e-23 
1.826000e+00 6.942538e-24 3.737764e-24 1.068030e-23 
1.828000e+00 6.888435e-24 3.724410e-24 1.061285e-23 
1.830000e+00 6.832658e-24 3.714253e-24 1.054691e-23 
1.832000e+00 6.781222e-24 3.704373e-24 1.048559e-23 
1.834000e+00 6.734707e-24 3.689830e-24 1.042454e-23 
1.836000e+00 6.681308e-24 3.679718e-24 1.036103e-23 
1.838000e+00 6.639183e-24 3.666244e-24 1.030543e-23 
1.840000e+00 6.615239e-24 3.654431e-24 1.026967e-23 
1.842000e+00 6.598135e-24 3.645842e-24 1.024398e-23 
1.844000e+00 6.580696e-24 3.631650e-24 1.021235e-23 
1.846000e+00 6.562617e-24 3.620418e-24 1.018304e-23 
1.848000e+00 6.572966e-24 3.609864e-24 1.018283e-23 
1.850000e+00 6.584765e-24 3.596108e-24 1.018087e-23 
1.852000e+00 6.601335e-24 3.585719e-24 1.018705e-23 
1.854000e+00 6.610071e-24 3.575411e-24 1.018548e-23 
1.856000e+00 6.628947e-24 3.561844e-24 1.019079e-23 
1.858000e+00 6.644887e-24 3.551613e-24 1.019650e-23 
1.860000e+00 6.662112e-24 3.541487e-24 1.020360e-23 
1.862000e+00 6.680261e-24 3.526747e-24 1.020701e-23 
1.864000e+00 6.679526e-24 3.517577e-24 1.019710e-23 
1.866000e+00 6.678740e-24 3.506738e-24 1.018548e-23 
1.868000e+00 6.677934e-24 3.495791e-24 1.017373e-23 
1.870000e+00 6.675352e-24 3.484540e-24 1.015989e-23 
1.872000e+00 6.670120e-24 3.474302e-24 1.014442e-23 
1.874000e+00 6.659685e-24 3.463875e-24 1.012356e-23 
1.876000e+00 6.652957e-24 3.452247e-24 1.010520e-23 
1.878000e+00 6.648072e-24 3.441916e-24 1.008999e-23 
1.880000e+00 6.638533e-24 3.433755e-24 1.007229e-23 
1.882000e+00 6.633068e-24 3.423295e-24 1.005636e-23 
1.884000e+00 6.623032e-24 3.412904e-24 1.003594e-23 
1.886000e+00 6.613543e-24 3.401239e-24 1.001478e-23 
1.888000e+00 6.603003e-24 3.390925e-24 9.993928e-24 
1.890000e+00 6.588445e-24 3.380837e-24 9.969281e-24 
1.892000e+00 6.579900e-24 3.369537e-24 9.949437e-24 
1.894000e+00 6.568932e-24 3.359038e-24 9.927971e-24 
1.896000e+00 6.554516e-24 3.348554e-24 9.903070e-24 
1.898000e+00 6.544248e-24 3.338364e-24 9.882612e-24 
1.900000e+00 6.529799e-24 3.327298e-24 9.857097e-24 
1.902000e+00 6.515898e-24 3.315760e-24 9.831658e-24 
1.904000e+00 6.499990e-24 3.307874e-24 9.807865e-24 
1.906000e+00 6.488824e-24 3.297935e-24 9.786760e-24 
1.908000e+00 6.478429e-24 3.286880e-24 9.765309e-24 
1.910000e+00 6.463507e-24 3.275855e-24 9.739362e-24 
1.912000e+00 6.449595e-24 3.267109e-24 9.716704e-24 
1.914000e+00 6.435076e-24 3.256802e-24 9.691877e-24 
1.916000e+00 6.423820e-24 3.246231e-24 9.670051e-24 
1.918000e+00 6.410343e-24 3.235941e-24 9.646284e-24 
1.920000e+00 6.397443e-24 3.227560e-24 9.625003e-24 
1.922000e+00 6.381600e-24 3.217630e-24 9.599230e-24 
1.924000e+00 6.366644e-24 3.204747e-24 9.571391e-24 
1.926000e+00 6.352450e-24 3.198523e-24 9.550973e-24 
1.928000e+00 6.339703e-24 3.186860e-24 9.526563e-24 
1.930000e+00 6.323373e-24 3.177072e-24 9.500445e-24 
1.932000e+00 6.308663e-24 3.168801e-24 9.477464e-24 
1.934000e+00 6.295305e-24 3.158257e-24 9.453562e-24 
1.936000e+00 6.281621e-24 3.146320e-24 9.427942e-24 
1.938000e+00 6.266005e-24 3.138670e-24 9.404675e-24 
1.940000e+00 6.252836e-24 3.129034e-24 9.381870e-24 
1.942000e+00 6.237398e-24 3.117383e-24 9.354780e-24 
1.944000e+00 6.223658e-24 3.109562e-24 9.333220e-24 
1.946000e+00 6.209683e-24 3.098238e-24 9.307921e-24 
1.948000e+00 6.193938e-24 3.086395e-24 9.280333e-24 
1.950000e+00 6.178653e-24 3.079612e-24 9.258265e-24 
1.952000e+00 6.160378e-24 3.068993e-24 9.229371e-24 
1.954000e+00 6.146384e-24 3.060581e-24 9.206965e-24 
1.956000e+00 6.131651e-24 3.050054e-24 9.181705e-24 
1.958000e+00 6.120451e-24 3.041733e-24 9.162184e-24 
1.960000e+00 6.106264e-24 3.033456e-24 9.139720e-24 
1.962000e+00 6.091789e-24 3.022396e-24 9.114185e-24 
1.964000e+00 6.075787e-24 3.014992e-24 9.090779e-24 
1.966000e+00 6.062509e-24 3.006121e-24 9.068631e-24 
1.968000e+00 6.047401e-24 2.995715e-24 9.043116e-24 
1.970000e+00 6.031250e-24 2.988279e-24 9.019530e-24 
1.972000e+00 6.013694e-24 2.976368e-24 8.990062e-24 
1.974000e+00 5.998880e-24 2.968244e-24 8.967124e-24 
1.976000e+00 5.984665e-24 2.960867e-24 8.945532e-24 
1.978000e+00 5.969227e-24 2.949382e-24 8.918609e-24 
1.980000e+00 5.954112e-24 2.941514e-24 8.895626e-24 
1.982000e+00 5.940062e-24 2.933113e-24 8.873175e-24 
1.984000e+00 5.926514e-24 2.922791e-24 8.849305e-24 
1.986000e+00 5.911113e-24 2.913940e-24 8.825053e-24 
1.988000e+00 5.896195e-24 2.906157e-24 8.802352e-24 
1.990000e+00 5.881655e-24 2.894068e-24 8.775724e-24 
1.992000e+00 5.866049e-24 2.887008e-24 8.753057e-24 
1.994000e+00 5.850838e-24 2.879465e-24 8.730302e-24 
1.996000e+00 5.836336e-24 2.868913e-24 8.705249e-24 
1.998000e+00 5.822175e-24 2.860916e-24 8.683092e-24 
2.000000e+00 5.805523e-24 2.852583e-24 8.658106e-24 
2.002000e+00 5.791743e-24 2.844863e-24 8.636607e-24 
2.004000e+00 5.776913e-24 2.835885e-24 8.612798e-24 
2.006000e+00 5.763215e-24 2.827587e-24 8.590801e-24 
2.008000e+00 5.746884e-24 2.819006e-24 8.565890e-24 
2.010000e+00 5.732581e-24 2.810929e-24 8.543510e-24 
2.012000e+00 5.718623e-24 2.803250e-24 8.521873e-24 
2.014000e+00 5.703696e-24 2.794696e-24 8.498392e-24 
2.016000e+00 5.688000e-24 2.786540e-24 8.474540e-24 
2.018000e+00 5.673148e-24 2.778828e-24 8.451976e-24 
2.020000e+00 5.657885e-24 2.770997e-24 8.428882e-24 
2.022000e+00 5.643726e-24 2.762557e-24 8.406283e-24 
2.024000e+00 5.627468e-24 2.754098e-24 8.381566e-24 
2.026000e+00 5.612579e-24 2.745487e-24 8.358066e-24 
2.028000e+00 5.598124e-24 2.737803e-24 8.335927e-24 
2.030000e+00 5.583280e-24 2.729898e-24 8.313178e-24 
2.032000e+00 5.567957e-24 2.721210e-24 8.289167e-24 
2.034000e+00 5.557550e-24 2.713347e-24 8.270897e-24 
2.036000e+00 5.540759e-24 2.702241e-24 8.243001e-24 
2.038000e+00 5.526708e-24 2.694689e-24 8.221397e-24 
2.040000e+00 5.515680e-24 2.685855e-24 8.201535e-24 
2.042000e+00 5.500658e-24 2.676900e-24 8.177558e-24 
2.044000e+00 5.485434e-24 2.672820e-24 8.158254e-24 
2.046000e+00 5.469865e-24 2.664113e-24 8.133978e-24 
2.048000e+00 5.457150e-24 2.655693e-24 8.112843e-24 
2.050000e+00 5.440996e-24 2.647435e-24 8.088432e-24 
2.052000e+00 5.424873e-24 2.640311e-24 8.065184e-24 
2.054000e+00 5.414545e-24 2.631527e-24 8.046073e-24 
2.056000e+00 5.400079e-24 2.623021e-24 8.023100e-24 
2.058000e+00 5.385378e-24 2.617840e-24 8.003219e-24 
2.060000e+00 5.370202e-24 2.609553e-24 7.979756e-24 
2.062000e+00 5.355049e-24 2.601295e-24 7.956344e-24 
2.064000e+00 5.342800e-24 2.592806e-24 7.935606e-24 
2.066000e+00 5.328601e-24 2.584648e-24 7.913249e-24 
2.068000e+00 5.312631e-24 2.576645e-24 7.889276e-24 
2.070000e+00 5.303477e-24 2.569873e-24 7.873351e-24 
2.072000e+00 5.287209e-24 2.562135e-24 7.849344e-24 
2.074000e+00 5.274382e-24 2.554623e-24 7.829005e-24 
2.076000e+00 5.259580e-24 2.545977e-24 7.805557e-24 
2.078000e+00 5.245043e-24 2.538813e-24 7.783856e-24 
2.080000e+00 5.233976e-24 2.532555e-24 7.766532e-24 
2.082000e+00 5.218514e-24 2.524210e-24 7.742724e-24 
2.084000e+00 5.204405e-24 2.516136e-24 7.720542e-24 
2.086000e+00 5.188603e-24 2.507656e-24 7.696259e-24 
2.088000e+00 5.173254e-24 2.500054e-24 7.673308e-24 
2.090000e+00 5.161816e-24 2.493582e-24 7.655398e-24 
2.092000e+00 5.147401e-24 2.485591e-24 7.632992e-24 
2.094000e+00 5.136798e-24 2.480406e-24 7.617205e-24 
2.096000e+00 5.121636e-24 2.471192e-24 7.592827e-24 
2.098000e+00 5.109494e-24 2.466176e-24 7.575670e-24 
2.100000e+00 5.093441e-24 2.458334e-24 7.551775e-24 
2.102000e+00 5.083817e-24 2.453119e-24 7.536936e-24 
2.104000e+00 5.066857e-24 2.444013e-24 7.510870e-24 
2.106000e+00 5.052210e-24 2.439314e-24 7.491523e-24 
2.108000e+00 5.041097e-24 2.430561e-24 7.471658e-24 
2.110000e+00 5.025495e-24 2.424907e-24 7.450402e-24 
2.112000e+00 5.014901e-24 2.415207e-24 7.430108e-24 
2.114000e+00 4.999359e-24 2.410749e-24 7.410108e-24 
2.116000e+00 4.987295e-24 2.402419e-24 7.389713e-24 
2.118000e+00 4.972642e-24 2.398118e-24 7.370759e-24 
2.120000e+00 4.961183e-24 2.388283e-24 7.349466e-24 
2.122000e+00 4.944585e-24 2.383082e-24 7.327666e-24 
2.124000e+00 4.933449e-24 2.375081e-24 7.308530e-24 
2.126000e+00 4.919098e-24 2.369779e-24 7.288877e-24 
2.128000e+00 4.907642e-24 2.360901e-24 7.268543e-24 
2.130000e+00 4.891501e-24 2.356076e-24 7.247577e-24 
2.132000e+00 4.881083e-24 2.347326e-24 7.228409e-24 
2.134000e+00 4.866464e-24 2.340654e-24 7.207117e-24 
2.136000e+00 4.854312e-24 2.332682e-24 7.186994e-24 
2.138000e+00 4.842443e-24 2.327542e-24 7.169985e-24 
2.140000e+00 4.831170e-24 2.322841e-24 7.154012e-24 
2.142000e+00 4.816429e-24 2.313278e-24 7.129706e-24 
2.144000e+00 4.805587e-24 2.308089e-24 7.113676e-24 
2.146000e+00 4.793325e-24 2.302762e-24 7.096087e-24 
2.148000e+00 4.778200e-24 2.294033e-24 7.072234e-24 
2.150000e+00 4.767083e-24 2.289279e-24 7.056362e-24 
2.152000e+00 4.751263e-24 2.282081e-24 7.033344e-24 
2.154000e+00 4.738864e-24 2.274946e-24 7.013811e-24 
2.156000e+00 4.729078e-24 2.268768e-24 6.997846e-24 
2.158000e+00 4.712710e-24 2.263749e-24 6.976459e-24 
2.160000e+00 4.702438e-24 2.255680e-24 6.958118e-24 
2.162000e+00 4.691428e-24 2.249493e-24 6.940921e-24 
2.164000e+00 4.677734e-24 2.243508e-24 6.921243e-24 
2.166000e+00 4.666615e-24 2.238493e-24 6.905107e-24 
2.168000e+00 4.652926e-24 2.230186e-24 6.883112e-24 
2.170000e+00 4.641081e-24 2.224368e-24 6.865449e-24 
2.172000e+00 4.629401e-24 2.217660e-24 6.847061e-24 
2.174000e+00 4.617677e-24 2.209900e-24 6.827577e-24 
2.176000e+00 4.607129e-24 2.204271e-24 6.811400e-24 
2.178000e+00 4.590139e-24 2.198716e-24 6.788856e-24 
2.180000e+00 4.578841e-24 2.193254e-24 6.772095e-24 
2.182000e+00 4.567929e-24 2.185464e-24 6.753393e-24 
2.184000e+00 4.556831e-24 2.179300e-24 6.736131e-24 
2.186000e+00 4.544538e-24 2.173095e-24 6.717633e-24 
2.188000e+00 4.533267e-24 2.166657e-24 6.699924e-24 
2.190000e+00 4.517884e-24 2.159554e-24 6.677438e-24 
2.192000e+00 4.506787e-24 2.153813e-24 6.660600e-24 
2.194000e+00 4.495579e-24 2.148184e-24 6.643764e-24 
2.196000e+00 4.483028e-24 2.142733e-24 6.625761e-24 
2.198000e+00 4.473486e-24 2.136282e-24 6.609769e-24 
2.200000e+00 4.460581e-24 2.131571e-24 6.592152e-24 
2.202000e+00 4.449715e-24 2.125900e-24 6.575615e-24 
2.204000e+00 4.434500e-24 2.120312e-24 6.554812e-24 
2.206000e+00 4.422334e-24 2.114226e-24 6.536560e-24 
2.208000e+00 4.411387e-24 2.106359e-24 6.517746e-24 
2.210000e+00 4.399421e-24 2.101210e-24 6.500631e-24 
2.212000e+00 4.387910e-24 2.093944e-24 6.481853e-24 
2.214000e+00 4.376736e-24 2.088901e-24 6.465637e-24 
2.216000e+00 4.366308e-24 2.083012e-24 6.449320e-24 
2.218000e+00 4.353144e-24 2.076735e-24 6.429879e-24 
2.220000e+00 4.341721e-24 2.071951e-24 6.413672e-24 
2.222000e+00 4.330082e-24 2.066594e-24 6.396676e-24 
2.224000e+00 4.318930e-24 2.060620e-24 6.379550e-24 
2.226000e+00 4.305827e-24 2.055033e-24 6.360860e-24 
2.228000e+00 4.295338e-24 2.046784e-24 6.342121e-24 
2.230000e+00 4.284004e-24 2.040805e-24 6.324809e-24 
2.232000e+00 4.272278e-24 2.034562e-24 6.306840e-24 
2.234000e+00 4.261247e-24 2.029513e-24 6.290760e-24 
2.236000e+00 4.253766e-24 2.023820e-24 6.277586e-24 
2.238000e+00 4.242241e-24 2.017939e-24 6.260180e-24 
2.240000e+00 4.229302e-24 2.012782e-24 6.242084e-24 
2.242000e+00 4.218473e-24 2.006607e-24 6.225080e-24 
2.244000e+00 4.206339e-24 2.001281e-24 6.207620e-24 
2.246000e+00 4.196616e-24 1.995480e-24 6.192096e-24 
2.248000e+00 4.184200e-24 1.990445e-24 6.174645e-24 
2.250000e+00 4.172514e-24 1.984173e-24 6.156687e-24 
2.252000e+00 4.160206e-24 1.977968e-24 6.138173e-24 
2.254000e+00 4.149121e-24 1.974436e-24 6.123557e-24 
2.256000e+00 4.137719e-24 1.970315e-24 6.108034e-24 
2.258000e+00 4.126093e-24 1.964238e-24 6.090331e-24 
2.260000e+00 4.115322e-24 1.957948e-24 6.073269e-24 
2.262000e+00 4.106066e-24 1.952204e-24 6.058270e-24 
2.264000e+00 4.094002e-24 1.946934e-24 6.040936e-24 
2.266000e+00 4.084517e-24 1.941619e-24 6.026136e-24 
2.268000e+00 4.071346e-24 1.935941e-24 6.007287e-24 
2.270000e+00 4.059714e-24 1.929082e-24 5.988797e-24 
2.272000e+00 4.050593e-24 1.924066e-24 5.974659e-24 
2.274000e+00 4.042141e-24 1.917525e-24 5.959666e-24 
2.276000e+00 4.029602e-24 1.912199e-24 5.941801e-24 
2.278000e+00 4.017865e-24 1.908810e-24 5.926675e-24 
2.280000e+00 4.006744e-24 1.904321e-24 5.911065e-24 
2.282000e+00 3.997660e-24 1.897950e-24 5.895611e-24 
2.284000e+00 3.987053e-24 1.892072e-24 5.879125e-24 
2.286000e+00 3.978042e-24 1.886905e-24 5.864947e-24 
2.288000e+00 3.965976e-24 1.881016e-24 5.846992e-24 
2.290000e+00 3.955991e-24 1.875061e-24 5.831052e-24 
2.292000e+00 3.947686e-24 1.869691e-24 5.817376e-24 
2.294000e+00 3.936434e-24 1.866015e-24 5.802449e-24 
2.296000e+00 3.924006e-24 1.859801e-24 5.783806e-24 
2.298000e+00 3.913120e-24 1.854992e-24 5.768112e-24 
2.300000e+00 3.904648e-24 1.852165e-24 5.756813e-24 
2.302000e+00 3.893333e-24 1.846333e-24 5.739667e-24 
2.304000e+00 3.881872e-24 1.840537e-24 5.722409e-24 
2.306000e+00 3.875322e-24 1.835190e-24 5.710512e-24 
2.308000e+00 3.863599e-24 1.830991e-24 5.694590e-24 
2.310000e+00 3.854981e-24 1.825069e-24 5.680050e-24 
2.312000e+00 3.844746e-24 1.819939e-24 5.664685e-24 
2.314000e+00 3.835586e-24 1.816647e-24 5.652233e-24 
2.316000e+00 3.823729e-24 1.811281e-24 5.635009e-24 
2.318000e+00 3.815889e-24 1.805511e-24 5.621399e-24 
2.320000e+00 3.804125e-24 1.799134e-24 5.603259e-24 
2.322000e+00 3.792631e-24 1.796056e-24 5.588687e-24 
2.324000e+00 3.784925e-24 1.790995e-24 5.575920e-24 
2.326000e+00 3.774070e-24 1.784537e-24 5.558608e-24 
2.328000e+00 3.761511e-24 1.782571e-24 5.544083e-24 
2.330000e+00 3.755015e-24 1.776420e-24 5.531435e-24 
2.332000e+00 3.742188e-24 1.770229e-24 5.512416e-24 
2.334000e+00 3.730126e-24 1.767182e-24 5.497308e-24 
2.336000e+00 3.722687e-24 1.761830e-24 5.484517e-24 
2.338000e+00 3.712896e-24 1.755661e-24 5.468557e-24 
2.340000e+00 3.702944e-24 1.752954e-24 5.455898e-24 
2.342000e+00 3.695410e-24 1.746935e-24 5.442344e-24 
2.344000e+00 3.684419e-24 1.741087e-24 5.425506e-24 
2.346000e+00 3.676775e-24 1.737785e-24 5.414561e-24 
2.348000e+00 3.668074e-24 1.733400e-24 5.401474e-24 
2.350000e+00 3.658752e-24 1.729420e-24 5.388172e-24 
2.352000e+00 3.649250e-24 1.723250e-24 5.372500e-24 
2.354000e+00 3.640861e-24 1.720795e-24 5.361655e-24 
2.356000e+00 3.629757e-24 1.714521e-24 5.344278e-24 
2.358000e+00 3.622284e-24 1.710785e-24 5.333070e-24 
2.360000e+00 3.609697e-24 1.705331e-24 5.315027e-24 
2.362000e+00 3.600882e-24 1.701532e-24 5.302414e-24 
2.364000e+00 3.590809e-24 1.696749e-24 5.287558e-24 
2.366000e+00 3.583468e-24 1.692398e-24 5.275865e-24 
2.368000e+00 3.570655e-24 1.687591e-24 5.258246e-24 
2.370000e+00 3.563262e-24 1.682665e-24 5.245927e-24 
2.372000e+00 3.550924e-24 1.678663e-24 5.229587e-24 
2.374000e+00 3.543010e-24 1.674997e-24 5.218007e-24 
2.376000e+00 3.536188e-24 1.668980e-24 5.205168e-24 
2.378000e+00 3.527500e-24 1.666074e-24 5.193573e-24 
2.380000e+00 3.516346e-24 1.660919e-24 5.177265e-24 
2.382000e+00 3.508744e-24 1.658086e-24 5.166830e-24 
2.384000e+00 3.499434e-24 1.651243e-24 5.150676e-24 
2.386000e+00 3.488879e-24 1.648484e-24 5.137363e-24 
2.388000e+00 3.479783e-24 1.642345e-24 5.122128e-24 
2.390000e+00 3.470195e-24 1.640205e-24 5.110400e-24 
2.392000e+00 3.461765e-24 1.633041e-24 5.094806e-24 
2.394000e+00 3.452480e-24 1.630521e-24 5.083001e-24 
2.396000e+00 3.441734e-24 1.624745e-24 5.066479e-24 
2.398000e+00 3.434396e-24 1.621320e-24 5.055716e-24 
2.400000e+00 3.426443e-24 1.617894e-24 5.044337e-24 
2.402000e+00 3.417108e-24 1.612063e-24 5.029171e-24 
2.404000e+00 3.410363e-24 1.609250e-24 5.019613e-24 
2.406000e+00 3.398213e-24 1.603518e-24 5.001731e-24 
2.408000e+00 3.389612e-24 1.599769e-24 4.989380e-24 
2.410000e+00 3.383400e-24 1.596610e-24 4.980010e-24 
2.412000e+00 3.374820e-24 1.590688e-24 4.965507e-24 
2.414000e+00 3.366067e-24 1.588036e-24 4.954103e-24 
2.416000e+00 3.354522e-24 1.584040e-24 4.938562e-24 
2.418000e+00 3.347833e-24 1.578299e-24 4.926132e-24 
2.420000e+00 3.339668e-24 1.576089e-24 4.915757e-24 
2.422000e+00 3.330181e-24 1.570259e-24 4.900440e-24 
2.424000e+00 3.323515e-24 1.566971e-24 4.890486e-24 
2.426000e+00 3.312148e-24 1.563535e-24 4.875684e-24 
2.428000e+00 3.303892e-24 1.557974e-24 4.861866e-24 
2.430000e+00 3.296938e-24 1.554254e-24 4.851192e-24 
2.432000e+00 3.288562e-24 1.551966e-24 4.840527e-24 
2.434000e+00 3.279378e-24 1.545127e-24 4.824506e-24 
2.436000e+00 3.272429e-24 1.542387e-24 4.814816e-24 
2.438000e+00 3.263605e-24 1.538695e-24 4.802300e-24 
2.440000e+00 3.255494e-24 1.533281e-24 4.788776e-24 
2.442000e+00 3.248097e-24 1.530014e-24 4.778111e-24 
2.444000e+00 3.240849e-24 1.526189e-24 4.767038e-24 
2.446000e+00 3.233045e-24 1.521637e-24 4.754682e-24 
2.448000e+00 3.220905e-24 1.517940e-24 4.738845e-24 
2.450000e+00 3.212752e-24 1.514407e-24 4.727159e-24 
2.452000e+00 3.205174e-24 1.509031e-24 4.714205e-24 
2.454000e+00 3.197114e-24 1.506275e-24 4.703389e-24 
2.456000e+00 3.189739e-24 1.502778e-24 4.692517e-24 
2.458000e+00 3.182066e-24 1.497225e-24 4.679291e-24 
2.460000e+00 3.172858e-24 1.493028e-24 4.665885e-24 
2.462000e+00 3.164590e-24 1.490616e-24 4.655206e-24 
2.464000e+00 3.157180e-24 1.486886e-24 4.644066e-24 
2.466000e+00 3.148931e-24 1.481675e-24 4.630605e-24 
2.468000e+00 3.142431e-24 1.478740e-24 4.621171e-24 
2.470000e+00 3.132398e-24 1.474244e-24 4.606643e-24 
2.472000e+00 3.125566e-24 1.471764e-24 4.597330e-24 
2.474000e+00 3.117010e-24 1.468030e-24 4.585040e-24 
2.476000e+00 3.107089e-24 1.463036e-24 4.570125e-24 
2.478000e+00 3.098399e-24 1.459688e-24 4.558087e-24 
2.480000e+00 3.090612e-24 1.456029e-24 4.546642e-24 
2.482000e+00 3.082818e-24 1.453011e-24 4.535829e-24 
2.484000e+00 3.074864e-24 1.449599e-24 4.524463e-24 
2.486000e+00 3.069828e-24 1.443278e-24 4.513105e-24 
2.488000e+00 3.061722e-24 1.440478e-24 4.502199e-24 
2.490000e+00 3.053594e-24 1.437048e-24 4.490642e-24 
2.492000e+00 3.045348e-24 1.433565e-24 4.478912e-24 
2.494000e+00 3.038485e-24 1.430343e-24 4.468828e-24 
2.496000e+00 3.029617e-24 1.425646e-24 4.455263e-24 
2.498000e+00 3.022511e-24 1.421333e-24 4.443845e-24 
2.500000e+00 3.013755e-24 1.418633e-24 4.432388e-24 
2.502000e+00 3.006507e-24 1.415262e-24 4.421769e-24 
2.504000e+00 2.998188e-24 1.412103e-24 4.410291e-24 
2.506000e+00 2.990033e-24 1.406383e-24 4.396416e-24 
2.508000e+00 2.985512e-24 1.403284e-24 4.388796e-24 
2.510000e+00 2.978301e-24 1.399709e-24 4.378010e-24 
2.512000e+00 2.970275e-24 1.396661e-24 4.366935e-24 
2.514000e+00 2.961053e-24 1.392716e-24 4.353770e-24 
2.516000e+00 2.953785e-24 1.389996e-24 4.343781e-24 
2.518000e+00 2.946103e-24 1.386231e-24 4.332334e-24 
2.520000e+00 2.938821e-24 1.383487e-24 4.322307e-24 
2.522000e+00 2.931046e-24 1.379269e-24 4.310315e-24 
2.524000e+00 2.926370e-24 1.374246e-24 4.300616e-24 
2.526000e+00 2.918931e-24 1.371262e-24 4.290193e-24 
2.528000e+00 2.910114e-24 1.367549e-24 4.277662e-24 
2.530000e+00 2.903054e-24 1.364796e-24 4.267849e-24 
2.532000e+00 2.898260e-24 1.361215e-24 4.259475e-24 
2.534000e+00 2.889768e-24 1.357559e-24 4.247327e-24 
2.536000e+00 2.882918e-24 1.354543e-24 4.237461e-24 
2.538000e+00 2.874500e-24 1.351319e-24 4.225819e-24 
2.540000e+00 2.865957e-24 1.348249e-24 4.214205e-24 
2.542000e+00 2.857708e-24 1.344203e-24 4.201911e-24 
2.544000e+00 2.854048e-24 1.341249e-24 4.195296e-24 
2.546000e+00 2.846105e-24 1.337640e-24 4.183745e-24 
2.548000e+00 2.837823e-24 1.334621e-24 4.172445e-24 
2.550000e+00 2.833519e-24 1.331430e-24 4.164949e-24 
2.552000e+00 2.825651e-24 1.328415e-24 4.154066e-24 
2.554000e+00 2.818469e-24 1.324780e-24 4.143249e-24 
2.556000e+00 2.813489e-24 1.321927e-24 4.135416e-24 
2.558000e+00 2.804644e-24 1.318369e-24 4.123013e-24 
2.560000e+00 2.796509e-24 1.314286e-24 4.110795e-24 
2.562000e+00 2.793105e-24 1.311680e-24 4.104786e-24 
2.564000e+00 2.785420e-24 1.306260e-24 4.091680e-24 
2.566000e+00 2.777092e-24 1.303256e-24 4.080348e-24 
2.568000e+00 2.769989e-24 1.299890e-24 4.069879e-24 
2.570000e+00 2.764408e-24 1.296489e-24 4.060897e-24 
2.572000e+00 2.756005e-24 1.293637e-24 4.049642e-24 
2.574000e+00 2.748071e-24 1.291716e-24 4.039787e-24 
2.576000e+00 2.741421e-24 1.287979e-24 4.029400e-24 
2.578000e+00 2.733259e-24 1.285535e-24 4.018793e-24 
2.580000e+00 2.728154e-24 1.281920e-24 4.010074e-24 
2.582000e+00 2.720748e-24 1.278203e-24 3.998951e-24 
2.584000e+00 2.712133e-24 1.275556e-24 3.987690e-24 
2.586000e+00 2.708227e-24 1.271812e-24 3.980039e-24 
2.588000e+00 2.700231e-24 1.268279e-24 3.968510e-24 
2.590000e+00 2.692652e-24 1.265368e-24 3.958020e-24 
2.592000e+00 2.687657e-24 1.262791e-24 3.950448e-24 
2.594000e+00 2.679875e-24 1.258990e-24 3.938864e-24 
2.596000e+00 2.676003e-24 1.255873e-24 3.931876e-24 
2.598000e+00 2.667684e-24 1.255183e-24 3.922867e-24 
2.600000e+00 2.659803e-24 1.250963e-24 3.910765e-24 
2.602000e+00 2.654633e-24 1.247794e-24 3.902426e-24 
2.604000e+00 2.648606e-24 1.244635e-24 3.893241e-24 
2.606000e+00 2.642401e-24 1.241516e-24 3.883917e-24 
2.608000e+00 2.634678e-24 1.237876e-24 3.872554e-24 
2.610000e+00 2.630065e-24 1.234560e-24 3.864625e-24 
2.612000e+00 2.625330e-24 1.231238e-24 3.856568e-24 
2.614000e+00 2.617808e-24 1.227783e-24 3.845591e-24 
2.616000e+00 2.609830e-24 1.224528e-24 3.834358e-24 
2.618000e+00 2.605175e-24 1.222832e-24 3.828006e-24 
2.620000e+00 2.598543e-24 1.220596e-24 3.819139e-24 
2.622000e+00 2.593654e-24 1.217499e-24 3.811153e-24 
2.624000e+00 2.585105e-24 1.213794e-24 3.798899e-24 
2.626000e+00 2.577973e-24 1.210526e-24 3.788499e-24 
2.628000e+00 2.572689e-24 1.207431e-24 3.780119e-24 
2.630000e+00 2.564820e-24 1.203956e-24 3.768776e-24 
2.632000e+00 2.560701e-24 1.200303e-24 3.761004e-24 
2.634000e+00 2.552791e-24 1.199643e-24 3.752434e-24 
2.636000e+00 2.544709e-24 1.196569e-24 3.741277e-24 
2.638000e+00 2.541001e-24 1.193348e-24 3.734348e-24 
2.640000e+00 2.534716e-24 1.189993e-24 3.724709e-24 
2.642000e+00 2.527561e-24 1.187236e-24 3.714797e-24 
2.644000e+00 2.523677e-24 1.185085e-24 3.708762e-24 
2.646000e+00 2.515597e-24 1.182225e-24 3.697822e-24 
2.648000e+00 2.510334e-24 1.178123e-24 3.688457e-24 
2.650000e+00 2.506620e-24 1.175491e-24 3.682111e-24 
2.652000e+00 2.498498e-24 1.172695e-24 3.671193e-24 
2.654000e+00 2.494439e-24 1.170961e-24 3.665400e-24 
2.656000e+00 2.486475e-24 1.168165e-24 3.654640e-24 
2.658000e+00 2.481315e-24 1.164285e-24 3.645600e-24 
2.660000e+00 2.473195e-24 1.160649e-24 3.633845e-24 
2.662000e+00 2.469029e-24 1.157849e-24 3.626878e-24 
2.664000e+00 2.461789e-24 1.157307e-24 3.619097e-24 
2.666000e+00 2.457676e-24 1.153199e-24 3.610875e-24 
2.668000e+00 2.450194e-24 1.150512e-24 3.600706e-24 
2.670000e+00 2.445392e-24 1.147356e-24 3.592748e-24 
2.672000e+00 2.437922e-24 1.143985e-24 3.581907e-24 
2.674000e+00 2.432676e-24 1.142767e-24 3.575443e-24 
2.676000e+00 2.424492e-24 1.139726e-24 3.564218e-24 
2.678000e+00 2.421062e-24 1.136312e-24 3.557374e-24 
2.680000e+00 2.415295e-24 1.132142e-24 3.547437e-24 
2.682000e+00 2.407318e-24 1.129912e-24 3.537229e-24 
2.684000e+00 2.403035e-24 1.127955e-24 3.530990e-24 
2.686000e+00 2.398133e-24 1.126128e-24 3.524261e-24 
2.688000e+00 2.390052e-24 1.122239e-24 3.512292e-24 
2.690000e+00 2.386603e-24 1.119186e-24 3.505789e-24 
2.692000e+00 2.378616e-24 1.117359e-24 3.495975e-24 
2.694000e+00 2.373964e-24 1.114025e-24 3.487989e-24 
2.696000e+00 2.369514e-24 1.111374e-24 3.480888e-24 
2.698000e+00 2.362104e-24 1.109943e-24 3.472046e-24 
2.700000e+00 2.356703e-24 1.106518e-24 3.463222e-24 
2.702000e+00 2.351764e-24 1.103371e-24 3.455135e-24 
2.704000e+00 2.344782e-24 1.102378e-24 3.447160e-24 
2.706000e+00 2.339999e-24 1.098659e-24 3.438657e-24 
2.708000e+00 2.335605e-24 1.096078e-24 3.431684e-24 
2.710000e+00 2.330989e-24 1.094534e-24 3.425523e-24 
2.712000e+00 2.324162e-24 1.091371e-24 3.415533e-24 
2.714000e+00 2.318453e-24 1.088412e-24 3.406865e-24 
2.716000e+00 2.314272e-24 1.087252e-24 3.401524e-24 
2.718000e+00 2.309227e-24 1.083809e-24 3.393036e-24 
2.720000e+00 2.304883e-24 1.080228e-24 3.385111e-24 
2.722000e+00 2.297719e-24 1.079114e-24 3.376833e-24 
2.724000e+00 2.293478e-24 1.076189e-24 3.369667e-24 
2.726000e+00 2.288597e-24 1.073079e-24 3.361676e-24 
2.728000e+00 2.281052e-24 1.071122e-24 3.352174e-24 
2.730000e+00 2.276013e-24 1.068101e-24 3.344115e-24 
2.732000e+00 2.271455e-24 1.064758e-24 3.336213e-24 
2.734000e+00 2.266662e-24 1.063848e-24 3.330509e-24 
2.736000e+00 2.259472e-24 1.061240e-24 3.320712e-24 
2.738000e+00 2.254335e-24 1.057841e-24 3.312176e-24 
2.740000e+00 2.250273e-24 1.056186e-24 3.306458e-24 
2.742000e+00 2.245850e-24 1.053072e-24 3.298921e-24 
2.744000e+00 2.240742e-24 1.050053e-24 3.290795e-24 
2.746000e+00 2.233297e-24 1.048727e-24 3.282024e-24 
2.748000e+00 2.228650e-24 1.045405e-24 3.274055e-24 
2.750000e+00 2.224628e-24 1.042147e-24 3.266775e-24 
2.752000e+00 2.217363e-24 1.040595e-24 3.257958e-24 
2.754000e+00 2.211701e-24 1.037564e-24 3.249266e-24 
2.756000e+00 2.206823e-24 1.036816e-24 3.243639e-24 
2.758000e+00 2.203085e-24 1.033783e-24 3.236867e-24 
2.760000e+00 2.198621e-24 1.030083e-24 3.228704e-24 
2.762000e+00 2.190811e-24 1.028741e-24 3.219553e-24 
2.764000e+00 2.186149e-24 1.026520e-24 3.212669e-24 
2.766000e+00 2.181273e-24 1.023788e-24 3.205061e-24 
2.768000e+00 2.177325e-24 1.021315e-24 3.198640e-24 
2.770000e+00 2.171925e-24 1.019614e-24 3.191540e-24 
2.772000e+00 2.167905e-24 1.017264e-24 3.185169e-24 
2.774000e+00 2.162338e-24 1.013437e-24 3.175775e-24 
2.776000e+00 2.155030e-24 1.012779e-24 3.167810e-24 
2.778000e+00 2.151192e-24 1.009089e-24 3.160281e-24 
2.780000e+00 2.146909e-24 1.007925e-24 3.154834e-24 
2.782000e+00 2.142592e-24 1.004414e-24 3.147006e-24 
2.784000e+00 2.137554e-24 1.004260e-24 3.141814e-24 
2.786000e+00 2.132740e-24 1.000677e-24 3.133417e-24 
2.788000e+00 2.127621e-24 9.993285e-25 3.126950e-24 
2.790000e+00 2.123381e-24 9.962835e-25 3.119664e-24 
2.792000e+00 2.116583e-24 9.924934e-25 3.109077e-24 
2.794000e+00 2.112354e-24 9.913284e-25 3.103682e-24 
2.796000e+00 2.106764e-24 9.886363e-25 3.095400e-24 
2.798000e+00 2.102630e-24 9.879606e-25 3.090591e-24 
2.800000e+00 2.097509e-24 9.838348e-25 3.081344e-24 
2.802000e+00 2.093429e-24 9.831761e-25 3.076605e-24 
2.804000e+00 2.088812e-24 9.799448e-25 3.068757e-24 
2.806000e+00 2.084160e-24 9.785249e-25 3.062685e-24 
2.808000e+00 2.079826e-24 9.750580e-25 3.054884e-24 
2.810000e+00 2.071546e-24 9.715510e-25 3.043097e-24 
2.812000e+00 2.068579e-24 9.708805e-25 3.039459e-24 
2.814000e+00 2.063143e-24 9.674626e-25 3.030606e-24 
2.816000e+00 2.059121e-24 9.668666e-25 3.025988e-24 
2.818000e+00 2.053628e-24 9.630762e-25 3.016705e-24 
2.820000e+00 2.050146e-24 9.614987e-25 3.011645e-24 
2.822000e+00 2.045276e-24 9.592971e-25 3.004573e-24 
2.824000e+00 2.040540e-24 9.577315e-25 2.998271e-24 
2.826000e+00 2.037213e-24 9.551316e-25 2.992345e-24 
2.828000e+00 2.030963e-24 9.539200e-25 2.984883e-24 
2.830000e+00 2.024248e-24 9.507896e-25 2.975038e-24 
2.832000e+00 2.019634e-24 9.491081e-25 2.968742e-24 
2.834000e+00 2.015530e-24 9.460931e-25 2.961623e-24 
2.836000e+00 2.010867e-24 9.446479e-25 2.955515e-24 
2.838000e+00 2.006724e-24 9.430891e-25 2.949813e-24 
2.840000e+00 2.001240e-24 9.400383e-25 2.941278e-24 
2.842000e+00 1.997338e-24 9.394229e-25 2.936761e-24 
2.844000e+00 1.992773e-24 9.359707e-25 2.928744e-24 
2.846000e+00 1.988456e-24 9.345945e-25 2.923050e-24 
2.848000e+00 1.984373e-24 9.316787e-25 2.916052e-24 
2.850000e+00 1.979068e-24 9.303846e-25 2.909453e-24 
2.852000e+00 1.977477e-24 9.272556e-25 2.904733e-24 
2.854000e+00 1.969592e-24 9.258890e-25 2.895481e-24 
2.856000e+00 1.965294e-24 9.227836e-25 2.888077e-24 
2.858000e+00 1.960968e-24 9.215001e-25 2.882468e-24 
2.860000e+00 1.956556e-24 9.183934e-25 2.874950e-24 
2.862000e+00 1.952182e-24 9.172984e-25 2.869480e-24 
2.864000e+00 1.946112e-24 9.161916e-25 2.862303e-24 
2.866000e+00 1.942559e-24 9.129522e-25 2.855511e-24 
2.868000e+00 1.937941e-24 9.112438e-25 2.849185e-24 
2.870000e+00 1.934142e-24 9.081834e-25 2.842325e-24 
2.872000e+00 1.928968e-24 9.074125e-25 2.836380e-24 
2.874000e+00 1.927222e-24 9.039685e-25 2.831191e-24 
2.876000e+00 1.922392e-24 9.022923e-25 2.824684e-24 
2.878000e+00 1.930483e-24 9.055671e-25 2.836050e-24 
2.880000e+00 1.913675e-24 8.983365e-25 2.812011e-24 
2.882000e+00 1.910057e-24 8.951825e-25 2.805239e-24 
2.884000e+00 1.904868e-24 8.938934e-25 2.798761e-24 
2.886000e+00 1.900612e-24 8.929430e-25 2.793555e-24 
2.888000e+00 1.896648e-24 8.898559e-25 2.786504e-24 
2.890000e+00 1.890231e-24 8.889864e-25 2.779217e-24 
2.892000e+00 1.888126e-24 8.872453e-25 2.775371e-24 
2.894000e+00 1.885147e-24 8.837703e-25 2.768917e-24 
2.896000e+00 1.881562e-24 8.829572e-25 2.764519e-24 
2.898000e+00 1.876214e-24 8.819208e-25 2.758135e-24 
2.900000e+00 1.872067e-24 8.782298e-25 2.750297e-24 
2.902000e+00 1.867169e-24 8.778321e-25 2.745001e-24 
2.904000e+00 1.863024e-24 8.761026e-25 2.739127e-24 
2.906000e+00 1.858813e-24 8.735121e-25 2.732325e-24 
2.908000e+00 1.854047e-24 8.715564e-25 2.725604e-24 
2.910000e+00 1.851130e-24 8.686745e-25 2.719805e-24 
2.912000e+00 1.847933e-24 8.674244e-25 2.715357e-24 
2.914000e+00 1.843484e-24 8.659242e-25 2.709409e-24 
2.916000e+00 1.839005e-24 8.633001e-25 2.702305e-24 
2.918000e+00 1.835578e-24 8.616805e-25 2.697258e-24 
2.920000e+00 1.830680e-24 8.608050e-25 2.691485e-24 
2.922000e+00 1.824607e-24 8.573648e-25 2.681972e-24 
2.924000e+00 1.821522e-24 8.560932e-25 2.677615e-24 
2.926000e+00 1.818947e-24 8.547255e-25 2.673672e-24 
2.928000e+00 1.815355e-24 8.518742e-25 2.667229e-24 
2.930000e+00 1.809661e-24 8.503335e-25 2.659995e-24 
2.932000e+00 1.806556e-24 8.494353e-25 2.655992e-24 
2.934000e+00 1.801662e-24 8.459724e-25 2.647634e-24 
2.936000e+00 1.798599e-24 8.447107e-25 2.643310e-24 
2.938000e+00 1.793048e-24 8.435569e-25 2.636605e-24 
2.940000e+00 1.792139e-24 8.403610e-25 2.632500e-24 
2.942000e+00 1.785359e-24 8.391396e-25 2.624498e-24 
2.944000e+00 1.782547e-24 8.389588e-25 2.621506e-24 
2.946000e+00 1.777270e-24 8.349281e-25 2.612198e-24 
2.948000e+00 1.772745e-24 8.343401e-25 2.607085e-24 
2.950000e+00 1.769603e-24 8.325127e-25 2.602115e-24 
2.952000e+00 1.765120e-24 8.294077e-25 2.594527e-24 
2.954000e+00 1.763200e-24 8.287356e-25 2.591935e-24 
2.956000e+00 1.758870e-24 8.272189e-25 2.586089e-24 
2.958000e+00 1.754526e-24 8.260178e-25 2.580544e-24 
2.960000e+00 1.749612e-24 8.229043e-25 2.572517e-24 
2.962000e+00 1.748386e-24 8.211697e-25 2.569556e-24 
2.964000e+00 1.742919e-24 8.202993e-25 2.563219e-24 
2.966000e+00 1.739627e-24 8.173826e-25 2.557010e-24 
2.968000e+00 1.737488e-24 8.165864e-25 2.554074e-24 
2.970000e+00 1.732740e-24 8.151817e-25 2.547921e-24 
2.972000e+00 1.728665e-24 8.136357e-25 2.542301e-24 
2.974000e+00 1.723065e-24 8.105699e-25 2.533635e-24 
2.976000e+00 1.719849e-24 8.089630e-25 2.528812e-24 
2.978000e+00 1.718121e-24 8.078143e-25 2.525935e-24 
2.980000e+00 1.709005e-24 8.053229e-25 2.514328e-24 
2.982000e+00 1.707561e-24 8.038433e-25 2.511404e-24 
2.984000e+00 1.704738e-24 8.020330e-25 2.506771e-24 
2.986000e+00 1.702759e-24 8.013258e-25 2.504085e-24 
2.988000e+00 1.698781e-24 7.982522e-25 2.497033e-24 
2.990000e+00 1.693942e-24 7.975493e-25 2.491491e-24 
2.992000e+00 1.691089e-24 7.954635e-25 2.486552e-24 
2.994000e+00 1.688615e-24 7.930628e-25 2.481678e-24 
2.996000e+00 1.683610e-24 7.915291e-25 2.475139e-24 
2.998000e+00 1.679455e-24 7.896322e-25 2.469087e-24 
