1.000000e-01 1.581879e-22 1.899979e-22 3.481858e-22 
1.020000e-01 1.569170e-22 1.874867e-22 3.444038e-22 
1.040000e-01 1.552214e-22 1.846819e-22 3.399034e-22 
1.060000e-01 1.530198e-22 1.820516e-22 3.350714e-22 
1.080000e-01 1.503252e-22 1.793251e-22 3.296503e-22 
1.100000e-01 1.469795e-22 1.763996e-22 3.233791e-22 
1.120000e-01 1.425814e-22 1.735973e-22 3.161787e-22 
1.140000e-01 1.359005e-22 1.706388e-22 3.065393e-22 
1.160000e-01 1.193084e-22 1.675423e-22 2.868507e-22 
1.180000e-01 1.351126e-22 1.646031e-22 2.997157e-22 
1.200000e-01 1.400320e-22 1.616163e-22 3.016482e-22 
1.220000e-01 1.420710e-22 1.584655e-22 3.005364e-22 
1.240000e-01 1.430659e-22 1.554377e-22 2.985036e-22 
1.260000e-01 1.435307e-22 1.523419e-22 2.958726e-22 
1.280000e-01 1.436403e-22 1.492214e-22 2.928617e-22 
1.300000e-01 1.434850e-22 1.461120e-22 2.895970e-22 
1.320000e-01 1.431519e-22 1.429841e-22 2.861360e-22 
1.340000e-01 1.426811e-22 1.398241e-22 2.825051e-22 
1.360000e-01 1.420842e-22 1.367032e-22 2.787874e-22 
1.380000e-01 1.413839e-22 1.335237e-22 2.749076e-22 
1.400000e-01 1.405945e-22 1.304247e-22 2.710192e-22 
1.420000e-01 1.397490e-22 1.272531e-22 2.670021e-22 
1.440000e-01 1.388284e-22 1.241221e-22 2.629505e-22 
1.460000e-01 1.378351e-22 1.209925e-22 2.588277e-22 
1.480000e-01 1.367758e-22 1.179172e-22 2.546930e-22 
1.500000e-01 1.356710e-22 1.148497e-22 2.505207e-22 
1.520000e-01 1.345047e-22 1.117644e-22 2.462692e-22 
1.540000e-01 1.332583e-22 1.087824e-22 2.420406e-22 
1.560000e-01 1.319427e-22 1.057946e-22 2.377372e-22 
1.580000e-01 1.305387e-22 1.027854e-22 2.333241e-22 
1.600000e-01 1.290588e-22 9.990585e-23 2.289646e-22 
1.620000e-01 1.274259e-22 9.698549e-23 2.244113e-22 
1.640000e-01 1.254901e-22 9.408677e-23 2.195769e-22 
1.660000e-01 1.228598e-22 9.129179e-23 2.141516e-22 
1.680000e-01 1.178155e-22 8.857015e-23 2.063856e-22 
1.700000e-01 1.194479e-22 8.591604e-23 2.053639e-22 
1.720000e-01 1.203908e-22 8.328403e-23 2.036749e-22 
1.740000e-01 1.203083e-22 8.067749e-23 2.009858e-22 
1.760000e-01 1.199020e-22 7.812720e-23 1.980292e-22 
1.780000e-01 1.193593e-22 7.562558e-23 1.949849e-22 
1.800000e-01 1.187297e-22 7.316515e-23 1.918948e-22 
1.820000e-01 1.180430e-22 7.075454e-23 1.887976e-22 
1.840000e-01 1.173299e-22 6.839415e-23 1.857240e-22 
1.860000e-01 1.165939e-22 6.608922e-23 1.826831e-22 
1.880000e-01 1.158491e-22 6.380330e-23 1.796524e-22 
1.900000e-01 1.151082e-22 6.158493e-23 1.766931e-22 
1.920000e-01 1.144208e-22 5.941515e-23 1.738359e-22 
1.940000e-01 1.138537e-22 5.731589e-23 1.711696e-22 
1.960000e-01 1.135070e-22 5.524757e-23 1.687545e-22 
1.980000e-01 1.140558e-22 5.343388e-23 1.674896e-22 
2.000000e-01 1.148739e-22 5.128610e-23 1.661600e-22 
2.020000e-01 1.115189e-22 4.939856e-23 1.609174e-22 
2.040000e-01 1.095992e-22 4.756588e-23 1.571651e-22 
2.060000e-01 1.079645e-22 4.573321e-23 1.536977e-22 
2.080000e-01 1.064649e-22 4.395581e-23 1.504207e-22 
2.100000e-01 1.050356e-22 4.222013e-23 1.472557e-22 
2.120000e-01 1.036516e-22 4.049544e-23 1.441470e-22 
2.140000e-01 1.023087e-22 3.880476e-23 1.411134e-22 
2.160000e-01 1.009959e-22 3.714876e-23 1.381447e-22 
2.180000e-01 9.969637e-23 3.550233e-23 1.351987e-22 
2.200000e-01 9.844561e-23 3.395602e-23 1.324016e-22 
2.220000e-01 9.720949e-23 3.245276e-23 1.296622e-22 
2.240000e-01 9.595435e-23 3.098782e-23 1.269422e-22 
2.260000e-01 9.470507e-23 2.954621e-23 1.242513e-22 
2.280000e-01 9.344967e-23 2.809515e-23 1.215448e-22 
2.300000e-01 9.220947e-23 2.670566e-23 1.189151e-22 
2.320000e-01 9.098767e-23 2.532658e-23 1.163143e-22 
2.340000e-01 8.976568e-23 2.396246e-23 1.137281e-22 
2.360000e-01 8.855459e-23 2.263538e-23 1.111900e-22 
2.380000e-01 8.735369e-23 2.132902e-23 1.086827e-22 
2.400000e-01 8.614788e-23 2.024226e-23 1.063901e-22 
2.420000e-01 8.497157e-23 1.935818e-23 1.043297e-22 
2.440000e-01 8.380326e-23 1.852610e-23 1.023294e-22 
2.460000e-01 8.265891e-23 1.757886e-23 1.002378e-22 
2.480000e-01 8.153016e-23 1.646590e-23 9.799606e-23 
2.500000e-01 8.041242e-23 1.528345e-23 9.569587e-23 
2.520000e-01 7.930670e-23 1.393790e-23 9.324460e-23 
2.540000e-01 7.820687e-23 1.254038e-23 9.074725e-23 
2.560000e-01 7.712117e-23 1.111433e-23 8.823550e-23 
2.580000e-01 7.604208e-23 9.611904e-24 8.565399e-23 
2.600000e-01 7.497389e-23 7.872575e-24 8.284647e-23 
2.620000e-01 7.391607e-23 5.979100e-24 7.989517e-23 
2.640000e-01 7.286371e-23 3.975375e-24 7.683908e-23 
2.660000e-01 7.183163e-23 2.271470e-24 7.410310e-23 
2.680000e-01 7.080662e-23 9.675726e-25 7.177420e-23 
2.700000e-01 6.980109e-23 1.974648e-25 6.999856e-23 
2.720000e-01 6.880613e-23 1.652114e-25 6.897135e-23 
2.740000e-01 6.783340e-23 1.028342e-24 6.886174e-23 
2.760000e-01 6.687194e-23 3.009691e-24 6.988163e-23 
2.780000e-01 6.592664e-23 5.821053e-24 7.174769e-23 
2.800000e-01 6.498207e-23 1.606849e-23 8.105055e-23 
2.820000e-01 6.404537e-23 2.062167e-23 8.466704e-23 
2.840000e-01 6.310916e-23 1.918709e-23 8.229624e-23 
2.860000e-01 6.218468e-23 1.782182e-23 8.000650e-23 
2.880000e-01 6.126694e-23 1.700859e-23 7.827553e-23 
2.900000e-01 6.035687e-23 1.670023e-23 7.705709e-23 
2.920000e-01 5.945542e-23 1.679400e-23 7.624943e-23 
2.940000e-01 5.856605e-23 1.722969e-23 7.579574e-23 
2.960000e-01 5.768371e-23 1.783836e-23 7.552207e-23 
2.980000e-01 5.681610e-23 1.880025e-23 7.561635e-23 
3.000000e-01 5.595630e-23 1.933353e-23 7.528983e-23 
3.020000e-01 5.510405e-23 1.988175e-23 7.498580e-23 
3.040000e-01 5.425922e-23 2.025894e-23 7.451816e-23 
3.060000e-01 5.342775e-23 2.055545e-23 7.398320e-23 
3.080000e-01 5.260444e-23 2.082250e-23 7.342694e-23 
3.100000e-01 5.179480e-23 2.095460e-23 7.274941e-23 
3.120000e-01 5.098870e-23 2.104599e-23 7.203470e-23 
3.140000e-01 5.019872e-23 2.100218e-23 7.120090e-23 
3.160000e-01 4.941307e-23 2.086584e-23 7.027891e-23 
3.180000e-01 4.864341e-23 2.061803e-23 6.926144e-23 
3.200000e-01 4.787984e-23 2.043491e-23 6.831475e-23 
3.220000e-01 4.712951e-23 2.028836e-23 6.741787e-23 
3.240000e-01 4.639084e-23 2.024578e-23 6.663662e-23 
3.260000e-01 4.565908e-23 2.023122e-23 6.589029e-23 
3.280000e-01 4.494146e-23 2.019410e-23 6.513557e-23 
3.300000e-01 4.423355e-23 2.015780e-23 6.439135e-23 
3.320000e-01 4.354277e-23 2.008979e-23 6.363256e-23 
3.340000e-01 4.286180e-23 2.002584e-23 6.288765e-23 
3.360000e-01 4.219222e-23 1.993424e-23 6.212646e-23 
3.380000e-01 4.153101e-23 1.983977e-23 6.137078e-23 
3.400000e-01 4.087682e-23 1.972785e-23 6.060467e-23 
3.420000e-01 4.023201e-23 1.962116e-23 5.985317e-23 
3.440000e-01 3.959122e-23 1.952515e-23 5.911637e-23 
3.460000e-01 3.896820e-23 1.942962e-23 5.839782e-23 
3.480000e-01 3.834520e-23 1.932109e-23 5.766628e-23 
3.500000e-01 3.773093e-23 1.920944e-23 5.694037e-23 
3.520000e-01 3.712381e-23 1.908675e-23 5.621056e-23 
3.540000e-01 3.652607e-23 1.896389e-23 5.548996e-23 
3.560000e-01 3.594131e-23 1.883785e-23 5.477916e-23 
3.580000e-01 3.538570e-23 1.871013e-23 5.409583e-23 
3.600000e-01 3.479287e-23 1.858220e-23 5.337507e-23 
3.620000e-01 3.423448e-23 1.842949e-23 5.266396e-23 
3.640000e-01 3.368370e-23 1.829570e-23 5.197940e-23 
3.660000e-01 3.314119e-23 1.816213e-23 5.130332e-23 
3.680000e-01 3.260013e-23 1.801529e-23 5.061542e-23 
3.700000e-01 3.207528e-23 1.786957e-23 4.994485e-23 
3.720000e-01 3.155473e-23 1.772986e-23 4.928459e-23 
3.740000e-01 3.104058e-23 1.759141e-23 4.863199e-23 
3.760000e-01 3.053475e-23 1.744625e-23 4.798099e-23 
3.780000e-01 3.003328e-23 1.729940e-23 4.733268e-23 
3.800000e-01 2.953925e-23 1.714682e-23 4.668606e-23 
3.820000e-01 2.905179e-23 1.699081e-23 4.604260e-23 
3.840000e-01 2.857029e-23 1.683697e-23 4.540726e-23 
3.860000e-01 2.809993e-23 1.668489e-23 4.478482e-23 
3.880000e-01 2.763643e-23 1.653355e-23 4.416998e-23 
3.900000e-01 2.718248e-23 1.638320e-23 4.356569e-23 
3.920000e-01 2.673523e-23 1.623346e-23 4.296869e-23 
3.940000e-01 2.629567e-23 1.608507e-23 4.238074e-23 
3.960000e-01 2.586608e-23 1.593833e-23 4.180440e-23 
3.980000e-01 2.544367e-23 1.579180e-23 4.123548e-23 
4.000000e-01 2.502637e-23 1.564880e-23 4.067517e-23 
4.020000e-01 2.461751e-23 1.549617e-23 4.011368e-23 
4.040000e-01 2.445328e-23 1.534562e-23 3.979890e-23 
4.060000e-01 2.381793e-23 1.519640e-23 3.901433e-23 
4.080000e-01 2.342985e-23 1.505234e-23 3.848219e-23 
4.100000e-01 2.304086e-23 1.490839e-23 3.794925e-23 
4.120000e-01 2.266104e-23 1.476496e-23 3.742600e-23 
4.140000e-01 2.224857e-23 1.462658e-23 3.687514e-23 
4.160000e-01 2.192123e-23 1.447925e-23 3.640048e-23 
4.180000e-01 2.155869e-23 1.433871e-23 3.589740e-23 
4.200000e-01 2.120463e-23 1.419814e-23 3.540277e-23 
4.220000e-01 2.085257e-23 1.405936e-23 3.491193e-23 
4.240000e-01 2.050626e-23 1.392158e-23 3.442784e-23 
4.260000e-01 2.016728e-23 1.378269e-23 3.394997e-23 
4.280000e-01 1.983287e-23 1.364361e-23 3.347648e-23 
4.300000e-01 1.950383e-23 1.350423e-23 3.300806e-23 
4.320000e-01 1.918028e-23 1.336889e-23 3.254917e-23 
4.340000e-01 1.886169e-23 1.323467e-23 3.209636e-23 
4.360000e-01 1.854827e-23 1.310287e-23 3.165114e-23 
4.380000e-01 1.823842e-23 1.297337e-23 3.121179e-23 
4.400000e-01 1.793181e-23 1.284382e-23 3.077564e-23 
4.420000e-01 1.763218e-23 1.271028e-23 3.034246e-23 
4.440000e-01 1.733714e-23 1.267177e-23 3.000892e-23 
4.460000e-01 1.704441e-23 1.244671e-23 2.949111e-23 
4.480000e-01 1.675734e-23 1.231904e-23 2.907638e-23 
4.500000e-01 1.647533e-23 1.219237e-23 2.866770e-23 
4.520000e-01 1.619575e-23 1.206104e-23 2.825679e-23 
4.540000e-01 1.592039e-23 1.192916e-23 2.784956e-23 
4.560000e-01 1.564905e-23 1.179946e-23 2.744852e-23 
4.580000e-01 1.538159e-23 1.167346e-23 2.705505e-23 
4.600000e-01 1.511785e-23 1.154827e-23 2.666612e-23 
4.620000e-01 1.485838e-23 1.142482e-23 2.628320e-23 
4.640000e-01 1.460169e-23 1.130393e-23 2.590562e-23 
4.660000e-01 1.434726e-23 1.118318e-23 2.553044e-23 
4.680000e-01 1.409808e-23 1.106814e-23 2.516622e-23 
4.700000e-01 1.385012e-23 1.095031e-23 2.480044e-23 
4.720000e-01 1.360456e-23 1.083246e-23 2.443703e-23 
4.740000e-01 1.336272e-23 1.071418e-23 2.407690e-23 
4.760000e-01 1.312482e-23 1.059632e-23 2.372114e-23 
4.780000e-01 1.288858e-23 1.047981e-23 2.336838e-23 
4.800000e-01 1.265458e-23 1.036504e-23 2.301962e-23 
4.820000e-01 1.242325e-23 1.025045e-23 2.267370e-23 
4.840000e-01 1.219451e-23 1.013782e-23 2.233233e-23 
4.860000e-01 1.196723e-23 1.002494e-23 2.199217e-23 
4.880000e-01 1.174228e-23 9.913779e-24 2.165606e-23 
4.900000e-01 1.151892e-23 9.801531e-24 2.132045e-23 
4.920000e-01 1.129783e-23 9.691656e-24 2.098948e-23 
4.940000e-01 1.107821e-23 9.582662e-24 2.066087e-23 
4.960000e-01 1.085983e-23 9.476809e-24 2.033664e-23 
4.980000e-01 1.064234e-23 9.371405e-24 2.001374e-23 
5.000000e-01 1.042501e-23 9.266495e-24 1.969151e-23 
5.020000e-01 1.020971e-23 9.163746e-24 1.937345e-23 
5.040000e-01 9.994649e-24 9.062495e-24 1.905714e-23 
5.060000e-01 9.779668e-24 8.961628e-24 1.874130e-23 
5.080000e-01 9.564396e-24 8.863044e-24 1.842744e-23 
5.100000e-01 9.348567e-24 8.764802e-24 1.811337e-23 
5.120000e-01 9.131209e-24 8.669193e-24 1.780040e-23 
5.140000e-01 8.912899e-24 8.574642e-24 1.748754e-23 
5.160000e-01 8.693093e-24 8.480401e-24 1.717349e-23 
5.180000e-01 8.469921e-24 8.389922e-24 1.685984e-23 
5.200000e-01 8.241899e-24 8.300729e-24 1.654263e-23 
5.220000e-01 8.014956e-24 8.212149e-24 1.622710e-23 
5.240000e-01 7.770520e-24 8.123298e-24 1.589382e-23 
5.260000e-01 7.523082e-24 8.034504e-24 1.555759e-23 
5.280000e-01 7.264139e-24 7.945610e-24 1.520975e-23 
5.300000e-01 6.992479e-24 7.858865e-24 1.485134e-23 
5.320000e-01 6.702364e-24 7.773942e-24 1.447631e-23 
5.340000e-01 6.375850e-24 7.691918e-24 1.406777e-23 
5.360000e-01 6.000465e-24 7.604252e-24 1.360472e-23 
5.380000e-01 5.514330e-24 7.518466e-24 1.303280e-23 
5.400000e-01 4.896124e-24 7.433422e-24 1.232955e-23 
5.420000e-01 4.307141e-24 7.350969e-24 1.165811e-23 
5.440000e-01 4.068648e-24 7.272844e-24 1.134149e-23 
5.460000e-01 4.343660e-24 7.195300e-24 1.153896e-23 
5.480000e-01 5.037821e-24 7.117491e-24 1.215531e-23 
5.500000e-01 5.641280e-24 7.039775e-24 1.268105e-23 
5.520000e-01 6.044259e-24 6.962439e-24 1.300670e-23 
5.540000e-01 6.270516e-24 6.886858e-24 1.315737e-23 
5.560000e-01 6.427263e-24 6.814645e-24 1.324191e-23 
5.580000e-01 6.535688e-24 6.743121e-24 1.327881e-23 
5.600000e-01 6.616992e-24 6.671107e-24 1.328810e-23 
5.620000e-01 6.690016e-24 6.600315e-24 1.329033e-23 
5.640000e-01 6.722210e-24 6.528438e-24 1.325065e-23 
5.660000e-01 6.753859e-24 6.457877e-24 1.321174e-23 
5.680000e-01 6.773214e-24 6.388313e-24 1.316153e-23 
5.700000e-01 6.781841e-24 6.319630e-24 1.310147e-23 
5.720000e-01 6.783043e-24 6.251583e-24 1.303463e-23 
5.740000e-01 6.778028e-24 6.183755e-24 1.296178e-23 
5.760000e-01 6.768584e-24 6.118238e-24 1.288682e-23 
5.780000e-01 6.752565e-24 6.053573e-24 1.280614e-23 
5.800000e-01 6.732104e-24 5.999450e-24 1.273155e-23 
5.820000e-01 6.707816e-24 5.926880e-24 1.263470e-23 
5.840000e-01 6.681516e-24 5.865382e-24 1.254690e-23 
5.860000e-01 6.651512e-24 5.804533e-24 1.245605e-23 
5.880000e-01 6.620145e-24 5.744113e-24 1.236426e-23 
5.900000e-01 6.582027e-24 5.684225e-24 1.226625e-23 
5.920000e-01 6.544961e-24 5.624693e-24 1.216965e-23 
5.940000e-01 6.505500e-24 5.565434e-24 1.207093e-23 
5.960000e-01 6.463317e-24 5.508172e-24 1.197149e-23 
5.980000e-01 6.420558e-24 5.451615e-24 1.187217e-23 
6.000000e-01 6.376642e-24 5.394720e-24 1.177136e-23 
6.020000e-01 6.331570e-24 5.337241e-24 1.166881e-23 
6.040000e-01 6.285066e-24 5.279190e-24 1.156426e-23 
6.060000e-01 6.237309e-24 5.222565e-24 1.145987e-23 
6.080000e-01 6.189123e-24 5.168341e-24 1.135746e-23 
6.100000e-01 6.140141e-24 5.117431e-24 1.125757e-23 
6.120000e-01 6.090092e-24 5.067142e-24 1.115723e-23 
6.140000e-01 6.038749e-24 5.017156e-24 1.105591e-23 
6.160000e-01 5.987615e-24 4.965118e-24 1.095273e-23 
6.180000e-01 5.936004e-24 4.913933e-24 1.084994e-23 
6.200000e-01 5.883389e-24 4.862727e-24 1.074612e-23 
6.220000e-01 5.830214e-24 4.811703e-24 1.064192e-23 
6.240000e-01 5.776899e-24 4.763810e-24 1.054071e-23 
6.260000e-01 5.725192e-24 4.717460e-24 1.044265e-23 
6.280000e-01 5.669403e-24 4.668309e-24 1.033771e-23 
6.300000e-01 5.614991e-24 4.620907e-24 1.023590e-23 
6.320000e-01 5.559995e-24 4.572633e-24 1.013263e-23 
6.340000e-01 5.505956e-24 4.524778e-24 1.003073e-23 
6.360000e-01 5.450370e-24 4.477145e-24 9.927515e-24 
6.380000e-01 5.394288e-24 4.432463e-24 9.826751e-24 
6.400000e-01 5.337389e-24 4.386895e-24 9.724283e-24 
6.420000e-01 5.280398e-24 4.342376e-24 9.622773e-24 
6.440000e-01 5.420296e-24 4.299954e-24 9.720250e-24 
6.460000e-01 5.166372e-24 4.260278e-24 9.426650e-24 
6.480000e-01 5.108330e-24 4.220380e-24 9.328710e-24 
6.500000e-01 5.049707e-24 4.180905e-24 9.230612e-24 
6.520000e-01 4.990498e-24 4.139133e-24 9.129631e-24 
6.540000e-01 4.931252e-24 4.096368e-24 9.027620e-24 
6.560000e-01 4.870783e-24 4.053444e-24 8.924227e-24 
6.580000e-01 4.809578e-24 4.011172e-24 8.820751e-24 
6.600000e-01 4.750250e-24 3.971916e-24 8.722166e-24 
6.620000e-01 4.685632e-24 3.933101e-24 8.618733e-24 
6.640000e-01 4.622390e-24 3.894512e-24 8.516902e-24 
6.660000e-01 4.558187e-24 3.856088e-24 8.414275e-24 
6.680000e-01 4.493476e-24 3.818232e-24 8.311708e-24 
6.700000e-01 4.427988e-24 3.780091e-24 8.208078e-24 
6.720000e-01 4.362251e-24 3.742176e-24 8.104427e-24 
6.740000e-01 4.294854e-24 3.705243e-24 8.000096e-24 
6.760000e-01 4.225793e-24 3.669148e-24 7.894940e-24 
6.780000e-01 4.155932e-24 3.633691e-24 7.789623e-24 
6.800000e-01 4.085001e-24 3.598674e-24 7.683675e-24 
6.820000e-01 4.010918e-24 3.564239e-24 7.575157e-24 
6.840000e-01 3.935008e-24 3.530484e-24 7.465492e-24 
6.860000e-01 3.856597e-24 3.496485e-24 7.353082e-24 
6.880000e-01 3.773653e-24 3.462823e-24 7.236476e-24 
6.900000e-01 3.688038e-24 3.429454e-24 7.117492e-24 
6.920000e-01 3.595949e-24 3.397063e-24 6.993012e-24 
6.940000e-01 3.494800e-24 3.364878e-24 6.859679e-24 
6.960000e-01 3.387548e-24 3.333002e-24 6.720550e-24 
6.980000e-01 3.260626e-24 3.300785e-24 6.561411e-24 
7.000000e-01 3.093307e-24 3.269251e-24 6.362558e-24 
7.020000e-01 2.905337e-24 3.237615e-24 6.142952e-24 
7.040000e-01 2.714956e-24 3.206511e-24 5.921467e-24 
7.060000e-01 2.617922e-24 3.175660e-24 5.793583e-24 
7.080000e-01 2.602276e-24 3.146047e-24 5.748323e-24 
7.100000e-01 2.754401e-24 3.115873e-24 5.870274e-24 
7.120000e-01 2.949976e-24 3.085924e-24 6.035900e-24 
7.140000e-01 3.220400e-24 3.056693e-24 6.277093e-24 
7.160000e-01 3.388399e-24 3.028218e-24 6.416617e-24 
7.180000e-01 3.521409e-24 2.999541e-24 6.520950e-24 
7.200000e-01 3.595074e-24 2.971543e-24 6.566616e-24 
7.220000e-01 3.647401e-24 2.943713e-24 6.591113e-24 
7.240000e-01 3.690186e-24 2.917241e-24 6.607428e-24 
7.260000e-01 3.720319e-24 2.890601e-24 6.610921e-24 
7.280000e-01 3.744195e-24 2.864144e-24 6.608339e-24 
7.300000e-01 3.764000e-24 2.837996e-24 6.601996e-24 
7.320000e-01 3.775300e-24 2.811704e-24 6.587004e-24 
7.340000e-01 3.784922e-24 2.785036e-24 6.569959e-24 
7.360000e-01 3.791218e-24 2.758928e-24 6.550146e-24 
7.380000e-01 3.793926e-24 2.732741e-24 6.526667e-24 
7.400000e-01 3.795210e-24 2.707071e-24 6.502280e-24 
7.420000e-01 3.792619e-24 2.682011e-24 6.474630e-24 
7.440000e-01 3.789401e-24 2.657434e-24 6.446835e-24 
7.460000e-01 3.784301e-24 2.632877e-24 6.417178e-24 
7.480000e-01 3.777996e-24 2.609075e-24 6.387070e-24 
7.500000e-01 3.769850e-24 2.585504e-24 6.355353e-24 
7.520000e-01 3.760838e-24 2.562843e-24 6.323681e-24 
7.540000e-01 3.750149e-24 2.539238e-24 6.289387e-24 
7.560000e-01 3.738335e-24 2.519404e-24 6.257739e-24 
7.580000e-01 3.726579e-24 2.494450e-24 6.221030e-24 
7.600000e-01 3.714128e-24 2.472634e-24 6.186762e-24 
7.620000e-01 3.700298e-24 2.451091e-24 6.151389e-24 
7.640000e-01 3.685815e-24 2.429783e-24 6.115598e-24 
7.660000e-01 3.670428e-24 2.408569e-24 6.078997e-24 
7.680000e-01 3.654962e-24 2.388012e-24 6.042975e-24 
7.700000e-01 3.639944e-24 2.367236e-24 6.007180e-24 
7.720000e-01 3.623214e-24 2.346980e-24 5.970194e-24 
7.740000e-01 3.606423e-24 2.327517e-24 5.933941e-24 
7.760000e-01 3.587933e-24 2.305542e-24 5.893476e-24 
7.780000e-01 3.569843e-24 2.285211e-24 5.855054e-24 
7.800000e-01 3.551434e-24 2.265472e-24 5.816906e-24 
7.820000e-01 3.532854e-24 2.244868e-24 5.777722e-24 
7.840000e-01 3.513706e-24 2.225441e-24 5.739147e-24 
7.860000e-01 3.493809e-24 2.205402e-24 5.699211e-24 
7.880000e-01 3.474114e-24 2.186389e-24 5.660502e-24 
7.900000e-01 3.453837e-24 2.167709e-24 5.621546e-24 
7.920000e-01 3.432994e-24 2.148791e-24 5.581785e-24 
7.940000e-01 3.411648e-24 2.130619e-24 5.542267e-24 
7.960000e-01 3.388001e-24 2.112886e-24 5.500887e-24 
7.980000e-01 3.365631e-24 2.094751e-24 5.460382e-24 
8.000000e-01 3.343547e-24 2.076792e-24 5.420339e-24 
8.020000e-01 3.323581e-24 2.059763e-24 5.383344e-24 
8.040000e-01 3.303926e-24 2.042699e-24 5.346625e-24 
8.060000e-01 3.284822e-24 2.025397e-24 5.310219e-24 
8.080000e-01 3.265661e-24 2.008571e-24 5.274232e-24 
8.100000e-01 3.246513e-24 1.991597e-24 5.238110e-24 
8.120000e-01 3.228339e-24 1.974402e-24 5.202741e-24 
8.140000e-01 3.210825e-24 1.957213e-24 5.168038e-24 
8.160000e-01 3.193448e-24 1.940307e-24 5.133755e-24 
8.180000e-01 3.175932e-24 1.923271e-24 5.099203e-24 
8.200000e-01 3.158190e-24 1.907333e-24 5.065523e-24 
8.220000e-01 3.141133e-24 1.892136e-24 5.033269e-24 
8.240000e-01 3.124131e-24 1.877111e-24 5.001242e-24 
8.260000e-01 3.107393e-24 1.862226e-24 4.969620e-24 
8.280000e-01 3.090453e-24 1.847174e-24 4.937628e-24 
8.300000e-01 3.073875e-24 1.832114e-24 4.905988e-24 
8.320000e-01 3.057762e-24 1.816860e-24 4.874622e-24 
8.340000e-01 3.041460e-24 1.801753e-24 4.843213e-24 
8.360000e-01 3.025880e-24 1.786766e-24 4.812645e-24 
8.380000e-01 3.010109e-24 1.771790e-24 4.781900e-24 
8.400000e-01 2.994946e-24 1.757415e-24 4.752362e-24 
8.420000e-01 2.979748e-24 1.743459e-24 4.723208e-24 
8.440000e-01 2.965059e-24 1.729426e-24 4.694485e-24 
8.460000e-01 2.950101e-24 1.714911e-24 4.665012e-24 
8.480000e-01 2.919402e-24 1.701075e-24 4.620477e-24 
8.500000e-01 2.921685e-24 1.687657e-24 4.609342e-24 
8.520000e-01 2.907501e-24 1.674279e-24 4.581781e-24 
8.540000e-01 2.893709e-24 1.661228e-24 4.554938e-24 
8.560000e-01 2.879284e-24 1.647853e-24 4.527137e-24 
8.580000e-01 2.865225e-24 1.634826e-24 4.500050e-24 
8.600000e-01 2.851108e-24 1.620885e-24 4.471992e-24 
8.620000e-01 2.837006e-24 1.607642e-24 4.444648e-24 
8.640000e-01 2.822919e-24 1.594081e-24 4.417001e-24 
8.660000e-01 2.808828e-24 1.580886e-24 4.389714e-24 
8.680000e-01 2.794013e-24 1.567775e-24 4.361788e-24 
8.700000e-01 2.779379e-24 1.554940e-24 4.334319e-24 
8.720000e-01 2.764896e-24 1.542158e-24 4.307054e-24 
8.740000e-01 2.749541e-24 1.529960e-24 4.279501e-24 
8.760000e-01 2.733787e-24 1.517340e-24 4.251127e-24 
8.780000e-01 2.718376e-24 1.505259e-24 4.223635e-24 
8.800000e-01 2.702702e-24 1.494050e-24 4.196752e-24 
8.820000e-01 2.687109e-24 1.483152e-24 4.170262e-24 
8.840000e-01 2.672184e-24 1.472147e-24 4.144330e-24 
8.860000e-01 2.656298e-24 1.461020e-24 4.117317e-24 
8.880000e-01 2.640772e-24 1.450062e-24 4.090833e-24 
8.900000e-01 2.624745e-24 1.438769e-24 4.063514e-24 
8.920000e-01 2.595295e-24 1.427536e-24 4.022831e-24 
8.940000e-01 2.579391e-24 1.416687e-24 3.996078e-24 
8.960000e-01 2.564090e-24 1.406510e-24 3.970599e-24 
8.980000e-01 2.548670e-24 1.394723e-24 3.943393e-24 
9.000000e-01 2.533260e-24 1.383322e-24 3.916581e-24 
9.020000e-01 2.517621e-24 1.364424e-24 3.882045e-24 
9.040000e-01 2.502064e-24 1.353381e-24 3.855445e-24 
9.060000e-01 2.486986e-24 1.342159e-24 3.829146e-24 
9.080000e-01 2.471900e-24 1.331128e-24 3.803028e-24 
9.100000e-01 2.456650e-24 1.355350e-24 3.812000e-24 
9.120000e-01 2.442024e-24 1.311271e-24 3.753295e-24 
9.140000e-01 2.426712e-24 1.301255e-24 3.727967e-24 
9.160000e-01 2.411777e-24 1.291668e-24 3.703445e-24 
9.180000e-01 2.396840e-24 1.282345e-24 3.679185e-24 
9.200000e-01 2.381709e-24 1.272133e-24 3.653842e-24 
9.220000e-01 2.366859e-24 1.261819e-24 3.628677e-24 
9.240000e-01 2.352225e-24 1.251819e-24 3.604044e-24 
9.260000e-01 2.337309e-24 1.241931e-24 3.579240e-24 
9.280000e-01 2.319683e-24 1.232306e-24 3.551989e-24 
9.300000e-01 2.307990e-24 1.222403e-24 3.530394e-24 
9.320000e-01 2.293588e-24 1.213589e-24 3.507177e-24 
9.340000e-01 2.279176e-24 1.204985e-24 3.484161e-24 
9.360000e-01 2.264774e-24 1.196573e-24 3.461347e-24 
9.380000e-01 2.250819e-24 1.187733e-24 3.438552e-24 
9.400000e-01 2.236635e-24 1.179451e-24 3.416087e-24 
9.420000e-01 2.223542e-24 1.170787e-24 3.394329e-24 
9.440000e-01 2.208601e-24 1.162059e-24 3.370660e-24 
9.460000e-01 2.194858e-24 1.153861e-24 3.348719e-24 
9.480000e-01 2.181233e-24 1.144765e-24 3.325999e-24 
9.500000e-01 2.167509e-24 1.136308e-24 3.303817e-24 
9.520000e-01 2.153664e-24 1.127661e-24 3.281326e-24 
9.540000e-01 2.140088e-24 1.119512e-24 3.259600e-24 
9.560000e-01 2.126762e-24 1.111356e-24 3.238118e-24 
9.580000e-01 2.113135e-24 1.103026e-24 3.216161e-24 
9.600000e-01 2.099649e-24 1.094804e-24 3.194452e-24 
9.620000e-01 2.086343e-24 1.086660e-24 3.173003e-24 
9.640000e-01 2.072924e-24 1.078582e-24 3.151507e-24 
9.660000e-01 2.059781e-24 1.069967e-24 3.129748e-24 
9.680000e-01 2.046874e-24 1.061785e-24 3.108660e-24 
9.700000e-01 2.033811e-24 1.053353e-24 3.087164e-24 
9.720000e-01 2.020951e-24 1.045101e-24 3.066052e-24 
9.740000e-01 2.008268e-24 1.037365e-24 3.045632e-24 
9.760000e-01 1.995789e-24 1.030210e-24 3.025999e-24 
9.780000e-01 1.983227e-24 1.022669e-24 3.005896e-24 
9.800000e-01 1.970536e-24 1.015588e-24 2.986124e-24 
9.820000e-01 1.958332e-24 1.008493e-24 2.966824e-24 
9.840000e-01 1.945676e-24 1.001463e-24 2.947139e-24 
9.860000e-01 1.933576e-24 9.941246e-25 2.927700e-24 
9.880000e-01 1.921989e-24 9.866070e-25 2.908596e-24 
9.900000e-01 1.909202e-24 9.792077e-25 2.888410e-24 
9.920000e-01 1.897147e-24 9.716362e-25 2.868783e-24 
9.940000e-01 1.885015e-24 9.644785e-25 2.849494e-24 
9.960000e-01 1.875818e-24 9.571383e-25 2.832956e-24 
9.980000e-01 1.861458e-24 9.515599e-25 2.813018e-24 
1.000000e+00 1.849522e-24 9.462384e-25 2.795760e-24 
1.002000e+00 1.838007e-24 9.398091e-25 2.777816e-24 
1.004000e+00 1.826636e-24 9.335188e-25 2.760155e-24 
1.006000e+00 1.815172e-24 9.273031e-25 2.742476e-24 
1.008000e+00 1.803964e-24 9.210218e-25 2.724986e-24 
1.010000e+00 1.792243e-24 9.148872e-25 2.707131e-24 
1.012000e+00 1.780911e-24 9.086551e-25 2.689567e-24 
1.014000e+00 1.770005e-24 9.024278e-25 2.672433e-24 
1.016000e+00 1.757814e-24 8.964905e-25 2.654305e-24 
1.018000e+00 1.747840e-24 8.902715e-25 2.638112e-24 
1.020000e+00 1.736921e-24 8.843111e-25 2.621232e-24 
1.022000e+00 1.726095e-24 8.781763e-25 2.604271e-24 
1.024000e+00 1.715410e-24 8.721457e-25 2.587556e-24 
1.026000e+00 1.704656e-24 8.664376e-25 2.571093e-24 
1.028000e+00 1.694070e-24 8.609105e-25 2.554981e-24 
1.030000e+00 1.683135e-24 8.552419e-25 2.538377e-24 
1.032000e+00 1.672659e-24 8.494280e-25 2.522087e-24 
1.034000e+00 1.662251e-24 8.436102e-25 2.505861e-24 
1.036000e+00 1.651391e-24 8.387533e-25 2.490144e-24 
1.038000e+00 1.640823e-24 8.323392e-25 2.473163e-24 
1.040000e+00 1.630467e-24 8.269014e-25 2.457368e-24 
1.042000e+00 1.620363e-24 8.211764e-25 2.441539e-24 
1.044000e+00 1.610252e-24 8.158166e-25 2.426069e-24 
1.046000e+00 1.594780e-24 8.103119e-25 2.405092e-24 
1.048000e+00 1.590326e-24 8.050187e-25 2.395345e-24 
1.050000e+00 1.580359e-24 7.997732e-25 2.380133e-24 
1.052000e+00 1.570485e-24 7.946054e-25 2.365090e-24 
1.054000e+00 1.560905e-24 7.894528e-25 2.350358e-24 
1.056000e+00 1.551098e-24 7.845386e-25 2.335637e-24 
1.058000e+00 1.541245e-24 7.794274e-25 2.320672e-24 
1.060000e+00 1.531796e-24 7.742676e-25 2.306064e-24 
1.062000e+00 1.522287e-24 7.694656e-25 2.291753e-24 
1.064000e+00 1.512767e-24 7.643565e-25 2.277124e-24 
1.066000e+00 1.503426e-24 7.594373e-25 2.262864e-24 
1.068000e+00 1.493829e-24 7.542897e-25 2.248119e-24 
1.070000e+00 1.484288e-24 7.493447e-25 2.233633e-24 
1.072000e+00 1.475082e-24 7.444211e-25 2.219503e-24 
1.074000e+00 1.465732e-24 7.396897e-25 2.205422e-24 
1.076000e+00 1.456566e-24 7.349694e-25 2.191535e-24 
1.078000e+00 1.447526e-24 7.302866e-25 2.177813e-24 
1.080000e+00 1.438513e-24 7.256158e-25 2.164129e-24 
1.082000e+00 1.429483e-24 7.209884e-25 2.150471e-24 
1.084000e+00 1.420321e-24 7.164611e-25 2.136782e-24 
1.086000e+00 1.413594e-24 7.118496e-25 2.125443e-24 
1.088000e+00 1.406550e-24 7.074457e-25 2.113996e-24 
1.090000e+00 1.394270e-24 7.028519e-25 2.097122e-24 
1.092000e+00 1.385807e-24 6.982995e-25 2.084107e-24 
1.094000e+00 1.377044e-24 6.925111e-25 2.069555e-24 
1.096000e+00 1.364742e-24 6.893683e-25 2.054110e-24 
1.098000e+00 1.360411e-24 6.850721e-25 2.045483e-24 
1.100000e+00 1.352131e-24 6.809333e-25 2.033065e-24 
1.102000e+00 1.343839e-24 6.767795e-25 2.020618e-24 
1.104000e+00 1.335299e-24 6.724451e-25 2.007744e-24 
1.106000e+00 1.326702e-24 6.685746e-25 1.995276e-24 
1.108000e+00 1.318814e-24 6.644004e-25 1.983215e-24 
1.110000e+00 1.310567e-24 6.601250e-25 1.970692e-24 
1.112000e+00 1.302374e-24 6.557751e-25 1.958150e-24 
1.114000e+00 1.294287e-24 6.514954e-25 1.945782e-24 
1.116000e+00 1.286193e-24 6.474043e-25 1.933597e-24 
1.118000e+00 1.278155e-24 6.432733e-25 1.921428e-24 
1.120000e+00 1.269996e-24 6.392713e-25 1.909267e-24 
1.122000e+00 1.262521e-24 6.351588e-25 1.897679e-24 
1.124000e+00 1.254526e-24 6.314880e-25 1.886014e-24 
1.126000e+00 1.246901e-24 6.276258e-25 1.874527e-24 
1.128000e+00 1.239108e-24 6.237987e-25 1.862906e-24 
1.130000e+00 1.231379e-24 6.200876e-25 1.851467e-24 
1.132000e+00 1.223811e-24 6.175672e-25 1.841379e-24 
1.134000e+00 1.216409e-24 6.127637e-25 1.829173e-24 
1.136000e+00 1.209092e-24 6.088436e-25 1.817936e-24 
1.138000e+00 1.201908e-24 6.052634e-25 1.807171e-24 
1.140000e+00 1.194507e-24 6.016259e-25 1.796133e-24 
1.142000e+00 1.186923e-24 5.978409e-25 1.784764e-24 
1.144000e+00 1.179750e-24 5.943677e-25 1.774117e-24 
1.146000e+00 1.172526e-24 5.908491e-25 1.763375e-24 
1.148000e+00 1.165284e-24 5.872063e-25 1.752490e-24 
1.150000e+00 1.158163e-24 5.835883e-25 1.741751e-24 
1.152000e+00 1.151241e-24 5.803000e-25 1.731541e-24 
1.154000e+00 1.144094e-24 5.767729e-25 1.720866e-24 
1.156000e+00 1.137051e-24 5.732631e-25 1.710314e-24 
1.158000e+00 1.129964e-24 5.696360e-25 1.699600e-24 
1.160000e+00 1.123041e-24 5.662373e-25 1.689278e-24 
1.162000e+00 1.115934e-24 5.628169e-25 1.678751e-24 
1.164000e+00 1.109295e-24 5.595049e-25 1.668800e-24 
1.166000e+00 1.102297e-24 5.562055e-25 1.658503e-24 
1.168000e+00 1.095566e-24 5.528391e-25 1.648405e-24 
1.170000e+00 1.088923e-24 5.494721e-25 1.638395e-24 
1.172000e+00 1.082062e-24 5.461611e-25 1.628223e-24 
1.174000e+00 1.075662e-24 5.428579e-25 1.618520e-24 
1.176000e+00 1.068942e-24 5.397705e-25 1.608713e-24 
1.178000e+00 1.062271e-24 5.365348e-25 1.598806e-24 
1.180000e+00 1.056135e-24 5.334724e-25 1.589607e-24 
1.182000e+00 1.049421e-24 5.305776e-25 1.579998e-24 
1.184000e+00 1.042852e-24 5.274550e-25 1.570307e-24 
1.186000e+00 1.036630e-24 5.243506e-25 1.560981e-24 
1.188000e+00 1.033330e-24 5.212230e-25 1.554553e-24 
1.190000e+00 1.024149e-24 5.183995e-25 1.542549e-24 
1.192000e+00 1.017933e-24 5.132461e-25 1.531179e-24 
1.194000e+00 1.011698e-24 5.123502e-25 1.524048e-24 
1.196000e+00 1.005225e-24 5.091464e-25 1.514371e-24 
1.198000e+00 9.989975e-25 5.062666e-25 1.505264e-24 
1.200000e+00 9.926678e-25 5.030929e-25 1.495761e-24 
1.202000e+00 9.858677e-25 5.001605e-25 1.486028e-24 
1.204000e+00 9.802449e-25 4.972206e-25 1.477466e-24 
1.206000e+00 9.743074e-25 4.944975e-25 1.468805e-24 
1.208000e+00 9.690412e-25 4.916058e-25 1.460647e-24 
1.210000e+00 9.621446e-25 4.888463e-25 1.450991e-24 
1.212000e+00 9.562311e-25 4.859275e-25 1.442159e-24 
1.214000e+00 9.503306e-25 4.833026e-25 1.433633e-24 
1.216000e+00 9.444352e-25 4.806401e-25 1.425075e-24 
1.218000e+00 9.385264e-25 4.777542e-25 1.416281e-24 
1.220000e+00 9.326018e-25 4.749581e-25 1.407560e-24 
1.222000e+00 9.267122e-25 4.723179e-25 1.399030e-24 
1.224000e+00 9.209918e-25 4.697030e-25 1.390695e-24 
1.226000e+00 9.170677e-25 4.670134e-25 1.384081e-24 
1.228000e+00 9.094755e-25 4.654111e-25 1.374887e-24 
1.230000e+00 9.038970e-25 4.616055e-25 1.365503e-24 
1.232000e+00 8.983341e-25 4.594850e-25 1.357819e-24 
1.234000e+00 8.880206e-25 4.566164e-25 1.344637e-24 
1.236000e+00 8.868471e-25 4.540886e-25 1.340936e-24 
1.238000e+00 8.811237e-25 4.515412e-25 1.332665e-24 
1.240000e+00 8.753466e-25 4.490425e-25 1.324389e-24 
1.242000e+00 8.698637e-25 4.464425e-25 1.316306e-24 
1.244000e+00 8.640115e-25 4.440238e-25 1.308035e-24 
1.246000e+00 8.581576e-25 4.414746e-25 1.299632e-24 
1.248000e+00 8.523075e-25 4.389590e-25 1.291266e-24 
1.250000e+00 8.467105e-25 4.365063e-25 1.283217e-24 
1.252000e+00 8.413009e-25 4.341405e-25 1.275441e-24 
1.254000e+00 8.357610e-25 4.316174e-25 1.267378e-24 
1.256000e+00 8.298779e-25 4.291997e-25 1.259078e-24 
1.258000e+00 8.243017e-25 4.266533e-25 1.250955e-24 
1.260000e+00 8.188393e-25 4.243165e-25 1.243156e-24 
1.262000e+00 8.129182e-25 4.219626e-25 1.234881e-24 
1.264000e+00 8.074663e-25 4.199609e-25 1.227427e-24 
1.266000e+00 8.018041e-25 4.174513e-25 1.219255e-24 
1.268000e+00 7.957865e-25 4.152136e-25 1.211000e-24 
1.270000e+00 7.901565e-25 4.130039e-25 1.203160e-24 
1.272000e+00 7.843577e-25 4.107096e-25 1.195067e-24 
1.274000e+00 7.782520e-25 4.084934e-25 1.186745e-24 
1.276000e+00 7.724366e-25 4.063227e-25 1.178759e-24 
1.278000e+00 7.661648e-25 4.040673e-25 1.170232e-24 
1.280000e+00 7.600338e-25 4.019397e-25 1.161973e-24 
1.282000e+00 7.535968e-25 3.996881e-25 1.153285e-24 
1.284000e+00 7.465976e-25 3.974626e-25 1.144060e-24 
1.286000e+00 7.394950e-25 3.951908e-25 1.134686e-24 
1.288000e+00 7.315968e-25 3.929611e-25 1.124558e-24 
1.290000e+00 7.219362e-25 3.908544e-25 1.112791e-24 
1.292000e+00 7.123692e-25 3.887641e-25 1.101133e-24 
1.294000e+00 7.036262e-25 3.865094e-25 1.090136e-24 
1.296000e+00 6.954536e-25 3.844626e-25 1.079916e-24 
1.298000e+00 6.869711e-25 3.823965e-25 1.069368e-24 
1.300000e+00 6.831014e-25 3.802871e-25 1.063389e-24 
1.302000e+00 6.801001e-25 3.782664e-25 1.058366e-24 
1.304000e+00 6.773472e-25 3.762227e-25 1.053570e-24 
1.306000e+00 6.783358e-25 3.742408e-25 1.052577e-24 
1.308000e+00 6.800433e-25 3.722071e-25 1.052250e-24 
1.310000e+00 6.822064e-25 3.701422e-25 1.052349e-24 
1.312000e+00 6.843798e-25 3.682125e-25 1.052592e-24 
1.314000e+00 6.868741e-25 3.663024e-25 1.053176e-24 
1.316000e+00 6.894925e-25 3.642712e-25 1.053764e-24 
1.318000e+00 6.896013e-25 3.622767e-25 1.051878e-24 
1.320000e+00 6.898062e-25 3.604139e-25 1.050220e-24 
1.322000e+00 6.898465e-25 3.578442e-25 1.047691e-24 
1.324000e+00 6.885178e-25 3.567395e-25 1.045257e-24 
1.326000e+00 6.874899e-25 3.548786e-25 1.042369e-24 
1.328000e+00 6.862179e-25 3.531138e-25 1.039332e-24 
1.330000e+00 6.844316e-25 3.489671e-25 1.033399e-24 
1.332000e+00 6.825836e-25 3.494556e-25 1.032039e-24 
1.334000e+00 6.808721e-25 3.476665e-25 1.028539e-24 
1.336000e+00 6.785159e-25 3.457945e-25 1.024310e-24 
1.338000e+00 6.763535e-25 3.439275e-25 1.020281e-24 
1.340000e+00 6.741129e-25 3.422583e-25 1.016371e-24 
1.342000e+00 6.715046e-25 3.403169e-25 1.011821e-24 
1.344000e+00 6.693200e-25 3.385063e-25 1.007826e-24 
1.346000e+00 6.668608e-25 3.366034e-25 1.003464e-24 
1.348000e+00 6.642391e-25 3.349945e-25 9.992336e-25 
1.350000e+00 6.617207e-25 3.333802e-25 9.951009e-25 
1.352000e+00 6.595319e-25 3.315475e-25 9.910794e-25 
1.354000e+00 6.568742e-25 3.298415e-25 9.867156e-25 
1.356000e+00 6.542219e-25 3.282199e-25 9.824418e-25 
1.358000e+00 6.517383e-25 3.264361e-25 9.781744e-25 
1.360000e+00 6.491810e-25 3.246924e-25 9.738734e-25 
1.362000e+00 6.467108e-25 3.229740e-25 9.696848e-25 
1.364000e+00 6.440482e-25 3.214653e-25 9.655135e-25 
1.366000e+00 6.415361e-25 3.197303e-25 9.612664e-25 
1.368000e+00 6.388963e-25 3.181482e-25 9.570445e-25 
1.370000e+00 6.360785e-25 3.165228e-25 9.526013e-25 
1.372000e+00 6.334758e-25 3.149503e-25 9.484262e-25 
1.374000e+00 6.308899e-25 3.131844e-25 9.440743e-25 
1.376000e+00 6.283368e-25 3.116841e-25 9.400209e-25 
1.378000e+00 6.257268e-25 3.100554e-25 9.357822e-25 
1.380000e+00 6.232888e-25 3.084510e-25 9.317398e-25 
1.382000e+00 6.207913e-25 3.069678e-25 9.277591e-25 
1.384000e+00 6.180256e-25 3.054841e-25 9.235098e-25 
1.386000e+00 6.152801e-25 3.038309e-25 9.191110e-25 
1.388000e+00 6.124864e-25 3.023053e-25 9.147917e-25 
1.390000e+00 6.099082e-25 3.008105e-25 9.107186e-25 
1.392000e+00 6.070800e-25 2.992911e-25 9.063712e-25 
1.394000e+00 6.045467e-25 2.977600e-25 9.023068e-25 
1.396000e+00 6.018529e-25 2.962034e-25 8.980563e-25 
1.398000e+00 5.991157e-25 2.946944e-25 8.938101e-25 
1.400000e+00 5.964427e-25 2.922445e-25 8.886872e-25 
1.402000e+00 5.937306e-25 2.917712e-25 8.855018e-25 
1.404000e+00 5.912772e-25 2.903321e-25 8.816093e-25 
1.406000e+00 5.886559e-25 2.877122e-25 8.763681e-25 
1.408000e+00 5.859000e-25 2.872558e-25 8.731557e-25 
1.410000e+00 5.869328e-25 2.874986e-25 8.744314e-25 
1.412000e+00 5.806923e-25 2.843848e-25 8.650771e-25 
1.414000e+00 5.783517e-25 2.830756e-25 8.614273e-25 
1.416000e+00 5.757192e-25 2.817474e-25 8.574666e-25 
1.418000e+00 5.747983e-25 2.803582e-25 8.551565e-25 
1.420000e+00 5.706022e-25 2.789622e-25 8.495644e-25 
1.422000e+00 5.680750e-25 2.776340e-25 8.457090e-25 
1.424000e+00 5.656526e-25 2.763059e-25 8.419585e-25 
1.426000e+00 5.632053e-25 2.749895e-25 8.381948e-25 
1.428000e+00 5.606362e-25 2.736404e-25 8.342766e-25 
1.430000e+00 5.579142e-25 2.723672e-25 8.302813e-25 
1.432000e+00 5.556204e-25 2.711069e-25 8.267273e-25 
1.434000e+00 5.531142e-25 2.697100e-25 8.228241e-25 
1.436000e+00 5.507912e-25 2.684637e-25 8.192548e-25 
1.438000e+00 5.483943e-25 2.671115e-25 8.155058e-25 
1.440000e+00 5.459760e-25 2.657786e-25 8.117546e-25 
1.442000e+00 5.434739e-25 2.644441e-25 8.079180e-25 
1.444000e+00 5.409913e-25 2.631482e-25 8.041395e-25 
1.446000e+00 5.383795e-25 2.618525e-25 8.002320e-25 
1.448000e+00 5.360393e-25 2.605349e-25 7.965742e-25 
1.450000e+00 5.335527e-25 2.593418e-25 7.928945e-25 
1.452000e+00 5.309837e-25 2.582167e-25 7.892004e-25 
1.454000e+00 5.286358e-25 2.568822e-25 7.855179e-25 
1.456000e+00 5.262804e-25 2.556151e-25 7.818955e-25 
1.458000e+00 5.238557e-25 2.543607e-25 7.782164e-25 
1.460000e+00 5.215837e-25 2.533047e-25 7.748884e-25 
1.462000e+00 5.192254e-25 2.518408e-25 7.710662e-25 
1.464000e+00 5.167785e-25 2.507548e-25 7.675333e-25 
1.466000e+00 5.145272e-25 2.495612e-25 7.640885e-25 
1.468000e+00 5.123177e-25 2.483688e-25 7.606865e-25 
1.470000e+00 5.101035e-25 2.472839e-25 7.573875e-25 
1.472000e+00 5.076718e-25 2.459643e-25 7.536361e-25 
1.474000e+00 5.056082e-25 2.449632e-25 7.505715e-25 
1.476000e+00 5.032357e-25 2.437326e-25 7.469683e-25 
1.478000e+00 5.009226e-25 2.425775e-25 7.435001e-25 
1.480000e+00 4.988998e-25 2.415038e-25 7.404035e-25 
1.482000e+00 4.965492e-25 2.402793e-25 7.368285e-25 
1.484000e+00 4.945276e-25 2.391691e-25 7.336967e-25 
1.486000e+00 4.923260e-25 2.380667e-25 7.303927e-25 
1.488000e+00 4.899667e-25 2.369191e-25 7.268859e-25 
1.490000e+00 4.878716e-25 2.360301e-25 7.239016e-25 
1.492000e+00 4.856057e-25 2.349783e-25 7.205841e-25 
1.494000e+00 4.833875e-25 2.337823e-25 7.171699e-25 
1.496000e+00 4.811461e-25 2.326719e-25 7.138180e-25 
1.498000e+00 4.790931e-25 2.315740e-25 7.106671e-25 
1.500000e+00 4.770264e-25 2.305504e-25 7.075769e-25 
1.502000e+00 4.746940e-25 2.294172e-25 7.041112e-25 
1.504000e+00 4.727006e-25 2.282712e-25 7.009718e-25 
1.506000e+00 4.703023e-25 2.270417e-25 6.973441e-25 
1.508000e+00 4.681824e-25 2.259772e-25 6.941595e-25 
1.510000e+00 4.664040e-25 2.248857e-25 6.912897e-25 
1.512000e+00 4.638587e-25 2.240181e-25 6.878768e-25 
1.514000e+00 4.621057e-25 2.228456e-25 6.849512e-25 
1.516000e+00 4.597760e-25 2.218792e-25 6.816552e-25 
1.518000e+00 4.576641e-25 2.208080e-25 6.784720e-25 
1.520000e+00 4.556776e-25 2.197727e-25 6.754503e-25 
1.522000e+00 4.535743e-25 2.188978e-25 6.724721e-25 
1.524000e+00 4.515371e-25 2.178030e-25 6.693401e-25 
1.526000e+00 4.493877e-25 2.167935e-25 6.661812e-25 
1.528000e+00 4.475383e-25 2.159436e-25 6.634819e-25 
1.530000e+00 4.454961e-25 2.149292e-25 6.604253e-25 
1.532000e+00 4.437221e-25 2.139134e-25 6.576355e-25 
1.534000e+00 4.416293e-25 2.129363e-25 6.545655e-25 
1.536000e+00 4.387981e-25 2.120204e-25 6.508185e-25 
1.538000e+00 4.378548e-25 2.110566e-25 6.489113e-25 
1.540000e+00 4.359119e-25 2.100059e-25 6.459178e-25 
1.542000e+00 4.338701e-25 2.091528e-25 6.430229e-25 
1.544000e+00 4.320164e-25 2.081760e-25 6.401923e-25 
1.546000e+00 4.300948e-25 2.072044e-25 6.372992e-25 
1.548000e+00 4.282375e-25 2.062394e-25 6.344769e-25 
1.550000e+00 4.262881e-25 2.053626e-25 6.316507e-25 
1.552000e+00 4.242951e-25 2.043449e-25 6.286400e-25 
1.554000e+00 4.223028e-25 2.034546e-25 6.257575e-25 
1.556000e+00 4.208029e-25 2.025522e-25 6.233552e-25 
1.558000e+00 4.185892e-25 2.016118e-25 6.202009e-25 
1.560000e+00 4.167546e-25 2.006881e-25 6.174427e-25 
1.562000e+00 4.148017e-25 1.998367e-25 6.146384e-25 
1.564000e+00 4.126776e-25 1.989050e-25 6.115826e-25 
1.566000e+00 4.108640e-25 1.979961e-25 6.088602e-25 
1.568000e+00 4.091092e-25 1.971004e-25 6.062096e-25 
1.570000e+00 4.071856e-25 1.961455e-25 6.033311e-25 
1.572000e+00 4.054115e-25 1.952402e-25 6.006517e-25 
1.574000e+00 4.036746e-25 1.944843e-25 5.981589e-25 
1.576000e+00 4.019461e-25 1.934676e-25 5.954137e-25 
1.578000e+00 3.999617e-25 1.927606e-25 5.927223e-25 
1.580000e+00 3.981475e-25 1.917895e-25 5.899370e-25 
1.582000e+00 3.963220e-25 1.908839e-25 5.872060e-25 
1.584000e+00 3.945888e-25 1.901276e-25 5.847163e-25 
1.586000e+00 3.928842e-25 1.891764e-25 5.820606e-25 
1.588000e+00 3.922365e-25 1.883948e-25 5.806313e-25 
1.590000e+00 3.893184e-25 1.880722e-25 5.773905e-25 
1.592000e+00 3.877883e-25 1.868204e-25 5.746087e-25 
1.594000e+00 3.860546e-25 1.859727e-25 5.720273e-25 
1.596000e+00 3.845580e-25 1.852055e-25 5.697636e-25 
1.598000e+00 3.827985e-25 1.844532e-25 5.672518e-25 
1.600000e+00 3.811234e-25 1.836048e-25 5.647282e-25 
1.602000e+00 3.793040e-25 1.828745e-25 5.621785e-25 
1.604000e+00 3.777044e-25 1.819445e-25 5.596490e-25 
1.606000e+00 3.761161e-25 1.811281e-25 5.572442e-25 
1.608000e+00 3.744205e-25 1.803441e-25 5.547646e-25 
1.610000e+00 3.727028e-25 1.796162e-25 5.523190e-25 
1.612000e+00 3.709221e-25 1.788238e-25 5.497459e-25 
1.614000e+00 3.693138e-25 1.779249e-25 5.472387e-25 
1.616000e+00 3.675127e-25 1.771656e-25 5.446783e-25 
1.618000e+00 3.658114e-25 1.763700e-25 5.421814e-25 
1.620000e+00 3.641980e-25 1.756024e-25 5.398004e-25 
1.622000e+00 3.626191e-25 1.746822e-25 5.373013e-25 
1.624000e+00 3.608942e-25 1.740812e-25 5.349754e-25 
1.626000e+00 3.593819e-25 1.733232e-25 5.327050e-25 
1.628000e+00 3.577525e-25 1.725368e-25 5.302893e-25 
1.630000e+00 3.562286e-25 1.718403e-25 5.280689e-25 
1.632000e+00 3.547376e-25 1.711827e-25 5.259203e-25 
1.634000e+00 3.531448e-25 1.703482e-25 5.234929e-25 
1.636000e+00 3.516686e-25 1.696581e-25 5.213267e-25 
1.638000e+00 3.499740e-25 1.689166e-25 5.188906e-25 
1.640000e+00 3.485690e-25 1.682883e-25 5.168573e-25 
1.642000e+00 3.469082e-25 1.675392e-25 5.144473e-25 
1.644000e+00 3.454394e-25 1.668966e-25 5.123359e-25 
1.646000e+00 3.439292e-25 1.660684e-25 5.099975e-25 
1.648000e+00 3.423843e-25 1.654449e-25 5.078292e-25 
1.650000e+00 3.408288e-25 1.646400e-25 5.054689e-25 
1.652000e+00 3.391888e-25 1.639913e-25 5.031802e-25 
1.654000e+00 3.377948e-25 1.633505e-25 5.011453e-25 
1.656000e+00 3.362795e-25 1.625608e-25 4.988403e-25 
1.658000e+00 3.347791e-25 1.619934e-25 4.967725e-25 
1.660000e+00 3.334926e-25 1.613300e-25 4.948226e-25 
1.662000e+00 3.320523e-25 1.605821e-25 4.926344e-25 
1.664000e+00 3.306005e-25 1.599468e-25 4.905473e-25 
1.666000e+00 3.289955e-25 1.592347e-25 4.882302e-25 
1.668000e+00 3.275282e-25 1.585813e-25 4.861095e-25 
1.670000e+00 3.261161e-25 1.579216e-25 4.840378e-25 
1.672000e+00 3.247793e-25 1.569047e-25 4.816841e-25 
1.674000e+00 3.233189e-25 1.565806e-25 4.798995e-25 
1.676000e+00 3.217649e-25 1.559601e-25 4.777250e-25 
1.678000e+00 3.203482e-25 1.553497e-25 4.756979e-25 
1.680000e+00 3.187797e-25 1.546143e-25 4.733940e-25 
1.682000e+00 3.173712e-25 1.539106e-25 4.712818e-25 
1.684000e+00 3.159708e-25 1.533815e-25 4.693523e-25 
1.686000e+00 3.146473e-25 1.526391e-25 4.672864e-25 
1.688000e+00 3.132107e-25 1.520679e-25 4.652786e-25 
1.690000e+00 3.118039e-25 1.513159e-25 4.631198e-25 
1.692000e+00 3.103219e-25 1.506922e-25 4.610141e-25 
1.694000e+00 3.090857e-25 1.500358e-25 4.591215e-25 
1.696000e+00 3.076722e-25 1.493609e-25 4.570330e-25 
1.698000e+00 3.062972e-25 1.487984e-25 4.550956e-25 
1.700000e+00 3.049278e-25 1.481046e-25 4.530325e-25 
1.702000e+00 3.036366e-25 1.474554e-25 4.510920e-25 
1.704000e+00 3.022319e-25 1.469686e-25 4.492005e-25 
1.706000e+00 3.009217e-25 1.463314e-25 4.472531e-25 
1.708000e+00 2.994609e-25 1.456754e-25 4.451363e-25 
1.710000e+00 2.982065e-25 1.451055e-25 4.433120e-25 
1.712000e+00 2.953640e-25 1.437062e-25 4.390702e-25 
1.714000e+00 2.938998e-25 1.430580e-25 4.369577e-25 
1.716000e+00 2.926903e-25 1.425647e-25 4.352550e-25 
1.718000e+00 2.913336e-25 1.419031e-25 4.332367e-25 
1.720000e+00 2.900186e-25 1.413808e-25 4.313994e-25 
1.722000e+00 2.869972e-25 1.407640e-25 4.277612e-25 
1.724000e+00 2.874232e-25 1.400946e-25 4.275178e-25 
1.726000e+00 2.861033e-25 1.395868e-25 4.256901e-25 
1.728000e+00 2.847628e-25 1.389006e-25 4.236633e-25 
1.730000e+00 2.834776e-25 1.386440e-25 4.221216e-25 
1.732000e+00 2.822553e-25 1.377705e-25 4.200258e-25 
1.734000e+00 2.808955e-25 1.371061e-25 4.180017e-25 
1.736000e+00 2.797075e-25 1.365966e-25 4.163042e-25 
1.738000e+00 2.784334e-25 1.359696e-25 4.144030e-25 
1.740000e+00 2.551137e-25 1.354700e-25 3.905837e-25 
1.742000e+00 2.536620e-25 1.241419e-25 3.778039e-25 
1.744000e+00 2.523218e-25 1.236034e-25 3.759252e-25 
1.746000e+00 2.511444e-25 1.231081e-25 3.742525e-25 
1.748000e+00 2.497462e-25 1.224852e-25 3.722314e-25 
1.750000e+00 2.484312e-25 1.219066e-25 3.703378e-25 
1.752000e+00 2.472725e-25 1.213449e-25 3.686174e-25 
1.754000e+00 2.458624e-25 1.207461e-25 3.666085e-25 
1.756000e+00 2.446486e-25 1.202145e-25 3.648632e-25 
1.758000e+00 2.432978e-25 1.196478e-25 3.629456e-25 
1.760000e+00 2.420535e-25 1.191011e-25 3.611546e-25 
1.762000e+00 2.406897e-25 1.185186e-25 3.592084e-25 
1.764000e+00 2.395090e-25 1.179503e-25 3.574594e-25 
1.766000e+00 2.381941e-25 1.173492e-25 3.555433e-25 
1.768000e+00 2.369979e-25 1.168488e-25 3.538467e-25 
1.770000e+00 2.357088e-25 1.163110e-25 3.520198e-25 
1.772000e+00 2.344239e-25 1.157486e-25 3.501725e-25 
1.774000e+00 2.331770e-25 1.152430e-25 3.484200e-25 
1.776000e+00 2.318450e-25 1.147102e-25 3.465552e-25 
1.778000e+00 2.305679e-25 1.141162e-25 3.446841e-25 
1.780000e+00 2.292976e-25 1.136545e-25 3.429521e-25 
1.782000e+00 2.280923e-25 1.130361e-25 3.411284e-25 
1.784000e+00 2.267080e-25 1.126354e-25 3.393434e-25 
1.786000e+00 2.256308e-25 1.121631e-25 3.377938e-25 
1.788000e+00 2.242124e-25 1.116370e-25 3.358494e-25 
1.790000e+00 2.231313e-25 1.110590e-25 3.341903e-25 
1.792000e+00 2.218318e-25 1.106729e-25 3.325047e-25 
1.794000e+00 2.204417e-25 1.101503e-25 3.305920e-25 
1.796000e+00 2.193296e-25 1.095661e-25 3.288957e-25 
1.798000e+00 2.181192e-25 1.091057e-25 3.272249e-25 
1.800000e+00 2.167419e-25 1.086985e-25 3.254404e-25 
1.802000e+00 2.154286e-25 1.081235e-25 3.235521e-25 
1.804000e+00 2.140799e-25 1.076139e-25 3.216938e-25 
1.806000e+00 2.127400e-25 1.071746e-25 3.199146e-25 
1.808000e+00 2.112322e-25 1.066046e-25 3.178368e-25 
1.810000e+00 2.100157e-25 1.060678e-25 3.160835e-25 
1.812000e+00 2.085170e-25 1.056719e-25 3.141888e-25 
1.814000e+00 2.066002e-25 1.050817e-25 3.116819e-25 
1.816000e+00 2.055897e-25 1.046284e-25 3.102181e-25 
1.818000e+00 2.039921e-25 1.041946e-25 3.081867e-25 
1.820000e+00 2.024928e-25 1.036546e-25 3.061474e-25 
1.822000e+00 2.009756e-25 1.032696e-25 3.042452e-25 
1.824000e+00 1.990850e-25 1.027549e-25 3.018399e-25 
1.826000e+00 1.971352e-25 1.023764e-25 2.995116e-25 
1.828000e+00 1.953319e-25 1.009278e-25 2.962596e-25 
1.830000e+00 1.933719e-25 1.014751e-25 2.948471e-25 
1.832000e+00 1.919280e-25 1.010106e-25 2.929386e-25 
1.834000e+00 1.904787e-25 1.004693e-25 2.909480e-25 
1.836000e+00 1.889115e-25 1.000604e-25 2.889719e-25 
1.838000e+00 1.876606e-25 9.956730e-26 2.872279e-25 
1.840000e+00 1.869434e-25 9.844728e-26 2.853907e-25 
1.842000e+00 1.862937e-25 9.877410e-26 2.850678e-25 
1.844000e+00 1.857189e-25 9.817622e-26 2.838951e-25 
1.846000e+00 1.852265e-25 9.780258e-26 2.830291e-25 
1.848000e+00 1.854904e-25 9.743076e-26 2.829211e-25 
1.850000e+00 1.857976e-25 9.689389e-26 2.826914e-25 
1.852000e+00 1.862473e-25 9.652717e-26 2.827745e-25 
1.854000e+00 1.864934e-25 9.618344e-26 2.826769e-25 
1.856000e+00 1.867543e-25 9.561906e-26 2.823733e-25 
1.858000e+00 1.870001e-25 9.529107e-26 2.822912e-25 
1.860000e+00 1.871861e-25 9.489656e-26 2.820827e-25 
1.862000e+00 1.875140e-25 9.436002e-26 2.818741e-25 
1.864000e+00 1.871849e-25 9.398835e-26 2.811733e-25 
1.866000e+00 1.868546e-25 9.355915e-26 2.804138e-25 
1.868000e+00 1.866149e-25 9.319280e-26 2.798077e-25 
1.870000e+00 1.862481e-25 9.272341e-26 2.789715e-25 
1.872000e+00 1.859114e-25 9.232246e-26 2.782339e-25 
1.874000e+00 1.853184e-25 9.200707e-26 2.773254e-25 
1.876000e+00 1.848519e-25 9.156438e-26 2.764163e-25 
1.878000e+00 1.844546e-25 9.112194e-26 2.755765e-25 
1.880000e+00 1.839297e-25 9.082988e-26 2.747596e-25 
1.882000e+00 1.834866e-25 9.043236e-26 2.739189e-25 
1.884000e+00 1.829791e-25 8.998033e-26 2.729594e-25 
1.886000e+00 1.824210e-25 8.958841e-26 2.720094e-25 
1.888000e+00 1.818748e-25 8.923951e-26 2.711143e-25 
1.890000e+00 1.812843e-25 8.883622e-26 2.701205e-25 
1.892000e+00 1.807771e-25 8.838086e-26 2.691580e-25 
1.894000e+00 1.802668e-25 8.805692e-26 2.683237e-25 
1.896000e+00 1.796508e-25 8.771823e-26 2.673691e-25 
1.898000e+00 1.790713e-25 8.727521e-26 2.663465e-25 
1.900000e+00 1.785010e-25 8.693181e-26 2.654328e-25 
1.902000e+00 1.778166e-25 8.645525e-26 2.642719e-25 
1.904000e+00 1.771187e-25 8.616254e-26 2.632813e-25 
1.906000e+00 1.766387e-25 8.582088e-26 2.624596e-25 
1.908000e+00 1.760995e-25 8.550986e-26 2.616094e-25 
1.910000e+00 1.755758e-25 8.504326e-26 2.606191e-25 
1.912000e+00 1.749522e-25 8.474704e-26 2.596992e-25 
1.914000e+00 1.742010e-25 8.439969e-26 2.586007e-25 
1.916000e+00 1.737424e-25 8.396072e-26 2.577031e-25 
1.918000e+00 1.731059e-25 8.358348e-26 2.566893e-25 
1.920000e+00 1.722176e-25 8.331873e-26 2.555363e-25 
1.922000e+00 1.718937e-25 8.292450e-26 2.548182e-25 
1.924000e+00 1.713484e-25 8.255402e-26 2.539024e-25 
1.926000e+00 1.706713e-25 8.227769e-26 2.529489e-25 
1.928000e+00 1.702290e-25 8.193446e-26 2.521635e-25 
1.930000e+00 1.941113e-25 8.170703e-26 2.758183e-25 
1.932000e+00 1.935311e-25 9.298359e-26 2.865147e-25 
1.934000e+00 1.928970e-25 9.263678e-26 2.855338e-25 
1.936000e+00 1.923166e-25 9.226628e-26 2.845828e-25 
1.938000e+00 1.917393e-25 9.199267e-26 2.837320e-25 
1.940000e+00 1.911834e-25 9.161028e-26 2.827937e-25 
1.942000e+00 1.905842e-25 9.118217e-26 2.817664e-25 
1.944000e+00 1.899186e-25 9.092531e-26 2.808439e-25 
1.946000e+00 1.893695e-25 9.052192e-26 2.798914e-25 
1.948000e+00 1.887217e-25 9.015241e-26 2.788741e-25 
1.950000e+00 1.882486e-25 8.983847e-26 2.780871e-25 
1.952000e+00 1.874636e-25 8.946649e-26 2.769301e-25 
1.954000e+00 1.868954e-25 8.919244e-26 2.760878e-25 
1.956000e+00 1.862348e-25 8.879148e-26 2.750263e-25 
1.958000e+00 1.857657e-25 8.853170e-26 2.742974e-25 
1.960000e+00 1.848137e-25 8.824615e-26 2.730598e-25 
1.962000e+00 1.846423e-25 8.787688e-26 2.725192e-25 
1.964000e+00 1.840774e-25 8.758095e-26 2.716583e-25 
1.966000e+00 1.835352e-25 8.711444e-26 2.706496e-25 
1.968000e+00 1.829607e-25 8.695443e-26 2.699151e-25 
1.970000e+00 1.823779e-25 8.663449e-26 2.690124e-25 
1.972000e+00 1.816150e-25 8.624121e-26 2.678562e-25 
1.974000e+00 1.810736e-25 8.597179e-26 2.670454e-25 
1.976000e+00 1.804822e-25 8.571781e-26 2.662000e-25 
1.978000e+00 1.799419e-25 8.529364e-26 2.652355e-25 
1.980000e+00 1.792798e-25 8.503758e-26 2.643173e-25 
1.982000e+00 1.788785e-25 8.469674e-26 2.635752e-25 
1.984000e+00 1.781333e-25 8.439036e-26 2.625236e-25 
1.986000e+00 1.772291e-25 8.409043e-26 2.613195e-25 
1.988000e+00 1.770239e-25 8.379761e-26 2.608215e-25 
1.990000e+00 1.763389e-25 8.342722e-26 2.597661e-25 
1.992000e+00 1.758461e-25 8.406706e-26 2.599131e-25 
1.994000e+00 1.752928e-25 8.283776e-26 2.581306e-25 
1.996000e+00 1.746553e-25 8.250005e-26 2.571554e-25 
1.998000e+00 1.741270e-25 8.219720e-26 2.563241e-25 
2.000000e+00 1.735263e-25 8.193914e-26 2.554655e-25 
2.002000e+00 1.731296e-25 8.162301e-26 2.547526e-25 
2.004000e+00 1.724019e-25 8.134093e-26 2.537428e-25 
2.006000e+00 1.718267e-25 8.108452e-26 2.529112e-25 
2.008000e+00 1.713095e-25 8.076652e-26 2.520761e-25 
2.010000e+00 1.707302e-25 8.037732e-26 2.511075e-25 
2.012000e+00 1.701117e-25 8.024665e-26 2.503584e-25 
2.014000e+00 1.695905e-25 7.992802e-26 2.495185e-25 
2.016000e+00 1.689581e-25 7.968068e-26 2.486388e-25 
2.018000e+00 1.684068e-25 7.938615e-26 2.477929e-25 
2.020000e+00 1.678242e-25 7.908347e-26 2.469076e-25 
2.022000e+00 1.672395e-25 7.882950e-26 2.460690e-25 
2.024000e+00 1.667639e-25 7.855967e-26 2.453236e-25 
2.026000e+00 1.660939e-25 7.824974e-26 2.443437e-25 
2.028000e+00 1.655565e-25 7.795128e-26 2.435078e-25 
2.030000e+00 1.654898e-25 7.769076e-26 2.431805e-25 
2.032000e+00 1.644895e-25 7.741496e-26 2.419044e-25 
2.034000e+00 1.640236e-25 7.715830e-26 2.411819e-25 
2.036000e+00 1.635406e-25 7.676479e-26 2.403054e-25 
2.038000e+00 1.629678e-25 7.651983e-26 2.394876e-25 
2.040000e+00 1.625641e-25 7.623430e-26 2.387984e-25 
2.042000e+00 1.617236e-25 7.597338e-26 2.376970e-25 
2.044000e+00 1.614994e-25 7.579606e-26 2.372955e-25 
2.046000e+00 1.608923e-25 7.550872e-26 2.364010e-25 
2.048000e+00 1.603445e-25 7.526067e-26 2.356051e-25 
2.050000e+00 1.597939e-25 7.488395e-26 2.346779e-25 
2.052000e+00 1.592586e-25 7.466953e-26 2.339282e-25 
2.054000e+00 1.587505e-25 7.423271e-26 2.329832e-25 
2.056000e+00 1.581972e-25 7.412874e-26 2.323260e-25 
2.058000e+00 1.576036e-25 7.392466e-26 2.315282e-25 
2.060000e+00 1.571070e-25 7.359503e-26 2.307021e-25 
2.062000e+00 1.565216e-25 7.334025e-26 2.298618e-25 
2.064000e+00 1.560972e-25 7.307352e-26 2.291707e-25 
2.066000e+00 1.555550e-25 7.279734e-26 2.283524e-25 
2.068000e+00 1.549766e-25 7.249859e-26 2.274752e-25 
2.070000e+00 1.545668e-25 7.235147e-26 2.269183e-25 
2.072000e+00 1.540090e-25 7.204906e-26 2.260580e-25 
2.074000e+00 1.538072e-25 7.186140e-26 2.256686e-25 
2.076000e+00 1.530602e-25 7.153837e-26 2.245986e-25 
2.078000e+00 1.525109e-25 7.125432e-26 2.237653e-25 
2.080000e+00 1.521146e-25 7.105304e-26 2.231677e-25 
2.082000e+00 1.515072e-25 7.079856e-26 2.223057e-25 
2.084000e+00 1.509817e-25 7.051121e-26 2.214930e-25 
2.086000e+00 1.504961e-25 7.023741e-26 2.207335e-25 
2.088000e+00 1.499112e-25 7.000377e-26 2.199150e-25 
2.090000e+00 1.494870e-25 6.978953e-26 2.192766e-25 
2.092000e+00 1.489244e-25 6.954641e-26 2.184708e-25 
2.094000e+00 1.485082e-25 6.929113e-26 2.177993e-25 
2.096000e+00 1.480345e-25 6.903929e-26 2.170738e-25 
2.098000e+00 1.475796e-25 6.886648e-26 2.164461e-25 
2.100000e+00 1.469904e-25 6.855993e-26 2.155504e-25 
2.102000e+00 1.466061e-25 6.836352e-26 2.149696e-25 
2.104000e+00 1.460362e-25 6.810542e-26 2.141416e-25 
2.106000e+00 1.455475e-25 6.785335e-26 2.134009e-25 
2.108000e+00 1.450919e-25 6.766850e-26 2.127604e-25 
2.110000e+00 1.444659e-25 6.743134e-26 2.118973e-25 
2.112000e+00 1.441980e-25 6.721317e-26 2.114112e-25 
2.114000e+00 1.436868e-25 6.701244e-26 2.106993e-25 
2.116000e+00 1.432259e-25 6.673178e-26 2.099576e-25 
2.118000e+00 1.427148e-25 6.654894e-26 2.092637e-25 
2.120000e+00 1.423259e-25 6.597366e-26 2.082996e-25 
2.122000e+00 1.417944e-25 6.611347e-26 2.079079e-25 
2.124000e+00 1.413083e-25 6.582361e-26 2.071319e-25 
2.126000e+00 1.408411e-25 6.564896e-26 2.064900e-25 
2.128000e+00 1.404030e-25 6.537993e-26 2.057829e-25 
2.130000e+00 1.399961e-25 6.518661e-26 2.051827e-25 
2.132000e+00 1.394725e-25 6.589116e-26 2.053636e-25 
2.134000e+00 1.389516e-25 6.471676e-26 2.036684e-25 
2.136000e+00 1.385638e-25 6.444693e-26 2.030107e-25 
2.138000e+00 1.381280e-25 6.425620e-26 2.023842e-25 
2.140000e+00 1.376779e-25 6.410967e-26 2.017876e-25 
2.142000e+00 1.372262e-25 6.385434e-26 2.010805e-25 
2.144000e+00 1.367756e-25 6.363333e-26 2.004089e-25 
2.146000e+00 1.363812e-25 6.344589e-26 1.998271e-25 
2.148000e+00 1.358406e-25 6.318330e-26 1.990239e-25 
2.150000e+00 1.354170e-25 6.298890e-26 1.984059e-25 
2.152000e+00 1.349795e-25 6.281341e-26 1.977929e-25 
2.154000e+00 1.345111e-25 6.253015e-26 1.970413e-25 
2.156000e+00 1.341101e-25 6.237860e-26 1.964887e-25 
2.158000e+00 1.336052e-25 6.219641e-26 1.958016e-25 
2.160000e+00 1.331742e-25 6.191846e-26 1.950927e-25 
2.162000e+00 1.327744e-25 6.173089e-26 1.945053e-25 
2.164000e+00 1.326333e-25 6.154364e-26 1.941769e-25 
2.166000e+00 1.319440e-25 6.148228e-26 1.934262e-25 
2.168000e+00 1.315120e-25 6.108866e-26 1.926007e-25 
2.170000e+00 1.310233e-25 6.089905e-26 1.919223e-25 
2.172000e+00 1.306474e-25 6.071106e-26 1.913584e-25 
2.174000e+00 1.302897e-25 6.043819e-26 1.907279e-25 
2.176000e+00 1.298320e-25 6.025944e-26 1.900915e-25 
2.178000e+00 1.291053e-25 6.008760e-26 1.891930e-25 
2.180000e+00 1.289513e-25 5.988587e-26 1.888371e-25 
2.182000e+00 1.284927e-25 5.963401e-26 1.881267e-25 
2.184000e+00 1.280958e-25 5.947318e-26 1.875690e-25 
2.186000e+00 1.277324e-25 5.929807e-26 1.870304e-25 
2.188000e+00 1.273134e-25 5.909004e-26 1.864034e-25 
2.190000e+00 1.268054e-25 5.883930e-26 1.856447e-25 
2.192000e+00 1.264417e-25 5.860190e-26 1.850436e-25 
2.194000e+00 1.260405e-25 5.847762e-26 1.845182e-25 
2.196000e+00 1.256269e-25 5.831714e-26 1.839440e-25 
2.198000e+00 1.253043e-25 5.811325e-26 1.834176e-25 
2.200000e+00 1.248631e-25 5.791053e-26 1.827736e-25 
2.202000e+00 1.245162e-25 5.773607e-26 1.822523e-25 
2.204000e+00 1.239478e-25 5.755697e-26 1.815048e-25 
2.206000e+00 1.235734e-25 5.739179e-26 1.809652e-25 
2.208000e+00 1.231920e-25 5.713401e-26 1.803260e-25 
2.210000e+00 1.228187e-25 5.696672e-26 1.797854e-25 
2.212000e+00 1.224274e-25 5.679019e-26 1.792176e-25 
2.214000e+00 1.219672e-25 5.659954e-26 1.785667e-25 
2.216000e+00 1.216505e-25 5.638844e-26 1.780389e-25 
2.218000e+00 1.210790e-25 5.621702e-26 1.772960e-25 
2.220000e+00 1.208173e-25 5.607260e-26 1.768898e-25 
2.222000e+00 1.204199e-25 5.585001e-26 1.762699e-25 
2.224000e+00 1.200242e-25 5.567668e-26 1.757009e-25 
2.226000e+00 1.196303e-25 5.548768e-26 1.751180e-25 
2.228000e+00 1.192770e-25 5.526629e-26 1.745433e-25 
2.230000e+00 1.188091e-25 5.505833e-26 1.738674e-25 
2.232000e+00 1.184893e-25 5.487773e-26 1.733670e-25 
2.234000e+00 1.180866e-25 5.468738e-26 1.727739e-25 
2.236000e+00 1.178200e-25 5.451230e-26 1.723323e-25 
2.238000e+00 1.174106e-25 5.430488e-26 1.717154e-25 
2.240000e+00 1.170358e-25 5.417806e-26 1.712139e-25 
2.242000e+00 1.166206e-25 5.397229e-26 1.705929e-25 
2.244000e+00 1.162124e-25 5.379767e-26 1.700101e-25 
2.246000e+00 1.158894e-25 5.360944e-26 1.694988e-25 
2.248000e+00 1.154762e-25 5.344610e-26 1.689223e-25 
2.250000e+00 1.150744e-25 5.326066e-26 1.683351e-25 
2.252000e+00 1.147000e-25 5.307660e-26 1.677766e-25 
2.254000e+00 1.137546e-25 5.294998e-26 1.667045e-25 
2.256000e+00 1.139304e-25 5.279951e-26 1.667299e-25 
2.258000e+00 1.135701e-25 5.260496e-26 1.661751e-25 
2.260000e+00 1.131809e-25 5.242788e-26 1.656088e-25 
2.262000e+00 1.128637e-25 5.227266e-26 1.651363e-25 
2.264000e+00 1.125256e-25 5.198680e-26 1.645124e-25 
2.266000e+00 1.121378e-25 5.188194e-26 1.640198e-25 
2.268000e+00 1.117457e-25 5.173265e-26 1.634783e-25 
2.270000e+00 1.113139e-25 5.153120e-26 1.628451e-25 
2.272000e+00 1.110216e-25 5.140778e-26 1.624294e-25 
2.274000e+00 1.107026e-25 5.117845e-26 1.618810e-25 
2.276000e+00 1.103751e-25 5.101362e-26 1.613888e-25 
2.278000e+00 1.100007e-25 5.093889e-26 1.609396e-25 
2.280000e+00 1.095767e-25 5.074112e-26 1.603178e-25 
2.282000e+00 1.096722e-25 5.057627e-26 1.602485e-25 
2.284000e+00 1.089941e-25 5.041629e-26 1.594104e-25 
2.286000e+00 1.086489e-25 5.024872e-26 1.588976e-25 
2.288000e+00 1.083260e-25 5.005497e-26 1.583810e-25 
2.290000e+00 1.079469e-25 4.988401e-26 1.578310e-25 
2.292000e+00 1.076359e-25 4.969896e-26 1.573349e-25 
2.294000e+00 1.072819e-25 4.959513e-26 1.568770e-25 
2.296000e+00 1.070056e-25 4.941064e-26 1.564162e-25 
2.298000e+00 1.065578e-25 4.925372e-26 1.558115e-25 
2.300000e+00 1.062775e-25 4.911883e-26 1.553963e-25 
2.302000e+00 1.058685e-25 4.895544e-26 1.548239e-25 
2.304000e+00 1.055242e-25 4.878755e-26 1.543117e-25 
2.306000e+00 1.052842e-25 4.858869e-26 1.538729e-25 
2.308000e+00 1.048880e-25 4.852077e-26 1.534088e-25 
2.310000e+00 1.046368e-25 4.832650e-26 1.529633e-25 
2.312000e+00 1.042226e-25 4.816426e-26 1.523869e-25 
2.314000e+00 1.039682e-25 4.805555e-26 1.520237e-25 
2.316000e+00 1.036037e-25 4.786698e-26 1.514707e-25 
2.318000e+00 1.033324e-25 4.767591e-26 1.510083e-25 
2.320000e+00 1.029721e-25 4.754796e-26 1.505200e-25 
2.322000e+00 1.025669e-25 4.739420e-26 1.499611e-25 
2.324000e+00 1.023352e-25 4.725317e-26 1.495884e-25 
2.326000e+00 1.019712e-25 4.708337e-26 1.490546e-25 
2.328000e+00 1.016439e-25 4.696734e-26 1.486112e-25 
2.330000e+00 1.013460e-25 4.680243e-26 1.481484e-25 
2.332000e+00 1.009315e-25 4.660643e-26 1.475379e-25 
2.334000e+00 1.006137e-25 4.650879e-26 1.471225e-25 
2.336000e+00 1.002854e-25 4.633102e-26 1.466164e-25 
2.338000e+00 9.993734e-26 4.619393e-26 1.461313e-25 
2.340000e+00 9.966570e-26 4.606029e-26 1.457260e-25 
2.342000e+00 9.935971e-26 4.586484e-26 1.452246e-25 
2.344000e+00 9.908673e-26 4.571487e-26 1.448016e-25 
2.346000e+00 9.882608e-26 4.560454e-26 1.444306e-25 
2.348000e+00 9.849820e-26 4.543803e-26 1.439362e-25 
2.350000e+00 9.812923e-26 4.531166e-26 1.434409e-25 
2.352000e+00 9.785702e-26 4.516687e-26 1.430239e-25 
2.354000e+00 9.765520e-26 4.505388e-26 1.427091e-25 
2.356000e+00 9.728937e-26 4.489261e-26 1.421820e-25 
2.358000e+00 9.704777e-26 4.478867e-26 1.418364e-25 
2.360000e+00 9.664127e-26 4.460986e-26 1.412511e-25 
2.362000e+00 9.641738e-26 4.450244e-26 1.409198e-25 
2.364000e+00 9.604571e-26 4.434607e-26 1.403918e-25 
2.366000e+00 9.577795e-26 4.424476e-26 1.400227e-25 
2.368000e+00 9.541519e-26 4.407468e-26 1.394899e-25 
2.370000e+00 9.518472e-26 4.398347e-26 1.391682e-25 
2.372000e+00 9.480655e-26 4.382127e-26 1.386278e-25 
2.374000e+00 9.461183e-26 4.370192e-26 1.383137e-25 
2.376000e+00 9.431893e-26 4.354221e-26 1.378611e-25 
2.378000e+00 9.533107e-26 4.341175e-26 1.387428e-25 
2.380000e+00 9.367963e-26 4.327547e-26 1.369551e-25 
2.382000e+00 9.341085e-26 4.320085e-26 1.366117e-25 
2.384000e+00 9.324212e-26 4.302888e-26 1.362710e-25 
2.386000e+00 9.280819e-26 4.291130e-26 1.357195e-25 
2.388000e+00 9.255527e-26 4.272729e-26 1.352826e-25 
2.390000e+00 9.214768e-26 4.260353e-26 1.347512e-25 
2.392000e+00 9.194161e-26 4.245166e-26 1.343933e-25 
2.394000e+00 9.168427e-26 4.234735e-26 1.340316e-25 
2.396000e+00 9.134985e-26 4.212366e-26 1.334735e-25 
2.398000e+00 9.107668e-26 4.207026e-26 1.331469e-25 
2.400000e+00 9.082467e-26 4.198088e-26 1.328055e-25 
2.402000e+00 9.059000e-26 4.180225e-26 1.323922e-25 
2.404000e+00 9.030081e-26 4.171134e-26 1.320122e-25 
2.406000e+00 8.995190e-26 4.156176e-26 1.315137e-25 
2.408000e+00 8.966151e-26 4.143799e-26 1.310995e-25 
2.410000e+00 8.942473e-26 4.133667e-26 1.307614e-25 
2.412000e+00 8.897437e-26 4.119053e-26 1.301649e-25 
2.414000e+00 8.894112e-26 4.107543e-26 1.300165e-25 
2.416000e+00 8.861389e-26 4.095244e-26 1.295663e-25 
2.418000e+00 8.806295e-26 4.067461e-26 1.287376e-25 
2.420000e+00 8.808926e-26 4.067968e-26 1.287689e-25 
2.422000e+00 8.780105e-26 4.054495e-26 1.283460e-25 
2.424000e+00 8.756865e-26 4.042604e-26 1.279947e-25 
2.426000e+00 8.718645e-26 4.032509e-26 1.275115e-25 
2.428000e+00 8.694732e-26 4.017207e-26 1.271194e-25 
2.430000e+00 8.669863e-26 4.004307e-26 1.267417e-25 
2.432000e+00 8.645750e-26 3.994690e-26 1.264044e-25 
2.434000e+00 8.625587e-26 3.980019e-26 1.260561e-25 
2.436000e+00 8.592933e-26 3.967637e-26 1.256057e-25 
2.438000e+00 8.569968e-26 3.957692e-26 1.252766e-25 
2.440000e+00 8.541921e-26 3.943239e-26 1.248516e-25 
2.442000e+00 8.515376e-26 3.933513e-26 1.244889e-25 
2.444000e+00 8.492200e-26 3.920529e-26 1.241273e-25 
2.446000e+00 8.472281e-26 3.908582e-26 1.238086e-25 
2.448000e+00 8.434713e-26 3.896611e-26 1.233132e-25 
2.450000e+00 8.411087e-26 3.884452e-26 1.229554e-25 
2.452000e+00 8.387972e-26 3.872341e-26 1.226031e-25 
2.454000e+00 8.362693e-26 3.860950e-26 1.222364e-25 
2.456000e+00 8.339773e-26 3.849946e-26 1.218972e-25 
2.458000e+00 8.313907e-26 3.836845e-26 1.215075e-25 
2.460000e+00 8.289984e-26 3.823646e-26 1.211363e-25 
2.462000e+00 8.272361e-26 3.816761e-26 1.208912e-25 
2.464000e+00 8.239859e-26 3.803879e-26 1.204374e-25 
2.466000e+00 8.213460e-26 3.788801e-26 1.200226e-25 
2.468000e+00 8.189460e-26 3.778320e-26 1.196778e-25 
2.470000e+00 8.162840e-26 3.764969e-26 1.192781e-25 
2.472000e+00 8.139648e-26 3.759930e-26 1.189958e-25 
2.474000e+00 8.112415e-26 3.748435e-26 1.186085e-25 
2.476000e+00 8.087112e-26 3.733210e-26 1.182032e-25 
2.478000e+00 8.057620e-26 3.724924e-26 1.178254e-25 
2.480000e+00 8.028075e-26 3.714442e-26 1.174252e-25 
2.482000e+00 8.005877e-26 3.701823e-26 1.170770e-25 
2.484000e+00 7.984272e-26 3.689944e-26 1.167422e-25 
2.486000e+00 7.964617e-26 3.675227e-26 1.163984e-25 
2.488000e+00 7.939377e-26 3.666258e-26 1.160563e-25 
2.490000e+00 7.920738e-26 3.652702e-26 1.157344e-25 
2.492000e+00 7.893860e-26 3.645736e-26 1.153960e-25 
2.494000e+00 7.875082e-26 3.636399e-26 1.151148e-25 
2.496000e+00 7.850193e-26 3.621400e-26 1.147159e-25 
2.498000e+00 7.823822e-26 3.610123e-26 1.143395e-25 
2.500000e+00 7.794398e-26 3.601313e-26 1.139571e-25 
2.502000e+00 7.775022e-26 3.590884e-26 1.136591e-25 
2.504000e+00 7.746377e-26 3.580061e-26 1.132644e-25 
2.506000e+00 7.731828e-26 3.566501e-26 1.129833e-25 
2.508000e+00 7.710443e-26 3.555466e-26 1.126591e-25 
2.510000e+00 7.685088e-26 3.545202e-26 1.123029e-25 
2.512000e+00 7.661704e-26 3.536520e-26 1.119822e-25 
2.514000e+00 7.635877e-26 3.526719e-26 1.116260e-25 
2.516000e+00 7.615009e-26 3.514381e-26 1.112939e-25 
2.518000e+00 7.587709e-26 3.504460e-26 1.109217e-25 
2.520000e+00 7.565384e-26 3.495915e-26 1.106130e-25 
2.522000e+00 7.544033e-26 3.483036e-26 1.102707e-25 
2.524000e+00 7.526939e-26 3.470591e-26 1.099753e-25 
2.526000e+00 7.497570e-26 3.461965e-26 1.095954e-25 
2.528000e+00 7.479273e-26 3.451860e-26 1.093113e-25 
2.530000e+00 7.452755e-26 3.440163e-26 1.089292e-25 
2.532000e+00 7.438553e-26 3.431530e-26 1.087008e-25 
2.534000e+00 7.410594e-26 3.423306e-26 1.083390e-25 
2.536000e+00 7.389144e-26 3.412817e-26 1.080196e-25 
2.538000e+00 7.368510e-26 3.403836e-26 1.077235e-25 
2.540000e+00 7.340505e-26 3.393749e-26 1.073425e-25 
2.542000e+00 7.320696e-26 3.381913e-26 1.070261e-25 
2.544000e+00 7.293632e-26 3.371331e-26 1.066496e-25 
2.546000e+00 7.283487e-26 3.362120e-26 1.064561e-25 
2.548000e+00 7.257828e-26 3.355090e-26 1.061292e-25 
2.550000e+00 7.241870e-26 3.343198e-26 1.058507e-25 
2.552000e+00 7.222030e-26 3.335773e-26 1.055780e-25 
2.554000e+00 7.194594e-26 3.325530e-26 1.052012e-25 
2.556000e+00 7.178377e-26 3.313934e-26 1.049231e-25 
2.558000e+00 7.161699e-26 3.308020e-26 1.046972e-25 
2.560000e+00 7.134612e-26 3.295419e-26 1.043003e-25 
2.562000e+00 7.123290e-26 3.288748e-26 1.041204e-25 
2.564000e+00 7.101110e-26 3.273086e-26 1.037420e-25 
2.566000e+00 7.074272e-26 3.265577e-26 1.033985e-25 
2.568000e+00 7.050549e-26 3.253344e-26 1.030389e-25 
2.570000e+00 7.034945e-26 3.245169e-26 1.028011e-25 
2.572000e+00 7.015120e-26 3.232956e-26 1.024808e-25 
2.574000e+00 6.988088e-26 3.228223e-26 1.021631e-25 
2.576000e+00 6.970763e-26 3.217941e-26 1.018870e-25 
2.578000e+00 6.939811e-26 3.211510e-26 1.015132e-25 
2.580000e+00 6.925576e-26 3.198783e-26 1.012436e-25 
2.582000e+00 6.900925e-26 3.190745e-26 1.009167e-25 
2.584000e+00 6.881986e-26 3.182349e-26 1.006433e-25 
2.586000e+00 6.865603e-26 3.173309e-26 1.003891e-25 
2.588000e+00 6.842720e-26 3.162856e-26 1.000558e-25 
2.590000e+00 6.818474e-26 3.155499e-26 9.973974e-26 
2.592000e+00 6.802708e-26 3.144309e-26 9.947017e-26 
2.594000e+00 6.783131e-26 3.133591e-26 9.916722e-26 
2.596000e+00 6.768462e-26 3.123759e-26 9.892221e-26 
2.598000e+00 6.748600e-26 3.119911e-26 9.868511e-26 
2.600000e+00 6.719273e-26 3.111480e-26 9.830753e-26 
2.602000e+00 6.711540e-26 3.101280e-26 9.812820e-26 
2.604000e+00 6.686197e-26 3.090152e-26 9.776349e-26 
2.606000e+00 6.667542e-26 3.082795e-26 9.750337e-26 
2.608000e+00 6.647473e-26 3.072099e-26 9.719572e-26 
2.610000e+00 6.632962e-26 3.063379e-26 9.696340e-26 
2.612000e+00 6.619326e-26 3.053169e-26 9.672495e-26 
2.614000e+00 6.592726e-26 3.044503e-26 9.637228e-26 
2.616000e+00 6.571377e-26 3.032511e-26 9.603888e-26 
2.618000e+00 6.558551e-26 3.029381e-26 9.587932e-26 
2.620000e+00 6.533743e-26 3.021645e-26 9.555388e-26 
2.622000e+00 6.518330e-26 3.012718e-26 9.531048e-26 
2.624000e+00 6.496419e-26 3.005055e-26 9.501474e-26 
2.626000e+00 6.471375e-26 2.994678e-26 9.466053e-26 
2.628000e+00 6.459314e-26 2.985830e-26 9.445144e-26 
2.630000e+00 6.420825e-26 2.976238e-26 9.397063e-26 
2.632000e+00 6.420188e-26 2.965298e-26 9.385487e-26 
2.634000e+00 6.401763e-26 3.037325e-26 9.439088e-26 
2.636000e+00 6.375778e-26 2.953862e-26 9.329640e-26 
2.638000e+00 6.368828e-26 2.944683e-26 9.313511e-26 
2.640000e+00 6.347912e-26 2.935062e-26 9.282974e-26 
2.642000e+00 6.326229e-26 2.926827e-26 9.253056e-26 
2.644000e+00 6.316053e-26 2.922757e-26 9.238810e-26 
2.646000e+00 6.290943e-26 2.911249e-26 9.202192e-26 
2.648000e+00 6.279402e-26 2.902230e-26 9.181632e-26 
2.650000e+00 6.256642e-26 2.890611e-26 9.147254e-26 
2.652000e+00 6.239644e-26 2.883521e-26 9.123165e-26 
2.654000e+00 6.225420e-26 2.878942e-26 9.104362e-26 
2.656000e+00 6.207390e-26 2.871309e-26 9.078699e-26 
2.658000e+00 6.193561e-26 2.862604e-26 9.056165e-26 
2.660000e+00 6.167570e-26 2.851354e-26 9.018924e-26 
2.662000e+00 6.153639e-26 2.843683e-26 8.997322e-26 
2.664000e+00 6.135515e-26 2.838568e-26 8.974083e-26 
2.666000e+00 6.119192e-26 2.831791e-26 8.950984e-26 
2.668000e+00 6.093964e-26 2.821757e-26 8.915721e-26 
2.670000e+00 6.082931e-26 2.811613e-26 8.894544e-26 
2.672000e+00 6.063018e-26 2.803830e-26 8.866849e-26 
2.674000e+00 6.045720e-26 2.798773e-26 8.844492e-26 
2.676000e+00 6.025906e-26 2.788531e-26 8.814437e-26 
2.678000e+00 6.016848e-26 2.780425e-26 8.797273e-26 
2.680000e+00 5.991822e-26 2.773571e-26 8.765394e-26 
2.682000e+00 5.970097e-26 2.764173e-26 8.734270e-26 
2.684000e+00 5.958848e-26 2.760430e-26 8.719278e-26 
2.686000e+00 5.946969e-26 2.752804e-26 8.699773e-26 
2.688000e+00 5.919438e-26 2.740088e-26 8.659526e-26 
2.690000e+00 5.911890e-26 2.731378e-26 8.643268e-26 
2.692000e+00 5.887903e-26 2.727692e-26 8.615595e-26 
2.694000e+00 5.874667e-26 2.718616e-26 8.593283e-26 
2.696000e+00 5.859117e-26 2.708408e-26 8.567526e-26 
2.698000e+00 5.842902e-26 2.706437e-26 8.549339e-26 
2.700000e+00 5.826501e-26 2.695844e-26 8.522345e-26 
2.702000e+00 5.809289e-26 2.688057e-26 8.497347e-26 
2.704000e+00 5.785260e-26 2.684802e-26 8.470062e-26 
2.706000e+00 5.772768e-26 2.673465e-26 8.446233e-26 
2.708000e+00 5.759699e-26 2.666277e-26 8.425977e-26 
2.710000e+00 5.748417e-26 2.663542e-26 8.411959e-26 
2.712000e+00 5.720194e-26 2.657881e-26 8.378075e-26 
2.714000e+00 5.710081e-26 2.644854e-26 8.354935e-26 
2.716000e+00 5.700369e-26 2.639622e-26 8.339991e-26 
2.718000e+00 5.684479e-26 2.628404e-26 8.312883e-26 
2.720000e+00 5.672665e-26 2.621146e-26 8.293812e-26 
2.722000e+00 5.649366e-26 2.617295e-26 8.266662e-26 
2.724000e+00 5.632709e-26 2.607924e-26 8.240633e-26 
2.726000e+00 5.618389e-26 2.599528e-26 8.217917e-26 
2.728000e+00 5.602620e-26 2.594691e-26 8.197311e-26 
2.730000e+00 5.567895e-26 2.587423e-26 8.155319e-26 
2.732000e+00 5.570819e-26 2.578477e-26 8.149295e-26 
2.734000e+00 5.560048e-26 2.573790e-26 8.133838e-26 
2.736000e+00 5.535503e-26 2.564617e-26 8.100120e-26 
2.738000e+00 5.527452e-26 2.556336e-26 8.083788e-26 
2.740000e+00 5.509271e-26 2.552657e-26 8.061928e-26 
2.742000e+00 5.498017e-26 2.546098e-26 8.044115e-26 
2.744000e+00 5.485283e-26 2.535609e-26 8.020892e-26 
2.746000e+00 5.462711e-26 2.532405e-26 7.995116e-26 
2.748000e+00 5.441114e-26 2.521311e-26 7.962425e-26 
2.750000e+00 5.435455e-26 2.514894e-26 7.950348e-26 
2.752000e+00 5.412242e-26 2.509215e-26 7.921457e-26 
2.754000e+00 5.402719e-26 2.503495e-26 7.906215e-26 
2.756000e+00 5.387132e-26 2.498570e-26 7.885701e-26 
2.758000e+00 5.374471e-26 2.491935e-26 7.866405e-26 
2.760000e+00 5.363882e-26 2.481111e-26 7.844993e-26 
2.762000e+00 5.343640e-26 2.477234e-26 7.820875e-26 
2.764000e+00 5.328885e-26 2.467385e-26 7.796269e-26 
2.766000e+00 5.313963e-26 2.464977e-26 7.778940e-26 
2.768000e+00 5.299988e-26 2.454377e-26 7.754365e-26 
2.770000e+00 5.283067e-26 2.452951e-26 7.736018e-26 
2.772000e+00 5.274161e-26 2.442820e-26 7.716981e-26 
2.774000e+00 5.258326e-26 2.434215e-26 7.692540e-26 
2.776000e+00 5.238507e-26 2.428675e-26 7.667181e-26 
2.778000e+00 5.224546e-26 2.421895e-26 7.646441e-26 
2.780000e+00 5.215747e-26 2.419072e-26 7.634819e-26 
2.782000e+00 5.200717e-26 2.409203e-26 7.609919e-26 
2.784000e+00 5.183778e-26 2.403801e-26 7.587579e-26 
2.786000e+00 5.171302e-26 2.393563e-26 7.564865e-26 
2.788000e+00 5.159549e-26 2.394132e-26 7.553680e-26 
2.790000e+00 5.147666e-26 2.383918e-26 7.531584e-26 
2.792000e+00 5.123231e-26 2.376009e-26 7.499240e-26 
2.794000e+00 5.115533e-26 2.372100e-26 7.487633e-26 
2.796000e+00 5.096063e-26 2.363005e-26 7.459068e-26 
2.798000e+00 5.086090e-26 2.360914e-26 7.447004e-26 
2.800000e+00 5.073704e-26 2.350840e-26 7.424545e-26 
2.802000e+00 5.062358e-26 2.348476e-26 7.410834e-26 
2.804000e+00 5.045770e-26 2.338588e-26 7.384359e-26 
2.806000e+00 5.034105e-26 2.332865e-26 7.366971e-26 
2.808000e+00 5.016193e-26 2.324815e-26 7.341009e-26 
2.810000e+00 4.997781e-26 2.318415e-26 7.316196e-26 
2.812000e+00 4.984579e-26 2.310951e-26 7.295530e-26 
2.814000e+00 4.972078e-26 2.303019e-26 7.275097e-26 
2.816000e+00 4.962753e-26 2.300164e-26 7.262917e-26 
2.818000e+00 4.946403e-26 2.293562e-26 7.239964e-26 
2.820000e+00 4.932106e-26 2.288234e-26 7.220340e-26 
2.822000e+00 4.919461e-26 2.279382e-26 7.198843e-26 
2.824000e+00 4.907773e-26 2.275191e-26 7.182965e-26 
2.826000e+00 4.892257e-26 2.267314e-26 7.159571e-26 
2.828000e+00 4.879139e-26 2.265211e-26 7.144350e-26 
2.830000e+00 4.859778e-26 2.256071e-26 7.115849e-26 
2.832000e+00 4.848589e-26 2.252672e-26 7.101261e-26 
2.834000e+00 4.836179e-26 2.239904e-26 7.076083e-26 
2.836000e+00 4.819310e-26 2.239082e-26 7.058392e-26 
2.838000e+00 4.805164e-26 2.234442e-26 7.039606e-26 
2.840000e+00 4.795530e-26 2.227823e-26 7.023352e-26 
2.842000e+00 4.783811e-26 2.225399e-26 7.009210e-26 
2.844000e+00 4.627662e-26 2.216360e-26 6.844022e-26 
2.846000e+00 4.618397e-26 2.146388e-26 6.764785e-26 
2.848000e+00 4.596885e-26 2.136485e-26 6.733370e-26 
2.850000e+00 4.587241e-26 2.130894e-26 6.718135e-26 
2.852000e+00 4.575661e-26 2.123664e-26 6.699325e-26 
2.854000e+00 4.555836e-26 2.116173e-26 6.672009e-26 
2.856000e+00 4.539648e-26 2.106594e-26 6.646242e-26 
2.858000e+00 4.527039e-26 2.103890e-26 6.630929e-26 
2.860000e+00 4.510878e-26 2.095433e-26 6.606311e-26 
2.862000e+00 4.500797e-26 2.091125e-26 6.591922e-26 
2.864000e+00 4.484500e-26 2.085082e-26 6.569582e-26 
2.866000e+00 4.469272e-26 2.076623e-26 6.545895e-26 
2.868000e+00 4.446684e-26 2.073659e-26 6.520344e-26 
2.870000e+00 4.440381e-26 2.064213e-26 6.504594e-26 
2.872000e+00 4.431421e-26 2.061164e-26 6.492585e-26 
2.874000e+00 4.421849e-26 2.053057e-26 6.474906e-26 
2.876000e+00 4.405844e-26 2.048870e-26 6.454714e-26 
2.878000e+00 4.391646e-26 2.037858e-26 6.429504e-26 
2.880000e+00 4.378297e-26 2.031316e-26 6.409613e-26 
2.882000e+00 4.361351e-26 2.024135e-26 6.385486e-26 
2.884000e+00 4.349072e-26 2.018490e-26 6.367562e-26 
2.886000e+00 4.338047e-26 2.017589e-26 6.355636e-26 
2.888000e+00 4.322467e-26 2.008085e-26 6.330552e-26 
2.890000e+00 4.310813e-26 2.004651e-26 6.315464e-26 
2.892000e+00 4.292701e-26 1.999218e-26 6.291919e-26 
2.894000e+00 4.290191e-26 1.990297e-26 6.280488e-26 
2.896000e+00 4.279389e-26 1.987090e-26 6.266479e-26 
2.898000e+00 4.265940e-26 1.980762e-26 6.246702e-26 
2.900000e+00 4.248535e-26 1.972498e-26 6.221033e-26 
2.902000e+00 4.234625e-26 1.969582e-26 6.204207e-26 
2.904000e+00 4.221077e-26 1.964985e-26 6.186062e-26 
2.906000e+00 4.211002e-26 1.956850e-26 6.167852e-26 
2.908000e+00 4.197925e-26 1.952365e-26 6.150290e-26 
2.910000e+00 4.191040e-26 1.947568e-26 6.138608e-26 
2.912000e+00 4.177315e-26 1.940826e-26 6.118141e-26 
2.914000e+00 4.164490e-26 1.938222e-26 6.102712e-26 
2.916000e+00 4.152707e-26 1.928597e-26 6.081305e-26 
2.918000e+00 4.142838e-26 1.925030e-26 6.067868e-26 
2.920000e+00 4.125244e-26 1.920866e-26 6.046109e-26 
2.922000e+00 4.109510e-26 1.911795e-26 6.021305e-26 
2.924000e+00 4.097823e-26 1.908971e-26 6.006794e-26 
2.926000e+00 4.092219e-26 1.904134e-26 5.996353e-26 
2.928000e+00 4.079030e-26 1.897144e-26 5.976174e-26 
2.930000e+00 4.060377e-26 1.888264e-26 5.948640e-26 
2.932000e+00 4.054395e-26 1.886837e-26 5.941233e-26 
2.934000e+00 4.035271e-26 1.877696e-26 5.912966e-26 
2.936000e+00 4.021936e-26 1.875195e-26 5.897132e-26 
2.938000e+00 4.013283e-26 1.868924e-26 5.882207e-26 
2.940000e+00 4.003216e-26 1.860106e-26 5.863322e-26 
2.942000e+00 3.986286e-26 1.856378e-26 5.842664e-26 
2.944000e+00 3.971279e-26 1.850281e-26 5.821559e-26 
2.946000e+00 3.957676e-26 1.841071e-26 5.798748e-26 
2.948000e+00 3.944786e-26 1.839942e-26 5.784728e-26 
2.950000e+00 3.936903e-26 1.832964e-26 5.769867e-26 
2.952000e+00 3.920956e-26 1.827086e-26 5.748042e-26 
2.954000e+00 3.913879e-26 1.819984e-26 5.733863e-26 
2.956000e+00 3.898000e-26 1.815012e-26 5.713013e-26 
2.958000e+00 3.886568e-26 1.812272e-26 5.698840e-26 
2.960000e+00 3.873356e-26 1.803730e-26 5.677087e-26 
2.962000e+00 3.866973e-26 1.799942e-26 5.666915e-26 
2.964000e+00 3.851183e-26 1.795192e-26 5.646376e-26 
2.966000e+00 3.840496e-26 1.788663e-26 5.629160e-26 
2.968000e+00 3.834376e-26 1.786340e-26 5.620716e-26 
2.970000e+00 3.824769e-26 1.783621e-26 5.608390e-26 
2.972000e+00 3.808728e-26 1.776529e-26 5.585257e-26 
2.974000e+00 3.799300e-26 1.770056e-26 5.569355e-26 
2.976000e+00 3.785001e-26 1.766810e-26 5.551811e-26 
2.978000e+00 3.778438e-26 1.759904e-26 5.538342e-26 
2.980000e+00 3.766465e-26 1.751968e-26 5.518433e-26 
2.982000e+00 3.751154e-26 1.747915e-26 5.499068e-26 
2.984000e+00 3.743850e-26 1.746328e-26 5.490178e-26 
2.986000e+00 3.732216e-26 1.739618e-26 5.471834e-26 
2.988000e+00 3.720104e-26 1.731265e-26 5.451368e-26 
2.990000e+00 3.707834e-26 1.729404e-26 5.437238e-26 
2.992000e+00 3.701877e-26 1.735885e-26 5.437762e-26 
2.994000e+00 3.687798e-26 1.717165e-26 5.404964e-26 
2.996000e+00 3.677252e-26 1.714907e-26 5.392160e-26 
2.998000e+00 3.665002e-26 1.708089e-26 5.373091e-26 
