1.000000e-01 1.792386e-22 2.132366e-22 3.924752e-22 
1.020000e-01 1.787041e-22 2.118023e-22 3.905064e-22 
1.040000e-01 1.776654e-22 2.101204e-22 3.877858e-22 
1.060000e-01 1.761788e-22 2.086302e-22 3.848090e-22 
1.080000e-01 1.741847e-22 2.070305e-22 3.812153e-22 
1.100000e-01 1.714959e-22 2.053201e-22 3.768160e-22 
1.120000e-01 1.676845e-22 2.037358e-22 3.714203e-22 
1.140000e-01 1.614108e-22 2.020228e-22 3.634336e-22 
1.160000e-01 1.440437e-22 2.001915e-22 3.442352e-22 
1.180000e-01 1.612243e-22 1.985542e-22 3.597785e-22 
1.200000e-01 1.673936e-22 1.968306e-22 3.642242e-22 
1.220000e-01 1.704033e-22 1.949591e-22 3.653624e-22 
1.240000e-01 1.723003e-22 1.931968e-22 3.654971e-22 
1.260000e-01 1.736424e-22 1.913639e-22 3.650063e-22 
1.280000e-01 1.746132e-22 1.894948e-22 3.641079e-22 
1.300000e-01 1.753093e-22 1.876154e-22 3.629247e-22 
1.320000e-01 1.758245e-22 1.857022e-22 3.615267e-22 
1.340000e-01 1.761970e-22 1.837356e-22 3.599326e-22 
1.360000e-01 1.764406e-22 1.817882e-22 3.582288e-22 
1.380000e-01 1.765785e-22 1.797444e-22 3.563229e-22 
1.400000e-01 1.766303e-22 1.777529e-22 3.543832e-22 
1.420000e-01 1.766216e-22 1.756453e-22 3.522669e-22 
1.440000e-01 1.765357e-22 1.735409e-22 3.500766e-22 
1.460000e-01 1.763750e-22 1.713954e-22 3.477705e-22 
1.480000e-01 1.718695e-22 1.692635e-22 3.411330e-22 
1.500000e-01 1.758658e-22 1.670855e-22 3.429513e-22 
1.520000e-01 1.755271e-22 1.648383e-22 3.403654e-22 
1.540000e-01 1.751008e-22 1.626639e-22 3.377647e-22 
1.560000e-01 1.745951e-22 1.604203e-22 3.350155e-22 
1.580000e-01 1.739883e-22 1.580906e-22 3.320789e-22 
1.600000e-01 1.732948e-22 1.558551e-22 3.291499e-22 
1.620000e-01 1.724317e-22 1.535124e-22 3.259441e-22 
1.640000e-01 1.712263e-22 1.494725e-22 3.206988e-22 
1.660000e-01 1.692253e-22 1.488010e-22 3.180263e-22 
1.680000e-01 1.641149e-22 1.465001e-22 3.106150e-22 
1.700000e-01 1.664290e-22 1.442163e-22 3.106453e-22 
1.720000e-01 1.684512e-22 1.418921e-22 3.103433e-22 
1.740000e-01 1.693073e-22 1.395317e-22 3.088390e-22 
1.760000e-01 1.697947e-22 1.371744e-22 3.069692e-22 
1.780000e-01 1.701264e-22 1.348101e-22 3.049365e-22 
1.800000e-01 1.703609e-22 1.324292e-22 3.027900e-22 
1.820000e-01 1.705314e-22 1.300417e-22 3.005732e-22 
1.840000e-01 1.706729e-22 1.276496e-22 2.983225e-22 
1.860000e-01 1.707892e-22 1.252622e-22 2.960514e-22 
1.880000e-01 1.708996e-22 1.228258e-22 2.937255e-22 
1.900000e-01 1.710103e-22 1.204140e-22 2.914243e-22 
1.920000e-01 1.711786e-22 1.179930e-22 2.891716e-22 
1.940000e-01 1.714898e-22 1.156062e-22 2.870960e-22 
1.960000e-01 1.720676e-22 1.131893e-22 2.852569e-22 
1.980000e-01 1.737006e-22 1.107956e-22 2.844961e-22 
2.000000e-01 1.765827e-22 1.083982e-22 2.849809e-22 
2.020000e-01 1.736464e-22 1.060386e-22 2.796849e-22 
2.040000e-01 1.723786e-22 1.036942e-22 2.760729e-22 
2.060000e-01 1.714389e-22 1.012702e-22 2.727090e-22 
2.080000e-01 1.706486e-22 9.886354e-23 2.695121e-22 
2.100000e-01 1.699303e-22 9.645216e-23 2.663825e-22 
2.120000e-01 1.692568e-22 9.397762e-23 2.632344e-22 
2.140000e-01 1.686286e-22 9.148372e-23 2.601123e-22 
2.160000e-01 1.680192e-22 8.897351e-23 2.569927e-22 
2.180000e-01 1.674176e-22 8.639495e-23 2.538125e-22 
2.200000e-01 1.668683e-22 8.393011e-23 2.507984e-22 
2.220000e-01 1.663322e-22 8.147186e-23 2.478041e-22 
2.240000e-01 1.657640e-22 7.901122e-23 2.447752e-22 
2.260000e-01 1.651913e-22 7.651812e-23 2.417094e-22 
2.280000e-01 1.645884e-22 7.391597e-23 2.385044e-22 
2.300000e-01 1.639937e-22 7.136318e-23 2.353568e-22 
2.320000e-01 1.634095e-22 6.874735e-23 2.321569e-22 
2.340000e-01 1.628082e-22 6.607677e-23 2.288849e-22 
2.360000e-01 1.622113e-22 6.340336e-23 2.256147e-22 
2.380000e-01 1.616063e-22 6.068938e-23 2.222957e-22 
2.400000e-01 1.609777e-22 5.845010e-23 2.194278e-22 
2.420000e-01 1.603734e-22 5.667371e-23 2.170471e-22 
2.440000e-01 1.597578e-22 5.497850e-23 2.147363e-22 
2.460000e-01 1.591652e-22 5.282442e-23 2.119896e-22 
2.480000e-01 1.585776e-22 5.032343e-23 2.089011e-22 
2.500000e-01 1.579923e-22 4.744805e-23 2.054403e-22 
2.520000e-01 1.574125e-22 4.399999e-23 2.014125e-22 
2.540000e-01 1.568204e-22 4.027458e-23 1.970950e-22 
2.560000e-01 1.562358e-22 3.632571e-23 1.925615e-22 
2.580000e-01 1.556388e-22 3.198977e-23 1.876286e-22 
2.600000e-01 1.550470e-22 2.672590e-23 1.817729e-22 
2.620000e-01 1.544460e-22 2.073132e-23 1.751773e-22 
2.640000e-01 1.538427e-22 1.409348e-23 1.679361e-22 
2.660000e-01 1.532462e-22 8.220206e-24 1.614664e-22 
2.680000e-01 1.526408e-22 3.566539e-24 1.562074e-22 
2.700000e-01 1.520536e-22 7.388648e-25 1.527924e-22 
2.720000e-01 1.514596e-22 6.244750e-25 1.520841e-22 
2.740000e-01 1.508877e-22 3.902096e-24 1.547898e-22 
2.760000e-01 1.503167e-22 1.137544e-23 1.616922e-22 
2.780000e-01 1.497595e-22 2.005080e-23 1.698103e-22 
2.800000e-01 1.491897e-22 4.206256e-23 1.912522e-22 
2.820000e-01 1.486184e-22 5.067975e-23 1.992982e-22 
2.840000e-01 1.480231e-22 4.786547e-23 1.958885e-22 
2.860000e-01 1.474324e-22 4.511493e-23 1.925473e-22 
2.880000e-01 1.468225e-22 4.356942e-23 1.903919e-22 
2.900000e-01 1.462176e-22 4.317430e-23 1.893919e-22 
2.920000e-01 1.455935e-22 4.371981e-23 1.893133e-22 
2.940000e-01 1.449808e-22 4.507987e-23 1.900606e-22 
2.960000e-01 1.443499e-22 4.686069e-23 1.912106e-22 
2.980000e-01 1.437299e-22 4.903449e-23 1.927644e-22 
3.000000e-01 1.430990e-22 5.111190e-23 1.942109e-22 
3.020000e-01 1.424694e-22 5.278851e-23 1.952579e-22 
3.040000e-01 1.418239e-22 5.407951e-23 1.959034e-22 
3.060000e-01 1.411854e-22 5.516012e-23 1.963456e-22 
3.080000e-01 1.405340e-22 5.623662e-23 1.967706e-22 
3.100000e-01 1.398877e-22 5.697587e-23 1.968636e-22 
3.120000e-01 1.392246e-22 5.762709e-23 1.968517e-22 
3.140000e-01 1.385703e-22 5.795936e-23 1.965297e-22 
3.160000e-01 1.379043e-22 5.807185e-23 1.959761e-22 
3.180000e-01 1.372420e-22 5.791266e-23 1.951546e-22 
3.200000e-01 1.365737e-22 5.790603e-23 1.944798e-22 
3.220000e-01 1.359020e-22 5.798883e-23 1.938909e-22 
3.240000e-01 1.352387e-22 5.832599e-23 1.935647e-22 
3.260000e-01 1.345588e-22 5.873732e-23 1.932961e-22 
3.280000e-01 1.338931e-22 5.908254e-23 1.929757e-22 
3.300000e-01 1.332168e-22 5.943669e-23 1.926535e-22 
3.320000e-01 1.325558e-22 5.972940e-23 1.922852e-22 
3.340000e-01 1.318980e-22 6.002326e-23 1.919213e-22 
3.360000e-01 1.312457e-22 6.024399e-23 1.914897e-22 
3.380000e-01 1.305940e-22 6.045878e-23 1.910527e-22 
3.400000e-01 1.299346e-22 6.062478e-23 1.905593e-22 
3.420000e-01 1.292782e-22 6.080423e-23 1.900824e-22 
3.440000e-01 1.286016e-22 6.100621e-23 1.896078e-22 
3.460000e-01 1.279347e-22 6.120388e-23 1.891386e-22 
3.480000e-01 1.272544e-22 6.137449e-23 1.886289e-22 
3.500000e-01 1.265681e-22 6.153890e-23 1.881070e-22 
3.520000e-01 1.258846e-22 6.167118e-23 1.875558e-22 
3.540000e-01 1.251868e-22 6.179957e-23 1.869864e-22 
3.560000e-01 1.245035e-22 6.191034e-23 1.864139e-22 
3.580000e-01 1.238057e-22 6.201680e-23 1.858225e-22 
3.600000e-01 1.231139e-22 6.208667e-23 1.852006e-22 
3.620000e-01 1.224275e-22 6.215934e-23 1.845868e-22 
3.640000e-01 1.217360e-22 6.223277e-23 1.839688e-22 
3.660000e-01 1.210507e-22 6.230948e-23 1.833602e-22 
3.680000e-01 1.203549e-22 6.235556e-23 1.827104e-22 
3.700000e-01 1.196651e-22 6.240469e-23 1.820698e-22 
3.720000e-01 1.189683e-22 6.244880e-23 1.814171e-22 
3.740000e-01 1.182611e-22 6.249628e-23 1.807574e-22 
3.760000e-01 1.175563e-22 6.251706e-23 1.800733e-22 
3.780000e-01 1.168391e-22 6.253086e-23 1.793699e-22 
3.800000e-01 1.161155e-22 6.252091e-23 1.786364e-22 
3.820000e-01 1.153943e-22 6.249853e-23 1.778929e-22 
3.840000e-01 1.146516e-22 6.247499e-23 1.771266e-22 
3.860000e-01 1.139194e-22 6.245216e-23 1.763716e-22 
3.880000e-01 1.131879e-22 6.242717e-23 1.756151e-22 
3.900000e-01 1.124541e-22 6.239619e-23 1.748503e-22 
3.920000e-01 1.117249e-22 6.236566e-23 1.740906e-22 
3.940000e-01 1.109973e-22 6.233446e-23 1.733318e-22 
3.960000e-01 1.102742e-22 6.230422e-23 1.725785e-22 
3.980000e-01 1.095557e-22 6.226482e-23 1.718205e-22 
4.000000e-01 1.088302e-22 6.221705e-23 1.710472e-22 
4.020000e-01 1.081125e-22 6.216118e-23 1.702737e-22 
4.040000e-01 1.073975e-22 6.208656e-23 1.694840e-22 
4.060000e-01 1.066718e-22 6.201301e-23 1.686848e-22 
4.080000e-01 1.059494e-22 6.194414e-23 1.678935e-22 
4.100000e-01 1.052221e-22 6.187389e-23 1.670960e-22 
4.120000e-01 1.044913e-22 6.179766e-23 1.662889e-22 
4.140000e-01 1.037713e-22 6.171845e-23 1.654897e-22 
4.160000e-01 1.030409e-22 6.163835e-23 1.646792e-22 
4.180000e-01 1.023041e-22 6.155915e-23 1.638632e-22 
4.200000e-01 1.015832e-22 6.147955e-23 1.630627e-22 
4.220000e-01 1.008512e-22 6.139364e-23 1.622449e-22 
4.240000e-01 1.001149e-22 6.130902e-23 1.614239e-22 
4.260000e-01 9.938649e-23 6.121569e-23 1.606022e-22 
4.280000e-01 9.865372e-23 6.111729e-23 1.597710e-22 
4.300000e-01 9.792148e-23 6.101439e-23 1.589359e-22 
4.320000e-01 9.718991e-23 6.091148e-23 1.581014e-22 
4.340000e-01 9.645404e-23 6.080700e-23 1.572610e-22 
4.360000e-01 9.572058e-23 6.070743e-23 1.564280e-22 
4.380000e-01 9.498525e-23 6.061164e-23 1.555969e-22 
4.400000e-01 9.424354e-23 6.051265e-23 1.547562e-22 
4.420000e-01 9.350687e-23 6.039031e-23 1.538972e-22 
4.440000e-01 9.277367e-23 6.026663e-23 1.530403e-22 
4.460000e-01 9.203097e-23 6.014603e-23 1.521770e-22 
4.480000e-01 9.128936e-23 6.002532e-23 1.513147e-22 
4.500000e-01 9.055297e-23 5.990720e-23 1.504602e-22 
4.520000e-01 8.981113e-23 5.975538e-23 1.495665e-22 
4.540000e-01 8.906407e-23 5.959954e-23 1.486636e-22 
4.560000e-01 8.832219e-23 5.944485e-23 1.477670e-22 
4.580000e-01 8.757869e-23 5.929397e-23 1.468727e-22 
4.600000e-01 8.682576e-23 5.914263e-23 1.459684e-22 
4.620000e-01 8.608111e-23 5.899028e-23 1.450714e-22 
4.640000e-01 8.533164e-23 5.884109e-23 1.441727e-22 
4.660000e-01 8.457112e-23 5.868901e-23 1.432601e-22 
4.680000e-01 8.381873e-23 5.854191e-23 1.423606e-22 
4.700000e-01 8.306220e-23 5.839401e-23 1.414562e-22 
4.720000e-01 8.229333e-23 5.823926e-23 1.405326e-22 
4.740000e-01 8.152365e-23 5.807009e-23 1.395937e-22 
4.760000e-01 8.075549e-23 5.789886e-23 1.386544e-22 
4.780000e-01 7.997823e-23 5.772462e-23 1.377028e-22 
4.800000e-01 7.919281e-23 5.754812e-23 1.367409e-22 
4.820000e-01 7.840578e-23 5.736824e-23 1.357740e-22 
4.840000e-01 7.761248e-23 5.719046e-23 1.348029e-22 
4.860000e-01 7.681008e-23 5.700680e-23 1.338169e-22 
4.880000e-01 7.600083e-23 5.682674e-23 1.328276e-22 
4.900000e-01 7.518338e-23 5.662899e-23 1.318124e-22 
4.920000e-01 7.435969e-23 5.643588e-23 1.307956e-22 
4.940000e-01 7.352611e-23 5.624175e-23 1.297679e-22 
4.960000e-01 7.268394e-23 5.604956e-23 1.287335e-22 
4.980000e-01 7.182482e-23 5.585651e-23 1.276813e-22 
5.000000e-01 7.094579e-23 5.566049e-23 1.266063e-22 
5.020000e-01 7.006223e-23 5.547173e-23 1.255340e-22 
5.040000e-01 6.916046e-23 5.528233e-23 1.244428e-22 
5.060000e-01 6.824095e-23 5.509184e-23 1.233328e-22 
5.080000e-01 6.729988e-23 5.490488e-23 1.222048e-22 
5.100000e-01 6.633444e-23 5.471593e-23 1.210504e-22 
5.120000e-01 6.534108e-23 5.453195e-23 1.198730e-22 
5.140000e-01 6.431797e-23 5.434649e-23 1.186645e-22 
5.160000e-01 6.326536e-23 5.416069e-23 1.174261e-22 
5.180000e-01 6.216973e-23 5.398255e-23 1.161523e-22 
5.200000e-01 6.101782e-23 5.380748e-23 1.148253e-22 
5.220000e-01 5.981357e-23 5.363093e-23 1.134445e-22 
5.240000e-01 5.854200e-23 5.344750e-23 1.119895e-22 
5.260000e-01 5.718345e-23 5.325838e-23 1.104418e-22 
5.280000e-01 5.572123e-23 5.306591e-23 1.087871e-22 
5.300000e-01 5.413879e-23 5.287559e-23 1.070144e-22 
5.320000e-01 5.239200e-23 5.268921e-23 1.050812e-22 
5.340000e-01 5.034708e-23 5.249794e-23 1.028450e-22 
5.360000e-01 4.790026e-23 5.230065e-23 1.002009e-22 
5.380000e-01 4.457281e-23 5.209207e-23 9.666487e-23 
5.400000e-01 3.991488e-23 5.188380e-23 9.179868e-23 
5.420000e-01 3.483260e-23 5.168316e-23 8.651576e-23 
5.440000e-01 3.174272e-23 5.149969e-23 8.324241e-23 
5.460000e-01 3.253145e-23 5.131563e-23 8.384707e-23 
5.480000e-01 3.625396e-23 5.112540e-23 8.737935e-23 
5.500000e-01 4.006860e-23 5.092396e-23 9.099256e-23 
5.520000e-01 4.295299e-23 5.072493e-23 9.367793e-23 
5.540000e-01 4.469345e-23 5.052827e-23 9.522173e-23 
5.560000e-01 4.599112e-23 5.034806e-23 9.633917e-23 
5.580000e-01 4.697566e-23 5.016360e-23 9.713926e-23 
5.600000e-01 4.779256e-23 4.997935e-23 9.777191e-23 
5.620000e-01 4.848184e-23 4.979037e-23 9.827221e-23 
5.640000e-01 4.906502e-23 4.959488e-23 9.865991e-23 
5.660000e-01 4.956376e-23 4.940166e-23 9.896543e-23 
5.680000e-01 4.998203e-23 4.920749e-23 9.918952e-23 
5.700000e-01 5.033908e-23 4.901419e-23 9.935327e-23 
5.720000e-01 5.064010e-23 4.881942e-23 9.945952e-23 
5.740000e-01 5.090211e-23 4.862229e-23 9.952441e-23 
5.760000e-01 5.113216e-23 4.842958e-23 9.956174e-23 
5.780000e-01 5.131958e-23 4.824164e-23 9.956121e-23 
5.800000e-01 5.147078e-23 4.804688e-23 9.951766e-23 
5.820000e-01 5.159964e-23 4.786512e-23 9.946476e-23 
5.840000e-01 5.170861e-23 4.768070e-23 9.938931e-23 
5.860000e-01 5.179497e-23 4.749921e-23 9.929418e-23 
5.880000e-01 5.184722e-23 4.731279e-23 9.916002e-23 
5.900000e-01 5.188726e-23 4.712606e-23 9.901332e-23 
5.920000e-01 5.191213e-23 4.693898e-23 9.885111e-23 
5.940000e-01 5.192020e-23 4.674894e-23 9.866914e-23 
5.960000e-01 5.190729e-23 4.656643e-23 9.847371e-23 
5.980000e-01 5.188044e-23 4.638408e-23 9.826452e-23 
6.000000e-01 5.184397e-23 4.619559e-23 9.803956e-23 
6.020000e-01 5.179838e-23 4.599695e-23 9.779533e-23 
6.040000e-01 5.173388e-23 4.579107e-23 9.752495e-23 
6.060000e-01 5.165867e-23 4.558774e-23 9.724641e-23 
6.080000e-01 5.157701e-23 4.539948e-23 9.697649e-23 
6.100000e-01 5.148488e-23 4.523597e-23 9.672085e-23 
6.120000e-01 5.138469e-23 4.507002e-23 9.645471e-23 
6.140000e-01 5.126644e-23 4.490168e-23 9.616812e-23 
6.160000e-01 5.114815e-23 4.471460e-23 9.586274e-23 
6.180000e-01 5.102031e-23 4.452741e-23 9.554772e-23 
6.200000e-01 5.088161e-23 4.433654e-23 9.521814e-23 
6.220000e-01 5.073356e-23 4.414977e-23 9.488333e-23 
6.240000e-01 5.057765e-23 4.397508e-23 9.455273e-23 
6.260000e-01 5.042226e-23 4.379864e-23 9.422089e-23 
6.280000e-01 5.025244e-23 4.362201e-23 9.387444e-23 
6.300000e-01 5.007515e-23 4.343971e-23 9.351486e-23 
6.320000e-01 4.989241e-23 4.324880e-23 9.314121e-23 
6.340000e-01 4.970649e-23 4.305668e-23 9.276317e-23 
6.360000e-01 4.950983e-23 4.286536e-23 9.237519e-23 
6.380000e-01 4.930383e-23 4.268860e-23 9.199243e-23 
6.400000e-01 4.908606e-23 4.250642e-23 9.159248e-23 
6.420000e-01 4.886283e-23 4.232393e-23 9.118676e-23 
6.440000e-01 4.863640e-23 4.215431e-23 9.079070e-23 
6.460000e-01 4.839996e-23 4.200175e-23 9.040171e-23 
6.480000e-01 4.815256e-23 4.184654e-23 8.999911e-23 
6.500000e-01 4.789141e-23 4.169267e-23 8.958408e-23 
6.520000e-01 4.762473e-23 4.151656e-23 8.914129e-23 
6.540000e-01 4.734974e-23 4.132757e-23 8.867732e-23 
6.560000e-01 4.705906e-23 4.113566e-23 8.819472e-23 
6.580000e-01 4.675971e-23 4.094573e-23 8.770544e-23 
6.600000e-01 4.644806e-23 4.077746e-23 8.722552e-23 
6.620000e-01 4.612365e-23 4.060890e-23 8.673255e-23 
6.640000e-01 4.578695e-23 4.044190e-23 8.622885e-23 
6.660000e-01 4.543464e-23 4.027160e-23 8.570624e-23 
6.680000e-01 4.506425e-23 4.009882e-23 8.516307e-23 
6.700000e-01 4.468367e-23 3.992350e-23 8.460717e-23 
6.720000e-01 4.429326e-23 3.974644e-23 8.403970e-23 
6.740000e-01 4.388117e-23 3.957528e-23 8.345645e-23 
6.760000e-01 4.344280e-23 3.940992e-23 8.285272e-23 
6.780000e-01 4.299081e-23 3.924516e-23 8.223596e-23 
6.800000e-01 4.251756e-23 3.908056e-23 8.159812e-23 
6.820000e-01 4.201035e-23 3.891833e-23 8.092868e-23 
6.840000e-01 4.147476e-23 3.875921e-23 8.023397e-23 
6.860000e-01 4.090746e-23 3.859804e-23 7.950550e-23 
6.880000e-01 4.028627e-23 3.843830e-23 7.872457e-23 
6.900000e-01 3.962578e-23 3.827441e-23 7.790018e-23 
6.920000e-01 3.889197e-23 3.811673e-23 7.700870e-23 
6.940000e-01 3.805480e-23 3.795660e-23 7.601140e-23 
6.960000e-01 3.713716e-23 3.779896e-23 7.493612e-23 
6.980000e-01 3.601275e-23 3.763526e-23 7.364801e-23 
7.000000e-01 3.444037e-23 3.747268e-23 7.191305e-23 
7.020000e-01 3.258835e-23 3.731014e-23 6.989848e-23 
7.040000e-01 3.037307e-23 3.714891e-23 6.752198e-23 
7.060000e-01 2.892553e-23 3.698637e-23 6.591191e-23 
7.080000e-01 2.819472e-23 3.683031e-23 6.502502e-23 
7.100000e-01 2.918634e-23 3.666990e-23 6.585623e-23 
7.120000e-01 3.074334e-23 3.651017e-23 6.725351e-23 
7.140000e-01 3.290624e-23 3.635375e-23 6.925999e-23 
7.160000e-01 3.461891e-23 3.620146e-23 7.082037e-23 
7.180000e-01 3.606252e-23 3.604713e-23 7.210965e-23 
7.200000e-01 3.694545e-23 3.589424e-23 7.283969e-23 
7.220000e-01 3.763233e-23 3.573990e-23 7.337223e-23 
7.240000e-01 3.823022e-23 3.559587e-23 7.382609e-23 
7.260000e-01 3.870468e-23 3.544944e-23 7.415412e-23 
7.280000e-01 3.912972e-23 3.530537e-23 7.443509e-23 
7.300000e-01 3.951298e-23 3.515548e-23 7.466846e-23 
7.320000e-01 3.981822e-23 3.500424e-23 7.482246e-23 
7.340000e-01 4.010726e-23 3.484773e-23 7.495499e-23 
7.360000e-01 4.035532e-23 3.469306e-23 7.504839e-23 
7.380000e-01 4.057947e-23 3.421278e-23 7.479225e-23 
7.400000e-01 4.078983e-23 3.438559e-23 7.517542e-23 
7.420000e-01 4.096345e-23 3.423262e-23 7.519607e-23 
7.440000e-01 4.112499e-23 3.408526e-23 7.521024e-23 
7.460000e-01 4.126825e-23 3.353145e-23 7.479970e-23 
7.480000e-01 4.139933e-23 3.379224e-23 7.519158e-23 
7.500000e-01 4.151630e-23 3.364812e-23 7.516441e-23 
7.520000e-01 4.161906e-23 3.351076e-23 7.512981e-23 
7.540000e-01 4.170818e-23 3.336616e-23 7.507433e-23 
7.560000e-01 4.178213e-23 3.322652e-23 7.500865e-23 
7.580000e-01 4.185176e-23 3.309108e-23 7.494283e-23 
7.600000e-01 4.191724e-23 3.295584e-23 7.487308e-23 
7.620000e-01 4.196608e-23 3.282113e-23 7.478721e-23 
7.640000e-01 4.200916e-23 3.268745e-23 7.469661e-23 
7.660000e-01 4.204310e-23 3.255385e-23 7.459695e-23 
7.680000e-01 4.207094e-23 3.242733e-23 7.449827e-23 
7.700000e-01 4.209408e-23 3.229571e-23 7.438979e-23 
7.720000e-01 4.210857e-23 3.216663e-23 7.427519e-23 
7.740000e-01 4.211463e-23 3.203227e-23 7.414690e-23 
7.760000e-01 4.211755e-23 3.189098e-23 7.400853e-23 
7.780000e-01 4.210913e-23 3.175383e-23 7.386296e-23 
7.800000e-01 4.209570e-23 3.161499e-23 7.371069e-23 
7.820000e-01 4.207865e-23 3.146990e-23 7.354855e-23 
7.840000e-01 4.205743e-23 3.133898e-23 7.339640e-23 
7.860000e-01 4.202178e-23 3.120874e-23 7.323052e-23 
7.880000e-01 4.198532e-23 3.107632e-23 7.306164e-23 
7.900000e-01 4.194247e-23 3.094627e-23 7.288874e-23 
7.920000e-01 4.189120e-23 3.081559e-23 7.270679e-23 
7.940000e-01 4.183525e-23 3.069058e-23 7.252582e-23 
7.960000e-01 4.174984e-23 3.056853e-23 7.231837e-23 
7.980000e-01 4.166655e-23 3.044142e-23 7.210797e-23 
8.000000e-01 4.158096e-23 3.031542e-23 7.189638e-23 
8.020000e-01 4.151103e-23 3.019493e-23 7.170597e-23 
8.040000e-01 4.144643e-23 3.007550e-23 7.152193e-23 
8.060000e-01 4.139111e-23 2.994960e-23 7.134071e-23 
8.080000e-01 4.132972e-23 2.982910e-23 7.115882e-23 
8.100000e-01 4.126610e-23 2.970614e-23 7.097224e-23 
8.120000e-01 4.120823e-23 2.957965e-23 7.078787e-23 
8.140000e-01 4.115823e-23 2.944498e-23 7.060322e-23 
8.160000e-01 4.110599e-23 2.931635e-23 7.042234e-23 
8.180000e-01 4.105282e-23 2.918570e-23 7.023852e-23 
8.200000e-01 4.100100e-23 2.906759e-23 7.006859e-23 
8.220000e-01 4.095057e-23 2.895842e-23 6.990898e-23 
8.240000e-01 4.089980e-23 2.884659e-23 6.974639e-23 
8.260000e-01 4.085246e-23 2.873904e-23 6.959150e-23 
8.280000e-01 4.080289e-23 2.862728e-23 6.943017e-23 
8.300000e-01 4.075323e-23 2.851284e-23 6.926608e-23 
8.320000e-01 4.070675e-23 2.839478e-23 6.910154e-23 
8.340000e-01 4.066083e-23 2.827821e-23 6.893904e-23 
8.360000e-01 4.061792e-23 2.815787e-23 6.877579e-23 
8.380000e-01 4.057286e-23 2.803898e-23 6.861184e-23 
8.400000e-01 4.053589e-23 2.792530e-23 6.846119e-23 
8.420000e-01 4.049838e-23 2.781515e-23 6.831353e-23 
8.440000e-01 4.046203e-23 2.770320e-23 6.816524e-23 
8.460000e-01 4.042516e-23 2.759039e-23 6.801556e-23 
8.480000e-01 4.039023e-23 2.747544e-23 6.786566e-23 
8.500000e-01 4.036032e-23 2.737178e-23 6.773209e-23 
8.520000e-01 4.033011e-23 2.726230e-23 6.759241e-23 
8.540000e-01 4.030477e-23 2.715836e-23 6.746313e-23 
8.560000e-01 4.027796e-23 2.705145e-23 6.732941e-23 
8.580000e-01 4.024950e-23 2.694294e-23 6.719244e-23 
8.600000e-01 4.022333e-23 2.682640e-23 6.704973e-23 
8.620000e-01 4.019087e-23 2.671279e-23 6.690365e-23 
8.640000e-01 4.016206e-23 2.659765e-23 6.675971e-23 
8.660000e-01 4.012911e-23 2.648329e-23 6.661240e-23 
8.680000e-01 4.009892e-23 2.637236e-23 6.647128e-23 
8.700000e-01 4.006175e-23 2.625807e-23 6.631982e-23 
8.720000e-01 4.001898e-23 2.614732e-23 6.616630e-23 
8.740000e-01 3.997387e-23 2.604108e-23 6.601494e-23 
8.760000e-01 3.992214e-23 2.593061e-23 6.585274e-23 
8.780000e-01 3.986812e-23 2.582057e-23 6.568869e-23 
8.800000e-01 3.981221e-23 2.572847e-23 6.554069e-23 
8.820000e-01 3.975114e-23 2.563912e-23 6.539027e-23 
8.840000e-01 3.969908e-23 2.554613e-23 6.524521e-23 
8.860000e-01 3.964089e-23 2.545018e-23 6.509107e-23 
8.880000e-01 3.957716e-23 2.536034e-23 6.493750e-23 
8.900000e-01 3.951232e-23 2.525998e-23 6.477231e-23 
8.920000e-01 3.944443e-23 2.516110e-23 6.460553e-23 
8.940000e-01 3.937860e-23 2.506468e-23 6.444328e-23 
8.960000e-01 3.931381e-23 2.496494e-23 6.427875e-23 
8.980000e-01 3.925126e-23 2.486531e-23 6.411657e-23 
9.000000e-01 3.918188e-23 2.475971e-23 6.394159e-23 
9.020000e-01 3.911119e-23 2.465401e-23 6.376520e-23 
9.040000e-01 3.903850e-23 2.454795e-23 6.358645e-23 
9.060000e-01 3.896610e-23 2.444199e-23 6.340809e-23 
9.080000e-01 3.889351e-23 2.433395e-23 6.322746e-23 
9.100000e-01 3.881922e-23 2.424168e-23 6.306090e-23 
9.120000e-01 3.874935e-23 2.415260e-23 6.290195e-23 
9.140000e-01 3.867398e-23 2.406068e-23 6.273467e-23 
9.160000e-01 3.859753e-23 2.397097e-23 6.256850e-23 
9.180000e-01 3.852200e-23 2.388467e-23 6.240668e-23 
9.200000e-01 3.844400e-23 2.378957e-23 6.223357e-23 
9.220000e-01 3.836741e-23 2.368564e-23 6.205304e-23 
9.240000e-01 3.829225e-23 2.358711e-23 6.187936e-23 
9.260000e-01 3.821565e-23 2.349047e-23 6.170613e-23 
9.280000e-01 3.813718e-23 2.339384e-23 6.153102e-23 
9.300000e-01 3.805701e-23 2.329816e-23 6.135517e-23 
9.320000e-01 3.797654e-23 2.321530e-23 6.119184e-23 
9.340000e-01 3.789476e-23 2.313679e-23 6.103155e-23 
9.360000e-01 3.781780e-23 2.305794e-23 6.087574e-23 
9.380000e-01 3.773999e-23 2.297277e-23 6.071276e-23 
9.400000e-01 3.765556e-23 2.289375e-23 6.054932e-23 
9.420000e-01 3.757683e-23 2.280648e-23 6.038331e-23 
9.440000e-01 3.749263e-23 2.272127e-23 6.021390e-23 
9.460000e-01 3.741093e-23 2.263260e-23 6.004352e-23 
9.480000e-01 3.732888e-23 2.254918e-23 5.987807e-23 
9.500000e-01 3.724521e-23 2.245987e-23 5.970508e-23 
9.520000e-01 3.716065e-23 2.237178e-23 5.953243e-23 
9.540000e-01 3.707617e-23 2.165723e-23 5.873340e-23 
9.560000e-01 3.699569e-23 2.220949e-23 5.920518e-23 
9.580000e-01 3.690744e-23 2.212239e-23 5.902984e-23 
9.600000e-01 3.682358e-23 2.203853e-23 5.886211e-23 
9.620000e-01 3.674002e-23 2.195587e-23 5.869589e-23 
9.640000e-01 3.665192e-23 2.186680e-23 5.851873e-23 
9.660000e-01 3.656643e-23 2.177292e-23 5.833936e-23 
9.680000e-01 3.648075e-23 2.168313e-23 5.816388e-23 
9.700000e-01 3.639380e-23 2.158854e-23 5.798234e-23 
9.720000e-01 3.631151e-23 2.149684e-23 5.780835e-23 
9.740000e-01 3.622163e-23 2.141110e-23 5.763273e-23 
9.760000e-01 3.613543e-23 2.133644e-23 5.747187e-23 
9.780000e-01 3.605023e-23 2.125686e-23 5.730708e-23 
9.800000e-01 3.596670e-23 2.118197e-23 5.714868e-23 
9.820000e-01 3.587845e-23 2.110603e-23 5.698449e-23 
9.840000e-01 3.578468e-23 2.103072e-23 5.681539e-23 
9.860000e-01 3.570147e-23 2.094900e-23 5.665047e-23 
9.880000e-01 3.561736e-23 2.086156e-23 5.647891e-23 
9.900000e-01 3.552500e-23 2.077768e-23 5.630268e-23 
9.920000e-01 3.544098e-23 2.068958e-23 5.613057e-23 
9.940000e-01 3.535371e-23 2.060571e-23 5.595942e-23 
9.960000e-01 3.526728e-23 2.052553e-23 5.579281e-23 
9.980000e-01 3.518233e-23 2.047870e-23 5.566103e-23 
1.000000e+00 3.509673e-23 2.043222e-23 5.552895e-23 
1.002000e+00 3.501009e-23 2.036151e-23 5.537160e-23 
1.004000e+00 3.492594e-23 2.029468e-23 5.522062e-23 
1.006000e+00 3.483950e-23 2.022643e-23 5.506592e-23 
1.008000e+00 3.475121e-23 2.015680e-23 5.490801e-23 
1.010000e+00 3.466374e-23 2.009141e-23 5.475514e-23 
1.012000e+00 3.457306e-23 2.002104e-23 5.459410e-23 
1.014000e+00 3.449049e-23 1.994918e-23 5.443966e-23 
1.016000e+00 3.440105e-23 1.988215e-23 5.428320e-23 
1.018000e+00 3.431690e-23 1.980988e-23 5.412678e-23 
1.020000e+00 3.423017e-23 1.974381e-23 5.397398e-23 
1.022000e+00 3.414421e-23 1.966948e-23 5.381368e-23 
1.024000e+00 3.405467e-23 1.960166e-23 5.365634e-23 
1.026000e+00 3.396765e-23 1.953679e-23 5.350443e-23 
1.028000e+00 3.388286e-23 1.947704e-23 5.335991e-23 
1.030000e+00 3.379189e-23 1.941131e-23 5.320320e-23 
1.032000e+00 3.370870e-23 1.934344e-23 5.305214e-23 
1.034000e+00 3.362152e-23 1.927723e-23 5.289874e-23 
1.036000e+00 3.353467e-23 1.921458e-23 5.274925e-23 
1.038000e+00 3.344854e-23 1.914684e-23 5.259538e-23 
1.040000e+00 3.335746e-23 1.908305e-23 5.244051e-23 
1.042000e+00 3.327603e-23 1.901458e-23 5.229062e-23 
1.044000e+00 3.318607e-23 1.895039e-23 5.213646e-23 
1.046000e+00 3.310126e-23 1.888848e-23 5.198974e-23 
1.048000e+00 3.301426e-23 1.882241e-23 5.183667e-23 
1.050000e+00 3.293091e-23 1.876128e-23 5.169219e-23 
1.052000e+00 3.284096e-23 1.869957e-23 5.154053e-23 
1.054000e+00 3.275166e-23 1.863582e-23 5.138748e-23 
1.056000e+00 3.266797e-23 1.857917e-23 5.124714e-23 
1.058000e+00 3.257994e-23 1.851646e-23 5.109640e-23 
1.060000e+00 3.249378e-23 1.845285e-23 5.094663e-23 
1.062000e+00 3.240161e-23 1.839509e-23 5.079670e-23 
1.064000e+00 3.231392e-23 1.832679e-23 5.064070e-23 
1.066000e+00 3.222869e-23 1.826740e-23 5.049609e-23 
1.068000e+00 3.214098e-23 1.820084e-23 5.034181e-23 
1.070000e+00 3.205393e-23 1.814081e-23 5.019474e-23 
1.072000e+00 3.197165e-23 1.808003e-23 5.005168e-23 
1.074000e+00 3.188205e-23 1.802382e-23 4.990587e-23 
1.076000e+00 3.179668e-23 1.796515e-23 4.976184e-23 
1.078000e+00 3.171360e-23 1.790887e-23 4.962247e-23 
1.080000e+00 3.162725e-23 1.784987e-23 4.947712e-23 
1.082000e+00 3.154276e-23 1.779157e-23 4.933432e-23 
1.084000e+00 3.144770e-23 1.773350e-23 4.918121e-23 
1.086000e+00 3.136845e-23 1.767320e-23 4.904165e-23 
1.088000e+00 3.128160e-23 1.761981e-23 4.890142e-23 
1.090000e+00 3.119681e-23 1.755869e-23 4.875550e-23 
1.092000e+00 3.111489e-23 1.749792e-23 4.861280e-23 
1.094000e+00 3.102492e-23 1.744020e-23 4.846512e-23 
1.096000e+00 3.093974e-23 1.738069e-23 4.832042e-23 
1.098000e+00 3.085361e-23 1.732322e-23 4.817683e-23 
1.100000e+00 3.076795e-23 1.727214e-23 4.804010e-23 
1.102000e+00 3.068639e-23 1.721949e-23 4.790588e-23 
1.104000e+00 3.060068e-23 1.716153e-23 4.776221e-23 
1.106000e+00 3.051574e-23 1.710786e-23 4.762360e-23 
1.108000e+00 3.042804e-23 1.705237e-23 4.748040e-23 
1.110000e+00 3.034626e-23 1.699948e-23 4.734574e-23 
1.112000e+00 3.026503e-23 1.694007e-23 4.720511e-23 
1.114000e+00 3.017960e-23 1.688527e-23 4.706487e-23 
1.116000e+00 3.009408e-23 1.682927e-23 4.692335e-23 
1.118000e+00 3.000691e-23 1.677465e-23 4.678156e-23 
1.120000e+00 2.992338e-23 1.671834e-23 4.664172e-23 
1.122000e+00 2.983969e-23 1.666395e-23 4.650364e-23 
1.124000e+00 2.975312e-23 1.661919e-23 4.637232e-23 
1.126000e+00 2.967153e-23 1.656325e-23 4.623478e-23 
1.128000e+00 2.958418e-23 1.651235e-23 4.609652e-23 
1.130000e+00 2.950001e-23 1.646353e-23 4.596354e-23 
1.132000e+00 2.941521e-23 1.641029e-23 4.582550e-23 
1.134000e+00 2.933052e-23 1.636127e-23 4.569179e-23 
1.136000e+00 2.925265e-23 1.630761e-23 4.556026e-23 
1.138000e+00 2.917059e-23 1.625739e-23 4.542798e-23 
1.140000e+00 2.908797e-23 1.620804e-23 4.529601e-23 
1.142000e+00 2.900197e-23 1.615277e-23 4.515474e-23 
1.144000e+00 2.891773e-23 1.610301e-23 4.502075e-23 
1.146000e+00 2.882942e-23 1.605273e-23 4.488215e-23 
1.148000e+00 2.874704e-23 1.600019e-23 4.474723e-23 
1.150000e+00 2.866258e-23 1.594962e-23 4.461220e-23 
1.152000e+00 2.858575e-23 1.590263e-23 4.448838e-23 
1.154000e+00 2.850209e-23 1.585570e-23 4.435780e-23 
1.156000e+00 2.842505e-23 1.580792e-23 4.423297e-23 
1.158000e+00 2.833834e-23 1.575280e-23 4.409114e-23 
1.160000e+00 2.825697e-23 1.570546e-23 4.396244e-23 
1.162000e+00 2.817368e-23 1.565760e-23 4.383127e-23 
1.164000e+00 2.809160e-23 1.560848e-23 4.370008e-23 
1.166000e+00 2.800314e-23 1.556074e-23 4.356388e-23 
1.168000e+00 2.792038e-23 1.551031e-23 4.343069e-23 
1.170000e+00 2.783920e-23 1.545980e-23 4.329900e-23 
1.172000e+00 2.775379e-23 1.541142e-23 4.316522e-23 
1.174000e+00 2.767920e-23 1.536125e-23 4.304046e-23 
1.176000e+00 2.759486e-23 1.531470e-23 4.290956e-23 
1.178000e+00 2.751061e-23 1.526909e-23 4.277970e-23 
1.180000e+00 2.743235e-23 1.522303e-23 4.265538e-23 
1.182000e+00 2.734768e-23 1.518157e-23 4.252925e-23 
1.184000e+00 2.725868e-23 1.513552e-23 4.239420e-23 
1.186000e+00 2.718038e-23 1.508716e-23 4.226754e-23 
1.188000e+00 2.709914e-23 1.504073e-23 4.213987e-23 
1.190000e+00 2.701974e-23 1.499676e-23 4.201650e-23 
1.192000e+00 2.693719e-23 1.494971e-23 4.188690e-23 
1.194000e+00 2.685464e-23 1.490618e-23 4.176082e-23 
1.196000e+00 2.677056e-23 1.485890e-23 4.162947e-23 
1.198000e+00 2.669201e-23 1.481312e-23 4.150513e-23 
1.200000e+00 2.660924e-23 1.476507e-23 4.137431e-23 
1.202000e+00 2.652684e-23 1.472076e-23 4.124760e-23 
1.204000e+00 2.643976e-23 1.467517e-23 4.111494e-23 
1.206000e+00 2.636290e-23 1.463634e-23 4.099924e-23 
1.208000e+00 2.628069e-23 1.458927e-23 4.086996e-23 
1.210000e+00 2.619402e-23 1.455109e-23 4.074510e-23 
1.212000e+00 2.611259e-23 1.450462e-23 4.061721e-23 
1.214000e+00 2.603214e-23 1.446292e-23 4.049506e-23 
1.216000e+00 2.595288e-23 1.442208e-23 4.037496e-23 
1.218000e+00 2.587192e-23 1.437481e-23 4.024674e-23 
1.220000e+00 2.578275e-23 1.433339e-23 4.011614e-23 
1.222000e+00 2.569793e-23 1.428948e-23 3.998742e-23 
1.224000e+00 2.561626e-23 1.425057e-23 3.986683e-23 
1.226000e+00 2.553170e-23 1.420721e-23 3.973891e-23 
1.228000e+00 2.545010e-23 1.416324e-23 3.961334e-23 
1.230000e+00 2.536931e-23 1.411673e-23 3.948604e-23 
1.232000e+00 2.528735e-23 1.408008e-23 3.936743e-23 
1.234000e+00 2.519996e-23 1.403916e-23 3.923912e-23 
1.236000e+00 2.511417e-23 1.400027e-23 3.911445e-23 
1.238000e+00 2.502577e-23 1.395669e-23 3.898247e-23 
1.240000e+00 2.494234e-23 1.391725e-23 3.885959e-23 
1.242000e+00 2.485949e-23 1.387848e-23 3.873796e-23 
1.244000e+00 2.477256e-23 1.383907e-23 3.861163e-23 
1.246000e+00 2.467674e-23 1.379827e-23 3.847502e-23 
1.248000e+00 2.458630e-23 1.375901e-23 3.834530e-23 
1.250000e+00 2.449676e-23 1.371825e-23 3.821501e-23 
1.252000e+00 2.441102e-23 1.367801e-23 3.808903e-23 
1.254000e+00 2.432153e-23 1.363530e-23 3.795682e-23 
1.256000e+00 2.422259e-23 1.359352e-23 3.781611e-23 
1.258000e+00 2.413373e-23 1.355298e-23 3.768671e-23 
1.260000e+00 2.404201e-23 1.351086e-23 3.755286e-23 
1.262000e+00 2.394391e-23 1.347344e-23 3.741735e-23 
1.264000e+00 2.384808e-23 1.343575e-23 3.728383e-23 
1.266000e+00 2.375246e-23 1.339895e-23 3.715141e-23 
1.268000e+00 2.364384e-23 1.336288e-23 3.700672e-23 
1.270000e+00 2.354561e-23 1.332537e-23 3.687098e-23 
1.272000e+00 2.343752e-23 1.328586e-23 3.672339e-23 
1.274000e+00 2.332872e-23 1.324792e-23 3.657664e-23 
1.276000e+00 2.321948e-23 1.320914e-23 3.642861e-23 
1.278000e+00 2.309914e-23 1.317000e-23 3.626914e-23 
1.280000e+00 2.297562e-23 1.313260e-23 3.610823e-23 
1.282000e+00 2.285524e-23 1.309251e-23 3.594774e-23 
1.284000e+00 2.271024e-23 1.305452e-23 3.576476e-23 
1.286000e+00 2.256335e-23 1.301344e-23 3.557680e-23 
1.288000e+00 2.239219e-23 1.297416e-23 3.536635e-23 
1.290000e+00 2.216309e-23 1.294188e-23 3.510497e-23 
1.292000e+00 2.193792e-23 1.290674e-23 3.484466e-23 
1.294000e+00 2.170928e-23 1.286375e-23 3.457302e-23 
1.296000e+00 2.147503e-23 1.282850e-23 3.430353e-23 
1.298000e+00 2.124912e-23 1.279452e-23 3.404364e-23 
1.300000e+00 2.111198e-23 1.275735e-23 3.386933e-23 
1.302000e+00 2.102589e-23 1.272254e-23 3.374843e-23 
1.304000e+00 2.093485e-23 1.268652e-23 3.362138e-23 
1.306000e+00 2.096195e-23 1.264914e-23 3.361109e-23 
1.308000e+00 2.100945e-23 1.261345e-23 3.362290e-23 
1.310000e+00 2.106439e-23 1.257493e-23 3.363932e-23 
1.312000e+00 2.118083e-23 1.254022e-23 3.372105e-23 
1.314000e+00 2.129440e-23 1.250671e-23 3.380111e-23 
1.316000e+00 2.141285e-23 1.247116e-23 3.388401e-23 
1.318000e+00 2.147132e-23 1.243493e-23 3.390625e-23 
1.320000e+00 2.153504e-23 1.240040e-23 3.393544e-23 
1.322000e+00 2.159023e-23 1.236886e-23 3.395909e-23 
1.324000e+00 2.160363e-23 1.233362e-23 3.393726e-23 
1.326000e+00 2.162837e-23 1.230216e-23 3.393053e-23 
1.328000e+00 2.164280e-23 1.226858e-23 3.391139e-23 
1.330000e+00 2.164413e-23 1.223578e-23 3.387991e-23 
1.332000e+00 2.164543e-23 1.220018e-23 3.384561e-23 
1.334000e+00 2.164850e-23 1.216719e-23 3.381569e-23 
1.336000e+00 2.163520e-23 1.213437e-23 3.376956e-23 
1.338000e+00 2.162629e-23 1.209934e-23 3.372563e-23 
1.340000e+00 2.161333e-23 1.206996e-23 3.368330e-23 
1.342000e+00 2.159491e-23 1.203445e-23 3.362936e-23 
1.344000e+00 2.158291e-23 1.199879e-23 3.358170e-23 
1.346000e+00 2.156280e-23 1.196440e-23 3.352720e-23 
1.348000e+00 2.153749e-23 1.193424e-23 3.347173e-23 
1.350000e+00 2.151782e-23 1.189870e-23 3.341652e-23 
1.352000e+00 2.149761e-23 1.187057e-23 3.336818e-23 
1.354000e+00 2.146972e-23 1.183903e-23 3.330875e-23 
1.356000e+00 2.144551e-23 1.180851e-23 3.325401e-23 
1.358000e+00 2.142573e-23 1.177683e-23 3.320256e-23 
1.360000e+00 2.139212e-23 1.173983e-23 3.313195e-23 
1.362000e+00 2.136814e-23 1.171026e-23 3.307840e-23 
1.364000e+00 2.134095e-23 1.167769e-23 3.301864e-23 
1.366000e+00 2.131236e-23 1.164640e-23 3.295877e-23 
1.368000e+00 2.127612e-23 1.161628e-23 3.289240e-23 
1.370000e+00 2.124821e-23 1.158351e-23 3.283172e-23 
1.372000e+00 2.120945e-23 1.155110e-23 3.276055e-23 
1.374000e+00 2.118091e-23 1.151870e-23 3.269961e-23 
1.376000e+00 2.114691e-23 1.148718e-23 3.263409e-23 
1.378000e+00 2.111519e-23 1.145446e-23 3.256965e-23 
1.380000e+00 2.108334e-23 1.141895e-23 3.250229e-23 
1.382000e+00 2.105699e-23 1.139393e-23 3.245092e-23 
1.384000e+00 2.101704e-23 1.136477e-23 3.238181e-23 
1.386000e+00 2.097865e-23 1.133437e-23 3.231302e-23 
1.388000e+00 2.094110e-23 1.130326e-23 3.224436e-23 
1.390000e+00 2.091019e-23 1.127535e-23 3.218555e-23 
1.392000e+00 2.086906e-23 1.124776e-23 3.211682e-23 
1.394000e+00 2.083960e-23 1.121228e-23 3.205188e-23 
1.396000e+00 2.080124e-23 1.118490e-23 3.198613e-23 
1.398000e+00 2.076793e-23 1.115337e-23 3.192130e-23 
1.400000e+00 2.072660e-23 1.112688e-23 3.185349e-23 
1.402000e+00 2.068845e-23 1.109670e-23 3.178515e-23 
1.404000e+00 2.065376e-23 1.106810e-23 3.172186e-23 
1.406000e+00 2.061408e-23 1.103208e-23 3.164616e-23 
1.408000e+00 2.057618e-23 1.100362e-23 3.157980e-23 
1.410000e+00 2.054511e-23 1.097296e-23 3.151807e-23 
1.412000e+00 2.049983e-23 1.094452e-23 3.144434e-23 
1.414000e+00 2.046629e-23 1.091808e-23 3.138437e-23 
1.416000e+00 2.042537e-23 1.088939e-23 3.131476e-23 
1.418000e+00 2.038857e-23 1.086450e-23 3.125307e-23 
1.420000e+00 2.034917e-23 1.083404e-23 3.118322e-23 
1.422000e+00 2.031281e-23 1.080808e-23 3.112088e-23 
1.424000e+00 2.027476e-23 1.078072e-23 3.105548e-23 
1.426000e+00 2.023286e-23 1.075113e-23 3.098398e-23 
1.428000e+00 2.018952e-23 1.072670e-23 3.091623e-23 
1.430000e+00 2.014802e-23 1.069697e-23 3.084500e-23 
1.432000e+00 2.010805e-23 1.066660e-23 3.077465e-23 
1.434000e+00 2.007290e-23 1.064037e-23 3.071327e-23 
1.436000e+00 2.003692e-23 1.061447e-23 3.065140e-23 
1.438000e+00 1.999920e-23 1.058925e-23 3.058846e-23 
1.440000e+00 1.996287e-23 1.055585e-23 3.051872e-23 
1.442000e+00 1.992458e-23 1.052855e-23 3.045313e-23 
1.444000e+00 1.987716e-23 1.050228e-23 3.037945e-23 
1.446000e+00 1.984012e-23 1.047528e-23 3.031540e-23 
1.448000e+00 1.980297e-23 1.044649e-23 3.024946e-23 
1.450000e+00 1.976293e-23 1.042549e-23 3.018841e-23 
1.452000e+00 1.971753e-23 1.039758e-23 3.011512e-23 
1.454000e+00 1.967884e-23 1.036927e-23 3.004811e-23 
1.456000e+00 1.963656e-23 1.034670e-23 2.998326e-23 
1.458000e+00 1.959798e-23 1.031852e-23 2.991650e-23 
1.460000e+00 1.955829e-23 1.029681e-23 2.985510e-23 
1.462000e+00 1.951799e-23 1.026825e-23 2.978625e-23 
1.464000e+00 1.947971e-23 1.023758e-23 2.971728e-23 
1.466000e+00 1.943893e-23 1.021376e-23 2.965268e-23 
1.468000e+00 1.940201e-23 1.018871e-23 2.959073e-23 
1.470000e+00 1.936234e-23 1.016439e-23 2.952673e-23 
1.472000e+00 1.932111e-23 1.013466e-23 2.945578e-23 
1.474000e+00 1.928685e-23 1.011322e-23 2.940007e-23 
1.476000e+00 1.924419e-23 1.008398e-23 2.932817e-23 
1.478000e+00 1.920402e-23 1.006034e-23 2.926436e-23 
1.480000e+00 1.916873e-23 1.003554e-23 2.920427e-23 
1.482000e+00 1.912751e-23 1.000588e-23 2.913339e-23 
1.484000e+00 1.908920e-23 9.980664e-24 2.906986e-23 
1.486000e+00 1.904868e-23 9.958012e-24 2.900669e-23 
1.488000e+00 1.900557e-23 9.932434e-24 2.893800e-23 
1.490000e+00 1.897023e-23 9.912858e-24 2.888309e-23 
1.492000e+00 1.892341e-23 9.887145e-24 2.881056e-23 
1.494000e+00 1.888916e-23 9.863395e-24 2.875256e-23 
1.496000e+00 1.884611e-23 9.837506e-24 2.868362e-23 
1.498000e+00 1.880730e-23 9.811862e-24 2.861916e-23 
1.500000e+00 1.876957e-23 9.786249e-24 2.855582e-23 
1.502000e+00 1.872437e-23 9.761601e-24 2.848597e-23 
1.504000e+00 1.868791e-23 9.734902e-24 2.842282e-23 
1.506000e+00 1.864938e-23 9.710339e-24 2.835972e-23 
1.508000e+00 1.861217e-23 9.684518e-24 2.829669e-23 
1.510000e+00 1.857413e-23 9.660107e-24 2.823424e-23 
1.512000e+00 1.852890e-23 9.639323e-24 2.816822e-23 
1.514000e+00 1.849155e-23 9.612837e-24 2.810438e-23 
1.516000e+00 1.845232e-23 9.592806e-24 2.804513e-23 
1.518000e+00 1.841183e-23 9.564962e-24 2.797679e-23 
1.520000e+00 1.837168e-23 9.544489e-24 2.791616e-23 
1.522000e+00 1.833371e-23 9.522837e-24 2.785655e-23 
1.524000e+00 1.829235e-23 9.495830e-24 2.778818e-23 
1.526000e+00 1.825087e-23 9.473518e-24 2.772439e-23 
1.528000e+00 1.821138e-23 9.452676e-24 2.766406e-23 
1.530000e+00 1.816971e-23 9.432098e-24 2.760181e-23 
1.532000e+00 1.813971e-23 9.404012e-24 2.754373e-23 
1.534000e+00 1.809552e-23 9.381439e-24 2.747696e-23 
1.536000e+00 1.806457e-23 9.358445e-24 2.742302e-23 
1.538000e+00 1.802174e-23 9.337323e-24 2.735907e-23 
1.540000e+00 1.798172e-23 9.309782e-24 2.729150e-23 
1.542000e+00 1.794109e-23 9.289286e-24 2.723038e-23 
1.544000e+00 1.790413e-23 9.265356e-24 2.716948e-23 
1.546000e+00 1.786201e-23 9.244618e-24 2.710662e-23 
1.548000e+00 1.782813e-23 9.221838e-24 2.704997e-23 
1.550000e+00 1.778684e-23 9.198078e-24 2.698492e-23 
1.552000e+00 1.775159e-23 9.175062e-24 2.692665e-23 
1.554000e+00 1.770809e-23 9.155155e-24 2.686324e-23 
1.556000e+00 1.767431e-23 9.134595e-24 2.680890e-23 
1.558000e+00 1.763798e-23 9.113171e-24 2.675116e-23 
1.560000e+00 1.759417e-23 9.087755e-24 2.668193e-23 
1.562000e+00 1.755934e-23 9.069597e-24 2.662893e-23 
1.564000e+00 1.751484e-23 9.047488e-24 2.656233e-23 
1.566000e+00 1.747815e-23 9.023508e-24 2.650166e-23 
1.568000e+00 1.744028e-23 9.004939e-24 2.644522e-23 
1.570000e+00 1.740387e-23 8.979836e-24 2.638370e-23 
1.572000e+00 1.736873e-23 8.957208e-24 2.632594e-23 
1.574000e+00 1.732781e-23 8.938280e-24 2.626609e-23 
1.576000e+00 1.729249e-23 8.915008e-24 2.620750e-23 
1.578000e+00 1.724783e-23 8.897580e-24 2.614541e-23 
1.580000e+00 1.720718e-23 8.872317e-24 2.607950e-23 
1.582000e+00 1.717300e-23 8.849205e-24 2.602220e-23 
1.584000e+00 1.713304e-23 8.827894e-24 2.596093e-23 
1.586000e+00 1.709548e-23 8.804750e-24 2.590023e-23 
1.588000e+00 1.705625e-23 8.786307e-24 2.584256e-23 
1.590000e+00 1.702004e-23 8.765049e-24 2.578508e-23 
1.592000e+00 1.698711e-23 8.746924e-24 2.573403e-23 
1.594000e+00 1.694882e-23 8.727220e-24 2.567604e-23 
1.596000e+00 1.691666e-23 8.706224e-24 2.562288e-23 
1.598000e+00 1.687673e-23 8.687508e-24 2.556423e-23 
1.600000e+00 1.683578e-23 8.667447e-24 2.550322e-23 
1.602000e+00 1.679832e-23 8.649361e-24 2.544768e-23 
1.604000e+00 1.675848e-23 8.623082e-24 2.538156e-23 
1.606000e+00 1.672598e-23 8.601906e-24 2.532788e-23 
1.608000e+00 1.669345e-23 8.580227e-24 2.527368e-23 
1.610000e+00 1.665118e-23 8.560565e-24 2.521175e-23 
1.612000e+00 1.661193e-23 8.540033e-24 2.515196e-23 
1.614000e+00 1.657936e-23 8.522781e-24 2.510215e-23 
1.616000e+00 1.653633e-23 8.501488e-24 2.503781e-23 
1.618000e+00 1.649418e-23 8.478231e-24 2.497241e-23 
1.620000e+00 1.646006e-23 8.459723e-24 2.491978e-23 
1.622000e+00 1.642712e-23 8.436528e-24 2.486365e-23 
1.624000e+00 1.638630e-23 8.423584e-24 2.480988e-23 
1.626000e+00 1.635280e-23 8.402193e-24 2.475499e-23 
1.628000e+00 1.631729e-23 8.385122e-24 2.470241e-23 
1.630000e+00 1.628233e-23 8.365863e-24 2.464819e-23 
1.632000e+00 1.624998e-23 8.349839e-24 2.459982e-23 
1.634000e+00 1.621100e-23 8.329857e-24 2.454085e-23 
1.636000e+00 1.617048e-23 8.312096e-24 2.448258e-23 
1.638000e+00 1.613624e-23 8.291433e-24 2.442767e-23 
1.640000e+00 1.609975e-23 8.274970e-24 2.437472e-23 
1.642000e+00 1.606297e-23 8.255159e-24 2.431813e-23 
1.644000e+00 1.602751e-23 8.237656e-24 2.426517e-23 
1.646000e+00 1.599179e-23 8.215112e-24 2.420691e-23 
1.648000e+00 1.595599e-23 8.198943e-24 2.415493e-23 
1.650000e+00 1.591622e-23 8.177222e-24 2.409345e-23 
1.652000e+00 1.587606e-23 8.160007e-24 2.403606e-23 
1.654000e+00 1.584228e-23 8.143581e-24 2.398586e-23 
1.656000e+00 1.580431e-23 8.121814e-24 2.392612e-23 
1.658000e+00 1.576733e-23 8.105610e-24 2.387294e-23 
1.660000e+00 1.573840e-23 8.089095e-24 2.382750e-23 
1.662000e+00 1.570284e-23 8.065682e-24 2.376852e-23 
1.664000e+00 1.566123e-23 8.048179e-24 2.370941e-23 
1.666000e+00 1.562439e-23 8.029340e-24 2.365373e-23 
1.668000e+00 1.558649e-23 8.011815e-24 2.359830e-23 
1.670000e+00 1.555745e-23 7.996052e-24 2.355350e-23 
1.672000e+00 1.552109e-23 7.978584e-24 2.349967e-23 
1.674000e+00 1.548047e-23 7.961407e-24 2.344188e-23 
1.676000e+00 1.544941e-23 7.942979e-24 2.339238e-23 
1.678000e+00 1.541265e-23 7.926761e-24 2.333941e-23 
1.680000e+00 1.537328e-23 7.906799e-24 2.328008e-23 
1.682000e+00 1.534293e-23 7.889984e-24 2.323291e-23 
1.684000e+00 1.530373e-23 7.872573e-24 2.317630e-23 
1.686000e+00 1.527300e-23 7.856556e-24 2.312955e-23 
1.688000e+00 1.523080e-23 7.836404e-24 2.306720e-23 
1.690000e+00 1.519995e-23 7.819566e-24 2.301952e-23 
1.692000e+00 1.516221e-23 7.799915e-24 2.296212e-23 
1.694000e+00 1.513145e-23 7.781290e-24 2.291274e-23 
1.696000e+00 1.510017e-23 7.763469e-24 2.286364e-23 
1.698000e+00 1.505770e-23 7.744714e-24 2.280242e-23 
1.700000e+00 1.502780e-23 7.727085e-24 2.275488e-23 
1.702000e+00 1.498592e-23 7.709455e-24 2.269537e-23 
1.704000e+00 1.495329e-23 7.696485e-24 2.264977e-23 
1.706000e+00 1.492009e-23 7.679377e-24 2.259946e-23 
1.708000e+00 1.487703e-23 7.657639e-24 2.253467e-23 
1.710000e+00 1.484989e-23 7.645599e-24 2.249549e-23 
1.712000e+00 1.481418e-23 7.625915e-24 2.244010e-23 
1.714000e+00 1.477264e-23 7.607001e-24 2.237964e-23 
1.716000e+00 1.474028e-23 7.594550e-24 2.233483e-23 
1.718000e+00 1.470352e-23 7.572666e-24 2.227618e-23 
1.720000e+00 1.467161e-23 7.560943e-24 2.223255e-23 
1.722000e+00 1.463296e-23 7.541483e-24 2.217444e-23 
1.724000e+00 1.459505e-23 7.522924e-24 2.211798e-23 
1.726000e+00 1.456289e-23 7.510480e-24 2.207337e-23 
1.728000e+00 1.452797e-23 7.488301e-24 2.201627e-23 
1.730000e+00 1.449359e-23 7.475790e-24 2.196938e-23 
1.732000e+00 1.445872e-23 7.455863e-24 2.191459e-23 
1.734000e+00 1.442491e-23 7.436573e-24 2.186148e-23 
1.736000e+00 1.438785e-23 7.421390e-24 2.180924e-23 
1.738000e+00 1.435614e-23 7.402300e-24 2.175844e-23 
1.740000e+00 1.432293e-23 7.389115e-24 2.171204e-23 
1.742000e+00 1.427938e-23 7.374972e-24 2.165435e-23 
1.744000e+00 1.424322e-23 7.359269e-24 2.160248e-23 
1.746000e+00 1.420762e-23 7.345731e-24 2.155335e-23 
1.748000e+00 1.417104e-23 7.326377e-24 2.149741e-23 
1.750000e+00 1.413732e-23 7.309700e-24 2.144702e-23 
1.752000e+00 1.410058e-23 7.294701e-24 2.139528e-23 
1.754000e+00 1.406405e-23 7.280748e-24 2.134479e-23 
1.756000e+00 1.402855e-23 7.264021e-24 2.129258e-23 
1.758000e+00 1.399429e-23 7.251468e-24 2.124576e-23 
1.760000e+00 1.395776e-23 7.235622e-24 2.119338e-23 
1.762000e+00 1.391962e-23 7.220047e-24 2.113967e-23 
1.764000e+00 1.388510e-23 7.201250e-24 2.108635e-23 
1.766000e+00 1.384887e-23 7.184102e-24 2.103297e-23 
1.768000e+00 1.380922e-23 7.168996e-24 2.097821e-23 
1.770000e+00 1.377527e-23 7.154858e-24 2.093013e-23 
1.772000e+00 1.373586e-23 7.139998e-24 2.087586e-23 
1.774000e+00 1.369958e-23 7.124898e-24 2.082448e-23 
1.776000e+00 1.365609e-23 7.107367e-24 2.076346e-23 
1.778000e+00 1.362055e-23 7.093694e-24 2.071424e-23 
1.780000e+00 1.358025e-23 7.076250e-24 2.065650e-23 
1.782000e+00 1.354288e-23 7.060041e-24 2.060292e-23 
1.784000e+00 1.349828e-23 7.051457e-24 2.054973e-23 
1.786000e+00 1.346004e-23 7.037228e-24 2.049727e-23 
1.788000e+00 1.341620e-23 7.018814e-24 2.043501e-23 
1.790000e+00 1.337907e-23 7.002849e-24 2.038192e-23 
1.792000e+00 1.334034e-23 6.991628e-24 2.033196e-23 
1.794000e+00 1.329478e-23 6.975081e-24 2.026986e-23 
1.796000e+00 1.325573e-23 6.962521e-24 2.021825e-23 
1.798000e+00 1.321895e-23 6.945040e-24 2.016399e-23 
1.800000e+00 1.317244e-23 6.934153e-24 2.010660e-23 
1.802000e+00 1.312408e-23 6.916509e-24 2.004059e-23 
1.804000e+00 1.307912e-23 6.900676e-24 1.997979e-23 
1.806000e+00 1.303458e-23 6.889987e-24 1.992457e-23 
1.808000e+00 1.297885e-23 6.874213e-24 1.985306e-23 
1.810000e+00 1.293438e-23 6.855499e-24 1.978988e-23 
1.812000e+00 1.287811e-23 6.846539e-24 1.972465e-23 
1.814000e+00 1.283059e-23 6.830622e-24 1.966121e-23 
1.816000e+00 1.276095e-23 6.815163e-24 1.957612e-23 
1.818000e+00 1.270185e-23 6.801569e-24 1.950342e-23 
1.820000e+00 1.264086e-23 6.785298e-24 1.942616e-23 
1.822000e+00 1.257065e-23 6.774150e-24 1.934480e-23 
1.824000e+00 1.248706e-23 6.757264e-24 1.924432e-23 
1.826000e+00 1.239185e-23 6.743938e-24 1.913579e-23 
1.828000e+00 1.230940e-23 6.727792e-24 1.903719e-23 
1.830000e+00 1.222228e-23 6.716758e-24 1.893904e-23 
1.832000e+00 1.213998e-23 6.705693e-24 1.884568e-23 
1.834000e+00 1.206699e-23 6.687126e-24 1.875411e-23 
1.836000e+00 1.198334e-23 6.676205e-24 1.865954e-23 
1.838000e+00 1.191667e-23 6.658325e-24 1.857499e-23 
1.840000e+00 1.188332e-23 6.645258e-24 1.852858e-23 
1.842000e+00 1.186360e-23 6.636527e-24 1.850013e-23 
1.844000e+00 1.184086e-23 6.617868e-24 1.845873e-23 
1.846000e+00 1.181814e-23 6.605261e-24 1.842340e-23 
1.848000e+00 1.184526e-23 6.592109e-24 1.843737e-23 
1.850000e+00 1.187645e-23 6.575824e-24 1.845227e-23 
1.852000e+00 1.191667e-23 6.562754e-24 1.847942e-23 
1.854000e+00 1.194153e-23 6.550317e-24 1.849184e-23 
1.856000e+00 1.198748e-23 6.533928e-24 1.852141e-23 
1.858000e+00 1.202860e-23 6.522107e-24 1.855071e-23 
1.860000e+00 1.207406e-23 6.510155e-24 1.858421e-23 
1.862000e+00 1.211807e-23 6.490352e-24 1.860842e-23 
1.864000e+00 1.213123e-23 6.481061e-24 1.861229e-23 
1.866000e+00 1.214329e-23 6.467636e-24 1.861092e-23 
1.868000e+00 1.215301e-23 6.454051e-24 1.860706e-23 
1.870000e+00 1.216228e-23 6.440638e-24 1.860292e-23 
1.872000e+00 1.216457e-23 6.428904e-24 1.859347e-23 
1.874000e+00 1.216034e-23 6.416240e-24 1.857658e-23 
1.876000e+00 1.216086e-23 6.402855e-24 1.856372e-23 
1.878000e+00 1.216412e-23 6.389718e-24 1.855384e-23 
1.880000e+00 1.216072e-23 6.382002e-24 1.854272e-23 
1.882000e+00 1.216446e-23 6.369230e-24 1.853369e-23 
1.884000e+00 1.215988e-23 6.357584e-24 1.851747e-23 
1.886000e+00 1.215416e-23 6.343212e-24 1.849738e-23 
1.888000e+00 1.214842e-23 6.329349e-24 1.847777e-23 
1.890000e+00 1.213563e-23 6.318703e-24 1.845433e-23 
1.892000e+00 1.213263e-23 6.304522e-24 1.843715e-23 
1.894000e+00 1.212478e-23 6.290786e-24 1.841557e-23 
1.896000e+00 1.211204e-23 6.278760e-24 1.839080e-23 
1.898000e+00 1.210667e-23 6.265636e-24 1.837231e-23 
1.900000e+00 1.209326e-23 6.252721e-24 1.834598e-23 
1.902000e+00 1.208054e-23 6.238441e-24 1.831898e-23 
1.904000e+00 1.206617e-23 6.230705e-24 1.829687e-23 
1.906000e+00 1.205579e-23 6.216579e-24 1.827237e-23 
1.908000e+00 1.204973e-23 6.203804e-24 1.825353e-23 
1.910000e+00 1.203510e-23 6.189872e-24 1.822497e-23 
1.912000e+00 1.202235e-23 6.180683e-24 1.820303e-23 
1.914000e+00 1.200995e-23 6.167968e-24 1.817792e-23 
1.916000e+00 1.200178e-23 6.154671e-24 1.815645e-23 
1.918000e+00 1.198974e-23 6.141549e-24 1.813129e-23 
1.920000e+00 1.197862e-23 6.131943e-24 1.811057e-23 
1.922000e+00 1.196244e-23 6.120508e-24 1.808295e-23 
1.924000e+00 1.194748e-23 6.102453e-24 1.804994e-23 
1.926000e+00 1.193450e-23 6.097659e-24 1.803216e-23 
1.928000e+00 1.192399e-23 6.082401e-24 1.800639e-23 
1.930000e+00 1.190612e-23 6.069325e-24 1.797545e-23 
1.932000e+00 1.189090e-23 6.061319e-24 1.795222e-23 
1.934000e+00 1.187947e-23 6.046760e-24 1.792623e-23 
1.936000e+00 1.186510e-23 6.031682e-24 1.789678e-23 
1.938000e+00 1.184895e-23 6.023326e-24 1.787228e-23 
1.940000e+00 1.183556e-23 6.010754e-24 1.784631e-23 
1.942000e+00 1.182054e-23 5.995776e-24 1.781632e-23 
1.944000e+00 1.180624e-23 5.987612e-24 1.779385e-23 
1.946000e+00 1.179243e-23 5.970156e-24 1.776259e-23 
1.948000e+00 1.177775e-23 5.955578e-24 1.773332e-23 
1.950000e+00 1.176037e-23 5.947631e-24 1.770800e-23 
1.952000e+00 1.173842e-23 5.933819e-24 1.767224e-23 
1.954000e+00 1.172512e-23 5.924145e-24 1.764926e-23 
1.956000e+00 1.170871e-23 5.910892e-24 1.761960e-23 
1.958000e+00 1.170147e-23 5.900871e-24 1.760234e-23 
1.960000e+00 1.168701e-23 5.891506e-24 1.757852e-23 
1.962000e+00 1.167152e-23 5.876563e-24 1.754808e-23 
1.964000e+00 1.165799e-23 5.868378e-24 1.752637e-23 
1.966000e+00 1.164502e-23 5.857524e-24 1.750255e-23 
1.968000e+00 1.162953e-23 5.843162e-24 1.747269e-23 
1.970000e+00 1.160775e-23 5.835054e-24 1.744280e-23 
1.972000e+00 1.158636e-23 5.819512e-24 1.740587e-23 
1.974000e+00 1.157030e-23 5.811167e-24 1.738147e-23 
1.976000e+00 1.155515e-23 5.803902e-24 1.735905e-23 
1.978000e+00 1.153903e-23 5.786749e-24 1.732578e-23 
1.980000e+00 1.152201e-23 5.776161e-24 1.729817e-23 
1.982000e+00 1.150871e-23 5.766135e-24 1.727484e-23 
1.984000e+00 1.149299e-23 5.751803e-24 1.724480e-23 
1.986000e+00 1.147665e-23 5.741259e-24 1.721791e-23 
1.988000e+00 1.145960e-23 5.732415e-24 1.719201e-23 
1.990000e+00 1.144436e-23 5.715479e-24 1.715984e-23 
1.992000e+00 1.142675e-23 5.707583e-24 1.713434e-23 
1.994000e+00 1.141013e-23 5.698827e-24 1.710896e-23 
1.996000e+00 1.139531e-23 5.683291e-24 1.707860e-23 
1.998000e+00 1.137994e-23 5.673641e-24 1.705358e-23 
2.000000e+00 1.135900e-23 5.663294e-24 1.702229e-23 
2.002000e+00 1.134520e-23 5.655190e-24 1.700039e-23 
2.004000e+00 1.132840e-23 5.642603e-24 1.697101e-23 
2.006000e+00 1.131268e-23 5.632447e-24 1.694512e-23 
2.008000e+00 1.129518e-23 5.621455e-24 1.691663e-23 
2.010000e+00 1.127943e-23 5.612241e-24 1.689167e-23 
2.012000e+00 1.126452e-23 5.602822e-24 1.686734e-23 
2.014000e+00 1.124673e-23 5.592059e-24 1.683879e-23 
2.016000e+00 1.122802e-23 5.582163e-24 1.681019e-23 
2.018000e+00 1.121171e-23 5.573491e-24 1.678520e-23 
2.020000e+00 1.119234e-23 5.562629e-24 1.675497e-23 
2.022000e+00 1.117682e-23 5.551789e-24 1.672861e-23 
2.024000e+00 1.115857e-23 5.541226e-24 1.669980e-23 
2.026000e+00 1.114053e-23 5.530001e-24 1.667053e-23 
2.028000e+00 1.112495e-23 5.520736e-24 1.664569e-23 
2.030000e+00 1.110664e-23 5.511036e-24 1.661767e-23 
2.032000e+00 1.108817e-23 5.500383e-24 1.658855e-23 
2.034000e+00 1.108173e-23 5.489778e-24 1.657150e-23 
2.036000e+00 1.105942e-23 5.473212e-24 1.653263e-23 
2.038000e+00 1.104395e-23 5.462456e-24 1.650641e-23 
2.040000e+00 1.103373e-23 5.452023e-24 1.648575e-23 
2.042000e+00 1.101595e-23 5.440267e-24 1.645621e-23 
2.044000e+00 1.099695e-23 5.436515e-24 1.643346e-23 
2.046000e+00 1.097848e-23 5.424531e-24 1.640302e-23 
2.048000e+00 1.096477e-23 5.413477e-24 1.637824e-23 
2.050000e+00 1.094321e-23 5.403467e-24 1.634667e-23 
2.052000e+00 1.092394e-23 5.394219e-24 1.631816e-23 
2.054000e+00 1.091554e-23 5.381664e-24 1.629721e-23 
2.056000e+00 1.089790e-23 5.370805e-24 1.626871e-23 
2.058000e+00 1.088048e-23 5.367674e-24 1.624816e-23 
2.060000e+00 1.086160e-23 5.355246e-24 1.621685e-23 
2.062000e+00 1.084203e-23 5.344362e-24 1.618639e-23 
2.064000e+00 1.082998e-23 5.332787e-24 1.616277e-23 
2.066000e+00 1.081401e-23 5.321667e-24 1.613568e-23 
2.068000e+00 1.079242e-23 5.310915e-24 1.610333e-23 
2.070000e+00 1.078659e-23 5.303314e-24 1.608990e-23 
2.072000e+00 1.076477e-23 5.293422e-24 1.605819e-23 
2.074000e+00 1.074999e-23 5.283855e-24 1.603384e-23 
2.076000e+00 1.073211e-23 5.271552e-24 1.600366e-23 
2.078000e+00 1.071422e-23 5.261387e-24 1.597561e-23 
2.080000e+00 1.070280e-23 5.254453e-24 1.595725e-23 
2.082000e+00 1.068462e-23 5.244289e-24 1.592890e-23 
2.084000e+00 1.066546e-23 5.230994e-24 1.589646e-23 
2.086000e+00 1.064613e-23 5.219933e-24 1.586606e-23 
2.088000e+00 1.062521e-23 5.209992e-24 1.583520e-23 
2.090000e+00 1.061393e-23 5.203193e-24 1.581712e-23 
2.092000e+00 1.059633e-23 5.192125e-24 1.578845e-23 
2.094000e+00 1.060251e-23 5.186897e-24 1.578940e-23 
2.096000e+00 1.058293e-23 5.173598e-24 1.575653e-23 
2.098000e+00 1.057040e-23 5.167753e-24 1.573815e-23 
2.100000e+00 1.053181e-23 5.157170e-24 1.568898e-23 
2.102000e+00 1.052197e-23 5.151306e-24 1.567327e-23 
2.104000e+00 1.049904e-23 5.146882e-24 1.564592e-23 
2.106000e+00 1.048010e-23 5.142204e-24 1.562230e-23 
2.108000e+00 1.046878e-23 5.129289e-24 1.559807e-23 
2.110000e+00 1.044849e-23 5.115005e-24 1.556349e-23 
2.112000e+00 1.043633e-23 5.101617e-24 1.553794e-23 
2.114000e+00 1.041887e-23 5.096999e-24 1.551587e-23 
2.116000e+00 1.040402e-23 5.084141e-24 1.548816e-23 
2.118000e+00 1.038265e-23 5.080453e-24 1.546310e-23 
2.120000e+00 1.037059e-23 5.065233e-24 1.543582e-23 
2.122000e+00 1.034872e-23 5.059766e-24 1.540849e-23 
2.124000e+00 1.033660e-23 5.048433e-24 1.538503e-23 
2.126000e+00 1.031761e-23 5.041808e-24 1.535942e-23 
2.128000e+00 1.030459e-23 5.029560e-24 1.533415e-23 
2.130000e+00 1.028234e-23 5.024702e-24 1.530705e-23 
2.132000e+00 1.027078e-23 5.011690e-24 1.528247e-23 
2.134000e+00 1.025122e-23 5.002991e-24 1.525421e-23 
2.136000e+00 1.023944e-23 4.991573e-24 1.523101e-23 
2.138000e+00 1.022442e-23 4.985542e-24 1.520996e-23 
2.140000e+00 1.021170e-23 4.979926e-24 1.519163e-23 
2.142000e+00 1.019006e-23 4.966714e-24 1.515677e-23 
2.144000e+00 1.017949e-23 4.959969e-24 1.513945e-23 
2.146000e+00 1.016459e-23 4.953749e-24 1.511834e-23 
2.148000e+00 1.014383e-23 4.940998e-24 1.508483e-23 
2.150000e+00 1.013166e-23 4.935961e-24 1.506762e-23 
2.152000e+00 1.010879e-23 4.925612e-24 1.503441e-23 
2.154000e+00 1.009375e-23 4.916733e-24 1.501049e-23 
2.156000e+00 1.008427e-23 4.908440e-24 1.499271e-23 
2.158000e+00 1.005993e-23 4.902245e-24 1.496217e-23 
2.160000e+00 1.004869e-23 4.889730e-24 1.493842e-23 
2.162000e+00 1.003654e-23 4.881896e-24 1.491844e-23 
2.164000e+00 1.001862e-23 4.873834e-24 1.489246e-23 
2.166000e+00 1.000553e-23 4.868573e-24 1.487410e-23 
2.168000e+00 9.985933e-24 4.855564e-24 1.484150e-23 
2.170000e+00 9.971525e-24 4.849252e-24 1.482078e-23 
2.172000e+00 9.956865e-24 4.839772e-24 1.479664e-23 
2.174000e+00 9.942941e-24 4.827155e-24 1.477010e-23 
2.176000e+00 9.930391e-24 4.820790e-24 1.475118e-23 
2.178000e+00 9.905767e-24 4.814097e-24 1.471986e-23 
2.180000e+00 9.892572e-24 4.807028e-24 1.469960e-23 
2.182000e+00 9.879695e-24 4.794606e-24 1.467430e-23 
2.184000e+00 9.866432e-24 4.787523e-24 1.465395e-23 
2.186000e+00 9.851324e-24 4.779603e-24 1.463093e-23 
2.188000e+00 9.836899e-24 4.770616e-24 1.460751e-23 
2.190000e+00 9.814419e-24 4.758731e-24 1.457315e-23 
2.192000e+00 9.801894e-24 4.751193e-24 1.455309e-23 
2.194000e+00 9.789223e-24 4.743674e-24 1.453290e-23 
2.196000e+00 9.771555e-24 4.736787e-24 1.450834e-23 
2.198000e+00 9.759460e-24 4.728007e-24 1.448747e-23 
2.200000e+00 9.743320e-24 4.722991e-24 1.446631e-23 
2.202000e+00 9.730156e-24 4.715902e-24 1.444606e-23 
2.204000e+00 9.707122e-24 4.707223e-24 1.441434e-23 
2.206000e+00 9.689962e-24 4.699219e-24 1.438918e-23 
2.208000e+00 9.678125e-24 4.687719e-24 1.436584e-23 
2.210000e+00 9.661292e-24 4.679828e-24 1.434112e-23 
2.212000e+00 9.646275e-24 4.669805e-24 1.431608e-23 
2.214000e+00 9.633368e-24 4.663752e-24 1.429712e-23 
2.216000e+00 9.620382e-24 4.656168e-24 1.427655e-23 
2.218000e+00 9.602808e-24 4.647323e-24 1.425013e-23 
2.220000e+00 9.587985e-24 4.641572e-24 1.422956e-23 
2.222000e+00 9.571838e-24 4.632929e-24 1.420477e-23 
2.224000e+00 9.557640e-24 4.625371e-24 1.418301e-23 
2.226000e+00 9.540006e-24 4.617196e-24 1.415720e-23 
2.228000e+00 9.526767e-24 4.604402e-24 1.413117e-23 
2.230000e+00 9.510232e-24 4.596569e-24 1.410680e-23 
2.232000e+00 9.496243e-24 4.588035e-24 1.408428e-23 
2.234000e+00 9.480986e-24 4.580774e-24 1.406176e-23 
2.236000e+00 9.475452e-24 4.572081e-24 1.404753e-23 
2.238000e+00 9.457389e-24 4.564266e-24 1.402165e-23 
2.240000e+00 9.442044e-24 4.557362e-24 1.399941e-23 
2.242000e+00 9.426049e-24 4.548282e-24 1.397433e-23 
2.244000e+00 9.414354e-24 4.541116e-24 1.395547e-23 
2.246000e+00 9.402631e-24 4.532464e-24 1.393510e-23 
2.248000e+00 9.385065e-24 4.525426e-24 1.391049e-23 
2.250000e+00 9.364305e-24 4.519998e-24 1.388430e-23 
2.252000e+00 9.346949e-24 4.509635e-24 1.385658e-23 
2.254000e+00 9.331263e-24 4.507596e-24 1.383886e-23 
2.256000e+00 9.315932e-24 4.501468e-24 1.381740e-23 
2.258000e+00 9.299904e-24 4.489553e-24 1.378946e-23 
2.260000e+00 9.287294e-24 4.481174e-24 1.376847e-23 
2.262000e+00 9.275434e-24 4.472593e-24 1.374803e-23 
2.264000e+00 9.257631e-24 4.466512e-24 1.372414e-23 
2.266000e+00 9.244926e-24 4.458750e-24 1.370368e-23 
2.268000e+00 9.227269e-24 4.449642e-24 1.367691e-23 
2.270000e+00 9.212133e-24 4.439280e-24 1.365141e-23 
2.272000e+00 9.199732e-24 4.432063e-24 1.363180e-23 
2.274000e+00 9.189995e-24 4.422639e-24 1.361263e-23 
2.276000e+00 9.171142e-24 4.414639e-24 1.358578e-23 
2.278000e+00 9.156135e-24 4.411348e-24 1.356748e-23 
2.280000e+00 9.139858e-24 4.404160e-24 1.354402e-23 
2.282000e+00 9.129283e-24 4.394766e-24 1.352405e-23 
2.284000e+00 9.114104e-24 4.386163e-24 1.350027e-23 
2.286000e+00 9.105052e-24 4.378823e-24 1.348387e-23 
2.288000e+00 9.086240e-24 4.369911e-24 1.345615e-23 
2.290000e+00 9.072656e-24 4.360528e-24 1.343318e-23 
2.292000e+00 9.062237e-24 4.354133e-24 1.341637e-23 
2.294000e+00 9.047529e-24 4.349176e-24 1.339670e-23 
2.296000e+00 9.029165e-24 4.338660e-24 1.336783e-23 
2.298000e+00 9.011818e-24 4.331847e-24 1.334366e-23 
2.300000e+00 9.003616e-24 4.330281e-24 1.333390e-23 
2.302000e+00 8.986260e-24 4.321114e-24 1.330737e-23 
2.304000e+00 8.969376e-24 4.312806e-24 1.328218e-23 
2.306000e+00 8.965108e-24 4.303791e-24 1.326890e-23 
2.308000e+00 8.946135e-24 4.300181e-24 1.324632e-23 
2.310000e+00 8.936724e-24 4.290355e-24 1.322708e-23 
2.312000e+00 8.921634e-24 4.282299e-24 1.320393e-23 
2.314000e+00 8.909165e-24 4.279538e-24 1.318870e-23 
2.316000e+00 8.893752e-24 4.272291e-24 1.316604e-23 
2.318000e+00 8.883728e-24 4.262120e-24 1.314585e-23 
2.320000e+00 8.867128e-24 4.251454e-24 1.311858e-23 
2.322000e+00 8.847176e-24 4.249172e-24 1.309635e-23 
2.324000e+00 8.839388e-24 4.241050e-24 1.308044e-23 
2.326000e+00 8.823753e-24 4.230484e-24 1.305424e-23 
2.328000e+00 8.803916e-24 4.230275e-24 1.303419e-23 
2.330000e+00 8.798098e-24 4.219966e-24 1.301806e-23 
2.332000e+00 8.777220e-24 4.209453e-24 1.298667e-23 
2.334000e+00 8.758350e-24 4.208263e-24 1.296661e-23 
2.336000e+00 8.751329e-24 4.198777e-24 1.295011e-23 
2.338000e+00 8.735092e-24 4.188482e-24 1.292357e-23 
2.340000e+00 8.722025e-24 4.186727e-24 1.290875e-23 
2.342000e+00 8.713977e-24 4.176240e-24 1.289022e-23 
2.344000e+00 8.696228e-24 4.167483e-24 1.286371e-23 
2.346000e+00 8.688647e-24 4.163379e-24 1.285203e-23 
2.348000e+00 8.677665e-24 4.157161e-24 1.283483e-23 
2.350000e+00 8.662056e-24 4.151708e-24 1.281376e-23 
2.352000e+00 8.649637e-24 4.141725e-24 1.279136e-23 
2.354000e+00 8.640437e-24 4.139413e-24 1.277985e-23 
2.356000e+00 8.622973e-24 4.130139e-24 1.275311e-23 
2.358000e+00 8.614139e-24 4.124849e-24 1.273899e-23 
2.360000e+00 8.593715e-24 4.116515e-24 1.271023e-23 
2.362000e+00 8.583269e-24 4.112661e-24 1.269593e-23 
2.364000e+00 8.565543e-24 4.102913e-24 1.266846e-23 
2.366000e+00 8.556690e-24 4.098428e-24 1.265512e-23 
2.368000e+00 8.536766e-24 4.091849e-24 1.262862e-23 
2.370000e+00 8.528391e-24 4.082800e-24 1.261119e-23 
2.372000e+00 8.506352e-24 4.076675e-24 1.258303e-23 
2.374000e+00 8.497248e-24 4.073114e-24 1.257036e-23 
2.376000e+00 8.489024e-24 4.062988e-24 1.255201e-23 
2.378000e+00 8.477159e-24 4.059259e-24 1.253642e-23 
2.380000e+00 8.459296e-24 4.051066e-24 1.251036e-23 
2.382000e+00 8.450638e-24 4.047825e-24 1.249846e-23 
2.384000e+00 8.436814e-24 4.036929e-24 1.247374e-23 
2.386000e+00 8.421770e-24 4.033366e-24 1.245514e-23 
2.388000e+00 8.409602e-24 4.023395e-24 1.243300e-23 
2.390000e+00 8.391700e-24 4.022112e-24 1.241381e-23 
2.392000e+00 8.381362e-24 4.009460e-24 1.239082e-23 
2.394000e+00 8.369686e-24 4.006196e-24 1.237588e-23 
2.396000e+00 8.350821e-24 3.996996e-24 1.234782e-23 
2.398000e+00 8.343245e-24 3.993642e-24 1.233689e-23 
2.400000e+00 8.331477e-24 3.988006e-24 1.231948e-23 
2.402000e+00 8.317684e-24 3.976741e-24 1.229442e-23 
2.404000e+00 8.310707e-24 3.975830e-24 1.228654e-23 
2.406000e+00 8.289842e-24 3.966291e-24 1.225613e-23 
2.408000e+00 8.277833e-24 3.960762e-24 1.223859e-23 
2.410000e+00 8.269789e-24 3.956636e-24 1.222642e-23 
2.412000e+00 8.256282e-24 3.946271e-24 1.220255e-23 
2.414000e+00 8.244697e-24 3.942924e-24 1.218762e-23 
2.416000e+00 8.238043e-24 3.936748e-24 1.217479e-23 
2.418000e+00 8.229123e-24 3.927658e-24 1.215678e-23 
2.420000e+00 8.217312e-24 3.931188e-24 1.214850e-23 
2.422000e+00 8.191848e-24 3.921467e-24 1.211332e-23 
2.424000e+00 8.182852e-24 3.916660e-24 1.209951e-23 
2.426000e+00 8.164096e-24 3.912873e-24 1.207697e-23 
2.428000e+00 8.151004e-24 3.896828e-24 1.204783e-23 
2.430000e+00 8.142910e-24 3.891172e-24 1.203408e-23 
2.432000e+00 8.130691e-24 3.888330e-24 1.201902e-23 
2.434000e+00 8.116466e-24 3.876944e-24 1.199341e-23 
2.436000e+00 8.108175e-24 3.874095e-24 1.198227e-23 
2.438000e+00 8.095137e-24 3.869404e-24 1.196454e-23 
2.440000e+00 8.082990e-24 3.860322e-24 1.194331e-23 
2.442000e+00 8.071334e-24 3.854219e-24 1.192555e-23 
2.444000e+00 8.063542e-24 3.850474e-24 1.191402e-23 
2.446000e+00 8.051288e-24 3.840388e-24 1.189168e-23 
2.448000e+00 8.029948e-24 3.835428e-24 1.186538e-23 
2.450000e+00 8.019275e-24 3.831568e-24 1.185084e-23 
2.452000e+00 8.007696e-24 3.821499e-24 1.182919e-23 
2.454000e+00 7.994787e-24 3.818477e-24 1.181326e-23 
2.456000e+00 7.985699e-24 3.812611e-24 1.179831e-23 
2.458000e+00 7.973438e-24 3.802641e-24 1.177608e-23 
2.460000e+00 7.958688e-24 3.796582e-24 1.175527e-23 
2.462000e+00 7.947104e-24 3.794197e-24 1.174130e-23 
2.464000e+00 7.936717e-24 3.789833e-24 1.172655e-23 
2.466000e+00 7.925193e-24 3.778756e-24 1.170395e-23 
2.468000e+00 7.915665e-24 3.773799e-24 1.168946e-23 
2.470000e+00 7.900760e-24 3.768976e-24 1.166974e-23 
2.472000e+00 7.887195e-24 3.764524e-24 1.165172e-23 
2.474000e+00 7.877086e-24 3.760501e-24 1.163759e-23 
2.476000e+00 7.857946e-24 3.750704e-24 1.160865e-23 
2.478000e+00 7.846299e-24 3.745403e-24 1.159170e-23 
2.480000e+00 7.834868e-24 3.740502e-24 1.157537e-23 
2.482000e+00 7.822076e-24 3.735477e-24 1.155755e-23 
2.484000e+00 7.810501e-24 3.732115e-24 1.154262e-23 
2.486000e+00 7.806505e-24 3.719611e-24 1.152612e-23 
2.488000e+00 7.793583e-24 3.716491e-24 1.151007e-23 
2.490000e+00 7.781159e-24 3.710737e-24 1.149190e-23 
2.492000e+00 7.767324e-24 3.705530e-24 1.147285e-23 
2.494000e+00 7.755923e-24 3.700228e-24 1.145615e-23 
2.496000e+00 7.743859e-24 3.691466e-24 1.143533e-23 
2.498000e+00 7.731894e-24 3.685558e-24 1.141745e-23 
2.500000e+00 7.718867e-24 3.681029e-24 1.139990e-23 
2.502000e+00 7.707191e-24 3.676304e-24 1.138350e-23 
2.504000e+00 7.695455e-24 3.671862e-24 1.136732e-23 
2.506000e+00 7.681384e-24 3.661577e-24 1.134296e-23 
2.508000e+00 7.676664e-24 3.656555e-24 1.133322e-23 
2.510000e+00 7.666430e-24 3.651548e-24 1.131798e-23 
2.512000e+00 7.653814e-24 3.646783e-24 1.130060e-23 
2.514000e+00 7.638105e-24 3.640321e-24 1.127843e-23 
2.516000e+00 7.626724e-24 3.637369e-24 1.126409e-23 
2.518000e+00 7.613117e-24 3.629500e-24 1.124262e-23 
2.520000e+00 7.604207e-24 3.628057e-24 1.123226e-23 
2.522000e+00 7.591425e-24 3.620008e-24 1.121143e-23 
2.524000e+00 7.583969e-24 3.610393e-24 1.119436e-23 
2.526000e+00 7.575146e-24 3.605721e-24 1.118087e-23 
2.528000e+00 7.560703e-24 3.600492e-24 1.116119e-23 
2.530000e+00 7.548960e-24 3.596533e-24 1.114549e-23 
2.532000e+00 7.544086e-24 3.590454e-24 1.113454e-23 
2.534000e+00 7.528920e-24 3.584407e-24 1.111333e-23 
2.536000e+00 7.518726e-24 3.579324e-24 1.109805e-23 
2.538000e+00 7.503698e-24 3.574199e-24 1.107790e-23 
2.540000e+00 7.490608e-24 3.570428e-24 1.106104e-23 
2.542000e+00 7.475900e-24 3.562242e-24 1.103814e-23 
2.544000e+00 7.475000e-24 3.558841e-24 1.103384e-23 
2.546000e+00 7.461390e-24 3.553221e-24 1.101461e-23 
2.548000e+00 7.445769e-24 3.547933e-24 1.099370e-23 
2.550000e+00 7.441295e-24 3.543393e-24 1.098469e-23 
2.552000e+00 7.429239e-24 3.537355e-24 1.096659e-23 
2.554000e+00 7.417640e-24 3.532075e-24 1.094971e-23 
2.556000e+00 7.411444e-24 3.528712e-24 1.094016e-23 
2.558000e+00 7.397327e-24 3.521699e-24 1.091903e-23 
2.560000e+00 7.382608e-24 3.517258e-24 1.089987e-23 
2.562000e+00 7.378930e-24 3.511919e-24 1.089085e-23 
2.564000e+00 7.367008e-24 3.501047e-24 1.086806e-23 
2.566000e+00 7.351790e-24 3.494787e-24 1.084658e-23 
2.568000e+00 7.341504e-24 3.490169e-24 1.083167e-23 
2.570000e+00 7.333401e-24 3.484208e-24 1.081761e-23 
2.572000e+00 7.321485e-24 3.479739e-24 1.080122e-23 
2.574000e+00 7.307098e-24 3.478232e-24 1.078533e-23 
2.576000e+00 7.295972e-24 3.472745e-24 1.076872e-23 
2.578000e+00 7.280848e-24 3.468813e-24 1.074966e-23 
2.580000e+00 7.275714e-24 3.463399e-24 1.073911e-23 
2.582000e+00 7.262700e-24 3.456993e-24 1.071969e-23 
2.584000e+00 7.246102e-24 3.452040e-24 1.069814e-23 
2.586000e+00 7.242870e-24 3.445108e-24 1.068798e-23 
2.588000e+00 7.228965e-24 3.439642e-24 1.066861e-23 
2.590000e+00 7.214804e-24 3.434518e-24 1.064932e-23 
2.592000e+00 7.211238e-24 3.430750e-24 1.064199e-23 
2.594000e+00 7.197034e-24 3.424796e-24 1.062183e-23 
2.596000e+00 7.190213e-24 3.418911e-24 1.060912e-23 
2.598000e+00 7.177481e-24 3.420206e-24 1.059769e-23 
2.600000e+00 7.161676e-24 3.412485e-24 1.057416e-23 
2.602000e+00 7.158538e-24 3.406583e-24 1.056512e-23 
2.604000e+00 7.148356e-24 3.402896e-24 1.055125e-23 
2.606000e+00 7.136402e-24 3.395364e-24 1.053177e-23 
2.608000e+00 7.122951e-24 3.390626e-24 1.051358e-23 
2.610000e+00 7.118235e-24 3.384728e-24 1.050296e-23 
2.612000e+00 7.111327e-24 3.377923e-24 1.048925e-23 
2.614000e+00 7.104069e-24 3.373081e-24 1.047715e-23 
2.616000e+00 7.087735e-24 3.366853e-24 1.045459e-23 
2.618000e+00 7.083085e-24 3.368751e-24 1.045184e-23 
2.620000e+00 7.066179e-24 3.364085e-24 1.043026e-23 
2.622000e+00 7.060489e-24 3.358810e-24 1.041930e-23 
2.624000e+00 7.006020e-24 3.349809e-24 1.035583e-23 
2.626000e+00 7.032229e-24 3.344657e-24 1.037689e-23 
2.628000e+00 7.025165e-24 3.338287e-24 1.036345e-23 
2.630000e+00 7.010605e-24 3.331953e-24 1.034256e-23 
2.632000e+00 7.006172e-24 3.326852e-24 1.033302e-23 
2.634000e+00 6.989913e-24 3.326697e-24 1.031661e-23 
2.636000e+00 6.976653e-24 3.321625e-24 1.029828e-23 
2.638000e+00 6.973537e-24 3.315929e-24 1.028947e-23 
2.640000e+00 6.963022e-24 3.310860e-24 1.027388e-23 
2.642000e+00 6.948756e-24 3.305686e-24 1.025444e-23 
2.644000e+00 6.944322e-24 3.304173e-24 1.024850e-23 
2.646000e+00 6.929721e-24 3.298342e-24 1.022806e-23 
2.648000e+00 6.921218e-24 3.289371e-24 1.021059e-23 
2.650000e+00 6.918249e-24 3.285648e-24 1.020390e-23 
2.652000e+00 6.902309e-24 3.279895e-24 1.018220e-23 
2.654000e+00 6.899499e-24 3.279011e-24 1.017851e-23 
2.656000e+00 6.882837e-24 3.273754e-24 1.015659e-23 
2.658000e+00 6.874773e-24 3.267741e-24 1.014251e-23 
2.660000e+00 6.859184e-24 3.261110e-24 1.012029e-23 
2.662000e+00 6.854378e-24 3.255013e-24 1.010939e-23 
2.664000e+00 6.841541e-24 3.256189e-24 1.009773e-23 
2.666000e+00 6.834361e-24 3.248113e-24 1.008247e-23 
2.668000e+00 6.819218e-24 3.242982e-24 1.006220e-23 
2.670000e+00 6.814581e-24 3.238479e-24 1.005306e-23 
2.672000e+00 6.799800e-24 3.231944e-24 1.003174e-23 
2.674000e+00 6.791528e-24 3.231863e-24 1.002339e-23 
2.676000e+00 6.774967e-24 3.224094e-24 9.999061e-24 
2.678000e+00 6.771192e-24 3.218145e-24 9.989336e-24 
2.680000e+00 6.763201e-24 3.210432e-24 9.973634e-24 
2.682000e+00 6.746163e-24 3.206416e-24 9.952579e-24 
2.684000e+00 6.742985e-24 3.205218e-24 9.948202e-24 
2.686000e+00 6.734438e-24 3.201425e-24 9.935864e-24 
2.688000e+00 6.719782e-24 3.193147e-24 9.912928e-24 
2.690000e+00 6.714597e-24 3.186334e-24 9.900930e-24 
2.692000e+00 6.699332e-24 3.185284e-24 9.884616e-24 
2.694000e+00 6.691665e-24 3.180926e-24 9.872591e-24 
2.696000e+00 6.686574e-24 3.175912e-24 9.862486e-24 
2.698000e+00 6.672216e-24 3.174503e-24 9.846718e-24 
2.700000e+00 6.663693e-24 3.166705e-24 9.830398e-24 
2.702000e+00 6.654636e-24 3.160714e-24 9.815350e-24 
2.704000e+00 6.644803e-24 3.160679e-24 9.805483e-24 
2.706000e+00 6.634386e-24 3.153715e-24 9.788100e-24 
2.708000e+00 6.628004e-24 3.149168e-24 9.777173e-24 
2.710000e+00 6.622276e-24 3.147274e-24 9.769549e-24 
2.712000e+00 6.608440e-24 3.141292e-24 9.749732e-24 
2.714000e+00 6.598749e-24 3.135807e-24 9.734557e-24 
2.716000e+00 6.591494e-24 3.136018e-24 9.727512e-24 
2.718000e+00 6.585370e-24 3.128589e-24 9.713959e-24 
2.720000e+00 6.576692e-24 3.121432e-24 9.698124e-24 
2.722000e+00 6.564285e-24 3.120804e-24 9.685089e-24 
2.724000e+00 6.557231e-24 3.115022e-24 9.672253e-24 
2.726000e+00 6.551885e-24 3.109062e-24 9.660947e-24 
2.728000e+00 6.535001e-24 3.107157e-24 9.642158e-24 
2.730000e+00 6.527035e-24 3.101793e-24 9.628828e-24 
2.732000e+00 6.519807e-24 3.094409e-24 9.614216e-24 
2.734000e+00 6.514592e-24 3.093832e-24 9.608424e-24 
2.736000e+00 6.498274e-24 3.088371e-24 9.586645e-24 
2.738000e+00 6.489060e-24 3.081740e-24 9.570800e-24 
2.740000e+00 6.480714e-24 3.081410e-24 9.562125e-24 
2.742000e+00 6.477556e-24 3.073979e-24 9.551535e-24 
2.744000e+00 6.469624e-24 3.068812e-24 9.538435e-24 
2.746000e+00 6.453436e-24 3.067901e-24 9.521337e-24 
2.748000e+00 6.445925e-24 3.061141e-24 9.507066e-24 
2.750000e+00 6.438895e-24 3.053448e-24 9.492343e-24 
2.752000e+00 6.422908e-24 3.052664e-24 9.475572e-24 
2.754000e+00 6.415645e-24 3.047046e-24 9.462691e-24 
2.756000e+00 6.406764e-24 3.046001e-24 9.452765e-24 
2.758000e+00 6.400937e-24 3.040550e-24 9.441486e-24 
2.760000e+00 6.395447e-24 3.032717e-24 9.428165e-24 
2.762000e+00 6.377377e-24 3.032575e-24 9.409952e-24 
2.764000e+00 6.370113e-24 3.027200e-24 9.397313e-24 
2.766000e+00 6.362147e-24 3.023817e-24 9.385963e-24 
2.768000e+00 6.357362e-24 3.018451e-24 9.375813e-24 
2.770000e+00 6.347042e-24 3.016483e-24 9.363525e-24 
2.772000e+00 6.338594e-24 3.010708e-24 9.349302e-24 
2.774000e+00 6.331488e-24 3.002229e-24 9.333717e-24 
2.776000e+00 6.315262e-24 3.002756e-24 9.318018e-24 
2.778000e+00 6.308119e-24 2.995737e-24 9.303855e-24 
2.780000e+00 6.303930e-24 2.994935e-24 9.298865e-24 
2.782000e+00 6.296285e-24 2.987352e-24 9.283637e-24 
2.784000e+00 6.285184e-24 2.987854e-24 9.273038e-24 
2.786000e+00 6.278635e-24 2.980260e-24 9.258895e-24 
2.788000e+00 6.269543e-24 2.980161e-24 9.249704e-24 
2.790000e+00 6.263013e-24 2.974032e-24 9.237045e-24 
2.792000e+00 6.246230e-24 2.964837e-24 9.211067e-24 
2.794000e+00 6.242748e-24 2.963822e-24 9.206570e-24 
2.796000e+00 6.231911e-24 2.959344e-24 9.191254e-24 
2.798000e+00 6.224316e-24 2.958708e-24 9.183025e-24 
2.800000e+00 6.215486e-24 2.950994e-24 9.166481e-24 
2.802000e+00 6.209234e-24 2.950310e-24 9.159543e-24 
2.804000e+00 6.201252e-24 2.942815e-24 9.144067e-24 
2.806000e+00 6.193651e-24 2.941842e-24 9.135493e-24 
2.808000e+00 6.185567e-24 2.936026e-24 9.121593e-24 
2.810000e+00 6.168628e-24 2.926197e-24 9.094825e-24 
2.812000e+00 6.162750e-24 2.927544e-24 9.090294e-24 
2.814000e+00 6.152410e-24 2.919107e-24 9.071517e-24 
2.816000e+00 6.145877e-24 2.920571e-24 9.066448e-24 
2.818000e+00 6.136272e-24 2.912088e-24 9.048360e-24 
2.820000e+00 6.130482e-24 2.909784e-24 9.040266e-24 
2.822000e+00 6.120907e-24 2.905561e-24 9.026468e-24 
2.824000e+00 6.113232e-24 2.902678e-24 9.015910e-24 
2.826000e+00 6.107356e-24 2.897117e-24 9.004472e-24 
2.828000e+00 6.093587e-24 2.896236e-24 8.989823e-24 
2.830000e+00 6.080957e-24 2.889719e-24 8.970676e-24 
2.832000e+00 6.071938e-24 2.887628e-24 8.959565e-24 
2.834000e+00 6.065015e-24 2.881322e-24 8.946336e-24 
2.836000e+00 6.055734e-24 2.879173e-24 8.934908e-24 
2.838000e+00 6.049348e-24 2.878373e-24 8.927722e-24 
2.840000e+00 6.037717e-24 2.871020e-24 8.908737e-24 
2.842000e+00 6.035135e-24 2.870367e-24 8.905502e-24 
2.844000e+00 6.022583e-24 2.861644e-24 8.884227e-24 
2.846000e+00 6.021977e-24 2.861472e-24 8.883448e-24 
2.848000e+00 6.016564e-24 2.854005e-24 8.870569e-24 
2.850000e+00 6.007901e-24 2.857163e-24 8.865064e-24 
2.852000e+00 6.007580e-24 2.850759e-24 8.858339e-24 
2.854000e+00 5.980565e-24 2.847375e-24 8.827940e-24 
2.856000e+00 5.973726e-24 2.837546e-24 8.811272e-24 
2.858000e+00 5.965341e-24 2.836123e-24 8.801464e-24 
2.860000e+00 5.956244e-24 2.829349e-24 8.785593e-24 
2.862000e+00 5.950934e-24 2.828024e-24 8.778958e-24 
2.864000e+00 5.938205e-24 2.826690e-24 8.764895e-24 
2.866000e+00 5.930250e-24 2.819636e-24 8.749886e-24 
2.868000e+00 5.921365e-24 2.816017e-24 8.737383e-24 
2.870000e+00 5.913831e-24 2.810016e-24 8.723848e-24 
2.872000e+00 5.904339e-24 2.809156e-24 8.713495e-24 
2.874000e+00 5.903274e-24 2.801737e-24 8.705012e-24 
2.876000e+00 5.896025e-24 2.799563e-24 8.695588e-24 
2.878000e+00 5.887554e-24 2.793659e-24 8.681214e-24 
2.880000e+00 5.879487e-24 2.792517e-24 8.672005e-24 
2.882000e+00 5.873412e-24 2.783387e-24 8.656798e-24 
2.884000e+00 5.863034e-24 2.783179e-24 8.646213e-24 
2.886000e+00 5.853666e-24 2.782001e-24 8.635667e-24 
2.888000e+00 5.847081e-24 2.774882e-24 8.621963e-24 
2.890000e+00 5.835669e-24 2.775699e-24 8.611368e-24 
2.892000e+00 5.829189e-24 2.772737e-24 8.601927e-24 
2.894000e+00 5.827006e-24 2.765519e-24 8.592525e-24 
2.896000e+00 5.820971e-24 2.763164e-24 8.584135e-24 
2.898000e+00 5.811256e-24 2.761902e-24 8.573157e-24 
2.900000e+00 5.804380e-24 2.754498e-24 8.558878e-24 
2.902000e+00 5.793933e-24 2.753012e-24 8.546946e-24 
2.904000e+00 5.719718e-24 2.750823e-24 8.470541e-24 
2.906000e+00 5.775664e-24 2.744691e-24 8.520355e-24 
2.908000e+00 5.766375e-24 2.742494e-24 8.508870e-24 
2.910000e+00 5.764885e-24 2.736047e-24 8.500931e-24 
2.912000e+00 5.756186e-24 2.732581e-24 8.488766e-24 
2.914000e+00 5.749430e-24 2.732527e-24 8.481957e-24 
2.916000e+00 5.741583e-24 2.724847e-24 8.466431e-24 
2.918000e+00 5.731766e-24 2.723106e-24 8.454872e-24 
2.920000e+00 5.724543e-24 2.722986e-24 8.447529e-24 
2.922000e+00 5.711361e-24 2.713037e-24 8.424397e-24 
2.924000e+00 5.704274e-24 2.711811e-24 8.416085e-24 
2.926000e+00 5.702194e-24 2.710668e-24 8.412862e-24 
2.928000e+00 5.694839e-24 2.704473e-24 8.399313e-24 
2.930000e+00 5.683685e-24 2.702231e-24 8.385915e-24 
2.932000e+00 5.677669e-24 2.699210e-24 8.376880e-24 
2.934000e+00 5.668784e-24 2.692338e-24 8.361122e-24 
2.936000e+00 5.661773e-24 2.690616e-24 8.352389e-24 
2.938000e+00 5.650915e-24 2.689467e-24 8.340382e-24 
2.940000e+00 5.650557e-24 2.679676e-24 8.330233e-24 
2.942000e+00 5.635284e-24 2.679051e-24 8.314335e-24 
2.944000e+00 5.634088e-24 2.680098e-24 8.314185e-24 
2.946000e+00 5.620407e-24 2.671317e-24 8.291724e-24 
2.948000e+00 5.612057e-24 2.670023e-24 8.282080e-24 
2.950000e+00 5.605992e-24 2.668271e-24 8.274262e-24 
2.952000e+00 5.595894e-24 2.659495e-24 8.255389e-24 
2.954000e+00 5.594138e-24 2.660671e-24 8.254808e-24 
2.956000e+00 5.585633e-24 2.656661e-24 8.242295e-24 
2.958000e+00 5.577267e-24 2.655459e-24 8.232726e-24 
2.960000e+00 5.568107e-24 2.648152e-24 8.216259e-24 
2.962000e+00 5.568699e-24 2.644557e-24 8.213255e-24 
2.964000e+00 5.556341e-24 2.643971e-24 8.200311e-24 
2.966000e+00 5.550005e-24 2.637275e-24 8.187280e-24 
2.968000e+00 5.547816e-24 2.635687e-24 8.183503e-24 
2.970000e+00 5.538468e-24 2.634419e-24 8.172886e-24 
2.972000e+00 5.527976e-24 2.630539e-24 8.158515e-24 
2.974000e+00 5.516953e-24 2.621931e-24 8.138884e-24 
2.976000e+00 5.510578e-24 2.621011e-24 8.131588e-24 
2.978000e+00 5.508174e-24 2.619568e-24 8.127742e-24 
2.980000e+00 5.499162e-24 2.613366e-24 8.112528e-24 
2.982000e+00 5.487661e-24 2.611312e-24 8.098973e-24 
2.984000e+00 5.478293e-24 2.607047e-24 8.085339e-24 
2.986000e+00 5.478551e-24 2.605914e-24 8.084465e-24 
2.988000e+00 5.470799e-24 2.598988e-24 8.069787e-24 
2.990000e+00 5.460247e-24 2.598191e-24 8.058439e-24 
2.992000e+00 5.458074e-24 2.593755e-24 8.051829e-24 
2.994000e+00 5.448657e-24 2.575051e-24 8.023708e-24 
2.996000e+00 5.411728e-24 2.584953e-24 7.996681e-24 
2.998000e+00 5.428276e-24 2.582518e-24 8.010794e-24 
