1.000000e-01 1.782650e-22 2.121899e-22 3.904549e-22 
1.020000e-01 1.776880e-22 2.106928e-22 3.883807e-22 
1.040000e-01 1.766076e-22 2.089509e-22 3.855585e-22 
1.060000e-01 1.750804e-22 2.073963e-22 3.824767e-22 
1.080000e-01 1.730387e-22 2.057311e-22 3.787698e-22 
1.100000e-01 1.703125e-22 2.039529e-22 3.742654e-22 
1.120000e-01 1.664636e-22 2.022944e-22 3.687580e-22 
1.140000e-01 1.601592e-22 2.005039e-22 3.606631e-22 
1.160000e-01 1.428094e-22 1.985980e-22 3.414075e-22 
1.180000e-01 1.519684e-22 1.968802e-22 3.488486e-22 
1.200000e-01 1.660133e-22 1.950790e-22 3.610924e-22 
1.220000e-01 1.689662e-22 1.931284e-22 3.620946e-22 
1.240000e-01 1.708093e-22 1.912859e-22 3.620952e-22 
1.260000e-01 1.720951e-22 1.893668e-22 3.614618e-22 
1.280000e-01 1.730058e-22 1.874106e-22 3.604164e-22 
1.300000e-01 1.736460e-22 1.854462e-22 3.590921e-22 
1.320000e-01 1.741027e-22 1.834473e-22 3.575499e-22 
1.340000e-01 1.744232e-22 1.813960e-22 3.558192e-22 
1.360000e-01 1.746112e-22 1.793610e-22 3.539721e-22 
1.380000e-01 1.746895e-22 1.772323e-22 3.519218e-22 
1.400000e-01 1.746742e-22 1.751541e-22 3.498283e-22 
1.420000e-01 1.746021e-22 1.729613e-22 3.475634e-22 
1.440000e-01 1.744541e-22 1.707709e-22 3.452250e-22 
1.460000e-01 1.742300e-22 1.685391e-22 3.427691e-22 
1.480000e-01 1.739348e-22 1.663230e-22 3.402578e-22 
1.500000e-01 1.735873e-22 1.640625e-22 3.376498e-22 
1.520000e-01 1.731789e-22 1.617339e-22 3.349128e-22 
1.540000e-01 1.726831e-22 1.594740e-22 3.321571e-22 
1.560000e-01 1.721079e-22 1.571481e-22 3.292560e-22 
1.580000e-01 1.714308e-22 1.547404e-22 3.261712e-22 
1.600000e-01 1.706660e-22 1.524284e-22 3.230944e-22 
1.620000e-01 1.697308e-22 1.500116e-22 3.197424e-22 
1.640000e-01 1.684543e-22 1.475526e-22 3.160069e-22 
1.660000e-01 1.663846e-22 1.451580e-22 3.115425e-22 
1.680000e-01 1.612425e-22 1.427888e-22 3.040313e-22 
1.700000e-01 1.634920e-22 1.404389e-22 3.039308e-22 
1.720000e-01 1.654209e-22 1.380514e-22 3.034723e-22 
1.740000e-01 1.661862e-22 1.356264e-22 3.018126e-22 
1.760000e-01 1.665879e-22 1.332093e-22 2.997972e-22 
1.780000e-01 1.668327e-22 1.307899e-22 2.976226e-22 
1.800000e-01 1.669800e-22 1.283563e-22 2.953363e-22 
1.820000e-01 1.670616e-22 1.259195e-22 2.929810e-22 
1.840000e-01 1.671142e-22 1.234816e-22 2.905959e-22 
1.860000e-01 1.671390e-22 1.210507e-22 2.881897e-22 
1.880000e-01 1.671581e-22 1.185751e-22 2.857331e-22 
1.900000e-01 1.671749e-22 1.161275e-22 2.833025e-22 
1.920000e-01 1.672489e-22 1.136748e-22 2.809237e-22 
1.940000e-01 1.674642e-22 1.112577e-22 2.787219e-22 
1.960000e-01 1.679398e-22 1.088156e-22 2.767554e-22 
1.980000e-01 1.694623e-22 1.063997e-22 2.758620e-22 
2.000000e-01 1.721610e-22 1.039837e-22 2.761447e-22 
2.020000e-01 1.691418e-22 1.016068e-22 2.707485e-22 
2.040000e-01 1.677656e-22 9.924686e-23 2.670124e-22 
2.060000e-01 1.667263e-22 9.681676e-23 2.635431e-22 
2.080000e-01 1.658343e-22 9.440757e-23 2.602419e-22 
2.100000e-01 1.650124e-22 9.199798e-23 2.570104e-22 
2.120000e-01 1.642308e-22 8.953050e-23 2.537613e-22 
2.140000e-01 1.634961e-22 8.704897e-23 2.505450e-22 
2.160000e-01 1.627759e-22 8.455781e-23 2.473337e-22 
2.180000e-01 1.620655e-22 8.200584e-23 2.440714e-22 
2.200000e-01 1.614052e-22 7.956620e-23 2.409714e-22 
2.220000e-01 1.607567e-22 7.713936e-23 2.378961e-22 
2.240000e-01 1.600752e-22 7.471479e-23 2.347900e-22 
2.260000e-01 1.593882e-22 7.226461e-23 2.316528e-22 
2.280000e-01 1.586711e-22 6.971597e-23 2.283871e-22 
2.300000e-01 1.579610e-22 6.721987e-23 2.251809e-22 
2.320000e-01 1.572605e-22 6.466958e-23 2.219301e-22 
2.340000e-01 1.565423e-22 6.207328e-23 2.186156e-22 
2.360000e-01 1.558274e-22 5.948043e-23 2.153078e-22 
2.380000e-01 1.551024e-22 5.685553e-23 2.119579e-22 
2.400000e-01 1.543532e-22 5.468281e-23 2.090360e-22 
2.420000e-01 1.536260e-22 5.295017e-23 2.065762e-22 
2.440000e-01 1.528908e-22 5.129778e-23 2.041886e-22 
2.460000e-01 1.521770e-22 4.921969e-23 2.013967e-22 
2.480000e-01 1.514649e-22 4.682176e-23 1.982866e-22 
2.500000e-01 1.507557e-22 4.408060e-23 1.948363e-22 
2.520000e-01 1.500510e-22 4.081341e-23 1.908644e-22 
2.540000e-01 1.493349e-22 3.729761e-23 1.866325e-22 
2.560000e-01 1.486256e-22 3.358526e-23 1.822108e-22 
2.580000e-01 1.479027e-22 2.952593e-23 1.774287e-22 
2.600000e-01 1.471848e-22 2.462269e-23 1.718074e-22 
2.620000e-01 1.464567e-22 1.906327e-23 1.655200e-22 
2.640000e-01 1.457265e-22 1.293364e-23 1.586601e-22 
2.660000e-01 1.450030e-22 7.529156e-24 1.525322e-22 
2.680000e-01 1.442706e-22 3.260719e-24 1.475313e-22 
2.700000e-01 1.435544e-22 6.743788e-25 1.442288e-22 
2.720000e-01 1.428324e-22 5.691589e-25 1.434015e-22 
2.740000e-01 1.421309e-22 3.552611e-24 1.456835e-22 
2.760000e-01 1.414298e-22 1.035012e-23 1.517799e-22 
2.780000e-01 1.407413e-22 1.831309e-23 1.590544e-22 
2.800000e-01 1.400384e-22 3.901635e-23 1.790547e-22 
2.820000e-01 1.393348e-22 4.718223e-23 1.865171e-22 
2.840000e-01 1.386084e-22 4.448889e-23 1.830973e-22 
2.860000e-01 1.378857e-22 4.186393e-23 1.797496e-22 
2.880000e-01 1.371451e-22 4.037233e-23 1.775175e-22 
2.900000e-01 1.364085e-22 3.995740e-23 1.763659e-22 
2.920000e-01 1.356543e-22 4.041996e-23 1.760742e-22 
2.940000e-01 1.349093e-22 4.163947e-23 1.765488e-22 
2.960000e-01 1.341487e-22 4.324918e-23 1.773979e-22 
2.980000e-01 1.333981e-22 4.522205e-23 1.786202e-22 
3.000000e-01 1.326351e-22 4.710247e-23 1.797376e-22 
3.020000e-01 1.318755e-22 4.860545e-23 1.804809e-22 
3.040000e-01 1.311013e-22 4.974734e-23 1.808486e-22 
3.060000e-01 1.303335e-22 5.069120e-23 1.810247e-22 
3.080000e-01 1.295514e-22 5.162903e-23 1.811804e-22 
3.100000e-01 1.287773e-22 5.225122e-23 1.810285e-22 
3.120000e-01 1.279877e-22 5.278966e-23 1.807773e-22 
3.140000e-01 1.272065e-22 5.303061e-23 1.802371e-22 
3.160000e-01 1.264149e-22 5.306657e-23 1.794815e-22 
3.180000e-01 1.256261e-22 5.284950e-23 1.784756e-22 
3.200000e-01 1.248336e-22 5.277408e-23 1.776076e-22 
3.220000e-01 1.240387e-22 5.278065e-23 1.768194e-22 
3.240000e-01 1.232520e-22 5.302158e-23 1.762736e-22 
3.260000e-01 1.224509e-22 5.332901e-23 1.757799e-22 
3.280000e-01 1.216632e-22 5.357511e-23 1.752383e-22 
3.300000e-01 1.208669e-22 5.382802e-23 1.746949e-22 
3.320000e-01 1.200855e-22 5.402336e-23 1.741089e-22 
3.340000e-01 1.193075e-22 5.421767e-23 1.735252e-22 
3.360000e-01 1.185350e-22 5.434475e-23 1.728798e-22 
3.380000e-01 1.177621e-22 5.446435e-23 1.722265e-22 
3.400000e-01 1.169823e-22 5.453951e-23 1.715218e-22 
3.420000e-01 1.162055e-22 5.462609e-23 1.708316e-22 
3.440000e-01 1.154132e-22 5.473271e-23 1.701459e-22 
3.460000e-01 1.146307e-22 5.483403e-23 1.694647e-22 
3.480000e-01 1.138362e-22 5.491006e-23 1.687463e-22 
3.500000e-01 1.130380e-22 5.497923e-23 1.680172e-22 
3.520000e-01 1.122425e-22 5.501810e-23 1.672606e-22 
3.540000e-01 1.114363e-22 5.505280e-23 1.664891e-22 
3.560000e-01 1.106432e-22 5.507165e-23 1.657148e-22 
3.580000e-01 1.098388e-22 5.508557e-23 1.649244e-22 
3.600000e-01 1.090411e-22 5.506545e-23 1.641065e-22 
3.620000e-01 1.082492e-22 5.504711e-23 1.632963e-22 
3.640000e-01 1.074535e-22 5.502992e-23 1.624834e-22 
3.660000e-01 1.066645e-22 5.501416e-23 1.616786e-22 
3.680000e-01 1.058673e-22 5.497009e-23 1.608374e-22 
3.700000e-01 1.050765e-22 5.492776e-23 1.600043e-22 
3.720000e-01 1.042807e-22 5.488177e-23 1.591624e-22 
3.740000e-01 1.034772e-22 5.483777e-23 1.583150e-22 
3.760000e-01 1.026770e-22 5.476940e-23 1.574464e-22 
3.780000e-01 1.018672e-22 5.469443e-23 1.565616e-22 
3.800000e-01 1.010537e-22 5.459797e-23 1.556516e-22 
3.820000e-01 1.002426e-22 5.448999e-23 1.547325e-22 
3.840000e-01 9.941542e-23 5.438067e-23 1.537961e-22 
3.860000e-01 9.859942e-23 5.427169e-23 1.528711e-22 
3.880000e-01 9.778530e-23 5.415961e-23 1.519449e-22 
3.900000e-01 9.697142e-23 5.404307e-23 1.510145e-22 
3.920000e-01 9.616308e-23 5.392621e-23 1.500893e-22 
3.940000e-01 9.535758e-23 5.380862e-23 1.491662e-22 
3.960000e-01 9.455685e-23 5.369130e-23 1.482481e-22 
3.980000e-01 9.376271e-23 5.356604e-23 1.473288e-22 
4.000000e-01 9.296436e-23 5.343270e-23 1.463971e-22 
4.020000e-01 9.217437e-23 5.329261e-23 1.454670e-22 
4.040000e-01 9.138844e-23 5.313635e-23 1.445248e-22 
4.060000e-01 9.059488e-23 5.298069e-23 1.435756e-22 
4.080000e-01 8.980613e-23 5.282968e-23 1.426358e-22 
4.100000e-01 8.901456e-23 5.267686e-23 1.416914e-22 
4.120000e-01 8.822128e-23 5.251890e-23 1.407402e-22 
4.140000e-01 8.744024e-23 5.235802e-23 1.397983e-22 
4.160000e-01 8.665156e-23 5.219612e-23 1.388477e-22 
4.180000e-01 8.586003e-23 5.203488e-23 1.378949e-22 
4.200000e-01 8.508364e-23 5.187195e-23 1.369556e-22 
4.220000e-01 8.429834e-23 5.170490e-23 1.360032e-22 
4.240000e-01 8.351286e-23 5.153855e-23 1.350514e-22 
4.260000e-01 8.273594e-23 5.136423e-23 1.341002e-22 
4.280000e-01 8.195736e-23 5.118551e-23 1.331429e-22 
4.300000e-01 8.118148e-23 5.100169e-23 1.321832e-22 
4.320000e-01 8.040636e-23 5.081979e-23 1.312261e-22 
4.340000e-01 7.963117e-23 5.063613e-23 1.302673e-22 
4.360000e-01 7.885992e-23 5.045633e-23 1.293163e-22 
4.380000e-01 7.808925e-23 5.028045e-23 1.283697e-22 
4.400000e-01 7.731561e-23 5.010150e-23 1.274171e-22 
4.420000e-01 7.654864e-23 4.990267e-23 1.264513e-22 
4.440000e-01 7.578654e-23 4.970251e-23 1.254891e-22 
4.460000e-01 7.501837e-23 4.950535e-23 1.245237e-22 
4.480000e-01 7.425411e-23 4.930870e-23 1.235628e-22 
4.500000e-01 7.349598e-23 4.911377e-23 1.226098e-22 
4.520000e-01 7.273526e-23 4.889164e-23 1.216269e-22 
4.540000e-01 7.197310e-23 4.866573e-23 1.206388e-22 
4.560000e-01 7.121692e-23 4.844122e-23 1.196581e-22 
4.580000e-01 7.046167e-23 4.822057e-23 1.186822e-22 
4.600000e-01 6.970161e-23 4.799962e-23 1.177012e-22 
4.620000e-01 6.895007e-23 4.777836e-23 1.167284e-22 
4.640000e-01 6.819663e-23 4.755948e-23 1.157561e-22 
4.660000e-01 6.743726e-23 4.733878e-23 1.147760e-22 
4.680000e-01 6.668666e-23 4.712327e-23 1.138099e-22 
4.700000e-01 6.593409e-23 4.690705e-23 1.128411e-22 
4.720000e-01 6.517459e-23 4.668519e-23 1.118598e-22 
4.740000e-01 6.441731e-23 4.645115e-23 1.108685e-22 
4.760000e-01 6.366353e-23 4.621621e-23 1.098797e-22 
4.780000e-01 6.290397e-23 4.597956e-23 1.088835e-22 
4.800000e-01 6.214062e-23 4.574108e-23 1.078817e-22 
4.820000e-01 6.137916e-23 4.550051e-23 1.068797e-22 
4.840000e-01 6.061594e-23 4.526247e-23 1.058784e-22 
4.860000e-01 5.984747e-23 4.501960e-23 1.048671e-22 
4.880000e-01 5.907642e-23 4.478010e-23 1.038565e-22 
4.900000e-01 5.830148e-23 4.452743e-23 1.028289e-22 
4.920000e-01 5.752450e-23 4.427882e-23 1.018033e-22 
4.940000e-01 5.674264e-23 4.402987e-23 1.007725e-22 
4.960000e-01 5.595642e-23 4.378393e-23 9.974036e-23 
4.980000e-01 5.516004e-23 4.353701e-23 9.869705e-23 
5.000000e-01 5.435129e-23 4.328843e-23 9.763972e-23 
5.020000e-01 5.354156e-23 4.304569e-23 9.658724e-23 
5.040000e-01 5.272087e-23 4.280326e-23 9.552413e-23 
5.060000e-01 5.188946e-23 4.256023e-23 9.444969e-23 
5.080000e-01 5.104469e-23 4.232077e-23 9.336545e-23 
5.100000e-01 5.018456e-23 4.207999e-23 9.226455e-23 
5.120000e-01 4.930643e-23 4.184424e-23 9.115067e-23 
5.140000e-01 4.840888e-23 4.160759e-23 9.001647e-23 
5.160000e-01 4.749272e-23 4.137092e-23 8.886364e-23 
5.180000e-01 4.654695e-23 4.114139e-23 8.768834e-23 
5.200000e-01 4.556248e-23 4.091466e-23 8.647714e-23 
5.220000e-01 4.454269e-23 4.068719e-23 8.522988e-23 
5.240000e-01 4.347600e-23 4.045477e-23 8.393077e-23 
5.260000e-01 4.234888e-23 4.021854e-23 8.256742e-23 
5.280000e-01 4.114858e-23 3.997995e-23 8.112853e-23 
5.300000e-01 3.986390e-23 3.974414e-23 7.960804e-23 
5.320000e-01 3.846251e-23 3.951166e-23 7.797417e-23 
5.340000e-01 3.684544e-23 3.927628e-23 7.612171e-23 
5.360000e-01 3.493903e-23 3.903670e-23 7.397573e-23 
5.380000e-01 3.239232e-23 3.878936e-23 7.118168e-23 
5.400000e-01 2.890954e-23 3.854245e-23 6.745200e-23 
5.420000e-01 2.519886e-23 3.830219e-23 6.350105e-23 
5.440000e-01 2.303299e-23 3.807610e-23 6.110909e-23 
5.460000e-01 2.371059e-23 3.784927e-23 6.155986e-23 
5.480000e-01 2.655594e-23 3.761927e-23 6.417521e-23 
5.500000e-01 2.938708e-23 3.738160e-23 6.676867e-23 
5.520000e-01 3.147529e-23 3.714605e-23 6.862134e-23 
5.540000e-01 3.270366e-23 3.691292e-23 6.961658e-23 
5.560000e-01 3.359762e-23 3.669337e-23 7.029099e-23 
5.580000e-01 3.425492e-23 3.647083e-23 7.072576e-23 
5.600000e-01 3.478455e-23 3.624865e-23 7.103321e-23 
5.620000e-01 3.521719e-23 3.602409e-23 7.124128e-23 
5.640000e-01 3.556826e-23 3.579458e-23 7.136284e-23 
5.660000e-01 3.585594e-23 3.556753e-23 7.142348e-23 
5.680000e-01 3.608214e-23 3.534034e-23 7.142248e-23 
5.700000e-01 3.626208e-23 3.511514e-23 7.137722e-23 
5.720000e-01 3.639982e-23 3.488896e-23 7.128878e-23 
5.740000e-01 3.650759e-23 3.466208e-23 7.116967e-23 
5.760000e-01 3.659122e-23 3.443953e-23 7.103076e-23 
5.780000e-01 3.664252e-23 3.422053e-23 7.086305e-23 
5.800000e-01 3.666731e-23 3.399753e-23 7.066484e-23 
5.820000e-01 3.667489e-23 3.378512e-23 7.046001e-23 
5.840000e-01 3.666771e-23 3.357120e-23 7.023890e-23 
5.860000e-01 3.664361e-23 3.335976e-23 7.000338e-23 
5.880000e-01 3.659483e-23 3.314581e-23 6.974065e-23 
5.900000e-01 3.653686e-23 3.293198e-23 6.946883e-23 
5.920000e-01 3.646735e-23 3.271861e-23 6.918596e-23 
5.940000e-01 3.638606e-23 3.250306e-23 6.888912e-23 
5.960000e-01 3.628944e-23 3.229454e-23 6.858398e-23 
5.980000e-01 3.618391e-23 3.208683e-23 6.827074e-23 
6.000000e-01 3.607116e-23 3.187513e-23 6.794629e-23 
6.020000e-01 3.595176e-23 3.165706e-23 6.760881e-23 
6.040000e-01 3.581797e-23 3.143435e-23 6.725232e-23 
6.060000e-01 3.567875e-23 3.121345e-23 6.689221e-23 
6.080000e-01 3.553421e-23 3.100420e-23 6.653841e-23 
6.100000e-01 3.538252e-23 3.081394e-23 6.619645e-23 
6.120000e-01 3.522595e-23 3.062246e-23 6.584841e-23 
6.140000e-01 3.505712e-23 3.042952e-23 6.548664e-23 
6.160000e-01 3.488816e-23 3.022429e-23 6.511245e-23 
6.180000e-01 3.471358e-23 3.001959e-23 6.473317e-23 
6.200000e-01 3.453113e-23 2.981284e-23 6.434397e-23 
6.220000e-01 3.434341e-23 2.960991e-23 6.395332e-23 
6.240000e-01 3.415037e-23 2.941637e-23 6.356674e-23 
6.260000e-01 3.395846e-23 2.922160e-23 6.318007e-23 
6.280000e-01 3.375719e-23 2.902782e-23 6.278500e-23 
6.300000e-01 3.355124e-23 2.883080e-23 6.238204e-23 
6.320000e-01 3.334218e-23 2.862823e-23 6.197041e-23 
6.340000e-01 3.313196e-23 2.842568e-23 6.155764e-23 
6.360000e-01 3.291460e-23 2.822409e-23 6.113869e-23 
6.380000e-01 3.269157e-23 2.803395e-23 6.072552e-23 
6.400000e-01 3.246322e-23 2.783995e-23 6.030316e-23 
6.420000e-01 3.223000e-23 2.764882e-23 5.987882e-23 
6.440000e-01 3.199541e-23 2.746542e-23 5.946083e-23 
6.460000e-01 3.175431e-23 2.729468e-23 5.904898e-23 
6.480000e-01 3.150733e-23 2.712204e-23 5.862937e-23 
6.500000e-01 3.125202e-23 2.695088e-23 5.820290e-23 
6.520000e-01 3.099360e-23 2.676563e-23 5.775923e-23 
6.540000e-01 3.073099e-23 2.657224e-23 5.730323e-23 
6.560000e-01 3.045896e-23 2.637731e-23 5.683627e-23 
6.580000e-01 3.018166e-23 2.618442e-23 5.636607e-23 
6.600000e-01 2.989818e-23 2.600726e-23 5.590544e-23 
6.620000e-01 2.960638e-23 2.583024e-23 5.543662e-23 
6.640000e-01 2.930800e-23 2.565417e-23 5.496216e-23 
6.660000e-01 2.900110e-23 2.547739e-23 5.447848e-23 
6.680000e-01 2.868400e-23 2.529972e-23 5.398372e-23 
6.700000e-01 2.836140e-23 2.512089e-23 5.348229e-23 
6.720000e-01 2.803402e-23 2.494149e-23 5.297551e-23 
6.740000e-01 2.769369e-23 2.476671e-23 5.246040e-23 
6.760000e-01 2.733784e-23 2.459611e-23 5.193395e-23 
6.780000e-01 2.697599e-23 2.442655e-23 5.140254e-23 
6.800000e-01 2.660146e-23 2.425799e-23 5.085945e-23 
6.820000e-01 2.620668e-23 2.409186e-23 5.029854e-23 
6.840000e-01 2.579651e-23 2.392817e-23 4.972467e-23 
6.860000e-01 2.536740e-23 2.376377e-23 4.913117e-23 
6.880000e-01 2.490727e-23 2.360002e-23 4.850729e-23 
6.900000e-01 2.442415e-23 2.343630e-23 4.786045e-23 
6.920000e-01 2.389709e-23 2.327599e-23 4.717308e-23 
6.940000e-01 2.330797e-23 2.311495e-23 4.642292e-23 
6.960000e-01 2.267199e-23 2.295595e-23 4.562794e-23 
6.980000e-01 2.191013e-23 2.279353e-23 4.470366e-23 
7.000000e-01 2.087528e-23 2.263262e-23 4.350790e-23 
7.020000e-01 1.968013e-23 2.247224e-23 4.215237e-23 
7.040000e-01 1.831168e-23 2.231310e-23 4.062479e-23 
7.060000e-01 1.745171e-23 2.215400e-23 3.960570e-23 
7.080000e-01 1.705367e-23 2.199995e-23 3.905363e-23 
7.100000e-01 1.771918e-23 2.184366e-23 3.956285e-23 
7.120000e-01 1.872748e-23 2.168802e-23 4.041551e-23 
7.140000e-01 2.010474e-23 2.153510e-23 4.163984e-23 
7.160000e-01 2.113383e-23 2.138586e-23 4.251969e-23 
7.180000e-01 2.198326e-23 2.123564e-23 4.321890e-23 
7.200000e-01 2.247897e-23 2.108642e-23 4.356539e-23 
7.220000e-01 2.284950e-23 2.093746e-23 4.378695e-23 
7.240000e-01 2.316302e-23 2.079556e-23 4.395858e-23 
7.260000e-01 2.339880e-23 2.065239e-23 4.405118e-23 
7.280000e-01 2.360199e-23 2.051129e-23 4.411329e-23 
7.300000e-01 2.377817e-23 2.036766e-23 4.414583e-23 
7.320000e-01 2.390464e-23 2.022320e-23 4.412784e-23 
7.340000e-01 2.402109e-23 2.007640e-23 4.409749e-23 
7.360000e-01 2.411343e-23 1.993095e-23 4.404438e-23 
7.380000e-01 2.418836e-23 1.978596e-23 4.397432e-23 
7.400000e-01 2.425416e-23 1.964363e-23 4.389779e-23 
7.420000e-01 2.429666e-23 1.950296e-23 4.379961e-23 
7.440000e-01 2.433163e-23 1.936409e-23 4.369572e-23 
7.460000e-01 2.435540e-23 1.922436e-23 4.357975e-23 
7.480000e-01 2.437113e-23 1.909078e-23 4.346192e-23 
7.500000e-01 2.437844e-23 1.895576e-23 4.333420e-23 
7.520000e-01 2.437595e-23 1.882545e-23 4.320140e-23 
7.540000e-01 2.436598e-23 1.869153e-23 4.305750e-23 
7.560000e-01 2.434609e-23 1.856130e-23 4.290739e-23 
7.580000e-01 2.432381e-23 1.843315e-23 4.275695e-23 
7.600000e-01 2.429886e-23 1.830633e-23 4.260518e-23 
7.620000e-01 2.426428e-23 1.818091e-23 4.244519e-23 
7.640000e-01 2.422591e-23 1.805567e-23 4.228158e-23 
7.660000e-01 2.418188e-23 1.793131e-23 4.211319e-23 
7.680000e-01 2.413496e-23 1.781158e-23 4.194654e-23 
7.700000e-01 2.408466e-23 1.768937e-23 4.177402e-23 
7.720000e-01 2.402948e-23 1.756930e-23 4.159877e-23 
7.740000e-01 2.396951e-23 1.744672e-23 4.141624e-23 
7.760000e-01 2.390751e-23 1.732059e-23 4.122810e-23 
7.780000e-01 2.383932e-23 1.719731e-23 4.103663e-23 
7.800000e-01 2.376867e-23 1.707381e-23 4.084248e-23 
7.820000e-01 2.369553e-23 1.694687e-23 4.064240e-23 
7.840000e-01 2.362057e-23 1.682899e-23 4.044956e-23 
7.860000e-01 2.353688e-23 1.671121e-23 4.024808e-23 
7.880000e-01 2.345363e-23 1.659381e-23 4.004744e-23 
7.900000e-01 2.336703e-23 1.647733e-23 3.984437e-23 
7.920000e-01 2.327518e-23 1.636156e-23 3.963673e-23 
7.940000e-01 2.318123e-23 1.624886e-23 3.943008e-23 
7.960000e-01 2.307054e-23 1.613879e-23 3.920933e-23 
7.980000e-01 2.296327e-23 1.602625e-23 3.898952e-23 
8.000000e-01 2.285625e-23 1.591467e-23 3.877092e-23 
8.020000e-01 2.275851e-23 1.580687e-23 3.856538e-23 
8.040000e-01 2.266347e-23 1.570063e-23 3.836410e-23 
8.060000e-01 2.257259e-23 1.559110e-23 3.816370e-23 
8.080000e-01 2.248014e-23 1.548424e-23 3.796439e-23 
8.100000e-01 2.238703e-23 1.537685e-23 3.776388e-23 
8.120000e-01 2.229863e-23 1.526771e-23 3.756634e-23 
8.140000e-01 2.221412e-23 1.515573e-23 3.736985e-23 
8.160000e-01 2.212836e-23 1.504627e-23 3.717464e-23 
8.180000e-01 2.204266e-23 1.493536e-23 3.697802e-23 
8.200000e-01 2.195751e-23 1.483261e-23 3.679012e-23 
8.220000e-01 2.187409e-23 1.473509e-23 3.660918e-23 
8.240000e-01 2.179064e-23 1.463710e-23 3.642774e-23 
8.260000e-01 2.170859e-23 1.454150e-23 3.625009e-23 
8.280000e-01 2.162647e-23 1.444464e-23 3.607112e-23 
8.300000e-01 2.154407e-23 1.434595e-23 3.589002e-23 
8.320000e-01 2.146370e-23 1.424605e-23 3.570975e-23 
8.340000e-01 2.138414e-23 1.414714e-23 3.553128e-23 
8.360000e-01 2.130643e-23 1.404720e-23 3.535363e-23 
8.380000e-01 2.122827e-23 1.394809e-23 3.517637e-23 
8.400000e-01 2.115423e-23 1.385246e-23 3.500668e-23 
8.420000e-01 2.107951e-23 1.375944e-23 3.483895e-23 
8.440000e-01 2.100676e-23 1.366557e-23 3.467233e-23 
8.460000e-01 2.093294e-23 1.357058e-23 3.450353e-23 
8.480000e-01 2.086143e-23 1.347595e-23 3.433738e-23 
8.500000e-01 2.079261e-23 1.338751e-23 3.418011e-23 
8.520000e-01 2.072306e-23 1.329678e-23 3.401984e-23 
8.540000e-01 2.065586e-23 1.320849e-23 3.386435e-23 
8.560000e-01 2.058796e-23 1.311932e-23 3.370728e-23 
8.580000e-01 2.051968e-23 1.303020e-23 3.354988e-23 
8.600000e-01 2.045203e-23 1.293710e-23 3.338913e-23 
8.620000e-01 2.038244e-23 1.284627e-23 3.322870e-23 
8.640000e-01 2.031339e-23 1.275429e-23 3.306768e-23 
8.660000e-01 2.024252e-23 1.266376e-23 3.290628e-23 
8.680000e-01 2.017319e-23 1.257490e-23 3.274809e-23 
8.700000e-01 2.010013e-23 1.248535e-23 3.258549e-23 
8.720000e-01 2.002617e-23 1.239755e-23 3.242372e-23 
8.740000e-01 1.994986e-23 1.231273e-23 3.226259e-23 
8.760000e-01 1.987019e-23 1.222598e-23 3.209617e-23 
8.780000e-01 1.978946e-23 1.214052e-23 3.192998e-23 
8.800000e-01 1.970855e-23 1.206338e-23 3.177193e-23 
8.820000e-01 1.962498e-23 1.198821e-23 3.161318e-23 
8.840000e-01 1.954654e-23 1.191161e-23 3.145815e-23 
8.860000e-01 1.946389e-23 1.183382e-23 3.129771e-23 
8.880000e-01 1.938063e-23 1.175911e-23 3.113974e-23 
8.900000e-01 1.929605e-23 1.168008e-23 3.097613e-23 
8.920000e-01 1.921032e-23 1.160171e-23 3.081203e-23 
8.940000e-01 1.912643e-23 1.152541e-23 3.065184e-23 
8.960000e-01 1.904370e-23 1.144731e-23 3.049101e-23 
8.980000e-01 1.896170e-23 1.137019e-23 3.033189e-23 
9.000000e-01 1.887687e-23 1.128972e-23 3.016660e-23 
9.020000e-01 1.879083e-23 1.121002e-23 3.000085e-23 
9.040000e-01 1.870497e-23 1.113056e-23 2.983553e-23 
9.060000e-01 1.862010e-23 1.105189e-23 2.967199e-23 
9.080000e-01 1.853738e-23 1.097210e-23 2.950948e-23 
9.100000e-01 1.845203e-23 1.090030e-23 2.935233e-23 
9.120000e-01 1.836885e-23 1.083014e-23 2.919899e-23 
9.140000e-01 1.828252e-23 1.075946e-23 2.904198e-23 
9.160000e-01 1.819692e-23 1.068935e-23 2.888627e-23 
9.180000e-01 1.811239e-23 1.062173e-23 2.873412e-23 
9.200000e-01 1.802645e-23 1.054998e-23 2.857643e-23 
9.220000e-01 1.794184e-23 1.047570e-23 2.841754e-23 
9.240000e-01 1.785816e-23 1.040417e-23 2.826234e-23 
9.260000e-01 1.777373e-23 1.033251e-23 2.810623e-23 
9.280000e-01 1.768917e-23 1.026141e-23 2.795058e-23 
9.300000e-01 1.760436e-23 1.019127e-23 2.779563e-23 
9.320000e-01 1.751957e-23 1.012738e-23 2.764695e-23 
9.340000e-01 1.743488e-23 1.006620e-23 2.750108e-23 
9.360000e-01 1.735101e-23 1.000399e-23 2.735500e-23 
9.380000e-01 1.726852e-23 9.940278e-24 2.720880e-23 
9.400000e-01 1.718287e-23 9.879059e-24 2.706193e-23 
9.420000e-01 1.710050e-23 9.814328e-24 2.691483e-23 
9.440000e-01 1.701651e-23 9.751172e-24 2.676768e-23 
9.460000e-01 1.693371e-23 9.686506e-24 2.662022e-23 
9.480000e-01 1.685155e-23 9.623853e-24 2.647541e-23 
9.500000e-01 1.676804e-23 9.559829e-24 2.632787e-23 
9.520000e-01 1.668378e-23 9.495785e-24 2.617956e-23 
9.540000e-01 1.660195e-23 9.435845e-24 2.603779e-23 
9.560000e-01 1.652166e-23 9.375793e-24 2.589745e-23 
9.580000e-01 1.643842e-23 9.314262e-24 2.575268e-23 
9.600000e-01 1.635628e-23 9.253658e-24 2.560994e-23 
9.620000e-01 1.627513e-23 9.193771e-24 2.546890e-23 
9.640000e-01 1.619240e-23 9.131744e-24 2.532415e-23 
9.660000e-01 1.611122e-23 9.068075e-24 2.517929e-23 
9.680000e-01 1.603125e-23 9.006079e-24 2.503733e-23 
9.700000e-01 1.594980e-23 8.942193e-24 2.489199e-23 
9.720000e-01 1.587151e-23 8.880077e-24 2.475158e-23 
9.740000e-01 1.579015e-23 8.820952e-24 2.461110e-23 
9.760000e-01 1.571107e-23 8.766819e-24 2.447789e-23 
9.780000e-01 1.563175e-23 8.710872e-24 2.434263e-23 
9.800000e-01 1.555403e-23 8.656976e-24 2.421101e-23 
9.820000e-01 1.547461e-23 8.602588e-24 2.407720e-23 
9.840000e-01 1.539305e-23 8.549060e-24 2.394211e-23 
9.860000e-01 1.531621e-23 8.493365e-24 2.380957e-23 
9.880000e-01 1.524034e-23 8.435532e-24 2.367587e-23 
9.900000e-01 1.515988e-23 8.379804e-24 2.353968e-23 
9.920000e-01 1.508378e-23 8.321762e-24 2.340554e-23 
9.940000e-01 1.500688e-23 8.265541e-24 2.327242e-23 
9.960000e-01 1.493134e-23 8.211556e-24 2.314290e-23 
9.980000e-01 1.485543e-23 8.171347e-24 2.302677e-23 
1.000000e+00 1.478043e-23 8.131660e-24 2.291209e-23 
1.002000e+00 1.470534e-23 8.082225e-24 2.278756e-23 
1.004000e+00 1.463039e-23 8.034748e-24 2.266513e-23 
1.006000e+00 1.455646e-23 7.986170e-24 2.254263e-23 
1.008000e+00 1.448092e-23 7.938285e-24 2.241921e-23 
1.010000e+00 1.440669e-23 7.892129e-24 2.229882e-23 
1.012000e+00 1.433135e-23 7.843847e-24 2.217519e-23 
1.014000e+00 1.425986e-23 7.795222e-24 2.205508e-23 
1.016000e+00 1.418548e-23 7.749233e-24 2.193471e-23 
1.018000e+00 1.411305e-23 7.700208e-24 2.181326e-23 
1.020000e+00 1.404038e-23 7.654934e-24 2.169532e-23 
1.022000e+00 1.396873e-23 7.606293e-24 2.157503e-23 
1.024000e+00 1.389589e-23 7.560360e-24 2.145625e-23 
1.026000e+00 1.382424e-23 7.515913e-24 2.134015e-23 
1.028000e+00 1.375347e-23 7.473107e-24 2.122657e-23 
1.030000e+00 1.368028e-23 7.429240e-24 2.110952e-23 
1.032000e+00 1.361140e-23 7.384388e-24 2.099579e-23 
1.034000e+00 1.354092e-23 7.339719e-24 2.088063e-23 
1.036000e+00 1.347115e-23 7.297343e-24 2.076850e-23 
1.038000e+00 1.340162e-23 7.252799e-24 2.065441e-23 
1.040000e+00 1.333105e-23 7.210537e-24 2.054159e-23 
1.042000e+00 1.326384e-23 7.166290e-24 2.043013e-23 
1.044000e+00 1.319339e-23 7.123739e-24 2.031713e-23 
1.046000e+00 1.312509e-23 7.082206e-24 2.020730e-23 
1.048000e+00 1.305810e-23 7.039211e-24 2.009731e-23 
1.050000e+00 1.299131e-23 6.998909e-24 1.999022e-23 
1.052000e+00 1.292271e-23 6.958277e-24 1.988099e-23 
1.054000e+00 1.285594e-23 6.916865e-24 1.977281e-23 
1.056000e+00 1.279013e-23 6.878392e-24 1.966852e-23 
1.058000e+00 1.272360e-23 6.838416e-24 1.956202e-23 
1.060000e+00 1.265778e-23 6.797994e-24 1.945577e-23 
1.062000e+00 1.258888e-23 6.759436e-24 1.934832e-23 
1.064000e+00 1.252361e-23 6.718728e-24 1.924234e-23 
1.066000e+00 1.245933e-23 6.679906e-24 1.913924e-23 
1.068000e+00 1.239333e-23 6.639350e-24 1.903267e-23 
1.070000e+00 1.232878e-23 6.600801e-24 1.892958e-23 
1.072000e+00 1.226550e-23 6.562547e-24 1.882804e-23 
1.074000e+00 1.220039e-23 6.525277e-24 1.872567e-23 
1.076000e+00 1.213722e-23 6.488440e-24 1.862566e-23 
1.078000e+00 1.207453e-23 6.451895e-24 1.852642e-23 
1.080000e+00 1.201115e-23 6.414701e-24 1.842585e-23 
1.082000e+00 1.194846e-23 6.378049e-24 1.832651e-23 
1.084000e+00 1.188342e-23 6.341861e-24 1.822528e-23 
1.086000e+00 1.182367e-23 6.304721e-24 1.812839e-23 
1.088000e+00 1.176074e-23 6.270314e-24 1.803106e-23 
1.090000e+00 1.169977e-23 6.233030e-24 1.793280e-23 
1.092000e+00 1.163979e-23 6.196060e-24 1.783585e-23 
1.094000e+00 1.157716e-23 6.160928e-24 1.773809e-23 
1.096000e+00 1.151746e-23 6.124532e-24 1.764200e-23 
1.098000e+00 1.145559e-23 6.089665e-24 1.754525e-23 
1.100000e+00 1.139602e-23 6.056784e-24 1.745281e-23 
1.102000e+00 1.133751e-23 6.024050e-24 1.736156e-23 
1.104000e+00 1.127757e-23 5.989660e-24 1.726723e-23 
1.106000e+00 1.121824e-23 5.955820e-24 1.717406e-23 
1.108000e+00 1.115928e-23 5.922436e-24 1.708171e-23 
1.110000e+00 1.110089e-23 5.889792e-24 1.699068e-23 
1.112000e+00 1.104292e-23 5.855227e-24 1.689815e-23 
1.114000e+00 1.098452e-23 5.822138e-24 1.680665e-23 
1.116000e+00 1.092681e-23 5.788912e-24 1.671572e-23 
1.118000e+00 1.086837e-23 5.756404e-24 1.662478e-23 
1.120000e+00 1.081147e-23 5.722748e-24 1.653422e-23 
1.122000e+00 1.075509e-23 5.690542e-24 1.644563e-23 
1.124000e+00 1.069778e-23 5.661501e-24 1.635928e-23 
1.126000e+00 1.064254e-23 5.629202e-24 1.627174e-23 
1.128000e+00 1.058475e-23 5.598419e-24 1.618317e-23 
1.130000e+00 1.052868e-23 5.569177e-24 1.609786e-23 
1.132000e+00 1.047300e-23 5.538287e-24 1.601129e-23 
1.134000e+00 1.041800e-23 5.508653e-24 1.592665e-23 
1.136000e+00 1.036495e-23 5.477308e-24 1.584225e-23 
1.138000e+00 1.031102e-23 5.447993e-24 1.575902e-23 
1.140000e+00 1.025668e-23 5.418705e-24 1.567538e-23 
1.142000e+00 1.020189e-23 5.387568e-24 1.558946e-23 
1.144000e+00 1.014777e-23 5.358604e-24 1.550638e-23 
1.146000e+00 1.009341e-23 5.329193e-24 1.542260e-23 
1.148000e+00 1.004025e-23 5.299413e-24 1.533966e-23 
1.150000e+00 9.987290e-24 5.270323e-24 1.525761e-23 
1.152000e+00 9.936703e-24 5.242954e-24 1.517966e-23 
1.154000e+00 9.883384e-24 5.215226e-24 1.509861e-23 
1.156000e+00 9.833275e-24 5.187659e-24 1.502093e-23 
1.158000e+00 9.780337e-24 5.158250e-24 1.493859e-23 
1.160000e+00 9.729292e-24 5.130598e-24 1.485989e-23 
1.162000e+00 9.676995e-24 5.102973e-24 1.477997e-23 
1.164000e+00 9.625461e-24 5.075189e-24 1.470065e-23 
1.166000e+00 9.572815e-24 5.048206e-24 1.462102e-23 
1.168000e+00 9.521630e-24 5.020293e-24 1.454192e-23 
1.170000e+00 9.471739e-24 4.992590e-24 1.446433e-23 
1.172000e+00 9.420214e-24 4.965250e-24 1.438546e-23 
1.174000e+00 9.372806e-24 4.938179e-24 1.431099e-23 
1.176000e+00 9.322632e-24 4.912467e-24 1.423510e-23 
1.178000e+00 9.271784e-24 4.886670e-24 1.415845e-23 
1.180000e+00 9.224320e-24 4.860977e-24 1.408530e-23 
1.182000e+00 9.174549e-24 4.836696e-24 1.401124e-23 
1.184000e+00 9.122787e-24 4.811304e-24 1.393409e-23 
1.186000e+00 9.076033e-24 4.785076e-24 1.386111e-23 
1.188000e+00 9.027616e-24 4.759388e-24 1.378700e-23 
1.190000e+00 8.980654e-24 4.735000e-24 1.371565e-23 
1.192000e+00 8.932760e-24 4.709686e-24 1.364245e-23 
1.194000e+00 8.884219e-24 4.685884e-24 1.357010e-23 
1.196000e+00 8.835986e-24 4.660244e-24 1.349623e-23 
1.198000e+00 8.790159e-24 4.635740e-24 1.342590e-23 
1.200000e+00 8.742363e-24 4.610702e-24 1.335307e-23 
1.202000e+00 8.695637e-24 4.586240e-24 1.328188e-23 
1.204000e+00 8.646589e-24 4.561754e-24 1.320834e-23 
1.206000e+00 8.602176e-24 4.539912e-24 1.314209e-23 
1.208000e+00 8.555571e-24 4.515761e-24 1.307133e-23 
1.210000e+00 8.507959e-24 4.493757e-24 1.300172e-23 
1.212000e+00 8.462278e-24 4.469535e-24 1.293181e-23 
1.214000e+00 8.416697e-24 4.447220e-24 1.286392e-23 
1.216000e+00 8.371310e-24 4.424837e-24 1.279615e-23 
1.218000e+00 8.326577e-24 4.401520e-24 1.272810e-23 
1.220000e+00 8.278852e-24 4.378807e-24 1.265766e-23 
1.222000e+00 8.233775e-24 4.356187e-24 1.258996e-23 
1.224000e+00 8.187921e-24 4.334590e-24 1.252251e-23 
1.226000e+00 8.143004e-24 4.312169e-24 1.245517e-23 
1.228000e+00 8.099059e-24 4.289990e-24 1.238905e-23 
1.230000e+00 8.054958e-24 4.266269e-24 1.232123e-23 
1.232000e+00 8.010910e-24 4.245593e-24 1.225650e-23 
1.234000e+00 7.964448e-24 4.224579e-24 1.218903e-23 
1.236000e+00 7.920559e-24 4.204035e-24 1.212459e-23 
1.238000e+00 7.874478e-24 4.182327e-24 1.205680e-23 
1.240000e+00 7.830807e-24 4.161224e-24 1.199203e-23 
1.242000e+00 7.787232e-24 4.140990e-24 1.192822e-23 
1.244000e+00 7.742408e-24 4.120137e-24 1.186255e-23 
1.246000e+00 7.695721e-24 4.099565e-24 1.179529e-23 
1.248000e+00 7.650612e-24 4.079196e-24 1.172981e-23 
1.250000e+00 7.605675e-24 4.058680e-24 1.166436e-23 
1.252000e+00 7.563363e-24 4.037976e-24 1.160134e-23 
1.254000e+00 7.518328e-24 4.017137e-24 1.153546e-23 
1.256000e+00 7.470808e-24 3.997087e-24 1.146789e-23 
1.258000e+00 7.427330e-24 3.976543e-24 1.140387e-23 
1.260000e+00 7.382677e-24 3.955728e-24 1.133840e-23 
1.262000e+00 7.336202e-24 3.936544e-24 1.127275e-23 
1.264000e+00 7.290181e-24 3.917672e-24 1.120785e-23 
1.266000e+00 7.245586e-24 3.898926e-24 1.114451e-23 
1.268000e+00 7.196028e-24 3.880194e-24 1.107622e-23 
1.270000e+00 7.149950e-24 3.861455e-24 1.101141e-23 
1.272000e+00 7.102064e-24 3.841790e-24 1.094385e-23 
1.274000e+00 7.053053e-24 3.823048e-24 1.087610e-23 
1.276000e+00 7.004010e-24 3.804094e-24 1.080810e-23 
1.278000e+00 6.953078e-24 3.785347e-24 1.073842e-23 
1.280000e+00 6.900483e-24 3.766697e-24 1.066718e-23 
1.282000e+00 6.848638e-24 3.747875e-24 1.059651e-23 
1.284000e+00 6.790431e-24 3.729567e-24 1.052000e-23 
1.286000e+00 6.731329e-24 3.710196e-24 1.044153e-23 
1.288000e+00 6.664480e-24 3.691084e-24 1.035556e-23 
1.290000e+00 6.580774e-24 3.674391e-24 1.025517e-23 
1.292000e+00 6.497607e-24 3.657093e-24 1.015470e-23 
1.294000e+00 6.419735e-24 3.637824e-24 1.005756e-23 
1.296000e+00 6.343499e-24 3.620354e-24 9.963853e-24 
1.298000e+00 6.270096e-24 3.603432e-24 9.873528e-24 
1.300000e+00 6.224569e-24 3.585687e-24 9.810256e-24 
1.302000e+00 6.194792e-24 3.568777e-24 9.763568e-24 
1.304000e+00 6.165322e-24 3.551108e-24 9.716430e-24 
1.306000e+00 6.170919e-24 3.533663e-24 9.704582e-24 
1.308000e+00 6.180922e-24 3.516265e-24 9.697187e-24 
1.310000e+00 6.194791e-24 3.498955e-24 9.693747e-24 
1.312000e+00 6.220483e-24 3.482067e-24 9.702550e-24 
1.314000e+00 6.244527e-24 3.466516e-24 9.711043e-24 
1.316000e+00 6.270717e-24 3.449589e-24 9.720306e-24 
1.318000e+00 6.275906e-24 3.432552e-24 9.708459e-24 
1.320000e+00 6.282509e-24 3.416224e-24 9.698733e-24 
1.322000e+00 6.286162e-24 3.400969e-24 9.687131e-24 
1.324000e+00 6.277974e-24 3.384555e-24 9.662529e-24 
1.326000e+00 6.273227e-24 3.369244e-24 9.642471e-24 
1.328000e+00 6.264560e-24 3.353510e-24 9.618071e-24 
1.330000e+00 6.252948e-24 3.337850e-24 9.590797e-24 
1.332000e+00 6.240739e-24 3.321758e-24 9.562497e-24 
1.334000e+00 6.229590e-24 3.306360e-24 9.535950e-24 
1.336000e+00 6.213446e-24 3.290936e-24 9.504381e-24 
1.338000e+00 6.198308e-24 3.275000e-24 9.473308e-24 
1.340000e+00 6.182316e-24 3.260842e-24 9.443158e-24 
1.342000e+00 6.165873e-24 3.244479e-24 9.410353e-24 
1.344000e+00 6.150313e-24 3.228823e-24 9.379136e-24 
1.346000e+00 6.132822e-24 3.213802e-24 9.346624e-24 
1.348000e+00 6.113165e-24 3.199117e-24 9.312282e-24 
1.350000e+00 6.093115e-24 3.183617e-24 9.276733e-24 
1.352000e+00 6.075390e-24 3.169672e-24 9.245062e-24 
1.354000e+00 6.055887e-24 3.155203e-24 9.211090e-24 
1.356000e+00 6.036324e-24 3.141191e-24 9.177516e-24 
1.358000e+00 6.019093e-24 3.126428e-24 9.145522e-24 
1.360000e+00 5.997874e-24 3.111207e-24 9.109081e-24 
1.362000e+00 5.978987e-24 3.096814e-24 9.075800e-24 
1.364000e+00 5.959904e-24 3.082404e-24 9.042309e-24 
1.366000e+00 5.939876e-24 3.068404e-24 9.008280e-24 
1.368000e+00 5.918258e-24 3.054545e-24 8.972803e-24 
1.370000e+00 5.898919e-24 3.040207e-24 8.939127e-24 
1.372000e+00 5.876499e-24 3.026245e-24 8.902743e-24 
1.374000e+00 5.857632e-24 3.011743e-24 8.869374e-24 
1.376000e+00 5.836486e-24 2.998104e-24 8.834590e-24 
1.378000e+00 5.816118e-24 2.983999e-24 8.800117e-24 
1.380000e+00 5.796065e-24 2.969315e-24 8.765379e-24 
1.382000e+00 5.777031e-24 2.958052e-24 8.735083e-24 
1.384000e+00 5.755338e-24 2.945031e-24 8.700368e-24 
1.386000e+00 5.732979e-24 2.930153e-24 8.663132e-24 
1.388000e+00 5.712013e-24 2.917134e-24 8.629147e-24 
1.390000e+00 5.692532e-24 2.904734e-24 8.597266e-24 
1.392000e+00 5.670074e-24 2.891953e-24 8.562027e-24 
1.394000e+00 5.650715e-24 2.877709e-24 8.528424e-24 
1.396000e+00 5.629388e-24 2.865010e-24 8.494398e-24 
1.398000e+00 5.609308e-24 2.851880e-24 8.461188e-24 
1.400000e+00 5.587795e-24 2.839784e-24 8.427579e-24 
1.402000e+00 5.565876e-24 2.827026e-24 8.392902e-24 
1.404000e+00 5.546026e-24 2.813885e-24 8.359911e-24 
1.406000e+00 5.524718e-24 2.800059e-24 8.324777e-24 
1.408000e+00 5.503873e-24 2.787200e-24 8.291073e-24 
1.410000e+00 5.484794e-24 2.774467e-24 8.259261e-24 
1.412000e+00 5.461415e-24 2.761867e-24 8.223282e-24 
1.414000e+00 5.442486e-24 2.750237e-24 8.192723e-24 
1.416000e+00 5.421583e-24 2.738404e-24 8.159988e-24 
1.418000e+00 5.401082e-24 2.726966e-24 8.128048e-24 
1.420000e+00 5.380578e-24 2.714215e-24 8.094793e-24 
1.422000e+00 5.360452e-24 2.702305e-24 8.062757e-24 
1.424000e+00 5.340144e-24 2.690921e-24 8.031065e-24 
1.426000e+00 5.318758e-24 2.678823e-24 7.997581e-24 
1.428000e+00 5.297320e-24 2.667743e-24 7.965063e-24 
1.430000e+00 5.276222e-24 2.655742e-24 7.931964e-24 
1.432000e+00 5.255334e-24 2.643458e-24 7.898791e-24 
1.434000e+00 5.236184e-24 2.632048e-24 7.868231e-24 
1.436000e+00 5.217386e-24 2.620858e-24 7.838244e-24 
1.438000e+00 5.197670e-24 2.609672e-24 7.807342e-24 
1.440000e+00 5.177753e-24 2.597202e-24 7.774956e-24 
1.442000e+00 5.157937e-24 2.585573e-24 7.743511e-24 
1.444000e+00 5.136029e-24 2.574588e-24 7.710616e-24 
1.446000e+00 5.116743e-24 2.563431e-24 7.680174e-24 
1.448000e+00 5.097794e-24 2.552104e-24 7.649898e-24 
1.450000e+00 5.077783e-24 2.541950e-24 7.619733e-24 
1.452000e+00 5.056228e-24 2.530913e-24 7.587141e-24 
1.454000e+00 5.036869e-24 2.519665e-24 7.556533e-24 
1.456000e+00 5.016733e-24 2.509341e-24 7.526074e-24 
1.458000e+00 4.997597e-24 2.498028e-24 7.495625e-24 
1.460000e+00 4.978490e-24 2.488327e-24 7.466817e-24 
1.462000e+00 4.957957e-24 2.476790e-24 7.434746e-24 
1.464000e+00 4.939165e-24 2.464932e-24 7.404097e-24 
1.466000e+00 4.919715e-24 2.455274e-24 7.374989e-24 
1.468000e+00 4.900820e-24 2.444418e-24 7.345238e-24 
1.470000e+00 4.881922e-24 2.434205e-24 7.316126e-24 
1.472000e+00 4.861847e-24 2.423062e-24 7.284909e-24 
1.474000e+00 4.844448e-24 2.413534e-24 7.257982e-24 
1.476000e+00 4.824986e-24 2.402343e-24 7.227329e-24 
1.478000e+00 4.806136e-24 2.392547e-24 7.198683e-24 
1.480000e+00 4.788568e-24 2.382308e-24 7.170876e-24 
1.482000e+00 4.768851e-24 2.371079e-24 7.139931e-24 
1.484000e+00 4.751057e-24 2.361330e-24 7.112387e-24 
1.486000e+00 4.732022e-24 2.351881e-24 7.083903e-24 
1.488000e+00 4.712820e-24 2.342158e-24 7.054978e-24 
1.490000e+00 4.694699e-24 2.333176e-24 7.027874e-24 
1.492000e+00 4.674220e-24 2.322526e-24 6.996747e-24 
1.494000e+00 4.657473e-24 2.312740e-24 6.970213e-24 
1.496000e+00 4.637821e-24 2.303065e-24 6.940886e-24 
1.498000e+00 4.620251e-24 2.293063e-24 6.913314e-24 
1.500000e+00 4.602328e-24 2.283032e-24 6.885359e-24 
1.502000e+00 4.582544e-24 2.273157e-24 6.855701e-24 
1.504000e+00 4.565376e-24 2.262624e-24 6.827999e-24 
1.506000e+00 4.547511e-24 2.253438e-24 6.800949e-24 
1.508000e+00 4.530309e-24 2.243373e-24 6.773682e-24 
1.510000e+00 4.512667e-24 2.233761e-24 6.746427e-24 
1.512000e+00 4.492856e-24 2.225142e-24 6.717998e-24 
1.514000e+00 4.475850e-24 2.215350e-24 6.691200e-24 
1.516000e+00 4.458375e-24 2.206959e-24 6.665334e-24 
1.518000e+00 4.440383e-24 2.196749e-24 6.637132e-24 
1.520000e+00 4.422580e-24 2.187839e-24 6.610419e-24 
1.522000e+00 4.405975e-24 2.179496e-24 6.585471e-24 
1.524000e+00 4.387238e-24 2.169749e-24 6.556987e-24 
1.526000e+00 4.369583e-24 2.160997e-24 6.530580e-24 
1.528000e+00 4.352753e-24 2.152450e-24 6.505203e-24 
1.530000e+00 4.334493e-24 2.143839e-24 6.478332e-24 
1.532000e+00 4.319343e-24 2.133789e-24 6.453132e-24 
1.534000e+00 4.301907e-24 2.125475e-24 6.427382e-24 
1.536000e+00 4.285890e-24 2.116269e-24 6.402159e-24 
1.538000e+00 4.267758e-24 2.108296e-24 6.376055e-24 
1.540000e+00 4.251053e-24 2.098115e-24 6.349169e-24 
1.542000e+00 4.234209e-24 2.089625e-24 6.323833e-24 
1.544000e+00 4.217966e-24 2.081233e-24 6.299199e-24 
1.546000e+00 4.200711e-24 2.072914e-24 6.273626e-24 
1.548000e+00 4.184539e-24 2.063926e-24 6.248466e-24 
1.550000e+00 4.167223e-24 2.055891e-24 6.223114e-24 
1.552000e+00 4.151678e-24 2.046470e-24 6.198148e-24 
1.554000e+00 4.133692e-24 2.038945e-24 6.172638e-24 
1.556000e+00 4.118142e-24 2.030789e-24 6.148930e-24 
1.558000e+00 4.102393e-24 2.021943e-24 6.124336e-24 
1.560000e+00 4.085231e-24 2.013832e-24 6.099063e-24 
1.562000e+00 4.069879e-24 2.006440e-24 6.076319e-24 
1.564000e+00 4.052339e-24 1.997691e-24 6.050030e-24 
1.566000e+00 4.036604e-24 1.989368e-24 6.025972e-24 
1.568000e+00 4.020012e-24 1.981915e-24 6.001928e-24 
1.570000e+00 4.005184e-24 1.973058e-24 5.978242e-24 
1.572000e+00 3.989771e-24 1.964539e-24 5.954310e-24 
1.574000e+00 3.973490e-24 1.956995e-24 5.930485e-24 
1.576000e+00 3.958196e-24 1.948499e-24 5.906694e-24 
1.578000e+00 3.941180e-24 1.941791e-24 5.882971e-24 
1.580000e+00 3.924532e-24 1.932940e-24 5.857472e-24 
1.582000e+00 3.909660e-24 1.924569e-24 5.834229e-24 
1.584000e+00 3.894966e-24 1.916828e-24 5.811793e-24 
1.586000e+00 3.880113e-24 1.908533e-24 5.788646e-24 
1.588000e+00 3.862542e-24 1.901196e-24 5.763737e-24 
1.590000e+00 3.847434e-24 1.893893e-24 5.741327e-24 
1.592000e+00 3.833391e-24 1.886386e-24 5.719777e-24 
1.594000e+00 3.818330e-24 1.879289e-24 5.697619e-24 
1.596000e+00 3.804132e-24 1.872718e-24 5.676850e-24 
1.598000e+00 3.788637e-24 1.864900e-24 5.653538e-24 
1.600000e+00 3.772672e-24 1.857124e-24 5.629796e-24 
1.602000e+00 3.757689e-24 1.850288e-24 5.607976e-24 
1.604000e+00 3.741850e-24 1.841508e-24 5.583358e-24 
1.606000e+00 3.728091e-24 1.833737e-24 5.561828e-24 
1.608000e+00 3.714728e-24 1.826169e-24 5.540897e-24 
1.610000e+00 3.698544e-24 1.819899e-24 5.518444e-24 
1.612000e+00 3.682956e-24 1.811681e-24 5.494637e-24 
1.614000e+00 3.669659e-24 1.805208e-24 5.474867e-24 
1.616000e+00 3.653048e-24 1.797272e-24 5.450319e-24 
1.618000e+00 3.638106e-24 1.789397e-24 5.427503e-24 
1.620000e+00 3.623821e-24 1.782743e-24 5.406564e-24 
1.622000e+00 3.610633e-24 1.775020e-24 5.385653e-24 
1.624000e+00 3.595099e-24 1.769091e-24 5.364190e-24 
1.626000e+00 3.581421e-24 1.761712e-24 5.343133e-24 
1.628000e+00 3.567339e-24 1.755153e-24 5.322492e-24 
1.630000e+00 3.553663e-24 1.748755e-24 5.302418e-24 
1.632000e+00 3.540372e-24 1.742642e-24 5.283014e-24 
1.634000e+00 3.526031e-24 1.735166e-24 5.261197e-24 
1.636000e+00 3.510580e-24 1.728571e-24 5.239151e-24 
1.638000e+00 3.497780e-24 1.721975e-24 5.219756e-24 
1.640000e+00 3.483242e-24 1.715436e-24 5.198678e-24 
1.642000e+00 3.469896e-24 1.708618e-24 5.178514e-24 
1.644000e+00 3.455676e-24 1.702099e-24 5.157774e-24 
1.646000e+00 3.442398e-24 1.694421e-24 5.136819e-24 
1.648000e+00 3.428752e-24 1.688124e-24 5.116876e-24 
1.650000e+00 3.414657e-24 1.681233e-24 5.095891e-24 
1.652000e+00 3.399493e-24 1.674734e-24 5.074227e-24 
1.654000e+00 3.386307e-24 1.668731e-24 5.055037e-24 
1.656000e+00 3.372984e-24 1.661492e-24 5.034477e-24 
1.658000e+00 3.359039e-24 1.655632e-24 5.014671e-24 
1.660000e+00 3.347130e-24 1.649459e-24 4.996589e-24 
1.662000e+00 3.334198e-24 1.642420e-24 4.976617e-24 
1.664000e+00 3.319132e-24 1.635978e-24 4.955109e-24 
1.666000e+00 3.306433e-24 1.629138e-24 4.935570e-24 
1.668000e+00 3.292068e-24 1.623515e-24 4.915583e-24 
1.670000e+00 3.280352e-24 1.617639e-24 4.897991e-24 
1.672000e+00 3.267166e-24 1.611385e-24 4.878550e-24 
1.674000e+00 3.253314e-24 1.605153e-24 4.858468e-24 
1.676000e+00 3.241044e-24 1.598862e-24 4.839906e-24 
1.678000e+00 3.227721e-24 1.593196e-24 4.820917e-24 
1.680000e+00 3.213895e-24 1.586404e-24 4.800298e-24 
1.682000e+00 3.202531e-24 1.580454e-24 4.782984e-24 
1.684000e+00 3.188827e-24 1.574677e-24 4.763503e-24 
1.686000e+00 3.176818e-24 1.568715e-24 4.745533e-24 
1.688000e+00 3.162688e-24 1.562717e-24 4.725406e-24 
1.690000e+00 3.150554e-24 1.556490e-24 4.707044e-24 
1.692000e+00 3.137509e-24 1.550176e-24 4.687685e-24 
1.694000e+00 3.125726e-24 1.544233e-24 4.669959e-24 
1.696000e+00 3.113859e-24 1.538055e-24 4.651913e-24 
1.698000e+00 3.100282e-24 1.532119e-24 4.632400e-24 
1.700000e+00 3.088989e-24 1.525632e-24 4.614621e-24 
1.702000e+00 3.075066e-24 1.519825e-24 4.594891e-24 
1.704000e+00 3.063162e-24 1.514613e-24 4.577774e-24 
1.706000e+00 3.057705e-24 1.508859e-24 4.566564e-24 
1.708000e+00 3.037642e-24 1.502356e-24 4.539998e-24 
1.710000e+00 3.026796e-24 1.497909e-24 4.524705e-24 
1.712000e+00 3.014622e-24 1.491669e-24 4.506291e-24 
1.714000e+00 3.001320e-24 1.485383e-24 4.486703e-24 
1.716000e+00 2.989390e-24 1.480671e-24 4.470061e-24 
1.718000e+00 2.976646e-24 1.474513e-24 4.451159e-24 
1.720000e+00 2.965269e-24 1.469604e-24 4.434873e-24 
1.722000e+00 2.952087e-24 1.463158e-24 4.415245e-24 
1.724000e+00 2.940302e-24 1.457045e-24 4.397347e-24 
1.726000e+00 2.929147e-24 1.452443e-24 4.381589e-24 
1.728000e+00 2.917504e-24 1.446205e-24 4.363709e-24 
1.730000e+00 2.905505e-24 1.441495e-24 4.347000e-24 
1.732000e+00 2.893096e-24 1.435167e-24 4.328262e-24 
1.734000e+00 2.881623e-24 1.429444e-24 4.311068e-24 
1.736000e+00 2.868858e-24 1.423956e-24 4.292814e-24 
1.738000e+00 2.858150e-24 1.418332e-24 4.276482e-24 
1.740000e+00 2.846749e-24 1.413115e-24 4.259864e-24 
1.742000e+00 2.833923e-24 1.408272e-24 4.242195e-24 
1.744000e+00 2.820864e-24 1.403327e-24 4.224191e-24 
1.746000e+00 2.809962e-24 1.398681e-24 4.208643e-24 
1.748000e+00 2.797716e-24 1.392893e-24 4.190609e-24 
1.750000e+00 2.786714e-24 1.387534e-24 4.174248e-24 
1.752000e+00 2.774579e-24 1.382132e-24 4.156711e-24 
1.754000e+00 2.762783e-24 1.377208e-24 4.139991e-24 
1.756000e+00 2.751520e-24 1.372102e-24 4.123622e-24 
1.758000e+00 2.739911e-24 1.367207e-24 4.107118e-24 
1.760000e+00 2.728143e-24 1.362294e-24 4.090437e-24 
1.762000e+00 2.716368e-24 1.357225e-24 4.073592e-24 
1.764000e+00 2.704902e-24 1.351367e-24 4.056269e-24 
1.766000e+00 2.693550e-24 1.346322e-24 4.039872e-24 
1.768000e+00 2.681818e-24 1.341421e-24 4.023239e-24 
1.770000e+00 2.670417e-24 1.336515e-24 4.006932e-24 
1.772000e+00 2.658294e-24 1.331949e-24 3.990243e-24 
1.774000e+00 2.647058e-24 1.326931e-24 3.973989e-24 
1.776000e+00 2.633878e-24 1.321634e-24 3.955513e-24 
1.778000e+00 2.623343e-24 1.316985e-24 3.940328e-24 
1.780000e+00 2.610758e-24 1.312016e-24 3.922774e-24 
1.782000e+00 2.600280e-24 1.306628e-24 3.906909e-24 
1.784000e+00 2.586815e-24 1.303096e-24 3.889911e-24 
1.786000e+00 2.575506e-24 1.298588e-24 3.874095e-24 
1.788000e+00 2.562458e-24 1.293279e-24 3.855737e-24 
1.790000e+00 2.551492e-24 1.287988e-24 3.839480e-24 
1.792000e+00 2.539550e-24 1.284406e-24 3.823956e-24 
1.794000e+00 2.526847e-24 1.279751e-24 3.806598e-24 
1.796000e+00 2.515475e-24 1.274602e-24 3.790077e-24 
1.798000e+00 2.504344e-24 1.269786e-24 3.774130e-24 
1.800000e+00 2.490910e-24 1.265919e-24 3.756829e-24 
1.802000e+00 2.478109e-24 1.260772e-24 3.738881e-24 
1.804000e+00 2.465753e-24 1.256109e-24 3.721862e-24 
1.806000e+00 2.453036e-24 1.252281e-24 3.705316e-24 
1.808000e+00 2.438596e-24 1.247142e-24 3.685738e-24 
1.810000e+00 2.426684e-24 1.242106e-24 3.668790e-24 
1.812000e+00 2.412073e-24 1.238512e-24 3.650585e-24 
1.814000e+00 2.399688e-24 1.233591e-24 3.633279e-24 
1.816000e+00 2.381993e-24 1.228530e-24 3.610523e-24 
1.818000e+00 2.367108e-24 1.224594e-24 3.591702e-24 
1.820000e+00 2.351504e-24 1.219955e-24 3.571459e-24 
1.822000e+00 2.335150e-24 1.216123e-24 3.551272e-24 
1.824000e+00 2.315462e-24 1.210992e-24 3.526454e-24 
1.826000e+00 2.294382e-24 1.207237e-24 3.501618e-24 
1.828000e+00 2.275506e-24 1.202155e-24 3.477661e-24 
1.830000e+00 2.256100e-24 1.198390e-24 3.454489e-24 
1.832000e+00 2.239622e-24 1.194869e-24 3.434491e-24 
1.834000e+00 2.224598e-24 1.189671e-24 3.414269e-24 
1.836000e+00 2.206740e-24 1.185847e-24 3.392587e-24 
1.838000e+00 2.193095e-24 1.180754e-24 3.373849e-24 
1.840000e+00 2.186014e-24 1.176531e-24 3.362545e-24 
1.842000e+00 2.180221e-24 1.173580e-24 3.353801e-24 
1.844000e+00 2.174853e-24 1.168440e-24 3.343294e-24 
1.846000e+00 2.169418e-24 1.164092e-24 3.333510e-24 
1.848000e+00 2.173425e-24 1.160556e-24 3.333981e-24 
1.850000e+00 2.177584e-24 1.155269e-24 3.332853e-24 
1.852000e+00 2.183434e-24 1.151611e-24 3.335046e-24 
1.854000e+00 2.186840e-24 1.148210e-24 3.335050e-24 
1.856000e+00 2.192433e-24 1.143004e-24 3.335437e-24 
1.858000e+00 2.196771e-24 1.139484e-24 3.336254e-24 
1.860000e+00 2.201391e-24 1.135752e-24 3.337143e-24 
1.862000e+00 2.206729e-24 1.130403e-24 3.337132e-24 
1.864000e+00 2.205360e-24 1.128262e-24 3.333622e-24 
1.866000e+00 2.203843e-24 1.123035e-24 3.326878e-24 
1.868000e+00 2.202745e-24 1.119392e-24 3.322136e-24 
1.870000e+00 2.201018e-24 1.115321e-24 3.316339e-24 
1.872000e+00 2.198539e-24 1.111335e-24 3.309874e-24 
1.874000e+00 2.193565e-24 1.107843e-24 3.301408e-24 
1.876000e+00 2.190546e-24 1.103602e-24 3.294148e-24 
1.878000e+00 2.188173e-24 1.099862e-24 3.288035e-24 
1.880000e+00 2.184288e-24 1.096907e-24 3.281195e-24 
1.882000e+00 2.181064e-24 1.093159e-24 3.274223e-24 
1.884000e+00 2.176831e-24 1.089187e-24 3.266018e-24 
1.886000e+00 2.172818e-24 1.084986e-24 3.257804e-24 
1.888000e+00 2.168332e-24 1.081660e-24 3.249991e-24 
1.890000e+00 2.163594e-24 1.077705e-24 3.241300e-24 
1.892000e+00 2.159874e-24 1.073608e-24 3.233483e-24 
1.894000e+00 2.154372e-24 1.070223e-24 3.224595e-24 
1.896000e+00 2.148928e-24 1.066499e-24 3.215427e-24 
1.898000e+00 2.144288e-24 1.062706e-24 3.206994e-24 
1.900000e+00 2.138995e-24 1.059049e-24 3.198044e-24 
1.902000e+00 2.133521e-24 1.054750e-24 3.188270e-24 
1.904000e+00 2.126926e-24 1.051916e-24 3.178842e-24 
1.906000e+00 2.123041e-24 1.049015e-24 3.172057e-24 
1.908000e+00 2.118532e-24 1.045138e-24 3.163670e-24 
1.910000e+00 2.113021e-24 1.040599e-24 3.153620e-24 
1.912000e+00 2.107358e-24 1.037505e-24 3.144863e-24 
1.914000e+00 2.101428e-24 1.033942e-24 3.135371e-24 
1.916000e+00 2.096893e-24 1.029963e-24 3.126856e-24 
1.918000e+00 2.091545e-24 1.026346e-24 3.117891e-24 
1.920000e+00 2.086583e-24 1.023700e-24 3.110283e-24 
1.922000e+00 2.080230e-24 1.019883e-24 3.100114e-24 
1.924000e+00 2.074936e-24 1.015603e-24 3.090539e-24 
1.926000e+00 2.069325e-24 1.013175e-24 3.082499e-24 
1.928000e+00 2.064392e-24 1.009336e-24 3.073727e-24 
1.930000e+00 2.058000e-24 1.005769e-24 3.063769e-24 
1.932000e+00 2.052571e-24 1.002769e-24 3.055341e-24 
1.934000e+00 2.047165e-24 9.991420e-25 3.046307e-24 
1.936000e+00 2.041892e-24 9.947211e-25 3.036614e-24 
1.938000e+00 2.036187e-24 9.921739e-25 3.028361e-24 
1.940000e+00 2.031266e-24 9.889274e-25 3.020193e-24 
1.942000e+00 2.025076e-24 9.849283e-25 3.010005e-24 
1.944000e+00 2.019858e-24 9.820013e-25 3.001859e-24 
1.946000e+00 2.014502e-24 9.784148e-25 2.992917e-24 
1.948000e+00 2.008639e-24 9.740712e-25 2.982710e-24 
1.950000e+00 2.003268e-24 9.719285e-25 2.975197e-24 
1.952000e+00 1.996189e-24 9.680602e-25 2.964249e-24 
1.954000e+00 1.990624e-24 9.651168e-25 2.955741e-24 
1.956000e+00 1.985722e-24 9.615303e-25 2.947252e-24 
1.958000e+00 1.983482e-24 9.584632e-25 2.941945e-24 
1.960000e+00 1.975586e-24 9.556690e-25 2.931255e-24 
1.962000e+00 1.970073e-24 9.515785e-25 2.921652e-24 
1.964000e+00 1.964351e-24 9.507051e-25 2.915056e-24 
1.966000e+00 1.959333e-24 9.462623e-25 2.905595e-24 
1.968000e+00 1.953482e-24 9.425462e-25 2.896028e-24 
1.970000e+00 1.947601e-24 9.400276e-25 2.887629e-24 
1.972000e+00 1.941152e-24 9.356349e-25 2.876787e-24 
1.974000e+00 1.935367e-24 9.330804e-25 2.868447e-24 
1.976000e+00 1.930831e-24 9.305648e-25 2.861396e-24 
1.978000e+00 1.924438e-24 9.265515e-25 2.850990e-24 
1.980000e+00 1.919342e-24 9.235942e-25 2.842937e-24 
1.982000e+00 1.913905e-24 9.208284e-25 2.834734e-24 
1.984000e+00 1.908987e-24 9.173145e-25 2.826301e-24 
1.986000e+00 1.902869e-24 9.141964e-25 2.817065e-24 
1.988000e+00 1.898295e-24 9.115765e-25 2.809872e-24 
1.990000e+00 1.892509e-24 9.075598e-25 2.800068e-24 
1.992000e+00 1.886921e-24 9.050325e-25 2.791953e-24 
1.994000e+00 1.881348e-24 9.024416e-25 2.783790e-24 
1.996000e+00 1.875649e-24 8.988894e-25 2.774539e-24 
1.998000e+00 1.870489e-24 8.963085e-25 2.766797e-24 
2.000000e+00 1.864647e-24 8.932281e-25 2.757875e-24 
2.002000e+00 1.859619e-24 8.905572e-25 2.750176e-24 
2.004000e+00 1.854357e-24 8.874788e-25 2.741836e-24 
2.006000e+00 1.849344e-24 8.847188e-25 2.734063e-24 
2.008000e+00 1.842964e-24 8.817457e-25 2.724710e-24 
2.010000e+00 1.838093e-24 8.790117e-25 2.717104e-24 
2.012000e+00 1.833036e-24 8.765479e-25 2.709584e-24 
2.014000e+00 1.827324e-24 8.733241e-25 2.700648e-24 
2.016000e+00 1.821667e-24 8.706747e-25 2.692342e-24 
2.018000e+00 1.816644e-24 8.679533e-25 2.684597e-24 
2.020000e+00 1.815885e-24 8.654150e-25 2.681300e-24 
2.022000e+00 1.806263e-24 8.624447e-25 2.668707e-24 
2.024000e+00 1.800737e-24 8.595781e-25 2.660315e-24 
2.026000e+00 1.795134e-24 8.565988e-25 2.651733e-24 
2.028000e+00 1.789399e-24 8.537811e-25 2.643180e-24 
2.030000e+00 1.784347e-24 8.514418e-25 2.635789e-24 
2.032000e+00 1.778635e-24 8.482740e-25 2.626909e-24 
2.034000e+00 1.774409e-24 8.455446e-25 2.619954e-24 
2.036000e+00 1.768715e-24 8.419864e-25 2.610702e-24 
2.038000e+00 1.763766e-24 8.397356e-25 2.603502e-24 
2.040000e+00 1.759631e-24 8.365247e-25 2.596156e-24 
2.042000e+00 1.754421e-24 8.333979e-25 2.587819e-24 
2.044000e+00 1.748861e-24 8.320011e-25 2.580862e-24 
2.046000e+00 1.743804e-24 8.293904e-25 2.573195e-24 
2.048000e+00 1.739129e-24 8.263648e-25 2.565494e-24 
2.050000e+00 1.733362e-24 8.235967e-25 2.556958e-24 
2.052000e+00 1.727527e-24 8.211228e-25 2.548649e-24 
2.054000e+00 1.723766e-24 8.184014e-25 2.542168e-24 
2.056000e+00 1.718872e-24 8.153175e-25 2.534190e-24 
2.058000e+00 1.713387e-24 8.133099e-25 2.526697e-24 
2.060000e+00 1.708403e-24 8.107267e-25 2.519130e-24 
2.062000e+00 1.702848e-24 8.078512e-25 2.510700e-24 
2.064000e+00 1.698411e-24 8.051365e-25 2.503548e-24 
2.066000e+00 1.692907e-24 8.024962e-25 2.495403e-24 
2.068000e+00 1.687518e-24 8.000683e-25 2.487586e-24 
2.070000e+00 1.683944e-24 7.975781e-25 2.481522e-24 
2.072000e+00 1.678512e-24 7.948797e-25 2.473391e-24 
2.074000e+00 1.674184e-24 7.923240e-25 2.466508e-24 
2.076000e+00 1.669020e-24 7.894572e-25 2.458477e-24 
2.078000e+00 1.641832e-24 7.872632e-25 2.429095e-24 
2.080000e+00 1.659831e-24 7.850913e-25 2.444923e-24 
2.082000e+00 1.654799e-24 7.822242e-25 2.437023e-24 
2.084000e+00 1.649783e-24 7.797641e-25 2.429547e-24 
2.086000e+00 1.644044e-24 7.767523e-25 2.420797e-24 
2.088000e+00 1.638657e-24 7.743988e-25 2.413056e-24 
2.090000e+00 1.634447e-24 7.721375e-25 2.406584e-24 
2.092000e+00 1.629549e-24 7.693875e-25 2.398936e-24 
2.094000e+00 1.625671e-24 7.674286e-25 2.393100e-24 
2.096000e+00 1.620872e-24 7.647996e-25 2.385671e-24 
2.098000e+00 1.616077e-24 7.632782e-25 2.379355e-24 
2.100000e+00 1.610666e-24 7.604004e-25 2.371066e-24 
2.102000e+00 1.607418e-24 7.586578e-25 2.366076e-24 
2.104000e+00 1.601682e-24 7.554990e-25 2.357181e-24 
2.106000e+00 1.596210e-24 7.538738e-25 2.350084e-24 
2.108000e+00 1.592425e-24 7.513729e-25 2.343798e-24 
2.110000e+00 1.587290e-24 7.492422e-25 2.336532e-24 
2.112000e+00 1.583343e-24 7.461185e-25 2.329462e-24 
2.114000e+00 1.577578e-24 7.444348e-25 2.322012e-24 
2.116000e+00 1.574005e-24 7.420883e-25 2.316094e-24 
2.118000e+00 1.568502e-24 7.404701e-25 2.308972e-24 
2.120000e+00 1.564530e-24 7.371876e-25 2.301717e-24 
2.122000e+00 1.559092e-24 7.355439e-25 2.294636e-24 
2.124000e+00 1.555246e-24 7.329842e-25 2.288230e-24 
2.126000e+00 1.550211e-24 7.308728e-25 2.281084e-24 
2.128000e+00 1.546304e-24 7.283349e-25 2.274639e-24 
2.130000e+00 1.540669e-24 7.263465e-25 2.267016e-24 
2.132000e+00 1.537618e-24 7.236954e-25 2.261313e-24 
2.134000e+00 1.532189e-24 7.216160e-25 2.253805e-24 
2.136000e+00 1.527852e-24 7.189723e-25 2.246824e-24 
2.138000e+00 1.523640e-24 7.173831e-25 2.241024e-24 
2.140000e+00 1.519737e-24 7.155884e-25 2.235326e-24 
2.142000e+00 1.514836e-24 7.124297e-25 2.227266e-24 
2.144000e+00 1.509935e-24 7.107772e-25 2.220712e-24 
2.146000e+00 1.507056e-24 7.092044e-25 2.216261e-24 
2.148000e+00 1.502088e-24 7.063048e-25 2.208393e-24 
2.150000e+00 1.497870e-24 7.045074e-25 2.202378e-24 
2.152000e+00 1.492614e-24 7.022556e-25 2.194869e-24 
2.154000e+00 1.488153e-24 6.998480e-25 2.188001e-24 
2.156000e+00 1.484863e-24 6.977267e-25 2.182590e-24 
2.158000e+00 1.479636e-24 6.961811e-25 2.175817e-24 
2.160000e+00 1.475774e-24 6.936790e-25 2.169453e-24 
2.162000e+00 1.472199e-24 6.917086e-25 2.163908e-24 
2.164000e+00 1.467500e-24 6.898651e-25 2.157365e-24 
2.166000e+00 1.463517e-24 6.880424e-25 2.151559e-24 
2.168000e+00 1.459415e-24 6.854229e-25 2.144838e-24 
2.170000e+00 1.454948e-24 6.832042e-25 2.138152e-24 
2.172000e+00 1.451363e-24 6.811480e-25 2.132511e-24 
2.174000e+00 1.447314e-24 6.788376e-25 2.126151e-24 
2.176000e+00 1.443700e-24 6.770005e-25 2.120701e-24 
2.178000e+00 1.437677e-24 6.751734e-25 2.112850e-24 
2.180000e+00 1.433713e-24 6.734991e-25 2.107212e-24 
2.182000e+00 1.430361e-24 6.709120e-25 2.101273e-24 
2.184000e+00 1.426502e-24 6.687067e-25 2.095209e-24 
2.186000e+00 1.422070e-24 6.667804e-25 2.088851e-24 
2.188000e+00 1.418133e-24 6.647392e-25 2.082872e-24 
2.190000e+00 1.413425e-24 6.623631e-25 2.075789e-24 
2.192000e+00 1.409461e-24 6.606464e-25 2.070107e-24 
2.194000e+00 1.405606e-24 6.588598e-25 2.064465e-24 
2.196000e+00 1.401294e-24 6.571209e-25 2.058415e-24 
2.198000e+00 1.402688e-24 6.550124e-25 2.057701e-24 
2.200000e+00 1.393658e-24 6.532677e-25 2.046926e-24 
2.202000e+00 1.390169e-24 6.533207e-25 2.043489e-24 
2.204000e+00 1.385265e-24 6.497273e-25 2.034992e-24 
2.206000e+00 1.381302e-24 6.478102e-25 2.029112e-24 
2.208000e+00 1.377460e-24 6.450674e-25 2.022528e-24 
2.210000e+00 1.373344e-24 6.436568e-25 2.017000e-24 
2.212000e+00 1.369768e-24 6.414859e-25 2.011254e-24 
2.214000e+00 1.365722e-24 6.395364e-25 2.005259e-24 
2.216000e+00 1.362229e-24 6.376283e-25 1.999858e-24 
2.218000e+00 1.357602e-24 6.355754e-25 1.993178e-24 
2.220000e+00 1.354113e-24 6.343142e-25 1.988427e-24 
2.222000e+00 1.350486e-24 6.325390e-25 1.983025e-24 
2.224000e+00 1.346262e-24 6.306207e-25 1.976883e-24 
2.226000e+00 1.341740e-24 6.285379e-25 1.970278e-24 
2.228000e+00 1.338238e-24 6.260175e-25 1.964256e-24 
2.230000e+00 1.334713e-24 6.241436e-25 1.958857e-24 
2.232000e+00 1.330775e-24 6.222229e-25 1.952998e-24 
2.234000e+00 1.326988e-24 6.205912e-25 1.947579e-24 
2.236000e+00 1.324556e-24 6.187619e-25 1.943318e-24 
2.238000e+00 1.321100e-24 6.169879e-25 1.938088e-24 
2.240000e+00 1.316257e-24 6.151496e-25 1.931406e-24 
2.242000e+00 1.312484e-24 6.131937e-25 1.925677e-24 
2.244000e+00 1.308501e-24 6.113472e-25 1.919848e-24 
2.246000e+00 1.305725e-24 6.096542e-25 1.915379e-24 
2.248000e+00 1.301389e-24 6.080371e-25 1.909426e-24 
2.250000e+00 1.297461e-24 6.032895e-25 1.900750e-24 
2.252000e+00 1.293587e-24 6.041325e-25 1.897719e-24 
2.254000e+00 1.289807e-24 6.026797e-25 1.892487e-24 
2.256000e+00 1.285989e-24 6.015525e-25 1.887542e-24 
2.258000e+00 1.282152e-24 5.996722e-25 1.881824e-24 
2.260000e+00 1.278353e-24 5.975546e-25 1.875908e-24 
2.262000e+00 1.275783e-24 5.958017e-25 1.871584e-24 
2.264000e+00 1.271538e-24 5.942371e-25 1.865775e-24 
2.266000e+00 1.268165e-24 5.923539e-25 1.860519e-24 
2.268000e+00 1.264042e-24 5.907203e-25 1.854763e-24 
2.270000e+00 1.260104e-24 5.882225e-25 1.848327e-24 
2.272000e+00 1.256984e-24 5.869363e-25 1.843921e-24 
2.274000e+00 1.254223e-24 5.847101e-25 1.838933e-24 
2.276000e+00 1.250126e-24 5.831724e-25 1.833298e-24 
2.278000e+00 1.246305e-24 5.818216e-25 1.828127e-24 
2.280000e+00 1.242351e-24 5.804636e-25 1.822815e-24 
2.282000e+00 1.239517e-24 5.787592e-25 1.818276e-24 
2.284000e+00 1.235921e-24 5.765412e-25 1.812462e-24 
2.286000e+00 1.232929e-24 5.750314e-25 1.807960e-24 
2.288000e+00 1.229200e-24 5.731106e-25 1.802311e-24 
2.290000e+00 1.225669e-24 5.714049e-25 1.797074e-24 
2.292000e+00 1.223113e-24 5.692913e-25 1.792404e-24 
2.294000e+00 1.219332e-24 5.683063e-25 1.787638e-24 
2.296000e+00 1.215305e-24 5.664186e-25 1.781724e-24 
2.298000e+00 1.212071e-24 5.649882e-25 1.777059e-24 
2.300000e+00 1.208996e-24 5.637895e-25 1.772786e-24 
2.302000e+00 1.205471e-24 5.621780e-25 1.767649e-24 
2.304000e+00 1.201522e-24 5.602764e-25 1.761799e-24 
2.306000e+00 1.199284e-24 5.586958e-25 1.757980e-24 
2.308000e+00 1.195283e-24 5.570755e-25 1.752358e-24 
2.310000e+00 1.192469e-24 5.552249e-25 1.747694e-24 
2.312000e+00 1.189248e-24 5.539100e-25 1.743158e-24 
2.314000e+00 1.187074e-24 5.527337e-25 1.739807e-24 
2.316000e+00 1.183180e-24 5.508531e-25 1.734033e-24 
2.318000e+00 1.179754e-24 5.491864e-25 1.728941e-24 
2.320000e+00 1.176152e-24 5.472978e-25 1.723450e-24 
2.322000e+00 1.172286e-24 5.462977e-25 1.718584e-24 
2.324000e+00 1.169569e-24 5.450352e-25 1.714605e-24 
2.326000e+00 1.156699e-24 5.428659e-25 1.699565e-24 
2.328000e+00 1.161715e-24 5.421891e-25 1.703904e-24 
2.330000e+00 1.159481e-24 5.399043e-25 1.699385e-24 
2.332000e+00 1.155407e-24 5.381658e-25 1.693573e-24 
2.334000e+00 1.151872e-24 5.369997e-25 1.688871e-24 
2.336000e+00 1.149109e-24 5.353896e-25 1.684499e-24 
2.338000e+00 1.145971e-24 5.332445e-25 1.679216e-24 
2.340000e+00 1.142850e-24 5.325936e-25 1.675444e-24 
2.342000e+00 1.140582e-24 5.308545e-25 1.671436e-24 
2.344000e+00 1.136808e-24 5.288227e-25 1.665631e-24 
2.346000e+00 1.134085e-24 5.280353e-25 1.662121e-24 
2.348000e+00 1.131123e-24 5.263093e-25 1.657433e-24 
2.350000e+00 1.128193e-24 5.254343e-25 1.653627e-24 
2.352000e+00 1.125298e-24 5.232161e-25 1.648514e-24 
2.354000e+00 1.122472e-24 5.224641e-25 1.644936e-24 
2.356000e+00 1.119062e-24 5.202959e-25 1.639358e-24 
2.358000e+00 1.116496e-24 5.192306e-25 1.635726e-24 
2.360000e+00 1.112455e-24 5.175746e-25 1.630029e-24 
2.362000e+00 1.109347e-24 5.161741e-25 1.625521e-24 
2.364000e+00 1.106420e-24 5.149385e-25 1.621359e-24 
2.366000e+00 1.103806e-24 5.133163e-25 1.617122e-24 
2.368000e+00 1.099665e-24 5.118942e-25 1.611559e-24 
2.370000e+00 1.097300e-24 5.105409e-25 1.607841e-24 
2.372000e+00 1.093257e-24 5.091949e-25 1.602452e-24 
2.374000e+00 1.090806e-24 5.079558e-25 1.598762e-24 
2.376000e+00 1.088190e-24 5.059599e-25 1.594150e-24 
2.378000e+00 1.085840e-24 5.052773e-25 1.591118e-24 
2.380000e+00 1.082042e-24 5.036419e-25 1.585684e-24 
2.382000e+00 1.079264e-24 5.026833e-25 1.581948e-24 
2.384000e+00 1.076494e-24 5.006142e-25 1.577108e-24 
2.386000e+00 1.073168e-24 4.996176e-25 1.572786e-24 
2.388000e+00 1.070151e-24 4.977207e-25 1.567872e-24 
2.390000e+00 1.067198e-24 4.970372e-25 1.564235e-24 
2.392000e+00 1.064340e-24 4.947273e-25 1.559067e-24 
2.394000e+00 1.061170e-24 4.941621e-25 1.555332e-24 
2.396000e+00 1.057928e-24 4.922505e-25 1.550178e-24 
2.398000e+00 1.055442e-24 4.910407e-25 1.546482e-24 
2.400000e+00 1.052796e-24 4.900912e-25 1.542887e-24 
2.402000e+00 1.050032e-24 4.884208e-25 1.538453e-24 
2.404000e+00 1.055191e-24 4.873108e-25 1.542502e-24 
2.406000e+00 1.043729e-24 4.854190e-25 1.529148e-24 
2.408000e+00 1.040917e-24 4.879638e-25 1.528881e-24 
2.410000e+00 1.038803e-24 4.837003e-25 1.522503e-24 
2.412000e+00 1.036222e-24 4.814780e-25 1.517700e-24 
2.414000e+00 1.033536e-24 4.806557e-25 1.514192e-24 
2.416000e+00 1.029903e-24 4.795736e-25 1.509476e-24 
2.418000e+00 1.027124e-24 4.778058e-25 1.504929e-24 
2.420000e+00 1.024961e-24 4.770080e-25 1.501969e-24 
2.422000e+00 1.021916e-24 4.751098e-25 1.497025e-24 
2.424000e+00 1.019939e-24 4.740567e-25 1.493996e-24 
2.426000e+00 1.015818e-24 4.731705e-25 1.488988e-24 
2.428000e+00 1.013399e-24 4.715921e-25 1.484991e-24 
2.430000e+00 1.011246e-24 4.703313e-25 1.481577e-24 
2.432000e+00 1.008181e-24 4.693682e-25 1.477549e-24 
2.434000e+00 1.005458e-24 4.672827e-25 1.472741e-24 
2.436000e+00 1.003045e-24 4.665564e-25 1.469602e-24 
2.438000e+00 1.000214e-24 4.651887e-25 1.465403e-24 
2.440000e+00 9.974368e-25 4.636045e-25 1.461041e-24 
2.442000e+00 9.951811e-25 4.623465e-25 1.457528e-24 
2.444000e+00 9.930540e-25 4.611011e-25 1.454155e-24 
2.446000e+00 9.904365e-25 4.599284e-25 1.450365e-24 
2.448000e+00 9.866697e-25 4.588635e-25 1.445533e-24 
2.450000e+00 9.835224e-25 4.576538e-25 1.441176e-24 
2.452000e+00 9.814233e-25 4.559576e-25 1.437381e-24 
2.454000e+00 9.788702e-25 4.548503e-25 1.433721e-24 
2.456000e+00 9.765253e-25 4.540768e-25 1.430602e-24 
2.458000e+00 9.740062e-25 4.523936e-25 1.426400e-24 
2.460000e+00 9.708677e-25 4.509338e-25 1.421802e-24 
2.462000e+00 9.683748e-25 4.503532e-25 1.418728e-24 
2.464000e+00 9.659415e-25 4.489102e-25 1.414852e-24 
2.466000e+00 9.633138e-25 4.475780e-25 1.410892e-24 
2.468000e+00 9.610328e-25 4.465806e-25 1.407613e-24 
2.470000e+00 9.577979e-25 4.450548e-25 1.402853e-24 
2.472000e+00 9.559810e-25 4.443565e-25 1.400338e-24 
2.474000e+00 9.532264e-25 4.431826e-25 1.396409e-24 
2.476000e+00 9.501823e-25 4.414625e-25 1.391645e-24 
2.478000e+00 9.472218e-25 4.406012e-25 1.387823e-24 
2.480000e+00 9.448914e-25 4.394641e-25 1.384356e-24 
2.482000e+00 9.420412e-25 4.384505e-25 1.380492e-24 
2.484000e+00 9.395055e-25 4.371806e-25 1.376686e-24 
2.486000e+00 9.379517e-25 4.352412e-25 1.373193e-24 
2.488000e+00 9.350704e-25 4.344510e-25 1.369521e-24 
2.490000e+00 9.328946e-25 4.336115e-25 1.366506e-24 
2.492000e+00 9.302618e-25 4.322954e-25 1.362557e-24 
2.494000e+00 9.278092e-25 4.314009e-25 1.359210e-24 
2.496000e+00 9.248004e-25 4.298891e-25 1.354690e-24 
2.498000e+00 9.229915e-25 4.287940e-25 1.351785e-24 
2.500000e+00 9.275609e-25 4.277494e-25 1.355310e-24 
2.502000e+00 9.174596e-25 4.267608e-25 1.344220e-24 
2.504000e+00 9.148235e-25 4.257601e-25 1.340584e-24 
2.506000e+00 9.124991e-25 4.238956e-25 1.336395e-24 
2.508000e+00 9.107337e-25 4.231172e-25 1.333851e-24 
2.510000e+00 9.083002e-25 4.217570e-25 1.330057e-24 
2.512000e+00 9.063741e-25 4.209883e-25 1.327362e-24 
2.514000e+00 9.032798e-25 4.195987e-25 1.322878e-24 
2.516000e+00 9.009229e-25 4.187800e-25 1.319703e-24 
2.518000e+00 8.981419e-25 4.176279e-25 1.315770e-24 
2.520000e+00 8.961371e-25 4.168144e-25 1.312952e-24 
2.522000e+00 8.935217e-25 4.154891e-25 1.309011e-24 
2.524000e+00 8.923955e-25 4.137779e-25 1.306173e-24 
2.526000e+00 8.896363e-25 4.129922e-25 1.302628e-24 
2.528000e+00 8.867588e-25 4.116757e-25 1.298435e-24 
2.530000e+00 8.846106e-25 4.108765e-25 1.295487e-24 
2.532000e+00 8.831785e-25 4.099715e-25 1.293150e-24 
2.534000e+00 8.802796e-25 4.086895e-25 1.288969e-24 
2.536000e+00 8.779971e-25 4.078498e-25 1.285847e-24 
2.538000e+00 8.751972e-25 4.067043e-25 1.281901e-24 
2.540000e+00 8.727057e-25 4.058976e-25 1.278603e-24 
2.542000e+00 8.702327e-25 4.045519e-25 1.274785e-24 
2.544000e+00 8.684721e-25 4.036516e-25 1.272124e-24 
2.546000e+00 8.665957e-25 4.024813e-25 1.269077e-24 
2.548000e+00 8.639386e-25 4.016661e-25 1.265605e-24 
2.550000e+00 8.626606e-25 4.004030e-25 1.263064e-24 
2.552000e+00 8.598915e-25 3.997084e-25 1.259600e-24 
2.554000e+00 8.574784e-25 3.983650e-25 1.255843e-24 
2.556000e+00 8.560351e-25 3.976328e-25 1.253668e-24 
2.558000e+00 8.531769e-25 3.965008e-25 1.249678e-24 
2.560000e+00 8.505097e-25 3.952324e-25 1.245742e-24 
2.562000e+00 8.495816e-25 3.943043e-25 1.243886e-24 
2.564000e+00 8.468860e-25 3.926610e-25 1.239547e-24 
2.566000e+00 8.444162e-25 3.919324e-25 1.236349e-24 
2.568000e+00 8.418628e-25 3.906379e-25 1.232501e-24 
2.570000e+00 8.402115e-25 3.897937e-25 1.230005e-24 
2.572000e+00 8.374709e-25 3.887158e-25 1.226187e-24 
2.574000e+00 8.353205e-25 3.880649e-25 1.223385e-24 
2.576000e+00 8.328044e-25 3.869016e-25 1.219706e-24 
2.578000e+00 8.302070e-25 3.861498e-25 1.216357e-24 
2.580000e+00 8.284246e-25 3.850692e-25 1.213494e-24 
2.582000e+00 8.262731e-25 3.840459e-25 1.210319e-24 
2.584000e+00 8.233904e-25 3.830002e-25 1.206391e-24 
2.586000e+00 8.223828e-25 3.820906e-25 1.204473e-24 
2.588000e+00 8.197318e-25 3.807342e-25 1.200466e-24 
2.590000e+00 8.171995e-25 3.800860e-25 1.197285e-24 
2.592000e+00 8.156841e-25 3.771528e-25 1.192837e-24 
2.594000e+00 8.133669e-25 3.780615e-25 1.191428e-24 
2.596000e+00 8.121918e-25 3.770273e-25 1.189219e-24 
2.598000e+00 8.095363e-25 3.766759e-25 1.186212e-24 
2.600000e+00 8.098730e-25 3.756874e-25 1.185560e-24 
2.602000e+00 8.051937e-25 3.743815e-25 1.179575e-24 
2.604000e+00 8.033061e-25 3.735093e-25 1.176815e-24 
2.606000e+00 8.009664e-25 3.725749e-25 1.173541e-24 
2.608000e+00 7.986727e-25 3.713616e-25 1.170034e-24 
2.610000e+00 7.975657e-25 3.704746e-25 1.168040e-24 
2.612000e+00 7.961121e-25 3.692959e-25 1.165408e-24 
2.614000e+00 7.935357e-25 3.683928e-25 1.161929e-24 
2.616000e+00 7.910643e-25 3.671717e-25 1.158236e-24 
2.618000e+00 7.893308e-25 3.665652e-25 1.155896e-24 
2.620000e+00 7.877532e-25 3.661454e-25 1.153899e-24 
2.622000e+00 7.855909e-25 3.649732e-25 1.150564e-24 
2.624000e+00 7.830298e-25 3.639986e-25 1.147028e-24 
2.626000e+00 7.806978e-25 3.628504e-25 1.143548e-24 
2.628000e+00 7.790340e-25 3.617644e-25 1.140798e-24 
2.630000e+00 7.766964e-25 3.609036e-25 1.137600e-24 
2.632000e+00 7.605055e-25 3.595572e-25 1.120063e-24 
2.634000e+00 7.731807e-25 3.594353e-25 1.132616e-24 
2.636000e+00 7.549084e-25 3.587073e-25 1.113616e-24 
2.638000e+00 7.687751e-25 3.574538e-25 1.126229e-24 
2.640000e+00 7.670607e-25 3.565779e-25 1.123639e-24 
2.642000e+00 7.648484e-25 3.556496e-25 1.120498e-24 
2.644000e+00 7.636291e-25 3.549368e-25 1.118566e-24 
2.646000e+00 7.610047e-25 3.538470e-25 1.114852e-24 
2.648000e+00 7.592864e-25 3.528862e-25 1.112173e-24 
2.650000e+00 7.580881e-25 3.518441e-25 1.109932e-24 
2.652000e+00 7.552901e-25 3.512404e-25 1.106531e-24 
2.654000e+00 7.543089e-25 3.507214e-25 1.105030e-24 
2.656000e+00 7.516900e-25 3.496993e-25 1.101389e-24 
2.658000e+00 7.498044e-25 3.483367e-25 1.098141e-24 
2.660000e+00 7.474957e-25 3.473932e-25 1.094889e-24 
2.662000e+00 7.461437e-25 3.464500e-25 1.092594e-24 
2.664000e+00 7.437263e-25 3.462120e-25 1.089938e-24 
2.666000e+00 7.428537e-25 3.452255e-25 1.088079e-24 
2.668000e+00 7.404132e-25 3.440256e-25 1.084439e-24 
2.670000e+00 7.386744e-25 3.430245e-25 1.081699e-24 
2.672000e+00 7.362440e-25 3.425188e-25 1.078763e-24 
2.674000e+00 7.347730e-25 3.418709e-25 1.076644e-24 
2.676000e+00 7.322355e-25 3.408350e-25 1.073071e-24 
2.678000e+00 7.307493e-25 3.398575e-25 1.070607e-24 
2.680000e+00 7.290198e-25 3.385496e-25 1.067569e-24 
2.682000e+00 7.267743e-25 3.378624e-25 1.064637e-24 
2.684000e+00 7.251935e-25 3.372300e-25 1.062424e-24 
2.686000e+00 7.237435e-25 3.368286e-25 1.060572e-24 
2.688000e+00 7.209702e-25 3.353761e-25 1.056346e-24 
2.690000e+00 7.201963e-25 3.346007e-25 1.054797e-24 
2.692000e+00 7.175276e-25 3.338924e-25 1.051420e-24 
2.694000e+00 7.158639e-25 3.328683e-25 1.048732e-24 
2.696000e+00 7.148176e-25 3.319683e-25 1.046786e-24 
2.698000e+00 7.120994e-25 3.314743e-25 1.043574e-24 
2.700000e+00 7.103711e-25 3.307555e-25 1.041127e-24 
2.702000e+00 7.091837e-25 3.297328e-25 1.038917e-24 
2.704000e+00 7.067944e-25 3.293859e-25 1.036180e-24 
2.706000e+00 7.055620e-25 3.281698e-25 1.033732e-24 
2.708000e+00 7.038656e-25 3.273278e-25 1.031193e-24 
2.710000e+00 7.025235e-25 3.269005e-25 1.029424e-24 
2.712000e+00 7.002091e-25 3.258531e-25 1.026062e-24 
2.714000e+00 6.983831e-25 3.248108e-25 1.023194e-24 
2.716000e+00 6.974029e-25 3.244618e-25 1.021865e-24 
2.718000e+00 6.955577e-25 3.238381e-25 1.019396e-24 
2.720000e+00 6.942122e-25 3.224813e-25 1.016694e-24 
2.722000e+00 6.918796e-25 3.220614e-25 1.013941e-24 
2.724000e+00 6.903139e-25 3.211276e-25 1.011442e-24 
2.726000e+00 6.890127e-25 3.202667e-25 1.009279e-24 
2.728000e+00 6.867348e-25 3.196290e-25 1.006364e-24 
2.730000e+00 6.847093e-25 3.186558e-25 1.003365e-24 
2.732000e+00 6.835932e-25 3.175074e-25 1.001101e-24 
2.734000e+00 6.817591e-25 3.172557e-25 9.990148e-25 
2.736000e+00 6.796379e-25 3.166529e-25 9.962908e-25 
2.738000e+00 6.783165e-25 3.155937e-25 9.939103e-25 
2.740000e+00 6.766659e-25 3.037491e-25 9.804150e-25 
2.742000e+00 6.753791e-25 3.139560e-25 9.893352e-25 
2.744000e+00 6.734405e-25 3.131524e-25 9.865929e-25 
2.746000e+00 6.712410e-25 3.124124e-25 9.836534e-25 
2.748000e+00 6.701696e-25 3.115360e-25 9.817056e-25 
2.750000e+00 6.685475e-25 3.105455e-25 9.790930e-25 
2.752000e+00 6.662756e-25 3.101767e-25 9.764523e-25 
2.754000e+00 6.647890e-25 3.090702e-25 9.738592e-25 
2.756000e+00 6.628675e-25 3.087638e-25 9.716313e-25 
2.758000e+00 6.619240e-25 3.079450e-25 9.698690e-25 
2.760000e+00 6.601253e-25 3.069599e-25 9.670852e-25 
2.762000e+00 6.578128e-25 3.064774e-25 9.642902e-25 
2.764000e+00 6.567668e-25 3.057553e-25 9.625220e-25 
2.766000e+00 6.560660e-25 3.049654e-25 9.610314e-25 
2.768000e+00 6.537599e-25 3.039425e-25 9.577025e-25 
2.770000e+00 6.524612e-25 3.034659e-25 9.559271e-25 
2.772000e+00 6.509532e-25 3.029357e-25 9.538889e-25 
2.774000e+00 6.490693e-25 3.017425e-25 9.508119e-25 
2.776000e+00 6.469722e-25 3.017215e-25 9.486937e-25 
2.778000e+00 6.456619e-25 3.002043e-25 9.458663e-25 
2.780000e+00 6.440728e-25 2.999934e-25 9.440662e-25 
2.782000e+00 6.429301e-25 2.987853e-25 9.417155e-25 
2.784000e+00 6.412990e-25 2.987708e-25 9.400698e-25 
2.786000e+00 6.398592e-25 2.979506e-25 9.378097e-25 
2.788000e+00 6.383597e-25 2.971678e-25 9.355275e-25 
2.790000e+00 6.369094e-25 2.963876e-25 9.332970e-25 
2.792000e+00 6.345239e-25 2.953201e-25 9.298440e-25 
2.794000e+00 6.332878e-25 2.948962e-25 9.281840e-25 
2.796000e+00 6.312777e-25 2.939192e-25 9.251968e-25 
2.798000e+00 6.301798e-25 2.937361e-25 9.239159e-25 
2.800000e+00 6.285297e-25 2.924202e-25 9.209499e-25 
2.802000e+00 6.272139e-25 2.922060e-25 9.194199e-25 
2.804000e+00 6.259614e-25 2.915552e-25 9.175166e-25 
2.806000e+00 6.244980e-25 2.909749e-25 9.154729e-25 
2.808000e+00 6.229634e-25 2.897558e-25 9.127192e-25 
2.810000e+00 6.204852e-25 2.887435e-25 9.092286e-25 
2.812000e+00 6.196301e-25 2.885050e-25 9.081351e-25 
2.814000e+00 6.178794e-25 2.874369e-25 9.053163e-25 
2.816000e+00 6.164854e-25 2.872925e-25 9.037780e-25 
2.818000e+00 6.148447e-25 2.859543e-25 9.007990e-25 
2.820000e+00 6.136441e-25 2.855668e-25 8.992109e-25 
2.822000e+00 6.124184e-25 2.849035e-25 8.973219e-25 
2.824000e+00 6.107323e-25 2.844683e-25 8.952006e-25 
2.826000e+00 6.097972e-25 2.835949e-25 8.933921e-25 
2.828000e+00 6.078004e-25 2.832716e-25 8.910720e-25 
2.830000e+00 6.107087e-25 2.823771e-25 8.930858e-25 
2.832000e+00 6.040748e-25 2.844109e-25 8.884857e-25 
2.834000e+00 6.028146e-25 2.807555e-25 8.835701e-25 
2.836000e+00 6.012482e-25 2.804631e-25 8.817113e-25 
2.838000e+00 6.001279e-25 2.798618e-25 8.799897e-25 
2.840000e+00 5.984105e-25 2.789330e-25 8.773435e-25 
2.842000e+00 5.971086e-25 2.787661e-25 8.758747e-25 
2.844000e+00 5.958203e-25 2.776546e-25 8.734749e-25 
2.846000e+00 5.944911e-25 2.773067e-25 8.717978e-25 
2.848000e+00 5.929130e-25 2.762799e-25 8.691929e-25 
2.850000e+00 5.911844e-25 2.758492e-25 8.670335e-25 
2.852000e+00 5.906883e-25 2.746601e-25 8.653485e-25 
2.854000e+00 5.884275e-25 2.745794e-25 8.630069e-25 
2.856000e+00 5.871106e-25 2.735918e-25 8.607025e-25 
2.858000e+00 5.857427e-25 2.730619e-25 8.588046e-25 
2.860000e+00 5.842457e-25 2.723963e-25 8.566421e-25 
2.862000e+00 5.828247e-25 2.720660e-25 8.548907e-25 
2.864000e+00 5.810788e-25 2.714639e-25 8.525427e-25 
2.866000e+00 5.799396e-25 2.704930e-25 8.504325e-25 
2.868000e+00 5.783886e-25 2.701160e-25 8.485046e-25 
2.870000e+00 5.774034e-25 2.691001e-25 8.465035e-25 
2.872000e+00 5.757152e-25 2.689542e-25 8.446694e-25 
2.874000e+00 5.750333e-25 2.678554e-25 8.428888e-25 
2.876000e+00 5.735704e-25 2.674592e-25 8.410295e-25 
2.878000e+00 5.736678e-25 2.665173e-25 8.401851e-25 
2.880000e+00 5.708800e-25 2.660846e-25 8.369646e-25 
2.882000e+00 5.697273e-25 2.651282e-25 8.348556e-25 
2.884000e+00 5.681628e-25 2.647915e-25 8.329542e-25 
2.886000e+00 5.665713e-25 2.644760e-25 8.310473e-25 
2.888000e+00 5.655765e-25 2.635062e-25 8.290827e-25 
2.890000e+00 5.633928e-25 2.631772e-25 8.265700e-25 
2.892000e+00 5.628778e-25 2.625695e-25 8.254473e-25 
2.894000e+00 5.620765e-25 2.615851e-25 8.236615e-25 
2.896000e+00 5.607194e-25 2.612918e-25 8.220112e-25 
2.898000e+00 5.590362e-25 2.610219e-25 8.200581e-25 
2.900000e+00 5.577258e-25 2.598821e-25 8.176079e-25 
2.902000e+00 5.560502e-25 2.597676e-25 8.158178e-25 
2.904000e+00 5.549096e-25 2.590281e-25 8.139377e-25 
2.906000e+00 5.537426e-25 2.585694e-25 8.123120e-25 
2.908000e+00 5.522318e-25 2.578724e-25 8.101042e-25 
2.910000e+00 5.512937e-25 2.569735e-25 8.082672e-25 
2.912000e+00 5.501807e-25 2.565404e-25 8.067211e-25 
2.914000e+00 5.489058e-25 2.558525e-25 8.047584e-25 
2.916000e+00 5.472955e-25 2.552638e-25 8.025593e-25 
2.918000e+00 5.464909e-25 2.546692e-25 8.011602e-25 
2.920000e+00 5.447932e-25 2.544249e-25 7.992181e-25 
2.922000e+00 5.429710e-25 2.533404e-25 7.963114e-25 
2.924000e+00 5.420140e-25 2.529253e-25 7.949393e-25 
2.926000e+00 5.413405e-25 2.527256e-25 7.940660e-25 
2.928000e+00 5.401154e-25 2.515325e-25 7.916479e-25 
2.930000e+00 5.380116e-25 2.512755e-25 7.892870e-25 
2.932000e+00 5.373420e-25 2.510554e-25 7.883975e-25 
2.934000e+00 5.356067e-25 2.500005e-25 7.856072e-25 
2.936000e+00 5.347136e-25 2.495686e-25 7.842822e-25 
2.938000e+00 5.330243e-25 2.492394e-25 7.822637e-25 
2.940000e+00 5.326882e-25 2.482768e-25 7.809651e-25 
2.942000e+00 5.306343e-25 2.478170e-25 7.784514e-25 
2.944000e+00 5.298805e-25 2.478336e-25 7.777141e-25 
2.946000e+00 5.281312e-25 2.465105e-25 7.746418e-25 
2.948000e+00 5.266729e-25 2.463933e-25 7.730662e-25 
2.950000e+00 5.257498e-25 2.455720e-25 7.713218e-25 
2.952000e+00 5.241923e-25 2.448980e-25 7.690903e-25 
2.954000e+00 5.237402e-25 2.444560e-25 7.681962e-25 
2.956000e+00 5.222947e-25 2.439764e-25 7.662711e-25 
2.958000e+00 5.210629e-25 2.436916e-25 7.647545e-25 
2.960000e+00 5.196489e-25 2.427687e-25 7.624176e-25 
2.962000e+00 5.192617e-25 2.418081e-25 7.610698e-25 
2.964000e+00 5.179058e-25 2.419096e-25 7.598154e-25 
2.966000e+00 5.164119e-25 2.413788e-25 7.577907e-25 
2.968000e+00 5.152332e-25 2.410534e-25 7.562866e-25 
2.970000e+00 5.141895e-25 2.404016e-25 7.545911e-25 
2.972000e+00 5.129955e-25 2.397703e-25 7.527658e-25 
2.974000e+00 5.112342e-25 2.391332e-25 7.503674e-25 
2.976000e+00 5.104038e-25 2.384958e-25 7.488996e-25 
2.978000e+00 5.097422e-25 2.381001e-25 7.478423e-25 
2.980000e+00 5.080838e-25 2.372500e-25 7.453338e-25 
2.982000e+00 5.063835e-25 2.367795e-25 7.431629e-25 
2.984000e+00 5.057025e-25 2.364436e-25 7.421460e-25 
2.986000e+00 5.050046e-25 2.361865e-25 7.411912e-25 
2.988000e+00 5.036079e-25 2.351491e-25 7.387570e-25 
2.990000e+00 5.022301e-25 2.349961e-25 7.372262e-25 
2.992000e+00 5.011854e-25 2.342732e-25 7.354586e-25 
2.994000e+00 5.006529e-25 2.335498e-25 7.342027e-25 
2.996000e+00 4.989569e-25 2.329850e-25 7.319419e-25 
2.998000e+00 4.975368e-25 2.325992e-25 7.301360e-25 
