1.000000e-01 1.792345e-22 2.132354e-22 3.924698e-22 
1.020000e-01 1.787000e-22 2.118001e-22 3.905001e-22 
1.040000e-01 1.776613e-22 2.101194e-22 3.877807e-22 
1.060000e-01 1.761752e-22 2.086282e-22 3.848034e-22 
1.080000e-01 1.741790e-22 2.070281e-22 3.812070e-22 
1.100000e-01 1.714900e-22 2.053174e-22 3.768074e-22 
1.120000e-01 1.676785e-22 2.037333e-22 3.714119e-22 
1.140000e-01 1.614042e-22 2.020176e-22 3.634217e-22 
1.160000e-01 1.440355e-22 2.001853e-22 3.442208e-22 
1.180000e-01 1.612157e-22 1.985464e-22 3.597621e-22 
1.200000e-01 1.673846e-22 1.968211e-22 3.642057e-22 
1.220000e-01 1.703922e-22 1.949485e-22 3.653408e-22 
1.240000e-01 1.722901e-22 1.931851e-22 3.654752e-22 
1.260000e-01 1.736321e-22 1.913515e-22 3.649836e-22 
1.280000e-01 1.746006e-22 1.894817e-22 3.640823e-22 
1.300000e-01 1.752962e-22 1.876016e-22 3.628978e-22 
1.320000e-01 1.758110e-22 1.856869e-22 3.614978e-22 
1.340000e-01 1.761827e-22 1.837155e-22 3.598981e-22 
1.360000e-01 1.764251e-22 1.817663e-22 3.581914e-22 
1.380000e-01 1.765625e-22 1.797219e-22 3.562844e-22 
1.400000e-01 1.766133e-22 1.777292e-22 3.543424e-22 
1.420000e-01 1.766040e-22 1.756202e-22 3.522242e-22 
1.440000e-01 1.765164e-22 1.735147e-22 3.500311e-22 
1.460000e-01 1.763545e-22 1.713665e-22 3.477211e-22 
1.480000e-01 1.761234e-22 1.692327e-22 3.453562e-22 
1.500000e-01 1.758448e-22 1.670533e-22 3.428981e-22 
1.520000e-01 1.755054e-22 1.648050e-22 3.403105e-22 
1.540000e-01 1.750778e-22 1.626295e-22 3.377073e-22 
1.560000e-01 1.745714e-22 1.603837e-22 3.349551e-22 
1.580000e-01 1.739638e-22 1.580528e-22 3.320166e-22 
1.600000e-01 1.732700e-22 1.558159e-22 3.290859e-22 
1.620000e-01 1.724026e-22 1.534723e-22 3.258749e-22 
1.640000e-01 1.711962e-22 1.510843e-22 3.222805e-22 
1.660000e-01 1.691935e-22 1.487554e-22 3.179490e-22 
1.680000e-01 1.640818e-22 1.464533e-22 3.105350e-22 
1.700000e-01 1.663949e-22 1.441684e-22 3.105633e-22 
1.720000e-01 1.684150e-22 1.418425e-22 3.102575e-22 
1.740000e-01 1.692700e-22 1.394805e-22 3.087504e-22 
1.760000e-01 1.697564e-22 1.371223e-22 3.068787e-22 
1.780000e-01 1.700871e-22 1.347566e-22 3.048437e-22 
1.800000e-01 1.703205e-22 1.323749e-22 3.026953e-22 
1.820000e-01 1.704900e-22 1.299864e-22 3.004765e-22 
1.840000e-01 1.706302e-22 1.275936e-22 2.982238e-22 
1.860000e-01 1.707455e-22 1.252055e-22 2.959510e-22 
1.880000e-01 1.708536e-22 1.227681e-22 2.936217e-22 
1.900000e-01 1.709632e-22 1.203549e-22 2.913181e-22 
1.920000e-01 1.711303e-22 1.157886e-22 2.869189e-22 
1.940000e-01 1.714399e-22 1.155462e-22 2.869861e-22 
1.960000e-01 1.720163e-22 1.131281e-22 2.851445e-22 
1.980000e-01 1.736479e-22 1.107340e-22 2.843819e-22 
2.000000e-01 1.765276e-22 1.083362e-22 2.848639e-22 
2.020000e-01 1.735898e-22 1.059757e-22 2.795655e-22 
2.040000e-01 1.723200e-22 1.036311e-22 2.759510e-22 
2.060000e-01 1.713787e-22 1.012068e-22 2.725856e-22 
2.080000e-01 1.705870e-22 9.879950e-23 2.693865e-22 
2.100000e-01 1.698672e-22 9.638803e-23 2.662552e-22 
2.120000e-01 1.691920e-22 9.391347e-23 2.631054e-22 
2.140000e-01 1.685621e-22 9.141965e-23 2.599818e-22 
2.160000e-01 1.679512e-22 8.890960e-23 2.568608e-22 
2.180000e-01 1.673480e-22 8.633113e-23 2.536791e-22 
2.200000e-01 1.667971e-22 8.386657e-23 2.506637e-22 
2.220000e-01 1.662585e-22 8.140868e-23 2.476672e-22 
2.240000e-01 1.656846e-22 7.894717e-23 2.446317e-22 
2.260000e-01 1.651097e-22 7.645463e-23 2.415644e-22 
2.280000e-01 1.645051e-22 7.385307e-23 2.383581e-22 
2.300000e-01 1.639091e-22 7.130105e-23 2.352102e-22 
2.320000e-01 1.633226e-22 6.868598e-23 2.320086e-22 
2.340000e-01 1.627185e-22 6.601636e-23 2.287348e-22 
2.360000e-01 1.621198e-22 6.334352e-23 2.254633e-22 
2.380000e-01 1.615122e-22 6.063082e-23 2.221431e-22 
2.400000e-01 1.608818e-22 5.839241e-23 2.192742e-22 
2.420000e-01 1.602755e-22 5.661663e-23 2.168921e-22 
2.440000e-01 1.596577e-22 5.492203e-23 2.145797e-22 
2.460000e-01 1.590631e-22 5.276905e-23 2.118321e-22 
2.480000e-01 1.584736e-22 5.026928e-23 2.087429e-22 
2.500000e-01 1.578863e-22 4.739592e-23 2.052823e-22 
2.520000e-01 1.573045e-22 4.395059e-23 2.012551e-22 
2.540000e-01 1.567106e-22 4.022844e-23 1.969390e-22 
2.560000e-01 1.561242e-22 3.628317e-23 1.924073e-22 
2.580000e-01 1.555252e-22 3.195141e-23 1.874766e-22 
2.600000e-01 1.549313e-22 2.669310e-23 1.816244e-22 
2.620000e-01 1.543272e-22 2.070517e-23 1.750324e-22 
2.640000e-01 1.537214e-22 1.407522e-23 1.677967e-22 
2.660000e-01 1.531228e-22 8.209312e-24 1.613321e-22 
2.680000e-01 1.525143e-22 3.561696e-24 1.560760e-22 
2.700000e-01 1.519249e-22 7.378421e-25 1.526627e-22 
2.720000e-01 1.513288e-22 6.235968e-25 1.519524e-22 
2.740000e-01 1.507547e-22 3.896544e-24 1.546512e-22 
2.760000e-01 1.501801e-22 1.135908e-23 1.615392e-22 
2.780000e-01 1.496207e-22 2.002316e-23 1.696439e-22 
2.800000e-01 1.490486e-22 4.201452e-23 1.910631e-22 
2.820000e-01 1.484746e-22 5.062489e-23 1.990995e-22 
2.840000e-01 1.478763e-22 4.781241e-23 1.956887e-22 
2.860000e-01 1.472833e-22 4.506375e-23 1.923470e-22 
2.880000e-01 1.466711e-22 4.351901e-23 1.901901e-22 
2.900000e-01 1.460639e-22 4.312341e-23 1.891873e-22 
2.920000e-01 1.454373e-22 4.366755e-23 1.891048e-22 
2.940000e-01 1.448222e-22 4.502534e-23 1.898476e-22 
2.960000e-01 1.441891e-22 4.680331e-23 1.909924e-22 
2.980000e-01 1.435668e-22 4.897379e-23 1.925406e-22 
3.000000e-01 1.429336e-22 5.104800e-23 1.939816e-22 
3.020000e-01 1.423017e-22 5.272181e-23 1.950235e-22 
3.040000e-01 1.416537e-22 5.401036e-23 1.956640e-22 
3.060000e-01 1.410126e-22 5.508872e-23 1.961013e-22 
3.080000e-01 1.403588e-22 5.616290e-23 1.965217e-22 
3.100000e-01 1.397102e-22 5.690020e-23 1.966104e-22 
3.120000e-01 1.390449e-22 5.754939e-23 1.965943e-22 
3.140000e-01 1.383883e-22 5.788011e-23 1.962684e-22 
3.160000e-01 1.348327e-22 5.799120e-23 1.928239e-22 
3.180000e-01 1.370551e-22 5.783100e-23 1.948861e-22 
3.200000e-01 1.363846e-22 5.782316e-23 1.942078e-22 
3.220000e-01 1.357106e-22 5.790463e-23 1.936153e-22 
3.240000e-01 1.350451e-22 5.823988e-23 1.932849e-22 
3.260000e-01 1.343629e-22 5.864952e-23 1.930124e-22 
3.280000e-01 1.336950e-22 5.899288e-23 1.926879e-22 
3.300000e-01 1.330162e-22 5.934507e-23 1.923612e-22 
3.320000e-01 1.323523e-22 5.963605e-23 1.919884e-22 
3.340000e-01 1.316923e-22 5.992812e-23 1.916204e-22 
3.360000e-01 1.310375e-22 6.014719e-23 1.911847e-22 
3.380000e-01 1.303835e-22 6.036031e-23 1.907438e-22 
3.400000e-01 1.297219e-22 6.052469e-23 1.902465e-22 
3.420000e-01 1.290628e-22 6.070247e-23 1.897653e-22 
3.440000e-01 1.283839e-22 6.090274e-23 1.892867e-22 
3.460000e-01 1.277149e-22 6.109869e-23 1.888136e-22 
3.480000e-01 1.270323e-22 6.126759e-23 1.882999e-22 
3.500000e-01 1.263438e-22 6.143029e-23 1.877741e-22 
3.520000e-01 1.256582e-22 6.156087e-23 1.872190e-22 
3.540000e-01 1.249583e-22 6.168757e-23 1.866458e-22 
3.560000e-01 1.242728e-22 6.179503e-23 1.860678e-22 
3.580000e-01 1.235707e-22 6.189934e-23 1.854701e-22 
3.600000e-01 1.228761e-22 6.196753e-23 1.848436e-22 
3.620000e-01 1.221869e-22 6.203849e-23 1.842254e-22 
3.640000e-01 1.214931e-22 6.211022e-23 1.836033e-22 
3.660000e-01 1.208055e-22 6.218518e-23 1.829907e-22 
3.680000e-01 1.201076e-22 6.222955e-23 1.823372e-22 
3.700000e-01 1.194158e-22 6.227695e-23 1.816927e-22 
3.720000e-01 1.187169e-22 6.231936e-23 1.810362e-22 
3.740000e-01 1.180077e-22 6.236511e-23 1.803728e-22 
3.760000e-01 1.173008e-22 6.238416e-23 1.796850e-22 
3.780000e-01 1.165817e-22 6.239626e-23 1.789780e-22 
3.800000e-01 1.158563e-22 6.238465e-23 1.782409e-22 
3.820000e-01 1.151332e-22 6.236062e-23 1.774938e-22 
3.840000e-01 1.143887e-22 6.233515e-23 1.767238e-22 
3.860000e-01 1.136547e-22 6.231064e-23 1.759653e-22 
3.880000e-01 1.129213e-22 6.228397e-23 1.752053e-22 
3.900000e-01 1.121857e-22 6.225131e-23 1.744371e-22 
3.920000e-01 1.114543e-22 6.221906e-23 1.736734e-22 
3.940000e-01 1.107250e-22 6.218618e-23 1.729112e-22 
3.960000e-01 1.100002e-22 6.215422e-23 1.721544e-22 
3.980000e-01 1.092799e-22 6.211278e-23 1.713927e-22 
4.000000e-01 1.085527e-22 6.206331e-23 1.706160e-22 
4.020000e-01 1.078334e-22 6.200575e-23 1.698391e-22 
4.040000e-01 1.071161e-22 6.192947e-23 1.690456e-22 
4.060000e-01 1.063888e-22 6.185425e-23 1.682430e-22 
4.080000e-01 1.056648e-22 6.178371e-23 1.674485e-22 
4.100000e-01 1.049360e-22 6.171177e-23 1.666477e-22 
4.120000e-01 1.042036e-22 6.163384e-23 1.658375e-22 
4.140000e-01 1.034822e-22 6.155297e-23 1.650351e-22 
4.160000e-01 1.027503e-22 6.147095e-23 1.642213e-22 
4.180000e-01 1.020121e-22 6.139004e-23 1.634021e-22 
4.200000e-01 1.012896e-22 6.130873e-23 1.625983e-22 
4.220000e-01 1.005563e-22 6.122113e-23 1.617774e-22 
4.240000e-01 9.981839e-23 6.113479e-23 1.609532e-22 
4.260000e-01 9.908867e-23 6.103975e-23 1.601284e-22 
4.280000e-01 9.835463e-23 6.093934e-23 1.592940e-22 
4.300000e-01 9.762071e-23 6.083475e-23 1.584555e-22 
4.320000e-01 9.688793e-23 6.073015e-23 1.576181e-22 
4.340000e-01 9.615091e-23 6.062399e-23 1.567749e-22 
4.360000e-01 9.541632e-23 6.052270e-23 1.559390e-22 
4.380000e-01 9.467990e-23 6.042520e-23 1.551051e-22 
4.400000e-01 9.393715e-23 6.032449e-23 1.542616e-22 
4.420000e-01 9.319947e-23 6.020036e-23 1.533998e-22 
4.440000e-01 9.246510e-23 6.007495e-23 1.525401e-22 
4.460000e-01 9.172147e-23 5.995267e-23 1.516741e-22 
4.480000e-01 9.097897e-23 5.983015e-23 1.508091e-22 
4.500000e-01 9.024170e-23 5.971033e-23 1.499520e-22 
4.520000e-01 8.949874e-23 5.955693e-23 1.490557e-22 
4.540000e-01 8.875092e-23 5.939950e-23 1.481504e-22 
4.560000e-01 8.800828e-23 5.924292e-23 1.472512e-22 
4.580000e-01 8.726407e-23 5.909043e-23 1.463545e-22 
4.600000e-01 8.651002e-23 5.893749e-23 1.454475e-22 
4.620000e-01 8.576475e-23 5.878355e-23 1.445483e-22 
4.640000e-01 8.501471e-23 5.863276e-23 1.436475e-22 
4.660000e-01 8.425370e-23 5.847911e-23 1.427328e-22 
4.680000e-01 8.350085e-23 5.833041e-23 1.418313e-22 
4.700000e-01 8.274390e-23 5.818091e-23 1.409248e-22 
4.720000e-01 8.197469e-23 5.802458e-23 1.399993e-22 
4.740000e-01 8.120473e-23 5.785361e-23 1.390583e-22 
4.760000e-01 8.043633e-23 5.768084e-23 1.381172e-22 
4.780000e-01 7.965890e-23 5.750509e-23 1.371640e-22 
4.800000e-01 7.887339e-23 5.732709e-23 1.362005e-22 
4.820000e-01 7.808592e-23 5.714572e-23 1.352316e-22 
4.840000e-01 7.729267e-23 5.696644e-23 1.342591e-22 
4.860000e-01 7.649040e-23 5.678133e-23 1.332717e-22 
4.880000e-01 7.568135e-23 5.659978e-23 1.322811e-22 
4.900000e-01 7.486418e-23 5.640062e-23 1.312648e-22 
4.920000e-01 7.404084e-23 5.620610e-23 1.302469e-22 
4.940000e-01 7.320771e-23 5.601055e-23 1.292183e-22 
4.960000e-01 7.236607e-23 5.581668e-23 1.281828e-22 
4.980000e-01 7.150728e-23 5.562223e-23 1.271295e-22 
5.000000e-01 7.062906e-23 5.542483e-23 1.260539e-22 
5.020000e-01 6.974639e-23 5.523456e-23 1.249809e-22 
5.040000e-01 6.884552e-23 5.504375e-23 1.238893e-22 
5.060000e-01 6.792717e-23 5.485186e-23 1.227790e-22 
5.080000e-01 6.698741e-23 5.466341e-23 1.216508e-22 
5.100000e-01 6.602348e-23 5.394562e-23 1.199691e-22 
5.120000e-01 6.503155e-23 5.428714e-23 1.193187e-22 
5.140000e-01 6.400988e-23 5.410029e-23 1.181102e-22 
5.160000e-01 6.295940e-23 5.391309e-23 1.168725e-22 
5.180000e-01 6.186615e-23 5.373354e-23 1.155997e-22 
5.200000e-01 6.071697e-23 5.355705e-23 1.142740e-22 
5.220000e-01 5.951579e-23 5.337909e-23 1.128949e-22 
5.240000e-01 5.824770e-23 5.319428e-23 1.114420e-22 
5.260000e-01 5.689316e-23 5.300380e-23 1.098970e-22 
5.280000e-01 5.543555e-23 5.281000e-23 1.082456e-22 
5.300000e-01 5.385845e-23 5.261835e-23 1.064768e-22 
5.320000e-01 5.211794e-23 5.243063e-23 1.045486e-22 
5.340000e-01 5.008096e-23 5.223805e-23 1.023190e-22 
5.360000e-01 4.764431e-23 5.203948e-23 9.968379e-23 
5.380000e-01 4.433181e-23 5.182968e-23 9.616149e-23 
5.400000e-01 3.969670e-23 5.162020e-23 9.131690e-23 
5.420000e-01 3.464126e-23 5.141830e-23 8.605956e-23 
5.440000e-01 3.156951e-23 5.123352e-23 8.280304e-23 
5.460000e-01 3.235567e-23 5.104816e-23 8.340383e-23 
5.480000e-01 3.606054e-23 5.085642e-23 8.691696e-23 
5.500000e-01 3.985532e-23 5.065380e-23 9.050912e-23 
5.520000e-01 4.272348e-23 5.045357e-23 9.317705e-23 
5.540000e-01 4.445309e-23 5.025570e-23 9.470879e-23 
5.560000e-01 4.574225e-23 5.007394e-23 9.581620e-23 
5.580000e-01 4.671980e-23 4.988824e-23 9.660804e-23 
5.600000e-01 4.753048e-23 4.970274e-23 9.723322e-23 
5.620000e-01 4.821415e-23 4.951255e-23 9.772670e-23 
5.640000e-01 4.879219e-23 4.931588e-23 9.810807e-23 
5.660000e-01 4.928619e-23 4.912148e-23 9.840767e-23 
5.680000e-01 4.970008e-23 4.892614e-23 9.862622e-23 
5.700000e-01 5.005304e-23 4.873169e-23 9.878473e-23 
5.720000e-01 5.035024e-23 4.853577e-23 9.888601e-23 
5.740000e-01 5.060860e-23 4.833753e-23 9.894613e-23 
5.760000e-01 5.083493e-23 4.814350e-23 9.897843e-23 
5.780000e-01 5.101903e-23 4.795440e-23 9.897343e-23 
5.800000e-01 5.116711e-23 4.775854e-23 9.892565e-23 
5.820000e-01 5.129292e-23 4.757563e-23 9.886856e-23 
5.840000e-01 5.139895e-23 4.739007e-23 9.878902e-23 
5.860000e-01 5.148247e-23 4.720744e-23 9.868991e-23 
5.880000e-01 5.153195e-23 4.701980e-23 9.855175e-23 
5.900000e-01 5.156926e-23 4.683197e-23 9.840123e-23 
5.920000e-01 5.159151e-23 4.664369e-23 9.823520e-23 
5.940000e-01 5.159714e-23 4.645251e-23 9.804965e-23 
5.960000e-01 5.158190e-23 4.626890e-23 9.785080e-23 
5.980000e-01 5.155347e-23 4.608547e-23 9.763894e-23 
6.000000e-01 5.151481e-23 4.589595e-23 9.741076e-23 
6.020000e-01 5.146708e-23 4.569697e-23 9.716405e-23 
6.040000e-01 5.140054e-23 4.549018e-23 9.689072e-23 
6.060000e-01 5.132336e-23 4.528593e-23 9.660930e-23 
6.080000e-01 5.123977e-23 4.509667e-23 9.633644e-23 
6.100000e-01 5.114575e-23 4.493204e-23 9.607779e-23 
6.120000e-01 5.104364e-23 4.476490e-23 9.580854e-23 
6.140000e-01 5.092362e-23 4.459541e-23 9.551902e-23 
6.160000e-01 5.080361e-23 4.440736e-23 9.521097e-23 
6.180000e-01 5.067414e-23 4.421922e-23 9.489336e-23 
6.200000e-01 5.053385e-23 4.402743e-23 9.456127e-23 
6.220000e-01 5.038418e-23 4.383973e-23 9.422391e-23 
6.240000e-01 5.022682e-23 4.366395e-23 9.389077e-23 
6.260000e-01 5.006994e-23 4.348652e-23 9.355646e-23 
6.280000e-01 4.989877e-23 4.330889e-23 9.320766e-23 
6.300000e-01 4.972020e-23 4.312568e-23 9.284588e-23 
6.320000e-01 4.953620e-23 4.293391e-23 9.247011e-23 
6.340000e-01 4.934907e-23 4.274096e-23 9.209003e-23 
6.360000e-01 4.896088e-23 4.254881e-23 9.150970e-23 
6.380000e-01 4.894422e-23 4.237115e-23 9.131537e-23 
6.400000e-01 4.872870e-23 4.218810e-23 9.091680e-23 
6.420000e-01 4.850457e-23 4.200767e-23 9.051224e-23 
6.440000e-01 4.827700e-23 4.183714e-23 9.011415e-23 
6.460000e-01 4.803978e-23 4.168336e-23 8.972314e-23 
6.480000e-01 4.779170e-23 4.152717e-23 8.931886e-23 
6.500000e-01 4.752996e-23 4.137230e-23 8.890227e-23 
6.520000e-01 4.726277e-23 4.119537e-23 8.845814e-23 
6.540000e-01 4.698734e-23 4.100566e-23 8.799300e-23 
6.560000e-01 4.669635e-23 4.081306e-23 8.750941e-23 
6.580000e-01 4.639677e-23 4.062242e-23 8.701919e-23 
6.600000e-01 4.608498e-23 4.045329e-23 8.653827e-23 
6.620000e-01 4.576058e-23 4.028391e-23 8.604450e-23 
6.640000e-01 4.542401e-23 4.011608e-23 8.554009e-23 
6.660000e-01 4.507198e-23 3.994500e-23 8.501698e-23 
6.680000e-01 4.470185e-23 3.977147e-23 8.447332e-23 
6.700000e-01 4.432183e-23 3.959524e-23 8.391708e-23 
6.720000e-01 4.393210e-23 3.941748e-23 8.334958e-23 
6.740000e-01 4.352089e-23 3.924558e-23 8.276647e-23 
6.760000e-01 4.308363e-23 3.907946e-23 8.216310e-23 
6.780000e-01 4.263294e-23 3.891393e-23 8.154687e-23 
6.800000e-01 4.216117e-23 3.874858e-23 8.090975e-23 
6.820000e-01 4.165575e-23 3.858561e-23 8.024136e-23 
6.840000e-01 4.112226e-23 3.842572e-23 7.954798e-23 
6.860000e-01 4.055736e-23 3.826380e-23 7.882116e-23 
6.880000e-01 3.994001e-23 3.810330e-23 7.804331e-23 
6.900000e-01 3.928281e-23 3.793965e-23 7.722246e-23 
6.920000e-01 3.855296e-23 3.778123e-23 7.633420e-23 
6.940000e-01 3.772071e-23 3.683403e-23 7.455474e-23 
6.960000e-01 3.680877e-23 3.746206e-23 7.427082e-23 
6.980000e-01 3.569191e-23 3.729769e-23 7.298960e-23 
7.000000e-01 3.413109e-23 3.713447e-23 7.126556e-23 
7.020000e-01 3.229340e-23 3.697128e-23 6.926468e-23 
7.040000e-01 3.009673e-23 3.680941e-23 6.690615e-23 
7.060000e-01 2.866209e-23 3.664609e-23 6.530818e-23 
7.080000e-01 2.793830e-23 3.648930e-23 6.442760e-23 
7.100000e-01 2.892193e-23 3.632811e-23 6.525004e-23 
7.120000e-01 3.046583e-23 3.616777e-23 6.663360e-23 
7.140000e-01 3.261012e-23 3.601073e-23 6.862084e-23 
7.160000e-01 3.430641e-23 3.585775e-23 7.016416e-23 
7.180000e-01 3.573564e-23 3.570280e-23 7.143844e-23 
7.200000e-01 3.660892e-23 3.554929e-23 7.215821e-23 
7.220000e-01 3.728777e-23 3.539436e-23 7.268212e-23 
7.240000e-01 3.787833e-23 3.524966e-23 7.312799e-23 
7.260000e-01 3.834650e-23 3.510259e-23 7.344909e-23 
7.280000e-01 3.876562e-23 3.495787e-23 7.372349e-23 
7.300000e-01 3.914329e-23 3.480740e-23 7.395069e-23 
7.320000e-01 3.944356e-23 3.465560e-23 7.409916e-23 
7.340000e-01 3.972777e-23 3.449859e-23 7.422636e-23 
7.360000e-01 3.997402e-23 3.434341e-23 7.431743e-23 
7.380000e-01 4.019387e-23 3.418756e-23 7.438143e-23 
7.400000e-01 4.040004e-23 3.403495e-23 7.443499e-23 
7.420000e-01 4.056977e-23 3.388400e-23 7.445376e-23 
7.440000e-01 4.072750e-23 3.373610e-23 7.446360e-23 
7.460000e-01 4.086710e-23 3.358397e-23 7.445107e-23 
7.480000e-01 4.099461e-23 3.344209e-23 7.443670e-23 
7.500000e-01 4.110813e-23 3.329744e-23 7.440557e-23 
7.520000e-01 4.120681e-23 3.315951e-23 7.436632e-23 
7.540000e-01 4.129270e-23 3.301442e-23 7.430711e-23 
7.560000e-01 4.136354e-23 3.287426e-23 7.423780e-23 
7.580000e-01 4.143008e-23 3.273825e-23 7.416832e-23 
7.600000e-01 4.149249e-23 3.260247e-23 7.409496e-23 
7.620000e-01 4.153843e-23 3.246723e-23 7.400566e-23 
7.640000e-01 4.157846e-23 3.233233e-23 7.391079e-23 
7.660000e-01 4.160960e-23 3.219819e-23 7.380779e-23 
7.680000e-01 4.163471e-23 3.207107e-23 7.370578e-23 
7.700000e-01 4.165513e-23 3.193877e-23 7.359390e-23 
7.720000e-01 4.166699e-23 3.180915e-23 7.347613e-23 
7.740000e-01 4.167050e-23 3.167432e-23 7.334482e-23 
7.760000e-01 4.167088e-23 3.153263e-23 7.320351e-23 
7.780000e-01 4.166004e-23 3.139504e-23 7.305508e-23 
7.800000e-01 4.164402e-23 3.125580e-23 7.289983e-23 
7.820000e-01 4.162462e-23 3.111038e-23 7.273500e-23 
7.840000e-01 4.160110e-23 3.097885e-23 7.257994e-23 
7.860000e-01 4.156327e-23 3.084814e-23 7.241140e-23 
7.880000e-01 4.152466e-23 3.071531e-23 7.223996e-23 
7.900000e-01 4.147973e-23 3.058480e-23 7.206453e-23 
7.920000e-01 4.142645e-23 3.045371e-23 7.188016e-23 
7.940000e-01 4.136854e-23 3.032821e-23 7.169675e-23 
7.960000e-01 4.128131e-23 3.020567e-23 7.148699e-23 
7.980000e-01 4.119759e-23 3.007803e-23 7.127562e-23 
8.000000e-01 4.111045e-23 2.995160e-23 7.106205e-23 
8.020000e-01 4.103880e-23 2.983063e-23 7.086944e-23 
8.040000e-01 4.097240e-23 2.971166e-23 7.068406e-23 
8.060000e-01 4.091154e-23 2.958538e-23 7.049693e-23 
8.080000e-01 4.084832e-23 2.946442e-23 7.031274e-23 
8.100000e-01 4.078287e-23 2.934105e-23 7.012393e-23 
8.120000e-01 4.072316e-23 2.921419e-23 6.993736e-23 
8.140000e-01 4.067122e-23 2.907931e-23 6.975054e-23 
8.160000e-01 4.061704e-23 2.895036e-23 6.956740e-23 
8.180000e-01 4.056195e-23 2.881644e-23 6.937840e-23 
8.200000e-01 4.050812e-23 2.869791e-23 6.920602e-23 
8.220000e-01 4.045574e-23 2.858816e-23 6.904391e-23 
8.240000e-01 4.040298e-23 2.847586e-23 6.887884e-23 
8.260000e-01 4.035364e-23 2.836778e-23 6.872142e-23 
8.280000e-01 4.030205e-23 2.825558e-23 6.855763e-23 
8.300000e-01 4.025042e-23 2.814071e-23 6.839113e-23 
8.320000e-01 4.020195e-23 2.802224e-23 6.822418e-23 
8.340000e-01 4.015402e-23 2.790530e-23 6.805932e-23 
8.360000e-01 4.010906e-23 2.778466e-23 6.789372e-23 
8.380000e-01 4.006199e-23 2.766545e-23 6.772744e-23 
8.400000e-01 4.002291e-23 2.755140e-23 6.757431e-23 
8.420000e-01 3.998328e-23 2.744086e-23 6.742414e-23 
8.440000e-01 3.994482e-23 2.732856e-23 6.727338e-23 
8.460000e-01 3.990580e-23 2.721538e-23 6.712118e-23 
8.480000e-01 3.986974e-23 2.710011e-23 6.696985e-23 
8.500000e-01 3.983763e-23 2.699601e-23 6.683364e-23 
8.520000e-01 3.980520e-23 2.688619e-23 6.669139e-23 
8.540000e-01 3.977757e-23 2.678181e-23 6.655938e-23 
8.560000e-01 3.974847e-23 2.667452e-23 6.642299e-23 
8.580000e-01 3.971776e-23 2.656568e-23 6.628344e-23 
8.600000e-01 3.968926e-23 2.644891e-23 6.613817e-23 
8.620000e-01 3.965460e-23 2.633587e-23 6.599047e-23 
8.640000e-01 3.962348e-23 2.622050e-23 6.584398e-23 
8.660000e-01 3.958700e-23 2.610592e-23 6.569292e-23 
8.680000e-01 3.955451e-23 2.599469e-23 6.554920e-23 
8.700000e-01 3.951512e-23 2.588022e-23 6.539534e-23 
8.720000e-01 3.947299e-23 2.576923e-23 6.524223e-23 
8.740000e-01 3.942579e-23 2.566272e-23 6.508851e-23 
8.760000e-01 3.937197e-23 2.555203e-23 6.492400e-23 
8.780000e-01 3.931596e-23 2.544278e-23 6.475873e-23 
8.800000e-01 3.925811e-23 2.535016e-23 6.460827e-23 
8.820000e-01 3.919515e-23 2.526032e-23 6.445547e-23 
8.840000e-01 3.914108e-23 2.516692e-23 6.430801e-23 
8.860000e-01 3.908093e-23 2.507060e-23 6.415153e-23 
8.880000e-01 3.901538e-23 2.498031e-23 6.399569e-23 
8.900000e-01 3.894871e-23 2.487968e-23 6.382839e-23 
8.920000e-01 3.887899e-23 2.478048e-23 6.365947e-23 
8.940000e-01 3.881136e-23 2.468375e-23 6.349511e-23 
8.960000e-01 3.874478e-23 2.458373e-23 6.332851e-23 
8.980000e-01 3.868000e-23 2.448366e-23 6.316366e-23 
9.000000e-01 3.860887e-23 2.437786e-23 6.298674e-23 
9.020000e-01 3.853626e-23 2.427202e-23 6.280828e-23 
9.040000e-01 3.846185e-23 2.416583e-23 6.262768e-23 
9.060000e-01 3.838779e-23 2.405965e-23 6.244744e-23 
9.080000e-01 3.831849e-23 2.395152e-23 6.227001e-23 
9.100000e-01 3.824258e-23 2.385896e-23 6.210154e-23 
9.120000e-01 3.817100e-23 2.376954e-23 6.194054e-23 
9.140000e-01 3.809398e-23 2.367733e-23 6.177131e-23 
9.160000e-01 3.801595e-23 2.358729e-23 6.160324e-23 
9.180000e-01 3.793883e-23 2.350064e-23 6.143947e-23 
9.200000e-01 3.785924e-23 2.340532e-23 6.126456e-23 
9.220000e-01 3.778108e-23 2.330480e-23 6.108589e-23 
9.240000e-01 3.770434e-23 2.320618e-23 6.091052e-23 
9.260000e-01 3.762615e-23 2.310938e-23 6.073553e-23 
9.280000e-01 3.754614e-23 2.301260e-23 6.055874e-23 
9.300000e-01 3.746448e-23 2.291678e-23 6.038126e-23 
9.320000e-01 3.738252e-23 2.283358e-23 6.021610e-23 
9.340000e-01 3.729928e-23 2.275470e-23 6.005398e-23 
9.360000e-01 3.721719e-23 2.267544e-23 5.989263e-23 
9.380000e-01 3.713785e-23 2.259001e-23 5.972786e-23 
9.400000e-01 3.705199e-23 2.251063e-23 5.956262e-23 
9.420000e-01 3.697174e-23 2.242311e-23 5.939485e-23 
9.440000e-01 3.688614e-23 2.233767e-23 5.922381e-23 
9.460000e-01 3.680300e-23 2.224882e-23 5.905181e-23 
9.480000e-01 3.671953e-23 2.216280e-23 5.888233e-23 
9.500000e-01 3.663443e-23 2.207334e-23 5.870776e-23 
9.520000e-01 3.654831e-23 2.198506e-23 5.853337e-23 
9.540000e-01 3.646249e-23 2.190338e-23 5.836586e-23 
9.560000e-01 3.638059e-23 2.182222e-23 5.820281e-23 
9.580000e-01 3.629190e-23 2.173489e-23 5.802679e-23 
9.600000e-01 3.620664e-23 2.165082e-23 5.785746e-23 
9.620000e-01 3.612171e-23 2.156794e-23 5.768964e-23 
9.640000e-01 3.603232e-23 2.147929e-23 5.751161e-23 
9.660000e-01 3.594552e-23 2.138542e-23 5.733094e-23 
9.680000e-01 3.585856e-23 2.129556e-23 5.715412e-23 
9.700000e-01 3.577031e-23 2.120099e-23 5.697130e-23 
9.720000e-01 3.568668e-23 2.110928e-23 5.679596e-23 
9.740000e-01 3.559543e-23 2.102345e-23 5.661887e-23 
9.760000e-01 3.550957e-23 2.094841e-23 5.645797e-23 
9.780000e-01 3.542309e-23 2.086865e-23 5.629174e-23 
9.800000e-01 3.533827e-23 2.079349e-23 5.613177e-23 
9.820000e-01 3.524881e-23 2.071730e-23 5.596612e-23 
9.840000e-01 3.515395e-23 2.064174e-23 5.579569e-23 
9.860000e-01 3.506944e-23 2.055993e-23 5.562937e-23 
9.880000e-01 3.498411e-23 2.047350e-23 5.545762e-23 
9.900000e-01 3.489064e-23 2.038960e-23 5.528023e-23 
9.920000e-01 3.480533e-23 2.030153e-23 5.510685e-23 
9.940000e-01 3.471687e-23 2.021757e-23 5.493444e-23 
9.960000e-01 3.462930e-23 2.013730e-23 5.476661e-23 
9.980000e-01 3.454296e-23 2.008976e-23 5.463272e-23 
1.000000e+00 3.445618e-23 2.004248e-23 5.449866e-23 
1.002000e+00 3.436841e-23 1.997151e-23 5.433992e-23 
1.004000e+00 3.428303e-23 1.990439e-23 5.418742e-23 
1.006000e+00 3.419548e-23 1.983583e-23 5.403132e-23 
1.008000e+00 3.410607e-23 1.935618e-23 5.346225e-23 
1.010000e+00 3.401751e-23 1.970028e-23 5.371779e-23 
1.012000e+00 3.392578e-23 1.962968e-23 5.355546e-23 
1.014000e+00 3.384205e-23 1.955764e-23 5.339970e-23 
1.016000e+00 3.375156e-23 1.949037e-23 5.324194e-23 
1.018000e+00 3.366486e-23 1.941791e-23 5.308277e-23 
1.020000e+00 3.357699e-23 1.935160e-23 5.292859e-23 
1.022000e+00 3.348997e-23 1.927717e-23 5.276714e-23 
1.024000e+00 3.339942e-23 1.920914e-23 5.260856e-23 
1.026000e+00 3.331135e-23 1.914313e-23 5.245448e-23 
1.028000e+00 3.322546e-23 1.908301e-23 5.230847e-23 
1.030000e+00 3.313351e-23 1.901706e-23 5.215058e-23 
1.032000e+00 3.304925e-23 1.894901e-23 5.199827e-23 
1.034000e+00 3.296104e-23 1.888257e-23 5.184361e-23 
1.036000e+00 3.287320e-23 1.881966e-23 5.169285e-23 
1.038000e+00 3.278605e-23 1.875175e-23 5.153780e-23 
1.040000e+00 3.269410e-23 1.868774e-23 5.138184e-23 
1.042000e+00 3.261155e-23 1.861913e-23 5.123068e-23 
1.044000e+00 3.252066e-23 1.855473e-23 5.107539e-23 
1.046000e+00 3.243482e-23 1.849254e-23 5.092736e-23 
1.048000e+00 3.234692e-23 1.842631e-23 5.077323e-23 
1.050000e+00 3.226254e-23 1.836493e-23 5.062747e-23 
1.052000e+00 3.217171e-23 1.830299e-23 5.047470e-23 
1.054000e+00 3.208598e-23 1.823905e-23 5.032503e-23 
1.056000e+00 3.200132e-23 1.818207e-23 5.018338e-23 
1.058000e+00 3.191245e-23 1.811920e-23 5.003165e-23 
1.060000e+00 3.182540e-23 1.805543e-23 4.988083e-23 
1.062000e+00 3.173241e-23 1.799738e-23 4.972979e-23 
1.064000e+00 3.164608e-23 1.793171e-23 4.957779e-23 
1.066000e+00 3.156000e-23 1.787209e-23 4.943209e-23 
1.068000e+00 3.147143e-23 1.780670e-23 4.927812e-23 
1.070000e+00 3.138356e-23 1.774647e-23 4.913003e-23 
1.072000e+00 3.130035e-23 1.768554e-23 4.898589e-23 
1.074000e+00 3.120998e-23 1.762902e-23 4.883900e-23 
1.076000e+00 3.112373e-23 1.757018e-23 4.869391e-23 
1.078000e+00 3.103974e-23 1.751360e-23 4.855334e-23 
1.080000e+00 3.095259e-23 1.745441e-23 4.840700e-23 
1.082000e+00 3.086725e-23 1.739592e-23 4.826317e-23 
1.084000e+00 3.077165e-23 1.733769e-23 4.810934e-23 
1.086000e+00 3.069148e-23 1.727725e-23 4.796873e-23 
1.088000e+00 3.060385e-23 1.722358e-23 4.782743e-23 
1.090000e+00 3.051828e-23 1.716235e-23 4.768063e-23 
1.092000e+00 3.043550e-23 1.710147e-23 4.753698e-23 
1.094000e+00 3.034489e-23 1.704361e-23 4.738850e-23 
1.096000e+00 3.025903e-23 1.698397e-23 4.724300e-23 
1.098000e+00 3.017186e-23 1.692635e-23 4.709822e-23 
1.100000e+00 3.008553e-23 1.687498e-23 4.696051e-23 
1.102000e+00 3.000315e-23 1.682197e-23 4.682512e-23 
1.104000e+00 2.991674e-23 1.676390e-23 4.668065e-23 
1.106000e+00 2.983109e-23 1.670998e-23 4.654107e-23 
1.108000e+00 2.974279e-23 1.665433e-23 4.639712e-23 
1.110000e+00 2.966022e-23 1.660122e-23 4.626144e-23 
1.112000e+00 2.957532e-23 1.654178e-23 4.611710e-23 
1.114000e+00 2.948920e-23 1.648680e-23 4.597601e-23 
1.116000e+00 2.940305e-23 1.643067e-23 4.583372e-23 
1.118000e+00 2.931531e-23 1.637593e-23 4.569123e-23 
1.120000e+00 2.923109e-23 1.631783e-23 4.554892e-23 
1.122000e+00 2.914676e-23 1.626330e-23 4.541006e-23 
1.124000e+00 2.905963e-23 1.621818e-23 4.527781e-23 
1.126000e+00 2.897734e-23 1.616212e-23 4.513946e-23 
1.128000e+00 2.888941e-23 1.611102e-23 4.500043e-23 
1.130000e+00 2.880453e-23 1.606192e-23 4.486645e-23 
1.132000e+00 2.871916e-23 1.600855e-23 4.472771e-23 
1.134000e+00 2.863391e-23 1.595931e-23 4.459322e-23 
1.136000e+00 2.855530e-23 1.590552e-23 4.446082e-23 
1.138000e+00 2.847264e-23 1.585511e-23 4.432775e-23 
1.140000e+00 2.838940e-23 1.580556e-23 4.419496e-23 
1.142000e+00 2.830289e-23 1.575022e-23 4.405312e-23 
1.144000e+00 2.821978e-23 1.570028e-23 4.392006e-23 
1.146000e+00 2.813112e-23 1.564984e-23 4.378096e-23 
1.148000e+00 2.804815e-23 1.559721e-23 4.364536e-23 
1.150000e+00 2.796323e-23 1.554649e-23 4.350972e-23 
1.152000e+00 2.788574e-23 1.550024e-23 4.338598e-23 
1.154000e+00 2.780157e-23 1.545307e-23 4.325463e-23 
1.156000e+00 2.772382e-23 1.540510e-23 4.312893e-23 
1.158000e+00 2.763677e-23 1.535000e-23 4.298676e-23 
1.160000e+00 2.755490e-23 1.530246e-23 4.285736e-23 
1.162000e+00 2.747113e-23 1.525441e-23 4.272554e-23 
1.164000e+00 2.742892e-23 1.520517e-23 4.263409e-23 
1.166000e+00 2.729983e-23 1.515728e-23 4.245710e-23 
1.168000e+00 2.721661e-23 1.510676e-23 4.232337e-23 
1.170000e+00 2.713499e-23 1.505618e-23 4.219117e-23 
1.172000e+00 2.704921e-23 1.500766e-23 4.205686e-23 
1.174000e+00 2.697402e-23 1.495745e-23 4.193147e-23 
1.176000e+00 2.688933e-23 1.491074e-23 4.180006e-23 
1.178000e+00 2.680470e-23 1.486494e-23 4.166963e-23 
1.180000e+00 2.672600e-23 1.481874e-23 4.154474e-23 
1.182000e+00 2.664103e-23 1.477701e-23 4.141804e-23 
1.184000e+00 2.655180e-23 1.473079e-23 4.128259e-23 
1.186000e+00 2.647309e-23 1.468236e-23 4.115545e-23 
1.188000e+00 2.639143e-23 1.463579e-23 4.102722e-23 
1.190000e+00 2.631164e-23 1.459165e-23 4.090329e-23 
1.192000e+00 2.622880e-23 1.454447e-23 4.077327e-23 
1.194000e+00 2.614665e-23 1.450078e-23 4.064743e-23 
1.196000e+00 2.606239e-23 1.445381e-23 4.051620e-23 
1.198000e+00 2.598349e-23 1.440792e-23 4.039141e-23 
1.200000e+00 2.590043e-23 1.435986e-23 4.026029e-23 
1.202000e+00 2.581775e-23 1.431537e-23 4.013312e-23 
1.204000e+00 2.573051e-23 1.426968e-23 4.000018e-23 
1.206000e+00 2.565331e-23 1.423060e-23 3.988390e-23 
1.208000e+00 2.557085e-23 1.418350e-23 3.975434e-23 
1.210000e+00 2.548412e-23 1.414502e-23 3.962914e-23 
1.212000e+00 2.540246e-23 1.409851e-23 3.950097e-23 
1.214000e+00 2.532174e-23 1.405662e-23 3.937836e-23 
1.216000e+00 2.524221e-23 1.401561e-23 3.925782e-23 
1.218000e+00 2.516102e-23 1.396836e-23 3.912938e-23 
1.220000e+00 2.507188e-23 1.392676e-23 3.899864e-23 
1.222000e+00 2.498704e-23 1.388279e-23 3.886982e-23 
1.224000e+00 2.490436e-23 1.384363e-23 3.874799e-23 
1.226000e+00 2.481979e-23 1.380018e-23 3.861997e-23 
1.228000e+00 2.473807e-23 1.375618e-23 3.849425e-23 
1.230000e+00 2.465715e-23 1.370919e-23 3.836633e-23 
1.232000e+00 2.457499e-23 1.367219e-23 3.824719e-23 
1.234000e+00 2.448765e-23 1.363117e-23 3.811881e-23 
1.236000e+00 2.440195e-23 1.359210e-23 3.799405e-23 
1.238000e+00 2.431365e-23 1.354851e-23 3.786217e-23 
1.240000e+00 2.423021e-23 1.350886e-23 3.773907e-23 
1.242000e+00 2.414735e-23 1.346995e-23 3.761730e-23 
1.244000e+00 2.406052e-23 1.343035e-23 3.749087e-23 
1.246000e+00 2.396512e-23 1.338945e-23 3.735457e-23 
1.248000e+00 2.387490e-23 1.335004e-23 3.722494e-23 
1.250000e+00 2.378887e-23 1.330920e-23 3.709807e-23 
1.252000e+00 2.370335e-23 1.326882e-23 3.697216e-23 
1.254000e+00 2.361409e-23 1.322611e-23 3.684020e-23 
1.256000e+00 2.351565e-23 1.318618e-23 3.670183e-23 
1.258000e+00 2.342709e-23 1.314554e-23 3.657262e-23 
1.260000e+00 2.333570e-23 1.310338e-23 3.643908e-23 
1.262000e+00 2.323819e-23 1.306581e-23 3.630400e-23 
1.264000e+00 2.314285e-23 1.302797e-23 3.617082e-23 
1.266000e+00 2.304778e-23 1.299102e-23 3.603880e-23 
1.268000e+00 2.294007e-23 1.295474e-23 3.589481e-23 
1.270000e+00 2.284245e-23 1.291712e-23 3.575957e-23 
1.272000e+00 2.273535e-23 1.287753e-23 3.561288e-23 
1.274000e+00 2.262747e-23 1.283948e-23 3.546695e-23 
1.276000e+00 2.251945e-23 1.280063e-23 3.532008e-23 
1.278000e+00 2.240053e-23 1.276145e-23 3.516198e-23 
1.280000e+00 2.227847e-23 1.272394e-23 3.500241e-23 
1.282000e+00 2.215945e-23 1.268399e-23 3.484344e-23 
1.284000e+00 2.201664e-23 1.264591e-23 3.466255e-23 
1.286000e+00 2.187203e-23 1.260489e-23 3.447692e-23 
1.288000e+00 2.170375e-23 1.256554e-23 3.426929e-23 
1.290000e+00 2.147946e-23 1.253302e-23 3.401248e-23 
1.292000e+00 2.125895e-23 1.249773e-23 3.375668e-23 
1.294000e+00 2.103530e-23 1.245487e-23 3.349017e-23 
1.296000e+00 2.080657e-23 1.241947e-23 3.322605e-23 
1.298000e+00 2.058591e-23 1.238527e-23 3.297118e-23 
1.300000e+00 2.045145e-23 1.234805e-23 3.279950e-23 
1.302000e+00 2.036641e-23 1.231306e-23 3.267947e-23 
1.304000e+00 2.027667e-23 1.227695e-23 3.255362e-23 
1.306000e+00 2.030146e-23 1.223955e-23 3.254101e-23 
1.308000e+00 2.034595e-23 1.220377e-23 3.254972e-23 
1.310000e+00 2.039766e-23 1.216525e-23 3.256291e-23 
1.312000e+00 2.050864e-23 1.213044e-23 3.263907e-23 
1.314000e+00 2.061669e-23 1.209680e-23 3.271349e-23 
1.316000e+00 2.072952e-23 1.206118e-23 3.279070e-23 
1.318000e+00 2.078408e-23 1.202490e-23 3.280898e-23 
1.320000e+00 2.084368e-23 1.199027e-23 3.283396e-23 
1.322000e+00 2.089498e-23 1.195854e-23 3.285352e-23 
1.324000e+00 2.090587e-23 1.192329e-23 3.282916e-23 
1.326000e+00 2.092770e-23 1.189161e-23 3.281931e-23 
1.328000e+00 2.093950e-23 1.185794e-23 3.279744e-23 
1.330000e+00 2.093869e-23 1.182500e-23 3.276369e-23 
1.332000e+00 2.093779e-23 1.178941e-23 3.272720e-23 
1.334000e+00 2.093861e-23 1.175626e-23 3.269488e-23 
1.336000e+00 2.092364e-23 1.172330e-23 3.264694e-23 
1.338000e+00 2.091285e-23 1.168830e-23 3.260115e-23 
1.340000e+00 2.089818e-23 1.165869e-23 3.255688e-23 
1.342000e+00 2.087817e-23 1.162314e-23 3.250132e-23 
1.344000e+00 2.086443e-23 1.158752e-23 3.245195e-23 
1.346000e+00 2.084285e-23 1.155310e-23 3.239595e-23 
1.348000e+00 2.081620e-23 1.152274e-23 3.233894e-23 
1.350000e+00 2.079496e-23 1.148727e-23 3.228224e-23 
1.352000e+00 2.077332e-23 1.145887e-23 3.223218e-23 
1.354000e+00 2.074420e-23 1.142721e-23 3.217141e-23 
1.356000e+00 2.071797e-23 1.139656e-23 3.211453e-23 
1.358000e+00 2.069683e-23 1.136476e-23 3.206159e-23 
1.360000e+00 2.066219e-23 1.132860e-23 3.199079e-23 
1.362000e+00 2.063687e-23 1.129788e-23 3.193475e-23 
1.364000e+00 2.060852e-23 1.126523e-23 3.187375e-23 
1.366000e+00 2.057871e-23 1.123391e-23 3.181263e-23 
1.368000e+00 2.054157e-23 1.120362e-23 3.174520e-23 
1.370000e+00 2.051247e-23 1.117084e-23 3.168330e-23 
1.372000e+00 2.047376e-23 1.113845e-23 3.161221e-23 
1.374000e+00 2.044402e-23 1.110601e-23 3.155003e-23 
1.376000e+00 2.040897e-23 1.107438e-23 3.148335e-23 
1.378000e+00 2.037620e-23 1.104219e-23 3.141839e-23 
1.380000e+00 2.034330e-23 1.100679e-23 3.135009e-23 
1.382000e+00 2.031565e-23 1.098147e-23 3.129712e-23 
1.384000e+00 2.027494e-23 1.095218e-23 3.122712e-23 
1.386000e+00 2.023575e-23 1.092170e-23 3.115745e-23 
1.388000e+00 2.019733e-23 1.089056e-23 3.108789e-23 
1.390000e+00 2.016536e-23 1.086252e-23 3.102788e-23 
1.392000e+00 2.012357e-23 1.083476e-23 3.095833e-23 
1.394000e+00 2.009299e-23 1.079941e-23 3.089240e-23 
1.396000e+00 2.005378e-23 1.077185e-23 3.082563e-23 
1.398000e+00 2.001956e-23 1.074037e-23 3.075993e-23 
1.400000e+00 1.997746e-23 1.071370e-23 3.069116e-23 
1.402000e+00 1.993848e-23 1.068345e-23 3.062192e-23 
1.404000e+00 1.990290e-23 1.065469e-23 3.055760e-23 
1.406000e+00 1.986251e-23 1.061889e-23 3.048140e-23 
1.408000e+00 1.982387e-23 1.059030e-23 3.041417e-23 
1.410000e+00 1.979176e-23 1.055968e-23 3.035144e-23 
1.412000e+00 1.974586e-23 1.053111e-23 3.027697e-23 
1.414000e+00 1.971137e-23 1.050453e-23 3.021590e-23 
1.416000e+00 1.966982e-23 1.047579e-23 3.014561e-23 
1.418000e+00 1.963221e-23 1.045070e-23 3.008291e-23 
1.420000e+00 1.959210e-23 1.042018e-23 3.001228e-23 
1.422000e+00 1.955494e-23 1.039401e-23 2.994895e-23 
1.424000e+00 1.951611e-23 1.036657e-23 2.988268e-23 
1.426000e+00 1.947364e-23 1.033701e-23 2.981064e-23 
1.428000e+00 1.942981e-23 1.031237e-23 2.974219e-23 
1.430000e+00 1.938772e-23 1.028265e-23 2.967037e-23 
1.432000e+00 1.934710e-23 1.025235e-23 2.959945e-23 
1.434000e+00 1.931112e-23 1.022597e-23 2.953709e-23 
1.436000e+00 1.927440e-23 1.019995e-23 2.947435e-23 
1.438000e+00 1.923594e-23 1.017455e-23 2.941048e-23 
1.440000e+00 1.919880e-23 1.014136e-23 2.934016e-23 
1.442000e+00 1.915984e-23 1.011396e-23 2.927380e-23 
1.444000e+00 1.911218e-23 1.008766e-23 2.919983e-23 
1.446000e+00 1.907437e-23 1.006060e-23 2.913497e-23 
1.448000e+00 1.903650e-23 1.003184e-23 2.906834e-23 
1.450000e+00 1.899591e-23 1.001047e-23 2.900638e-23 
1.452000e+00 1.895012e-23 9.982621e-24 2.893275e-23 
1.454000e+00 1.891085e-23 9.954310e-24 2.886516e-23 
1.456000e+00 1.886811e-23 9.931522e-24 2.879963e-23 
1.458000e+00 1.882889e-23 9.903330e-24 2.873222e-23 
1.460000e+00 1.878863e-23 9.881360e-24 2.866999e-23 
1.462000e+00 1.874781e-23 9.852868e-24 2.860068e-23 
1.464000e+00 1.870891e-23 9.822310e-24 2.853122e-23 
1.466000e+00 1.866767e-23 9.798409e-24 2.846607e-23 
1.468000e+00 1.863026e-23 9.773192e-24 2.840346e-23 
1.470000e+00 1.859004e-23 9.748770e-24 2.833881e-23 
1.472000e+00 1.854829e-23 9.719141e-24 2.826743e-23 
1.474000e+00 1.851332e-23 9.697595e-24 2.821091e-23 
1.476000e+00 1.847030e-23 9.668437e-24 2.813873e-23 
1.478000e+00 1.842964e-23 9.644667e-24 2.807430e-23 
1.480000e+00 1.839368e-23 9.619818e-24 2.801350e-23 
1.482000e+00 1.835198e-23 9.590261e-24 2.794225e-23 
1.484000e+00 1.831319e-23 9.565048e-24 2.787824e-23 
1.486000e+00 1.827215e-23 9.542226e-24 2.781438e-23 
1.488000e+00 1.822870e-23 9.516614e-24 2.774531e-23 
1.490000e+00 1.819273e-23 9.496782e-24 2.768951e-23 
1.492000e+00 1.814566e-23 9.470997e-24 2.761665e-23 
1.494000e+00 1.811086e-23 9.447162e-24 2.755802e-23 
1.496000e+00 1.806741e-23 9.421357e-24 2.748877e-23 
1.498000e+00 1.802812e-23 9.395665e-24 2.742378e-23 
1.500000e+00 1.798987e-23 9.370052e-24 2.735992e-23 
1.502000e+00 1.794443e-23 9.345362e-24 2.728979e-23 
1.504000e+00 1.790745e-23 9.318669e-24 2.722612e-23 
1.506000e+00 1.786845e-23 9.294142e-24 2.716259e-23 
1.508000e+00 1.783067e-23 9.268342e-24 2.709901e-23 
1.510000e+00 1.779220e-23 9.243895e-24 2.703609e-23 
1.512000e+00 1.774674e-23 9.222946e-24 2.696969e-23 
1.514000e+00 1.770894e-23 9.196565e-24 2.690551e-23 
1.516000e+00 1.766928e-23 9.176250e-24 2.684553e-23 
1.518000e+00 1.762841e-23 9.148571e-24 2.677698e-23 
1.520000e+00 1.758788e-23 9.127843e-24 2.671572e-23 
1.522000e+00 1.755120e-23 9.106135e-24 2.665734e-23 
1.524000e+00 1.750944e-23 9.079266e-24 2.658870e-23 
1.526000e+00 1.746768e-23 9.058030e-24 2.652571e-23 
1.528000e+00 1.742790e-23 9.036696e-24 2.646460e-23 
1.530000e+00 1.738590e-23 9.015875e-24 2.640178e-23 
1.532000e+00 1.735509e-23 8.987992e-24 2.634308e-23 
1.534000e+00 1.731092e-23 8.965448e-24 2.627637e-23 
1.536000e+00 1.727922e-23 8.942373e-24 2.622159e-23 
1.538000e+00 1.723614e-23 8.921195e-24 2.615734e-23 
1.540000e+00 1.719580e-23 8.893741e-24 2.608954e-23 
1.542000e+00 1.715502e-23 8.873127e-24 2.602815e-23 
1.544000e+00 1.711763e-23 8.849254e-24 2.596689e-23 
1.546000e+00 1.707538e-23 8.828363e-24 2.590374e-23 
1.548000e+00 1.704087e-23 8.805564e-24 2.584643e-23 
1.550000e+00 1.699944e-23 8.781925e-24 2.578137e-23 
1.552000e+00 1.696367e-23 8.758802e-24 2.572248e-23 
1.554000e+00 1.692011e-23 8.738781e-24 2.565889e-23 
1.556000e+00 1.688571e-23 8.718092e-24 2.560381e-23 
1.558000e+00 1.684904e-23 8.696579e-24 2.554562e-23 
1.560000e+00 1.680522e-23 8.671370e-24 2.547659e-23 
1.562000e+00 1.676987e-23 8.653013e-24 2.542288e-23 
1.564000e+00 1.672548e-23 8.630845e-24 2.535632e-23 
1.566000e+00 1.668845e-23 8.606917e-24 2.529537e-23 
1.568000e+00 1.665021e-23 8.588251e-24 2.523846e-23 
1.570000e+00 1.661352e-23 8.563263e-24 2.517678e-23 
1.572000e+00 1.657793e-23 8.540658e-24 2.511859e-23 
1.574000e+00 1.653719e-23 8.521593e-24 2.505878e-23 
1.576000e+00 1.650147e-23 8.498459e-24 2.499993e-23 
1.578000e+00 1.645683e-23 8.480802e-24 2.493763e-23 
1.580000e+00 1.641601e-23 8.455763e-24 2.487177e-23 
1.582000e+00 1.638139e-23 8.432649e-24 2.481404e-23 
1.584000e+00 1.634135e-23 8.411399e-24 2.475275e-23 
1.586000e+00 1.630351e-23 8.388291e-24 2.469180e-23 
1.588000e+00 1.626408e-23 8.369654e-24 2.463373e-23 
1.590000e+00 1.622771e-23 8.348438e-24 2.457615e-23 
1.592000e+00 1.619425e-23 8.330127e-24 2.452437e-23 
1.594000e+00 1.615583e-23 8.310361e-24 2.446619e-23 
1.596000e+00 1.612309e-23 8.289378e-24 2.441247e-23 
1.598000e+00 1.608319e-23 8.270642e-24 2.435383e-23 
1.600000e+00 1.604223e-23 8.250507e-24 2.429273e-23 
1.602000e+00 1.600447e-23 8.232254e-24 2.423672e-23 
1.604000e+00 1.596448e-23 8.206217e-24 2.417069e-23 
1.606000e+00 1.593159e-23 8.185044e-24 2.411663e-23 
1.608000e+00 1.589873e-23 8.163437e-24 2.406217e-23 
1.610000e+00 1.585649e-23 8.143759e-24 2.400025e-23 
1.612000e+00 1.581713e-23 8.123196e-24 2.394033e-23 
1.614000e+00 1.578419e-23 8.105832e-24 2.389002e-23 
1.616000e+00 1.574122e-23 8.084491e-24 2.382571e-23 
1.618000e+00 1.569914e-23 8.061392e-24 2.376053e-23 
1.620000e+00 1.566467e-23 8.042827e-24 2.370750e-23 
1.622000e+00 1.563148e-23 8.019798e-24 2.365127e-23 
1.624000e+00 1.559061e-23 8.006451e-24 2.359706e-23 
1.626000e+00 1.555680e-23 7.985084e-24 2.354189e-23 
1.628000e+00 1.552111e-23 7.967909e-24 2.348902e-23 
1.630000e+00 1.548584e-23 7.948639e-24 2.343447e-23 
1.632000e+00 1.545311e-23 7.932431e-24 2.338554e-23 
1.634000e+00 1.541401e-23 7.912321e-24 2.332633e-23 
1.636000e+00 1.537363e-23 7.894510e-24 2.326814e-23 
1.638000e+00 1.533925e-23 7.873979e-24 2.321323e-23 
1.640000e+00 1.530253e-23 7.857307e-24 2.315983e-23 
1.642000e+00 1.526567e-23 7.837533e-24 2.310320e-23 
1.644000e+00 1.523002e-23 7.819947e-24 2.304997e-23 
1.646000e+00 1.519417e-23 7.797499e-24 2.299167e-23 
1.648000e+00 1.515828e-23 7.781102e-24 2.293938e-23 
1.650000e+00 1.511856e-23 7.759604e-24 2.287817e-23 
1.652000e+00 1.507849e-23 7.742259e-24 2.282075e-23 
1.654000e+00 1.504452e-23 7.725697e-24 2.277022e-23 
1.656000e+00 1.500668e-23 7.704071e-24 2.271075e-23 
1.658000e+00 1.496957e-23 7.687742e-24 2.265732e-23 
1.660000e+00 1.494020e-23 7.671097e-24 2.261129e-23 
1.662000e+00 1.490460e-23 7.647975e-24 2.255258e-23 
1.664000e+00 1.486316e-23 7.630337e-24 2.249349e-23 
1.666000e+00 1.482633e-23 7.611492e-24 2.243782e-23 
1.668000e+00 1.478848e-23 7.594063e-24 2.238255e-23 
1.670000e+00 1.475900e-23 7.578029e-24 2.233702e-23 
1.672000e+00 1.472262e-23 7.560562e-24 2.228319e-23 
1.674000e+00 1.468233e-23 7.543323e-24 2.222566e-23 
1.676000e+00 1.465089e-23 7.524859e-24 2.217574e-23 
1.678000e+00 1.461413e-23 7.508556e-24 2.212268e-23 
1.680000e+00 1.457490e-23 7.488700e-24 2.206360e-23 
1.682000e+00 1.454435e-23 7.471832e-24 2.201618e-23 
1.684000e+00 1.450529e-23 7.454369e-24 2.195966e-23 
1.686000e+00 1.447431e-23 7.438241e-24 2.191255e-23 
1.688000e+00 1.443242e-23 7.418278e-24 2.185070e-23 
1.690000e+00 1.440132e-23 7.401305e-24 2.180263e-23 
1.692000e+00 1.436380e-23 7.381801e-24 2.174561e-23 
1.694000e+00 1.433273e-23 7.363242e-24 2.169597e-23 
1.696000e+00 1.430125e-23 7.345396e-24 2.164664e-23 
1.698000e+00 1.425918e-23 7.326748e-24 2.158593e-23 
1.700000e+00 1.422901e-23 7.309071e-24 2.153808e-23 
1.702000e+00 1.418751e-23 7.291468e-24 2.147897e-23 
1.704000e+00 1.415482e-23 7.278200e-24 2.143302e-23 
1.706000e+00 1.412143e-23 7.261052e-24 2.138248e-23 
1.708000e+00 1.407965e-23 7.239612e-24 2.131927e-23 
1.710000e+00 1.405202e-23 7.227669e-24 2.127969e-23 
1.712000e+00 1.401648e-23 7.208087e-24 2.122456e-23 
1.714000e+00 1.397534e-23 7.189245e-24 2.116459e-23 
1.716000e+00 1.394294e-23 7.176607e-24 2.111955e-23 
1.718000e+00 1.390629e-23 7.155048e-24 2.106134e-23 
1.720000e+00 1.387417e-23 7.142978e-24 2.101715e-23 
1.722000e+00 1.383590e-23 7.123639e-24 2.095954e-23 
1.724000e+00 1.379832e-23 7.105176e-24 2.090350e-23 
1.726000e+00 1.376607e-23 7.092473e-24 2.085855e-23 
1.728000e+00 1.373123e-23 7.070622e-24 2.080185e-23 
1.730000e+00 1.369693e-23 7.057837e-24 2.075477e-23 
1.732000e+00 1.366230e-23 7.038127e-24 2.070043e-23 
1.734000e+00 1.362742e-23 7.019047e-24 2.064647e-23 
1.736000e+00 1.359039e-23 7.003198e-24 2.059359e-23 
1.738000e+00 1.355874e-23 6.984335e-24 2.054307e-23 
1.740000e+00 1.352563e-23 6.970898e-24 2.049652e-23 
1.742000e+00 1.348275e-23 6.956634e-24 2.043938e-23 
1.744000e+00 1.344672e-23 6.940960e-24 2.038768e-23 
1.746000e+00 1.341138e-23 6.927219e-24 2.033860e-23 
1.748000e+00 1.337500e-23 6.908083e-24 2.028309e-23 
1.750000e+00 1.334141e-23 6.891480e-24 2.023289e-23 
1.752000e+00 1.330494e-23 6.876330e-24 2.018127e-23 
1.754000e+00 1.326871e-23 6.862269e-24 2.013098e-23 
1.756000e+00 1.323346e-23 6.845665e-24 2.007912e-23 
1.758000e+00 1.319935e-23 6.832770e-24 2.003212e-23 
1.760000e+00 1.316308e-23 6.817015e-24 1.998010e-23 
1.762000e+00 1.312540e-23 6.801396e-24 1.992680e-23 
1.764000e+00 1.309094e-23 6.782721e-24 1.987366e-23 
1.766000e+00 1.305504e-23 6.765763e-24 1.982080e-23 
1.768000e+00 1.301588e-23 6.750514e-24 1.976639e-23 
1.770000e+00 1.298221e-23 6.736351e-24 1.971856e-23 
1.772000e+00 1.294316e-23 6.721454e-24 1.966462e-23 
1.774000e+00 1.290732e-23 6.706329e-24 1.961365e-23 
1.776000e+00 1.286455e-23 6.689009e-24 1.955356e-23 
1.778000e+00 1.282947e-23 6.675197e-24 1.950467e-23 
1.780000e+00 1.278959e-23 6.657900e-24 1.944749e-23 
1.782000e+00 1.275290e-23 6.641700e-24 1.939460e-23 
1.784000e+00 1.270897e-23 6.632730e-24 1.934170e-23 
1.786000e+00 1.267130e-23 6.618494e-24 1.928979e-23 
1.788000e+00 1.262827e-23 6.600198e-24 1.922847e-23 
1.790000e+00 1.259162e-23 6.584295e-24 1.917591e-23 
1.792000e+00 1.255334e-23 6.572939e-24 1.912627e-23 
1.794000e+00 1.250877e-23 6.556515e-24 1.906529e-23 
1.796000e+00 1.247029e-23 6.543679e-24 1.901397e-23 
1.798000e+00 1.243404e-23 6.526376e-24 1.896042e-23 
1.800000e+00 1.238850e-23 6.515265e-24 1.890377e-23 
1.802000e+00 1.234144e-23 6.497853e-24 1.883929e-23 
1.804000e+00 1.229746e-23 6.482069e-24 1.877953e-23 
1.806000e+00 1.225375e-23 6.471141e-24 1.872489e-23 
1.808000e+00 1.219970e-23 6.455388e-24 1.865508e-23 
1.810000e+00 1.215625e-23 6.437028e-24 1.859328e-23 
1.812000e+00 1.210165e-23 6.427707e-24 1.852936e-23 
1.814000e+00 1.205546e-23 6.411832e-24 1.846729e-23 
1.816000e+00 1.198814e-23 6.396394e-24 1.838454e-23 
1.818000e+00 1.193106e-23 6.382790e-24 1.831385e-23 
1.820000e+00 1.187205e-23 6.366680e-24 1.823873e-23 
1.822000e+00 1.180449e-23 6.355348e-24 1.815983e-23 
1.824000e+00 1.172423e-23 6.338604e-24 1.806284e-23 
1.826000e+00 1.163328e-23 6.325245e-24 1.795853e-23 
1.828000e+00 1.155420e-23 6.309181e-24 1.786338e-23 
1.830000e+00 1.147088e-23 6.297963e-24 1.776884e-23 
1.832000e+00 1.139237e-23 6.286756e-24 1.767913e-23 
1.834000e+00 1.132252e-23 6.268460e-24 1.759098e-23 
1.836000e+00 1.124251e-23 6.257323e-24 1.749983e-23 
1.838000e+00 1.117877e-23 6.239784e-24 1.741855e-23 
1.840000e+00 1.114625e-23 6.226546e-24 1.737279e-23 
1.842000e+00 1.112636e-23 6.217532e-24 1.734389e-23 
1.844000e+00 1.110384e-23 6.306801e-24 1.741064e-23 
1.846000e+00 1.108123e-23 6.186502e-24 1.726774e-23 
1.848000e+00 1.110547e-23 6.173425e-24 1.727890e-23 
1.850000e+00 1.113340e-23 6.157167e-24 1.729057e-23 
1.852000e+00 1.116972e-23 6.144177e-24 1.731390e-23 
1.854000e+00 1.119180e-23 6.131744e-24 1.732354e-23 
1.856000e+00 1.123341e-23 6.115438e-24 1.734885e-23 
1.858000e+00 1.127043e-23 6.103521e-24 1.737395e-23 
1.860000e+00 1.131132e-23 6.091528e-24 1.740285e-23 
1.862000e+00 1.135115e-23 6.072128e-24 1.742328e-23 
1.864000e+00 1.136175e-23 6.062532e-24 1.742428e-23 
1.866000e+00 1.137143e-23 6.049176e-24 1.742060e-23 
1.868000e+00 1.137915e-23 6.035656e-24 1.741481e-23 
1.870000e+00 1.138668e-23 6.022501e-24 1.740918e-23 
1.872000e+00 1.138735e-23 6.010685e-24 1.739804e-23 
1.874000e+00 1.138166e-23 5.998026e-24 1.737968e-23 
1.876000e+00 1.138057e-23 5.984553e-24 1.736512e-23 
1.878000e+00 1.138213e-23 5.971538e-24 1.735366e-23 
1.880000e+00 1.137724e-23 5.963425e-24 1.734067e-23 
1.882000e+00 1.137908e-23 5.950671e-24 1.732975e-23 
1.884000e+00 1.137312e-23 5.938879e-24 1.731200e-23 
1.886000e+00 1.136633e-23 5.924580e-24 1.729091e-23 
1.888000e+00 1.135930e-23 5.910935e-24 1.727024e-23 
1.890000e+00 1.134567e-23 5.903334e-24 1.724901e-23 
1.892000e+00 1.134129e-23 5.885960e-24 1.722725e-23 
1.894000e+00 1.133244e-23 5.872379e-24 1.720482e-23 
1.896000e+00 1.131885e-23 5.860262e-24 1.717912e-23 
1.898000e+00 1.131220e-23 5.847266e-24 1.715946e-23 
1.900000e+00 1.129803e-23 5.834254e-24 1.713228e-23 
1.902000e+00 1.128457e-23 5.820046e-24 1.710462e-23 
1.904000e+00 1.126941e-23 5.811994e-24 1.708140e-23 
1.906000e+00 1.125837e-23 5.798213e-24 1.705658e-23 
1.908000e+00 1.125109e-23 5.785365e-24 1.703646e-23 
1.910000e+00 1.123579e-23 5.771528e-24 1.700732e-23 
1.912000e+00 1.122229e-23 5.762070e-24 1.698436e-23 
1.914000e+00 1.120896e-23 5.749390e-24 1.695835e-23 
1.916000e+00 1.119978e-23 5.736181e-24 1.693596e-23 
1.918000e+00 1.118693e-23 5.723174e-24 1.691010e-23 
1.920000e+00 1.117487e-23 5.713416e-24 1.688829e-23 
1.922000e+00 1.115814e-23 5.701878e-24 1.686001e-23 
1.924000e+00 1.114255e-23 5.684228e-24 1.682677e-23 
1.926000e+00 1.112873e-23 5.678883e-24 1.680762e-23 
1.928000e+00 1.111730e-23 5.663809e-24 1.678111e-23 
1.930000e+00 1.109905e-23 5.650916e-24 1.674997e-23 
1.932000e+00 1.108328e-23 5.642530e-24 1.672581e-23 
1.934000e+00 1.107098e-23 5.628282e-24 1.669926e-23 
1.936000e+00 1.105614e-23 5.613318e-24 1.666946e-23 
1.938000e+00 1.103944e-23 5.604736e-24 1.664417e-23 
1.940000e+00 1.102667e-23 5.592289e-24 1.661896e-23 
1.942000e+00 1.101099e-23 5.577471e-24 1.658847e-23 
1.944000e+00 1.099613e-23 5.569013e-24 1.656514e-23 
1.946000e+00 1.098171e-23 5.552772e-24 1.653448e-23 
1.948000e+00 1.096618e-23 5.538236e-24 1.650442e-23 
1.950000e+00 1.094851e-23 5.530149e-24 1.647866e-23 
1.952000e+00 1.092651e-23 5.516482e-24 1.644299e-23 
1.954000e+00 1.091249e-23 5.506695e-24 1.641918e-23 
1.956000e+00 1.089572e-23 5.493503e-24 1.638922e-23 
1.958000e+00 1.088724e-23 5.483403e-24 1.637064e-23 
1.960000e+00 1.087224e-23 5.473884e-24 1.634612e-23 
1.962000e+00 1.085629e-23 5.459218e-24 1.631551e-23 
1.964000e+00 1.083846e-23 5.450803e-24 1.628926e-23 
1.966000e+00 1.082481e-23 5.439917e-24 1.626473e-23 
1.968000e+00 1.080881e-23 5.425864e-24 1.623468e-23 
1.970000e+00 1.079049e-23 5.417527e-24 1.620801e-23 
1.972000e+00 1.076904e-23 5.402170e-24 1.617121e-23 
1.974000e+00 1.075259e-23 5.391832e-24 1.614442e-23 
1.976000e+00 1.073692e-23 5.384206e-24 1.612112e-23 
1.978000e+00 1.072029e-23 5.367606e-24 1.608789e-23 
1.980000e+00 1.070288e-23 5.358807e-24 1.606169e-23 
1.982000e+00 1.068882e-23 5.348688e-24 1.603751e-23 
1.984000e+00 1.067287e-23 5.334661e-24 1.600753e-23 
1.986000e+00 1.065602e-23 5.324019e-24 1.598004e-23 
1.988000e+00 1.063862e-23 5.314997e-24 1.595361e-23 
1.990000e+00 1.062287e-23 5.298439e-24 1.592131e-23 
1.992000e+00 1.060495e-23 5.290384e-24 1.589534e-23 
1.994000e+00 1.058789e-23 5.281457e-24 1.586935e-23 
1.996000e+00 1.057249e-23 5.266377e-24 1.583887e-23 
1.998000e+00 1.055664e-23 5.256634e-24 1.581327e-23 
2.000000e+00 1.053569e-23 5.246266e-24 1.578196e-23 
2.002000e+00 1.052125e-23 5.237874e-24 1.575913e-23 
2.004000e+00 1.050406e-23 5.225536e-24 1.572960e-23 
2.006000e+00 1.048803e-23 5.215310e-24 1.570334e-23 
2.008000e+00 1.046982e-23 5.204355e-24 1.567417e-23 
2.010000e+00 1.045363e-23 5.194962e-24 1.564860e-23 
2.012000e+00 1.043824e-23 5.185373e-24 1.562361e-23 
2.014000e+00 1.042028e-23 5.174632e-24 1.559491e-23 
2.016000e+00 1.040137e-23 5.164647e-24 1.556602e-23 
2.018000e+00 1.038461e-23 5.155776e-24 1.554038e-23 
2.020000e+00 1.036529e-23 5.145095e-24 1.551038e-23 
2.022000e+00 1.034931e-23 5.134300e-24 1.548361e-23 
2.024000e+00 1.033064e-23 5.123715e-24 1.545436e-23 
2.026000e+00 1.031249e-23 5.112548e-24 1.542503e-23 
2.028000e+00 1.029643e-23 5.103192e-24 1.539962e-23 
2.030000e+00 1.027800e-23 5.093431e-24 1.537143e-23 
2.032000e+00 1.025938e-23 5.082740e-24 1.534212e-23 
2.034000e+00 1.025168e-23 5.072264e-24 1.532394e-23 
2.036000e+00 1.022958e-23 5.056175e-24 1.528575e-23 
2.038000e+00 1.021368e-23 5.045617e-24 1.525929e-23 
2.040000e+00 1.020268e-23 5.035064e-24 1.523775e-23 
2.042000e+00 1.018466e-23 5.023422e-24 1.520808e-23 
2.044000e+00 1.016563e-23 5.019329e-24 1.518496e-23 
2.046000e+00 1.014689e-23 5.007485e-24 1.515438e-23 
2.048000e+00 1.013271e-23 4.996525e-24 1.512924e-23 
2.050000e+00 1.011132e-23 4.986406e-24 1.509773e-23 
2.052000e+00 1.009186e-23 4.977180e-24 1.506904e-23 
2.054000e+00 1.008256e-23 4.964898e-24 1.504746e-23 
2.056000e+00 1.006474e-23 4.954070e-24 1.501881e-23 
2.058000e+00 1.004713e-23 4.950279e-24 1.499741e-23 
2.060000e+00 1.002815e-23 4.938169e-24 1.496632e-23 
2.062000e+00 1.000861e-23 4.927364e-24 1.493597e-23 
2.064000e+00 9.995865e-24 4.915918e-24 1.491178e-23 
2.066000e+00 9.979510e-24 4.904914e-24 1.488442e-23 
2.068000e+00 9.958170e-24 4.894260e-24 1.485243e-23 
2.070000e+00 9.951133e-24 4.886451e-24 1.483758e-23 
2.072000e+00 9.929439e-24 4.876581e-24 1.480602e-23 
2.074000e+00 9.914315e-24 4.866995e-24 1.478131e-23 
2.076000e+00 9.896223e-24 4.854888e-24 1.475111e-23 
2.078000e+00 9.878219e-24 4.844858e-24 1.472308e-23 
2.080000e+00 9.866240e-24 4.837722e-24 1.470396e-23 
2.082000e+00 9.847746e-24 4.827465e-24 1.467521e-23 
2.084000e+00 9.828785e-24 4.814691e-24 1.464348e-23 
2.086000e+00 9.809288e-24 4.803698e-24 1.461299e-23 
2.088000e+00 9.788600e-24 4.793762e-24 1.458236e-23 
2.090000e+00 9.776628e-24 4.786672e-24 1.456330e-23 
2.092000e+00 9.758849e-24 4.775775e-24 1.453462e-23 
2.094000e+00 9.747874e-24 4.770225e-24 1.451810e-23 
2.096000e+00 9.728310e-24 4.757218e-24 1.448553e-23 
2.098000e+00 9.715155e-24 4.751164e-24 1.446632e-23 
2.100000e+00 9.693340e-24 4.740724e-24 1.443406e-23 
2.102000e+00 9.682885e-24 4.734616e-24 1.441750e-23 
2.104000e+00 9.660172e-24 4.722092e-24 1.438226e-23 
2.106000e+00 9.641366e-24 4.717128e-24 1.435849e-23 
2.108000e+00 9.629381e-24 4.704498e-24 1.433388e-23 
2.110000e+00 9.609152e-24 4.698273e-24 1.430742e-23 
2.112000e+00 9.596619e-24 4.685075e-24 1.428169e-23 
2.114000e+00 9.578744e-24 4.680211e-24 1.425895e-23 
2.116000e+00 9.563680e-24 4.667746e-24 1.423143e-23 
2.118000e+00 9.542767e-24 4.663630e-24 1.420640e-23 
2.120000e+00 9.530128e-24 4.648946e-24 1.417907e-23 
2.122000e+00 9.508353e-24 4.643162e-24 1.415151e-23 
2.124000e+00 9.495744e-24 4.632032e-24 1.412778e-23 
2.126000e+00 9.476794e-24 4.625326e-24 1.410212e-23 
2.128000e+00 9.463341e-24 4.613194e-24 1.407653e-23 
2.130000e+00 9.441414e-24 4.608047e-24 1.404946e-23 
2.132000e+00 9.429428e-24 4.595401e-24 1.402483e-23 
2.134000e+00 9.409948e-24 4.586653e-24 1.399660e-23 
2.136000e+00 9.397415e-24 4.575436e-24 1.397285e-23 
2.138000e+00 9.382189e-24 4.569214e-24 1.395140e-23 
2.140000e+00 9.369072e-24 4.563458e-24 1.393253e-23 
2.142000e+00 9.347913e-24 4.550460e-24 1.389837e-23 
2.144000e+00 9.336594e-24 4.543644e-24 1.388024e-23 
2.146000e+00 9.321420e-24 4.537231e-24 1.385865e-23 
2.148000e+00 9.300877e-24 4.524753e-24 1.382563e-23 
2.150000e+00 9.288225e-24 4.519478e-24 1.380770e-23 
2.152000e+00 9.265809e-24 4.509282e-24 1.377509e-23 
2.154000e+00 9.250511e-24 4.500311e-24 1.375082e-23 
2.156000e+00 9.240286e-24 4.492047e-24 1.373233e-23 
2.158000e+00 9.216512e-24 4.485743e-24 1.370225e-23 
2.160000e+00 9.204812e-24 4.473590e-24 1.367840e-23 
2.162000e+00 9.192114e-24 4.465648e-24 1.365776e-23 
2.164000e+00 9.174217e-24 4.457608e-24 1.363183e-23 
2.166000e+00 9.160774e-24 4.452055e-24 1.361283e-23 
2.168000e+00 9.141463e-24 4.439455e-24 1.358092e-23 
2.170000e+00 9.126793e-24 4.432877e-24 1.355967e-23 
2.172000e+00 9.111924e-24 4.423513e-24 1.353544e-23 
2.174000e+00 9.097690e-24 4.411362e-24 1.350905e-23 
2.176000e+00 9.084815e-24 4.404768e-24 1.348958e-23 
2.178000e+00 9.060750e-24 4.397919e-24 1.345867e-23 
2.180000e+00 9.047193e-24 4.390780e-24 1.343797e-23 
2.182000e+00 9.033922e-24 4.378790e-24 1.341271e-23 
2.184000e+00 9.020343e-24 4.371501e-24 1.339184e-23 
2.186000e+00 9.005006e-24 4.363505e-24 1.336851e-23 
2.188000e+00 8.990398e-24 4.354582e-24 1.334498e-23 
2.190000e+00 8.968366e-24 4.343197e-24 1.331156e-23 
2.192000e+00 8.955428e-24 4.335616e-24 1.329104e-23 
2.194000e+00 8.942278e-24 4.328058e-24 1.327034e-23 
2.196000e+00 8.924795e-24 4.321063e-24 1.324586e-23 
2.198000e+00 8.912430e-24 4.312303e-24 1.322473e-23 
2.200000e+00 8.896168e-24 4.307014e-24 1.320318e-23 
2.202000e+00 8.882666e-24 4.299824e-24 1.318249e-23 
2.204000e+00 8.860188e-24 4.291326e-24 1.315151e-23 
2.206000e+00 8.843193e-24 4.283292e-24 1.312648e-23 
2.208000e+00 8.830754e-24 4.272017e-24 1.310277e-23 
2.210000e+00 8.814100e-24 4.264276e-24 1.307838e-23 
2.212000e+00 8.798940e-24 4.254325e-24 1.305327e-23 
2.214000e+00 8.785608e-24 4.248113e-24 1.303372e-23 
2.216000e+00 8.772350e-24 4.240444e-24 1.301279e-23 
2.218000e+00 8.754791e-24 4.231710e-24 1.298650e-23 
2.220000e+00 8.739821e-24 4.225748e-24 1.296557e-23 
2.222000e+00 8.723736e-24 4.217322e-24 1.294106e-23 
2.224000e+00 8.709406e-24 4.209709e-24 1.291912e-23 
2.226000e+00 8.691778e-24 4.201650e-24 1.289343e-23 
2.228000e+00 8.678337e-24 4.189211e-24 1.286755e-23 
2.230000e+00 8.661983e-24 4.181347e-24 1.284333e-23 
2.232000e+00 8.647643e-24 4.172808e-24 1.282045e-23 
2.234000e+00 8.632452e-24 4.165611e-24 1.279806e-23 
2.236000e+00 8.625900e-24 4.157077e-24 1.278298e-23 
2.238000e+00 8.608249e-24 4.149244e-24 1.275749e-23 
2.240000e+00 8.592570e-24 4.142329e-24 1.273490e-23 
2.242000e+00 8.576886e-24 4.133362e-24 1.271025e-23 
2.244000e+00 8.560326e-24 4.126214e-24 1.268654e-23 
2.246000e+00 8.548232e-24 4.117678e-24 1.266591e-23 
2.248000e+00 8.530890e-24 4.110678e-24 1.264157e-23 
2.250000e+00 8.515221e-24 4.102733e-24 1.261795e-23 
2.252000e+00 8.497985e-24 4.092838e-24 1.259082e-23 
2.254000e+00 8.482414e-24 4.090218e-24 1.257263e-23 
2.256000e+00 8.467045e-24 4.084111e-24 1.255116e-23 
2.258000e+00 8.451105e-24 4.074843e-24 1.252595e-23 
2.260000e+00 8.438020e-24 4.066434e-24 1.250445e-23 
2.262000e+00 8.425893e-24 4.057995e-24 1.248389e-23 
2.264000e+00 8.408376e-24 4.051698e-24 1.246007e-23 
2.266000e+00 8.395615e-24 4.044027e-24 1.243964e-23 
2.268000e+00 8.377964e-24 4.035155e-24 1.241312e-23 
2.270000e+00 8.362695e-24 4.025059e-24 1.238775e-23 
2.272000e+00 8.350192e-24 4.017825e-24 1.236802e-23 
2.274000e+00 8.339957e-24 4.008525e-24 1.234848e-23 
2.276000e+00 8.321470e-24 4.000651e-24 1.232212e-23 
2.278000e+00 8.306288e-24 3.997055e-24 1.230334e-23 
2.280000e+00 8.290250e-24 3.989997e-24 1.228025e-23 
2.282000e+00 8.279134e-24 3.980703e-24 1.225984e-23 
2.284000e+00 8.264117e-24 3.972277e-24 1.223639e-23 
2.286000e+00 8.254304e-24 3.964959e-24 1.221926e-23 
2.288000e+00 8.235959e-24 3.956202e-24 1.219216e-23 
2.290000e+00 8.222363e-24 3.947086e-24 1.216945e-23 
2.292000e+00 8.211647e-24 3.940535e-24 1.215218e-23 
2.294000e+00 8.196743e-24 3.935453e-24 1.213220e-23 
2.296000e+00 8.178697e-24 3.925333e-24 1.210403e-23 
2.298000e+00 8.161743e-24 3.918521e-24 1.208026e-23 
2.300000e+00 8.152846e-24 3.916420e-24 1.206927e-23 
2.302000e+00 8.135895e-24 3.907425e-24 1.204332e-23 
2.304000e+00 8.119328e-24 3.899284e-24 1.201861e-23 
2.306000e+00 8.113937e-24 3.890559e-24 1.200450e-23 
2.308000e+00 8.095477e-24 3.886491e-24 1.198197e-23 
2.310000e+00 8.085567e-24 3.877041e-24 1.196261e-23 
2.312000e+00 8.070540e-24 3.869073e-24 1.193961e-23 
2.314000e+00 8.058009e-24 3.865948e-24 1.192396e-23 
2.316000e+00 8.042390e-24 3.858637e-24 1.190103e-23 
2.318000e+00 8.032142e-24 3.848907e-24 1.188105e-23 
2.320000e+00 8.015574e-24 3.838629e-24 1.185420e-23 
2.322000e+00 7.996465e-24 3.835856e-24 1.183232e-23 
2.324000e+00 7.987964e-24 3.827952e-24 1.181592e-23 
2.326000e+00 7.972441e-24 3.817744e-24 1.179018e-23 
2.328000e+00 7.953166e-24 3.816888e-24 1.177005e-23 
2.330000e+00 7.946564e-24 3.806948e-24 1.175351e-23 
2.332000e+00 7.926308e-24 3.796821e-24 1.172313e-23 
2.334000e+00 7.907838e-24 3.794977e-24 1.170281e-23 
2.336000e+00 7.900059e-24 3.785861e-24 1.168592e-23 
2.338000e+00 7.884318e-24 3.775941e-24 1.166026e-23 
2.340000e+00 7.871019e-24 3.773659e-24 1.164468e-23 
2.342000e+00 7.862326e-24 3.763605e-24 1.162593e-23 
2.344000e+00 7.845108e-24 3.754998e-24 1.160011e-23 
2.346000e+00 7.836853e-24 3.750682e-24 1.158753e-23 
2.348000e+00 7.825501e-24 3.744467e-24 1.156997e-23 
2.350000e+00 7.810409e-24 3.738982e-24 1.154939e-23 
2.352000e+00 7.797693e-24 3.729248e-24 1.152694e-23 
2.354000e+00 7.787923e-24 3.726595e-24 1.151452e-23 
2.356000e+00 7.770832e-24 3.717478e-24 1.148831e-23 
2.358000e+00 7.761612e-24 3.712145e-24 1.147376e-23 
2.360000e+00 7.741831e-24 3.703925e-24 1.144576e-23 
2.362000e+00 7.730877e-24 3.699711e-24 1.143059e-23 
2.364000e+00 7.713899e-24 3.690579e-24 1.140448e-23 
2.366000e+00 7.704625e-24 3.685795e-24 1.139042e-23 
2.368000e+00 7.685150e-24 3.679110e-24 1.136426e-23 
2.370000e+00 7.676270e-24 3.670463e-24 1.134673e-23 
2.372000e+00 7.655242e-24 3.664388e-24 1.131963e-23 
2.374000e+00 7.645661e-24 3.660450e-24 1.130611e-23 
2.376000e+00 7.636993e-24 3.650713e-24 1.128771e-23 
2.378000e+00 7.624932e-24 3.646790e-24 1.127172e-23 
2.380000e+00 7.607595e-24 3.638809e-24 1.124640e-23 
2.382000e+00 7.598420e-24 3.655082e-24 1.125350e-23 
2.384000e+00 7.584640e-24 3.624739e-24 1.120938e-23 
2.386000e+00 7.569070e-24 3.620997e-24 1.119007e-23 
2.388000e+00 7.556731e-24 3.611322e-24 1.116805e-23 
2.390000e+00 7.539687e-24 3.609286e-24 1.114897e-23 
2.392000e+00 7.528978e-24 3.597281e-24 1.112626e-23 
2.394000e+00 7.516968e-24 3.593815e-24 1.111078e-23 
2.396000e+00 7.498844e-24 3.584860e-24 1.108370e-23 
2.398000e+00 7.490518e-24 3.581143e-24 1.107166e-23 
2.400000e+00 7.478776e-24 3.575550e-24 1.105433e-23 
2.402000e+00 7.465081e-24 3.564964e-24 1.103004e-23 
2.404000e+00 7.457451e-24 3.563330e-24 1.102078e-23 
2.406000e+00 7.437364e-24 3.554096e-24 1.099146e-23 
2.408000e+00 7.425300e-24 3.548551e-24 1.097385e-23 
2.410000e+00 7.416958e-24 3.544308e-24 1.096127e-23 
2.412000e+00 7.403614e-24 3.534373e-24 1.093799e-23 
2.414000e+00 7.391803e-24 3.530801e-24 1.092260e-23 
2.416000e+00 7.373367e-24 3.524666e-24 1.089803e-23 
2.418000e+00 7.364263e-24 3.515807e-24 1.088007e-23 
2.420000e+00 7.352311e-24 3.513098e-24 1.086541e-23 
2.422000e+00 7.339128e-24 3.503700e-24 1.084283e-23 
2.424000e+00 7.329934e-24 3.498886e-24 1.082882e-23 
2.426000e+00 7.311751e-24 3.494756e-24 1.080651e-23 
2.428000e+00 7.298786e-24 3.485127e-24 1.078391e-23 
2.430000e+00 7.290239e-24 3.479568e-24 1.076981e-23 
2.432000e+00 7.278031e-24 3.476517e-24 1.075455e-23 
2.434000e+00 7.263984e-24 3.465539e-24 1.072952e-23 
2.436000e+00 7.255178e-24 3.462335e-24 1.071751e-23 
2.438000e+00 7.242141e-24 3.457516e-24 1.069966e-23 
2.440000e+00 7.230095e-24 3.448703e-24 1.067880e-23 
2.442000e+00 7.218484e-24 3.442827e-24 1.066131e-23 
2.444000e+00 7.210094e-24 3.438718e-24 1.064881e-23 
2.446000e+00 7.197982e-24 3.429330e-24 1.062731e-23 
2.448000e+00 7.177543e-24 3.424224e-24 1.060177e-23 
2.450000e+00 7.166576e-24 3.420030e-24 1.058661e-23 
2.452000e+00 7.155074e-24 3.410518e-24 1.056559e-23 
2.454000e+00 7.142321e-24 3.407227e-24 1.054955e-23 
2.456000e+00 7.132852e-24 3.401477e-24 1.053433e-23 
2.458000e+00 7.120748e-24 3.391879e-24 1.051263e-23 
2.460000e+00 7.106345e-24 3.385858e-24 1.049220e-23 
2.462000e+00 7.094595e-24 3.383132e-24 1.047773e-23 
2.464000e+00 7.084014e-24 3.378485e-24 1.046250e-23 
2.466000e+00 7.072320e-24 3.368125e-24 1.044045e-23 
2.468000e+00 7.062703e-24 3.363251e-24 1.042595e-23 
2.470000e+00 7.047920e-24 3.358099e-24 1.040602e-23 
2.472000e+00 7.034959e-24 3.353730e-24 1.038869e-23 
2.474000e+00 7.024292e-24 3.349322e-24 1.037361e-23 
2.476000e+00 7.006258e-24 3.340169e-24 1.034643e-23 
2.478000e+00 6.994363e-24 3.334823e-24 1.032919e-23 
2.480000e+00 6.982821e-24 3.329822e-24 1.031264e-23 
2.482000e+00 6.970309e-24 3.324834e-24 1.029514e-23 
2.484000e+00 6.958719e-24 3.321124e-24 1.027984e-23 
2.486000e+00 6.953786e-24 3.309455e-24 1.026324e-23 
2.488000e+00 6.941040e-24 3.305974e-24 1.024701e-23 
2.490000e+00 6.928638e-24 3.300314e-24 1.022895e-23 
2.492000e+00 6.915179e-24 3.295113e-24 1.021029e-23 
2.494000e+00 6.903930e-24 3.289828e-24 1.019376e-23 
2.496000e+00 6.891686e-24 3.281484e-24 1.017317e-23 
2.498000e+00 6.879924e-24 3.275428e-24 1.015535e-23 
2.500000e+00 6.866915e-24 3.270946e-24 1.013786e-23 
2.502000e+00 6.855408e-24 3.266198e-24 1.012161e-23 
2.504000e+00 6.843543e-24 3.261578e-24 1.010512e-23 
2.506000e+00 6.829881e-24 3.251822e-24 1.008170e-23 
2.508000e+00 6.824625e-24 3.246847e-24 1.007147e-23 
2.510000e+00 6.814147e-24 3.241719e-24 1.005587e-23 
2.512000e+00 6.801635e-24 3.236948e-24 1.003858e-23 
2.514000e+00 6.786401e-24 3.230565e-24 1.001697e-23 
2.516000e+00 6.775008e-24 3.227355e-24 1.000236e-23 
2.518000e+00 6.761948e-24 3.219929e-24 9.981876e-24 
2.520000e+00 6.752487e-24 3.217824e-24 9.970310e-24 
2.522000e+00 6.740019e-24 3.210175e-24 9.950194e-24 
2.524000e+00 6.732423e-24 3.201119e-24 9.933541e-24 
2.526000e+00 6.723173e-24 3.196397e-24 9.919571e-24 
2.528000e+00 6.708976e-24 3.191119e-24 9.900095e-24 
2.530000e+00 6.697409e-24 3.187062e-24 9.884471e-24 
2.532000e+00 6.691824e-24 3.181046e-24 9.872870e-24 
2.534000e+00 6.677243e-24 3.175105e-24 9.852348e-24 
2.536000e+00 6.666946e-24 3.170127e-24 9.837073e-24 
2.538000e+00 6.652464e-24 3.164958e-24 9.817422e-24 
2.540000e+00 6.639514e-24 3.161024e-24 9.800538e-24 
2.542000e+00 6.625243e-24 3.153258e-24 9.778501e-24 
2.544000e+00 6.623202e-24 3.149631e-24 9.772833e-24 
2.546000e+00 6.609735e-24 3.143956e-24 9.753690e-24 
2.548000e+00 6.594927e-24 3.138805e-24 9.733732e-24 
2.550000e+00 6.589786e-24 3.134203e-24 9.723989e-24 
2.552000e+00 6.577795e-24 3.128401e-24 9.706196e-24 
2.554000e+00 6.566410e-24 3.123121e-24 9.689532e-24 
2.556000e+00 6.559744e-24 3.119484e-24 9.679228e-24 
2.558000e+00 6.545848e-24 3.112750e-24 9.658598e-24 
2.560000e+00 6.531574e-24 3.107949e-24 9.639523e-24 
2.562000e+00 6.527319e-24 3.102863e-24 9.630182e-24 
2.564000e+00 6.515530e-24 3.092674e-24 9.608204e-24 
2.566000e+00 6.500902e-24 3.086724e-24 9.587626e-24 
2.568000e+00 6.490460e-24 3.081962e-24 9.572422e-24 
2.570000e+00 6.482150e-24 3.076171e-24 9.558321e-24 
2.572000e+00 6.470191e-24 3.071749e-24 9.541940e-24 
2.574000e+00 6.456191e-24 3.069767e-24 9.525958e-24 
2.576000e+00 6.445263e-24 3.064194e-24 9.509456e-24 
2.578000e+00 6.430828e-24 3.060304e-24 9.491131e-24 
2.580000e+00 6.424962e-24 3.054831e-24 9.479793e-24 
2.582000e+00 6.412205e-24 3.048553e-24 9.460758e-24 
2.584000e+00 6.396554e-24 3.043792e-24 9.440346e-24 
2.586000e+00 6.392404e-24 3.037095e-24 9.429499e-24 
2.588000e+00 6.378879e-24 3.031649e-24 9.410527e-24 
2.590000e+00 6.365288e-24 3.026579e-24 9.391867e-24 
2.592000e+00 6.360746e-24 3.022770e-24 9.383517e-24 
2.594000e+00 6.347075e-24 3.016811e-24 9.363887e-24 
2.596000e+00 6.340254e-24 3.011183e-24 9.351437e-24 
2.598000e+00 6.327493e-24 3.011756e-24 9.339249e-24 
2.600000e+00 6.312639e-24 3.004333e-24 9.316972e-24 
2.602000e+00 6.308221e-24 2.998628e-24 9.306849e-24 
2.604000e+00 6.298180e-24 2.994648e-24 9.292828e-24 
2.606000e+00 6.286802e-24 2.987744e-24 9.274546e-24 
2.608000e+00 6.273642e-24 2.982791e-24 9.256433e-24 
2.610000e+00 6.268233e-24 2.977035e-24 9.245268e-24 
2.612000e+00 6.260979e-24 2.970562e-24 9.231541e-24 
2.614000e+00 6.249495e-24 2.965607e-24 9.215101e-24 
2.616000e+00 6.234003e-24 2.959663e-24 9.193665e-24 
2.618000e+00 6.228681e-24 2.958839e-24 9.187520e-24 
2.620000e+00 6.216472e-24 2.954265e-24 9.170736e-24 
2.622000e+00 6.210355e-24 2.949134e-24 9.159489e-24 
2.624000e+00 6.194890e-24 2.942502e-24 9.137391e-24 
2.626000e+00 6.183064e-24 2.937314e-24 9.120378e-24 
2.628000e+00 6.175526e-24 2.931281e-24 9.106807e-24 
2.630000e+00 6.161589e-24 2.925211e-24 9.086800e-24 
2.632000e+00 6.156473e-24 2.919956e-24 9.076429e-24 
2.634000e+00 6.141185e-24 2.919415e-24 9.060600e-24 
2.636000e+00 6.128190e-24 2.914346e-24 9.042535e-24 
2.638000e+00 6.124299e-24 2.908809e-24 9.033108e-24 
2.640000e+00 6.113886e-24 2.903691e-24 9.017577e-24 
2.642000e+00 6.100314e-24 2.898654e-24 8.998968e-24 
2.644000e+00 6.095237e-24 2.896710e-24 8.991947e-24 
2.646000e+00 6.081185e-24 2.891111e-24 8.972295e-24 
2.648000e+00 6.072736e-24 2.882847e-24 8.955583e-24 
2.650000e+00 6.068858e-24 2.879020e-24 8.947878e-24 
2.652000e+00 6.053804e-24 2.873408e-24 8.927212e-24 
2.654000e+00 6.049852e-24 2.872007e-24 8.921859e-24 
2.656000e+00 6.034340e-24 2.866935e-24 8.901275e-24 
2.658000e+00 6.026162e-24 2.860947e-24 8.887109e-24 
2.660000e+00 6.011268e-24 2.854526e-24 8.865794e-24 
2.662000e+00 6.005876e-24 2.848811e-24 8.854687e-24 
2.664000e+00 5.993542e-24 2.849377e-24 8.842918e-24 
2.666000e+00 5.986155e-24 2.841643e-24 8.827798e-24 
2.668000e+00 5.971884e-24 2.836707e-24 8.808591e-24 
2.670000e+00 5.966421e-24 2.832134e-24 8.798555e-24 
2.672000e+00 5.952463e-24 2.825760e-24 8.778224e-24 
2.674000e+00 5.944511e-24 2.825192e-24 8.769703e-24 
2.676000e+00 5.928960e-24 2.818333e-24 8.747293e-24 
2.678000e+00 5.924681e-24 2.812537e-24 8.737217e-24 
2.680000e+00 5.916238e-24 2.805123e-24 8.721361e-24 
2.682000e+00 5.900356e-24 2.801166e-24 8.701522e-24 
2.684000e+00 5.896288e-24 2.799466e-24 8.695754e-24 
2.686000e+00 5.887741e-24 2.795796e-24 8.683536e-24 
2.688000e+00 5.873725e-24 2.788047e-24 8.661772e-24 
2.690000e+00 5.868190e-24 2.781690e-24 8.649879e-24 
2.692000e+00 5.853526e-24 2.780050e-24 8.633577e-24 
2.694000e+00 5.845948e-24 2.775604e-24 8.621553e-24 
2.696000e+00 5.840038e-24 2.770669e-24 8.610707e-24 
2.698000e+00 5.826553e-24 2.768944e-24 8.595497e-24 
2.700000e+00 5.817814e-24 2.761714e-24 8.579528e-24 
2.702000e+00 5.809011e-24 2.755941e-24 8.564952e-24 
2.704000e+00 5.798964e-24 2.755421e-24 8.554385e-24 
2.706000e+00 5.788919e-24 2.748694e-24 8.537613e-24 
2.708000e+00 5.782408e-24 2.744204e-24 8.526612e-24 
2.710000e+00 5.776026e-24 2.742052e-24 8.518077e-24 
2.712000e+00 5.763003e-24 2.736336e-24 8.499338e-24 
2.714000e+00 5.753483e-24 2.731043e-24 8.484526e-24 
2.716000e+00 5.746030e-24 2.730554e-24 8.476584e-24 
2.718000e+00 5.739474e-24 2.723675e-24 8.463149e-24 
2.720000e+00 5.731014e-24 2.716777e-24 8.447790e-24 
2.722000e+00 5.718803e-24 2.715776e-24 8.434578e-24 
2.724000e+00 5.711902e-24 2.710295e-24 8.422197e-24 
2.726000e+00 5.705729e-24 2.704577e-24 8.410307e-24 
2.728000e+00 5.690023e-24 2.702267e-24 8.392290e-24 
2.730000e+00 5.682087e-24 2.697029e-24 8.379116e-24 
2.732000e+00 5.674625e-24 2.690155e-24 8.364780e-24 
2.734000e+00 5.668712e-24 2.689100e-24 8.357813e-24 
2.736000e+00 5.653596e-24 2.683989e-24 8.337585e-24 
2.738000e+00 5.644419e-24 2.677620e-24 8.322039e-24 
2.740000e+00 5.636416e-24 2.676650e-24 8.313067e-24 
2.742000e+00 5.632190e-24 2.669769e-24 8.301959e-24 
2.744000e+00 5.624159e-24 2.664797e-24 8.288956e-24 
2.746000e+00 5.609085e-24 2.663477e-24 8.272561e-24 
2.748000e+00 5.601419e-24 2.657052e-24 8.258471e-24 
2.750000e+00 5.594322e-24 2.649893e-24 8.244215e-24 
2.752000e+00 5.579383e-24 2.648586e-24 8.227969e-24 
2.754000e+00 5.571682e-24 2.643170e-24 8.214852e-24 
2.756000e+00 5.563055e-24 2.641955e-24 8.205010e-24 
2.758000e+00 5.556852e-24 2.636582e-24 8.193434e-24 
2.760000e+00 5.550837e-24 2.629202e-24 8.180039e-24 
2.762000e+00 5.534211e-24 2.628472e-24 8.162682e-24 
2.764000e+00 5.526696e-24 2.623430e-24 8.150125e-24 
2.766000e+00 5.518531e-24 2.619764e-24 8.138295e-24 
2.768000e+00 5.513283e-24 2.614707e-24 8.127991e-24 
2.770000e+00 5.503375e-24 2.612518e-24 8.115893e-24 
2.772000e+00 5.495288e-24 2.607148e-24 8.102436e-24 
2.774000e+00 5.487630e-24 2.599249e-24 8.086878e-24 
2.776000e+00 5.472579e-24 2.599225e-24 8.071804e-24 
2.778000e+00 5.465501e-24 2.592629e-24 8.058130e-24 
2.780000e+00 5.460455e-24 2.591325e-24 8.051780e-24 
2.782000e+00 5.452737e-24 2.584156e-24 8.036893e-24 
2.784000e+00 5.442438e-24 2.584393e-24 8.026832e-24 
2.786000e+00 5.435494e-24 2.577213e-24 8.012707e-24 
2.788000e+00 5.426360e-24 2.576562e-24 8.002923e-24 
2.790000e+00 5.419696e-24 2.570623e-24 7.990319e-24 
2.792000e+00 5.404260e-24 2.562213e-24 7.966473e-24 
2.794000e+00 5.399985e-24 2.560910e-24 7.960896e-24 
2.796000e+00 5.389571e-24 2.556448e-24 7.946019e-24 
2.798000e+00 5.381964e-24 2.555474e-24 7.937438e-24 
2.800000e+00 5.373112e-24 2.548115e-24 7.921227e-24 
2.802000e+00 5.366799e-24 2.547183e-24 7.913982e-24 
2.804000e+00 5.358610e-24 2.540193e-24 7.898803e-24 
2.806000e+00 5.350926e-24 2.538853e-24 7.889779e-24 
2.808000e+00 5.343082e-24 2.533128e-24 7.876210e-24 
2.810000e+00 5.327061e-24 2.524314e-24 7.851374e-24 
2.812000e+00 5.321178e-24 2.524893e-24 7.846071e-24 
2.814000e+00 5.311179e-24 2.517139e-24 7.828318e-24 
2.816000e+00 5.304533e-24 2.517838e-24 7.822371e-24 
2.818000e+00 5.294997e-24 2.509961e-24 7.804957e-24 
2.820000e+00 5.289068e-24 2.507519e-24 7.796587e-24 
2.822000e+00 5.279707e-24 2.503351e-24 7.783058e-24 
2.824000e+00 5.271911e-24 2.500422e-24 7.772332e-24 
2.826000e+00 5.265918e-24 2.495239e-24 7.761157e-24 
2.828000e+00 5.253140e-24 2.493923e-24 7.747063e-24 
2.830000e+00 5.241020e-24 2.487859e-24 7.728879e-24 
2.832000e+00 5.232200e-24 2.485411e-24 7.717611e-24 
2.834000e+00 5.225204e-24 2.479526e-24 7.704729e-24 
2.836000e+00 5.216193e-24 2.477179e-24 7.693372e-24 
2.838000e+00 5.209645e-24 2.475922e-24 7.685567e-24 
2.840000e+00 5.198491e-24 2.469117e-24 7.667608e-24 
2.842000e+00 5.194899e-24 2.468161e-24 7.663060e-24 
2.844000e+00 5.183381e-24 2.460224e-24 7.643605e-24 
2.846000e+00 5.174774e-24 2.459411e-24 7.634185e-24 
2.848000e+00 5.168914e-24 2.452552e-24 7.621466e-24 
2.850000e+00 5.160232e-24 2.451344e-24 7.611575e-24 
2.852000e+00 5.159089e-24 2.445361e-24 7.604449e-24 
2.854000e+00 5.142015e-24 2.442001e-24 7.584015e-24 
2.856000e+00 5.134893e-24 2.436425e-24 7.571318e-24 
2.858000e+00 5.126847e-24 2.434751e-24 7.561599e-24 
2.860000e+00 5.118029e-24 2.428335e-24 7.546364e-24 
2.862000e+00 5.112149e-24 2.426710e-24 7.538860e-24 
2.864000e+00 5.100077e-24 2.425172e-24 7.525249e-24 
2.866000e+00 5.092439e-24 2.418596e-24 7.511034e-24 
2.868000e+00 5.083819e-24 2.415103e-24 7.498923e-24 
2.870000e+00 5.076407e-24 2.409282e-24 7.485689e-24 
2.872000e+00 5.067153e-24 2.408231e-24 7.475383e-24 
2.874000e+00 5.065273e-24 2.401307e-24 7.466579e-24 
2.876000e+00 5.057716e-24 2.398784e-24 7.456500e-24 
2.878000e+00 5.049502e-24 2.393376e-24 7.442878e-24 
2.880000e+00 5.041538e-24 2.391827e-24 7.433365e-24 
2.882000e+00 5.035321e-24 2.383736e-24 7.419057e-24 
2.884000e+00 5.025207e-24 2.382845e-24 7.408051e-24 
2.886000e+00 5.016673e-24 2.381480e-24 7.398153e-24 
2.888000e+00 5.009794e-24 2.374897e-24 7.384691e-24 
2.890000e+00 4.998715e-24 2.374964e-24 7.373679e-24 
2.892000e+00 4.992410e-24 2.371985e-24 7.364395e-24 
2.894000e+00 4.989429e-24 2.365154e-24 7.354583e-24 
2.896000e+00 4.983321e-24 2.362927e-24 7.346248e-24 
2.898000e+00 4.973673e-24 2.361292e-24 7.334965e-24 
2.900000e+00 4.966853e-24 2.354324e-24 7.321177e-24 
2.902000e+00 4.956792e-24 2.352841e-24 7.309634e-24 
2.904000e+00 4.947173e-24 2.350516e-24 7.297689e-24 
2.906000e+00 4.939346e-24 2.344660e-24 7.284006e-24 
2.908000e+00 4.930355e-24 2.342221e-24 7.272576e-24 
2.910000e+00 4.927806e-24 2.336134e-24 7.263939e-24 
2.912000e+00 4.919907e-24 2.333001e-24 7.252908e-24 
2.914000e+00 4.912870e-24 2.332210e-24 7.245080e-24 
2.916000e+00 4.904933e-24 2.325299e-24 7.230233e-24 
2.918000e+00 4.895998e-24 2.323305e-24 7.219303e-24 
2.920000e+00 4.888458e-24 2.322558e-24 7.211016e-24 
2.922000e+00 4.876192e-24 2.313914e-24 7.190106e-24 
2.924000e+00 4.869351e-24 2.312305e-24 7.181656e-24 
2.926000e+00 4.866238e-24 2.310676e-24 7.176914e-24 
2.928000e+00 4.859289e-24 2.304924e-24 7.164213e-24 
2.930000e+00 4.848622e-24 2.302562e-24 7.151184e-24 
2.932000e+00 4.842621e-24 2.299698e-24 7.142319e-24 
2.934000e+00 4.833858e-24 2.293183e-24 7.127041e-24 
2.936000e+00 4.827094e-24 2.291206e-24 7.118300e-24 
2.938000e+00 4.816589e-24 2.289712e-24 7.106301e-24 
2.940000e+00 4.815468e-24 2.281095e-24 7.096563e-24 
2.942000e+00 4.801177e-24 2.279961e-24 7.081138e-24 
2.944000e+00 4.798901e-24 2.280438e-24 7.079339e-24 
2.946000e+00 4.786516e-24 2.272301e-24 7.058817e-24 
2.948000e+00 4.778309e-24 2.270963e-24 7.049273e-24 
2.950000e+00 4.772119e-24 2.268807e-24 7.040925e-24 
2.952000e+00 4.762771e-24 2.260957e-24 7.023727e-24 
2.954000e+00 4.760314e-24 2.261356e-24 7.021669e-24 
2.956000e+00 4.751933e-24 2.257729e-24 7.009662e-24 
2.958000e+00 4.743545e-24 2.256094e-24 6.999639e-24 
2.960000e+00 4.734895e-24 2.249379e-24 6.984274e-24 
2.962000e+00 4.734418e-24 2.245888e-24 6.980306e-24 
2.964000e+00 4.722784e-24 2.244953e-24 6.967737e-24 
2.966000e+00 4.716405e-24 2.238647e-24 6.955053e-24 
2.968000e+00 4.713780e-24 2.237029e-24 6.950809e-24 
2.970000e+00 4.704672e-24 2.235455e-24 6.940128e-24 
2.972000e+00 4.695035e-24 2.231814e-24 6.926849e-24 
2.974000e+00 4.684436e-24 2.224051e-24 6.908487e-24 
2.976000e+00 4.677951e-24 2.222522e-24 6.900473e-24 
2.978000e+00 4.675121e-24 2.220874e-24 6.895995e-24 
2.980000e+00 4.666418e-24 2.215298e-24 6.881715e-24 
2.982000e+00 4.655449e-24 2.212981e-24 6.868429e-24 
2.984000e+00 4.646986e-24 2.208866e-24 6.855853e-24 
2.986000e+00 4.646008e-24 2.207645e-24 6.853652e-24 
2.988000e+00 4.638484e-24 2.201222e-24 6.839707e-24 
2.990000e+00 4.628422e-24 2.200048e-24 6.828470e-24 
2.992000e+00 4.625491e-24 2.195871e-24 6.821362e-24 
2.994000e+00 4.617161e-24 2.189623e-24 6.806784e-24 
2.996000e+00 4.607482e-24 2.187604e-24 6.795086e-24 
2.998000e+00 4.598064e-24 2.184887e-24 6.782950e-24 
