1.000000e-01 1.792477e-22 2.132561e-22 3.925039e-22 
1.020000e-01 1.787384e-22 2.118233e-22 3.905617e-22 
1.040000e-01 1.777020e-22 2.101461e-22 3.878480e-22 
1.060000e-01 1.762184e-22 2.086765e-22 3.848950e-22 
1.080000e-01 1.742264e-22 2.070685e-22 3.812950e-22 
1.100000e-01 1.715381e-22 2.053604e-22 3.768984e-22 
1.120000e-01 1.677286e-22 2.037914e-22 3.715200e-22 
1.140000e-01 1.614579e-22 2.020804e-22 3.635383e-22 
1.160000e-01 1.440898e-22 2.002213e-22 3.443110e-22 
1.180000e-01 1.612706e-22 1.985844e-22 3.598549e-22 
1.200000e-01 1.674419e-22 1.968969e-22 3.643388e-22 
1.220000e-01 1.704537e-22 1.950289e-22 3.654827e-22 
1.240000e-01 1.723548e-22 1.932698e-22 3.656246e-22 
1.260000e-01 1.736996e-22 1.914405e-22 3.651401e-22 
1.280000e-01 1.746730e-22 1.895752e-22 3.642483e-22 
1.300000e-01 1.753716e-22 1.876994e-22 3.630710e-22 
1.320000e-01 1.758878e-22 1.857890e-22 3.616768e-22 
1.340000e-01 1.762625e-22 1.838261e-22 3.600886e-22 
1.360000e-01 1.765102e-22 1.818824e-22 3.583926e-22 
1.380000e-01 1.766505e-22 1.798425e-22 3.564930e-22 
1.400000e-01 1.767039e-22 1.778540e-22 3.545578e-22 
1.420000e-01 1.766981e-22 1.757501e-22 3.524481e-22 
1.440000e-01 1.766154e-22 1.736493e-22 3.502647e-22 
1.460000e-01 1.764577e-22 1.715076e-22 3.479653e-22 
1.480000e-01 1.762299e-22 1.693793e-22 3.456091e-22 
1.500000e-01 1.759441e-22 1.672049e-22 3.431490e-22 
1.520000e-01 1.756088e-22 1.649611e-22 3.405700e-22 
1.540000e-01 1.751848e-22 1.627740e-22 3.379587e-22 
1.560000e-01 1.746935e-22 1.605498e-22 3.352433e-22 
1.580000e-01 1.740898e-22 1.582234e-22 3.323133e-22 
1.600000e-01 1.733992e-22 1.559911e-22 3.293903e-22 
1.620000e-01 1.724804e-22 1.536514e-22 3.261318e-22 
1.640000e-01 1.712628e-22 1.512673e-22 3.225301e-22 
1.660000e-01 1.693230e-22 1.489450e-22 3.182680e-22 
1.680000e-01 1.642134e-22 1.466465e-22 3.108599e-22 
1.700000e-01 1.665435e-22 1.443656e-22 3.109091e-22 
1.720000e-01 1.685466e-22 1.420440e-22 3.105906e-22 
1.740000e-01 1.693385e-22 1.396858e-22 3.090242e-22 
1.760000e-01 1.698273e-22 1.373310e-22 3.071583e-22 
1.780000e-01 1.701838e-22 1.349691e-22 3.051529e-22 
1.800000e-01 1.704932e-22 1.325906e-22 3.030838e-22 
1.820000e-01 1.706677e-22 1.302055e-22 3.008732e-22 
1.840000e-01 1.708131e-22 1.278155e-22 2.986286e-22 
1.860000e-01 1.708570e-22 1.254301e-22 2.962871e-22 
1.880000e-01 1.709428e-22 1.229955e-22 2.939383e-22 
1.900000e-01 1.710547e-22 1.205854e-22 2.916400e-22 
1.920000e-01 1.713346e-22 1.181662e-22 2.895008e-22 
1.940000e-01 1.716508e-22 1.157807e-22 2.874316e-22 
1.960000e-01 1.722137e-22 1.133650e-22 2.855787e-22 
1.980000e-01 1.738510e-22 1.109403e-22 2.847913e-22 
2.000000e-01 1.767404e-22 1.085434e-22 2.852837e-22 
2.020000e-01 1.736719e-22 1.061841e-22 2.798560e-22 
2.040000e-01 1.724252e-22 1.038737e-22 2.762988e-22 
2.060000e-01 1.715284e-22 1.014502e-22 2.729786e-22 
2.080000e-01 1.707384e-22 9.904397e-23 2.697824e-22 
2.100000e-01 1.700219e-22 9.663273e-23 2.666547e-22 
2.120000e-01 1.693502e-22 9.400436e-23 2.633546e-22 
2.140000e-01 1.687237e-22 9.150949e-23 2.602332e-22 
2.160000e-01 1.681161e-22 8.915299e-23 2.572691e-22 
2.180000e-01 1.676344e-22 8.657351e-23 2.542079e-22 
2.200000e-01 1.670397e-22 8.410774e-23 2.511475e-22 
2.220000e-01 1.665587e-22 8.164847e-23 2.482072e-22 
2.240000e-01 1.659525e-22 7.918661e-23 2.451391e-22 
2.260000e-01 1.653838e-22 7.669201e-23 2.420758e-22 
2.280000e-01 1.647568e-22 7.404199e-23 2.387988e-22 
2.300000e-01 1.641652e-22 7.149763e-23 2.356629e-22 
2.320000e-01 1.635842e-22 6.887958e-23 2.324638e-22 
2.340000e-01 1.630342e-22 6.620644e-23 2.292407e-22 
2.360000e-01 1.624415e-22 6.353028e-23 2.259718e-22 
2.380000e-01 1.618402e-22 6.081332e-23 2.226536e-22 
2.400000e-01 1.610625e-22 5.857174e-23 2.196342e-22 
2.420000e-01 1.603012e-22 5.679393e-23 2.170951e-22 
2.440000e-01 1.596829e-22 5.495725e-23 2.146402e-22 
2.460000e-01 1.590876e-22 5.280292e-23 2.118905e-22 
2.480000e-01 1.584974e-22 5.030184e-23 2.087993e-22 
2.500000e-01 1.581168e-22 4.742652e-23 2.055433e-22 
2.520000e-01 1.575387e-22 4.397875e-23 2.015175e-22 
2.540000e-01 1.569484e-22 4.025395e-23 1.972024e-22 
2.560000e-01 1.563660e-22 3.630590e-23 1.926719e-22 
2.580000e-01 1.557309e-22 3.197117e-23 1.877021e-22 
2.600000e-01 1.549970e-22 2.668479e-23 1.816818e-22 
2.620000e-01 1.543937e-22 2.069790e-23 1.750916e-22 
2.640000e-01 1.537877e-22 1.406962e-23 1.678573e-22 
2.660000e-01 1.533949e-22 8.205679e-24 1.616006e-22 
2.680000e-01 1.527916e-22 3.560003e-24 1.563516e-22 
2.700000e-01 1.522917e-22 7.374724e-25 1.530292e-22 
2.720000e-01 1.517012e-22 6.232768e-25 1.523245e-22 
2.740000e-01 1.511801e-22 3.894598e-24 1.550747e-22 
2.760000e-01 1.503844e-22 1.135398e-23 1.617383e-22 
2.780000e-01 1.498270e-22 2.003680e-23 1.698638e-22 
2.800000e-01 1.489771e-22 4.197922e-23 1.909563e-22 
2.820000e-01 1.484002e-22 5.051752e-23 1.989178e-22 
2.840000e-01 1.476379e-22 4.770735e-23 1.953453e-22 
2.860000e-01 1.471226e-22 4.499309e-23 1.921156e-22 
2.880000e-01 1.465063e-22 4.344882e-23 1.899551e-22 
2.900000e-01 1.458949e-22 4.305245e-23 1.889473e-22 
2.920000e-01 1.454762e-22 4.366741e-23 1.891436e-22 
2.940000e-01 1.450000e-22 4.509978e-23 1.900998e-22 
2.960000e-01 1.444270e-22 4.688175e-23 1.913088e-22 
2.980000e-01 1.438070e-22 4.905701e-23 1.928640e-22 
3.000000e-01 1.431762e-22 5.109456e-23 1.942708e-22 
3.020000e-01 1.424363e-22 5.277073e-23 1.952070e-22 
3.040000e-01 1.417897e-22 5.406138e-23 1.958510e-22 
3.060000e-01 1.411500e-22 5.514161e-23 1.962916e-22 
3.080000e-01 1.407866e-22 5.634141e-23 1.971280e-22 
3.100000e-01 1.401433e-22 5.708353e-23 1.972268e-22 
3.120000e-01 1.394053e-22 5.770591e-23 1.971112e-22 
3.140000e-01 1.387900e-22 5.795533e-23 1.967454e-22 
3.160000e-01 1.378191e-22 5.803241e-23 1.958515e-22 
3.180000e-01 1.371548e-22 5.787250e-23 1.950273e-22 
3.200000e-01 1.364846e-22 5.790147e-23 1.943861e-22 
3.220000e-01 1.358930e-22 5.801832e-23 1.939114e-22 
3.240000e-01 1.352288e-22 5.835585e-23 1.935846e-22 
3.260000e-01 1.345480e-22 5.872945e-23 1.932774e-22 
3.280000e-01 1.335990e-22 5.895200e-23 1.925510e-22 
3.300000e-01 1.329187e-22 5.930352e-23 1.922223e-22 
3.320000e-01 1.323341e-22 5.963439e-23 1.919685e-22 
3.340000e-01 1.318092e-22 5.998766e-23 1.917968e-22 
3.360000e-01 1.307680e-22 6.020765e-23 1.909757e-22 
3.380000e-01 1.304650e-22 6.033114e-23 1.907961e-22 
3.400000e-01 1.296624e-22 6.069053e-23 1.903529e-22 
3.420000e-01 1.293184e-22 6.082648e-23 1.901449e-22 
3.440000e-01 1.286419e-22 6.102879e-23 1.896707e-22 
3.460000e-01 1.279753e-22 6.111878e-23 1.890941e-22 
3.480000e-01 1.266398e-22 6.107840e-23 1.877182e-22 
3.500000e-01 1.259465e-22 6.123795e-23 1.871844e-22 
3.520000e-01 1.252560e-22 6.158207e-23 1.868381e-22 
3.540000e-01 1.249896e-22 6.170911e-23 1.866987e-22 
3.560000e-01 1.245452e-22 6.193470e-23 1.864799e-22 
3.580000e-01 1.238475e-22 6.204137e-23 1.858888e-22 
3.600000e-01 1.230591e-22 6.206452e-23 1.851237e-22 
3.620000e-01 1.223722e-22 6.213680e-23 1.845090e-22 
3.640000e-01 1.216802e-22 6.220988e-23 1.838901e-22 
3.660000e-01 1.206826e-22 6.212395e-23 1.828066e-22 
3.680000e-01 1.199822e-22 6.216717e-23 1.821493e-22 
3.700000e-01 1.192879e-22 6.221342e-23 1.815013e-22 
3.720000e-01 1.185865e-22 6.225474e-23 1.808412e-22 
3.740000e-01 1.178749e-22 6.221935e-23 1.800943e-22 
3.760000e-01 1.171655e-22 6.231730e-23 1.794828e-22 
3.780000e-01 1.164439e-22 6.232825e-23 1.787721e-22 
3.800000e-01 1.157160e-22 6.231547e-23 1.780314e-22 
3.820000e-01 1.149904e-22 6.229023e-23 1.772806e-22 
3.840000e-01 1.142434e-22 6.226378e-23 1.765071e-22 
3.860000e-01 1.135068e-22 6.223766e-23 1.757445e-22 
3.880000e-01 1.127710e-22 6.216086e-23 1.749318e-22 
3.900000e-01 1.120330e-22 6.212619e-23 1.741591e-22 
3.920000e-01 1.110400e-22 6.200218e-23 1.730422e-22 
3.940000e-01 1.103067e-22 6.196641e-23 1.722731e-22 
3.960000e-01 1.096681e-22 6.193156e-23 1.715997e-22 
3.980000e-01 1.093164e-22 6.199336e-23 1.713097e-22 
4.000000e-01 1.083201e-22 6.194219e-23 1.702623e-22 
4.020000e-01 1.075980e-22 6.188291e-23 1.694809e-22 
4.040000e-01 1.068786e-22 6.180495e-23 1.686836e-22 
4.060000e-01 1.061486e-22 6.172802e-23 1.678766e-22 
4.080000e-01 1.054220e-22 6.165582e-23 1.670778e-22 
4.100000e-01 1.046904e-22 6.158216e-23 1.662726e-22 
4.120000e-01 1.039555e-22 6.150251e-23 1.654580e-22 
4.140000e-01 1.032314e-22 6.141989e-23 1.646513e-22 
4.160000e-01 1.024970e-22 6.133636e-23 1.638333e-22 
4.180000e-01 1.017563e-22 6.125362e-23 1.630099e-22 
4.200000e-01 1.010315e-22 6.117054e-23 1.622020e-22 
4.220000e-01 1.002957e-22 6.079079e-23 1.610865e-22 
4.240000e-01 9.904492e-23 6.069951e-23 1.597444e-22 
4.260000e-01 9.831005e-23 6.059966e-23 1.589097e-22 
4.280000e-01 9.757117e-23 6.049474e-23 1.580659e-22 
4.300000e-01 9.683276e-23 6.038531e-23 1.572181e-22 
4.320000e-01 9.609537e-23 6.027593e-23 1.563713e-22 
4.340000e-01 9.535379e-23 6.016492e-23 1.555187e-22 
4.360000e-01 9.461479e-23 6.005878e-23 1.546736e-22 
4.380000e-01 9.398860e-23 6.002752e-23 1.540161e-22 
4.400000e-01 9.324182e-23 5.992244e-23 1.531643e-22 
4.420000e-01 9.250018e-23 5.979414e-23 1.522943e-22 
4.440000e-01 9.176208e-23 5.955006e-23 1.513121e-22 
4.460000e-01 9.101465e-23 5.936069e-23 1.503753e-22 
4.480000e-01 9.017453e-23 5.923286e-23 1.494074e-22 
4.500000e-01 8.943363e-23 5.922370e-23 1.486573e-22 
4.520000e-01 8.868746e-23 5.906576e-23 1.477532e-22 
4.540000e-01 8.793632e-23 5.890372e-23 1.468400e-22 
4.560000e-01 8.718981e-23 5.874285e-23 1.459327e-22 
4.580000e-01 8.644240e-23 5.845619e-23 1.448986e-22 
4.600000e-01 8.548308e-23 5.829765e-23 1.437807e-22 
4.620000e-01 8.473452e-23 5.813813e-23 1.428727e-22 
4.640000e-01 8.398142e-23 5.798180e-23 1.419632e-22 
4.660000e-01 8.321769e-23 5.782255e-23 1.410402e-22 
4.680000e-01 8.246211e-23 5.766832e-23 1.401304e-22 
4.700000e-01 8.170269e-23 5.751328e-23 1.392160e-22 
4.720000e-01 8.093121e-23 5.735103e-23 1.382822e-22 
4.740000e-01 8.015920e-23 5.717493e-23 1.373341e-22 
4.760000e-01 7.938829e-23 5.699673e-23 1.363850e-22 
4.780000e-01 7.860917e-23 5.681563e-23 1.354248e-22 
4.800000e-01 7.782227e-23 5.663235e-23 1.344546e-22 
4.820000e-01 7.703389e-23 5.644564e-23 1.334795e-22 
4.840000e-01 7.623967e-23 5.646647e-23 1.327061e-22 
4.860000e-01 7.571535e-23 5.627710e-23 1.319925e-22 
4.880000e-01 7.490506e-23 5.609112e-23 1.309962e-22 
4.900000e-01 7.408682e-23 5.588787e-23 1.299747e-22 
4.920000e-01 7.326248e-23 5.568916e-23 1.289516e-22 
4.940000e-01 7.242885e-23 5.548954e-23 1.279184e-22 
4.960000e-01 7.158684e-23 5.529199e-23 1.268788e-22 
4.980000e-01 7.072834e-23 5.509353e-23 1.258219e-22 
5.000000e-01 6.985044e-23 5.458623e-23 1.244367e-22 
5.020000e-01 6.856460e-23 5.439034e-23 1.229549e-22 
5.040000e-01 6.766641e-23 5.419384e-23 1.218603e-22 
5.060000e-01 6.675118e-23 5.399624e-23 1.207474e-22 
5.080000e-01 6.565893e-23 5.366928e-23 1.193282e-22 
5.100000e-01 6.470057e-23 5.347277e-23 1.181733e-22 
5.120000e-01 6.371530e-23 5.328126e-23 1.169966e-22 
5.140000e-01 6.270133e-23 5.308826e-23 1.157896e-22 
5.160000e-01 6.165905e-23 5.289495e-23 1.145540e-22 
5.180000e-01 6.057504e-23 5.270923e-23 1.132843e-22 
5.200000e-01 5.943668e-23 5.252659e-23 1.119633e-22 
5.220000e-01 5.824769e-23 5.234244e-23 1.105901e-22 
5.240000e-01 5.699348e-23 5.215133e-23 1.091448e-22 
5.260000e-01 5.565474e-23 5.195492e-23 1.076097e-22 
5.280000e-01 5.421580e-23 5.175523e-23 1.059710e-22 
5.300000e-01 5.266042e-23 5.155776e-23 1.042182e-22 
5.320000e-01 5.094563e-23 5.136368e-23 1.023093e-22 
5.340000e-01 4.894080e-23 5.116536e-23 1.001062e-22 
5.360000e-01 4.654628e-23 5.096117e-23 9.750745e-23 
5.380000e-01 4.329597e-23 5.074599e-23 9.404196e-23 
5.400000e-01 3.875787e-23 5.053110e-23 8.928897e-23 
5.420000e-01 3.381995e-23 5.032370e-23 8.414365e-23 
5.440000e-01 3.087962e-23 5.021118e-23 8.109080e-23 
5.460000e-01 3.166565e-23 5.002035e-23 8.168600e-23 
5.480000e-01 3.524335e-23 4.972673e-23 8.497008e-23 
5.500000e-01 3.895926e-23 4.951870e-23 8.847796e-23 
5.520000e-01 4.176125e-23 4.931305e-23 9.107430e-23 
5.540000e-01 4.344778e-23 4.910973e-23 9.255751e-23 
5.560000e-01 4.470225e-23 4.892262e-23 9.362487e-23 
5.580000e-01 4.565125e-23 4.873131e-23 9.438256e-23 
5.600000e-01 4.643651e-23 4.854015e-23 9.497666e-23 
5.620000e-01 4.709719e-23 4.834456e-23 9.544175e-23 
5.640000e-01 4.765413e-23 4.814257e-23 9.579670e-23 
5.660000e-01 4.812868e-23 4.794289e-23 9.607157e-23 
5.680000e-01 4.852457e-23 4.774239e-23 9.626696e-23 
5.700000e-01 4.886068e-23 4.754281e-23 9.640350e-23 
5.720000e-01 4.914210e-23 4.734174e-23 9.648384e-23 
5.740000e-01 4.938537e-23 4.713853e-23 9.652390e-23 
5.760000e-01 4.959739e-23 4.693971e-23 9.653710e-23 
5.780000e-01 4.976773e-23 4.674546e-23 9.651319e-23 
5.800000e-01 4.990278e-23 4.654469e-23 9.644747e-23 
5.820000e-01 5.001585e-23 4.635673e-23 9.637258e-23 
5.840000e-01 5.010961e-23 4.616605e-23 9.627566e-23 
5.860000e-01 5.018127e-23 4.597829e-23 9.615956e-23 
5.880000e-01 5.017932e-23 4.574980e-23 9.592911e-23 
5.900000e-01 5.020553e-23 4.555705e-23 9.576258e-23 
5.920000e-01 5.021707e-23 4.536396e-23 9.558103e-23 
5.940000e-01 5.021217e-23 4.516810e-23 9.538028e-23 
5.960000e-01 5.018685e-23 4.497963e-23 9.516648e-23 
5.980000e-01 5.014871e-23 4.479138e-23 9.494009e-23 
6.000000e-01 5.010030e-23 4.459722e-23 9.469752e-23 
6.020000e-01 5.004325e-23 4.439357e-23 9.443682e-23 
6.040000e-01 4.996744e-23 4.418265e-23 9.415009e-23 
6.060000e-01 4.988175e-23 4.397391e-23 9.385566e-23 
6.080000e-01 4.949781e-23 4.378015e-23 9.327796e-23 
6.100000e-01 4.939418e-23 4.335303e-23 9.274721e-23 
6.120000e-01 4.928289e-23 4.318035e-23 9.246325e-23 
6.140000e-01 4.915426e-23 4.300535e-23 9.215960e-23 
6.160000e-01 4.902549e-23 4.281244e-23 9.183793e-23 
6.180000e-01 4.906677e-23 4.277322e-23 9.184000e-23 
6.200000e-01 4.891896e-23 4.257697e-23 9.149593e-23 
6.220000e-01 4.876231e-23 4.238484e-23 9.114715e-23 
6.240000e-01 4.859803e-23 4.220441e-23 9.080244e-23 
6.260000e-01 4.843435e-23 4.202226e-23 9.045661e-23 
6.280000e-01 4.825680e-23 4.184009e-23 9.009690e-23 
6.300000e-01 4.807209e-23 4.165255e-23 8.972464e-23 
6.320000e-01 4.788224e-23 4.145673e-23 8.933897e-23 
6.340000e-01 4.768940e-23 4.125982e-23 8.894922e-23 
6.360000e-01 4.748624e-23 4.106374e-23 8.854998e-23 
6.380000e-01 4.727414e-23 4.088187e-23 8.815601e-23 
6.400000e-01 4.705386e-23 4.069471e-23 8.774857e-23 
6.420000e-01 4.682535e-23 4.051021e-23 8.733555e-23 
6.440000e-01 4.659382e-23 4.033539e-23 8.692921e-23 
6.460000e-01 4.635241e-23 4.017686e-23 8.652927e-23 
6.480000e-01 4.610081e-23 4.001602e-23 8.611683e-23 
6.500000e-01 4.583622e-23 3.985636e-23 8.569257e-23 
6.520000e-01 4.556632e-23 3.967554e-23 8.524186e-23 
6.540000e-01 4.528868e-23 3.948243e-23 8.477111e-23 
6.560000e-01 4.499608e-23 3.928648e-23 8.428256e-23 
6.580000e-01 4.469520e-23 3.909252e-23 8.378772e-23 
6.600000e-01 4.438276e-23 3.891952e-23 8.330228e-23 
6.620000e-01 4.405823e-23 3.874626e-23 8.280449e-23 
6.640000e-01 4.372200e-23 3.857455e-23 8.229656e-23 
6.660000e-01 4.337109e-23 3.839981e-23 8.177091e-23 
6.680000e-01 4.300307e-23 3.822273e-23 8.122581e-23 
6.700000e-01 4.262548e-23 3.804330e-23 8.066878e-23 
6.720000e-01 4.223873e-23 3.786227e-23 8.010100e-23 
6.740000e-01 4.183136e-23 3.768695e-23 7.951830e-23 
6.760000e-01 4.139913e-23 3.751730e-23 7.891644e-23 
6.780000e-01 4.095426e-23 3.734818e-23 7.830244e-23 
6.800000e-01 4.048917e-23 3.717930e-23 7.766848e-23 
6.820000e-01 3.989388e-23 3.701288e-23 7.690676e-23 
6.840000e-01 3.937072e-23 3.675917e-23 7.612989e-23 
6.860000e-01 3.881755e-23 3.659375e-23 7.541130e-23 
6.880000e-01 3.821444e-23 3.655054e-23 7.476498e-23 
6.900000e-01 3.757344e-23 3.626269e-23 7.383613e-23 
6.920000e-01 3.686311e-23 3.610077e-23 7.296388e-23 
6.940000e-01 3.605505e-23 3.593664e-23 7.199169e-23 
6.960000e-01 3.517121e-23 3.577491e-23 7.094612e-23 
6.980000e-01 3.409151e-23 3.560745e-23 6.969896e-23 
7.000000e-01 3.251582e-23 3.536428e-23 6.788010e-23 
7.020000e-01 3.075271e-23 3.519801e-23 6.595072e-23 
7.040000e-01 2.865513e-23 3.503307e-23 6.368819e-23 
7.060000e-01 2.729050e-23 3.486675e-23 6.215726e-23 
7.080000e-01 2.660755e-23 3.470696e-23 6.131451e-23 
7.100000e-01 2.755409e-23 3.454312e-23 6.209721e-23 
7.120000e-01 2.903426e-23 3.437991e-23 6.341417e-23 
7.140000e-01 3.108652e-23 3.421994e-23 6.530647e-23 
7.160000e-01 3.273979e-23 3.410308e-23 6.684287e-23 
7.180000e-01 3.409809e-23 3.394534e-23 6.804342e-23 
7.200000e-01 3.492376e-23 3.378888e-23 6.871264e-23 
7.220000e-01 3.556303e-23 3.363111e-23 6.919414e-23 
7.240000e-01 3.611752e-23 3.348321e-23 6.960073e-23 
7.260000e-01 3.655482e-23 3.333318e-23 6.988800e-23 
7.280000e-01 3.694488e-23 3.318544e-23 7.013032e-23 
7.300000e-01 3.729503e-23 3.303236e-23 7.032739e-23 
7.320000e-01 3.757100e-23 3.287802e-23 7.044901e-23 
7.340000e-01 3.783154e-23 3.271878e-23 7.055032e-23 
7.360000e-01 3.805568e-23 3.256125e-23 7.061693e-23 
7.380000e-01 3.825435e-23 3.240326e-23 7.065761e-23 
7.400000e-01 3.843988e-23 3.224839e-23 7.068827e-23 
7.420000e-01 3.859039e-23 3.209523e-23 7.068562e-23 
7.440000e-01 3.872934e-23 3.194492e-23 7.067427e-23 
7.460000e-01 3.885098e-23 3.179083e-23 7.064181e-23 
7.480000e-01 3.896090e-23 3.164647e-23 7.060738e-23 
7.500000e-01 3.905747e-23 3.149944e-23 7.055690e-23 
7.520000e-01 3.913974e-23 3.135894e-23 7.049868e-23 
7.540000e-01 3.920980e-23 3.121167e-23 7.042147e-23 
7.560000e-01 3.926540e-23 3.106923e-23 7.033463e-23 
7.580000e-01 3.931683e-23 3.093063e-23 7.024746e-23 
7.600000e-01 3.936426e-23 3.079238e-23 7.015664e-23 
7.620000e-01 3.939606e-23 3.065491e-23 7.005097e-23 
7.640000e-01 3.942224e-23 3.051760e-23 6.993984e-23 
7.660000e-01 3.943970e-23 3.038112e-23 6.982082e-23 
7.680000e-01 3.945148e-23 3.025134e-23 6.970283e-23 
7.700000e-01 3.945866e-23 3.011678e-23 6.957545e-23 
7.720000e-01 3.945763e-23 2.998478e-23 6.944241e-23 
7.740000e-01 3.944872e-23 2.984783e-23 6.929655e-23 
7.760000e-01 3.920481e-23 2.970446e-23 6.890927e-23 
7.780000e-01 3.918118e-23 2.939825e-23 6.857943e-23 
7.800000e-01 3.915290e-23 2.925733e-23 6.841024e-23 
7.820000e-01 3.912111e-23 2.911057e-23 6.823168e-23 
7.840000e-01 3.908553e-23 2.897723e-23 6.806276e-23 
7.860000e-01 3.903630e-23 2.884443e-23 6.788073e-23 
7.880000e-01 3.898646e-23 2.870986e-23 6.769632e-23 
7.900000e-01 3.893067e-23 2.857739e-23 6.750806e-23 
7.920000e-01 3.886691e-23 2.907832e-23 6.794523e-23 
7.940000e-01 3.879886e-23 2.831690e-23 6.711576e-23 
7.960000e-01 3.870334e-23 2.819221e-23 6.689555e-23 
7.980000e-01 3.861117e-23 2.806286e-23 6.667403e-23 
8.000000e-01 3.851617e-23 2.793461e-23 6.645078e-23 
8.020000e-01 3.843573e-23 2.781153e-23 6.624725e-23 
8.040000e-01 3.836007e-23 2.769041e-23 6.605048e-23 
8.060000e-01 3.828985e-23 2.756260e-23 6.585244e-23 
8.080000e-01 3.821727e-23 2.743965e-23 6.565693e-23 
8.100000e-01 3.814267e-23 2.731459e-23 6.545725e-23 
8.120000e-01 3.807373e-23 2.718627e-23 6.525999e-23 
8.140000e-01 3.801192e-23 2.705075e-23 6.506267e-23 
8.160000e-01 3.794794e-23 2.692058e-23 6.486852e-23 
8.180000e-01 3.788318e-23 2.678600e-23 6.466918e-23 
8.200000e-01 3.781958e-23 2.666571e-23 6.448529e-23 
8.220000e-01 3.775718e-23 2.655377e-23 6.431095e-23 
8.240000e-01 3.769464e-23 2.643932e-23 6.413395e-23 
8.260000e-01 3.763505e-23 2.632910e-23 6.396415e-23 
8.280000e-01 3.757378e-23 2.621501e-23 6.378879e-23 
8.300000e-01 3.751220e-23 2.609842e-23 6.361061e-23 
8.320000e-01 3.745348e-23 2.597865e-23 6.343213e-23 
8.340000e-01 3.739550e-23 2.586038e-23 6.325588e-23 
8.360000e-01 3.734024e-23 2.573855e-23 6.307880e-23 
8.380000e-01 3.728310e-23 2.561821e-23 6.290131e-23 
8.400000e-01 3.723336e-23 2.550281e-23 6.273617e-23 
8.420000e-01 3.718306e-23 2.539083e-23 6.257389e-23 
8.440000e-01 3.713401e-23 2.527720e-23 6.241121e-23 
8.460000e-01 3.708420e-23 2.516264e-23 6.224683e-23 
8.480000e-01 3.703722e-23 2.504634e-23 6.208356e-23 
8.500000e-01 3.712232e-23 2.494048e-23 6.206280e-23 
8.520000e-01 3.707909e-23 2.490862e-23 6.198772e-23 
8.540000e-01 3.704006e-23 2.480256e-23 6.184262e-23 
8.560000e-01 3.699984e-23 2.469386e-23 6.169370e-23 
8.580000e-01 3.695820e-23 2.458376e-23 6.154196e-23 
8.600000e-01 3.688442e-23 2.446640e-23 6.135083e-23 
8.620000e-01 3.683907e-23 2.433242e-23 6.117150e-23 
8.640000e-01 3.679660e-23 2.421640e-23 6.101300e-23 
8.660000e-01 3.674942e-23 2.410132e-23 6.085075e-23 
8.680000e-01 3.670571e-23 2.398939e-23 6.069509e-23 
8.700000e-01 3.665548e-23 2.387457e-23 6.053005e-23 
8.720000e-01 3.660280e-23 2.376296e-23 6.036576e-23 
8.740000e-01 3.654543e-23 2.365563e-23 6.020106e-23 
8.760000e-01 3.648193e-23 2.354446e-23 6.002640e-23 
8.780000e-01 3.641629e-23 2.343470e-23 5.985100e-23 
8.800000e-01 3.634907e-23 2.334036e-23 5.968943e-23 
8.820000e-01 3.627696e-23 2.324861e-23 5.952558e-23 
8.840000e-01 3.621328e-23 2.315367e-23 5.936694e-23 
8.860000e-01 3.614361e-23 2.305606e-23 5.919967e-23 
8.880000e-01 3.606938e-23 2.296403e-23 5.903341e-23 
8.900000e-01 3.599391e-23 2.286259e-23 5.885651e-23 
8.920000e-01 3.591558e-23 2.276241e-23 5.867799e-23 
8.940000e-01 3.583941e-23 2.266468e-23 5.850409e-23 
8.960000e-01 3.576426e-23 2.256388e-23 5.832814e-23 
8.980000e-01 3.569094e-23 2.246335e-23 5.815430e-23 
9.000000e-01 3.554304e-23 2.235731e-23 5.790035e-23 
9.020000e-01 3.546204e-23 2.221100e-23 5.767305e-23 
9.040000e-01 3.537950e-23 2.210478e-23 5.748428e-23 
9.060000e-01 3.529747e-23 2.199886e-23 5.729634e-23 
9.080000e-01 3.521964e-23 2.189094e-23 5.711058e-23 
9.100000e-01 3.513589e-23 2.179751e-23 5.693340e-23 
9.120000e-01 3.505606e-23 2.170695e-23 5.676301e-23 
9.140000e-01 3.497101e-23 2.161391e-23 5.658492e-23 
9.160000e-01 3.488542e-23 2.152287e-23 5.640829e-23 
9.180000e-01 3.480064e-23 2.143502e-23 5.623566e-23 
9.200000e-01 3.471347e-23 2.133921e-23 5.605268e-23 
9.220000e-01 3.462782e-23 2.123861e-23 5.586642e-23 
9.240000e-01 3.454343e-23 2.114019e-23 5.568362e-23 
9.260000e-01 3.445763e-23 2.104316e-23 5.550080e-23 
9.280000e-01 3.437031e-23 2.094626e-23 5.531657e-23 
9.300000e-01 3.428162e-23 2.085036e-23 5.513197e-23 
9.320000e-01 3.419258e-23 2.076605e-23 5.495864e-23 
9.340000e-01 3.410248e-23 2.068584e-23 5.478832e-23 
9.360000e-01 3.401348e-23 2.060508e-23 5.461855e-23 
9.380000e-01 3.392700e-23 2.051895e-23 5.444595e-23 
9.400000e-01 3.383446e-23 2.043829e-23 5.427275e-23 
9.420000e-01 3.374717e-23 2.035017e-23 5.409735e-23 
9.440000e-01 3.365515e-23 2.026418e-23 5.391933e-23 
9.460000e-01 3.356536e-23 2.017503e-23 5.374038e-23 
9.480000e-01 3.347535e-23 2.008861e-23 5.356396e-23 
9.500000e-01 3.338371e-23 1.999908e-23 5.338279e-23 
9.520000e-01 3.329116e-23 1.991055e-23 5.320171e-23 
9.540000e-01 3.319932e-23 1.982815e-23 5.302747e-23 
9.560000e-01 3.311088e-23 1.974619e-23 5.285707e-23 
9.580000e-01 3.301620e-23 1.965900e-23 5.267519e-23 
9.600000e-01 3.292456e-23 1.957449e-23 5.249906e-23 
9.620000e-01 3.283334e-23 1.949113e-23 5.232447e-23 
9.640000e-01 3.273818e-23 1.940265e-23 5.214083e-23 
9.660000e-01 3.264548e-23 1.930960e-23 5.195508e-23 
9.680000e-01 3.255291e-23 1.922016e-23 5.177308e-23 
9.700000e-01 3.245868e-23 1.912640e-23 5.158508e-23 
9.720000e-01 3.236909e-23 1.903527e-23 5.140436e-23 
9.740000e-01 3.227264e-23 1.894973e-23 5.122236e-23 
9.760000e-01 3.218098e-23 1.887400e-23 5.105497e-23 
9.780000e-01 3.208880e-23 1.879407e-23 5.088287e-23 
9.800000e-01 3.199821e-23 1.871819e-23 5.071640e-23 
9.820000e-01 3.190344e-23 1.864142e-23 5.054486e-23 
9.840000e-01 3.180389e-23 1.856533e-23 5.036923e-23 
9.860000e-01 3.171362e-23 1.848379e-23 5.019740e-23 
9.880000e-01 3.162297e-23 1.839790e-23 5.002087e-23 
9.900000e-01 3.152465e-23 1.831462e-23 4.983927e-23 
9.920000e-01 3.143393e-23 1.822745e-23 4.966139e-23 
9.940000e-01 3.134029e-23 1.814394e-23 4.948423e-23 
9.960000e-01 3.124792e-23 1.806400e-23 4.931191e-23 
9.980000e-01 3.115634e-23 1.801342e-23 4.916976e-23 
1.000000e+00 3.106451e-23 1.796324e-23 4.902775e-23 
1.002000e+00 3.097187e-23 1.789166e-23 4.886353e-23 
1.004000e+00 3.088114e-23 1.782377e-23 4.870491e-23 
1.006000e+00 3.078898e-23 1.775435e-23 4.854333e-23 
1.008000e+00 3.069474e-23 1.768404e-23 4.837877e-23 
1.010000e+00 3.060159e-23 1.761753e-23 4.821912e-23 
1.012000e+00 3.038530e-23 1.754647e-23 4.793177e-23 
1.014000e+00 3.041688e-23 1.747428e-23 4.789116e-23 
1.016000e+00 3.032203e-23 1.740655e-23 4.772857e-23 
1.018000e+00 3.023058e-23 1.733381e-23 4.756439e-23 
1.020000e+00 3.013825e-23 1.726697e-23 4.740522e-23 
1.022000e+00 3.010192e-23 1.719282e-23 4.729474e-23 
1.024000e+00 2.995224e-23 1.712445e-23 4.707668e-23 
1.026000e+00 2.985985e-23 1.705801e-23 4.691785e-23 
1.028000e+00 2.976931e-23 1.699666e-23 4.676597e-23 
1.030000e+00 2.967345e-23 1.693039e-23 4.660384e-23 
1.032000e+00 2.958477e-23 1.686221e-23 4.644697e-23 
1.034000e+00 2.949247e-23 1.679533e-23 4.628779e-23 
1.036000e+00 2.940066e-23 1.673181e-23 4.613247e-23 
1.038000e+00 2.930937e-23 1.666385e-23 4.597322e-23 
1.040000e+00 2.921408e-23 1.659948e-23 4.581356e-23 
1.042000e+00 2.912695e-23 1.653095e-23 4.565790e-23 
1.044000e+00 2.903248e-23 1.646625e-23 4.549873e-23 
1.046000e+00 2.894244e-23 1.640346e-23 4.534590e-23 
1.048000e+00 2.888998e-23 1.635748e-23 4.524746e-23 
1.050000e+00 2.880146e-23 1.629562e-23 4.509708e-23 
1.052000e+00 2.870731e-23 1.623331e-23 4.494062e-23 
1.054000e+00 2.861779e-23 1.616914e-23 4.478692e-23 
1.056000e+00 2.852924e-23 1.611130e-23 4.464054e-23 
1.058000e+00 2.843722e-23 1.604842e-23 4.448564e-23 
1.060000e+00 2.834680e-23 1.598462e-23 4.433142e-23 
1.062000e+00 2.825075e-23 1.592583e-23 4.417658e-23 
1.064000e+00 2.816092e-23 1.586047e-23 4.402139e-23 
1.066000e+00 2.807160e-23 1.580041e-23 4.387200e-23 
1.068000e+00 2.797979e-23 1.573532e-23 4.371512e-23 
1.070000e+00 2.773768e-23 1.567483e-23 4.341251e-23 
1.072000e+00 2.765071e-23 1.553387e-23 4.318458e-23 
1.074000e+00 2.755755e-23 1.547649e-23 4.303404e-23 
1.076000e+00 2.746838e-23 1.541756e-23 4.288594e-23 
1.078000e+00 2.738087e-23 1.536045e-23 4.274132e-23 
1.080000e+00 2.729074e-23 1.530109e-23 4.259183e-23 
1.082000e+00 2.720220e-23 1.524245e-23 4.244465e-23 
1.084000e+00 2.710501e-23 1.518411e-23 4.228912e-23 
1.086000e+00 2.702126e-23 1.512377e-23 4.214504e-23 
1.088000e+00 2.693076e-23 1.506944e-23 4.200021e-23 
1.090000e+00 2.684224e-23 1.500838e-23 4.185063e-23 
1.092000e+00 2.675626e-23 1.494779e-23 4.170405e-23 
1.094000e+00 2.666355e-23 1.488997e-23 4.155352e-23 
1.096000e+00 2.657544e-23 1.483051e-23 4.140595e-23 
1.098000e+00 2.648567e-23 1.477294e-23 4.125861e-23 
1.100000e+00 2.639707e-23 1.472079e-23 4.111787e-23 
1.102000e+00 2.631175e-23 1.466762e-23 4.097937e-23 
1.104000e+00 2.622295e-23 1.460989e-23 4.083284e-23 
1.106000e+00 2.613488e-23 1.455544e-23 4.069032e-23 
1.108000e+00 2.604485e-23 1.449983e-23 4.054467e-23 
1.110000e+00 2.595942e-23 1.444635e-23 4.040578e-23 
1.112000e+00 2.587239e-23 1.438762e-23 4.026001e-23 
1.114000e+00 2.578412e-23 1.433254e-23 4.011666e-23 
1.116000e+00 2.569604e-23 1.427659e-23 3.997263e-23 
1.118000e+00 2.560665e-23 1.422203e-23 3.982869e-23 
1.120000e+00 2.547124e-23 1.413930e-23 3.961054e-23 
1.122000e+00 2.538490e-23 1.408494e-23 3.946983e-23 
1.124000e+00 2.529629e-23 1.403865e-23 3.933494e-23 
1.126000e+00 2.521174e-23 1.398295e-23 3.919469e-23 
1.128000e+00 2.512222e-23 1.393162e-23 3.905385e-23 
1.130000e+00 2.503571e-23 1.388225e-23 3.891796e-23 
1.132000e+00 2.550734e-23 1.382911e-23 3.933645e-23 
1.134000e+00 2.486188e-23 1.377941e-23 3.864129e-23 
1.136000e+00 2.478081e-23 1.372587e-23 3.850667e-23 
1.138000e+00 2.469643e-23 1.367534e-23 3.837177e-23 
1.140000e+00 2.461155e-23 1.362562e-23 3.823717e-23 
1.142000e+00 2.452389e-23 1.357095e-23 3.809484e-23 
1.144000e+00 2.443910e-23 1.352092e-23 3.796002e-23 
1.146000e+00 2.435010e-23 1.347055e-23 3.782065e-23 
1.148000e+00 2.426552e-23 1.341829e-23 3.768382e-23 
1.150000e+00 2.417969e-23 1.336771e-23 3.754740e-23 
1.152000e+00 2.410017e-23 1.332102e-23 3.742119e-23 
1.154000e+00 2.401479e-23 1.327347e-23 3.728825e-23 
1.156000e+00 2.393510e-23 1.322544e-23 3.716055e-23 
1.158000e+00 2.384773e-23 1.317143e-23 3.701916e-23 
1.160000e+00 2.376470e-23 1.312376e-23 3.688846e-23 
1.162000e+00 2.367995e-23 1.307567e-23 3.675562e-23 
1.164000e+00 2.359635e-23 1.302662e-23 3.662298e-23 
1.166000e+00 2.350768e-23 1.297887e-23 3.648656e-23 
1.168000e+00 2.342362e-23 1.292878e-23 3.635240e-23 
1.170000e+00 2.334118e-23 1.287874e-23 3.621992e-23 
1.172000e+00 2.325499e-23 1.283035e-23 3.608534e-23 
1.174000e+00 2.317818e-23 1.278085e-23 3.595903e-23 
1.176000e+00 2.309320e-23 1.273423e-23 3.582744e-23 
1.178000e+00 2.300802e-23 1.268830e-23 3.569632e-23 
1.180000e+00 2.292855e-23 1.264228e-23 3.557082e-23 
1.182000e+00 2.284356e-23 1.260004e-23 3.544360e-23 
1.184000e+00 2.275475e-23 1.255389e-23 3.530864e-23 
1.186000e+00 2.267547e-23 1.250596e-23 3.518143e-23 
1.188000e+00 2.259343e-23 1.245959e-23 3.505302e-23 
1.190000e+00 2.251321e-23 1.241544e-23 3.492864e-23 
1.192000e+00 2.243039e-23 1.236869e-23 3.479908e-23 
1.194000e+00 2.234795e-23 1.232510e-23 3.467305e-23 
1.196000e+00 2.226401e-23 1.227848e-23 3.454250e-23 
1.198000e+00 2.218488e-23 1.223297e-23 3.441785e-23 
1.200000e+00 2.210187e-23 1.218581e-23 3.428768e-23 
1.202000e+00 2.201967e-23 1.214128e-23 3.416095e-23 
1.204000e+00 2.193317e-23 1.209596e-23 3.402913e-23 
1.206000e+00 2.185581e-23 1.205650e-23 3.391232e-23 
1.208000e+00 2.177365e-23 1.201019e-23 3.378385e-23 
1.210000e+00 2.168825e-23 1.197114e-23 3.365938e-23 
1.212000e+00 2.160697e-23 1.192531e-23 3.353228e-23 
1.214000e+00 2.152651e-23 1.188337e-23 3.340988e-23 
1.216000e+00 2.144715e-23 1.184239e-23 3.328954e-23 
1.218000e+00 2.136637e-23 1.179616e-23 3.316253e-23 
1.220000e+00 2.127899e-23 1.175458e-23 3.303357e-23 
1.222000e+00 2.119568e-23 1.171122e-23 3.290690e-23 
1.224000e+00 2.111382e-23 1.167167e-23 3.278549e-23 
1.226000e+00 2.103087e-23 1.162873e-23 3.265960e-23 
1.228000e+00 2.095017e-23 1.158553e-23 3.253570e-23 
1.230000e+00 2.087022e-23 1.153947e-23 3.240969e-23 
1.232000e+00 2.078900e-23 1.150175e-23 3.229075e-23 
1.234000e+00 2.070353e-23 1.146114e-23 3.216467e-23 
1.236000e+00 2.061999e-23 1.142213e-23 3.204212e-23 
1.238000e+00 2.053392e-23 1.137942e-23 3.191334e-23 
1.240000e+00 2.045213e-23 1.133970e-23 3.179183e-23 
1.242000e+00 2.037093e-23 1.130097e-23 3.167190e-23 
1.244000e+00 2.028630e-23 1.126134e-23 3.154765e-23 
1.246000e+00 2.019477e-23 1.122091e-23 3.141568e-23 
1.248000e+00 2.010750e-23 1.118172e-23 3.128922e-23 
1.250000e+00 2.002355e-23 1.114142e-23 3.116497e-23 
1.252000e+00 1.994084e-23 1.110127e-23 3.104210e-23 
1.254000e+00 1.985451e-23 1.105958e-23 3.091409e-23 
1.256000e+00 1.976042e-23 1.102008e-23 3.078050e-23 
1.258000e+00 1.967514e-23 1.097989e-23 3.065503e-23 
1.260000e+00 1.958720e-23 1.093855e-23 3.052574e-23 
1.262000e+00 1.949440e-23 1.090109e-23 3.039549e-23 
1.264000e+00 1.940335e-23 1.086346e-23 3.026681e-23 
1.266000e+00 1.931286e-23 1.082672e-23 3.013958e-23 
1.268000e+00 1.921162e-23 1.079031e-23 3.000193e-23 
1.270000e+00 1.911891e-23 1.075303e-23 2.987195e-23 
1.272000e+00 1.901870e-23 1.071404e-23 2.973274e-23 
1.274000e+00 1.891743e-23 1.067640e-23 2.959384e-23 
1.276000e+00 1.881607e-23 1.063820e-23 2.945427e-23 
1.278000e+00 1.870632e-23 1.059973e-23 2.930606e-23 
1.280000e+00 1.859366e-23 1.056253e-23 2.915619e-23 
1.282000e+00 1.848352e-23 1.052355e-23 2.900707e-23 
1.284000e+00 1.835391e-23 1.048597e-23 2.883988e-23 
1.286000e+00 1.822290e-23 1.044622e-23 2.866912e-23 
1.288000e+00 1.807162e-23 1.040756e-23 2.847919e-23 
1.290000e+00 1.787429e-23 1.037476e-23 2.824906e-23 
1.292000e+00 1.767993e-23 1.033967e-23 2.801960e-23 
1.294000e+00 1.748493e-23 1.029850e-23 2.778343e-23 
1.296000e+00 1.728693e-23 1.026332e-23 2.755025e-23 
1.298000e+00 1.709568e-23 1.022926e-23 2.732495e-23 
1.300000e+00 1.697701e-23 1.019275e-23 2.716976e-23 
1.302000e+00 1.689925e-23 1.015790e-23 2.705715e-23 
1.304000e+00 1.681808e-23 1.012229e-23 2.694037e-23 
1.306000e+00 1.683251e-23 1.008576e-23 2.691827e-23 
1.308000e+00 1.686297e-23 1.005049e-23 2.691345e-23 
1.310000e+00 1.689950e-23 1.001303e-23 2.691253e-23 
1.312000e+00 1.698344e-23 9.978625e-24 2.696206e-23 
1.314000e+00 1.706425e-23 9.945368e-24 2.700961e-23 
1.316000e+00 1.714934e-23 9.910376e-24 2.705972e-23 
1.318000e+00 1.714690e-23 9.874830e-24 2.702173e-23 
1.320000e+00 1.718642e-23 9.820017e-24 2.700644e-23 
1.322000e+00 1.721883e-23 9.788305e-24 2.700713e-23 
1.324000e+00 1.721814e-23 9.753934e-24 2.697208e-23 
1.326000e+00 1.722647e-23 9.722171e-24 2.694864e-23 
1.328000e+00 1.722613e-23 9.689044e-24 2.691517e-23 
1.330000e+00 1.721575e-23 9.656388e-24 2.687214e-23 
1.332000e+00 1.720499e-23 9.621859e-24 2.682685e-23 
1.334000e+00 1.719576e-23 9.589044e-24 2.678480e-23 
1.336000e+00 1.717368e-23 9.556388e-24 2.673007e-23 
1.338000e+00 1.715464e-23 9.522480e-24 2.667712e-23 
1.340000e+00 1.713275e-23 9.492674e-24 2.662542e-23 
1.342000e+00 1.710618e-23 9.457928e-24 2.656411e-23 
1.344000e+00 1.708504e-23 9.423516e-24 2.650856e-23 
1.346000e+00 1.705751e-23 9.390047e-24 2.644755e-23 
1.348000e+00 1.702560e-23 9.359627e-24 2.638523e-23 
1.350000e+00 1.699798e-23 9.325525e-24 2.632351e-23 
1.352000e+00 1.697054e-23 9.296736e-24 2.626727e-23 
1.354000e+00 1.693684e-23 9.265511e-24 2.620235e-23 
1.356000e+00 1.690535e-23 9.235204e-24 2.614055e-23 
1.358000e+00 1.687811e-23 9.203796e-24 2.608190e-23 
1.360000e+00 1.683986e-23 9.169290e-24 2.600915e-23 
1.362000e+00 1.685955e-23 9.164440e-24 2.602399e-23 
1.364000e+00 1.682671e-23 9.132448e-24 2.595916e-23 
1.366000e+00 1.679244e-23 9.101996e-24 2.589443e-23 
1.368000e+00 1.675248e-23 9.071908e-24 2.582438e-23 
1.370000e+00 1.671904e-23 9.040070e-24 2.575911e-23 
1.372000e+00 1.667744e-23 9.008667e-24 2.568610e-23 
1.374000e+00 1.664388e-23 8.977027e-24 2.562090e-23 
1.376000e+00 1.660534e-23 8.946209e-24 2.555155e-23 
1.378000e+00 1.656892e-23 8.915014e-24 2.548393e-23 
1.380000e+00 1.653250e-23 8.881245e-24 2.541374e-23 
1.382000e+00 1.650003e-23 8.855456e-24 2.535548e-23 
1.384000e+00 1.645730e-23 8.826541e-24 2.528385e-23 
1.386000e+00 1.641583e-23 8.796634e-24 2.521246e-23 
1.388000e+00 1.637481e-23 8.766425e-24 2.514124e-23 
1.390000e+00 1.633928e-23 8.738804e-24 2.507809e-23 
1.392000e+00 1.629590e-23 8.711204e-24 2.500710e-23 
1.394000e+00 1.626144e-23 8.677584e-24 2.493902e-23 
1.396000e+00 1.621984e-23 8.650181e-24 2.487002e-23 
1.398000e+00 1.618277e-23 8.619920e-24 2.480269e-23 
1.400000e+00 1.613913e-23 8.593367e-24 2.473250e-23 
1.402000e+00 1.609777e-23 8.564080e-24 2.466185e-23 
1.404000e+00 1.605957e-23 8.535604e-24 2.459517e-23 
1.406000e+00 1.601742e-23 8.501980e-24 2.451941e-23 
1.408000e+00 1.597686e-23 8.473779e-24 2.445064e-23 
1.410000e+00 1.594130e-23 8.444394e-24 2.438570e-23 
1.412000e+00 1.589425e-23 8.416305e-24 2.431055e-23 
1.414000e+00 1.585755e-23 8.389999e-24 2.424755e-23 
1.416000e+00 1.581470e-23 8.362124e-24 2.417682e-23 
1.418000e+00 1.577487e-23 8.337065e-24 2.411194e-23 
1.420000e+00 1.573326e-23 8.307690e-24 2.404095e-23 
1.422000e+00 1.569396e-23 8.281544e-24 2.397550e-23 
1.424000e+00 1.565313e-23 8.254823e-24 2.390796e-23 
1.426000e+00 1.560966e-23 8.226484e-24 2.383615e-23 
1.428000e+00 1.556526e-23 8.201865e-24 2.376712e-23 
1.430000e+00 1.552206e-23 8.173235e-24 2.369529e-23 
1.432000e+00 1.548005e-23 8.144358e-24 2.362441e-23 
1.434000e+00 1.544184e-23 8.118327e-24 2.356016e-23 
1.436000e+00 1.540330e-23 8.092727e-24 2.349603e-23 
1.438000e+00 1.536307e-23 8.067472e-24 2.343055e-23 
1.440000e+00 1.532384e-23 8.036458e-24 2.336030e-23 
1.442000e+00 1.528343e-23 8.186708e-24 2.347014e-23 
1.444000e+00 1.523643e-23 7.984213e-24 2.322064e-23 
1.446000e+00 1.519677e-23 7.957964e-24 2.315474e-23 
1.448000e+00 1.515751e-23 7.930524e-24 2.308803e-23 
1.450000e+00 1.511608e-23 7.908480e-24 2.302456e-23 
1.452000e+00 1.507030e-23 7.881919e-24 2.295222e-23 
1.454000e+00 1.502981e-23 7.854731e-24 2.288455e-23 
1.456000e+00 1.498675e-23 7.831859e-24 2.281861e-23 
1.458000e+00 1.494630e-23 7.804623e-24 2.275092e-23 
1.460000e+00 1.490514e-23 7.782485e-24 2.268762e-23 
1.462000e+00 1.486365e-23 7.755326e-24 2.261897e-23 
1.464000e+00 1.482367e-23 7.726445e-24 2.255011e-23 
1.466000e+00 1.478207e-23 7.703228e-24 2.248530e-23 
1.468000e+00 1.474320e-23 7.678267e-24 2.242147e-23 
1.470000e+00 1.470225e-23 7.654422e-24 2.235667e-23 
1.472000e+00 1.465988e-23 7.626392e-24 2.228627e-23 
1.474000e+00 1.462337e-23 7.604856e-24 2.222823e-23 
1.476000e+00 1.458054e-23 7.577207e-24 2.215774e-23 
1.478000e+00 1.453946e-23 7.553888e-24 2.209335e-23 
1.480000e+00 1.450215e-23 7.529848e-24 2.203200e-23 
1.482000e+00 1.446007e-23 7.501950e-24 2.196202e-23 
1.484000e+00 1.442089e-23 7.477841e-24 2.189874e-23 
1.486000e+00 1.437924e-23 7.455238e-24 2.183448e-23 
1.488000e+00 1.433614e-23 7.430583e-24 2.176672e-23 
1.490000e+00 1.429901e-23 7.410536e-24 2.170954e-23 
1.492000e+00 1.425277e-23 7.385527e-24 2.163829e-23 
1.494000e+00 1.421718e-23 7.362351e-24 2.157954e-23 
1.496000e+00 1.417378e-23 7.338013e-24 2.151179e-23 
1.498000e+00 1.413405e-23 7.313246e-24 2.144730e-23 
1.500000e+00 1.409527e-23 7.288676e-24 2.138394e-23 
1.502000e+00 1.405066e-23 7.264844e-24 2.131550e-23 
1.504000e+00 1.401308e-23 7.239305e-24 2.125238e-23 
1.506000e+00 1.397376e-23 7.216045e-24 2.118981e-23 
1.508000e+00 1.393529e-23 7.191445e-24 2.112674e-23 
1.510000e+00 1.389667e-23 7.167933e-24 2.106461e-23 
1.512000e+00 1.385215e-23 7.147248e-24 2.099940e-23 
1.514000e+00 1.381418e-23 7.122470e-24 2.093665e-23 
1.516000e+00 1.377464e-23 7.101966e-24 2.087660e-23 
1.518000e+00 1.373401e-23 7.076163e-24 2.081018e-23 
1.520000e+00 1.369367e-23 7.055422e-24 2.074909e-23 
1.522000e+00 1.365687e-23 7.034512e-24 2.069138e-23 
1.524000e+00 1.361520e-23 7.009449e-24 2.062465e-23 
1.526000e+00 1.357416e-23 6.988481e-24 2.056264e-23 
1.528000e+00 1.353497e-23 6.967594e-24 2.050257e-23 
1.530000e+00 1.349348e-23 6.946726e-24 2.044021e-23 
1.532000e+00 1.346071e-23 6.920954e-24 2.038166e-23 
1.534000e+00 1.341866e-23 6.899609e-24 2.031827e-23 
1.536000e+00 1.338523e-23 6.877237e-24 2.026246e-23 
1.538000e+00 1.334309e-23 6.856886e-24 2.019997e-23 
1.540000e+00 1.330337e-23 6.831038e-24 2.013440e-23 
1.542000e+00 1.326379e-23 6.810868e-24 2.007466e-23 
1.544000e+00 1.322642e-23 6.788454e-24 2.001487e-23 
1.546000e+00 1.318560e-23 6.767940e-24 1.995354e-23 
1.548000e+00 1.315004e-23 6.746105e-24 1.989614e-23 
1.550000e+00 1.310996e-23 6.724186e-24 1.983415e-23 
1.552000e+00 1.307374e-23 6.701667e-24 1.977541e-23 
1.554000e+00 1.303186e-23 6.682205e-24 1.971407e-23 
1.556000e+00 1.299661e-23 6.662019e-24 1.965863e-23 
1.558000e+00 1.296028e-23 6.641102e-24 1.960138e-23 
1.560000e+00 1.291853e-23 6.618040e-24 1.953657e-23 
1.562000e+00 1.288312e-23 6.599834e-24 1.948295e-23 
1.564000e+00 1.284070e-23 6.578636e-24 1.941934e-23 
1.566000e+00 1.280413e-23 6.556118e-24 1.936024e-23 
1.568000e+00 1.276614e-23 6.537745e-24 1.930388e-23 
1.570000e+00 1.273018e-23 6.514448e-24 1.924463e-23 
1.572000e+00 1.269452e-23 6.493061e-24 1.918758e-23 
1.574000e+00 1.265546e-23 6.474407e-24 1.912986e-23 
1.576000e+00 1.261989e-23 6.452485e-24 1.907238e-23 
1.578000e+00 1.257757e-23 6.434898e-24 1.901247e-23 
1.580000e+00 1.253800e-23 6.412004e-24 1.895000e-23 
1.582000e+00 1.250337e-23 6.390037e-24 1.889341e-23 
1.584000e+00 1.246499e-23 6.370166e-24 1.883516e-23 
1.586000e+00 1.242799e-23 6.348383e-24 1.877637e-23 
1.588000e+00 1.238966e-23 6.329955e-24 1.871962e-23 
1.590000e+00 1.235427e-23 6.310058e-24 1.866433e-23 
1.592000e+00 1.232045e-23 6.291985e-24 1.861243e-23 
1.594000e+00 1.228351e-23 6.273054e-24 1.855657e-23 
1.596000e+00 1.225014e-23 6.253060e-24 1.850320e-23 
1.598000e+00 1.221243e-23 6.235344e-24 1.844777e-23 
1.600000e+00 1.216615e-23 6.212415e-24 1.837856e-23 
1.602000e+00 1.212919e-23 6.194519e-24 1.832370e-23 
1.604000e+00 1.209062e-23 6.170814e-24 1.826143e-23 
1.606000e+00 1.205803e-23 6.150807e-24 1.820884e-23 
1.608000e+00 1.202565e-23 6.130646e-24 1.815630e-23 
1.610000e+00 1.198567e-23 6.112038e-24 1.809771e-23 
1.612000e+00 1.194793e-23 6.092443e-24 1.804038e-23 
1.614000e+00 1.191535e-23 6.075667e-24 1.799102e-23 
1.616000e+00 1.187490e-23 6.055298e-24 1.793020e-23 
1.618000e+00 1.183542e-23 6.034100e-24 1.786952e-23 
1.620000e+00 1.180141e-23 6.016380e-24 1.781779e-23 
1.622000e+00 1.176916e-23 5.995336e-24 1.776450e-23 
1.624000e+00 1.173034e-23 5.981212e-24 1.771155e-23 
1.626000e+00 1.169722e-23 5.961188e-24 1.765841e-23 
1.628000e+00 1.166272e-23 5.944561e-24 1.760728e-23 
1.630000e+00 1.162865e-23 5.926431e-24 1.755508e-23 
1.632000e+00 1.159630e-23 5.910449e-24 1.750675e-23 
1.634000e+00 1.155895e-23 5.891239e-24 1.745019e-23 
1.636000e+00 1.152124e-23 5.874262e-24 1.739550e-23 
1.638000e+00 1.148837e-23 5.855487e-24 1.734386e-23 
1.640000e+00 1.145278e-23 5.838992e-24 1.729177e-23 
1.642000e+00 1.141770e-23 5.820516e-24 1.723822e-23 
1.644000e+00 1.138330e-23 5.803642e-24 1.718694e-23 
1.646000e+00 1.134903e-23 5.782857e-24 1.713188e-23 
1.648000e+00 1.131490e-23 5.766569e-24 1.708147e-23 
1.650000e+00 1.127767e-23 5.747235e-24 1.702491e-23 
1.652000e+00 1.124009e-23 5.730386e-24 1.697048e-23 
1.654000e+00 1.120707e-23 5.714340e-24 1.692141e-23 
1.656000e+00 1.117202e-23 5.694564e-24 1.686658e-23 
1.658000e+00 1.113654e-23 5.678620e-24 1.681516e-23 
1.660000e+00 1.110726e-23 5.662517e-24 1.676978e-23 
1.662000e+00 1.107368e-23 5.641929e-24 1.671561e-23 
1.664000e+00 1.103513e-23 5.624840e-24 1.665997e-23 
1.666000e+00 1.100070e-23 5.607105e-24 1.660780e-23 
1.668000e+00 1.096520e-23 5.591212e-24 1.655641e-23 
1.670000e+00 1.096509e-23 5.591175e-24 1.655626e-23 
1.672000e+00 1.090162e-23 5.558774e-24 1.646039e-23 
1.674000e+00 1.086496e-23 5.542390e-24 1.640735e-23 
1.676000e+00 1.083397e-23 5.524957e-24 1.635893e-23 
1.678000e+00 1.079943e-23 5.509419e-24 1.630885e-23 
1.680000e+00 1.076314e-23 5.491184e-24 1.625432e-23 
1.682000e+00 1.073380e-23 5.475205e-24 1.620901e-23 
1.684000e+00 1.069764e-23 5.458712e-24 1.615635e-23 
1.686000e+00 1.066760e-23 5.443201e-24 1.611080e-23 
1.688000e+00 1.062942e-23 5.425275e-24 1.605470e-23 
1.690000e+00 1.059934e-23 5.408877e-24 1.600821e-23 
1.692000e+00 1.056488e-23 5.391217e-24 1.595610e-23 
1.694000e+00 1.053458e-23 5.374064e-24 1.590864e-23 
1.696000e+00 1.050440e-23 5.357307e-24 1.586171e-23 
1.698000e+00 1.046647e-23 5.340314e-24 1.580678e-23 
1.700000e+00 1.043727e-23 5.323536e-24 1.576080e-23 
1.702000e+00 1.039976e-23 5.307216e-24 1.570698e-23 
1.704000e+00 1.036896e-23 5.293741e-24 1.566270e-23 
1.706000e+00 1.033701e-23 5.277616e-24 1.561463e-23 
1.708000e+00 1.029977e-23 5.258733e-24 1.555850e-23 
1.710000e+00 1.027212e-23 5.246574e-24 1.551870e-23 
1.712000e+00 1.023951e-23 5.228647e-24 1.546816e-23 
1.714000e+00 1.020257e-23 5.211290e-24 1.541386e-23 
1.716000e+00 1.017197e-23 5.198866e-24 1.537084e-23 
1.718000e+00 1.008567e-23 5.154131e-24 1.523981e-23 
1.720000e+00 1.005500e-23 5.141673e-24 1.519667e-23 
1.722000e+00 1.002059e-23 5.124031e-24 1.514462e-23 
1.724000e+00 9.986767e-24 5.107172e-24 1.509394e-23 
1.726000e+00 9.956382e-24 5.094412e-24 1.505079e-23 
1.728000e+00 9.924158e-24 5.075332e-24 1.499949e-23 
1.730000e+00 9.892470e-24 5.062448e-24 1.495492e-23 
1.732000e+00 9.860524e-24 5.044895e-24 1.490542e-23 
1.734000e+00 9.828652e-24 5.027981e-24 1.485663e-23 
1.736000e+00 9.794199e-24 5.012799e-24 1.480700e-23 
1.738000e+00 9.764970e-24 4.996120e-24 1.476109e-23 
1.740000e+00 9.734513e-24 4.982716e-24 1.471723e-23 
1.742000e+00 9.697064e-24 4.969068e-24 1.466613e-23 
1.744000e+00 9.663919e-24 4.954666e-24 1.461859e-23 
1.746000e+00 9.632041e-24 4.941200e-24 1.457324e-23 
1.748000e+00 9.598919e-24 4.924237e-24 1.452316e-23 
1.750000e+00 9.568175e-24 4.909149e-24 1.447732e-23 
1.752000e+00 9.535219e-24 4.894503e-24 1.442972e-23 
1.754000e+00 9.502647e-24 4.881110e-24 1.438376e-23 
1.756000e+00 9.470759e-24 4.866219e-24 1.433698e-23 
1.758000e+00 9.439615e-24 4.853011e-24 1.429263e-23 
1.760000e+00 9.406876e-24 4.838788e-24 1.424566e-23 
1.762000e+00 9.373604e-24 4.824175e-24 1.419778e-23 
1.764000e+00 9.342062e-24 4.807317e-24 1.414938e-23 
1.766000e+00 9.309886e-24 4.792391e-24 1.410228e-23 
1.768000e+00 9.275418e-24 4.777887e-24 1.405331e-23 
1.770000e+00 9.245080e-24 4.764700e-24 1.400978e-23 
1.772000e+00 9.210168e-24 4.750877e-24 1.396104e-23 
1.774000e+00 9.178477e-24 4.736721e-24 1.391520e-23 
1.776000e+00 9.141333e-24 4.721494e-24 1.386283e-23 
1.778000e+00 9.110577e-24 4.708262e-24 1.381884e-23 
1.780000e+00 9.075068e-24 4.692836e-24 1.376790e-23 
1.782000e+00 9.043626e-24 4.677893e-24 1.372152e-23 
1.784000e+00 9.005314e-24 4.668318e-24 1.367363e-23 
1.786000e+00 8.972421e-24 4.655175e-24 1.362760e-23 
1.788000e+00 8.935421e-24 4.638717e-24 1.357414e-23 
1.790000e+00 8.903275e-24 4.624276e-24 1.352755e-23 
1.792000e+00 8.869410e-24 4.613435e-24 1.348285e-23 
1.794000e+00 8.831746e-24 4.598787e-24 1.343053e-23 
1.796000e+00 8.798193e-24 4.585910e-24 1.338410e-23 
1.798000e+00 8.766561e-24 4.570611e-24 1.333717e-23 
1.800000e+00 8.727818e-24 4.559667e-24 1.328748e-23 
1.802000e+00 8.688928e-24 4.544467e-24 1.323340e-23 
1.804000e+00 8.651845e-24 4.530132e-24 1.318198e-23 
1.806000e+00 8.614344e-24 4.519318e-24 1.313366e-23 
1.808000e+00 8.570283e-24 4.504843e-24 1.307513e-23 
1.810000e+00 8.533800e-24 4.489267e-24 1.302307e-23 
1.812000e+00 8.489229e-24 4.479474e-24 1.296870e-23 
1.814000e+00 8.451245e-24 4.465027e-24 1.291627e-23 
1.816000e+00 8.397135e-24 4.450875e-24 1.284801e-23 
1.818000e+00 8.351447e-24 4.438393e-24 1.278984e-23 
1.820000e+00 8.303874e-24 4.424234e-24 1.272811e-23 
1.822000e+00 8.250779e-24 4.413232e-24 1.266401e-23 
1.824000e+00 8.188303e-24 4.398338e-24 1.258664e-23 
1.826000e+00 8.119191e-24 4.386078e-24 1.250527e-23 
1.828000e+00 8.057963e-24 4.371590e-24 1.242955e-23 
1.830000e+00 7.994443e-24 4.360710e-24 1.235515e-23 
1.832000e+00 7.935482e-24 4.350046e-24 1.228553e-23 
1.834000e+00 7.882336e-24 4.334155e-24 1.221649e-23 
1.836000e+00 7.821429e-24 4.323304e-24 1.214473e-23 
1.838000e+00 7.773177e-24 4.308413e-24 1.208159e-23 
1.840000e+00 7.746280e-24 4.295726e-24 1.204201e-23 
1.842000e+00 7.727753e-24 4.286586e-24 1.201434e-23 
1.844000e+00 7.708303e-24 4.270905e-24 1.197921e-23 
1.846000e+00 7.688295e-24 4.258832e-24 1.194713e-23 
1.848000e+00 7.701357e-24 4.247233e-24 1.194859e-23 
1.850000e+00 7.716398e-24 4.232359e-24 1.194876e-23 
1.852000e+00 7.737050e-24 4.220898e-24 1.195795e-23 
1.854000e+00 7.748363e-24 4.209630e-24 1.195799e-23 
1.856000e+00 7.772173e-24 4.194950e-24 1.196712e-23 
1.858000e+00 7.792553e-24 4.183836e-24 1.197639e-23 
1.860000e+00 7.814767e-24 4.172811e-24 1.198758e-23 
1.862000e+00 7.837517e-24 4.156465e-24 1.199398e-23 
1.864000e+00 7.838712e-24 4.146716e-24 1.198543e-23 
1.866000e+00 7.839685e-24 4.134827e-24 1.197451e-23 
1.868000e+00 7.840252e-24 4.122797e-24 1.196305e-23 
1.870000e+00 7.839236e-24 4.110578e-24 1.194981e-23 
1.872000e+00 7.834668e-24 4.099522e-24 1.193419e-23 
1.874000e+00 7.824536e-24 4.088095e-24 1.191263e-23 
1.876000e+00 7.818355e-24 4.075515e-24 1.189387e-23 
1.878000e+00 7.814273e-24 4.064128e-24 1.187840e-23 
1.880000e+00 7.804987e-24 4.055495e-24 1.186048e-23 
1.882000e+00 7.800455e-24 4.044023e-24 1.184448e-23 
1.884000e+00 7.790544e-24 4.032813e-24 1.182336e-23 
1.886000e+00 7.780942e-24 4.020049e-24 1.180099e-23 
1.888000e+00 7.770405e-24 4.008513e-24 1.177892e-23 
1.890000e+00 7.755212e-24 3.997749e-24 1.175296e-23 
1.892000e+00 7.746842e-24 3.985318e-24 1.173216e-23 
1.894000e+00 7.735657e-24 3.973625e-24 1.170928e-23 
1.896000e+00 7.720563e-24 3.962323e-24 1.168289e-23 
1.898000e+00 7.710328e-24 3.951033e-24 1.166136e-23 
1.900000e+00 7.695036e-24 3.938966e-24 1.163400e-23 
1.902000e+00 7.680416e-24 3.926316e-24 1.160673e-23 
1.904000e+00 7.663781e-24 3.917941e-24 1.158172e-23 
1.906000e+00 7.651884e-24 3.906712e-24 1.155860e-23 
1.908000e+00 7.641400e-24 3.894716e-24 1.153612e-23 
1.910000e+00 7.625488e-24 3.882546e-24 1.150803e-23 
1.912000e+00 7.610841e-24 3.873149e-24 1.148399e-23 
1.914000e+00 7.595731e-24 3.861836e-24 1.145757e-23 
1.916000e+00 7.584162e-24 3.850192e-24 1.143435e-23 
1.918000e+00 7.569986e-24 3.838830e-24 1.140882e-23 
1.920000e+00 7.556431e-24 3.829647e-24 1.138608e-23 
1.922000e+00 7.539518e-24 3.818870e-24 1.135839e-23 
1.924000e+00 7.523511e-24 3.804404e-24 1.132791e-23 
1.926000e+00 7.508534e-24 3.797908e-24 1.130644e-23 
1.928000e+00 7.495253e-24 3.784970e-24 1.128022e-23 
1.930000e+00 7.477607e-24 3.774026e-24 1.125163e-23 
1.932000e+00 7.461762e-24 3.765236e-24 1.122700e-23 
1.934000e+00 7.447820e-24 3.753423e-24 1.120124e-23 
1.936000e+00 7.433068e-24 3.740268e-24 1.117334e-23 
1.938000e+00 7.416283e-24 3.731931e-24 1.114821e-23 
1.940000e+00 7.402351e-24 3.721200e-24 1.112355e-23 
1.942000e+00 7.385994e-24 3.708320e-24 1.109431e-23 
1.944000e+00 7.371114e-24 3.699863e-24 1.107098e-23 
1.946000e+00 7.356199e-24 3.686977e-24 1.104318e-23 
1.948000e+00 7.347014e-24 3.677576e-24 1.102459e-23 
1.950000e+00 7.330321e-24 3.670072e-24 1.100039e-23 
1.952000e+00 7.310314e-24 3.658264e-24 1.096858e-23 
1.954000e+00 7.295455e-24 3.649111e-24 1.094457e-23 
1.956000e+00 7.279396e-24 3.637471e-24 1.091687e-23 
1.958000e+00 7.267931e-24 3.628269e-24 1.089620e-23 
1.960000e+00 7.252727e-24 3.619264e-24 1.087199e-23 
1.962000e+00 7.237060e-24 3.606935e-24 1.084400e-23 
1.964000e+00 7.219706e-24 3.598811e-24 1.081852e-23 
1.966000e+00 7.205466e-24 3.589012e-24 1.079448e-23 
1.968000e+00 7.189366e-24 3.577360e-24 1.076673e-23 
1.970000e+00 7.171800e-24 3.569259e-24 1.074106e-23 
1.972000e+00 7.152471e-24 3.556036e-24 1.070851e-23 
1.974000e+00 7.136468e-24 3.546980e-24 1.068345e-23 
1.976000e+00 7.120997e-24 3.539061e-24 1.066006e-23 
1.978000e+00 7.104426e-24 3.525974e-24 1.063040e-23 
1.980000e+00 7.087850e-24 3.517422e-24 1.060527e-23 
1.982000e+00 7.072902e-24 3.508160e-24 1.058106e-23 
1.984000e+00 7.058031e-24 3.578993e-24 1.063702e-23 
1.986000e+00 7.041382e-24 3.486802e-24 1.052818e-23 
1.988000e+00 7.024983e-24 3.478269e-24 1.050325e-23 
1.990000e+00 7.009290e-24 3.464644e-24 1.047393e-23 
1.992000e+00 6.992318e-24 3.456965e-24 1.044928e-23 
1.994000e+00 6.975778e-24 3.448620e-24 1.042440e-23 
1.996000e+00 6.960201e-24 3.436613e-24 1.039681e-23 
1.998000e+00 6.944745e-24 3.427746e-24 1.037249e-23 
2.000000e+00 6.926255e-24 3.418499e-24 1.034475e-23 
2.002000e+00 6.911427e-24 3.410157e-24 1.032158e-23 
2.004000e+00 6.895174e-24 3.400002e-24 1.029518e-23 
2.006000e+00 6.880110e-24 3.390812e-24 1.027092e-23 
2.008000e+00 6.862462e-24 3.381229e-24 1.024369e-23 
2.010000e+00 6.846830e-24 3.372367e-24 1.021920e-23 
2.012000e+00 6.831684e-24 3.363833e-24 1.019552e-23 
2.014000e+00 6.815251e-24 3.354341e-24 1.016959e-23 
2.016000e+00 6.797921e-24 3.345290e-24 1.014321e-23 
2.018000e+00 6.781681e-24 3.336839e-24 1.011852e-23 
2.020000e+00 6.764708e-24 3.327978e-24 1.009269e-23 
2.022000e+00 6.749231e-24 3.318551e-24 1.006778e-23 
2.024000e+00 6.731444e-24 3.309137e-24 1.004058e-23 
2.026000e+00 6.714992e-24 3.299480e-24 1.001447e-23 
2.028000e+00 6.699287e-24 3.290965e-24 9.990253e-24 
2.030000e+00 6.682754e-24 3.282178e-24 9.964932e-24 
2.032000e+00 6.665839e-24 3.272573e-24 9.938412e-24 
2.034000e+00 6.655162e-24 3.263725e-24 9.918887e-24 
2.036000e+00 6.636312e-24 3.251002e-24 9.887314e-24 
2.038000e+00 6.620957e-24 3.242377e-24 9.863334e-24 
2.040000e+00 6.609061e-24 3.232656e-24 9.841717e-24 
2.042000e+00 6.592471e-24 3.222664e-24 9.815135e-24 
2.044000e+00 6.575569e-24 3.218197e-24 9.793766e-24 
2.046000e+00 6.558307e-24 3.208302e-24 9.766609e-24 
2.048000e+00 6.544441e-24 3.198882e-24 9.743323e-24 
2.050000e+00 6.526237e-24 3.189691e-24 9.715928e-24 
2.052000e+00 6.508445e-24 3.181689e-24 9.690134e-24 
2.054000e+00 6.497534e-24 3.171702e-24 9.669236e-24 
2.056000e+00 6.481419e-24 3.162221e-24 9.643640e-24 
2.058000e+00 6.465220e-24 3.156889e-24 9.622109e-24 
2.060000e+00 6.448263e-24 3.147301e-24 9.595564e-24 
2.062000e+00 6.431262e-24 3.138030e-24 9.569292e-24 
2.064000e+00 6.418012e-24 3.128412e-24 9.546424e-24 
2.066000e+00 6.402453e-24 3.119157e-24 9.521610e-24 
2.068000e+00 6.384451e-24 3.110115e-24 9.494565e-24 
2.070000e+00 6.374861e-24 3.102668e-24 9.477530e-24 
2.072000e+00 6.356530e-24 3.094034e-24 9.450564e-24 
2.074000e+00 6.342348e-24 3.085610e-24 9.427957e-24 
2.076000e+00 6.325886e-24 3.075764e-24 9.401650e-24 
2.078000e+00 6.309738e-24 3.067533e-24 9.377271e-24 
2.080000e+00 6.297670e-24 3.060670e-24 9.358340e-24 
2.082000e+00 6.280544e-24 3.051394e-24 9.331937e-24 
2.084000e+00 6.264593e-24 3.041902e-24 9.306495e-24 
2.086000e+00 6.247009e-24 3.032415e-24 9.279424e-24 
2.088000e+00 6.229646e-24 3.023817e-24 9.253463e-24 
2.090000e+00 6.217212e-24 3.016749e-24 9.233961e-24 
2.092000e+00 6.201159e-24 3.007703e-24 9.208862e-24 
2.094000e+00 6.189619e-24 3.002015e-24 9.191633e-24 
2.096000e+00 6.172585e-24 2.991498e-24 9.164083e-24 
2.098000e+00 6.159326e-24 2.985824e-24 9.145149e-24 
2.100000e+00 6.141192e-24 2.977029e-24 9.118221e-24 
2.102000e+00 6.130559e-24 2.971173e-24 9.101732e-24 
2.104000e+00 6.111373e-24 2.960859e-24 9.072232e-24 
2.106000e+00 6.095025e-24 2.955734e-24 9.050759e-24 
2.108000e+00 6.082814e-24 2.945641e-24 9.028456e-24 
2.110000e+00 6.065349e-24 2.939439e-24 9.004788e-24 
2.112000e+00 6.053544e-24 2.928442e-24 8.981986e-24 
2.114000e+00 6.036518e-24 2.923551e-24 8.960070e-24 
2.116000e+00 6.022968e-24 2.913904e-24 8.936873e-24 
2.118000e+00 6.006172e-24 2.909217e-24 8.915390e-24 
2.120000e+00 5.993586e-24 2.897907e-24 8.891494e-24 
2.122000e+00 5.974872e-24 2.892112e-24 8.866984e-24 
2.124000e+00 5.962588e-24 2.883006e-24 8.845594e-24 
2.126000e+00 5.946337e-24 2.877039e-24 8.823376e-24 
2.128000e+00 5.933575e-24 2.866899e-24 8.800475e-24 
2.130000e+00 5.915339e-24 2.861626e-24 8.776964e-24 
2.132000e+00 5.903850e-24 2.851640e-24 8.755489e-24 
2.134000e+00 5.887272e-24 2.844043e-24 8.731315e-24 
2.136000e+00 5.874135e-24 2.834921e-24 8.709056e-24 
2.138000e+00 5.860651e-24 2.829126e-24 8.689777e-24 
2.140000e+00 5.848170e-24 2.823837e-24 8.672008e-24 
2.142000e+00 5.831246e-24 2.813039e-24 8.644285e-24 
2.144000e+00 5.819414e-24 2.807099e-24 8.626513e-24 
2.146000e+00 5.805628e-24 2.801115e-24 8.606744e-24 
2.148000e+00 5.788435e-24 2.791089e-24 8.579525e-24 
2.150000e+00 5.776165e-24 2.785862e-24 8.562027e-24 
2.152000e+00 5.758056e-24 2.777568e-24 8.535624e-24 
2.154000e+00 5.744180e-24 2.769568e-24 8.513748e-24 
2.156000e+00 5.733414e-24 2.762548e-24 8.495962e-24 
2.158000e+00 5.714539e-24 2.756874e-24 8.471413e-24 
2.160000e+00 5.703193e-24 2.747488e-24 8.450681e-24 
2.162000e+00 5.690904e-24 2.740450e-24 8.431355e-24 
2.164000e+00 5.675463e-24 2.733635e-24 8.409098e-24 
2.166000e+00 5.663009e-24 2.728087e-24 8.391096e-24 
2.168000e+00 5.647268e-24 2.718410e-24 8.365678e-24 
2.170000e+00 5.633987e-24 2.711992e-24 8.345979e-24 
2.172000e+00 5.620759e-24 2.704304e-24 8.325063e-24 
2.174000e+00 5.607669e-24 2.695205e-24 8.302874e-24 
2.176000e+00 5.595818e-24 2.688930e-24 8.284748e-24 
2.178000e+00 5.576436e-24 2.682667e-24 8.259103e-24 
2.180000e+00 5.563831e-24 2.676443e-24 8.240274e-24 
2.182000e+00 5.551536e-24 2.667356e-24 8.218892e-24 
2.184000e+00 5.539114e-24 2.660522e-24 8.199636e-24 
2.186000e+00 5.525312e-24 2.653489e-24 8.178801e-24 
2.188000e+00 5.512473e-24 2.646093e-24 8.158566e-24 
2.190000e+00 5.494777e-24 2.637725e-24 8.132502e-24 
2.192000e+00 5.482480e-24 2.631184e-24 8.113664e-24 
2.194000e+00 5.469983e-24 2.624719e-24 8.094701e-24 
2.196000e+00 5.455594e-24 2.618525e-24 8.074118e-24 
2.198000e+00 5.444627e-24 2.611137e-24 8.055764e-24 
2.200000e+00 5.430191e-24 2.605908e-24 8.036098e-24 
2.202000e+00 5.417936e-24 2.599529e-24 8.017465e-24 
2.204000e+00 5.400298e-24 2.592930e-24 7.993228e-24 
2.206000e+00 5.386282e-24 2.585996e-24 7.972278e-24 
2.208000e+00 5.374094e-24 2.576942e-24 7.951036e-24 
2.210000e+00 5.360382e-24 2.570888e-24 7.931269e-24 
2.212000e+00 5.347236e-24 2.562581e-24 7.909816e-24 
2.214000e+00 5.334721e-24 2.556899e-24 7.891619e-24 
2.216000e+00 5.322857e-24 2.550180e-24 7.873037e-24 
2.218000e+00 5.307923e-24 2.543012e-24 7.850935e-24 
2.220000e+00 5.294887e-24 2.537523e-24 7.832410e-24 
2.222000e+00 5.281501e-24 2.531171e-24 7.812672e-24 
2.224000e+00 5.268911e-24 2.524453e-24 7.793363e-24 
2.226000e+00 5.253944e-24 2.517977e-24 7.771920e-24 
2.228000e+00 5.242061e-24 2.508360e-24 7.750421e-24 
2.230000e+00 5.228864e-24 2.501567e-24 7.730431e-24 
2.232000e+00 5.215700e-24 2.494377e-24 7.710076e-24 
2.234000e+00 5.203037e-24 2.488524e-24 7.691561e-24 
2.236000e+00 5.194849e-24 2.481837e-24 7.676686e-24 
2.238000e+00 5.181266e-24 2.475107e-24 7.656373e-24 
2.240000e+00 5.166842e-24 2.469231e-24 7.636073e-24 
2.242000e+00 5.154331e-24 2.462025e-24 7.616357e-24 
2.244000e+00 5.140355e-24 2.455956e-24 7.596310e-24 
2.246000e+00 5.129290e-24 2.449154e-24 7.578444e-24 
2.248000e+00 5.115077e-24 2.443366e-24 7.558442e-24 
2.250000e+00 5.101668e-24 2.436265e-24 7.537934e-24 
2.252000e+00 5.087481e-24 2.428869e-24 7.516350e-24 
2.254000e+00 5.074685e-24 2.425116e-24 7.499800e-24 
2.256000e+00 5.061646e-24 2.420227e-24 7.481873e-24 
2.258000e+00 5.048345e-24 2.413118e-24 7.461463e-24 
2.260000e+00 5.036164e-24 2.405931e-24 7.442095e-24 
2.262000e+00 5.025467e-24 2.399231e-24 7.424698e-24 
2.264000e+00 5.011502e-24 2.393329e-24 7.404830e-24 
2.266000e+00 5.000651e-24 2.387156e-24 7.387807e-24 
2.268000e+00 4.985634e-24 2.380417e-24 7.366051e-24 
2.270000e+00 4.972388e-24 2.372506e-24 7.344894e-24 
2.272000e+00 4.961818e-24 2.366583e-24 7.328401e-24 
2.274000e+00 4.952158e-24 2.359046e-24 7.311204e-24 
2.276000e+00 4.937573e-24 2.352814e-24 7.290387e-24 
2.278000e+00 4.924263e-24 2.349052e-24 7.273315e-24 
2.280000e+00 4.911401e-24 2.343665e-24 7.255065e-24 
2.282000e+00 4.900966e-24 2.336210e-24 7.237177e-24 
2.284000e+00 4.888767e-24 2.329469e-24 7.218236e-24 
2.286000e+00 4.878701e-24 2.323470e-24 7.202170e-24 
2.288000e+00 4.864570e-24 2.316581e-24 7.181151e-24 
2.290000e+00 4.853120e-24 2.309618e-24 7.162737e-24 
2.292000e+00 4.843569e-24 2.303605e-24 7.147174e-24 
2.294000e+00 4.830647e-24 2.299255e-24 7.129902e-24 
2.296000e+00 4.816266e-24 2.291855e-24 7.108121e-24 
2.298000e+00 4.803342e-24 2.286251e-24 7.089593e-24 
2.300000e+00 4.794021e-24 2.283200e-24 7.077222e-24 
2.302000e+00 4.780671e-24 2.276270e-24 7.056941e-24 
2.304000e+00 4.767479e-24 2.269613e-24 7.037092e-24 
2.306000e+00 4.760301e-24 2.263198e-24 7.023499e-24 
2.308000e+00 4.746391e-24 2.258604e-24 7.004995e-24 
2.310000e+00 4.736771e-24 2.251635e-24 6.988406e-24 
2.312000e+00 4.724697e-24 2.245461e-24 6.970158e-24 
2.314000e+00 4.714138e-24 2.241882e-24 6.956020e-24 
2.316000e+00 4.700560e-24 2.235680e-24 6.936240e-24 
2.318000e+00 4.691575e-24 2.228756e-24 6.920332e-24 
2.320000e+00 4.677903e-24 2.221209e-24 6.899112e-24 
2.322000e+00 4.664213e-24 2.217783e-24 6.881997e-24 
2.324000e+00 4.655515e-24 2.211810e-24 6.867325e-24 
2.326000e+00 4.642920e-24 2.204197e-24 6.847116e-24 
2.328000e+00 4.628227e-24 2.202064e-24 6.830291e-24 
2.330000e+00 4.620947e-24 2.194762e-24 6.815709e-24 
2.332000e+00 4.605771e-24 2.187372e-24 6.793144e-24 
2.334000e+00 4.591591e-24 2.184177e-24 6.775768e-24 
2.336000e+00 4.583308e-24 2.177729e-24 6.761037e-24 
2.338000e+00 4.571654e-24 2.170422e-24 6.742077e-24 
2.340000e+00 4.560156e-24 2.167396e-24 6.727552e-24 
2.342000e+00 4.551559e-24 2.160193e-24 6.711752e-24 
2.344000e+00 4.538621e-24 2.153386e-24 6.692007e-24 
2.346000e+00 4.530084e-24 2.149490e-24 6.679574e-24 
2.348000e+00 4.520009e-24 2.144392e-24 6.664401e-24 
2.350000e+00 4.508922e-24 2.139787e-24 6.648709e-24 
2.352000e+00 4.497875e-24 2.132456e-24 6.630331e-24 
2.354000e+00 4.488418e-24 2.129612e-24 6.618029e-24 
2.356000e+00 4.475298e-24 2.122353e-24 6.597651e-24 
2.358000e+00 4.466786e-24 2.117952e-24 6.584738e-24 
2.360000e+00 4.451924e-24 2.111518e-24 6.563442e-24 
2.362000e+00 4.441791e-24 2.107218e-24 6.549009e-24 
2.364000e+00 4.429727e-24 2.101315e-24 6.531042e-24 
2.366000e+00 4.421245e-24 2.096498e-24 6.517743e-24 
2.368000e+00 4.406232e-24 2.090862e-24 6.497094e-24 
2.370000e+00 4.397780e-24 2.084848e-24 6.482628e-24 
2.372000e+00 4.383015e-24 2.080101e-24 6.463116e-24 
2.374000e+00 4.374002e-24 2.075980e-24 6.449982e-24 
2.376000e+00 4.366062e-24 2.068866e-24 6.434928e-24 
2.378000e+00 4.355892e-24 2.065396e-24 6.421288e-24 
2.380000e+00 4.342792e-24 2.059340e-24 6.402132e-24 
2.382000e+00 4.334110e-24 2.056029e-24 6.390139e-24 
2.384000e+00 4.323112e-24 2.047991e-24 6.371103e-24 
2.386000e+00 4.310771e-24 2.044711e-24 6.355482e-24 
2.388000e+00 4.300248e-24 2.037499e-24 6.337748e-24 
2.390000e+00 4.288581e-24 2.034981e-24 6.323562e-24 
2.392000e+00 4.278946e-24 2.026537e-24 6.305483e-24 
2.394000e+00 4.268276e-24 2.023480e-24 6.291755e-24 
2.396000e+00 4.255369e-24 2.016681e-24 6.272050e-24 
2.398000e+00 4.246958e-24 2.012824e-24 6.259782e-24 
2.400000e+00 4.237565e-24 2.008606e-24 6.246170e-24 
2.402000e+00 4.226609e-24 2.001539e-24 6.228148e-24 
2.404000e+00 4.218964e-24 1.998531e-24 6.217495e-24 
2.406000e+00 4.204427e-24 1.991713e-24 6.196141e-24 
2.408000e+00 4.194453e-24 1.987263e-24 6.181716e-24 
2.410000e+00 4.187173e-24 1.983587e-24 6.170760e-24 
2.412000e+00 4.176917e-24 1.976502e-24 6.153419e-24 
2.414000e+00 4.166772e-24 1.973305e-24 6.140077e-24 
2.416000e+00 4.153073e-24 1.968536e-24 6.121609e-24 
2.418000e+00 4.145292e-24 1.961775e-24 6.107068e-24 
2.420000e+00 4.135561e-24 1.959174e-24 6.094735e-24 
2.422000e+00 4.124544e-24 1.952246e-24 6.076790e-24 
2.424000e+00 4.116751e-24 1.948377e-24 6.065128e-24 
2.426000e+00 4.103296e-24 1.944349e-24 6.047645e-24 
2.428000e+00 4.093354e-24 1.937615e-24 6.030968e-24 
2.430000e+00 4.085383e-24 1.933288e-24 6.018671e-24 
2.432000e+00 4.075550e-24 1.930532e-24 6.006083e-24 
2.434000e+00 4.064677e-24 1.922456e-24 5.987133e-24 
2.436000e+00 4.056576e-24 1.919237e-24 5.975813e-24 
2.438000e+00 4.046141e-24 1.914995e-24 5.961136e-24 
2.440000e+00 4.036638e-24 1.908519e-24 5.945157e-24 
2.442000e+00 4.072757e-24 1.925526e-24 5.998283e-24 
2.444000e+00 4.019454e-24 1.900205e-24 5.919659e-24 
2.446000e+00 4.010187e-24 1.894454e-24 5.904641e-24 
2.448000e+00 3.995653e-24 1.890089e-24 5.885742e-24 
2.450000e+00 3.986196e-24 1.886026e-24 5.872222e-24 
2.452000e+00 3.977183e-24 1.879548e-24 5.856731e-24 
2.454000e+00 3.967496e-24 1.876377e-24 5.843873e-24 
2.456000e+00 3.951150e-24 1.868497e-24 5.819647e-24 
2.458000e+00 3.941959e-24 1.861729e-24 5.803688e-24 
2.460000e+00 3.931078e-24 1.856871e-24 5.787949e-24 
2.462000e+00 3.921343e-24 1.854049e-24 5.775392e-24 
2.464000e+00 3.912581e-24 1.849728e-24 5.762309e-24 
2.466000e+00 3.902896e-24 1.843213e-24 5.746109e-24 
2.468000e+00 3.895156e-24 1.839627e-24 5.734783e-24 
2.470000e+00 3.883416e-24 1.834589e-24 5.718006e-24 
2.472000e+00 3.874844e-24 1.831493e-24 5.706338e-24 
2.474000e+00 3.865024e-24 1.827168e-24 5.692193e-24 
2.476000e+00 3.853022e-24 1.821171e-24 5.674193e-24 
2.478000e+00 3.842897e-24 1.817055e-24 5.659952e-24 
2.480000e+00 3.833611e-24 1.812794e-24 5.646405e-24 
2.482000e+00 3.824311e-24 1.809079e-24 5.633391e-24 
2.484000e+00 3.814971e-24 1.805250e-24 5.620221e-24 
2.486000e+00 3.809161e-24 1.797623e-24 5.606785e-24 
2.488000e+00 3.799508e-24 1.794276e-24 5.593784e-24 
2.490000e+00 3.789792e-24 1.790095e-24 5.579887e-24 
2.492000e+00 3.779914e-24 1.785974e-24 5.565887e-24 
2.494000e+00 3.771587e-24 1.782022e-24 5.553610e-24 
2.496000e+00 3.761272e-24 1.776312e-24 5.537585e-24 
2.498000e+00 3.752632e-24 1.771209e-24 5.523841e-24 
2.500000e+00 3.742294e-24 1.767908e-24 5.510201e-24 
2.502000e+00 3.733605e-24 1.764005e-24 5.497609e-24 
2.504000e+00 3.723848e-24 1.760153e-24 5.484001e-24 
2.506000e+00 3.713994e-24 1.753363e-24 5.467358e-24 
2.508000e+00 3.708754e-24 1.749608e-24 5.458362e-24 
2.510000e+00 3.700144e-24 1.745355e-24 5.445499e-24 
2.512000e+00 3.690526e-24 1.741668e-24 5.432194e-24 
2.514000e+00 3.679489e-24 1.736902e-24 5.416391e-24 
2.516000e+00 3.670688e-24 1.733787e-24 5.404475e-24 
2.518000e+00 3.661482e-24 1.729037e-24 5.390520e-24 
2.520000e+00 3.652943e-24 1.725977e-24 5.378919e-24 
2.522000e+00 3.643691e-24 1.720824e-24 5.364514e-24 
2.524000e+00 3.637868e-24 1.714782e-24 5.352650e-24 
2.526000e+00 3.629383e-24 1.711113e-24 5.340496e-24 
2.528000e+00 3.618777e-24 1.706782e-24 5.325559e-24 
2.530000e+00 3.610223e-24 1.703481e-24 5.313705e-24 
2.532000e+00 3.604573e-24 1.699060e-24 5.303632e-24 
2.534000e+00 3.594332e-24 1.694655e-24 5.288988e-24 
2.536000e+00 3.586135e-24 1.691012e-24 5.277147e-24 
2.538000e+00 3.575957e-24 1.687050e-24 5.263006e-24 
2.540000e+00 3.565900e-24 1.683525e-24 5.249424e-24 
2.542000e+00 3.555804e-24 1.678465e-24 5.234269e-24 
2.544000e+00 3.551802e-24 1.675069e-24 5.226871e-24 
2.546000e+00 3.541980e-24 1.670675e-24 5.212655e-24 
2.548000e+00 3.531983e-24 1.667000e-24 5.198983e-24 
2.550000e+00 3.526851e-24 1.663245e-24 5.190096e-24 
2.552000e+00 3.517539e-24 1.659429e-24 5.176968e-24 
2.554000e+00 3.508989e-24 1.655179e-24 5.164168e-24 
2.556000e+00 3.503045e-24 1.651811e-24 5.154856e-24 
2.558000e+00 3.492517e-24 1.647335e-24 5.139852e-24 
2.560000e+00 3.482533e-24 1.642687e-24 5.125220e-24 
2.562000e+00 3.478382e-24 1.639398e-24 5.117781e-24 
2.564000e+00 3.469314e-24 1.632785e-24 5.102099e-24 
2.566000e+00 3.459176e-24 1.628988e-24 5.088164e-24 
2.568000e+00 3.450760e-24 1.625011e-24 5.075771e-24 
2.570000e+00 3.444025e-24 1.620881e-24 5.064906e-24 
2.572000e+00 3.434262e-24 1.617487e-24 5.051749e-24 
2.574000e+00 3.424453e-24 1.615189e-24 5.039642e-24 
2.576000e+00 3.416441e-24 1.610721e-24 5.027162e-24 
2.578000e+00 3.406552e-24 1.607788e-24 5.014341e-24 
2.580000e+00 3.400652e-24 1.603454e-24 5.004106e-24 
2.582000e+00 3.391526e-24 1.598925e-24 4.990451e-24 
2.584000e+00 3.381121e-24 1.595688e-24 4.976808e-24 
2.586000e+00 3.376418e-24 1.591066e-24 4.967484e-24 
2.588000e+00 3.366744e-24 1.586867e-24 4.953611e-24 
2.590000e+00 3.357479e-24 1.583228e-24 4.940707e-24 
2.592000e+00 3.351843e-24 1.580181e-24 4.932024e-24 
2.594000e+00 3.342385e-24 1.575601e-24 4.917986e-24 
2.596000e+00 3.337495e-24 1.571775e-24 4.909269e-24 
2.598000e+00 3.327536e-24 1.570995e-24 4.898531e-24 
2.600000e+00 3.317928e-24 1.565856e-24 4.883783e-24 
2.602000e+00 3.311999e-24 1.561961e-24 4.873960e-24 
2.604000e+00 3.304687e-24 1.558265e-24 4.862952e-24 
2.606000e+00 3.297110e-24 1.554295e-24 4.851406e-24 
2.608000e+00 3.287705e-24 1.550032e-24 4.837737e-24 
2.610000e+00 3.282289e-24 1.545969e-24 4.828258e-24 
2.612000e+00 3.276418e-24 1.541783e-24 4.818201e-24 
2.614000e+00 3.267612e-24 1.537708e-24 4.805320e-24 
2.616000e+00 3.257617e-24 1.533720e-24 4.791337e-24 
2.618000e+00 3.252226e-24 1.531860e-24 4.784086e-24 
2.620000e+00 3.243868e-24 1.528919e-24 4.772787e-24 
2.622000e+00 3.238254e-24 1.525220e-24 4.763474e-24 
2.624000e+00 3.227781e-24 1.520683e-24 4.748464e-24 
2.626000e+00 3.219234e-24 1.516700e-24 4.735934e-24 
2.628000e+00 3.212819e-24 1.512841e-24 4.725660e-24 
2.630000e+00 3.203268e-24 1.508657e-24 4.711925e-24 
2.632000e+00 3.198308e-24 1.504310e-24 4.702618e-24 
2.634000e+00 3.188547e-24 1.503422e-24 4.691969e-24 
2.636000e+00 3.178922e-24 1.499656e-24 4.678578e-24 
2.638000e+00 3.174573e-24 1.495741e-24 4.670314e-24 
2.640000e+00 3.166927e-24 1.491715e-24 4.658642e-24 
2.642000e+00 3.158051e-24 1.488273e-24 4.646324e-24 
2.644000e+00 3.153313e-24 1.485875e-24 4.639188e-24 
2.646000e+00 3.143528e-24 1.482247e-24 4.625776e-24 
2.648000e+00 3.137199e-24 1.477212e-24 4.614411e-24 
2.650000e+00 3.132780e-24 1.474091e-24 4.606872e-24 
2.652000e+00 3.122914e-24 1.470431e-24 4.593345e-24 
2.654000e+00 3.118032e-24 1.468438e-24 4.586470e-24 
2.656000e+00 3.108302e-24 1.464998e-24 4.573301e-24 
2.658000e+00 3.102035e-24 1.460386e-24 4.562421e-24 
2.660000e+00 3.092046e-24 1.455919e-24 4.547965e-24 
2.662000e+00 3.087047e-24 1.452410e-24 4.539456e-24 
2.664000e+00 3.078392e-24 1.451824e-24 4.530216e-24 
2.666000e+00 3.073033e-24 1.446698e-24 4.519731e-24 
2.668000e+00 3.063850e-24 1.443409e-24 4.507259e-24 
2.670000e+00 3.058211e-24 1.439699e-24 4.497910e-24 
2.672000e+00 3.049107e-24 1.435388e-24 4.484495e-24 
2.674000e+00 3.042671e-24 1.434059e-24 4.476730e-24 
2.676000e+00 3.032653e-24 1.430141e-24 4.462793e-24 
2.678000e+00 3.028592e-24 1.426011e-24 4.454603e-24 
2.680000e+00 3.021583e-24 1.420935e-24 4.442518e-24 
2.682000e+00 3.011711e-24 1.418155e-24 4.429866e-24 
2.684000e+00 3.006808e-24 1.415892e-24 4.422700e-24 
2.686000e+00 3.000694e-24 1.413556e-24 4.414250e-24 
2.688000e+00 2.991012e-24 1.408730e-24 4.399741e-24 
2.690000e+00 2.986648e-24 1.404905e-24 4.391552e-24 
2.692000e+00 2.976799e-24 1.402708e-24 4.379507e-24 
2.694000e+00 2.971232e-24 1.398903e-24 4.370135e-24 
2.696000e+00 2.965691e-24 1.395540e-24 4.361231e-24 
2.698000e+00 2.956842e-24 1.393791e-24 4.350633e-24 
2.700000e+00 2.950149e-24 1.389472e-24 4.339621e-24 
2.702000e+00 2.944075e-24 1.385588e-24 4.329662e-24 
2.704000e+00 2.935881e-24 1.384438e-24 4.320319e-24 
2.706000e+00 2.929608e-24 1.379843e-24 4.309451e-24 
2.708000e+00 2.924396e-24 1.376673e-24 4.301069e-24 
2.710000e+00 2.918754e-24 1.374764e-24 4.293518e-24 
2.712000e+00 2.910406e-24 1.370913e-24 4.281319e-24 
2.714000e+00 2.903516e-24 1.367298e-24 4.270814e-24 
2.716000e+00 2.898138e-24 1.365891e-24 4.264028e-24 
2.718000e+00 2.892253e-24 1.361668e-24 4.253922e-24 
2.720000e+00 2.886710e-24 1.357137e-24 4.243847e-24 
2.722000e+00 2.877978e-24 1.355831e-24 4.233809e-24 
2.724000e+00 2.872929e-24 1.352234e-24 4.225163e-24 
2.726000e+00 2.867013e-24 1.348407e-24 4.215420e-24 
2.728000e+00 2.857566e-24 1.346067e-24 4.203633e-24 
2.730000e+00 2.851585e-24 1.342373e-24 4.193958e-24 
2.732000e+00 2.845883e-24 1.338184e-24 4.184067e-24 
2.734000e+00 2.840235e-24 1.336935e-24 4.177170e-24 
2.736000e+00 2.831218e-24 1.333724e-24 4.164941e-24 
2.738000e+00 2.824778e-24 1.329521e-24 4.154299e-24 
2.740000e+00 2.819667e-24 1.327640e-24 4.147307e-24 
2.742000e+00 2.814570e-24 1.323658e-24 4.138227e-24 
2.744000e+00 2.808407e-24 1.320116e-24 4.128523e-24 
2.746000e+00 2.799181e-24 1.318521e-24 4.117702e-24 
2.748000e+00 2.793410e-24 1.314393e-24 4.107803e-24 
2.750000e+00 2.788352e-24 1.310191e-24 4.098543e-24 
2.752000e+00 2.779268e-24 1.308388e-24 4.087657e-24 
2.754000e+00 2.772573e-24 1.304683e-24 4.077256e-24 
2.756000e+00 2.766647e-24 1.303704e-24 4.070351e-24 
2.758000e+00 2.761913e-24 1.299939e-24 4.061852e-24 
2.760000e+00 2.756569e-24 1.295321e-24 4.051890e-24 
2.762000e+00 2.746817e-24 1.293789e-24 4.040606e-24 
2.764000e+00 2.741046e-24 1.290875e-24 4.031921e-24 
2.766000e+00 2.734954e-24 1.287643e-24 4.022598e-24 
2.768000e+00 2.730294e-24 1.284540e-24 4.014834e-24 
2.770000e+00 2.723642e-24 1.282519e-24 4.006161e-24 
2.772000e+00 2.718578e-24 1.279469e-24 3.998047e-24 
2.774000e+00 2.711939e-24 1.274675e-24 3.986614e-24 
2.776000e+00 2.702858e-24 1.273891e-24 3.976749e-24 
2.778000e+00 2.697997e-24 1.269481e-24 3.967477e-24 
2.780000e+00 2.692977e-24 1.267985e-24 3.960962e-24 
2.782000e+00 2.687496e-24 1.263551e-24 3.951047e-24 
2.784000e+00 2.681265e-24 1.263363e-24 3.944629e-24 
2.786000e+00 2.675484e-24 1.258873e-24 3.934356e-24 
2.788000e+00 2.669007e-24 1.257384e-24 3.926390e-24 
2.790000e+00 2.663912e-24 1.253524e-24 3.917436e-24 
2.792000e+00 2.655189e-24 1.248741e-24 3.903930e-24 
2.794000e+00 2.650392e-24 1.247337e-24 3.897729e-24 
2.796000e+00 2.643532e-24 1.244078e-24 3.887610e-24 
2.798000e+00 2.638275e-24 1.243126e-24 3.881401e-24 
2.800000e+00 2.631936e-24 1.238156e-24 3.870092e-24 
2.802000e+00 2.627110e-24 1.237273e-24 3.864384e-24 
2.804000e+00 2.621212e-24 1.233154e-24 3.854365e-24 
2.806000e+00 2.609759e-24 1.228834e-24 3.838593e-24 
2.808000e+00 2.604501e-24 1.224677e-24 3.829178e-24 
2.810000e+00 2.594261e-24 1.220154e-24 3.814415e-24 
2.812000e+00 2.590415e-24 1.219390e-24 3.809806e-24 
2.814000e+00 2.583718e-24 1.215013e-24 3.798730e-24 
2.816000e+00 2.578800e-24 1.214362e-24 3.793162e-24 
2.818000e+00 2.572055e-24 1.209654e-24 3.781709e-24 
2.820000e+00 2.567683e-24 1.207684e-24 3.775366e-24 
2.822000e+00 2.561531e-24 1.204918e-24 3.766450e-24 
2.824000e+00 2.555749e-24 1.202903e-24 3.758652e-24 
2.826000e+00 2.551524e-24 1.199721e-24 3.751245e-24 
2.828000e+00 2.543798e-24 1.198182e-24 3.741981e-24 
2.830000e+00 2.535653e-24 1.194382e-24 3.730036e-24 
2.832000e+00 2.529830e-24 1.192240e-24 3.722070e-24 
2.834000e+00 2.524784e-24 1.188598e-24 3.713382e-24 
2.836000e+00 2.518919e-24 1.186741e-24 3.705660e-24 
2.838000e+00 2.513915e-24 1.184984e-24 3.698898e-24 
2.840000e+00 2.506925e-24 1.181081e-24 3.688006e-24 
2.842000e+00 2.502486e-24 1.180228e-24 3.682714e-24 
2.844000e+00 2.496378e-24 1.175827e-24 3.672205e-24 
2.846000e+00 2.491017e-24 1.174217e-24 3.665234e-24 
2.848000e+00 2.486109e-24 1.170466e-24 3.656575e-24 
2.850000e+00 2.479684e-24 1.168982e-24 3.648666e-24 
2.852000e+00 2.477747e-24 1.165208e-24 3.642955e-24 
2.854000e+00 2.467853e-24 1.163226e-24 3.631078e-24 
2.856000e+00 2.462465e-24 1.159461e-24 3.621926e-24 
2.858000e+00 2.457221e-24 1.157916e-24 3.615137e-24 
2.860000e+00 2.451602e-24 1.153981e-24 3.605583e-24 
2.862000e+00 2.446398e-24 1.152533e-24 3.598931e-24 
2.864000e+00 2.438789e-24 1.151191e-24 3.589980e-24 
2.866000e+00 2.434209e-24 1.147199e-24 3.581408e-24 
2.868000e+00 2.428507e-24 1.145001e-24 3.573508e-24 
2.870000e+00 2.423644e-24 1.141164e-24 3.564808e-24 
2.872000e+00 2.417324e-24 1.140208e-24 3.557531e-24 
2.874000e+00 2.415111e-24 1.135974e-24 3.551085e-24 
2.876000e+00 2.409205e-24 1.133821e-24 3.543025e-24 
2.878000e+00 2.403912e-24 1.130761e-24 3.534673e-24 
2.880000e+00 2.398413e-24 1.129006e-24 3.527419e-24 
2.882000e+00 2.393912e-24 1.124954e-24 3.518866e-24 
2.884000e+00 2.387343e-24 1.123365e-24 3.510708e-24 
2.886000e+00 2.382277e-24 1.122179e-24 3.504456e-24 
2.888000e+00 2.377217e-24 1.118312e-24 3.495529e-24 
2.890000e+00 2.369517e-24 1.117296e-24 3.486812e-24 
2.892000e+00 2.365960e-24 1.115182e-24 3.481142e-24 
2.894000e+00 2.362837e-24 1.110872e-24 3.473709e-24 
2.896000e+00 2.358443e-24 1.109727e-24 3.468170e-24 
2.898000e+00 2.351806e-24 1.108322e-24 3.460128e-24 
2.900000e+00 2.346856e-24 1.103841e-24 3.450698e-24 
2.902000e+00 2.340601e-24 1.103146e-24 3.443747e-24 
2.904000e+00 2.335197e-24 1.101173e-24 3.436370e-24 
2.906000e+00 2.329968e-24 1.097713e-24 3.427681e-24 
2.908000e+00 2.324055e-24 1.095451e-24 3.419505e-24 
2.910000e+00 2.320612e-24 1.091797e-24 3.412409e-24 
2.912000e+00 2.316530e-24 1.090210e-24 3.406739e-24 
2.914000e+00 2.311084e-24 1.088480e-24 3.399564e-24 
2.916000e+00 2.305517e-24 1.085002e-24 3.390518e-24 
2.918000e+00 2.300924e-24 1.083098e-24 3.384022e-24 
2.920000e+00 2.295050e-24 1.081924e-24 3.376974e-24 
2.922000e+00 2.287560e-24 1.077653e-24 3.365213e-24 
2.924000e+00 2.283534e-24 1.076066e-24 3.359600e-24 
2.926000e+00 2.280214e-24 1.074337e-24 3.354551e-24 
2.928000e+00 2.275861e-24 1.070860e-24 3.346721e-24 
2.930000e+00 2.268905e-24 1.068972e-24 3.337876e-24 
2.932000e+00 2.264955e-24 1.067616e-24 3.332570e-24 
2.934000e+00 2.258976e-24 1.063412e-24 3.322389e-24 
2.936000e+00 2.254935e-24 1.061785e-24 3.316720e-24 
2.938000e+00 2.248069e-24 1.060351e-24 3.308420e-24 
2.940000e+00 2.246812e-24 1.056240e-24 3.303052e-24 
2.942000e+00 2.238304e-24 1.054772e-24 3.293076e-24 
2.944000e+00 2.235015e-24 1.054484e-24 3.289500e-24 
2.946000e+00 2.228340e-24 1.049542e-24 3.277883e-24 
2.948000e+00 2.222781e-24 1.048726e-24 3.271507e-24 
2.950000e+00 2.218672e-24 1.046581e-24 3.265253e-24 
2.952000e+00 2.213209e-24 1.042572e-24 3.255780e-24 
2.954000e+00 2.210775e-24 1.041809e-24 3.252583e-24 
2.956000e+00 2.205278e-24 1.039890e-24 3.245168e-24 
2.958000e+00 2.199672e-24 1.038309e-24 3.237981e-24 
2.960000e+00 2.193946e-24 1.034435e-24 3.228381e-24 
2.962000e+00 2.192356e-24 1.032241e-24 3.224597e-24 
2.964000e+00 2.185427e-24 1.031171e-24 3.216598e-24 
2.966000e+00 2.181231e-24 1.027438e-24 3.208668e-24 
2.968000e+00 2.178770e-24 1.026416e-24 3.205185e-24 
2.970000e+00 2.172801e-24 1.024786e-24 3.197587e-24 
2.972000e+00 2.167610e-24 1.022794e-24 3.190404e-24 
2.974000e+00 2.160749e-24 1.018804e-24 3.179553e-24 
2.976000e+00 2.156504e-24 1.016863e-24 3.173367e-24 
2.978000e+00 2.154275e-24 1.015456e-24 3.169731e-24 
2.980000e+00 2.148252e-24 1.012406e-24 3.160658e-24 
2.982000e+00 2.141408e-24 1.010531e-24 3.151939e-24 
2.984000e+00 2.137500e-24 1.008132e-24 3.145631e-24 
2.986000e+00 2.135132e-24 1.007246e-24 3.142378e-24 
2.988000e+00 2.130241e-24 1.003433e-24 3.133674e-24 
2.990000e+00 2.124140e-24 1.002425e-24 3.126564e-24 
2.992000e+00 2.120831e-24 9.998622e-25 3.120693e-24 
2.994000e+00 2.117315e-24 9.967905e-25 3.114105e-24 
2.996000e+00 2.111128e-24 9.949066e-25 3.106035e-24 
2.998000e+00 2.105821e-24 9.926026e-25 3.098423e-24 
